0 0
0 1
0 10
0 11
0 12
0 13
0 16
0 39
0 41
0 56
0 57
0 60
0 62
0 63
0 68
0 69
0 78
0 80
0 81
0 85
0 109
1 1
1 12
1 13
1 15
1 16
1 39
1 56
1 57
1 58
1 59
1 60
1 61
1 62
1 63
1 68
1 69
1 78
1 80
1 81
1 95
1 97
1 101
1 109
2 2
2 3
2 4
2 6
2 7
2 8
2 14
2 18
2 19
2 21
2 22
2 23
2 38
2 64
2 67
2 70
2 71
2 77
2 82
2 83
2 86
2 87
2 88
2 89
2 90
2 94
2 108
3 3
3 4
3 6
3 7
3 14
3 15
3 18
3 19
3 22
3 23
3 31
3 60
3 62
3 63
3 64
3 65
3 82
3 83
3 84
3 86
3 87
3 88
3 89
4 4
4 5
4 6
4 7
4 8
4 9
4 14
4 15
4 18
4 19
4 20
4 24
4 25
4 26
4 28
4 30
4 58
4 59
4 61
4 66
4 82
4 83
4 86
4 94
4 101
5 5
5 7
5 9
5 14
5 15
5 20
5 21
5 23
5 24
5 25
5 26
5 27
5 30
5 58
5 59
5 61
5 68
5 69
5 88
5 94
5 101
5 102
5 103
6 6
6 7
6 8
6 14
6 18
6 19
6 28
6 30
6 31
6 62
6 63
6 64
6 71
6 77
6 82
6 83
6 86
7 7
7 8
7 9
7 14
7 15
7 59
7 60
7 61
7 62
7 65
7 66
7 100
7 101
7 102
7 103
8 8
8 9
8 12
8 14
8 15
8 20
8 24
8 28
8 58
8 59
8 61
8 66
8 72
8 82
8 86
9 9
9 12
9 13
9 14
9 15
9 24
9 25
9 26
9 28
9 29
9 30
9 59
9 61
9 83
9 94
9 101
9 102
10 10
10 11
10 12
10 13
10 22
10 37
10 60
10 64
10 71
10 73
10 75
10 76
10 79
10 84
10 85
10 92
10 93
10 95
10 99
10 109
11 11
11 12
11 13
11 29
11 31
11 32
11 42
11 43
11 47
11 71
11 72
11 74
11 76
11 84
11 85
12 12
12 13
12 14
12 15
12 28
12 36
12 60
12 61
12 70
12 73
12 75
12 76
13 13
13 15
13 36
13 37
13 60
13 61
13 76
13 96
13 111
14 14
14 15
14 18
14 19
14 20
14 24
14 26
14 28
14 30
14 40
14 58
14 59
14 61
14 62
14 63
14 66
14 68
14 70
14 72
14 80
14 82
14 83
14 86
14 87
14 88
14 89
14 101
15 15
15 18
15 24
15 25
15 26
15 28
15 29
15 30
15 40
15 59
15 61
15 62
15 63
15 68
15 70
15 72
15 76
15 82
15 83
15 86
15 88
15 94
15 101
16 16
16 17
16 19
16 28
16 29
16 32
16 33
16 34
16 40
16 41
16 56
16 57
16 62
16 63
16 64
16 68
16 72
16 73
16 74
16 76
16 78
16 79
16 80
16 81
16 83
16 84
16 85
16 101
16 115
17 17
17 28
17 29
17 30
17 31
17 32
17 33
17 34
17 35
17 36
17 40
17 41
17 56
17 57
17 60
17 61
17 62
17 63
17 64
17 71
17 72
17 73
17 74
17 76
17 77
17 79
17 81
18 18
18 19
18 22
18 26
18 28
18 30
18 31
18 36
18 38
18 40
18 57
18 62
18 63
18 64
18 77
18 82
18 83
18 84
18 86
18 87
18 88
18 89
18 94
19 19
19 22
19 28
19 34
19 36
19 40
19 56
19 57
19 62
19 64
19 68
19 69
19 70
19 80
19 81
19 82
19 83
19 84
19 85
19 87
19 88
19 89
20 20
20 21
20 24
20 25
20 26
20 27
20 34
20 39
20 59
20 65
20 68
20 69
20 70
20 85
20 86
20 88
20 91
20 93
20 94
20 95
20 101
20 102
20 103
20 106
20 114
21 21
21 22
21 23
21 24
21 26
21 27
21 38
21 39
21 56
21 68
21 88
21 94
22 22
22 23
22 25
22 26
22 27
22 31
22 38
22 50
22 64
22 70
22 82
22 83
22 84
22 85
22 87
22 88
22 89
22 93
23 23
23 25
23 26
23 27
23 38
23 39
23 50
23 64
23 65
23 70
23 84
23 85
23 87
23 88
23 97
23 108
23 114
24 24
24 25
24 26
24 27
24 28
24 30
24 68
24 93
24 94
24 101
24 102
24 114
24 115
25 25
25 26
25 27
25 30
25 31
25 70
25 71
25 94
25 102
25 103
25 113
26 26
26 27
26 57
26 58
26 60
26 63
26 65
26 68
26 88
26 93
26 94
26 101
26 103
27 27
27 57
27 58
27 59
27 60
27 65
27 68
27 69
27 88
27 94
27 101
27 103
27 104
28 28
28 29
28 30
28 31
28 32
28 33
28 36
28 40
28 56
28 57
28 62
28 63
28 68
28 72
28 74
28 76
28 78
28 79
28 80
28 81
28 82
28 83
28 84
28 85
28 101
29 29
29 30
29 31
29 32
29 33
29 35
29 40
29 61
29 62
29 63
29 71
29 72
29 73
29 74
29 76
29 77
29 79
29 81
29 83
30 30
30 31
30 35
30 50
30 53
30 64
30 71
30 72
30 77
30 79
30 83
30 100
31 31
31 33
31 35
31 50
31 64
31 71
31 72
31 76
31 77
31 79
31 83
31 84
31 100
32 32
32 33
32 34
32 35
32 41
32 56
32 57
32 62
32 72
32 74
32 76
32 78
32 79
32 80
32 81
32 92
32 99
32 100
32 107
32 111
33 33
33 34
33 35
33 57
33 64
33 72
33 74
33 78
33 80
33 81
33 92
33 100
33 107
34 34
34 40
34 41
34 56
34 57
34 74
34 78
34 81
34 84
34 85
34 88
34 89
34 91
34 92
34 93
34 98
34 99
34 106
34 113
35 35
35 64
35 67
35 71
35 73
35 76
35 77
35 79
35 100
35 110
36 36
36 37
36 38
36 39
36 40
36 41
36 56
36 57
36 70
36 73
36 74
36 75
36 76
36 77
36 79
36 80
36 81
36 95
36 97
36 98
36 108
36 109
36 115
37 37
37 38
37 39
37 41
37 54
37 55
37 70
37 71
37 73
37 74
37 75
37 76
37 77
37 79
37 93
37 95
37 96
37 97
37 98
37 99
37 106
37 108
37 109
37 111
37 112
37 113
37 114
37 115
38 38
38 39
38 40
38 41
38 54
38 55
38 70
38 73
38 82
38 86
38 87
38 88
38 89
38 93
38 95
38 96
38 97
38 98
38 108
38 109
38 114
38 115
39 39
39 54
39 55
39 56
39 58
39 68
39 69
39 70
39 78
39 87
39 88
39 89
39 93
39 94
39 95
39 96
39 97
39 106
39 108
39 109
39 114
39 115
40 40
40 41
40 56
40 57
40 62
40 68
40 72
40 73
40 74
40 75
40 76
40 78
40 79
40 80
40 81
40 82
40 83
40 84
40 85
40 86
40 87
40 88
40 89
41 41
41 54
41 56
41 57
41 68
41 73
41 74
41 75
41 76
41 77
41 79
41 80
41 81
41 84
41 85
41 89
41 92
41 95
41 97
41 98
41 99
41 109
42 42
42 43
42 44
42 45
42 46
42 47
42 48
42 49
42 50
42 51
42 52
42 53
42 55
42 90
42 96
42 99
42 105
42 107
42 110
42 111
42 112
42 113
43 43
43 44
43 45
43 46
43 47
43 48
43 49
43 50
43 51
43 52
43 53
43 55
43 90
43 96
43 99
43 105
43 107
43 110
43 111
43 112
43 113
44 44
44 45
44 46
44 47
44 48
44 49
44 50
44 51
44 52
44 53
44 55
44 90
44 107
44 110
45 45
45 46
45 47
45 48
45 49
45 50
45 51
45 52
45 53
45 55
45 67
45 90
45 107
45 110
46 46
46 47
46 48
46 49
46 50
46 51
46 52
46 53
46 55
46 90
46 96
46 99
46 105
46 107
46 110
46 111
46 112
46 113
47 47
47 48
47 49
47 51
47 52
47 53
47 55
47 90
47 96
47 99
47 105
47 107
47 110
47 111
47 112
47 113
48 48
48 49
48 50
48 51
48 52
48 53
48 55
48 58
48 67
48 90
48 96
48 105
48 107
48 110
48 111
48 112
49 49
49 50
49 51
49 52
49 53
49 55
49 90
49 105
49 107
49 110
49 111
49 112
50 50
50 51
50 52
50 53
50 67
50 100
50 102
50 108
51 51
51 52
51 53
51 55
51 90
51 96
51 98
51 103
51 105
51 108
51 110
51 111
51 112
51 113
51 114
52 52
52 53
52 96
52 100
52 110
52 113
53 53
53 55
53 90
53 98
53 99
53 100
53 105
53 110
53 111
53 112
53 113
54 54
54 55
54 58
54 86
54 87
54 88
54 89
54 93
54 95
54 96
54 98
54 99
54 105
54 106
54 112
54 114
54 115
55 55
55 87
55 89
55 90
55 91
55 95
55 96
55 97
55 98
55 99
55 104
55 105
55 106
55 107
55 109
55 110
55 111
55 112
55 113
55 114
55 115
56 56
56 57
56 62
56 63
56 68
56 69
56 76
56 78
56 79
56 80
56 81
56 85
56 89
56 101
56 115
57 57
57 59
57 62
57 63
57 68
57 69
57 76
57 78
57 79
57 80
57 81
57 82
57 83
57 84
57 88
57 101
58 58
58 59
58 60
58 61
58 65
58 66
58 67
58 68
58 69
58 86
58 88
58 103
58 104
59 59
59 61
59 66
59 67
59 68
59 69
59 82
59 86
59 102
59 103
60 60
60 61
60 62
60 63
60 64
60 65
60 66
60 67
60 92
61 61
61 62
61 63
61 65
61 66
61 72
61 100
61 102
62 62
62 63
62 64
62 68
62 72
62 78
62 80
62 81
62 82
62 83
62 84
62 85
62 101
63 63
63 64
63 66
63 68
63 72
63 79
63 81
63 83
63 101
63 102
64 64
64 65
64 67
64 82
64 83
64 84
64 85
65 65
65 67
65 82
65 84
65 85
65 86
65 87
65 88
65 89
65 91
65 92
65 93
65 102
65 103
65 114
66 66
66 67
66 68
66 69
66 82
66 86
67 67
67 77
68 68
68 69
68 76
68 78
68 80
68 81
68 82
68 83
68 88
68 94
68 97
68 101
68 102
69 69
69 78
69 80
69 101
69 102
69 103
70 70
70 71
70 73
70 75
70 76
70 82
70 84
70 85
70 86
70 88
70 93
70 95
70 97
70 108
70 109
71 71
71 73
71 75
71 76
71 77
71 79
71 94
71 108
72 72
72 74
72 76
72 78
72 80
72 81
72 83
73 73
73 74
73 75
73 76
73 77
73 79
73 81
73 95
73 96
73 97
73 98
73 108
73 109
74 74
74 75
74 76
74 79
74 80
74 81
74 92
74 98
74 99
75 75
75 76
75 77
75 92
75 95
75 97
75 98
75 108
75 113
76 76
76 77
76 78
76 79
76 81
77 77
77 79
77 94
77 110
78 78
78 80
78 81
78 84
78 85
78 89
78 99
78 106
78 109
78 115
79 79
79 81
79 115
80 80
80 81
80 82
80 83
80 84
80 85
80 89
80 115
81 81
81 83
81 84
81 85
81 109
81 115
82 82
82 83
82 84
82 85
82 86
82 87
82 88
82 89
83 83
83 84
83 85
83 86
83 87
83 88
84 84
84 85
84 86
84 87
84 88
84 89
84 92
84 93
85 85
85 87
85 88
85 93
85 95
85 99
85 109
86 86
86 87
86 88
86 89
87 87
87 88
87 89
87 114
87 115
88 88
88 89
88 93
88 94
89 89
89 91
89 115
90 90
90 91
90 92
90 95
90 98
90 109
90 110
90 112
91 91
91 92
91 93
91 95
91 98
91 99
91 103
91 104
91 105
91 106
91 109
91 111
91 113
91 114
92 92
92 93
92 99
92 100
92 102
92 103
92 104
92 109
92 113
93 93
93 94
93 95
93 97
93 98
93 99
93 101
93 102
93 103
93 104
93 106
93 109
93 114
94 94
94 97
94 103
94 108
94 114
94 115
95 95
95 97
95 98
95 99
95 108
95 109
95 112
95 114
96 96
96 97
96 98
96 99
96 105
96 106
96 109
96 110
96 111
96 112
96 113
97 97
97 98
97 99
97 108
97 109
97 112
97 113
97 114
98 98
98 99
98 108
98 109
98 110
98 111
98 112
98 113
99 99
99 105
99 106
99 109
99 110
99 111
99 112
99 113
99 114
100 100
100 101
100 102
100 103
100 104
101 101
101 102
101 103
102 102
102 103
102 104
103 103
103 104
103 105
103 106
103 113
103 114
104 104
104 105
104 106
104 107
104 111
104 112
104 114
105 105
105 106
105 107
105 110
105 111
105 112
105 114
105 115
106 106
106 107
106 109
106 111
106 112
106 113
106 114
106 115
107 107
107 110
107 111
107 112
107 115
108 108
108 109
109 109
109 111
109 112
109 113
109 114
110 110
110 111
110 112
111 111
111 112
112 112
112 113
112 114
113 113
113 114
114 114
114 115
115 115
