0 0
0 1
0 6
0 7
0 10
0 11
0 12
0 13
0 16
0 28
0 29
0 33
0 58
0 59
0 60
0 61
0 62
0 63
0 71
0 72
0 75
0 81
1 1
1 5
1 9
1 10
1 11
1 12
1 13
1 15
1 16
1 28
1 29
1 33
1 36
1 41
1 44
1 49
1 58
1 59
1 60
1 61
1 62
1 63
1 72
1 75
1 80
1 81
1 82
1 83
2 2
2 4
2 6
2 7
2 9
2 11
2 22
2 30
2 31
2 32
2 34
2 35
2 52
2 64
2 67
2 71
3 3
3 8
3 20
3 22
3 23
3 24
3 25
3 26
3 27
3 30
3 31
3 43
3 45
3 50
3 55
3 64
3 67
3 86
3 87
3 88
3 89
3 103
3 104
3 110
4 4
4 5
4 6
4 7
4 8
4 9
4 11
4 14
4 15
4 18
4 20
4 26
4 33
4 48
4 51
4 53
4 61
4 64
4 82
4 83
4 85
4 104
5 5
5 8
5 9
5 11
5 15
5 18
5 20
5 24
5 26
5 29
5 30
5 33
5 37
5 41
5 61
5 65
5 82
5 83
5 85
5 100
5 102
6 6
6 7
6 8
6 9
6 10
6 11
6 14
6 18
6 19
6 30
6 31
6 34
6 60
6 61
6 64
6 88
6 92
7 7
7 8
7 9
7 11
7 13
7 29
7 30
7 33
7 61
7 64
7 65
7 104
8 8
8 9
8 10
8 11
8 14
8 15
8 18
8 19
8 20
8 33
8 34
8 61
8 64
8 65
8 82
8 83
8 84
8 88
8 89
8 92
8 104
9 9
9 11
9 13
9 14
9 15
9 19
9 26
9 29
9 33
9 59
9 61
9 65
9 75
9 82
9 83
9 92
9 104
10 10
10 11
10 13
10 14
10 15
10 18
10 19
10 28
10 29
10 30
10 31
10 34
10 53
10 61
10 72
10 74
10 75
10 82
10 83
10 84
10 91
10 92
10 93
10 112
11 11
11 12
11 13
11 14
11 15
11 28
11 29
11 33
11 34
11 35
11 48
11 59
11 60
11 61
11 64
11 65
11 72
11 75
11 82
11 83
11 84
11 92
11 93
11 102
12 12
12 13
12 15
12 16
12 17
12 28
12 29
12 32
12 33
12 38
12 41
12 52
12 54
12 58
12 59
12 60
12 61
12 62
12 63
12 66
12 72
12 80
12 81
13 13
13 14
13 15
13 28
13 29
13 33
13 44
13 58
13 59
13 60
13 61
13 63
13 65
13 72
13 74
13 75
13 82
13 83
14 14
14 15
14 18
14 19
14 22
14 23
14 28
14 34
14 49
14 64
14 74
14 82
14 83
14 84
14 85
14 88
14 89
14 90
14 91
14 92
14 93
15 15
15 18
15 19
15 26
15 28
15 29
15 33
15 40
15 41
15 60
15 61
15 63
15 72
15 82
15 83
15 84
15 85
16 16
16 17
16 28
16 29
16 36
16 38
16 40
16 41
16 42
16 54
16 56
16 57
16 62
16 63
16 69
16 70
16 72
16 78
16 79
16 80
16 81
16 99
16 100
16 105
16 107
17 17
17 28
17 29
17 36
17 38
17 40
17 42
17 43
17 52
17 54
17 55
17 56
17 57
17 62
17 63
17 69
17 70
17 72
17 78
17 79
17 80
17 81
17 96
17 98
17 99
17 107
18 18
18 19
18 28
18 30
18 33
18 53
18 68
18 82
18 83
18 84
18 89
18 92
18 93
18 102
19 19
19 23
19 26
19 28
19 30
19 31
19 34
19 49
19 53
19 74
19 82
19 83
19 84
19 88
19 90
19 91
19 92
19 93
19 98
19 106
19 113
20 20
20 24
20 25
20 26
20 27
20 32
20 35
20 37
20 39
20 41
20 66
20 67
20 68
20 86
20 94
20 101
21 21
21 23
21 24
21 25
21 27
21 36
21 43
21 45
21 47
21 49
21 50
21 56
21 57
21 69
21 80
21 85
21 87
21 90
21 95
21 96
21 107
21 108
21 110
21 114
21 115
22 22
22 23
22 24
22 25
22 27
22 30
22 31
22 34
22 35
22 45
22 50
22 64
22 67
22 86
22 87
22 88
22 89
22 92
22 109
22 110
23 23
23 24
23 25
23 26
23 27
23 30
23 31
23 48
23 49
23 50
23 64
23 82
23 83
23 84
23 85
23 87
23 88
23 90
23 91
23 92
23 93
23 98
23 104
23 106
23 114
23 115
24 24
24 25
24 26
24 27
24 30
24 31
24 34
24 37
24 45
24 50
24 64
24 67
24 68
24 86
24 87
24 88
24 95
24 103
24 104
24 110
24 114
25 25
25 27
25 30
25 31
25 35
25 37
25 42
25 43
25 45
25 50
25 64
25 66
25 67
25 71
25 77
25 79
25 86
25 87
25 88
25 95
25 96
25 103
25 109
25 110
25 114
26 26
26 27
26 30
26 49
26 78
26 82
26 83
26 85
26 106
26 107
27 27
27 31
27 37
27 40
27 42
27 43
27 45
27 47
27 50
27 56
27 57
27 67
27 69
27 85
27 86
27 87
27 88
27 89
27 96
27 101
27 110
27 114
28 28
28 29
28 36
28 40
28 49
28 56
28 62
28 63
28 72
28 75
28 80
28 82
28 83
28 84
28 85
28 90
28 91
28 93
28 98
28 99
28 107
28 115
29 29
29 32
29 33
29 36
29 41
29 52
29 58
29 59
29 60
29 61
29 62
29 63
29 72
29 73
29 74
29 75
29 76
29 80
29 81
29 82
29 83
29 100
30 30
30 31
30 34
30 64
30 74
30 75
30 76
30 103
31 31
31 34
31 35
31 64
31 74
31 75
31 86
31 87
31 88
31 95
31 103
31 104
31 113
32 32
32 33
32 35
32 38
32 39
32 41
32 52
32 54
32 58
32 60
32 61
32 63
32 66
32 71
32 72
32 79
32 94
32 96
32 102
33 33
33 38
33 39
33 41
33 52
33 58
33 60
33 61
33 65
33 71
33 72
33 76
33 82
33 94
33 102
34 34
34 35
34 39
34 64
34 65
34 67
34 68
34 71
34 75
34 84
34 86
34 88
34 89
34 92
34 109
35 35
35 37
35 39
35 45
35 61
35 64
35 65
35 66
35 67
35 68
35 71
35 77
35 86
35 88
35 89
35 94
35 103
35 109
35 110
35 113
36 36
36 37
36 40
36 41
36 42
36 43
36 44
36 47
36 56
36 57
36 62
36 63
36 69
36 80
36 81
36 85
36 95
36 96
36 100
36 103
36 105
36 107
36 108
36 111
36 114
36 115
37 37
37 38
37 40
37 41
37 43
37 45
37 47
37 54
37 56
37 57
37 63
37 68
37 70
37 77
37 79
37 81
37 86
37 87
37 89
37 96
37 97
37 103
37 109
37 110
37 115
38 38
38 39
38 40
38 41
38 42
38 43
38 54
38 56
38 57
38 63
38 66
38 70
38 71
38 72
38 76
38 77
38 79
38 80
38 81
38 86
38 94
38 96
39 39
39 41
39 52
39 54
39 61
39 66
39 67
39 68
39 71
39 72
39 75
39 76
39 77
39 79
39 81
39 86
39 94
39 96
40 40
40 41
40 42
40 43
40 52
40 54
40 56
40 57
40 62
40 63
40 69
40 70
40 78
40 79
40 80
40 81
40 82
40 85
40 96
40 99
40 100
40 101
40 105
40 107
40 114
40 115
41 41
41 52
41 54
41 58
41 61
41 62
41 66
41 70
41 71
41 72
41 73
41 75
41 76
41 77
41 81
41 82
41 94
41 100
41 101
42 42
42 43
42 45
42 46
42 47
42 50
42 52
42 57
42 66
42 69
42 80
42 81
42 96
42 99
42 107
42 110
42 111
43 43
43 45
43 46
43 47
43 50
43 57
43 66
43 69
43 80
43 87
43 96
43 99
43 103
43 104
43 107
43 110
43 111
43 112
44 44
44 45
44 47
44 48
44 49
44 51
44 58
44 90
44 91
44 105
44 106
44 107
44 108
44 111
44 112
44 115
45 45
45 47
45 49
45 50
45 65
45 66
45 67
45 69
45 86
45 87
45 88
45 96
45 97
45 103
45 104
45 107
45 108
45 109
45 110
45 114
46 46
46 47
46 48
46 50
46 51
46 52
46 53
46 55
46 96
46 98
46 99
46 104
46 111
46 114
47 47
47 66
47 67
47 90
47 96
47 97
47 110
47 111
47 112
47 115
48 48
48 49
48 50
48 51
48 58
48 59
48 74
48 90
48 91
48 93
48 97
48 98
48 99
48 105
48 106
48 107
48 108
48 115
49 49
49 51
49 59
49 83
49 90
49 91
49 92
49 93
49 98
49 106
49 107
49 108
49 112
49 115
50 50
50 51
50 55
50 64
50 87
50 96
50 97
50 104
50 105
50 106
50 107
50 108
50 109
50 110
50 114
50 115
51 51
51 53
51 54
51 55
51 59
51 70
51 73
51 74
51 90
51 91
51 93
51 98
51 99
51 100
51 105
51 106
51 107
51 111
51 115
52 52
52 53
52 54
52 55
52 58
52 59
52 60
52 61
52 62
52 63
52 66
52 72
52 79
52 80
52 81
52 98
52 99
52 100
52 101
53 53
53 55
53 59
53 74
53 83
53 90
53 91
53 92
53 98
53 99
53 112
53 115
54 54
54 55
54 58
54 59
54 62
54 66
54 70
54 72
54 77
54 78
54 79
54 80
54 81
54 94
54 96
54 99
54 106
55 55
55 78
55 96
55 98
55 99
55 100
55 105
55 115
56 56
56 57
56 63
56 69
56 70
56 78
56 79
56 80
56 81
56 85
56 87
56 95
56 96
56 105
56 114
57 57
57 63
57 69
57 70
57 80
57 81
57 87
57 95
57 99
57 107
57 115
58 58
58 59
58 60
58 61
58 62
58 63
58 66
58 69
58 72
58 80
58 94
59 59
59 60
59 61
59 62
59 66
59 72
59 90
59 91
59 93
59 98
59 106
60 60
60 61
60 62
60 63
60 65
60 66
60 72
60 80
60 81
60 82
61 61
61 63
61 65
61 71
61 72
61 81
61 82
61 83
61 94
61 102
62 62
62 63
62 66
62 69
62 72
62 80
62 81
62 99
63 63
63 69
63 72
63 79
63 80
63 81
63 108
64 64
64 65
64 67
64 84
64 86
64 88
64 89
64 92
64 104
64 109
65 65
65 67
65 68
65 86
65 104
66 66
66 67
66 68
66 69
66 72
66 77
66 79
66 81
66 96
66 97
66 101
66 103
66 109
66 110
67 67
67 68
67 86
67 88
67 89
67 101
67 103
67 109
67 110
68 68
68 77
68 79
68 84
68 86
68 87
68 89
68 103
69 69
69 80
69 81
69 96
69 99
69 106
69 107
69 108
69 115
70 70
70 71
70 73
70 78
70 79
70 80
70 81
70 95
70 99
70 106
71 71
71 76
71 77
71 79
71 81
71 86
71 94
71 96
72 72
72 73
72 75
72 76
72 77
72 79
72 80
72 81
72 82
72 83
72 84
72 94
73 73
73 74
73 75
73 76
73 95
73 97
73 105
73 112
74 74
74 75
74 76
74 97
74 98
74 103
74 109
74 112
74 114
74 115
75 75
75 76
75 77
75 78
75 82
75 83
76 76
76 77
76 81
76 94
76 95
76 103
77 77
77 78
77 79
77 81
77 86
77 94
77 109
77 110
78 78
78 79
78 80
78 81
78 109
78 115
79 79
79 80
79 81
79 96
80 80
80 81
80 96
80 99
80 100
80 105
80 106
80 107
80 108
80 115
81 81
81 96
81 99
82 82
82 83
82 84
82 85
82 92
82 93
82 100
82 102
82 107
83 83
83 84
83 85
83 92
83 93
83 102
84 84
84 85
84 87
84 88
84 89
84 93
84 102
85 85
85 87
85 100
85 105
85 106
85 114
86 86
86 87
86 88
86 89
86 95
86 97
86 103
86 109
86 110
87 87
87 88
87 89
87 104
87 114
88 88
88 89
88 92
88 110
88 113
89 89
89 102
89 109
89 110
89 113
90 90
90 91
90 92
90 93
90 98
90 99
90 106
90 107
90 108
90 115
91 91
91 92
91 93
91 98
91 99
91 106
91 107
91 115
92 92
92 93
92 106
93 93
93 98
93 106
93 107
93 115
94 94
94 113
95 95
95 97
95 103
95 108
95 109
95 110
95 114
96 96
96 105
96 107
96 110
96 111
97 97
97 105
97 108
97 109
97 110
97 114
98 98
98 99
98 106
98 107
98 111
98 112
98 115
99 99
99 106
99 107
99 112
99 115
100 100
100 101
100 102
100 106
100 111
101 101
101 102
101 106
101 112
102 102
102 112
103 103
103 104
103 108
103 109
103 110
103 112
103 113
103 114
103 115
104 104
104 114
105 105
105 107
105 108
105 109
105 111
105 114
105 115
106 106
106 107
106 111
106 115
107 107
107 108
107 115
108 108
108 109
108 114
109 109
109 110
109 114
110 110
111 111
111 112
111 114
112 112
112 115
113 113
114 114
114 115
115 115
