0 0
0 1
0 2
0 6
0 7
0 8
0 10
0 11
0 12
0 13
0 14
0 15
0 16
0 18
0 28
0 29
0 56
0 58
0 60
0 61
0 62
0 63
0 70
0 72
0 74
0 75
0 76
1 1
1 16
1 17
1 18
1 19
1 28
1 29
1 32
1 33
1 36
1 38
1 41
1 56
1 57
1 58
1 59
1 60
1 61
1 62
1 63
1 68
1 72
1 73
1 74
1 79
1 80
1 81
2 2
2 3
2 4
2 5
2 6
2 7
2 8
2 9
2 10
2 12
2 14
2 18
2 19
2 30
2 60
2 64
2 65
2 70
2 75
2 91
3 3
3 4
3 5
3 7
3 9
3 14
3 15
3 19
3 22
3 23
3 25
3 30
3 31
3 64
3 65
3 67
3 85
3 92
4 4
4 5
4 6
4 7
4 8
4 9
4 10
4 11
4 13
4 14
4 15
4 19
4 20
4 23
4 26
4 30
4 33
4 35
4 60
4 61
4 64
4 65
4 67
4 69
4 70
4 75
4 90
4 91
4 92
4 100
5 5
5 7
5 8
5 9
5 19
5 20
5 21
5 22
5 23
5 25
5 26
5 27
5 30
5 31
5 35
5 65
5 67
5 69
5 70
5 87
5 88
5 92
5 93
6 6
6 7
6 8
6 9
6 10
6 11
6 12
6 13
6 14
6 15
6 60
6 61
6 64
6 65
6 70
6 75
6 77
6 90
6 91
6 93
7 7
7 8
7 9
7 10
7 11
7 12
7 13
7 15
7 23
7 29
7 30
7 31
7 33
7 35
7 60
7 61
7 64
7 65
7 72
7 73
7 92
7 93
7 100
8 8
8 9
8 10
8 11
8 12
8 13
8 14
8 15
8 26
8 58
8 60
8 61
8 64
8 65
8 88
8 90
8 91
9 9
9 10
9 11
9 12
9 13
9 14
9 15
9 20
9 23
9 25
9 26
9 35
9 60
9 61
9 64
9 65
9 75
9 84
9 85
9 88
9 90
9 92
9 100
10 10
10 11
10 12
10 13
10 14
10 15
10 23
10 28
10 29
10 54
10 58
10 60
10 61
10 62
10 64
10 65
10 72
10 73
10 74
10 75
10 82
10 84
10 88
10 90
10 91
10 93
11 11
11 12
11 13
11 14
11 15
11 16
11 17
11 28
11 29
11 36
11 40
11 52
11 54
11 60
11 61
11 62
11 63
11 65
11 72
11 73
11 74
11 84
11 85
11 89
11 90
11 100
12 12
12 13
12 14
12 15
12 23
12 28
12 29
12 58
12 60
12 61
12 72
12 74
12 75
12 82
12 88
12 90
12 91
13 13
13 15
13 28
13 29
13 52
13 54
13 58
13 60
13 61
13 62
13 63
13 65
13 72
13 89
13 90
14 14
14 15
14 18
14 22
14 23
14 26
14 27
14 28
14 30
14 60
14 64
14 82
14 84
14 85
14 88
14 91
15 15
15 20
15 23
15 26
15 54
15 60
15 61
15 62
15 83
15 85
15 88
15 89
15 90
16 16
16 17
16 18
16 28
16 29
16 32
16 36
16 38
16 40
16 41
16 52
16 56
16 57
16 58
16 60
16 61
16 62
16 63
16 68
16 72
16 73
16 74
16 78
16 79
16 80
16 81
17 17
17 28
17 29
17 32
17 36
17 38
17 40
17 41
17 57
17 62
17 63
17 72
17 78
17 79
17 80
17 81
17 83
18 18
18 19
18 28
18 30
18 32
18 33
18 56
18 57
18 66
18 68
18 69
18 70
18 71
18 73
18 74
18 76
18 77
18 78
18 80
18 83
19 19
19 20
19 21
19 25
19 28
19 29
19 30
19 31
19 32
19 33
19 41
19 56
19 57
19 66
19 67
19 68
19 69
19 70
19 71
19 73
19 74
19 75
19 76
19 77
19 78
19 79
19 80
19 81
19 83
20 20
20 21
20 25
20 30
20 31
20 33
20 34
20 35
20 41
20 64
20 67
20 69
20 71
20 77
20 83
20 95
20 109
20 110
21 21
21 23
21 25
21 27
21 30
21 31
21 33
21 34
21 36
21 67
21 68
21 69
21 71
21 78
21 79
21 81
21 83
21 110
21 113
22 22
22 23
22 24
22 25
22 26
22 27
22 42
22 43
22 45
22 47
22 49
22 53
22 55
22 82
22 83
22 84
22 86
22 87
22 88
22 91
22 93
23 23
23 24
23 25
23 26
23 27
23 30
23 31
23 34
23 35
23 82
23 86
23 87
23 88
23 91
23 92
23 93
24 24
24 25
24 27
24 30
24 31
24 34
24 45
24 77
24 86
25 25
25 26
25 27
25 30
25 31
25 33
25 34
25 35
25 65
25 67
25 69
25 71
25 78
25 86
25 87
25 92
25 93
26 26
26 27
26 69
26 86
26 87
26 88
26 91
27 27
27 31
27 45
27 47
27 69
27 83
27 86
27 87
27 88
28 28
28 29
28 30
28 32
28 33
28 36
28 38
28 40
28 41
28 62
28 63
28 71
28 72
28 73
28 74
28 75
28 76
28 78
28 79
28 80
28 81
28 82
28 83
29 29
29 30
29 31
29 32
29 33
29 36
29 40
29 41
29 63
29 70
29 72
29 73
29 74
29 75
29 76
29 77
29 78
29 79
29 80
29 81
29 82
29 83
30 30
30 31
30 32
30 33
30 34
30 35
30 40
30 64
30 65
30 67
30 69
30 70
30 71
30 73
30 74
30 75
30 76
30 77
30 78
30 82
30 83
30 84
30 92
31 31
31 33
31 34
31 35
31 36
31 40
31 64
31 65
31 67
31 69
31 70
31 71
31 73
31 74
31 75
31 76
31 77
31 78
31 79
31 82
31 83
31 92
31 93
32 32
32 33
32 36
32 41
32 44
32 56
32 57
32 66
32 68
32 69
32 72
32 78
32 79
32 80
32 81
33 33
33 35
33 36
33 40
33 41
33 56
33 57
33 66
33 67
33 68
33 69
33 70
33 71
33 72
33 73
33 74
33 75
33 76
33 77
33 78
33 79
33 80
33 81
34 34
34 35
34 45
34 65
34 67
34 77
34 92
34 93
34 94
34 95
34 104
34 108
34 109
34 110
34 113
34 115
35 35
35 65
35 66
35 67
35 77
35 91
35 92
35 93
35 95
35 108
35 110
36 36
36 37
36 38
36 40
36 41
36 63
36 71
36 72
36 73
36 74
36 76
36 78
36 79
36 80
36 81
36 83
36 101
36 109
36 113
37 37
37 38
37 39
37 41
37 52
37 53
37 54
37 86
37 87
37 89
37 95
37 96
37 98
37 99
37 101
37 102
37 103
37 104
37 108
37 109
37 112
37 113
38 38
38 39
38 41
38 54
38 55
38 86
38 87
39 39
39 40
39 48
39 50
39 51
39 52
39 61
39 65
39 87
39 89
39 94
39 95
39 96
39 97
39 99
39 103
39 104
39 105
39 107
39 115
40 40
40 41
40 63
40 64
40 70
40 72
40 73
40 74
40 75
40 76
40 77
40 79
40 80
40 81
40 82
40 83
40 105
40 114
41 41
41 68
41 71
41 72
41 73
41 74
41 76
41 80
41 81
41 83
41 109
41 112
41 113
42 42
42 43
42 44
42 45
42 46
42 47
42 49
42 55
42 56
42 57
42 66
42 78
42 79
42 96
42 98
43 43
43 44
43 45
43 46
43 47
43 49
43 55
43 56
43 57
43 66
43 78
43 79
43 96
44 44
44 45
44 46
44 47
44 48
44 49
44 51
44 53
44 55
44 56
44 57
44 59
44 66
44 96
45 45
45 46
45 47
45 49
45 55
45 57
45 66
45 67
45 69
45 96
45 110
46 46
46 47
46 49
46 53
46 55
46 57
46 79
46 96
46 98
46 113
47 47
47 49
47 55
47 56
47 57
47 59
47 96
47 110
47 113
48 48
48 49
48 50
48 51
48 52
48 53
48 54
48 55
48 89
48 90
48 94
48 98
48 99
49 49
49 50
49 51
49 53
49 55
49 56
49 57
49 59
49 86
49 96
49 98
49 99
50 50
50 51
50 52
50 53
50 54
50 55
50 63
50 84
50 85
50 87
50 88
50 89
50 90
50 98
50 99
50 102
51 51
51 52
51 53
51 54
51 55
51 63
51 85
51 87
51 89
51 98
51 99
51 102
52 52
52 53
52 54
52 58
52 59
52 60
52 61
52 62
52 63
52 89
52 90
52 91
52 98
52 99
52 102
52 103
53 53
53 54
53 55
53 58
53 59
53 63
53 86
53 87
53 89
53 90
53 98
53 99
53 106
54 54
54 55
54 58
54 59
54 61
54 62
54 63
54 86
54 87
54 89
54 90
54 91
54 98
54 99
54 101
54 102
54 103
55 55
55 59
55 86
55 87
55 89
55 96
55 97
55 98
55 99
55 113
56 56
56 57
56 58
56 59
56 66
56 68
56 69
56 78
56 79
56 80
56 81
57 57
57 59
57 66
57 68
57 69
57 78
57 79
57 80
57 81
58 58
58 59
58 60
58 61
58 62
58 63
59 59
59 60
59 61
59 62
59 63
59 66
60 60
60 61
60 62
60 63
60 64
60 65
60 72
60 89
61 61
61 62
61 63
61 65
61 72
61 89
61 90
61 100
62 62
62 63
62 72
62 80
62 89
63 63
63 72
63 80
63 81
63 89
64 64
64 65
64 75
64 76
64 77
64 82
64 84
64 85
64 88
65 65
65 67
65 77
65 84
65 85
65 88
65 92
65 100
66 66
66 67
66 68
66 69
66 78
66 79
66 80
66 81
67 67
67 68
67 69
68 68
68 69
68 78
68 79
68 80
68 81
68 83
69 69
69 71
69 78
69 79
69 83
70 70
70 71
70 72
70 73
70 74
70 75
70 76
70 77
71 71
71 73
71 74
71 75
71 76
71 77
71 83
71 91
71 107
72 72
72 73
72 74
72 75
72 76
72 77
72 78
72 79
72 80
72 81
72 82
73 73
73 74
73 75
73 76
73 77
73 80
73 100
73 111
73 112
74 74
74 75
74 76
74 77
74 80
74 82
74 112
75 75
75 76
75 77
75 82
75 90
75 91
75 92
75 93
75 100
75 101
75 103
75 107
75 112
75 115
76 76
76 77
76 82
76 83
76 94
76 97
76 105
76 107
76 110
76 114
77 77
77 82
77 92
77 93
77 107
77 108
77 110
77 112
77 115
78 78
78 79
78 80
78 81
78 83
79 79
79 80
79 81
79 83
80 80
80 81
80 83
81 81
81 83
82 82
82 83
82 84
82 86
82 88
82 91
82 93
82 105
82 107
82 114
82 115
83 83
83 87
83 105
83 110
83 114
83 115
84 84
84 85
84 86
84 87
84 88
84 89
85 85
85 87
85 88
85 89
85 102
86 86
86 87
86 88
86 89
86 93
86 96
86 98
86 99
86 103
86 104
86 113
86 114
86 115
87 87
87 88
87 89
87 102
87 114
87 115
88 88
88 89
88 90
89 89
89 90
89 98
89 99
89 102
89 106
90 90
90 91
90 92
90 93
90 98
90 99
90 100
90 101
90 102
90 103
90 104
90 106
90 108
90 112
91 91
91 92
91 93
91 98
91 99
91 100
91 101
91 102
91 103
91 104
91 107
91 108
91 111
91 112
91 114
91 115
92 92
92 93
92 95
92 100
92 102
92 103
92 104
92 108
92 112
92 113
92 115
93 93
93 100
93 101
93 102
93 103
93 104
93 108
93 110
93 111
93 112
93 113
93 114
93 115
94 94
94 95
94 97
94 100
94 104
94 105
94 107
94 115
95 95
95 97
95 100
95 101
95 102
95 103
95 104
95 108
95 109
95 110
95 111
95 112
95 113
96 96
96 97
96 98
96 99
96 101
96 102
96 103
96 104
96 105
96 110
96 111
96 112
96 113
96 114
96 115
97 97
97 98
97 99
97 100
97 103
97 104
97 105
97 107
97 109
97 110
97 111
97 112
97 113
97 114
97 115
98 98
98 99
98 101
98 102
98 103
98 104
98 110
98 111
98 112
98 113
98 114
99 99
99 100
99 101
99 102
99 103
99 104
99 107
99 108
99 110
99 111
99 112
99 113
99 114
99 115
100 100
100 101
100 102
100 103
100 104
100 109
100 111
100 112
100 113
101 101
101 102
101 103
101 104
101 105
101 111
101 112
101 113
101 114
101 115
102 102
102 103
102 104
102 109
102 111
102 112
102 113
102 115
103 103
103 104
103 105
103 107
103 108
103 109
103 110
103 111
103 112
103 113
103 114
103 115
104 104
104 105
104 108
104 109
104 110
104 111
104 112
104 113
104 114
104 115
105 105
105 106
105 107
105 114
105 115
106 106
106 107
106 114
107 107
107 110
107 114
107 115
108 108
108 109
108 110
108 111
108 112
108 113
108 115
109 109
109 110
109 111
109 112
109 113
110 110
110 111
110 112
110 113
110 114
110 115
111 111
111 112
111 113
111 114
111 115
112 112
112 113
112 114
112 115
113 113
113 114
113 115
114 114
114 115
115 115
