0 0
0 1
0 2
0 4
0 8
0 10
0 14
0 16
0 18
0 19
0 20
0 28
0 32
0 48
0 56
0 57
0 68
0 75
0 82
0 86
1 1
1 3
1 13
1 14
1 15
1 16
1 17
1 19
1 28
1 29
1 32
1 33
1 40
1 49
1 51
1 53
1 56
1 57
1 58
1 59
1 61
1 62
1 63
1 68
1 69
1 72
1 73
1 74
1 75
1 78
1 80
1 81
1 83
1 111
2 2
2 4
2 6
2 8
2 9
2 10
2 11
2 14
2 18
2 22
2 23
2 25
2 30
2 31
2 34
2 35
2 48
2 50
2 60
2 64
2 65
2 77
2 82
2 84
2 86
2 88
3 3
3 6
3 7
3 17
3 18
3 19
3 22
3 23
3 29
3 30
3 31
3 62
3 72
3 74
3 82
3 83
3 84
3 85
3 87
3 88
3 111
4 4
4 6
4 8
4 10
4 12
4 14
4 20
4 21
4 24
4 26
4 30
4 44
4 48
4 58
4 60
4 70
4 71
4 82
4 86
5 5
5 20
5 21
5 24
5 25
5 26
5 27
5 30
5 31
5 39
5 70
5 71
5 73
5 108
5 115
6 6
6 7
6 8
6 9
6 10
6 12
6 13
6 14
6 15
6 18
6 19
6 20
6 22
6 28
6 29
6 30
6 31
6 62
6 63
6 64
6 72
6 82
6 83
6 90
7 7
7 9
7 12
7 13
7 15
7 31
7 61
7 62
7 63
7 65
7 90
8 8
8 9
8 10
8 12
8 14
8 20
8 24
8 35
8 44
8 48
8 60
8 65
8 70
8 71
8 82
8 86
9 9
9 11
9 12
9 13
9 15
9 45
9 60
9 61
9 64
9 65
9 89
9 92
10 10
10 11
10 12
10 14
10 18
10 22
10 23
10 28
10 34
10 35
10 42
10 44
10 47
10 48
10 50
10 60
10 64
10 65
10 77
10 82
10 84
10 86
10 88
11 11
11 15
11 22
11 23
11 34
11 45
11 50
11 60
11 64
11 65
11 77
11 84
11 85
11 87
11 88
11 89
11 92
11 96
11 110
12 12
12 13
12 14
12 15
12 16
12 20
12 24
12 28
12 29
12 32
12 33
12 48
12 52
12 58
12 60
12 61
12 62
12 63
12 71
12 72
12 80
12 81
12 90
13 13
13 15
13 16
13 17
13 28
13 29
13 32
13 33
13 49
13 51
13 52
13 58
13 59
13 60
13 61
13 62
13 63
13 65
13 72
13 73
13 80
13 81
13 90
13 92
14 14
14 15
14 20
14 24
14 28
14 29
14 30
14 60
14 62
14 63
14 70
14 72
14 80
14 81
14 82
14 83
14 86
14 93
15 15
15 16
15 17
15 19
15 28
15 29
15 61
15 62
15 63
15 65
15 80
15 82
15 83
15 90
15 92
16 16
16 17
16 28
16 29
16 32
16 33
16 36
16 49
16 52
16 56
16 57
16 58
16 60
16 61
16 62
16 63
16 72
16 74
16 78
16 80
16 81
16 111
17 17
17 19
17 28
17 29
17 30
17 32
17 33
17 36
17 40
17 49
17 56
17 57
17 62
17 63
17 72
17 73
17 74
17 78
17 80
17 81
17 83
17 111
17 114
18 18
18 19
18 22
18 23
18 28
18 64
18 68
18 69
18 76
18 77
18 82
18 86
18 91
18 101
19 19
19 23
19 28
19 29
19 33
19 62
19 63
19 68
19 69
19 72
19 74
19 76
19 77
19 78
19 80
19 81
19 82
19 83
19 86
19 90
19 91
19 101
20 20
20 21
20 24
20 26
20 30
20 44
20 48
20 51
20 58
20 66
20 70
20 71
20 75
20 101
20 108
21 21
21 24
21 25
21 26
21 27
21 30
21 32
21 39
21 51
21 57
21 66
21 70
21 71
21 75
21 105
21 108
21 115
22 22
22 23
22 25
22 26
22 30
22 31
22 34
22 41
22 50
22 64
22 77
22 82
22 83
22 84
22 85
22 86
22 87
22 88
22 89
22 94
22 104
23 23
23 25
23 26
23 27
23 31
23 34
23 41
23 64
23 77
23 82
23 83
23 84
23 85
23 86
23 87
23 88
23 89
23 103
23 104
23 106
23 107
24 24
24 25
24 26
24 27
24 30
24 31
24 43
24 67
24 71
24 108
25 25
25 26
25 27
25 30
25 31
25 34
25 35
25 38
25 39
25 43
25 45
25 50
25 54
25 55
25 64
25 67
25 71
25 85
25 86
25 87
25 88
25 89
25 96
25 108
25 110
25 115
26 26
26 27
26 30
26 31
26 34
26 35
26 38
26 39
26 43
26 45
26 50
26 55
26 67
26 70
26 71
26 87
26 88
26 89
26 103
26 107
26 108
26 115
27 27
27 30
27 31
27 34
27 35
27 38
27 39
27 43
27 45
27 50
27 54
27 55
27 67
27 70
27 71
27 85
27 87
27 88
27 89
27 96
27 107
27 108
27 110
27 115
28 28
28 29
28 33
28 49
28 57
28 62
28 63
28 72
28 73
28 76
28 78
28 80
28 81
28 82
28 83
28 86
28 90
28 93
28 111
29 29
29 30
29 32
29 33
29 36
29 37
29 40
29 49
29 53
29 56
29 57
29 62
29 63
29 72
29 73
29 74
29 75
29 78
29 80
29 81
29 83
29 93
29 101
29 111
30 30
30 31
30 75
30 83
30 108
31 31
31 64
31 83
31 85
31 87
31 88
32 32
32 33
32 37
32 49
32 51
32 52
32 53
32 56
32 57
32 58
32 59
32 61
32 62
32 63
32 66
32 68
32 69
32 72
32 74
32 78
32 79
32 80
32 81
32 98
32 101
32 111
33 33
33 49
33 56
33 57
33 58
33 59
33 61
33 62
33 63
33 68
33 69
33 72
33 73
33 75
33 78
33 79
33 80
33 81
33 101
34 34
34 35
34 38
34 42
34 43
34 44
34 45
34 47
34 48
34 50
34 54
34 55
34 60
34 64
34 65
34 67
34 77
34 84
34 88
34 89
34 94
34 96
34 97
34 103
34 104
34 106
34 109
34 110
34 113
35 35
35 42
35 43
35 44
35 45
35 48
35 50
35 54
35 60
35 64
35 65
35 67
35 71
35 77
35 88
35 89
35 96
35 103
35 110
35 113
36 36
36 37
36 38
36 39
36 40
36 41
36 53
36 54
36 56
36 57
36 62
36 63
36 72
36 73
36 74
36 76
36 78
36 79
36 80
36 81
36 83
36 98
36 105
36 108
36 109
37 37
37 39
37 41
37 53
37 56
37 57
37 58
37 59
37 62
37 63
37 72
37 73
37 74
37 79
37 80
37 81
37 83
37 85
37 91
37 92
37 93
37 99
37 101
37 102
37 105
37 112
38 38
38 39
38 40
38 41
38 42
38 43
38 46
38 54
38 55
38 57
38 69
38 71
38 74
38 76
38 79
38 86
38 87
38 88
38 94
38 96
38 97
38 108
38 110
39 39
39 40
39 43
39 46
39 55
39 71
39 74
39 105
39 107
39 108
39 109
39 114
40 40
40 56
40 57
40 63
40 69
40 72
40 73
40 74
40 75
40 78
40 80
40 81
40 97
40 108
41 41
41 76
41 77
41 79
41 85
41 87
41 88
41 89
41 104
41 106
41 109
41 110
42 42
42 43
42 44
42 45
42 46
42 47
42 48
42 50
42 55
42 60
42 65
42 67
42 86
42 96
42 97
42 109
42 110
42 113
43 43
43 44
43 45
43 46
43 47
43 48
43 50
43 51
43 54
43 55
43 65
43 66
43 67
43 77
43 96
43 97
43 109
43 110
44 44
44 45
44 46
44 47
44 48
44 49
44 50
44 55
44 60
44 66
44 67
44 71
44 94
44 96
44 103
44 109
44 110
45 45
45 46
45 47
45 48
45 50
45 51
45 55
45 60
45 64
45 65
45 66
45 67
45 89
45 94
45 96
45 97
45 109
45 110
45 113
46 46
46 47
46 48
46 50
46 51
46 54
46 55
46 65
46 67
46 77
46 92
46 95
46 96
46 97
46 98
46 99
46 102
46 105
46 109
46 110
46 112
47 47
47 48
47 55
47 67
47 69
47 77
47 89
47 91
47 95
47 96
47 97
47 110
48 48
48 50
48 51
48 52
48 55
48 58
48 60
48 64
48 65
48 66
48 67
48 92
48 96
49 49
49 51
49 53
49 57
49 58
49 59
49 61
49 62
49 63
49 72
49 73
49 78
49 80
49 81
49 93
49 101
50 50
50 51
50 54
50 55
50 60
50 64
50 65
50 66
50 67
50 88
50 89
50 96
50 98
50 99
50 113
50 114
50 115
51 51
51 52
51 53
51 55
51 58
51 59
51 61
51 63
51 65
51 66
51 67
51 92
51 96
51 98
51 99
51 105
52 52
52 53
52 58
52 59
52 60
52 61
52 62
52 63
52 66
52 72
52 80
52 90
52 91
52 98
52 99
52 111
53 53
53 56
53 57
53 58
53 59
53 62
53 63
53 72
53 78
53 80
53 81
53 90
53 98
53 99
53 102
53 111
53 112
53 115
54 54
54 55
54 67
54 84
54 87
54 88
54 89
54 94
54 96
54 97
54 98
54 99
54 105
54 108
54 109
54 115
55 55
55 65
55 66
55 67
55 89
55 95
55 96
55 97
55 98
55 99
55 109
55 110
55 115
56 56
56 57
56 62
56 63
56 68
56 69
56 72
56 73
56 74
56 78
56 79
56 80
56 81
56 83
56 98
56 99
56 105
56 108
56 111
56 112
56 114
57 57
57 58
57 59
57 62
57 63
57 68
57 69
57 72
57 73
57 74
57 78
57 79
57 80
57 81
57 83
57 98
57 105
57 111
58 58
58 59
58 60
58 61
58 62
58 63
58 66
58 72
58 78
58 81
58 93
58 98
59 59
59 61
59 62
59 63
59 66
59 72
59 81
59 91
59 93
59 98
60 60
60 61
60 64
60 65
61 61
61 62
61 63
61 65
61 66
61 80
61 81
61 92
62 62
62 63
62 72
62 73
62 78
62 80
62 81
62 83
62 90
62 93
62 101
62 111
63 63
63 72
63 73
63 78
63 80
63 81
63 83
63 111
64 64
64 65
64 77
64 82
64 84
64 85
64 86
64 87
64 88
64 89
64 94
65 65
65 67
65 88
65 89
65 92
65 96
65 97
65 109
65 110
66 66
66 67
66 96
66 98
67 67
67 89
67 96
67 97
67 98
67 109
67 110
68 68
68 69
68 76
68 78
68 79
68 80
68 81
68 99
68 112
69 69
69 76
69 77
69 78
69 79
69 80
69 81
69 97
69 110
70 70
70 71
70 73
70 75
70 103
70 107
71 71
71 73
71 103
71 104
71 106
71 107
71 108
72 72
72 73
72 74
72 78
72 79
72 80
72 81
72 83
72 101
72 111
73 73
73 74
73 75
73 80
73 81
74 74
74 78
74 80
74 81
74 105
74 108
75 75
75 76
75 110
76 76
76 77
76 83
76 84
76 85
76 87
76 95
76 110
77 77
77 86
77 88
77 90
77 91
77 95
77 96
77 97
77 104
77 106
77 110
78 78
78 79
78 80
78 81
78 83
78 98
78 111
79 79
79 80
79 81
79 99
79 101
80 80
80 81
80 83
80 111
81 81
81 83
81 101
81 111
82 82
82 83
82 84
82 86
82 87
82 88
82 104
82 106
83 83
83 84
83 85
83 87
83 90
83 111
84 84
84 85
84 86
84 87
84 88
84 89
85 85
85 87
85 88
85 89
86 86
86 87
86 88
86 93
87 87
87 88
87 89
87 95
87 104
87 106
87 107
87 109
87 110
88 88
88 89
88 94
88 96
88 97
88 104
88 106
88 107
88 110
88 113
89 89
89 95
89 96
89 97
89 103
89 104
89 106
89 107
89 109
89 110
89 115
90 90
90 91
90 92
90 93
90 102
90 104
90 106
90 111
90 112
91 91
91 92
91 93
91 99
91 102
91 106
91 107
91 112
92 92
92 93
92 98
92 99
92 102
92 105
92 112
92 114
92 115
93 93
93 99
93 101
93 102
93 105
93 112
93 115
94 94
94 96
94 97
94 104
94 106
94 109
94 110
95 95
95 96
95 97
95 106
95 110
96 96
96 97
96 98
96 99
96 109
96 110
97 97
97 100
97 106
97 109
97 110
98 98
98 99
98 102
98 105
98 111
98 112
98 114
98 115
99 99
99 102
99 105
99 111
99 112
99 113
99 114
99 115
100 100
100 106
101 101
102 102
102 105
102 112
102 113
102 114
103 103
103 104
103 105
103 106
103 107
103 109
103 113
103 114
104 104
104 106
104 107
104 109
104 113
105 105
105 106
105 107
105 108
105 112
105 114
105 115
106 106
106 107
106 109
107 107
107 109
107 113
107 114
107 115
108 108
108 111
109 109
109 110
109 113
110 110
111 111
111 112
111 115
112 112
112 113
112 114
112 115
113 113
113 114
113 115
114 114
114 115
115 115
