0 0
0 1
0 2
0 6
0 8
0 10
0 12
0 13
0 14
0 18
0 50
0 52
0 53
0 56
0 57
0 58
0 60
0 93
1 1
1 11
1 13
1 48
1 56
1 57
1 60
1 61
1 65
1 101
1 112
2 2
2 6
2 8
2 10
2 14
2 19
2 22
2 23
2 50
2 52
2 64
2 88
2 91
2 93
3 3
3 7
3 9
3 11
3 22
3 23
3 24
3 25
3 27
3 30
3 31
3 64
3 65
3 92
3 105
4 4
4 5
4 8
4 9
4 14
4 15
4 19
4 20
4 21
4 26
4 35
4 69
4 82
4 83
4 90
4 94
4 95
4 97
4 103
4 108
4 111
5 5
5 9
5 15
5 20
5 21
5 24
5 25
5 26
5 27
5 34
5 35
5 45
5 51
5 65
5 67
5 90
5 92
5 97
5 99
5 103
5 105
5 115
6 6
6 7
6 8
6 10
6 12
6 50
6 52
6 58
6 64
6 89
6 90
6 91
6 93
6 101
7 7
7 9
7 11
7 13
7 23
7 24
7 25
7 31
7 64
7 65
7 90
7 91
7 92
7 93
7 105
8 8
8 10
8 52
8 58
8 59
8 60
8 64
8 90
8 91
8 93
8 101
9 9
9 15
9 20
9 23
9 24
9 25
9 26
9 27
9 34
9 35
9 45
9 65
9 67
9 71
9 73
9 90
9 91
9 92
9 97
9 99
9 105
9 109
9 114
10 10
10 11
10 12
10 13
10 14
10 17
10 18
10 28
10 50
10 52
10 54
10 58
10 60
10 64
10 84
10 85
10 89
11 11
11 13
11 15
11 30
11 31
11 50
11 51
11 55
11 64
11 65
11 92
12 12
12 13
12 14
12 16
12 17
12 28
12 32
12 42
12 46
12 50
12 55
12 60
12 61
12 62
12 63
12 72
12 79
12 80
12 81
12 82
12 96
12 100
13 13
13 14
13 17
13 28
13 29
13 30
13 50
13 60
13 61
13 64
13 65
13 79
14 14
14 15
14 17
14 18
14 21
14 26
14 28
14 29
14 30
14 36
14 38
14 40
14 54
14 55
14 60
14 72
14 74
14 75
14 80
14 81
14 82
14 83
14 96
14 100
14 113
14 114
15 15
15 20
15 21
15 26
15 27
15 29
15 36
15 39
15 40
15 41
15 65
15 73
15 76
15 82
15 83
15 100
15 113
15 114
16 16
16 17
16 18
16 28
16 29
16 30
16 32
16 33
16 40
16 42
16 43
16 46
16 54
16 56
16 57
16 60
16 62
16 63
16 68
16 72
16 74
16 75
16 78
16 79
16 80
16 81
16 84
16 87
16 96
17 17
17 18
17 28
17 29
17 30
17 38
17 40
17 46
17 54
17 55
17 56
17 57
17 60
17 62
17 63
17 72
17 78
17 79
17 80
17 81
17 84
17 87
17 88
17 96
18 18
18 28
18 29
18 30
18 32
18 33
18 36
18 37
18 38
18 40
18 54
18 60
18 68
18 72
18 74
18 75
18 76
18 78
18 79
18 80
18 81
18 82
18 83
18 113
18 114
19 19
19 23
19 33
19 39
19 41
19 69
19 70
19 73
19 77
19 90
19 91
19 97
19 105
19 108
19 109
19 112
20 20
20 21
20 24
20 25
20 26
20 27
20 33
20 35
20 39
20 70
20 97
21 21
21 26
21 27
21 28
21 32
21 33
21 56
21 69
21 94
21 107
21 108
21 111
22 22
22 23
22 25
22 27
22 30
22 31
22 38
22 54
22 82
22 84
22 86
22 88
23 23
23 25
23 31
23 67
23 90
23 91
23 104
23 105
23 109
24 24
24 25
24 26
24 27
24 31
24 34
24 35
24 65
24 105
25 25
25 26
25 27
25 31
25 34
25 35
25 37
25 39
25 65
25 77
25 97
25 105
25 109
25 110
26 26
26 27
26 35
26 39
26 41
26 82
26 83
26 95
26 97
27 27
27 30
27 31
27 35
27 37
27 39
27 40
27 65
27 70
27 97
27 110
28 28
28 29
28 30
28 32
28 33
28 36
28 38
28 40
28 46
28 54
28 55
28 56
28 57
28 60
28 62
28 63
28 68
28 72
28 74
28 75
28 76
28 78
28 79
28 80
28 81
28 82
28 83
28 84
28 96
28 113
29 29
29 30
29 31
29 33
29 36
29 37
29 38
29 39
29 40
29 41
29 54
29 62
29 70
29 71
29 72
29 73
29 74
29 75
29 76
29 77
29 78
29 79
29 80
29 81
29 83
29 86
29 87
29 95
29 97
29 113
29 114
30 30
30 31
30 32
30 33
30 36
30 37
30 38
30 40
30 46
30 50
30 54
30 55
30 70
30 72
30 74
30 75
30 76
30 78
30 79
30 80
30 81
30 84
30 85
30 88
30 96
31 31
31 33
31 35
31 36
31 37
31 38
31 39
31 40
31 55
31 71
31 72
31 75
31 76
31 77
31 79
31 83
31 109
32 32
32 33
32 36
32 40
32 42
32 43
32 46
32 47
32 56
32 57
32 60
32 68
32 72
32 74
32 75
32 76
32 78
32 79
32 80
32 81
32 96
32 110
32 113
33 33
33 36
33 37
33 40
33 68
33 70
33 72
33 73
33 74
33 75
33 76
33 77
33 78
33 79
33 80
33 81
33 97
33 110
33 111
33 113
34 34
34 35
34 45
34 49
34 51
34 65
34 66
34 67
34 71
34 90
34 91
34 92
35 35
35 45
35 51
35 65
35 67
35 99
35 108
36 36
36 37
36 38
36 39
36 40
36 41
36 54
36 68
36 70
36 72
36 73
36 74
36 75
36 76
36 77
36 79
36 80
36 81
36 82
36 83
36 86
36 95
36 96
36 97
36 100
36 102
36 110
36 113
36 114
37 37
37 38
37 39
37 40
37 41
37 70
37 71
37 72
37 73
37 74
37 75
37 76
37 77
37 79
37 81
37 83
37 86
37 95
37 97
37 102
37 104
37 109
37 110
37 113
37 114
38 38
38 39
38 40
38 41
38 54
38 55
38 70
38 72
38 73
38 74
38 75
38 76
38 77
38 81
38 82
38 83
38 86
38 87
38 88
38 95
38 96
38 97
38 102
38 104
38 113
39 39
39 40
39 41
39 70
39 71
39 72
39 73
39 74
39 75
39 76
39 77
39 82
39 83
39 86
39 92
39 95
39 97
39 102
39 104
39 105
39 109
39 110
39 112
39 114
40 40
40 41
40 54
40 62
40 63
40 68
40 70
40 72
40 73
40 74
40 75
40 76
40 77
40 78
40 79
40 80
40 81
40 82
40 83
40 86
40 87
40 95
40 96
40 97
40 100
40 102
40 104
40 110
40 113
41 41
41 70
41 71
41 72
41 73
41 74
41 75
41 76
41 77
41 81
41 82
41 83
41 86
41 92
41 95
41 97
41 101
41 102
41 103
41 104
41 105
41 108
41 109
41 110
41 113
41 114
42 42
42 43
42 44
42 46
42 47
42 48
42 49
42 50
42 51
42 53
42 55
42 56
42 57
42 60
42 62
42 68
42 78
42 96
42 98
43 43
43 44
43 45
43 46
43 47
43 48
43 49
43 50
43 51
43 53
43 55
43 56
43 57
43 60
43 62
43 68
43 78
43 96
43 98
44 44
44 45
44 46
44 47
44 48
44 49
44 50
44 51
44 53
44 58
44 59
44 66
44 94
44 98
45 45
45 47
45 48
45 49
45 51
45 53
45 58
45 59
45 66
45 67
45 90
45 91
45 94
45 106
45 108
45 111
46 46
46 47
46 48
46 50
46 51
46 53
46 54
46 55
46 56
46 57
46 60
46 62
46 63
46 68
46 78
46 79
46 80
46 81
46 84
46 96
46 98
47 47
47 48
47 49
47 50
47 53
47 55
47 56
47 57
47 62
47 78
47 96
47 98
48 48
48 49
48 50
48 51
48 52
48 53
48 58
48 59
48 60
48 65
48 66
48 94
48 98
48 115
49 49
49 51
49 52
49 53
49 58
49 59
49 66
49 67
49 69
49 90
49 94
49 106
50 50
50 51
50 52
50 53
50 55
50 58
50 60
50 62
50 64
50 65
50 84
50 85
50 89
51 51
51 52
51 53
51 56
51 58
51 65
51 66
51 85
51 98
52 52
52 53
52 58
52 59
52 60
52 64
52 66
52 89
52 90
52 91
52 98
53 53
53 55
53 56
53 58
53 59
53 66
53 98
54 54
54 55
54 62
54 63
54 72
54 78
54 81
54 82
54 84
54 86
54 87
54 88
54 89
54 96
54 98
54 113
55 55
55 56
55 62
55 78
55 82
55 84
55 85
55 87
55 89
55 96
55 98
56 56
56 57
56 60
56 62
56 63
56 68
56 78
56 80
56 81
56 96
56 98
57 57
57 60
57 62
57 63
57 68
57 69
57 72
57 78
57 79
57 80
57 81
57 96
57 98
58 58
58 59
58 60
58 66
58 90
58 91
58 98
58 106
58 111
59 59
59 61
59 63
59 66
59 67
59 69
59 90
59 91
59 106
60 60
60 61
60 62
60 63
60 80
60 101
61 61
61 62
61 63
61 101
62 62
62 63
62 68
62 72
62 78
62 80
62 81
62 82
62 84
62 85
62 87
62 89
62 96
63 63
63 68
63 69
63 72
63 78
63 80
63 81
63 82
63 84
63 87
63 88
63 89
64 64
64 65
64 84
64 85
64 88
64 92
64 93
65 65
65 92
65 100
66 66
66 67
66 69
66 90
66 91
66 94
66 103
66 106
67 67
67 69
67 71
67 90
67 91
67 92
67 93
67 102
67 103
67 104
67 105
67 106
67 109
67 112
67 115
68 68
68 69
68 72
68 74
68 75
68 76
68 78
68 79
68 80
68 81
68 96
68 108
68 110
68 113
69 69
69 80
69 94
69 97
69 101
69 103
69 106
69 108
69 110
70 70
70 71
70 72
70 73
70 74
70 75
70 76
70 77
70 95
70 97
70 102
71 71
71 73
71 75
71 76
71 77
71 91
71 92
71 95
71 97
71 101
71 102
71 103
71 104
71 109
71 112
72 72
72 73
72 74
72 75
72 76
72 77
72 78
72 79
72 80
72 81
72 82
72 83
72 95
72 96
72 97
72 110
72 113
72 114
73 73
73 74
73 75
73 76
73 77
73 80
73 81
73 83
73 92
73 95
73 97
73 101
73 102
73 103
73 104
73 105
73 108
73 109
73 110
73 112
73 113
73 114
74 74
74 75
74 76
74 77
74 78
74 79
74 80
74 81
74 83
74 95
74 97
74 100
74 102
74 110
74 113
74 114
75 75
75 76
75 77
75 78
75 79
75 80
75 81
75 83
75 95
75 97
75 100
75 102
75 113
75 114
76 76
76 77
76 79
76 80
76 81
76 83
76 95
76 97
76 101
76 102
76 103
76 104
76 109
76 110
76 112
76 113
76 114
77 77
77 83
77 92
77 95
77 97
77 101
77 102
77 103
77 104
77 105
77 109
77 112
77 113
77 114
78 78
78 79
78 80
78 81
78 84
78 85
78 87
78 96
79 79
79 80
79 81
79 96
79 107
80 80
80 81
80 84
80 85
80 87
80 96
80 97
80 110
80 113
81 81
81 83
81 84
81 85
81 87
81 95
81 96
81 97
81 110
81 113
82 82
82 83
82 86
82 89
82 96
82 113
83 83
83 86
83 95
83 97
83 100
83 102
83 104
83 109
83 113
83 114
84 84
84 85
84 86
84 87
84 88
84 89
84 100
85 85
85 86
85 87
85 88
85 89
85 100
86 86
86 87
86 89
86 92
86 104
86 105
87 87
87 88
87 89
88 88
88 89
88 93
89 89
89 100
90 90
90 91
90 92
90 93
90 102
90 103
90 104
90 105
90 106
90 109
90 112
90 115
91 91
91 92
91 93
91 101
91 102
91 103
91 104
91 105
91 106
91 109
91 112
92 92
92 93
92 95
92 97
92 100
92 101
92 102
92 103
92 104
92 105
92 112
93 93
93 101
93 102
93 103
93 104
93 105
93 106
93 112
93 115
94 94
94 103
94 106
94 107
94 108
94 115
95 95
95 97
95 102
95 103
95 104
95 105
95 108
95 109
95 110
95 113
95 114
96 96
96 98
96 110
96 113
97 97
97 102
97 103
97 104
97 105
97 108
97 109
97 110
97 113
97 114
98 98
98 99
98 111
99 99
99 111
99 112
99 115
100 100
100 101
100 102
100 113
101 101
101 102
101 103
101 104
101 106
101 111
101 112
101 113
102 102
102 103
102 104
102 105
102 111
102 112
102 113
102 114
103 103
103 104
103 105
103 106
103 108
103 109
103 111
103 112
103 113
103 114
103 115
104 104
104 105
104 109
104 110
104 112
104 113
104 114
104 115
105 105
105 109
105 110
105 114
105 115
106 106
106 108
106 111
106 112
106 115
107 107
107 108
107 115
108 108
108 109
108 111
108 114
108 115
109 109
109 110
109 114
110 110
110 113
111 111
111 112
111 113
111 115
112 112
112 113
113 113
113 114
114 114
114 115
115 115
