0 0
0 1
0 6
0 10
0 18
0 19
0 28
0 46
0 49
0 56
0 57
0 58
0 68
0 76
0 82
0 104
1 1
1 11
1 13
1 32
1 37
1 39
1 46
1 61
1 73
1 75
1 77
1 83
2 2
2 3
2 4
2 6
2 7
2 10
2 14
2 18
2 21
2 22
2 26
2 30
2 31
2 64
2 70
2 84
2 85
2 88
2 89
2 108
2 110
2 114
3 3
3 5
3 7
3 15
3 20
3 21
3 22
3 23
3 24
3 25
3 26
3 27
3 30
3 31
3 35
3 38
3 42
3 48
3 50
3 51
3 64
3 65
3 71
3 88
3 89
3 110
4 4
4 5
4 6
4 8
4 9
4 10
4 12
4 14
4 15
4 49
4 60
4 64
4 65
4 88
4 89
4 93
5 5
5 7
5 9
5 15
5 20
5 21
5 24
5 25
5 26
5 27
5 35
5 46
5 48
5 49
5 50
5 51
5 52
5 64
5 65
5 70
5 89
5 90
5 92
6 6
6 10
6 12
6 14
6 18
6 19
6 20
6 21
6 28
6 44
6 70
6 83
6 84
6 85
6 108
7 7
7 11
7 12
7 13
7 15
7 20
7 21
7 23
7 25
7 26
7 27
7 30
7 31
7 35
7 38
7 48
7 50
7 51
7 61
7 64
7 65
7 85
7 88
7 89
7 92
8 8
8 9
8 12
8 14
8 15
8 49
8 52
8 58
8 60
8 64
8 88
8 93
9 9
9 12
9 13
9 14
9 15
9 49
9 52
9 60
9 61
9 64
9 65
10 10
10 12
10 14
10 18
10 19
10 28
10 76
10 82
10 83
10 84
10 104
10 105
10 114
11 11
11 12
11 13
11 15
11 29
11 33
11 42
11 44
11 46
11 48
11 50
11 60
11 65
11 71
11 83
12 12
12 13
12 14
12 15
12 48
12 52
12 60
12 61
12 64
12 65
12 88
13 13
13 15
13 29
13 33
13 46
13 48
13 60
13 61
13 65
13 83
14 14
14 15
14 18
14 22
14 64
14 82
14 84
14 88
14 91
14 93
14 114
15 15
15 31
15 46
15 48
15 50
15 52
15 60
15 64
15 65
15 88
15 89
15 92
16 16
16 17
16 28
16 29
16 36
16 40
16 41
16 53
16 55
16 56
16 57
16 58
16 59
16 62
16 63
16 68
16 69
16 72
16 74
16 76
16 78
16 79
16 80
16 81
16 82
16 91
16 93
16 99
16 101
16 103
17 17
17 19
17 28
17 29
17 32
17 33
17 40
17 41
17 55
17 56
17 57
17 59
17 62
17 63
17 68
17 69
17 72
17 73
17 74
17 76
17 77
17 78
17 79
17 80
17 81
17 82
17 83
17 93
17 97
17 98
17 99
17 101
17 103
17 105
17 111
18 18
18 19
18 22
18 26
18 28
18 32
18 64
18 70
18 76
18 82
18 84
19 19
19 28
19 32
19 56
19 57
19 62
19 68
19 70
19 72
19 73
19 74
19 76
19 77
19 80
19 82
19 83
19 91
19 93
19 97
19 98
19 99
19 101
19 103
19 104
19 105
19 109
19 111
19 113
19 114
20 20
20 21
20 25
20 26
20 27
20 35
20 38
20 50
20 51
20 54
20 65
20 70
20 87
20 89
21 21
21 22
21 23
21 25
21 26
21 27
21 30
21 31
21 35
21 38
21 42
21 44
21 45
21 65
21 70
21 71
21 85
21 108
21 110
22 22
22 23
22 24
22 25
22 27
22 30
22 31
22 38
22 50
22 64
22 78
22 82
22 84
22 88
22 108
22 110
23 23
23 24
23 25
23 26
23 27
23 30
23 31
23 35
23 38
23 50
23 64
23 84
23 85
23 87
23 88
23 110
24 24
24 25
24 27
24 30
24 31
24 35
24 38
24 39
24 48
24 50
24 71
24 92
24 110
25 25
25 26
25 27
25 30
25 31
25 35
25 37
25 38
25 39
25 40
25 42
25 48
25 50
25 51
25 56
25 65
25 71
25 74
25 78
25 86
25 87
25 110
26 26
26 27
26 31
26 35
26 38
26 50
26 54
26 64
26 65
26 70
26 86
26 87
26 89
26 92
26 100
27 27
27 30
27 31
27 35
27 38
27 39
27 48
27 50
27 51
27 64
27 71
27 85
27 86
27 87
27 88
27 110
28 28
28 29
28 30
28 32
28 33
28 36
28 40
28 41
28 56
28 62
28 68
28 71
28 72
28 73
28 74
28 75
28 76
28 77
28 78
28 79
28 80
28 81
28 82
28 83
29 29
29 30
29 32
29 33
29 36
29 37
29 39
29 40
29 41
29 44
29 56
29 60
29 62
29 63
29 72
29 73
29 74
29 75
29 76
29 77
29 78
29 79
29 80
29 81
29 83
30 30
30 31
30 33
30 35
30 36
30 37
30 40
30 42
30 70
30 71
30 72
30 73
30 74
30 75
30 78
30 83
30 85
30 108
30 110
31 31
31 35
31 36
31 42
31 70
31 71
31 75
31 78
31 84
31 85
31 108
31 110
32 32
32 33
32 41
32 55
32 62
32 63
32 68
32 72
32 73
32 74
32 75
32 76
32 77
32 78
32 79
32 80
32 81
32 83
32 86
32 94
32 96
32 97
32 103
32 106
32 107
32 109
32 115
33 33
33 40
33 41
33 72
33 73
33 74
33 75
33 76
33 77
33 78
33 79
33 80
33 81
33 83
33 86
34 34
34 35
34 39
34 44
34 45
34 66
34 67
34 71
34 85
34 95
34 109
35 35
35 37
35 38
35 39
35 44
35 45
35 48
35 50
35 64
35 65
35 67
35 85
35 86
35 87
35 89
35 110
36 36
36 37
36 40
36 41
36 56
36 70
36 71
36 72
36 73
36 74
36 75
36 76
36 78
36 81
36 83
36 85
37 37
37 39
37 40
37 41
37 42
37 43
37 56
37 59
37 66
37 67
37 70
37 71
37 72
37 73
37 74
37 75
37 76
37 77
37 79
37 86
37 87
37 109
38 38
38 50
38 54
38 55
38 65
38 78
38 86
38 87
38 88
38 89
38 94
38 95
38 96
38 106
38 108
38 110
39 39
39 41
39 55
39 56
39 59
39 73
39 77
39 78
39 79
39 86
39 87
39 96
39 97
39 98
39 109
40 40
40 41
40 43
40 56
40 58
40 63
40 68
40 72
40 73
40 74
40 75
40 76
40 77
40 78
40 79
40 80
40 81
40 83
40 86
41 41
41 43
41 47
41 55
41 56
41 57
41 58
41 59
41 62
41 63
41 68
41 69
41 72
41 73
41 74
41 75
41 76
41 77
41 78
41 79
41 80
41 81
41 86
41 87
41 97
41 109
42 42
42 43
42 44
42 45
42 46
42 47
42 48
42 50
42 65
42 71
42 110
43 43
43 45
43 47
43 48
43 49
43 51
43 56
43 58
43 65
43 75
44 44
44 45
44 67
44 71
44 83
44 100
44 112
45 45
45 61
45 65
45 67
45 108
45 110
46 46
46 49
46 50
46 52
46 53
46 55
46 71
47 47
47 49
47 51
47 53
47 55
47 56
47 57
47 58
47 74
47 78
47 110
48 48
48 50
48 51
48 52
48 54
48 60
48 61
48 65
48 67
48 88
48 92
48 100
49 49
49 51
49 53
49 58
50 50
50 51
50 52
50 53
50 54
50 64
50 65
50 88
50 92
50 100
51 51
51 52
51 53
51 56
51 58
51 65
51 89
51 90
52 52
52 53
52 59
52 60
52 92
53 53
53 54
53 55
53 56
53 57
53 58
53 63
53 69
53 80
53 89
53 90
53 98
53 99
54 54
54 55
54 73
54 86
54 87
54 89
54 90
54 94
54 96
54 97
54 98
54 100
54 102
54 106
54 115
55 55
55 56
55 57
55 58
55 59
55 62
55 63
55 68
55 69
55 73
55 74
55 76
55 77
55 79
55 80
55 86
55 87
55 89
55 94
55 95
55 96
55 97
55 98
55 101
55 106
55 107
56 56
56 57
56 58
56 59
56 62
56 63
56 68
56 69
56 72
56 73
56 74
56 76
56 77
56 78
56 79
56 80
56 81
56 86
56 97
57 57
57 58
57 59
57 62
57 63
57 68
57 69
57 74
57 76
57 77
57 78
57 79
57 80
57 81
57 82
57 91
57 93
57 96
57 97
57 98
57 99
57 101
57 103
57 104
57 105
57 111
58 58
58 59
58 60
58 61
58 63
58 66
58 68
58 69
58 89
58 113
59 59
59 60
59 61
59 62
59 63
59 66
59 67
59 68
59 69
59 77
59 79
59 80
59 81
59 97
59 98
59 99
59 103
59 104
59 105
59 109
59 111
59 113
59 115
60 60
60 61
60 63
60 65
60 66
60 88
60 89
60 92
61 61
61 65
61 67
61 69
61 88
61 89
61 112
61 113
62 62
62 63
62 68
62 69
62 72
62 73
62 74
62 76
62 77
62 79
62 80
62 81
62 83
62 97
62 98
62 99
62 101
62 103
62 104
62 105
62 111
63 63
63 66
63 68
63 69
63 72
63 76
63 77
63 78
63 79
63 80
63 81
63 83
63 93
63 97
63 98
63 99
63 101
63 103
63 104
63 105
63 111
64 64
64 65
64 84
64 85
64 88
64 90
64 92
64 100
64 108
65 65
65 88
65 89
66 66
66 67
66 68
66 69
66 92
67 67
67 69
67 100
67 112
68 68
68 69
68 72
68 73
68 74
68 76
68 77
68 78
68 79
68 80
68 81
68 82
68 83
68 93
68 97
68 98
68 99
68 101
68 103
68 104
68 111
69 69
69 80
69 91
69 99
70 70
70 71
70 73
70 74
70 75
70 113
71 71
71 72
71 73
71 74
71 75
72 72
72 73
72 74
72 75
72 76
72 77
72 78
72 79
72 80
72 81
72 83
72 86
73 73
73 74
73 75
73 76
73 77
73 78
73 79
73 80
73 86
73 87
73 96
74 74
74 75
74 76
74 77
74 78
74 79
74 80
74 81
74 86
74 109
75 75
75 76
75 77
75 86
75 87
76 76
76 77
76 78
76 79
76 80
76 82
76 86
76 87
76 109
77 77
77 78
77 79
77 80
77 82
77 83
77 86
77 87
77 96
77 97
77 109
78 78
78 79
78 80
78 81
78 82
78 86
78 87
78 96
78 97
78 108
78 109
78 110
79 79
79 80
79 81
79 86
79 96
79 97
80 80
80 81
80 82
80 83
80 86
80 96
80 97
81 81
81 83
81 111
82 82
82 83
82 84
82 91
82 93
82 96
82 99
82 101
82 106
82 108
82 110
82 111
82 114
83 83
83 97
83 111
83 113
84 84
84 85
84 88
84 91
84 94
84 107
84 108
84 110
84 114
85 85
85 88
85 108
85 110
86 86
86 87
86 89
86 94
86 95
86 96
86 97
86 106
86 109
87 87
87 89
87 94
87 95
87 96
87 97
87 106
87 107
87 108
87 109
87 110
88 88
88 89
88 90
89 89
90 90
90 91
90 92
90 94
90 98
90 99
90 100
90 102
90 104
90 106
90 111
90 112
90 114
90 115
91 91
91 93
91 97
91 99
91 101
91 103
91 105
91 106
91 107
91 108
91 111
91 112
91 114
92 92
92 99
92 100
92 102
92 104
92 105
92 112
92 113
93 93
93 95
93 97
93 99
93 101
93 103
93 104
93 105
93 106
93 107
93 111
93 112
93 114
94 94
94 95
94 96
94 97
94 98
94 99
94 100
94 101
94 102
94 103
94 104
94 105
94 106
94 107
94 108
94 109
94 110
94 111
94 114
94 115
95 95
95 96
95 97
95 98
95 99
95 101
95 102
95 103
95 105
95 106
95 107
95 108
95 109
95 110
95 114
95 115
96 96
96 97
96 98
96 99
96 100
96 101
96 102
96 103
96 104
96 106
96 107
96 109
96 110
96 111
96 114
96 115
97 97
97 98
97 99
97 101
97 103
97 106
97 107
97 109
97 111
97 115
98 98
98 99
98 100
98 101
98 102
98 103
98 104
98 105
98 106
98 107
98 111
98 112
98 113
98 114
98 115
99 99
99 100
99 101
99 102
99 103
99 104
99 105
99 107
99 111
99 112
99 113
99 114
99 115
100 100
100 102
100 103
100 104
100 105
100 112
100 114
100 115
101 101
101 102
101 103
101 104
101 105
101 106
101 107
101 111
101 114
101 115
102 102
102 103
102 104
102 105
102 106
102 107
102 111
102 112
102 113
102 114
102 115
103 103
103 104
103 105
103 106
103 107
103 111
103 112
103 113
103 114
103 115
104 104
104 105
104 106
104 107
104 111
104 112
104 113
104 114
104 115
105 105
105 106
105 107
105 111
105 112
105 113
105 114
105 115
106 106
106 107
106 108
106 110
106 111
106 114
106 115
107 107
107 108
107 111
107 114
107 115
108 108
108 110
108 114
109 109
109 113
109 114
110 110
110 111
110 114
111 111
111 112
111 114
111 115
112 112
112 113
112 114
112 115
113 113
113 114
114 114
114 115
115 115
