0 0
0 1
0 10
0 14
0 16
0 17
0 19
0 32
0 33
0 50
0 56
0 57
0 61
0 68
0 69
0 78
0 84
0 89
0 113
0 114
1 1
1 3
1 10
1 14
1 16
1 17
1 18
1 19
1 32
1 33
1 56
1 57
1 61
1 68
1 69
1 73
1 84
1 113
2 2
2 4
2 6
2 7
2 8
2 9
2 12
2 22
2 23
2 24
2 25
2 30
2 31
2 35
2 45
2 48
2 60
2 64
2 65
2 66
2 88
2 91
2 92
2 93
2 94
2 100
2 101
2 103
3 3
3 7
3 10
3 11
3 19
3 22
3 23
3 24
3 25
3 31
3 34
3 35
3 64
3 65
3 83
3 87
3 88
3 92
3 100
4 4
4 5
4 6
4 8
4 9
4 12
4 14
4 15
4 20
4 21
4 24
4 25
4 26
4 27
4 48
4 50
4 58
4 59
4 60
4 67
4 71
4 73
4 75
4 77
4 90
4 103
5 5
5 6
5 7
5 8
5 9
5 15
5 20
5 21
5 24
5 25
5 26
5 27
5 48
5 49
5 50
5 51
5 52
5 58
5 59
5 67
5 68
5 71
5 73
5 90
6 6
6 7
6 8
6 9
6 12
6 13
6 22
6 24
6 25
6 26
6 27
6 35
6 45
6 48
6 60
6 64
6 65
6 66
6 75
6 88
6 90
6 91
6 92
6 93
6 100
6 101
6 102
6 103
7 7
7 9
7 11
7 13
7 15
7 23
7 24
7 25
7 27
7 30
7 31
7 35
7 45
7 64
7 65
7 66
7 67
7 88
7 92
7 93
7 95
7 100
8 8
8 9
8 10
8 14
8 15
8 25
8 26
8 27
8 48
8 50
8 58
8 59
8 60
8 61
8 63
8 64
8 65
8 75
8 92
8 93
8 103
9 9
9 11
9 13
9 14
9 15
9 21
9 24
9 25
9 26
9 27
9 45
9 48
9 49
9 58
9 59
9 65
9 66
9 67
9 92
10 10
10 11
10 12
10 14
10 22
10 23
10 31
10 34
10 35
10 63
10 64
10 65
10 84
10 86
10 88
10 92
10 93
10 110
11 11
11 12
11 13
11 14
11 15
11 23
11 31
11 35
11 63
11 64
11 65
11 67
11 75
11 84
11 88
11 92
11 93
11 100
12 12
12 13
12 14
12 28
12 40
12 48
12 60
12 75
13 13
13 14
13 15
13 28
13 33
13 40
13 49
13 61
13 63
13 64
13 65
13 75
14 14
14 15
14 17
14 19
14 60
14 61
14 63
14 64
14 75
14 82
14 84
15 15
15 25
15 26
15 27
15 48
15 58
15 59
15 61
15 63
15 65
15 67
15 73
15 75
15 90
15 106
16 16
16 17
16 19
16 28
16 32
16 33
16 56
16 57
16 61
16 63
16 68
16 69
16 72
16 78
16 79
16 80
16 81
16 114
17 17
17 18
17 19
17 28
17 29
17 32
17 33
17 37
17 40
17 61
17 63
17 72
17 74
17 76
17 79
17 80
17 81
17 82
17 83
17 84
17 85
17 104
17 105
17 106
17 113
17 114
18 18
18 19
18 29
18 30
18 33
18 36
18 37
18 38
18 39
18 41
18 68
18 71
18 72
18 82
18 83
18 112
19 19
19 29
19 32
19 33
19 37
19 41
19 56
19 57
19 61
19 68
19 69
19 73
19 74
19 76
19 82
19 83
19 84
19 111
20 20
20 21
20 25
20 26
20 27
20 41
20 49
20 70
20 71
20 73
20 75
20 77
20 115
21 21
21 24
21 25
21 26
21 27
21 35
21 39
21 45
21 55
21 59
21 65
21 66
21 67
21 71
21 77
21 89
21 95
21 109
22 22
22 23
22 24
22 25
22 31
22 34
22 35
22 39
22 50
22 64
22 67
22 86
22 88
22 89
22 93
22 109
22 110
23 23
23 24
23 25
23 30
23 31
23 34
23 35
23 50
23 64
23 65
23 84
23 88
23 92
23 93
23 100
24 24
24 25
24 26
24 27
24 30
24 31
24 35
24 50
24 64
24 65
24 67
24 88
25 25
25 26
25 27
25 43
25 45
25 48
25 50
25 65
25 67
25 73
25 88
26 26
26 27
26 48
26 50
26 51
26 52
26 58
26 59
26 67
26 68
26 71
26 73
26 90
27 27
27 48
27 50
27 51
27 52
27 58
27 59
27 67
27 68
27 71
27 73
27 89
27 90
28 28
28 29
28 30
28 33
28 36
28 40
28 41
28 54
28 62
28 63
28 72
28 74
28 75
28 76
28 78
28 80
28 81
28 82
28 83
28 84
28 102
29 29
29 30
29 31
29 33
29 36
29 37
29 38
29 39
29 40
29 41
29 62
29 70
29 72
29 73
29 74
29 76
29 79
29 80
29 81
29 82
29 83
29 95
29 100
29 102
29 111
29 112
29 113
29 115
30 30
30 31
30 36
30 37
30 38
30 39
30 40
30 62
30 72
30 76
30 82
30 83
30 87
30 93
30 94
30 95
30 100
30 101
30 102
30 108
30 111
30 112
30 115
31 31
31 33
31 34
31 35
31 37
31 38
31 39
31 47
31 64
31 65
31 83
31 86
31 87
31 88
31 92
31 93
31 94
31 95
31 97
31 100
31 101
31 109
31 110
31 112
32 32
32 33
32 43
32 56
32 57
32 79
32 80
32 81
32 87
32 94
32 96
32 113
32 114
33 33
33 36
33 37
33 40
33 41
33 62
33 63
33 72
33 74
33 76
33 78
33 79
33 80
33 81
33 82
33 83
33 87
33 113
34 34
34 35
34 45
34 64
34 65
34 66
34 67
34 71
34 77
34 88
34 89
34 92
34 93
34 100
34 110
35 35
35 39
35 45
35 64
35 65
35 66
35 67
35 77
35 88
35 93
35 94
35 95
35 97
35 109
35 110
36 36
36 37
36 38
36 40
36 41
36 42
36 54
36 62
36 63
36 72
36 74
36 75
36 76
36 77
36 78
36 79
36 80
36 81
36 82
36 83
36 99
36 101
36 102
36 108
36 111
36 112
36 115
37 37
37 38
37 39
37 40
37 41
37 55
37 62
37 71
37 72
37 73
37 74
37 76
37 77
37 79
37 80
37 81
37 83
37 95
37 97
37 108
37 109
37 110
37 112
38 38
38 39
38 40
38 41
38 54
38 55
38 62
38 66
38 72
38 79
38 80
38 81
38 83
38 86
38 87
38 93
38 94
38 108
38 112
39 39
39 41
39 46
39 47
39 55
39 77
39 86
39 89
39 93
39 94
39 95
39 96
39 97
39 109
39 110
39 112
40 40
40 41
40 52
40 54
40 62
40 63
40 72
40 73
40 74
40 76
40 78
40 79
40 80
40 81
40 82
40 83
40 84
40 95
40 108
40 113
40 114
40 115
41 41
41 62
41 71
41 72
41 73
41 74
41 80
41 81
41 82
41 83
41 86
42 42
42 43
42 44
42 45
42 46
42 47
42 49
42 50
42 51
42 52
42 53
42 55
42 56
42 57
42 76
42 78
42 81
42 86
42 96
42 98
42 99
42 107
42 111
43 43
43 44
43 45
43 46
43 47
43 48
43 49
43 50
43 51
43 53
43 54
43 55
43 56
43 57
43 67
43 78
43 94
43 96
43 97
43 98
43 99
43 110
43 111
44 44
44 45
44 46
44 48
44 49
44 51
44 52
44 53
44 58
44 59
44 60
44 62
44 66
44 90
44 91
44 98
44 99
45 45
45 47
45 48
45 49
45 51
45 58
45 59
45 60
45 65
45 66
45 67
45 95
46 46
46 47
46 51
46 53
46 54
46 55
46 57
46 89
46 94
46 96
46 97
46 98
46 99
46 109
46 110
47 47
47 53
47 55
47 75
47 94
47 95
47 96
47 97
47 98
47 99
47 109
47 110
47 111
48 48
48 49
48 50
48 51
48 52
48 53
48 58
48 59
48 60
48 66
48 67
48 90
48 98
48 103
49 49
49 51
49 52
49 53
49 57
49 58
49 59
49 60
49 61
49 62
49 66
49 90
49 91
49 98
49 99
49 111
50 50
50 51
50 58
50 67
50 85
50 88
50 89
50 94
50 96
50 107
51 51
51 52
51 53
51 54
51 56
51 57
51 58
51 59
51 60
51 61
51 78
51 90
51 96
51 98
51 99
52 52
52 53
52 56
52 57
52 58
52 59
52 60
52 62
52 68
52 69
52 73
52 74
52 78
52 80
52 81
52 85
52 90
52 91
52 98
52 99
53 53
53 54
53 55
53 56
53 57
53 68
53 69
53 73
53 74
53 78
53 80
53 81
53 90
53 91
53 98
53 99
53 111
54 54
54 55
54 57
54 74
54 80
54 89
54 96
54 97
54 98
54 99
54 111
55 55
55 56
55 57
55 86
55 87
55 89
55 94
55 95
55 96
55 97
55 98
55 99
55 109
55 110
56 56
56 57
56 60
56 61
56 68
56 69
56 78
56 79
56 80
56 81
56 89
56 96
56 98
56 99
56 111
57 57
57 59
57 60
57 61
57 68
57 69
57 78
57 79
57 80
57 81
57 89
57 90
57 96
57 98
57 99
57 111
58 58
58 59
58 60
58 61
58 66
58 67
58 68
58 69
58 90
58 91
58 103
58 105
58 106
59 59
59 60
59 61
59 66
59 67
59 68
59 69
59 90
59 91
59 103
59 104
59 105
60 60
60 61
60 62
60 63
60 64
60 90
60 98
61 61
61 63
61 65
61 68
61 69
61 89
61 90
61 98
61 99
61 111
62 62
62 63
62 72
62 74
62 76
62 80
62 81
62 82
62 83
62 95
62 101
62 102
62 108
62 112
63 63
63 74
63 75
63 78
63 80
63 81
63 82
63 83
63 84
63 87
63 115
64 64
64 65
64 88
64 92
64 93
64 94
64 100
64 101
64 103
64 109
64 110
65 65
65 66
65 67
65 88
65 92
65 93
65 94
65 100
65 110
66 66
66 67
66 68
66 77
66 93
66 94
66 103
67 67
67 68
67 69
67 88
67 92
67 110
68 68
68 69
68 78
68 89
68 90
68 99
69 69
69 78
69 90
69 111
70 70
70 71
70 72
70 73
70 74
70 76
70 77
70 83
70 92
70 100
70 101
70 102
70 104
70 105
70 106
70 114
70 115
71 71
71 73
71 75
71 76
71 77
71 81
71 103
71 105
71 106
72 72
72 74
72 76
72 78
72 79
72 80
72 81
72 82
72 83
72 85
72 86
72 101
72 102
72 107
72 112
72 113
72 114
72 115
73 73
73 74
73 75
73 76
73 78
73 90
73 98
74 74
74 75
74 76
74 78
74 80
74 81
74 82
74 83
74 84
74 112
74 113
74 115
75 75
75 76
75 77
75 82
75 84
75 109
76 76
76 77
76 78
76 79
76 80
76 81
76 82
76 83
76 84
76 100
76 101
76 102
76 112
76 113
76 114
76 115
77 77
77 92
77 93
77 100
77 103
77 109
77 110
78 78
78 79
78 80
78 81
78 84
78 85
78 99
78 114
78 115
79 79
79 80
79 81
79 83
79 85
79 99
79 104
79 105
79 106
79 107
79 114
80 80
80 81
80 82
80 83
80 84
80 99
80 108
80 112
80 114
81 81
81 82
81 83
81 84
81 85
81 99
81 107
81 108
81 114
82 82
82 83
82 84
82 85
82 86
82 87
83 83
83 84
83 85
83 86
83 87
83 105
83 106
83 112
83 114
84 84
84 85
84 86
84 87
84 88
84 113
84 114
84 115
85 85
85 86
85 89
85 104
85 105
85 106
85 107
85 113
85 114
86 86
86 87
86 88
86 96
86 107
87 87
87 96
87 113
88 88
88 89
88 93
88 94
88 96
88 110
89 89
89 94
89 96
89 99
90 90
90 91
90 98
90 99
90 111
91 91
91 92
91 93
91 98
91 100
91 101
91 102
91 103
91 104
91 105
91 112
92 92
92 93
92 100
92 101
92 102
92 103
92 104
92 105
92 106
92 109
92 112
93 93
93 94
93 100
93 101
93 102
93 103
93 109
93 110
93 112
94 94
94 95
94 96
94 97
94 108
94 109
94 110
95 95
95 96
95 97
95 98
95 108
95 109
95 110
95 111
96 96
96 97
96 98
96 99
96 107
96 109
96 110
97 97
97 98
97 99
97 108
97 109
97 110
97 111
97 112
98 98
98 99
98 111
99 99
99 111
99 112
99 113
99 115
100 100
100 101
100 102
100 103
100 104
100 105
100 112
100 113
101 101
101 102
101 103
101 104
101 105
101 112
101 113
102 102
102 103
102 104
102 111
102 112
102 113
103 103
103 104
103 105
103 106
103 112
104 104
104 105
104 106
104 107
104 112
104 113
104 114
105 105
105 106
105 113
105 114
106 106
106 107
106 113
106 114
107 107
107 108
107 113
107 114
108 108
108 109
108 111
109 109
109 110
109 111
109 112
110 110
110 111
111 111
111 112
111 115
112 112
112 113
113 113
113 114
113 115
114 114
114 115
115 115
