0 0
0 1
0 6
0 10
0 12
0 14
0 15
0 16
0 18
0 19
0 28
0 56
0 58
0 60
0 61
0 62
0 82
0 84
0 88
1 1
1 7
1 16
1 17
1 18
1 19
1 29
1 32
1 33
1 56
1 57
1 63
1 68
1 69
1 106
2 2
2 3
2 6
2 7
2 8
2 9
2 10
2 11
2 12
2 13
2 15
2 22
2 27
2 50
2 58
2 60
2 61
2 63
2 64
2 65
2 88
2 89
2 92
2 93
3 3
3 5
3 6
3 7
3 11
3 13
3 15
3 18
3 25
3 27
3 35
3 53
3 60
3 61
3 65
3 86
3 88
3 92
4 4
4 6
4 8
4 9
4 12
4 15
4 22
4 42
4 47
4 50
4 51
4 53
4 64
4 67
4 89
4 90
4 91
5 5
5 6
5 7
5 9
5 13
5 53
5 61
5 65
5 67
5 77
5 89
5 90
5 92
5 100
5 102
6 6
6 7
6 8
6 9
6 10
6 11
6 12
6 13
6 15
6 58
6 60
6 61
6 63
6 64
6 65
6 88
6 89
6 90
6 91
6 93
6 107
6 112
7 7
7 9
7 11
7 12
7 13
7 60
7 61
7 63
7 65
7 66
7 67
7 89
7 90
7 92
7 100
7 102
7 106
7 112
8 8
8 12
8 14
8 15
8 22
8 23
8 50
8 52
8 53
8 54
8 60
8 64
8 65
8 88
8 89
8 90
9 9
9 11
9 12
9 13
9 58
9 60
9 61
9 64
9 65
9 89
9 90
9 91
9 92
9 93
9 99
9 100
9 101
9 102
9 103
9 104
9 105
9 111
9 112
10 10
10 11
10 12
10 13
10 14
10 15
10 16
10 18
10 22
10 26
10 28
10 60
10 64
10 82
10 84
10 86
10 88
11 11
11 12
11 13
11 14
11 15
11 28
11 29
11 50
11 60
11 64
11 85
11 89
12 12
12 13
12 14
12 15
12 16
12 60
12 61
12 64
12 65
12 88
13 13
13 15
13 60
13 61
13 65
13 89
13 92
14 14
14 15
14 16
14 18
14 20
14 22
14 23
14 24
14 26
14 28
14 30
14 31
14 34
14 64
14 74
14 78
14 82
14 84
14 86
14 88
15 15
15 22
15 23
15 24
15 25
15 26
15 27
15 35
15 64
15 70
15 71
15 84
15 88
16 16
16 17
16 18
16 19
16 28
16 32
16 33
16 56
16 57
16 62
16 63
16 72
16 78
16 79
16 80
16 81
16 82
16 84
16 86
16 88
17 17
17 18
17 19
17 28
17 29
17 30
17 31
17 32
17 33
17 54
17 56
17 57
17 62
17 63
17 68
17 72
17 73
17 74
17 78
17 79
17 80
17 81
17 82
17 84
18 18
18 19
18 26
18 28
18 29
18 30
18 31
18 32
18 33
18 34
18 56
18 57
18 62
18 63
18 68
18 72
18 75
18 82
18 84
18 86
18 88
19 19
19 28
19 29
19 31
19 32
19 33
19 56
19 57
19 62
19 68
19 69
19 72
19 78
19 79
20 20
20 21
20 23
20 24
20 25
20 26
20 28
20 30
20 31
20 36
20 40
20 55
20 71
20 72
20 73
20 74
20 76
20 78
20 79
20 81
21 21
21 23
21 24
21 25
21 26
21 27
21 30
21 31
21 36
21 37
21 38
21 39
21 41
21 67
21 71
21 73
21 74
21 76
21 77
21 79
21 80
21 81
21 82
21 83
21 86
21 87
21 94
21 96
21 101
21 110
21 113
22 22
22 23
22 24
22 26
22 27
22 30
22 34
22 50
22 64
22 75
22 84
22 88
22 91
22 93
23 23
23 24
23 25
23 26
23 27
23 28
23 30
23 31
23 53
23 55
23 71
23 84
23 85
23 88
24 24
24 25
24 26
24 27
24 30
24 31
24 34
24 35
24 45
24 71
24 73
24 74
24 75
24 78
24 80
24 81
24 82
24 84
24 86
24 88
24 113
25 25
25 26
25 27
25 30
25 31
25 35
25 37
25 38
25 39
25 42
25 44
25 45
25 67
25 71
25 73
25 74
25 76
25 77
25 78
25 79
25 80
25 81
25 82
25 84
25 86
25 110
25 113
26 26
26 27
26 30
26 31
26 34
26 50
26 64
26 82
26 84
26 86
26 88
26 93
26 94
27 27
27 35
27 39
27 50
27 67
27 86
27 88
27 90
27 92
27 93
27 94
28 28
28 29
28 30
28 31
28 33
28 40
28 54
28 72
28 78
28 79
28 80
28 81
28 82
28 84
29 29
29 30
29 31
29 32
29 33
29 36
29 40
29 55
29 62
29 63
29 68
29 72
29 73
29 74
29 75
29 76
29 78
29 79
29 81
29 99
29 111
30 30
30 31
30 33
30 36
30 40
30 49
30 55
30 71
30 72
30 73
30 74
30 75
30 76
30 78
30 79
30 80
30 81
31 31
31 33
31 36
31 37
31 39
31 40
31 46
31 70
31 71
31 72
31 73
31 74
31 75
31 76
31 77
31 78
31 79
31 80
31 81
31 82
31 83
31 84
31 86
31 87
32 32
32 33
32 34
32 36
32 40
32 56
32 57
32 62
32 63
32 66
32 68
32 69
32 72
32 73
32 74
32 75
32 76
32 78
32 79
32 97
32 99
32 113
32 114
33 33
33 35
33 40
33 57
33 62
33 63
33 68
33 69
33 72
33 73
33 74
33 75
33 76
33 77
33 78
33 79
33 80
33 81
33 113
34 34
34 35
34 44
34 64
34 68
34 73
34 74
34 75
34 76
34 86
34 88
34 95
34 99
34 108
34 109
34 114
35 35
35 44
35 45
35 47
35 64
35 65
35 67
35 71
35 74
35 75
35 76
35 77
35 86
35 95
35 110
35 113
35 114
36 36
36 37
36 38
36 39
36 40
36 41
36 55
36 69
36 71
36 72
36 73
36 74
36 76
36 77
36 78
36 79
36 80
36 81
36 83
36 87
36 94
36 96
36 97
36 99
36 100
36 104
36 109
36 110
37 37
37 38
37 39
37 40
37 41
37 67
37 71
37 72
37 73
37 74
37 75
37 76
37 77
37 83
37 85
37 87
37 94
37 99
37 100
37 101
37 102
37 103
37 104
37 109
37 110
37 113
37 115
38 38
38 39
38 40
38 41
38 59
38 66
38 69
38 71
38 72
38 73
38 74
38 75
38 76
38 77
38 80
38 81
38 83
38 87
38 96
38 99
38 100
38 101
38 102
38 103
38 104
38 110
38 113
38 115
39 39
39 40
39 41
39 51
39 59
39 67
39 71
39 77
39 79
39 80
39 81
39 82
39 83
39 85
39 86
39 87
39 91
39 92
39 94
39 96
39 100
39 101
39 102
39 104
39 108
39 109
39 110
39 115
40 40
40 71
40 72
40 73
40 74
40 76
40 77
40 78
40 79
40 80
40 81
40 97
40 99
40 109
41 41
41 51
41 58
41 59
41 67
41 71
41 77
41 80
41 81
41 83
41 87
41 96
41 100
41 101
41 102
41 103
41 104
41 110
42 42
42 43
42 44
42 45
42 46
42 47
42 48
42 49
42 53
42 55
42 96
42 98
43 43
43 44
43 45
43 46
43 47
43 48
43 49
43 55
43 78
43 96
43 98
44 44
44 45
44 46
44 47
44 48
44 49
44 55
44 74
44 96
44 98
44 110
44 111
45 45
45 46
45 47
45 48
45 49
45 55
45 74
45 96
45 98
45 110
45 111
46 46
46 47
46 48
46 49
46 51
46 52
46 53
46 54
46 55
46 78
46 98
47 47
47 48
47 49
47 55
47 96
47 97
47 98
47 110
47 111
48 48
48 49
48 50
48 51
48 54
48 55
48 57
48 59
48 83
48 96
48 98
48 110
48 111
49 49
49 51
49 55
49 74
49 78
49 96
49 98
50 50
50 51
50 52
50 53
50 54
50 59
50 64
50 65
50 66
50 67
50 84
50 85
50 88
50 89
50 90
50 91
50 92
50 93
50 100
51 51
51 52
51 53
51 54
51 55
51 58
51 59
51 83
51 85
51 87
51 89
51 90
51 91
51 98
51 104
52 52
52 53
52 54
52 55
52 89
52 90
52 98
53 53
53 84
53 89
53 90
53 91
53 92
53 98
54 54
54 55
54 81
54 84
54 85
54 89
55 55
55 96
55 98
56 56
56 57
56 59
56 62
56 63
56 68
56 69
56 80
56 84
56 88
57 57
57 59
57 63
57 68
57 69
57 102
57 106
58 58
58 59
58 60
58 61
58 63
58 66
58 83
58 89
58 91
58 92
58 93
58 100
58 101
58 102
58 103
58 104
58 105
58 106
59 59
59 61
59 63
59 66
59 67
59 68
59 69
59 83
59 87
59 89
59 91
59 92
59 93
59 94
59 100
59 101
59 102
59 103
59 104
59 105
59 106
59 108
59 115
60 60
60 61
60 62
60 63
60 64
60 65
60 66
60 88
60 89
60 92
60 105
60 107
60 112
60 114
61 61
61 63
61 64
61 65
61 66
61 89
61 92
61 100
61 102
61 106
61 112
61 114
62 62
62 63
62 66
62 68
62 72
63 63
63 65
63 66
63 68
63 89
63 95
63 102
63 103
63 105
63 106
63 112
64 64
64 65
64 88
64 91
64 93
64 107
64 114
65 65
65 66
65 67
65 92
65 95
65 100
65 112
65 114
66 66
66 67
66 68
66 69
66 85
66 102
66 103
66 104
66 106
66 114
67 67
67 69
67 90
67 91
67 93
67 97
67 100
67 101
67 102
67 103
67 104
67 105
67 106
67 108
67 110
68 68
68 69
68 72
68 73
68 74
68 76
68 97
68 99
68 104
68 106
69 69
69 94
69 97
69 101
69 102
69 103
69 104
69 105
69 106
69 108
69 113
70 70
70 71
70 72
70 73
70 74
70 75
70 77
70 78
71 71
71 72
71 73
71 74
71 75
71 76
71 77
71 78
71 79
71 81
72 72
72 73
72 74
72 75
72 76
72 77
72 78
72 79
72 81
72 99
73 73
73 74
73 75
73 76
73 77
73 78
73 79
73 80
73 81
73 84
74 74
74 75
74 76
74 77
74 78
74 79
74 80
74 81
74 84
74 86
75 75
75 76
75 77
75 78
75 86
75 95
75 114
76 76
76 77
76 78
76 79
76 81
76 95
76 96
76 97
76 99
76 109
76 110
76 111
76 113
76 115
77 77
77 78
77 83
77 90
77 91
77 96
77 100
77 101
77 102
77 104
77 108
77 109
77 110
77 111
77 113
77 115
78 78
78 79
78 80
78 81
78 82
78 84
78 86
79 79
79 80
79 81
79 82
79 84
79 96
80 80
80 81
80 82
80 84
80 85
80 86
80 96
81 81
81 82
81 84
81 86
81 94
81 96
82 82
82 83
82 84
82 85
82 86
82 87
82 88
83 83
83 85
83 87
83 94
83 101
83 102
83 104
84 84
84 85
84 86
84 88
85 85
85 87
86 86
86 87
86 88
86 115
87 87
87 115
88 88
88 93
89 89
89 90
89 91
89 92
89 107
90 90
90 91
90 92
90 93
90 98
90 100
90 101
90 102
90 103
90 105
91 91
91 92
91 93
91 94
91 98
91 99
91 100
91 101
91 102
91 103
91 104
91 105
91 108
91 112
91 115
92 92
92 93
92 94
92 100
92 101
92 102
92 103
92 104
92 105
92 106
92 108
92 112
92 115
93 93
93 94
93 95
93 97
93 99
93 100
93 101
93 102
93 103
93 104
93 105
93 106
93 108
93 109
93 110
93 111
93 112
93 115
94 94
94 101
94 102
94 103
94 104
94 105
94 106
94 108
94 109
94 110
94 115
95 95
95 97
95 99
95 100
95 102
95 103
95 105
95 108
95 109
95 111
95 112
95 114
95 115
96 96
96 97
96 98
96 99
96 110
96 111
96 113
97 97
97 99
97 103
97 104
97 105
97 107
97 108
97 109
97 110
97 111
97 112
97 113
97 114
98 98
98 99
98 109
98 111
98 112
99 99
99 100
99 101
99 102
99 103
99 104
99 105
99 108
99 109
99 111
99 112
100 100
100 101
100 102
100 103
100 104
100 105
100 106
100 108
100 109
100 112
100 115
101 101
101 102
101 103
101 104
101 105
101 106
101 107
101 108
101 109
101 110
101 115
102 102
102 103
102 104
102 105
102 106
102 108
102 109
102 111
102 112
102 114
102 115
103 103
103 104
103 105
103 106
103 107
103 108
103 109
103 110
103 111
103 112
103 114
103 115
104 104
104 105
104 106
104 107
104 108
104 109
104 110
104 111
104 112
104 113
104 114
104 115
105 105
105 107
105 108
105 109
105 111
105 112
105 114
106 106
106 108
106 112
107 107
108 108
108 109
108 110
108 111
108 112
108 114
108 115
109 109
109 110
109 111
109 112
109 114
109 115
110 110
110 111
110 113
110 115
111 111
111 112
111 113
111 114
111 115
112 112
113 113
113 114
114 114
114 115
115 115
