0 0
0 2
0 10
0 12
0 22
0 27
0 32
0 34
0 46
0 48
0 50
0 54
0 55
0 56
0 86
0 88
0 89
0 96
0 98
0 99
0 101
1 1
1 7
1 8
1 9
1 10
1 11
1 12
1 13
1 14
1 15
1 17
1 28
1 41
1 45
1 49
1 51
1 59
1 60
1 61
1 62
1 63
1 65
1 74
1 80
1 81
1 84
1 85
1 95
1 100
1 102
1 104
1 114
2 2
2 3
2 4
2 5
2 6
2 8
2 12
2 14
2 18
2 22
2 23
2 24
2 25
2 30
2 31
2 34
2 35
2 48
2 50
2 60
2 64
2 69
2 86
2 88
2 93
2 101
2 110
2 115
3 3
3 5
3 6
3 7
3 14
3 18
3 19
3 22
3 23
3 26
3 30
3 31
3 64
3 69
3 77
3 82
3 83
3 87
3 88
3 93
4 4
4 5
4 6
4 7
4 8
4 9
4 10
4 12
4 14
4 15
4 22
4 23
4 24
4 25
4 26
4 35
4 44
4 48
4 50
4 60
4 64
4 69
4 108
5 5
5 7
5 9
5 21
5 22
5 23
5 24
5 25
5 26
5 27
5 30
5 31
5 34
5 35
5 43
5 45
5 46
5 47
5 50
5 51
5 66
5 69
5 88
5 96
5 97
5 110
6 6
6 7
6 8
6 11
6 12
6 13
6 14
6 15
6 18
6 19
6 23
6 25
6 26
6 28
6 60
6 62
6 64
6 65
6 69
6 71
6 82
6 83
6 90
7 7
7 9
7 11
7 13
7 15
7 35
7 45
7 49
7 51
7 64
7 65
7 100
8 8
8 9
8 10
8 11
8 12
8 13
8 14
8 15
8 24
8 28
8 35
8 44
8 48
8 50
8 60
8 62
8 64
8 65
8 101
8 114
8 115
9 9
9 11
9 13
9 15
9 24
9 45
9 49
9 51
9 65
9 92
9 93
9 100
10 10
10 11
10 12
10 13
10 14
10 17
10 28
10 34
10 60
10 62
10 64
10 84
10 85
10 89
10 98
10 113
10 114
10 115
11 11
11 12
11 13
11 15
11 17
11 44
11 45
11 49
11 51
11 60
11 61
11 62
11 64
11 65
11 85
11 100
12 12
12 13
12 14
12 15
12 17
12 22
12 23
12 28
12 60
12 61
12 62
12 64
12 65
12 90
12 101
13 13
13 15
13 17
13 28
13 29
13 41
13 60
13 61
13 62
13 63
13 65
13 73
13 74
13 80
13 81
13 83
13 84
13 90
13 91
13 92
13 100
14 14
14 15
14 22
14 23
14 26
14 28
14 60
14 64
14 82
14 83
14 84
14 87
14 88
14 114
14 115
15 15
15 17
15 23
15 60
15 61
15 62
15 64
15 65
15 83
15 90
15 92
16 16
16 17
16 28
16 29
16 33
16 36
16 37
16 39
16 40
16 52
16 54
16 56
16 57
16 62
16 63
16 68
16 72
16 73
16 74
16 76
16 78
16 79
16 80
16 81
16 102
16 109
17 17
17 28
17 29
17 33
17 36
17 37
17 41
17 56
17 62
17 63
17 65
17 72
17 73
17 74
17 80
17 81
17 83
17 90
17 91
17 95
17 111
18 18
18 19
18 20
18 21
18 22
18 23
18 25
18 26
18 27
18 30
18 31
18 32
18 53
18 68
18 69
18 77
18 82
18 86
18 88
18 93
18 101
18 110
19 19
19 20
19 22
19 23
19 26
19 28
19 29
19 30
19 33
19 52
19 57
19 68
19 69
19 71
19 76
19 77
19 82
19 83
19 84
19 93
20 20
20 21
20 23
20 26
20 27
20 29
20 30
20 31
20 33
20 41
20 69
20 70
20 71
20 73
20 75
20 77
21 21
21 23
21 24
21 25
21 26
21 27
21 30
21 31
21 35
21 69
21 71
21 75
21 110
22 22
22 23
22 24
22 27
22 30
22 31
22 32
22 50
22 64
22 66
22 69
22 86
22 87
22 88
22 101
22 110
23 23
23 24
23 25
23 27
23 30
23 31
23 35
23 64
23 69
23 87
23 88
23 110
24 24
24 25
24 27
24 30
24 31
24 34
24 35
24 43
24 44
24 45
24 46
24 47
24 50
24 51
24 66
24 67
24 88
24 89
24 93
24 96
24 97
24 101
24 105
24 107
24 110
24 115
25 25
25 27
25 30
25 31
25 34
25 35
25 43
25 47
25 69
25 71
25 94
25 96
25 97
25 110
25 114
25 115
26 26
26 27
26 30
26 40
26 68
26 69
26 82
26 83
26 108
27 27
27 30
27 31
27 32
27 34
27 46
27 47
27 50
27 66
27 67
27 68
27 69
27 86
27 87
27 88
27 89
27 96
27 105
27 107
27 110
28 28
28 29
28 33
28 36
28 40
28 41
28 57
28 60
28 61
28 62
28 63
28 64
28 65
28 71
28 72
28 74
28 80
28 81
28 82
28 83
28 84
28 85
28 90
29 29
29 33
29 36
29 37
29 39
29 40
29 41
29 49
29 52
29 56
29 57
29 59
29 63
29 68
29 72
29 73
29 74
29 75
29 76
29 77
29 78
29 80
29 81
29 83
29 109
30 30
30 31
30 32
30 34
30 42
30 64
30 66
30 71
30 77
30 82
30 86
30 87
30 88
30 110
31 31
31 34
31 35
31 42
31 47
31 64
31 71
31 75
31 87
31 88
31 94
31 96
31 110
32 32
32 33
32 38
32 42
32 46
32 47
32 54
32 55
32 58
32 66
32 68
32 69
32 75
32 76
32 79
32 86
32 88
32 90
32 93
32 96
32 97
32 101
32 103
32 105
32 106
32 107
32 109
32 110
32 112
33 33
33 36
33 37
33 40
33 41
33 57
33 62
33 63
33 68
33 71
33 72
33 74
33 75
33 78
33 80
33 81
33 82
33 83
33 84
33 90
33 112
34 34
34 35
34 43
34 44
34 45
34 46
34 47
34 50
34 64
34 66
34 67
34 88
34 89
34 96
34 97
34 105
34 107
34 110
35 35
35 43
35 44
35 45
35 47
35 50
35 64
35 96
35 110
36 36
36 37
36 38
36 39
36 40
36 41
36 57
36 62
36 63
36 72
36 73
36 74
36 75
36 78
36 80
36 81
36 83
36 84
36 85
36 98
36 99
36 111
37 37
37 38
37 39
37 40
37 41
37 55
37 56
37 59
37 63
37 72
37 73
37 74
37 75
37 76
37 78
37 79
37 80
37 81
37 90
37 91
37 95
37 97
37 98
37 102
37 106
37 109
38 38
38 39
38 41
38 54
38 55
38 74
38 75
38 86
38 87
38 96
38 97
38 98
38 99
38 106
38 107
38 113
39 39
39 40
39 41
39 46
39 47
39 54
39 55
39 56
39 58
39 59
39 63
39 72
39 74
39 75
39 78
39 79
39 80
39 81
39 95
39 96
39 97
39 98
39 99
39 106
39 107
39 109
39 110
39 111
40 40
40 41
40 57
40 58
40 62
40 63
40 73
40 74
40 80
40 81
40 82
40 83
40 84
40 85
40 87
41 41
41 55
41 59
41 60
41 61
41 62
41 63
41 71
41 72
41 73
41 74
41 75
41 80
41 83
41 84
41 87
41 90
41 98
41 99
42 42
42 43
42 46
42 47
42 52
42 53
42 55
42 70
42 72
42 91
42 94
42 96
42 97
42 98
42 99
42 110
42 111
42 112
42 113
43 43
43 44
43 45
43 46
43 47
43 50
43 51
43 66
43 67
43 94
43 96
43 97
43 104
43 105
43 107
43 109
43 110
43 115
44 44
44 45
44 48
44 49
44 50
44 51
44 65
44 67
44 110
44 115
45 45
45 47
45 49
45 50
45 51
45 65
45 66
45 67
45 105
45 106
45 107
45 115
46 46
46 47
46 48
46 50
46 53
46 54
46 55
46 56
46 66
46 70
46 75
46 76
46 77
46 79
46 96
46 97
46 99
46 106
46 107
46 109
46 110
46 112
47 47
47 48
47 50
47 51
47 54
47 55
47 66
47 67
47 70
47 79
47 86
47 88
47 89
47 96
47 97
47 98
47 99
47 106
47 107
47 109
47 110
47 112
48 48
48 49
48 50
48 51
48 54
48 58
48 66
48 86
48 101
49 49
49 51
49 58
49 59
49 65
49 67
50 50
50 51
50 54
50 66
50 70
50 86
50 88
50 89
50 96
50 101
50 103
50 106
50 107
50 110
50 114
50 115
51 51
51 59
51 65
51 67
51 102
51 104
51 106
51 107
51 114
51 115
52 52
52 53
52 54
52 56
52 57
52 58
52 59
52 68
52 69
52 70
52 72
52 73
52 74
52 76
52 77
52 90
53 53
53 54
53 55
53 56
53 58
53 59
53 70
53 73
53 76
53 77
53 79
53 90
53 91
53 92
53 93
54 54
54 55
54 56
54 58
54 66
54 70
54 72
54 75
54 76
54 77
54 79
54 96
54 97
54 101
54 106
54 107
54 109
54 110
55 55
55 56
55 58
55 63
55 74
55 75
55 79
55 91
55 96
55 97
55 98
55 99
55 106
55 107
55 109
55 110
55 111
55 112
56 56
56 57
56 63
56 68
56 70
56 72
56 73
56 74
56 75
56 76
56 78
56 79
56 81
56 106
56 109
57 57
57 61
57 62
57 63
57 68
57 69
57 73
57 74
57 76
57 78
57 80
57 81
57 82
57 83
57 84
57 90
58 58
58 59
58 60
58 66
58 68
58 70
58 73
58 74
58 76
58 90
58 91
58 106
59 59
59 60
59 61
59 63
59 73
59 74
59 80
59 91
59 102
59 106
60 60
60 61
60 62
60 63
60 64
60 65
60 83
60 90
60 91
61 61
61 62
61 63
61 65
61 74
61 80
61 90
61 91
61 100
61 102
62 62
62 63
62 64
62 65
62 71
62 74
62 80
62 81
62 83
62 84
62 85
62 90
62 91
62 102
63 63
63 65
63 72
63 74
63 78
63 80
63 81
63 83
63 84
63 90
63 91
63 98
63 99
63 102
63 111
63 112
64 64
64 65
64 82
64 84
64 85
64 88
64 114
64 115
65 65
65 80
65 83
65 85
65 100
65 102
66 66
66 67
66 68
66 69
66 76
66 77
66 79
66 86
66 88
66 93
66 97
66 103
66 105
66 107
66 110
67 67
67 69
67 77
67 105
67 107
67 110
68 68
68 69
68 73
68 76
68 77
69 69
69 76
69 77
69 93
69 105
70 70
70 73
70 76
70 77
70 79
70 92
70 93
71 71
71 75
71 77
71 82
71 83
71 112
72 72
72 73
72 74
72 75
72 78
72 80
72 81
72 91
72 95
72 109
72 111
72 112
73 73
73 74
73 75
73 76
73 77
73 79
73 90
74 74
74 75
74 76
74 80
74 81
74 90
74 91
74 98
74 99
75 75
75 76
75 77
75 90
75 91
75 96
75 97
75 98
75 99
75 109
75 110
75 112
76 76
76 77
76 79
76 92
76 93
76 100
76 109
77 77
77 79
77 93
77 110
78 78
78 79
78 80
78 81
78 84
78 98
78 99
78 106
78 109
78 112
78 113
79 79
79 89
79 103
79 105
80 80
80 81
80 82
80 83
80 84
80 85
80 95
80 102
80 111
80 112
81 81
81 82
81 83
81 84
81 85
81 95
81 102
81 111
81 112
82 82
82 83
82 84
82 85
82 87
82 108
82 114
82 115
83 83
83 84
83 85
83 87
83 95
83 108
84 84
84 85
84 88
84 98
85 85
85 89
85 94
85 95
85 108
86 86
86 88
86 93
86 96
86 97
86 101
86 106
86 109
86 110
86 112
87 87
87 88
87 89
87 98
87 99
87 113
87 114
87 115
88 88
88 89
88 96
88 110
89 89
89 104
89 105
89 107
90 90
90 91
90 92
90 98
90 99
90 112
91 91
91 92
91 96
91 98
91 99
91 102
91 109
91 111
91 112
92 92
92 93
92 100
92 101
92 102
92 103
92 112
93 93
93 100
93 101
93 103
93 109
94 94
94 95
94 96
94 97
94 104
94 108
94 109
94 111
94 113
94 114
94 115
95 95
95 97
95 102
95 108
95 109
95 111
96 96
96 97
96 98
96 99
96 106
96 107
96 109
96 110
96 111
96 112
96 113
97 97
97 98
97 99
97 106
97 107
97 109
97 110
97 111
97 112
98 98
98 99
98 104
98 106
98 110
98 111
98 112
98 113
99 99
99 106
99 111
99 112
99 113
100 100
100 101
100 102
100 103
101 101
101 103
102 102
102 103
102 104
102 106
102 111
102 112
102 113
102 114
103 103
103 104
103 105
103 106
103 113
104 104
104 106
104 107
104 108
104 113
104 114
104 115
105 105
105 106
105 107
105 115
106 106
106 107
106 109
106 110
106 113
107 107
107 110
108 108
108 111
108 113
108 114
108 115
109 109
109 110
109 112
110 110
110 111
110 112
111 111
111 112
111 113
111 114
112 112
112 113
112 114
113 113
113 114
113 115
114 114
114 115
115 115
