0 0
0 1
0 7
0 10
0 11
0 12
0 13
0 15
0 48
0 50
0 58
0 59
0 60
0 61
0 64
0 65
0 77
0 112
1 1
1 7
1 11
1 13
1 15
1 48
1 50
1 58
1 59
1 61
1 65
1 77
1 112
2 2
2 3
2 4
2 5
2 6
2 8
2 9
2 18
2 20
2 22
2 23
2 43
2 44
2 45
2 49
2 51
2 52
2 67
2 91
2 93
2 98
2 100
2 101
2 102
3 3
3 5
3 7
3 8
3 9
3 14
3 18
3 20
3 21
3 22
3 23
3 24
3 25
3 27
3 31
3 35
3 43
3 45
3 48
3 50
3 54
3 64
3 67
3 88
3 92
3 93
3 101
3 109
4 4
4 5
4 6
4 8
4 9
4 12
4 14
4 20
4 22
4 23
4 24
4 26
4 27
4 60
4 64
4 83
4 88
4 112
5 5
5 6
5 7
5 8
5 9
5 11
5 12
5 14
5 15
5 20
5 22
5 23
5 24
5 26
5 27
5 48
5 58
5 60
5 64
5 65
5 67
5 83
5 88
5 100
5 106
5 112
6 6
6 8
6 12
6 16
6 18
6 28
6 32
6 33
6 35
6 44
6 49
6 60
6 62
6 63
6 64
6 66
6 67
6 72
6 80
6 82
7 7
7 8
7 9
7 11
7 12
7 13
7 15
7 23
7 24
7 35
7 45
7 48
7 50
7 65
7 75
7 77
7 88
7 112
8 8
8 9
8 12
8 14
8 15
8 18
8 22
8 23
8 24
8 26
8 27
8 44
8 45
8 48
8 60
8 64
8 65
8 67
8 82
8 83
8 88
8 91
8 93
8 101
9 9
9 12
9 14
9 15
9 18
9 22
9 23
9 24
9 35
9 43
9 44
9 45
9 48
9 52
9 60
9 64
9 67
9 83
9 88
9 90
9 91
9 93
9 101
9 102
9 106
9 112
10 10
10 11
10 12
10 13
10 14
10 15
10 16
10 45
10 49
10 60
10 61
10 64
10 65
10 76
10 82
10 84
10 85
10 86
11 11
11 12
11 13
11 14
11 15
11 19
11 25
11 26
11 27
11 50
11 61
11 65
11 92
11 100
11 112
12 12
12 13
12 14
12 15
12 48
12 60
12 61
12 63
12 64
12 65
12 83
13 13
13 15
13 17
13 59
13 61
13 65
13 75
13 77
13 112
14 14
14 15
14 18
14 20
14 21
14 22
14 23
14 24
14 25
14 26
14 27
14 60
14 64
14 82
14 83
14 86
14 88
14 93
14 101
15 15
15 21
15 23
15 24
15 25
15 26
15 27
15 60
15 64
15 65
15 83
15 88
15 92
16 16
16 17
16 28
16 29
16 32
16 33
16 44
16 49
16 53
16 56
16 57
16 62
16 63
16 66
16 68
16 69
16 72
16 73
16 80
16 81
16 82
16 84
16 86
17 17
17 19
17 28
17 29
17 37
17 41
17 46
17 47
17 56
17 57
17 61
17 63
17 69
17 73
17 74
17 76
17 78
17 81
18 18
18 20
18 22
18 23
18 30
18 31
18 35
18 44
18 45
18 64
18 67
18 82
18 83
18 87
18 91
18 93
18 98
18 99
18 101
18 102
18 103
18 104
18 113
18 114
19 19
19 33
19 42
19 43
19 45
19 47
19 73
19 74
19 75
19 76
19 79
19 113
20 20
20 21
20 22
20 23
20 26
20 27
20 30
20 31
20 37
20 38
20 39
20 40
20 50
20 52
20 55
20 71
20 92
20 93
20 94
20 100
20 101
20 110
21 21
21 23
21 24
21 25
21 26
21 27
21 29
21 30
21 31
21 33
21 37
21 39
21 41
21 71
21 83
21 93
21 94
21 110
22 22
22 23
22 24
22 26
22 27
22 30
22 38
22 43
22 44
22 54
22 64
22 67
22 82
22 86
22 87
22 88
22 91
22 92
22 93
22 98
22 101
23 23
23 24
23 25
23 26
23 27
23 30
23 31
23 34
23 38
23 43
23 45
23 50
23 67
23 88
23 90
23 91
23 92
23 93
23 100
23 101
23 102
24 24
24 25
24 26
24 27
24 30
24 31
24 42
24 43
24 45
24 50
24 88
24 93
24 110
24 112
25 25
25 26
25 27
25 30
25 31
25 34
25 37
25 39
25 42
25 43
25 50
25 65
25 69
25 77
25 88
25 92
25 93
25 94
25 96
25 105
25 107
25 110
26 26
26 27
26 30
26 39
26 41
26 92
26 93
26 100
26 102
27 27
27 30
27 31
27 34
27 39
27 42
27 43
27 50
27 65
27 88
27 92
27 93
27 100
27 102
27 110
27 112
28 28
28 29
28 32
28 33
28 36
28 37
28 40
28 41
28 44
28 49
28 56
28 57
28 62
28 63
28 66
28 68
28 71
28 72
28 73
28 74
28 78
28 79
28 80
28 81
28 82
28 83
28 84
28 86
28 87
29 29
29 32
29 33
29 35
29 36
29 37
29 40
29 41
29 44
29 56
29 57
29 59
29 61
29 62
29 63
29 68
29 71
29 72
29 73
29 74
29 75
29 76
29 77
29 78
29 79
29 80
29 81
29 82
29 83
29 84
30 30
30 31
30 32
30 33
30 37
30 39
30 55
30 71
30 78
30 84
30 93
30 96
30 104
30 105
30 108
30 110
30 115
31 31
31 33
31 34
31 37
31 50
31 71
31 78
31 85
31 93
31 105
31 110
32 32
32 33
32 35
32 36
32 40
32 44
32 49
32 56
32 62
32 66
32 68
32 71
32 72
32 78
32 79
32 80
32 81
32 82
32 84
33 33
33 35
33 36
33 37
33 40
33 41
33 44
33 56
33 57
33 62
33 63
33 64
33 66
33 68
33 71
33 72
33 74
33 80
33 81
33 82
33 83
34 34
34 50
34 65
34 67
34 77
34 90
34 92
34 93
34 95
34 98
34 107
34 112
35 35
35 44
35 45
35 49
35 64
35 67
35 71
35 83
35 99
35 103
35 104
35 105
35 113
35 114
36 36
36 37
36 38
36 39
36 40
36 41
36 54
36 55
36 56
36 68
36 71
36 72
36 76
36 79
36 80
36 81
36 86
36 94
36 95
36 96
36 107
36 109
37 37
37 38
37 39
37 40
37 41
37 54
37 55
37 56
37 57
37 68
37 69
37 71
37 72
37 73
37 74
37 75
37 76
37 78
37 81
37 86
37 89
37 94
37 96
37 97
37 109
37 110
38 38
38 39
38 40
38 41
38 54
38 55
38 56
38 69
38 70
38 72
38 76
38 82
38 86
38 87
38 88
38 89
38 93
38 94
38 95
38 96
38 97
38 101
38 107
38 109
38 110
39 39
39 40
39 41
39 46
39 54
39 55
39 69
39 78
39 86
39 88
39 89
39 94
39 95
39 96
39 97
39 107
39 109
39 110
40 40
40 41
40 54
40 55
40 62
40 71
40 72
40 81
40 94
40 107
41 41
41 55
41 57
41 62
41 63
41 68
41 71
41 72
41 73
41 74
41 75
41 79
41 80
41 81
41 83
41 94
41 106
42 42
42 43
42 46
42 47
42 48
42 50
42 51
42 56
42 69
42 70
42 73
42 75
42 77
42 94
42 96
42 107
42 110
43 43
43 45
43 47
43 48
43 50
43 51
43 67
43 88
43 91
43 93
43 101
43 107
43 110
43 112
43 114
44 44
44 45
44 48
44 49
44 64
44 66
44 67
44 71
44 72
44 82
45 45
45 48
45 49
45 64
45 65
45 67
45 101
45 112
46 46
46 47
46 51
46 53
46 55
46 56
46 57
46 69
46 70
46 73
46 75
46 76
46 78
46 90
46 94
46 95
46 96
46 97
46 99
46 107
46 109
46 110
46 111
46 115
47 47
47 51
47 57
47 69
47 90
47 91
47 94
47 96
47 107
47 110
47 112
48 48
48 49
48 50
48 51
48 52
48 58
48 60
48 65
48 67
48 70
48 88
48 112
49 49
49 51
49 53
49 56
49 62
49 66
49 67
49 68
49 72
49 80
50 50
50 51
50 65
50 77
50 85
50 88
50 110
51 51
51 52
51 53
51 54
51 55
51 69
51 70
51 85
51 89
51 90
51 97
51 100
52 52
52 53
52 54
52 58
52 59
52 60
52 61
52 62
52 63
52 66
52 68
52 90
53 53
53 54
53 55
53 56
53 57
53 63
53 68
53 69
53 70
53 73
53 80
53 82
53 84
53 85
53 86
53 87
53 89
53 96
53 97
53 99
54 54
54 55
54 62
54 70
54 82
54 84
54 86
54 87
54 88
54 89
54 95
54 96
54 97
54 107
54 109
55 55
55 56
55 69
55 72
55 73
55 76
55 78
55 79
55 81
55 86
55 87
55 89
55 93
55 94
55 95
55 96
55 97
55 98
55 101
55 107
55 109
55 110
55 111
56 56
56 57
56 62
56 63
56 66
56 68
56 69
56 70
56 72
56 73
56 76
56 78
56 79
56 80
56 81
56 82
56 84
56 86
56 95
56 97
56 108
56 110
56 115
57 57
57 58
57 59
57 61
57 62
57 63
57 68
57 69
57 72
57 73
57 74
57 78
57 79
57 80
57 81
57 94
57 96
57 97
58 58
58 59
58 60
58 61
58 62
58 63
58 66
58 68
59 59
59 60
59 61
59 62
59 63
59 66
59 68
59 80
59 81
60 60
60 61
60 62
60 63
60 64
60 66
60 82
60 83
60 88
61 61
61 62
61 63
61 65
61 73
61 75
61 80
61 81
62 62
62 63
62 64
62 66
62 68
62 72
62 80
62 81
62 82
62 83
62 84
62 86
63 63
63 66
63 68
63 72
63 73
63 80
63 81
63 84
64 64
64 67
64 82
64 83
64 84
65 65
65 77
65 88
65 92
65 100
65 112
66 66
66 67
66 68
66 72
66 80
66 81
67 67
67 91
67 93
67 101
68 68
68 69
68 72
68 73
68 78
68 80
68 81
68 97
68 108
68 115
69 69
69 70
69 73
69 78
69 80
69 81
69 84
69 85
69 86
69 89
69 95
69 96
69 97
69 107
69 110
69 115
70 70
70 73
70 75
70 76
70 77
70 88
70 89
70 95
70 97
70 109
71 71
71 72
71 73
71 74
71 78
71 79
71 87
71 96
72 72
72 73
72 74
72 75
72 76
72 78
72 80
72 81
72 82
72 83
72 84
72 86
73 73
73 74
73 75
73 76
73 77
73 78
73 79
73 80
73 81
74 74
74 75
74 76
74 77
74 79
74 81
74 83
75 75
75 76
75 77
75 78
75 79
75 81
76 76
76 77
76 78
76 79
76 81
76 87
76 103
76 104
77 77
77 79
77 94
77 95
77 97
77 109
77 110
78 78
78 79
78 80
78 81
78 96
78 97
78 99
78 103
78 105
78 107
78 109
78 110
78 111
79 79
79 81
79 96
79 105
79 107
80 80
80 81
80 82
80 83
80 84
80 86
81 81
81 82
81 83
81 84
81 85
81 96
82 82
82 83
82 84
82 86
82 87
82 93
83 83
83 84
84 84
84 85
84 86
84 87
84 88
84 96
85 85
85 89
86 86
86 87
86 88
86 89
86 93
86 96
86 97
86 101
86 109
87 87
87 88
87 93
87 98
87 101
87 103
88 88
88 89
88 101
88 109
89 89
89 90
89 95
89 109
90 90
90 91
90 92
90 93
90 98
90 100
90 101
90 102
90 112
90 113
91 91
91 92
91 93
91 98
91 99
91 100
91 101
91 102
91 103
91 112
91 113
92 92
92 93
92 98
92 100
92 101
92 102
92 103
92 104
92 105
92 112
92 113
93 93
93 98
93 100
93 101
93 102
93 103
93 104
93 105
93 112
93 113
94 94
94 95
94 96
94 97
94 99
94 107
94 108
94 109
94 110
94 111
94 115
95 95
95 96
95 97
95 98
95 99
95 107
95 108
95 109
95 110
95 111
95 115
96 96
96 97
96 99
96 101
96 103
96 107
96 109
96 110
96 111
96 115
97 97
97 99
97 105
97 107
97 108
97 109
97 110
97 111
97 114
97 115
98 98
98 99
98 100
98 101
98 102
98 103
98 104
98 105
98 107
98 111
98 112
98 113
98 114
98 115
99 99
99 101
99 102
99 103
99 104
99 105
99 108
99 109
99 111
99 113
99 114
99 115
100 100
100 101
100 102
100 103
100 104
100 105
100 112
100 113
101 101
101 102
101 103
101 104
101 105
101 111
101 112
101 113
102 102
102 103
102 104
102 105
102 111
102 112
102 113
102 114
103 103
103 104
103 105
103 106
103 110
103 111
103 112
103 113
103 114
104 104
104 105
104 106
104 110
104 111
104 113
104 114
104 115
105 105
105 106
105 110
105 111
105 112
105 113
105 114
105 115
106 106
106 113
106 114
107 107
107 109
107 111
108 108
108 109
108 110
108 114
108 115
109 109
109 110
109 111
110 110
110 111
110 114
110 115
111 111
111 113
111 114
111 115
112 112
112 113
112 114
113 113
113 114
113 115
114 114
114 115
115 115
