0 0
0 1
0 4
0 5
0 10
0 11
0 12
0 14
0 16
0 18
0 24
0 25
0 26
0 27
0 60
0 64
0 84
0 85
0 88
1 1
1 3
1 7
1 10
1 11
1 12
1 13
1 15
1 29
1 37
1 41
1 45
1 61
1 65
1 83
1 85
2 2
2 3
2 6
2 8
2 10
2 14
2 18
2 20
2 21
2 22
2 23
2 24
2 25
2 27
2 30
2 31
2 34
2 35
2 42
2 43
2 47
2 51
2 64
2 67
2 87
2 92
2 93
2 110
2 112
3 3
3 7
3 8
3 18
3 19
3 21
3 22
3 23
3 24
3 25
3 27
3 30
3 31
3 35
3 40
3 45
3 51
3 64
3 65
3 67
3 77
3 87
3 92
3 100
3 110
3 112
4 4
4 6
4 14
4 24
4 26
4 29
4 40
4 44
4 45
4 55
4 64
4 72
4 83
5 5
5 14
5 20
5 21
5 22
5 23
5 24
5 25
5 26
5 27
5 31
5 64
5 65
5 67
5 84
5 85
5 91
5 93
6 6
6 7
6 8
6 12
6 13
6 28
6 35
6 44
6 46
6 48
6 49
6 51
6 52
6 53
6 72
6 74
6 90
6 98
6 111
7 7
7 8
7 13
7 15
7 29
7 33
7 35
7 51
7 52
7 53
7 64
7 65
7 83
7 90
7 92
8 8
8 9
8 14
8 15
8 18
8 21
8 22
8 23
8 24
8 30
8 31
8 35
8 40
8 45
8 51
8 64
8 65
8 82
8 87
8 88
8 92
8 100
8 101
8 103
8 110
9 9
9 24
9 37
9 38
9 65
9 76
9 82
9 87
9 88
9 92
10 10
10 11
10 12
10 14
10 16
10 18
10 24
10 26
10 34
10 60
10 64
10 67
10 85
10 88
10 101
10 108
11 11
11 12
11 13
11 15
11 16
11 17
11 28
11 29
11 41
11 57
11 62
11 78
11 81
11 83
11 84
11 85
11 95
12 12
12 13
12 14
12 16
12 28
12 29
12 44
12 48
12 49
12 58
12 60
12 61
12 62
12 63
12 72
12 80
12 81
12 83
12 88
12 89
13 13
13 15
13 28
13 29
13 35
13 44
13 45
13 48
13 49
13 52
13 53
13 60
13 61
13 63
13 65
13 72
13 83
13 90
13 95
13 99
13 103
13 114
13 115
14 14
14 15
14 18
14 20
14 22
14 23
14 26
14 27
14 40
14 64
14 82
14 84
14 85
14 86
14 88
15 15
15 29
15 40
15 41
15 64
15 65
15 83
15 84
15 88
15 114
16 16
16 17
16 28
16 36
16 37
16 54
16 56
16 57
16 58
16 60
16 61
16 62
16 63
16 68
16 73
16 74
16 75
16 76
16 78
16 79
16 80
16 81
16 89
16 94
16 95
17 17
17 28
17 29
17 32
17 33
17 37
17 41
17 52
17 53
17 54
17 55
17 56
17 57
17 58
17 59
17 60
17 61
17 62
17 63
17 68
17 71
17 72
17 73
17 75
17 76
17 78
17 79
17 80
17 81
17 83
17 89
18 18
18 19
18 20
18 21
18 22
18 23
18 24
18 25
18 26
18 27
18 30
18 31
18 33
18 34
18 40
18 42
18 43
18 64
18 66
18 67
18 69
18 77
18 82
18 84
18 86
18 87
18 92
18 109
18 110
19 19
19 23
19 25
19 26
19 27
19 31
19 33
19 36
19 40
19 41
19 68
19 69
19 71
19 76
19 77
19 82
19 84
19 86
19 92
19 109
19 112
20 20
20 21
20 22
20 23
20 25
20 26
20 27
20 30
20 31
20 33
20 34
20 38
20 39
20 40
20 42
20 43
20 54
20 56
20 66
20 67
20 68
20 69
20 84
20 85
20 86
20 96
20 109
21 21
21 22
21 23
21 25
21 26
21 27
21 30
21 31
21 34
21 38
21 40
21 43
21 47
21 67
21 77
21 82
21 84
21 86
21 92
21 93
21 100
21 109
21 110
22 22
22 23
22 24
22 25
22 26
22 27
22 30
22 31
22 34
22 38
22 39
22 40
22 42
22 43
22 47
22 64
22 67
22 69
22 82
22 84
22 86
22 87
22 88
22 91
22 92
22 93
22 97
22 100
22 110
23 23
23 24
23 25
23 26
23 27
23 30
23 31
23 33
23 38
23 40
23 43
23 47
23 64
23 65
23 67
23 69
23 77
23 82
23 84
23 85
23 86
23 87
23 92
23 93
23 100
23 109
23 110
23 112
24 24
24 25
24 26
24 27
24 38
24 39
24 43
24 64
24 65
24 67
24 69
24 87
24 92
24 93
25 25
25 26
25 27
25 30
25 31
25 34
25 38
25 39
25 40
25 42
25 43
25 47
25 50
25 56
25 66
25 67
25 68
25 69
25 77
25 82
25 84
25 85
25 86
25 87
25 93
25 96
25 97
25 109
25 112
26 26
26 27
26 30
26 31
26 34
26 36
26 40
26 43
26 58
26 64
26 66
26 67
26 69
26 82
26 84
26 85
26 86
26 88
27 27
27 30
27 31
27 33
27 34
27 38
27 39
27 40
27 42
27 43
27 56
27 66
27 67
27 68
27 69
27 84
27 85
27 86
27 93
27 109
28 28
28 29
28 33
28 41
28 44
28 52
28 55
28 57
28 58
28 59
28 62
28 63
28 71
28 72
28 74
28 78
28 80
28 81
28 83
28 95
29 29
29 33
29 41
29 44
29 52
29 55
29 57
29 62
29 63
29 71
29 72
29 73
29 78
29 80
29 81
29 83
29 99
30 30
30 31
30 34
30 40
30 42
30 43
30 47
30 64
30 66
30 67
30 82
30 96
30 109
30 110
31 31
31 33
31 34
31 35
31 40
31 43
31 47
31 64
31 65
31 67
31 77
31 82
31 84
31 86
31 92
31 93
31 100
31 109
31 110
31 112
32 32
32 33
32 34
32 38
32 42
32 43
32 50
32 54
32 55
32 56
32 57
32 59
32 66
32 68
32 69
32 71
32 76
32 77
32 78
32 79
32 109
33 33
33 41
33 57
33 68
33 71
33 75
33 77
33 78
33 85
33 109
34 34
34 35
34 38
34 43
34 47
34 66
34 67
34 68
34 76
34 77
34 82
34 86
34 87
34 100
34 109
34 110
35 35
35 45
35 49
35 51
35 64
35 65
35 67
35 70
35 82
35 90
35 92
35 100
35 110
35 112
36 36
36 37
36 38
36 40
36 41
36 54
36 55
36 56
36 68
36 69
36 73
36 75
36 76
36 77
36 86
36 88
36 89
36 94
36 109
37 37
37 40
37 41
37 51
37 55
37 74
37 75
37 76
37 77
37 82
37 85
37 86
37 88
37 89
38 38
38 47
38 48
38 54
38 56
38 66
38 67
38 68
38 69
38 70
38 87
38 92
38 96
38 100
38 101
38 104
38 106
38 107
38 110
38 112
39 39
39 43
39 54
39 56
39 68
39 69
39 70
39 76
39 77
39 79
39 86
39 89
39 94
39 95
39 96
39 97
39 108
39 109
40 40
40 41
40 64
40 82
40 84
40 85
40 86
40 88
41 41
41 55
41 71
41 72
41 73
41 74
41 75
41 78
41 83
41 86
41 88
41 89
42 42
42 43
42 46
42 47
42 50
42 51
42 56
42 67
42 77
42 87
42 96
42 109
43 43
43 47
43 51
43 56
43 67
43 77
43 79
43 85
43 87
43 96
43 97
43 109
44 44
44 45
44 46
44 48
44 49
44 52
44 53
44 58
44 61
44 63
44 71
44 72
44 90
44 98
44 99
44 113
45 45
45 48
45 49
45 51
45 64
45 65
45 67
45 82
45 92
46 46
46 47
46 48
46 49
46 51
46 52
46 53
46 55
46 79
46 98
46 99
46 111
47 47
47 49
47 51
47 53
47 55
47 70
47 76
47 77
47 82
47 90
47 96
47 109
47 110
47 111
47 112
48 48
48 49
48 51
48 52
48 55
48 58
48 60
48 61
48 72
48 73
48 90
48 99
48 101
48 104
48 111
49 49
49 51
49 52
49 53
49 55
49 61
49 63
49 70
49 72
49 89
49 90
49 98
49 99
49 111
50 50
50 54
50 62
50 66
50 72
50 73
50 74
50 78
50 81
50 85
50 87
50 96
51 51
51 53
51 65
51 75
51 82
51 87
51 90
51 111
52 52
52 53
52 55
52 57
52 59
52 61
52 63
52 70
52 72
52 73
52 79
52 80
52 81
52 89
52 90
52 98
52 99
52 111
53 53
53 59
53 61
53 63
53 70
53 79
53 80
53 81
53 89
53 90
53 98
53 99
53 111
54 54
54 55
54 56
54 57
54 58
54 59
54 60
54 62
54 63
54 66
54 68
54 69
54 72
54 73
54 74
54 76
54 78
54 79
54 80
54 81
54 86
54 88
54 89
54 96
54 107
55 55
55 57
55 58
55 59
55 62
55 63
55 68
55 72
55 74
55 76
55 78
55 79
55 80
55 81
55 89
55 99
56 56
56 57
56 66
56 68
56 69
56 76
56 77
56 79
56 86
56 87
56 96
56 109
57 57
57 58
57 59
57 60
57 61
57 62
57 63
57 66
57 68
57 69
57 72
57 73
57 78
57 79
57 80
57 81
57 85
57 89
58 58
58 59
58 60
58 62
58 63
58 66
58 68
58 69
58 72
58 80
58 81
58 89
59 59
59 60
59 61
59 62
59 63
59 66
59 68
59 69
59 72
59 79
59 80
59 81
59 108
59 109
60 60
60 61
60 62
60 63
60 72
60 80
60 81
60 83
61 61
61 62
61 63
61 65
61 80
61 81
61 89
61 90
61 98
61 99
61 114
62 62
62 63
62 72
62 73
62 74
62 78
62 79
62 80
62 81
62 83
62 89
62 95
62 99
62 115
63 63
63 72
63 73
63 78
63 79
63 80
63 81
63 83
63 89
63 95
63 98
63 99
63 115
64 64
64 65
64 83
64 92
65 65
65 92
66 66
66 67
66 68
66 69
66 71
66 82
66 96
66 109
67 67
67 69
67 77
67 85
67 87
67 92
67 96
67 100
67 109
67 110
67 112
68 68
68 69
68 71
68 73
68 74
68 76
68 77
68 78
68 79
68 80
68 81
68 86
68 97
68 109
69 69
69 79
69 86
69 96
69 109
70 70
70 71
70 73
70 89
70 90
70 91
70 92
70 95
70 96
70 98
70 99
70 101
70 102
70 110
70 111
70 112
70 113
70 114
70 115
71 71
71 72
71 73
71 78
72 72
72 73
72 74
72 78
72 80
72 81
72 83
72 99
73 73
73 74
73 75
73 76
73 77
73 78
73 80
73 81
73 99
74 74
74 75
74 76
74 78
74 80
74 81
74 89
75 75
75 76
75 77
75 86
75 89
75 109
76 76
76 77
76 78
76 79
76 80
76 82
76 86
76 109
76 111
77 77
77 79
77 82
77 86
77 87
77 97
77 109
77 111
78 78
78 79
78 80
78 81
79 79
79 80
79 81
79 96
79 98
79 108
79 109
80 80
80 81
80 83
80 89
80 98
80 99
80 106
81 81
81 83
81 89
81 99
82 82
82 84
82 86
82 87
82 88
82 109
83 83
84 84
84 85
84 86
85 85
86 86
86 88
86 89
87 87
87 109
88 88
88 89
88 92
88 107
89 89
90 90
90 91
90 92
90 98
90 99
90 100
90 102
90 103
90 110
90 111
90 113
90 114
90 115
91 91
91 92
91 93
91 98
91 99
91 100
91 101
91 102
91 103
91 104
91 105
91 107
91 110
91 112
91 113
91 114
91 115
92 92
92 93
92 100
92 101
92 102
92 110
92 112
92 114
93 93
93 94
93 97
93 100
93 101
93 102
93 103
93 104
93 105
93 107
93 108
93 110
93 112
93 114
93 115
94 94
94 95
94 97
94 105
94 108
94 113
94 114
94 115
95 95
95 97
95 98
95 99
95 103
95 105
95 107
95 108
95 111
95 113
95 114
95 115
96 96
96 97
96 108
96 110
96 111
96 113
96 115
97 97
97 105
97 108
97 109
97 110
97 111
97 114
97 115
98 98
98 99
98 100
98 101
98 102
98 103
98 104
98 105
98 106
98 107
98 108
98 111
98 113
98 114
98 115
99 99
99 102
99 103
99 104
99 105
99 106
99 107
99 108
99 111
99 113
99 114
99 115
100 100
100 101
100 102
100 103
100 105
100 107
100 110
100 112
101 101
101 102
101 103
101 104
101 105
101 107
101 108
101 110
101 112
101 113
101 114
101 115
102 102
102 103
102 104
102 105
102 106
102 107
102 113
102 114
102 115
103 103
103 104
103 105
103 107
103 108
103 113
103 114
103 115
104 104
104 105
104 106
104 107
104 113
104 114
104 115
105 105
105 106
105 107
105 108
105 113
105 114
105 115
106 106
106 107
107 107
107 113
108 108
108 111
108 113
108 114
108 115
109 109
110 110
110 111
110 112
110 113
111 111
111 112
112 112
113 113
113 114
113 115
114 114
114 115
115 115
