0 0
0 1
0 5
0 19
0 26
0 27
0 32
0 56
0 57
0 68
0 76
0 96
0 99
0 107
1 1
1 10
1 11
1 12
1 13
1 15
1 16
1 17
1 19
1 28
1 29
1 33
1 39
1 41
1 57
1 61
1 62
1 63
1 74
1 75
1 77
1 80
1 81
1 83
1 87
1 95
1 99
1 112
2 2
2 4
2 6
2 7
2 8
2 18
2 22
2 23
2 24
2 25
2 30
2 34
2 35
2 42
2 43
2 44
2 45
2 47
2 48
2 50
2 64
2 67
2 93
2 96
2 101
2 110
3 3
3 5
3 9
3 14
3 19
3 22
3 23
3 31
3 82
3 86
3 88
3 89
4 4
4 6
4 7
4 8
4 9
4 18
4 30
4 31
4 44
4 48
4 60
4 64
4 90
4 91
4 92
4 93
4 101
5 5
5 21
5 22
5 23
5 24
5 25
5 26
5 27
5 32
5 34
5 43
5 50
5 55
5 56
5 57
5 68
5 78
5 86
5 94
5 96
5 97
5 104
5 105
5 106
5 114
6 6
6 7
6 8
6 9
6 10
6 11
6 12
6 13
6 15
6 16
6 17
6 18
6 28
6 60
6 61
6 62
6 63
6 64
6 90
6 92
6 93
6 101
7 7
7 8
7 9
7 11
7 13
7 15
7 17
7 29
7 35
7 49
7 61
7 64
7 65
7 73
7 75
7 77
7 90
7 92
7 93
7 100
7 101
7 102
8 8
8 9
8 10
8 12
8 14
8 18
8 30
8 44
8 48
8 60
8 61
8 64
8 65
8 90
8 91
8 92
8 93
8 100
8 101
8 102
9 9
9 11
9 13
9 14
9 15
9 17
9 49
9 61
9 64
9 65
9 83
9 88
9 90
9 92
9 93
9 100
9 102
10 10
10 11
10 12
10 13
10 14
10 15
10 16
10 17
10 18
10 28
10 48
10 52
10 58
10 60
10 61
10 62
10 63
10 64
10 74
10 75
10 76
10 82
10 90
10 91
10 93
10 101
11 11
11 12
11 13
11 15
11 17
11 28
11 29
11 33
11 61
11 64
11 65
11 71
11 73
11 74
11 75
11 77
11 82
11 83
11 85
11 87
11 89
11 92
11 93
11 100
12 12
12 13
12 14
12 15
12 17
12 28
12 60
12 61
12 62
12 82
12 83
12 84
12 85
12 88
12 89
13 13
13 15
13 16
13 17
13 28
13 29
13 33
13 41
13 49
13 60
13 61
13 62
13 63
13 65
13 73
13 74
13 75
13 82
13 83
13 87
13 89
13 90
13 92
13 100
14 14
14 15
14 22
14 23
14 24
14 50
14 64
14 82
14 84
14 85
14 86
14 88
14 89
15 15
15 17
15 28
15 29
15 40
15 60
15 61
15 62
15 63
15 65
15 75
15 82
15 83
15 85
15 87
15 88
15 89
15 92
15 100
16 16
16 17
16 18
16 28
16 29
16 33
16 36
16 37
16 40
16 52
16 53
16 56
16 57
16 58
16 59
16 60
16 61
16 62
16 63
16 72
16 74
16 75
16 79
16 80
16 81
16 90
16 91
16 112
17 17
17 28
17 29
17 33
17 40
17 41
17 49
17 59
17 60
17 61
17 62
17 63
17 72
17 73
17 74
17 75
17 82
17 83
17 87
17 89
17 95
17 100
18 18
18 19
18 30
18 60
18 62
18 69
19 19
19 28
19 30
19 31
19 33
19 39
19 62
19 68
19 69
19 80
19 82
19 83
19 87
19 90
19 91
20 20
20 21
20 25
20 26
20 37
20 38
20 41
20 55
20 70
20 73
20 77
20 79
20 109
21 21
21 23
21 24
21 25
21 26
21 27
21 43
21 45
21 50
21 51
21 55
21 68
21 78
21 79
21 94
21 97
21 104
21 105
21 106
21 109
21 114
21 115
22 22
22 23
22 24
22 25
22 26
22 27
22 31
22 34
22 42
22 43
22 50
22 64
22 86
22 88
22 89
22 94
22 96
23 23
23 24
23 25
23 26
23 27
23 31
23 34
23 35
23 42
23 43
23 50
23 64
23 86
23 88
23 89
23 93
23 94
23 96
24 24
24 25
24 26
24 27
24 34
24 35
24 42
24 43
24 44
24 45
24 47
24 48
24 50
24 67
24 68
24 78
24 86
24 94
24 96
24 104
24 110
25 25
25 26
25 27
25 30
25 31
25 32
25 34
25 35
25 42
25 43
25 44
25 45
25 47
25 50
25 67
25 68
25 78
25 94
25 96
25 97
25 104
25 105
25 106
25 110
25 113
25 114
26 26
26 27
26 34
26 38
26 43
26 50
26 55
26 56
26 57
26 68
26 78
26 79
26 86
26 94
26 96
26 104
26 105
26 106
27 27
27 38
27 43
27 50
27 55
27 56
27 57
27 68
27 86
27 94
27 96
27 104
27 105
27 106
28 28
28 29
28 30
28 33
28 36
28 37
28 40
28 41
28 60
28 62
28 63
28 72
28 74
28 75
28 80
28 81
28 82
28 83
28 84
28 87
28 90
28 95
28 112
29 29
29 33
29 36
29 37
29 39
29 40
29 41
29 61
29 62
29 63
29 70
29 71
29 72
29 73
29 74
29 75
29 77
29 80
29 81
29 83
29 87
29 90
29 92
29 95
29 100
29 101
29 102
29 111
29 112
30 30
30 31
30 33
30 71
30 75
30 77
31 31
31 33
31 35
31 71
31 75
31 77
31 82
31 83
31 87
32 32
32 43
32 46
32 47
32 55
32 56
32 68
32 78
32 79
32 96
32 97
32 106
33 33
33 36
33 37
33 40
33 41
33 62
33 63
33 71
33 72
33 73
33 74
33 75
33 77
33 80
33 81
33 82
33 83
33 84
33 85
33 87
33 95
34 34
34 35
34 42
34 43
34 44
34 45
34 46
34 47
34 48
34 50
34 64
34 65
34 67
34 76
34 93
34 96
34 110
34 111
35 35
35 42
35 43
35 44
35 45
35 46
35 47
35 48
35 51
35 64
35 65
35 67
35 71
35 77
35 93
35 96
35 110
35 111
36 36
36 37
36 38
36 39
36 40
36 41
36 54
36 55
36 56
36 57
36 63
36 72
36 74
36 75
36 76
36 77
36 79
36 80
36 81
36 95
36 97
36 98
36 110
36 111
37 37
37 38
37 39
37 40
37 41
37 54
37 55
37 56
37 57
37 62
37 63
37 71
37 72
37 73
37 74
37 75
37 76
37 77
37 79
37 81
37 95
37 97
37 98
37 99
37 101
37 102
37 110
37 111
37 112
38 38
38 39
38 40
38 41
38 54
38 55
38 75
38 77
38 79
38 86
38 94
38 95
38 96
38 97
38 109
38 110
39 39
39 40
39 41
39 54
39 55
39 56
39 57
39 58
39 60
39 63
39 69
39 71
39 72
39 75
39 77
39 91
39 95
39 97
39 98
39 99
39 109
39 110
39 111
39 112
40 40
40 41
40 62
40 63
40 71
40 72
40 73
40 74
40 75
40 76
40 79
40 80
40 81
40 83
40 95
40 112
41 41
41 63
41 71
41 72
41 73
41 74
41 75
41 76
41 77
41 81
42 42
42 43
42 44
42 45
42 46
42 47
42 48
42 50
42 64
42 67
42 96
42 97
42 103
42 104
42 106
42 110
42 111
42 113
43 43
43 44
43 45
43 46
43 47
43 48
43 50
43 51
43 55
43 67
43 78
43 94
43 96
43 97
43 104
43 105
43 106
43 110
43 114
43 115
44 44
44 45
44 46
44 47
44 48
44 49
44 50
44 51
44 64
44 65
44 67
44 71
44 93
44 101
44 110
44 111
45 45
45 46
45 47
45 48
45 49
45 50
45 51
45 55
45 64
45 65
45 66
45 67
45 96
45 97
45 103
45 110
46 46
46 47
46 55
46 67
46 71
46 77
46 78
46 96
46 97
46 109
46 110
46 111
47 47
47 50
47 55
47 67
47 76
47 77
47 96
47 97
47 110
47 111
48 48
48 49
48 50
48 51
48 52
48 58
48 64
48 65
48 66
48 67
48 90
48 91
48 93
48 103
48 110
49 49
49 51
49 52
49 58
49 59
49 60
49 61
49 65
49 67
49 70
49 90
49 91
49 92
49 102
49 103
50 50
50 51
50 52
50 53
50 64
50 68
50 78
50 86
50 88
50 94
50 96
50 104
50 105
50 106
50 114
51 51
51 65
51 67
51 103
51 104
51 105
51 106
52 52
52 53
52 58
52 59
52 60
52 61
52 62
52 63
52 74
52 84
52 88
52 89
52 98
52 99
53 53
53 56
53 57
53 63
53 68
53 72
53 78
53 80
53 81
53 84
53 91
53 98
53 99
53 112
54 54
54 55
54 56
54 58
54 60
54 66
54 72
54 75
54 77
54 86
54 91
54 95
54 96
54 98
54 99
54 109
54 110
54 112
55 55
55 56
55 57
55 68
55 72
55 79
55 86
55 94
55 96
55 97
55 99
55 109
55 110
55 112
56 56
56 57
56 63
56 66
56 68
56 69
56 72
56 78
56 79
56 80
56 96
56 98
56 99
57 57
57 59
57 62
57 63
57 68
57 69
57 72
57 78
57 79
57 80
57 81
57 94
57 99
57 112
58 58
58 59
58 60
58 61
58 62
58 63
58 66
58 69
58 91
59 59
59 60
59 61
59 62
59 63
59 66
59 69
60 60
60 61
60 62
60 63
60 66
60 75
60 90
60 91
60 95
61 61
61 62
61 63
61 64
61 65
61 75
61 89
61 90
61 92
61 100
61 102
62 62
62 63
62 72
62 74
62 75
62 80
62 81
62 82
62 83
62 84
62 87
62 95
63 63
63 72
63 73
63 74
63 75
63 79
63 80
63 81
63 83
63 87
63 95
63 98
63 112
64 64
64 65
64 67
64 88
64 89
64 92
64 93
64 101
64 103
65 65
65 67
65 88
65 89
65 90
65 92
65 93
65 100
65 102
66 66
66 67
66 69
66 103
66 109
66 110
67 67
67 69
67 77
67 92
67 93
67 96
67 97
67 101
67 102
67 103
67 109
67 110
67 111
68 68
68 69
68 78
68 94
68 96
68 97
68 99
68 104
68 105
68 106
69 69
69 78
69 90
69 91
69 97
69 109
70 70
70 71
70 72
70 73
70 90
70 91
70 92
70 93
70 94
70 101
70 109
70 115
71 71
71 73
71 75
71 77
71 83
71 87
71 92
71 95
71 97
71 101
71 102
71 109
71 110
71 111
71 112
72 72
72 73
72 74
72 75
72 78
72 79
72 80
72 81
72 95
72 98
72 99
72 111
72 112
73 73
73 74
73 75
73 76
73 77
73 95
73 100
73 101
73 102
73 111
74 74
74 75
74 76
74 77
74 81
74 98
74 99
74 100
74 101
74 102
74 111
75 75
75 76
75 77
75 92
75 95
75 98
75 100
75 101
75 102
75 109
75 110
75 111
75 112
76 76
76 77
76 95
76 98
76 101
76 102
76 110
77 77
77 90
77 92
77 93
77 95
77 97
77 100
77 101
77 102
77 109
77 110
77 111
77 112
78 78
78 80
78 81
78 84
78 94
78 96
78 97
78 99
78 104
78 105
78 106
79 79
79 80
79 81
79 87
79 94
79 97
79 99
79 104
79 105
79 106
79 107
79 108
79 112
79 115
80 80
80 81
80 82
80 83
80 84
80 87
80 94
80 99
80 108
80 112
81 81
81 82
81 83
81 84
81 87
81 98
81 108
81 112
82 82
82 83
82 84
82 85
82 86
82 87
82 88
82 89
83 83
83 84
83 85
83 87
83 92
83 100
83 115
84 84
84 85
84 86
84 87
84 88
84 94
84 114
85 85
85 86
85 87
85 88
85 89
85 106
85 113
85 114
85 115
86 86
86 87
86 88
86 89
86 96
87 87
87 89
87 94
87 108
87 114
87 115
88 88
88 89
89 89
89 114
90 90
90 91
90 92
90 93
90 98
90 100
90 101
90 102
90 110
90 111
90 112
91 91
91 92
91 93
91 98
91 99
91 109
91 110
91 111
91 112
92 92
92 93
92 100
92 101
92 102
93 93
93 100
93 101
93 102
93 103
93 109
93 110
93 111
94 94
94 96
94 97
94 104
94 105
94 106
94 107
94 108
94 113
94 114
94 115
95 95
95 109
95 110
95 111
95 112
96 96
96 97
96 99
96 109
96 110
96 111
97 97
97 105
97 109
97 110
97 111
98 98
98 99
98 100
98 101
98 110
98 111
98 112
99 99
99 111
99 112
100 100
100 101
100 102
100 103
100 115
101 101
101 102
101 103
101 110
102 102
102 103
102 113
103 103
103 104
103 105
104 104
104 105
104 106
104 107
104 108
104 113
104 114
104 115
105 105
105 106
105 107
105 108
105 113
105 114
105 115
106 106
106 107
106 108
106 113
106 114
106 115
107 107
107 108
108 108
108 114
108 115
109 109
109 110
109 111
109 112
110 110
110 111
111 111
111 112
112 112
113 113
113 114
113 115
114 114
114 115
115 115
