0 0
0 1
0 10
0 11
0 12
0 13
0 14
0 16
0 18
0 28
0 58
0 60
0 61
0 62
0 65
0 74
0 77
0 82
0 86
0 88
0 101
0 103
0 115
1 1
1 5
1 9
1 10
1 11
1 12
1 13
1 14
1 15
1 16
1 17
1 19
1 36
1 37
1 60
1 61
1 62
1 65
1 69
1 77
1 88
1 115
2 2
2 3
2 4
2 5
2 6
2 7
2 8
2 9
2 12
2 13
2 14
2 15
2 21
2 22
2 23
2 24
2 26
2 27
2 39
2 64
2 65
2 67
2 88
2 90
2 91
2 92
2 93
2 100
2 101
2 106
2 107
2 112
3 3
3 5
3 7
3 8
3 9
3 11
3 15
3 18
3 21
3 22
3 23
3 27
3 30
3 31
3 58
3 60
3 64
3 65
3 66
3 67
3 92
3 94
3 113
3 114
3 115
4 4
4 5
4 6
4 7
4 8
4 9
4 12
4 13
4 14
4 15
4 22
4 23
4 24
4 26
4 35
4 48
4 60
4 64
4 65
4 88
4 89
4 90
4 91
4 100
4 106
5 5
5 7
5 9
5 11
5 15
5 21
5 22
5 23
5 24
5 25
5 26
5 27
5 39
5 41
5 65
5 67
5 73
5 75
5 88
5 90
5 91
5 92
5 93
5 94
5 100
5 107
5 112
5 114
6 6
6 7
6 8
6 10
6 11
6 12
6 13
6 14
6 15
6 22
6 60
6 64
6 65
6 72
6 82
6 83
6 91
6 101
6 113
7 7
7 8
7 9
7 11
7 13
7 15
7 21
7 22
7 31
7 39
7 58
7 60
7 64
7 65
7 67
7 90
7 92
7 100
7 113
7 114
8 8
8 9
8 11
8 13
8 14
8 15
8 18
8 21
8 22
8 23
8 24
8 26
8 31
8 60
8 64
8 65
8 88
8 91
8 92
8 93
9 9
9 11
9 13
9 15
9 18
9 21
9 22
9 23
9 24
9 31
9 39
9 41
9 64
9 65
9 88
9 90
9 91
9 92
9 94
9 100
10 10
10 11
10 12
10 14
10 16
10 17
10 28
10 29
10 33
10 35
10 54
10 72
10 74
10 78
10 82
10 84
10 88
10 89
11 11
11 15
11 18
11 31
11 64
11 65
11 77
11 83
11 88
11 92
11 94
11 115
12 12
12 13
12 14
12 16
12 26
12 28
12 33
12 35
12 36
12 37
12 38
12 39
12 41
12 54
12 61
12 65
12 70
12 72
12 74
12 88
12 89
12 91
12 93
12 100
12 101
12 102
12 103
12 104
12 106
12 107
13 13
13 14
13 15
13 35
13 39
13 60
13 61
13 65
13 88
13 89
13 91
13 92
13 93
13 100
13 101
13 102
13 103
13 104
13 105
13 106
13 114
14 14
14 15
14 22
14 24
14 26
14 35
14 38
14 48
14 51
14 65
14 82
14 88
14 89
15 15
15 18
15 24
15 60
15 64
15 65
15 88
15 92
15 100
16 16
16 17
16 19
16 28
16 29
16 32
16 33
16 36
16 37
16 40
16 52
16 54
16 56
16 57
16 63
16 68
16 69
16 72
16 74
16 78
16 79
16 80
16 81
17 17
17 19
17 28
17 29
17 33
17 52
17 57
17 61
17 62
17 63
17 72
17 77
17 78
17 79
17 80
17 81
17 89
18 18
18 22
18 30
18 31
18 32
18 34
18 58
18 60
18 61
18 62
18 64
18 65
18 82
18 84
18 86
18 87
18 109
19 19
19 28
19 32
19 36
19 37
19 38
19 40
19 54
19 68
19 69
19 70
19 78
19 79
19 95
19 99
19 108
19 115
20 20
20 21
20 22
20 24
20 25
20 27
20 29
20 30
20 31
20 33
20 40
20 71
20 72
20 80
20 81
20 82
20 83
20 84
20 85
20 87
20 94
20 110
21 21
21 22
21 23
21 24
21 25
21 26
21 27
21 30
21 31
21 64
21 67
21 71
21 84
21 85
21 87
21 92
21 94
22 22
22 23
22 24
22 25
22 26
22 27
22 30
22 31
22 34
22 45
22 64
22 65
22 67
22 88
22 91
22 93
23 23
23 24
23 25
23 26
23 27
23 31
23 37
23 39
23 48
23 50
23 67
23 70
23 88
23 89
23 91
23 93
23 95
23 105
23 107
23 110
23 114
24 24
24 25
24 26
24 27
24 45
24 48
24 64
24 65
24 67
24 88
24 90
24 91
24 93
24 112
25 25
25 26
25 27
25 30
25 31
25 43
25 45
25 50
25 66
25 67
25 71
25 84
25 85
25 93
25 94
25 95
25 110
26 26
26 35
26 36
26 37
26 38
26 41
26 45
26 48
26 70
26 88
26 90
26 91
26 98
27 27
27 30
27 31
27 34
27 50
27 64
27 66
27 67
27 71
27 84
27 85
27 87
27 94
27 95
27 97
28 28
28 29
28 32
28 33
28 36
28 37
28 38
28 40
28 56
28 57
28 72
28 74
28 75
28 76
28 77
28 78
28 79
28 80
28 81
28 82
28 83
28 84
29 29
29 32
29 33
29 36
29 37
29 40
29 41
29 56
29 57
29 63
29 71
29 72
29 73
29 74
29 75
29 76
29 77
29 78
29 79
29 80
29 81
29 82
29 83
29 84
29 96
29 97
30 30
30 31
30 32
30 34
30 64
30 71
30 82
30 83
30 84
30 85
30 86
30 87
30 110
31 31
31 34
31 50
31 64
31 67
31 71
31 82
31 83
31 84
31 85
31 87
31 94
31 109
32 32
32 33
32 40
32 56
32 62
32 68
32 70
32 71
32 72
32 74
32 75
32 76
32 77
32 79
32 80
32 81
32 86
32 95
33 33
33 35
33 40
33 41
33 63
33 71
33 72
33 74
33 75
33 76
33 77
33 79
33 80
33 81
34 34
34 58
34 59
34 60
34 61
34 62
34 64
34 66
34 67
34 71
34 76
34 83
34 87
34 97
34 109
34 113
35 35
35 36
35 37
35 38
35 39
35 41
35 45
35 48
35 76
35 88
35 101
35 102
36 36
36 37
36 38
36 39
36 40
36 41
36 57
36 70
36 72
36 73
36 74
36 75
36 76
36 77
36 78
36 81
36 88
36 91
36 93
36 94
36 99
36 101
36 102
36 115
37 37
37 38
37 39
37 40
37 41
37 54
37 57
37 74
37 75
37 76
37 78
37 79
37 88
37 91
37 94
37 99
37 100
37 101
37 102
37 115
38 38
38 39
38 40
38 41
38 54
38 70
38 72
38 88
38 94
38 99
38 100
38 101
38 102
38 103
38 104
38 105
38 114
38 115
39 39
39 41
39 70
39 73
39 75
39 76
39 88
39 90
39 91
39 92
39 93
39 94
39 95
39 97
39 100
39 101
39 102
39 103
39 104
39 105
39 106
39 107
39 110
39 114
40 40
40 41
40 56
40 57
40 72
40 78
40 79
40 80
40 81
40 82
40 84
40 85
41 41
41 72
41 73
41 74
41 75
41 76
41 77
41 79
41 90
41 100
41 101
41 102
41 106
42 42
42 43
42 44
42 46
42 47
42 48
42 49
42 50
42 51
42 52
42 53
42 55
42 66
42 96
42 98
42 111
43 43
43 44
43 45
43 46
43 47
43 48
43 49
43 50
43 51
43 52
43 53
43 55
43 96
44 44
44 45
44 46
44 47
44 48
44 49
44 50
44 51
44 52
44 53
44 55
44 69
44 81
44 96
44 98
45 45
45 47
45 48
45 49
45 51
45 53
45 67
45 96
45 110
46 46
46 47
46 48
46 49
46 50
46 51
46 52
46 53
46 54
46 55
46 57
46 69
46 96
46 98
46 111
47 47
47 48
47 49
47 50
47 51
47 52
47 53
47 55
47 96
47 98
47 110
47 111
48 48
48 49
48 50
48 51
48 52
48 53
48 54
48 96
48 98
48 106
48 107
48 110
49 49
49 50
49 51
49 52
49 53
49 55
49 81
49 96
49 98
49 111
50 50
50 51
50 52
50 53
50 66
50 85
50 96
51 51
51 52
51 53
51 54
51 55
51 89
51 96
52 52
52 53
52 54
52 55
52 56
52 57
52 69
52 89
52 96
52 98
53 53
53 55
53 69
53 96
53 98
54 54
54 55
54 56
54 57
54 70
54 88
54 89
54 91
54 93
54 95
54 101
54 105
54 108
54 110
55 55
55 57
55 81
55 85
55 89
55 96
55 98
56 56
56 57
56 63
56 72
56 74
56 77
56 78
56 79
56 80
56 81
56 84
56 85
56 96
56 110
56 115
57 57
57 63
57 72
57 73
57 74
57 76
57 78
57 79
57 80
57 81
57 96
57 99
57 111
58 58
58 59
58 60
58 61
58 62
58 64
58 65
58 66
58 68
58 69
58 92
58 99
58 100
58 102
58 103
58 106
58 109
58 112
58 113
59 59
59 60
59 61
59 62
59 63
59 66
59 68
59 69
59 99
59 102
59 103
59 104
59 106
59 111
60 60
60 61
60 62
60 63
60 64
60 65
60 66
60 88
60 92
60 100
60 101
60 102
60 103
60 113
61 61
61 62
61 63
61 65
61 88
61 89
61 100
61 101
61 102
61 103
61 113
62 62
62 63
62 64
62 65
62 66
62 68
62 83
62 85
62 109
63 63
63 72
63 73
63 74
63 76
63 77
63 78
63 79
63 80
63 81
63 102
64 64
64 65
64 67
64 83
64 84
64 86
64 87
64 92
64 109
65 65
65 67
65 88
65 92
65 93
65 100
66 66
66 67
66 68
66 69
66 93
66 95
66 107
66 108
66 111
66 112
67 67
67 91
67 92
67 93
67 94
67 95
67 107
67 112
68 68
68 69
68 79
68 95
68 99
68 108
68 109
69 69
69 79
69 95
69 99
69 108
69 115
70 70
70 71
70 88
70 90
70 94
70 95
70 103
70 104
70 105
70 108
70 110
70 114
70 115
71 71
71 72
71 73
71 75
71 76
71 77
71 79
71 80
71 81
71 82
71 83
71 87
71 94
71 96
71 97
71 110
71 114
72 72
72 74
72 75
72 76
72 77
72 78
72 79
72 80
72 81
72 82
72 83
72 84
72 85
73 73
73 74
73 75
73 76
73 77
73 79
73 81
73 96
73 97
73 98
73 102
73 104
73 114
74 74
74 75
74 76
74 77
74 79
74 80
74 101
75 75
75 76
75 77
75 79
75 94
75 97
75 100
75 101
75 102
75 103
75 104
75 107
75 109
75 114
76 76
76 77
76 79
76 80
76 81
76 82
76 83
76 94
76 97
76 101
76 104
76 109
77 77
77 79
77 80
77 81
77 82
77 83
77 94
77 97
77 101
77 104
77 109
78 78
78 79
78 80
78 81
78 84
78 85
79 79
79 80
79 81
79 82
79 83
79 96
79 111
80 80
80 81
80 82
80 83
80 84
80 85
81 81
81 82
81 83
81 84
81 85
81 96
81 111
82 82
82 83
82 84
82 85
82 86
82 87
83 83
83 84
83 85
83 87
83 97
83 109
83 113
84 84
84 85
84 87
85 85
86 86
86 87
87 87
87 113
88 88
88 89
88 90
88 91
88 92
88 93
88 100
88 101
88 102
88 103
88 104
88 105
88 106
88 107
88 114
88 115
89 89
89 91
89 93
89 101
89 102
90 90
90 91
90 92
90 93
90 98
90 100
90 101
90 102
90 103
90 104
90 106
90 107
90 112
90 114
91 91
91 92
91 93
91 99
91 100
91 101
91 102
91 105
91 106
91 107
91 110
91 112
91 114
92 92
92 93
92 94
92 100
92 101
92 102
92 103
92 104
92 105
92 107
92 112
92 113
92 114
92 115
93 93
93 95
93 100
93 101
93 102
93 103
93 104
93 105
93 106
93 107
93 108
93 110
93 112
93 114
94 94
94 95
94 97
94 104
94 105
94 107
94 108
94 109
94 112
94 115
95 95
95 97
95 103
95 104
95 105
95 106
95 107
95 108
95 109
95 110
95 112
95 114
95 115
96 96
96 97
96 98
96 99
96 110
96 111
97 97
97 99
97 100
97 101
97 102
97 103
97 104
97 105
97 106
97 107
97 109
97 110
97 111
97 112
97 113
97 114
98 98
98 99
98 111
98 112
99 99
99 101
99 102
99 107
99 108
99 111
99 112
100 100
100 101
100 102
100 103
100 104
100 105
100 106
100 107
100 112
100 113
100 114
101 101
101 102
101 103
101 104
101 105
101 106
101 107
101 112
101 114
102 102
102 103
102 104
102 105
102 106
102 107
102 112
102 113
102 114
103 103
103 104
103 105
103 106
103 107
103 112
103 113
103 114
104 104
104 105
104 106
104 107
104 108
104 112
104 113
104 114
105 105
105 106
105 107
105 108
105 110
105 112
105 113
105 114
105 115
106 106
106 107
106 112
106 114
107 107
107 110
107 112
107 113
107 114
108 108
108 110
108 115
109 109
109 112
109 115
110 110
110 111
110 114
111 111
111 112
112 112
112 114
113 113
113 114
114 114
115 115
