0 0
0 1
0 3
0 8
0 9
0 10
0 14
0 18
0 19
0 22
0 58
0 59
0 60
0 61
0 62
0 64
0 65
0 84
0 88
0 89
0 93
0 101
0 113
1 1
1 3
1 6
1 7
1 8
1 10
1 11
1 18
1 22
1 23
1 53
1 60
1 61
1 62
1 63
1 64
1 65
1 90
1 93
2 2
2 6
2 7
2 9
2 18
2 19
2 21
2 22
2 30
2 50
2 67
2 109
3 3
3 5
3 7
3 8
3 10
3 15
3 17
3 18
3 22
3 23
3 27
3 31
3 34
3 54
3 60
3 64
3 65
3 83
3 84
3 86
3 87
3 88
3 93
3 100
3 101
3 103
4 4
4 5
4 6
4 8
4 9
4 12
4 13
4 14
4 15
4 49
4 58
4 59
4 60
4 61
4 63
4 65
4 88
4 92
4 93
5 5
5 8
5 9
5 14
5 15
5 21
5 22
5 23
5 26
5 27
5 57
5 58
5 59
5 60
5 64
5 65
5 66
5 86
5 88
5 89
5 93
5 101
6 6
6 7
6 8
6 9
6 12
6 42
6 44
6 49
6 61
6 91
6 108
6 111
7 7
7 8
7 9
7 11
7 65
7 90
7 91
7 92
7 102
8 8
8 9
8 10
8 14
8 15
8 22
8 23
8 26
8 58
8 59
8 60
8 61
8 63
8 64
8 65
8 88
8 91
8 92
8 93
8 100
8 101
8 102
8 106
9 9
9 12
9 15
9 26
9 42
9 44
9 45
9 49
9 60
9 61
9 65
9 67
9 90
9 91
9 92
9 93
9 101
10 10
10 14
10 16
10 18
10 19
10 22
10 23
10 52
10 54
10 58
10 59
10 60
10 61
10 62
10 64
10 65
10 76
10 82
10 83
10 84
10 87
10 88
10 89
10 93
10 101
11 11
11 13
11 17
11 50
11 54
11 62
12 12
12 13
12 16
12 19
12 28
12 29
12 32
12 33
12 57
12 58
12 59
12 60
12 61
12 62
12 63
12 72
12 78
12 80
12 81
13 13
13 15
13 17
13 20
13 36
13 38
13 52
13 53
13 58
13 59
13 60
13 61
13 62
13 63
13 70
13 71
13 72
13 75
13 106
13 115
14 14
14 15
14 22
14 23
14 26
14 27
14 57
14 58
14 59
14 60
14 61
14 63
14 64
14 65
14 67
14 82
14 83
14 88
14 89
14 93
15 15
15 22
15 23
15 26
15 27
15 38
15 58
15 59
15 60
15 61
15 64
15 65
15 70
15 88
15 89
15 91
15 92
15 93
15 106
16 16
16 17
16 19
16 20
16 21
16 25
16 28
16 29
16 30
16 31
16 32
16 33
16 40
16 41
16 56
16 57
16 58
16 59
16 62
16 63
16 68
16 69
16 71
16 72
16 75
16 78
16 79
16 80
16 81
16 82
16 83
17 17
17 20
17 28
17 29
17 30
17 31
17 33
17 35
17 41
17 52
17 53
17 60
17 61
17 62
17 63
17 64
17 65
17 71
17 72
17 73
17 74
17 75
17 79
17 80
17 81
17 83
17 88
17 89
18 18
18 19
18 22
18 23
18 30
18 64
18 65
18 68
18 73
18 84
18 93
18 101
19 19
19 24
19 28
19 29
19 30
19 32
19 33
19 35
19 40
19 41
19 67
19 69
19 78
19 80
19 81
19 82
19 83
19 84
20 20
20 21
20 26
20 28
20 29
20 30
20 31
20 32
20 33
20 37
20 38
20 39
20 40
20 41
20 57
20 64
20 70
20 71
20 72
20 73
20 74
20 75
20 77
20 78
20 79
20 80
20 81
20 109
21 21
21 25
21 27
21 28
21 29
21 30
21 31
21 32
21 33
21 37
21 40
21 41
21 57
21 69
21 70
21 71
21 72
21 73
21 75
21 78
21 79
21 80
21 81
21 109
22 22
22 23
22 25
22 26
22 27
22 31
22 34
22 51
22 59
22 64
22 65
22 73
22 83
22 86
22 87
22 88
22 93
22 101
22 112
23 23
23 25
23 26
23 27
23 31
23 34
23 59
23 64
23 65
23 73
23 76
23 83
23 88
23 92
23 93
23 100
23 101
23 102
23 103
23 112
23 113
24 24
24 25
24 29
24 31
24 35
24 41
24 79
24 81
25 25
25 27
25 31
25 68
25 69
25 73
25 75
25 79
25 81
25 83
26 26
26 27
26 35
26 48
26 58
26 59
26 64
26 65
26 88
26 91
26 110
27 27
27 58
27 59
27 69
27 82
27 83
27 84
27 86
27 87
27 88
28 28
28 29
28 30
28 31
28 32
28 33
28 40
28 41
28 57
28 62
28 68
28 71
28 72
28 74
28 78
28 79
28 80
28 81
28 83
29 29
29 30
29 31
29 32
29 33
29 34
29 35
29 37
29 40
29 41
29 62
29 63
29 70
29 71
29 72
29 73
29 74
29 75
29 77
29 78
29 79
29 80
29 81
29 83
30 30
30 31
30 32
30 33
30 34
30 35
30 40
30 41
30 62
30 64
30 71
30 72
30 73
30 74
30 75
30 78
30 79
30 81
30 108
31 31
31 32
31 33
31 34
31 40
31 41
31 62
31 63
31 64
31 71
31 72
31 73
31 74
31 75
31 79
31 80
31 81
31 83
31 84
32 32
32 33
32 40
32 41
32 56
32 57
32 62
32 68
32 69
32 71
32 72
32 73
32 78
32 79
32 80
32 81
33 33
33 35
33 40
33 41
33 56
33 57
33 62
33 69
33 71
33 72
33 73
33 74
33 75
33 78
33 79
33 80
33 81
34 34
34 37
34 63
34 64
34 65
34 73
34 74
34 76
34 77
34 83
34 88
34 92
34 97
34 100
34 102
34 104
34 105
34 106
34 107
34 112
34 114
35 35
35 40
35 41
35 64
35 65
35 69
35 79
35 100
35 106
36 36
36 37
36 38
36 39
36 40
36 41
36 50
36 55
36 70
36 72
36 73
36 74
36 75
36 76
36 77
36 79
36 80
36 81
36 82
36 84
36 85
36 86
36 94
36 96
36 97
36 105
36 107
36 109
36 115
37 37
37 38
37 39
37 40
37 41
37 55
37 70
37 71
37 72
37 73
37 74
37 75
37 76
37 77
37 79
37 81
37 96
37 97
37 107
37 109
38 38
38 39
38 41
38 50
38 55
38 70
38 73
38 74
38 75
38 77
38 79
38 94
38 95
38 96
38 99
38 105
38 106
38 107
38 109
38 115
39 39
39 40
39 41
39 42
39 43
39 46
39 47
39 55
39 70
39 77
39 78
39 79
39 94
39 95
39 96
39 97
39 99
39 103
39 104
39 105
39 107
39 108
39 109
39 111
39 114
39 115
40 40
40 41
40 69
40 70
40 72
40 74
40 75
40 77
40 78
40 79
40 80
40 81
40 82
40 83
40 109
41 41
41 70
41 71
41 72
41 73
41 74
41 75
41 77
41 78
41 79
41 80
41 81
41 83
41 109
42 42
42 43
42 44
42 45
42 46
42 47
42 49
42 55
42 91
42 96
42 98
42 99
42 101
42 109
42 110
42 111
43 43
43 44
43 45
43 46
43 47
43 49
43 55
43 56
43 57
43 66
43 67
43 69
43 85
43 91
43 96
43 98
43 99
43 109
43 110
43 111
44 44
44 45
44 46
44 47
44 48
44 49
44 55
44 57
44 66
44 67
44 69
44 90
44 91
44 94
44 96
44 98
44 99
44 109
44 110
44 111
45 45
45 46
45 47
45 49
45 57
45 66
45 67
45 69
45 91
45 94
45 96
45 97
45 99
45 109
45 110
45 111
46 46
46 47
46 50
46 55
46 94
46 95
46 96
46 97
46 98
46 99
46 108
46 109
46 110
46 111
46 112
47 47
47 50
47 55
47 78
47 96
47 98
47 99
47 108
47 109
47 110
47 111
48 48
48 49
48 50
48 51
48 54
48 58
48 89
48 90
48 98
48 110
48 111
48 112
49 49
49 51
49 57
49 59
49 61
49 66
49 67
49 90
49 91
49 99
49 111
50 50
50 51
50 53
50 54
50 55
50 85
50 90
50 96
50 97
50 98
50 99
50 107
50 109
50 111
50 112
51 51
51 54
51 55
51 86
51 88
51 90
51 92
51 96
51 98
51 99
51 112
52 52
52 53
52 54
52 58
52 60
52 63
52 68
52 75
52 82
52 83
52 84
52 85
52 87
52 89
52 90
53 53
53 54
53 84
53 85
53 90
53 100
53 113
53 115
54 54
54 60
54 64
54 76
54 77
54 84
54 85
54 86
54 87
54 88
54 89
54 90
55 55
55 68
55 77
55 85
55 94
55 96
55 97
55 98
55 99
55 108
55 109
55 111
55 112
56 56
56 57
56 58
56 66
56 68
56 69
56 78
56 79
56 80
56 81
56 82
56 84
56 85
56 86
56 87
57 57
57 59
57 61
57 66
57 69
57 78
57 79
57 80
57 81
58 58
58 59
58 60
58 61
58 63
58 65
58 66
58 82
58 83
58 84
58 88
58 89
59 59
59 60
59 61
59 62
59 63
59 65
59 66
59 83
59 88
59 89
59 93
60 60
60 61
60 62
60 63
60 64
60 65
60 88
60 89
60 100
60 113
60 114
61 61
61 62
61 63
61 65
61 88
61 93
61 113
62 62
62 63
62 72
62 74
62 80
62 81
62 83
63 63
63 64
63 65
63 71
63 72
63 73
63 74
63 75
63 81
63 83
63 88
63 89
63 100
64 64
64 65
64 71
64 74
64 75
64 76
64 83
64 84
64 88
64 89
64 93
64 100
65 65
65 76
65 88
65 89
65 92
65 93
65 100
65 101
65 103
65 106
65 113
66 66
66 67
66 68
66 69
67 67
67 69
67 91
67 102
67 110
68 68
68 69
68 78
68 79
68 80
68 81
68 84
68 85
68 87
69 69
69 79
69 82
69 110
70 70
70 71
70 72
70 73
70 74
70 75
70 76
70 77
70 79
70 81
70 109
71 71
71 72
71 73
71 74
71 75
71 79
71 81
72 72
72 73
72 74
72 75
72 77
72 78
72 79
72 80
72 81
72 83
72 108
72 109
73 73
73 74
73 75
73 79
73 81
73 95
74 74
74 75
74 76
74 77
74 79
74 81
74 95
74 97
75 75
75 76
75 77
75 79
75 81
75 83
75 95
76 76
76 77
76 86
76 87
76 88
76 93
76 95
76 97
76 99
76 101
76 103
76 104
76 105
76 107
76 109
76 112
76 113
77 77
77 79
77 82
77 83
77 87
77 95
77 97
77 99
77 104
77 105
77 106
77 107
77 109
77 112
77 115
78 78
78 79
78 80
78 81
78 82
78 83
79 79
79 80
79 81
79 82
79 83
79 109
80 80
80 81
80 82
80 83
80 84
80 85
81 81
81 82
81 83
82 82
82 83
82 84
82 85
82 86
82 87
82 88
82 89
83 83
83 84
83 87
83 88
83 89
84 84
84 85
84 86
84 87
84 88
84 89
85 85
85 86
85 87
85 96
85 97
85 98
86 86
86 87
86 88
86 89
87 87
87 88
87 89
87 93
88 88
88 89
88 93
89 89
90 90
90 91
90 92
90 93
90 98
90 99
90 100
90 102
90 106
90 107
90 111
90 112
90 113
91 91
91 92
91 93
91 98
91 99
91 102
91 106
91 111
91 112
92 92
92 93
92 94
92 98
92 100
92 102
92 103
92 104
92 105
92 106
92 107
92 112
92 113
92 114
93 93
93 100
93 101
93 102
93 103
93 106
93 107
93 112
93 113
93 114
94 94
94 95
94 96
94 97
94 98
94 99
94 102
94 103
94 104
94 105
94 107
94 108
94 109
94 111
94 114
94 115
95 95
95 97
95 103
95 105
95 107
95 108
95 109
95 114
95 115
96 96
96 97
96 98
96 99
96 108
96 109
96 110
96 111
96 112
97 97
97 98
97 99
97 105
97 107
97 108
97 109
97 110
97 111
97 112
97 114
98 98
98 99
98 102
98 103
98 105
98 107
98 108
98 110
98 111
98 112
98 113
98 115
99 99
99 103
99 105
99 107
99 108
99 109
99 110
99 111
99 112
100 100
100 101
100 102
100 103
100 104
100 105
100 106
100 107
100 112
100 113
100 114
100 115
101 101
101 102
101 103
101 105
101 107
101 111
101 114
102 102
102 103
102 104
102 105
102 106
102 107
102 112
102 113
102 114
102 115
103 103
103 104
103 105
103 106
103 107
103 108
103 111
103 112
103 113
103 114
103 115
104 104
104 105
104 106
104 107
104 108
104 109
104 113
104 114
104 115
105 105
105 106
105 107
105 108
105 109
105 112
105 113
105 114
105 115
106 106
106 107
106 109
106 112
106 114
106 115
107 107
107 108
107 109
107 112
107 113
107 114
107 115
108 108
108 109
108 111
108 112
108 113
108 114
108 115
109 109
109 110
109 111
109 112
110 110
110 111
110 112
111 111
111 112
112 112
112 113
112 114
113 113
113 114
113 115
114 114
114 115
115 115
