0 0
0 1
0 5
0 6
0 7
0 10
0 11
0 12
0 13
0 15
0 19
0 20
0 33
0 35
0 60
0 65
0 66
0 75
0 76
0 77
0 93
0 105
1 1
1 7
1 11
1 12
1 13
1 15
1 16
1 17
1 19
1 29
1 33
1 36
1 37
1 41
1 60
1 62
1 63
1 65
1 68
1 73
1 74
1 75
1 76
1 77
1 83
1 95
1 102
1 105
1 108
1 112
2 2
2 3
2 5
2 6
2 8
2 10
2 18
2 20
2 21
2 22
2 23
2 25
2 27
2 30
2 31
2 34
2 64
2 66
2 67
2 70
2 71
2 82
2 86
2 88
2 93
2 101
3 3
3 6
3 7
3 18
3 19
3 21
3 22
3 23
3 30
3 31
3 34
3 71
3 82
3 83
3 86
3 88
3 91
3 93
3 100
3 101
3 102
3 103
3 104
4 4
4 5
4 9
4 86
4 91
4 92
4 93
4 101
5 5
5 6
5 7
5 8
5 9
5 10
5 11
5 12
5 15
5 18
5 19
5 23
5 25
5 31
5 33
5 67
5 70
5 71
5 75
5 76
5 77
5 88
5 91
5 93
5 95
5 101
5 105
5 107
5 108
5 115
6 6
6 7
6 9
6 10
6 11
6 12
6 18
6 19
6 23
6 30
6 31
6 33
6 35
6 64
6 65
6 66
6 67
6 70
6 71
6 72
6 73
6 74
6 75
6 76
6 77
6 82
6 91
6 93
6 95
6 101
6 104
6 105
6 107
6 108
7 7
7 9
7 11
7 13
7 19
7 31
7 33
7 41
7 65
7 67
7 71
7 73
7 74
7 88
7 92
7 93
7 100
7 101
7 102
7 104
8 8
8 10
8 12
8 14
8 15
8 18
8 20
8 21
8 22
8 23
8 24
8 25
8 26
8 27
8 30
8 31
8 33
8 34
8 35
8 64
8 65
8 67
8 77
8 82
8 88
8 93
8 101
8 102
8 103
8 104
8 107
9 9
9 41
9 86
9 88
9 92
10 10
10 11
10 12
10 14
10 15
10 18
10 20
10 23
10 25
10 27
10 30
10 31
10 33
10 35
10 64
10 66
10 67
10 71
10 82
10 84
10 88
10 93
10 101
10 103
11 11
11 12
11 13
11 15
11 17
11 19
11 28
11 29
11 33
11 41
11 71
11 72
11 73
11 74
11 75
11 76
11 77
11 83
11 95
11 105
11 108
12 12
12 13
12 14
12 15
12 33
12 35
12 60
12 62
12 64
12 65
12 66
12 75
12 76
12 77
12 82
12 88
12 102
13 13
13 15
13 16
13 17
13 19
13 28
13 29
13 33
13 35
13 41
13 60
13 61
13 62
13 63
13 65
13 72
13 73
13 74
13 75
13 76
13 77
13 83
13 100
14 14
14 15
14 18
14 20
14 21
14 22
14 23
14 24
14 25
14 26
14 27
14 30
14 31
14 33
14 34
14 35
14 64
14 77
14 82
14 88
14 93
14 101
14 103
14 104
14 106
14 107
14 109
15 15
15 19
15 23
15 29
15 33
15 35
15 36
15 40
15 41
15 64
15 65
15 71
15 74
15 75
15 76
15 77
15 88
15 93
15 95
15 107
15 112
16 16
16 17
16 28
16 29
16 51
16 56
16 57
16 61
16 62
16 63
16 68
16 72
16 78
16 79
16 80
16 81
16 83
17 17
17 19
17 28
17 29
17 32
17 33
17 36
17 37
17 40
17 41
17 57
17 62
17 63
17 68
17 72
17 73
17 74
17 75
17 76
17 77
17 78
17 79
17 80
17 81
17 83
17 105
17 107
17 108
17 115
18 18
18 19
18 20
18 21
18 22
18 23
18 25
18 27
18 30
18 31
18 33
18 34
18 64
18 67
18 71
18 77
18 82
18 88
18 91
18 93
18 101
18 103
18 104
18 105
18 107
19 19
19 23
19 28
19 29
19 31
19 32
19 33
19 36
19 37
19 40
19 41
19 70
19 71
19 72
19 73
19 74
19 75
19 76
19 77
19 83
19 91
19 93
19 95
19 101
19 103
19 104
19 105
19 107
19 108
19 115
20 20
20 21
20 23
20 25
20 26
20 27
20 30
20 31
20 33
20 64
20 66
20 67
20 71
20 82
20 88
20 101
20 103
20 104
20 105
20 107
21 21
21 22
21 23
21 25
21 27
21 28
21 30
21 31
21 33
21 34
21 64
21 69
21 71
21 79
21 82
21 88
21 91
21 114
22 22
22 23
22 24
22 25
22 27
22 30
22 31
22 34
22 44
22 45
22 50
22 64
22 82
22 84
22 86
22 87
22 88
23 23
23 25
23 27
23 30
23 31
23 33
23 34
23 38
23 64
23 67
23 70
23 71
23 74
23 75
23 76
23 77
23 82
23 86
23 88
23 91
23 93
23 101
23 103
23 107
23 114
24 24
24 25
24 26
24 27
24 38
24 42
24 43
24 69
24 82
24 96
24 97
24 109
24 110
24 113
25 25
25 26
25 27
25 30
25 31
25 64
25 66
25 67
25 82
25 88
26 26
26 27
26 82
26 103
26 104
26 106
26 107
26 110
27 27
27 30
27 31
27 33
27 34
27 35
27 64
27 67
27 69
27 71
27 82
27 88
27 93
27 101
27 103
27 106
27 109
28 28
28 29
28 32
28 33
28 36
28 37
28 40
28 71
28 72
28 73
28 74
28 75
28 76
28 77
28 78
28 79
28 80
28 81
28 82
28 83
28 94
28 95
28 104
28 107
28 114
28 115
29 29
29 32
29 33
29 35
29 36
29 37
29 40
29 41
29 62
29 72
29 73
29 74
29 75
29 76
29 77
29 80
29 81
29 83
29 95
29 105
29 108
29 115
30 30
30 31
30 33
30 34
30 35
30 64
30 66
30 67
30 71
30 77
30 82
30 88
30 93
30 101
30 107
31 31
31 33
31 34
31 35
31 64
31 66
31 67
31 71
31 75
31 76
31 77
31 82
31 88
31 93
31 101
31 103
31 104
31 105
31 107
31 114
32 32
32 33
32 36
32 66
32 67
32 72
32 76
32 105
33 33
33 34
33 35
33 36
33 40
33 41
33 64
33 65
33 66
33 67
33 70
33 71
33 72
33 73
33 74
33 75
33 76
33 77
33 82
33 88
33 93
33 95
33 101
33 104
33 105
33 107
33 114
33 115
34 34
34 35
34 64
34 67
34 71
34 77
34 82
34 88
34 93
34 101
35 35
35 36
35 64
35 65
35 67
35 71
35 72
35 75
35 76
35 77
35 82
35 88
35 93
35 95
35 101
35 104
35 105
35 107
35 109
36 36
36 37
36 38
36 39
36 40
36 72
36 73
36 74
36 75
36 76
36 77
36 94
36 95
36 99
36 104
36 105
36 107
36 108
36 109
36 112
36 115
37 37
37 38
37 39
37 40
37 72
37 73
37 74
37 75
37 76
37 77
37 94
37 95
37 99
37 105
37 107
37 108
37 112
37 115
38 38
38 39
38 40
38 54
38 55
38 89
38 94
38 96
38 97
38 99
39 39
39 40
39 94
39 95
39 97
39 99
40 40
40 72
40 73
40 74
40 75
40 76
40 77
40 78
40 94
40 95
40 99
40 104
40 105
40 107
40 114
40 115
41 41
41 65
41 70
41 71
41 72
41 73
41 74
41 75
41 76
41 77
42 42
42 43
42 44
42 45
42 46
42 47
42 48
42 49
42 50
42 51
42 52
42 53
42 55
42 56
42 57
42 59
42 86
42 87
42 90
42 96
42 97
42 98
42 110
42 111
43 43
43 44
43 45
43 46
43 47
43 49
43 50
43 51
43 96
43 110
43 111
44 44
44 45
44 46
44 47
44 48
44 49
44 50
44 51
44 52
44 53
44 54
44 55
44 56
44 57
44 59
44 85
44 86
44 87
44 89
44 90
44 96
44 98
44 111
45 45
45 46
45 47
45 48
45 49
45 50
45 51
45 52
45 53
45 55
45 56
45 57
45 59
45 61
45 84
45 85
45 86
45 87
45 89
45 90
45 96
45 98
45 111
46 46
46 47
46 48
46 49
46 50
46 51
46 52
46 53
46 54
46 55
46 56
46 57
46 59
46 61
46 63
46 85
46 87
46 89
46 90
46 96
46 98
46 111
47 47
47 48
47 49
47 50
47 51
47 52
47 53
47 55
47 56
47 57
47 59
47 86
47 87
47 89
47 90
47 96
47 98
47 111
48 48
48 49
48 50
48 51
48 52
48 53
48 58
48 59
48 60
48 61
48 63
48 65
48 98
49 49
49 50
49 51
49 52
49 53
49 54
49 55
49 56
49 57
49 58
49 59
49 61
49 63
49 86
49 87
49 89
49 90
49 96
49 98
49 111
50 50
50 51
50 52
50 53
50 54
50 55
50 56
50 57
50 59
50 61
50 84
50 85
50 86
50 87
50 89
50 90
50 96
50 98
50 111
51 51
51 52
51 53
51 54
51 55
51 56
51 57
51 59
51 61
51 63
51 80
51 87
51 89
51 90
51 96
51 98
51 111
52 52
52 53
52 54
52 55
52 56
52 57
52 59
52 61
52 63
52 89
52 90
52 96
52 98
52 111
53 53
53 54
53 55
53 56
53 57
53 59
53 61
53 63
53 85
53 87
53 89
53 90
53 96
53 98
53 111
54 54
54 55
54 59
54 61
54 79
54 89
54 90
54 94
54 96
54 98
54 99
55 55
55 56
55 57
55 59
55 61
55 63
55 85
55 87
55 89
55 90
55 96
55 97
55 98
55 99
55 111
56 56
56 57
56 59
56 61
56 62
56 63
56 68
56 79
56 80
56 81
56 87
56 90
56 96
56 98
56 111
57 57
57 59
57 61
57 62
57 63
57 68
57 78
57 79
57 80
57 81
57 96
57 98
57 111
58 58
58 59
58 60
58 61
58 66
58 96
59 59
59 60
59 61
59 62
59 63
59 66
59 87
59 89
59 96
59 98
59 110
60 60
60 61
60 62
60 63
60 65
61 61
61 62
61 63
61 80
61 98
62 62
62 63
62 68
62 80
62 81
62 83
63 63
63 68
63 80
63 81
63 98
63 111
64 64
64 65
64 71
64 82
64 88
64 93
64 101
64 104
65 65
65 88
65 101
65 106
65 112
66 66
66 67
66 110
67 67
67 71
67 76
67 77
67 101
67 105
68 68
68 80
68 81
68 98
68 99
68 111
68 112
69 69
69 78
69 79
69 84
69 85
69 93
69 113
69 114
70 70
70 71
70 72
70 73
70 74
70 75
70 76
70 77
70 91
70 93
70 101
71 71
71 72
71 73
71 74
71 75
71 76
71 77
71 82
71 88
71 91
71 93
71 101
71 104
71 107
71 114
72 72
72 73
72 74
72 75
72 76
72 77
72 78
72 81
73 73
73 74
73 75
73 76
73 77
73 78
73 81
73 114
73 115
74 74
74 75
74 76
74 77
74 99
74 105
74 107
74 112
74 114
74 115
75 75
75 76
75 77
75 93
75 104
75 105
75 107
75 115
76 76
76 77
76 93
76 95
76 104
76 105
76 107
76 108
76 112
76 115
77 77
77 93
77 95
77 101
77 104
77 105
77 107
77 108
77 114
77 115
78 78
78 79
78 80
78 81
78 94
78 114
78 115
79 79
79 80
79 81
79 89
79 94
79 99
80 80
80 81
80 99
80 111
81 81
81 94
81 99
82 82
82 83
82 86
82 88
82 91
82 93
82 100
82 101
82 102
82 103
82 104
82 106
82 109
83 83
83 92
83 100
84 84
84 85
84 86
84 87
84 92
84 100
85 85
85 87
85 89
85 90
85 92
85 96
85 98
85 99
85 113
86 86
86 87
86 88
86 92
86 93
86 100
86 101
86 102
87 87
87 96
87 98
88 88
88 93
88 100
88 101
88 102
88 103
88 104
88 106
89 89
89 90
89 96
89 98
89 99
90 90
90 92
90 96
90 98
90 111
90 113
91 91
91 92
91 93
91 100
91 101
91 102
91 103
91 104
91 112
91 113
91 114
92 92
92 93
92 100
92 101
92 102
92 113
93 93
93 100
93 101
93 102
93 103
93 104
93 106
93 113
93 114
94 94
94 95
94 97
94 99
94 107
94 108
94 111
94 114
94 115
95 95
95 99
95 103
95 104
95 105
95 107
95 108
95 109
95 112
95 115
96 96
96 97
96 98
96 110
96 111
96 113
97 97
97 98
97 99
97 109
97 110
97 111
97 113
98 98
98 99
98 111
99 99
99 111
99 112
99 113
100 100
100 101
100 102
100 103
100 104
100 106
100 109
100 113
101 101
101 102
101 103
101 104
101 105
101 106
101 114
102 102
102 103
102 104
102 106
102 109
102 113
103 103
103 104
103 105
103 106
103 109
103 113
103 114
104 104
104 105
104 107
104 108
104 114
104 115
105 105
105 107
105 108
105 115
106 106
107 107
107 108
107 114
107 115
108 108
108 115
109 109
109 110
109 113
110 110
111 111
111 112
112 112
112 113
113 113
113 114
114 114
114 115
115 115
