0 0
0 1
0 11
0 32
0 36
0 40
0 54
0 56
0 58
0 59
0 60
0 62
0 68
0 74
0 82
0 86
0 87
0 88
1 1
1 11
1 13
1 16
1 17
1 19
1 29
1 32
1 33
1 41
1 52
1 54
1 56
1 57
1 58
1 59
1 60
1 61
1 62
1 63
1 66
1 68
1 69
1 80
1 81
1 82
1 83
1 84
1 87
2 2
2 3
2 4
2 6
2 7
2 8
2 18
2 22
2 23
2 24
2 25
2 26
2 27
2 30
2 31
2 34
2 35
2 43
2 45
2 46
2 47
2 48
2 50
2 55
2 64
2 65
2 67
2 86
2 88
2 92
2 93
2 96
2 110
3 3
3 4
3 5
3 6
3 7
3 8
3 9
3 18
3 19
3 22
3 23
3 30
3 31
3 39
3 65
3 77
3 87
3 88
3 89
3 90
3 91
3 92
3 93
3 110
4 4
4 5
4 6
4 8
4 9
4 18
4 20
4 21
4 24
4 25
4 26
4 27
4 30
4 31
4 44
4 70
4 71
4 109
4 111
5 5
5 9
5 15
5 18
5 19
5 20
5 21
5 23
5 24
5 25
5 26
5 27
5 39
5 69
5 97
5 110
6 6
6 12
6 18
6 19
6 20
6 21
6 44
6 49
6 70
6 71
6 77
6 87
6 90
6 91
6 106
7 7
7 9
7 11
7 18
7 22
7 23
7 25
7 31
7 48
7 51
7 61
7 64
7 65
7 87
7 88
7 89
7 92
7 93
7 100
7 110
8 8
8 9
8 12
8 14
8 18
8 19
8 20
8 24
8 28
8 30
8 31
8 44
8 70
8 90
8 91
8 92
8 109
8 111
9 9
9 12
9 13
9 14
9 15
9 19
9 20
9 24
9 28
9 52
9 61
9 65
9 83
9 90
9 91
9 92
9 100
10 10
10 11
10 12
10 13
10 14
10 22
10 39
10 48
10 64
10 65
10 82
10 93
10 94
10 97
10 111
11 11
11 13
11 14
11 15
11 40
11 48
11 51
11 54
11 60
11 61
11 64
11 65
11 82
11 83
11 84
11 85
11 86
11 87
11 88
11 89
12 12
12 13
12 14
12 15
12 28
12 83
12 84
12 91
12 95
12 100
12 103
12 104
12 105
12 107
12 108
12 114
12 115
13 13
13 14
13 15
13 17
13 28
13 29
13 33
13 40
13 52
13 54
13 57
13 61
13 62
13 63
13 80
13 81
13 82
13 83
13 84
13 87
14 14
14 15
14 28
14 30
14 52
14 64
14 82
14 83
14 84
14 88
14 103
14 104
14 105
14 107
14 114
14 115
15 15
15 17
15 19
15 28
15 29
15 40
15 52
15 60
15 61
15 62
15 63
15 65
15 74
15 75
15 82
15 83
15 84
15 87
15 107
16 16
16 17
16 28
16 29
16 32
16 33
16 36
16 40
16 41
16 52
16 56
16 57
16 62
16 63
16 68
16 72
16 78
16 79
16 80
16 81
16 83
16 84
16 95
16 99
16 104
16 107
16 108
16 114
16 115
17 17
17 28
17 29
17 32
17 33
17 36
17 37
17 40
17 41
17 56
17 57
17 62
17 63
17 68
17 72
17 73
17 78
17 79
17 80
17 81
17 83
17 84
17 103
17 104
17 112
18 18
18 19
18 20
18 21
18 23
18 24
18 30
18 58
18 59
18 66
18 67
18 69
18 70
18 77
18 82
18 86
18 87
18 90
18 91
18 92
18 93
18 110
19 19
19 20
19 21
19 33
19 58
19 59
19 66
19 68
19 69
19 70
19 74
19 82
19 83
19 87
19 90
19 91
19 106
20 20
20 21
20 24
20 26
20 29
20 30
20 44
20 59
20 66
20 67
20 69
20 70
20 71
20 72
20 73
20 75
20 109
21 21
21 24
21 26
21 27
21 29
21 38
21 41
21 44
21 66
21 67
21 69
21 70
21 71
21 73
21 75
21 76
21 106
21 109
21 110
22 22
22 23
22 24
22 25
22 26
22 27
22 30
22 31
22 34
22 38
22 39
22 43
22 46
22 47
22 48
22 50
22 55
22 64
22 65
22 86
22 88
22 89
22 93
22 96
22 97
22 98
22 110
23 23
23 24
23 25
23 26
23 27
23 30
23 31
23 39
23 43
23 46
23 47
23 48
23 50
23 51
23 55
23 64
23 65
23 86
23 88
23 89
23 92
23 93
23 96
23 97
23 110
23 111
24 24
24 25
24 26
24 27
24 30
24 31
24 44
24 46
24 47
24 53
24 94
24 109
24 110
24 111
25 25
25 26
25 27
25 30
25 31
25 34
25 35
25 42
25 43
25 45
25 46
25 47
25 50
25 64
25 65
25 86
25 96
25 97
25 110
26 26
26 27
26 30
26 31
26 46
26 47
26 96
26 97
26 110
27 27
27 30
27 31
27 39
27 43
27 46
27 47
27 50
27 55
27 64
27 86
27 88
27 89
27 96
27 110
28 28
28 29
28 32
28 36
28 40
28 57
28 63
28 72
28 78
28 79
28 80
28 81
28 82
28 83
28 84
28 95
28 99
28 103
28 104
28 105
28 107
28 108
28 109
28 112
28 114
28 115
29 29
29 33
29 37
29 40
29 41
29 57
29 63
29 68
29 69
29 70
29 72
29 73
29 76
29 78
29 79
29 80
29 81
29 83
29 84
29 103
29 104
29 105
29 107
30 30
30 31
30 40
30 82
30 83
30 84
30 114
30 115
31 31
31 34
31 40
31 42
31 43
31 46
31 47
31 64
31 83
31 96
31 114
31 115
32 32
32 33
32 36
32 37
32 40
32 41
32 55
32 56
32 57
32 63
32 68
32 72
32 74
32 78
32 80
32 81
32 84
32 94
32 96
33 33
33 36
33 40
33 57
33 62
33 63
33 68
33 69
33 74
33 76
33 78
33 80
33 81
33 84
34 34
34 35
34 42
34 43
34 45
34 46
34 47
34 48
34 50
34 64
34 67
34 76
34 85
34 96
34 110
35 35
35 38
35 39
35 45
35 47
35 48
35 55
35 60
35 61
35 64
35 65
35 67
35 71
35 76
35 77
35 92
35 93
35 94
35 110
36 36
36 37
36 40
36 52
36 54
36 56
36 57
36 62
36 63
36 68
36 72
36 74
36 78
36 80
36 81
36 82
36 83
36 84
36 114
36 115
37 37
37 38
37 40
37 41
37 55
37 56
37 57
37 63
37 68
37 73
37 78
37 79
37 80
37 81
37 102
38 38
38 39
38 41
38 47
38 55
38 67
38 77
38 89
38 93
38 94
38 96
38 97
38 98
38 110
39 39
39 41
39 46
39 47
39 55
39 60
39 64
39 67
39 77
39 86
39 87
39 89
39 93
39 94
39 96
39 97
39 109
39 110
40 40
40 41
40 52
40 54
40 56
40 57
40 63
40 68
40 72
40 74
40 78
40 80
40 81
40 82
40 83
40 84
40 104
40 105
40 107
41 41
41 54
41 55
41 57
41 63
41 73
41 79
41 80
41 81
41 84
42 42
42 43
42 44
42 45
42 46
42 47
42 48
42 50
42 85
42 96
42 98
42 104
42 107
42 108
42 113
42 114
42 115
43 43
43 45
43 46
43 47
43 48
43 50
43 51
43 55
43 64
43 85
43 94
43 95
43 96
43 98
43 108
43 110
43 111
43 113
44 44
44 45
44 49
44 51
44 53
44 67
44 70
44 90
44 91
44 95
44 103
44 104
44 108
44 109
44 111
44 113
44 114
44 115
45 45
45 46
45 47
45 50
45 51
45 64
45 65
45 67
46 46
46 47
46 48
46 50
46 55
46 64
46 85
46 86
46 89
46 94
46 96
46 97
46 98
46 110
47 47
47 48
47 50
47 55
47 64
47 67
47 85
47 89
47 93
47 94
47 96
47 97
47 98
47 110
47 111
48 48
48 50
48 51
48 55
48 60
48 64
48 65
48 67
48 71
48 86
48 88
48 89
48 93
48 94
48 96
48 97
48 110
48 111
49 49
49 51
49 52
49 53
49 70
49 87
49 90
49 91
49 99
49 106
50 50
50 51
50 55
50 64
50 65
50 85
50 86
50 88
50 89
50 93
50 96
50 98
50 110
50 113
51 51
51 64
51 65
51 67
51 75
51 86
51 89
51 92
51 93
51 95
51 100
51 113
52 52
52 53
52 56
52 57
52 58
52 59
52 62
52 63
52 68
52 69
52 72
52 74
52 78
52 80
52 81
52 82
52 83
52 84
52 98
52 101
52 102
52 104
52 105
52 107
53 53
53 57
53 59
53 66
53 68
53 90
53 91
53 98
53 99
54 54
54 55
54 56
54 61
54 82
54 84
54 85
54 88
54 89
55 55
55 60
55 64
55 67
55 86
55 88
55 89
55 93
55 94
55 96
55 97
55 98
55 110
56 56
56 57
56 58
56 59
56 60
56 62
56 63
56 68
56 78
56 80
56 81
56 84
56 87
57 57
57 59
57 62
57 63
57 66
57 68
57 69
57 72
57 73
57 78
57 79
57 80
57 81
57 84
57 99
57 102
58 58
58 59
58 60
58 61
58 62
58 66
58 68
58 69
58 74
58 93
59 59
59 60
59 62
59 63
59 66
59 68
59 69
59 74
59 86
59 87
60 60
60 61
60 62
60 64
60 65
60 87
60 93
61 61
61 64
61 65
61 87
61 88
62 62
62 63
62 66
62 68
62 72
62 74
62 80
62 81
62 82
62 101
62 102
63 63
63 68
63 72
63 78
63 79
63 80
63 81
63 83
63 84
63 101
63 102
64 64
64 65
64 85
64 86
64 88
64 89
64 93
64 94
64 96
64 98
64 110
65 65
65 77
65 88
65 89
65 92
65 93
65 94
65 97
65 100
65 110
66 66
66 67
66 68
66 69
66 70
66 71
66 73
66 76
66 77
66 90
66 91
66 93
66 106
67 67
67 70
67 71
67 76
67 77
67 90
67 91
67 92
67 93
67 94
67 109
67 110
67 111
68 68
68 69
68 72
68 79
68 80
68 81
68 83
68 84
68 102
68 104
68 106
69 69
69 70
69 74
69 76
69 79
69 82
69 83
69 105
69 106
69 107
70 70
70 71
70 72
70 73
70 75
70 76
70 77
70 79
70 90
70 91
70 102
70 103
70 104
70 105
70 106
70 109
71 71
71 73
71 75
71 76
71 77
71 91
71 94
71 95
71 109
71 110
71 111
72 72
72 73
72 74
72 75
72 78
72 79
72 80
72 81
72 84
72 102
72 103
72 104
72 105
72 107
72 114
72 115
73 73
73 75
73 76
73 77
73 79
73 81
73 90
73 102
74 74
74 75
74 76
74 78
74 81
75 75
75 76
76 76
76 77
76 79
76 93
76 110
77 77
77 87
77 89
77 92
77 93
77 97
77 110
78 78
78 79
78 80
78 81
78 84
78 103
78 104
78 105
78 107
78 108
78 114
78 115
79 79
79 80
79 81
79 102
79 103
79 104
79 105
80 80
80 81
80 83
80 84
80 104
80 107
80 114
80 115
81 81
81 83
81 84
81 103
81 104
81 105
81 107
81 114
82 82
82 83
82 84
82 85
82 86
82 87
82 88
82 98
82 107
82 114
83 83
83 84
83 87
83 104
83 105
83 107
83 114
84 84
84 85
84 103
84 104
84 105
84 107
84 114
84 115
85 85
85 86
85 88
85 89
85 96
85 98
85 104
85 105
85 107
85 113
86 86
86 87
86 88
86 89
86 98
86 110
87 87
87 90
87 91
87 92
88 88
88 89
89 89
89 110
90 90
90 91
90 92
90 93
90 95
90 99
90 100
90 101
90 106
90 109
90 111
90 112
91 91
91 92
91 93
91 95
91 99
91 101
91 106
91 109
91 111
91 112
92 92
92 93
92 100
92 101
92 102
92 110
92 112
93 93
93 94
93 95
93 100
93 101
93 109
93 110
93 111
93 112
94 94
94 95
94 96
94 97
94 98
94 108
94 109
94 110
94 111
94 112
94 113
95 95
95 96
95 99
95 103
95 104
95 108
95 109
95 111
95 112
95 113
95 114
95 115
96 96
96 97
96 98
96 99
96 108
96 109
96 110
96 111
96 113
97 97
97 98
97 109
97 110
97 111
97 112
98 98
98 99
99 99
99 108
99 109
99 111
99 112
99 113
99 114
99 115
100 100
100 101
100 102
100 103
100 104
100 105
100 106
100 107
100 115
101 101
101 102
101 103
101 108
101 112
102 102
102 103
102 104
102 105
102 106
102 107
102 114
102 115
103 103
103 104
103 105
103 106
103 107
103 108
103 112
103 113
103 114
103 115
104 104
104 105
104 106
104 107
104 108
104 113
104 114
104 115
105 105
105 106
105 107
105 113
105 114
105 115
106 106
106 107
107 107
107 113
107 114
107 115
108 108
108 109
108 111
108 112
108 113
108 114
108 115
109 109
109 110
109 111
109 112
109 113
110 110
110 111
111 111
111 112
111 113
111 114
111 115
112 112
112 113
112 114
113 113
113 114
113 115
114 114
114 115
115 115
