0 0
0 1
0 6
0 8
0 10
0 11
0 12
0 13
0 14
0 18
0 19
0 32
0 58
0 60
0 64
0 66
0 70
0 71
0 74
0 76
0 91
0 93
0 99
0 100
0 101
0 103
0 111
0 113
1 1
1 10
1 11
1 12
1 13
1 15
1 17
1 29
1 32
1 33
1 36
1 37
1 40
1 52
1 60
1 61
1 62
1 65
1 74
1 75
1 76
1 77
1 89
1 90
1 112
2 2
2 6
2 8
2 22
2 23
2 24
2 25
2 26
2 27
2 30
2 31
2 42
2 43
2 44
2 50
2 64
2 88
2 93
2 101
2 103
2 111
2 115
3 3
3 5
3 7
3 9
3 11
3 13
3 15
3 23
3 25
3 31
3 33
3 34
3 35
3 64
3 65
3 77
3 89
3 90
3 91
3 92
3 102
3 104
3 105
3 111
3 112
3 115
4 4
4 5
4 6
4 7
4 8
4 9
4 11
4 26
4 40
4 44
4 64
4 65
4 88
4 90
4 92
4 111
4 112
5 5
5 9
5 15
5 17
5 20
5 21
5 29
5 31
5 33
5 37
5 38
5 39
5 40
5 41
5 72
5 78
5 80
5 81
5 82
5 83
5 87
6 6
6 7
6 8
6 12
6 14
6 30
6 31
6 64
6 71
6 73
6 74
6 76
6 88
6 90
6 91
6 92
6 93
6 99
6 101
6 103
6 105
6 108
6 111
6 112
7 7
7 8
7 9
7 11
7 13
7 25
7 35
7 61
7 64
7 65
7 75
7 76
7 77
7 88
7 89
7 90
7 91
7 92
7 93
7 100
7 102
7 104
7 105
7 111
7 112
7 114
8 8
8 9
8 12
8 14
8 26
8 44
8 60
8 64
8 65
8 88
8 90
8 91
8 92
8 93
8 99
8 111
8 112
9 9
9 11
9 13
9 15
9 27
9 34
9 40
9 61
9 64
9 65
9 83
9 88
9 89
9 90
9 92
9 112
10 10
10 11
10 12
10 13
10 14
10 18
10 50
10 58
10 64
10 86
10 88
10 91
10 92
10 93
10 100
10 101
10 103
10 113
11 11
11 12
11 13
11 15
11 36
11 61
11 64
11 65
11 75
11 76
11 77
11 88
11 89
11 90
11 91
11 92
11 93
11 104
11 112
11 114
12 12
12 13
12 14
12 36
12 52
12 58
12 60
12 61
12 64
12 71
12 74
12 75
12 76
12 88
12 90
12 91
12 92
12 93
12 99
12 100
12 101
12 103
12 111
12 112
12 113
12 114
13 13
13 15
13 36
13 37
13 61
13 64
13 65
13 71
13 75
13 76
13 77
13 89
13 90
13 91
13 92
13 93
13 112
13 114
14 14
14 22
14 26
14 27
14 30
14 58
14 64
14 74
14 84
14 86
14 88
14 93
14 101
14 111
14 113
15 15
15 17
15 21
15 23
15 28
15 29
15 31
15 33
15 36
15 37
15 40
15 41
15 61
15 72
15 75
15 77
15 82
15 83
15 85
15 89
15 90
16 16
16 17
16 19
16 21
16 28
16 32
16 33
16 36
16 40
16 56
16 57
16 59
16 60
16 62
16 63
16 66
16 68
16 69
16 72
16 74
16 78
16 79
16 80
16 81
16 82
17 17
17 19
17 21
17 28
17 29
17 31
17 33
17 37
17 40
17 41
17 62
17 63
17 70
17 71
17 72
17 73
17 74
17 75
17 76
17 77
17 78
17 79
17 80
17 81
17 82
17 83
17 98
17 111
17 112
18 18
18 19
18 39
18 54
18 59
18 66
18 68
18 69
18 70
18 76
18 86
18 87
18 113
19 19
19 28
19 29
19 32
19 59
19 62
19 68
19 69
19 70
19 72
19 73
19 74
19 76
19 87
19 99
19 113
20 20
20 21
20 29
20 31
20 33
20 40
20 41
20 62
20 70
20 71
20 72
20 76
20 83
21 21
21 22
21 28
21 29
21 30
21 31
21 32
21 33
21 39
21 40
21 62
21 63
21 72
21 78
21 79
21 80
21 81
22 22
22 23
22 24
22 25
22 26
22 27
22 30
22 31
22 42
22 43
22 45
22 47
22 50
22 78
22 79
22 84
22 86
22 113
22 115
23 23
23 24
23 25
23 27
23 30
23 31
23 50
23 84
23 85
23 86
23 87
23 88
23 91
23 93
23 113
23 114
24 24
24 25
24 26
24 27
24 30
24 67
24 78
24 84
24 85
24 88
24 109
24 115
25 25
25 27
25 30
25 31
25 34
25 50
25 64
25 65
25 67
25 77
25 84
25 85
25 88
25 92
25 93
25 100
25 105
25 109
26 26
26 27
26 42
26 43
26 44
26 45
26 47
26 50
26 58
26 64
26 84
26 88
26 93
27 27
27 30
27 31
27 34
27 64
27 84
27 88
27 109
28 28
28 29
28 30
28 31
28 33
28 36
28 37
28 40
28 41
28 62
28 63
28 70
28 72
28 73
28 74
28 75
28 76
28 77
28 78
28 79
28 80
28 81
28 82
28 83
28 85
29 29
29 31
29 32
29 33
29 36
29 37
29 40
29 41
29 62
29 63
29 70
29 71
29 72
29 73
29 74
29 75
29 76
29 77
29 78
29 79
29 80
29 81
29 82
29 83
29 111
29 112
30 30
30 31
30 33
30 70
30 72
30 73
30 74
30 76
30 105
30 111
31 31
31 33
31 72
31 73
31 75
31 76
31 77
31 78
31 105
31 111
31 115
32 32
32 33
32 36
32 39
32 40
32 41
32 60
32 61
32 62
32 63
32 68
32 72
32 73
32 74
32 75
32 76
32 97
33 33
33 39
33 40
33 41
33 61
33 62
33 63
33 70
33 71
33 72
33 73
33 74
33 75
33 76
33 77
33 112
34 34
34 35
34 38
34 45
34 65
34 67
34 78
34 87
34 104
34 105
34 106
34 107
34 110
35 35
35 44
35 45
35 49
35 65
35 67
35 77
35 90
35 91
35 92
35 102
35 104
35 105
35 108
35 110
35 114
36 36
36 37
36 38
36 40
36 41
36 54
36 60
36 62
36 70
36 71
36 72
36 73
36 74
36 75
36 76
36 82
36 83
36 85
37 37
37 38
37 40
37 41
37 54
37 63
37 71
37 72
37 75
37 77
37 80
37 81
37 82
37 83
37 85
37 87
37 95
37 112
38 38
38 39
38 40
38 41
38 46
38 53
38 54
38 55
38 56
38 57
38 80
38 81
38 82
38 83
38 85
38 87
38 94
38 95
38 96
38 97
38 107
39 39
39 40
39 54
39 55
39 62
39 63
39 80
39 81
39 85
39 87
39 94
39 108
40 40
40 41
40 62
40 63
40 72
40 78
40 80
40 81
40 82
40 83
40 85
40 87
41 41
41 62
41 63
41 71
41 72
41 73
41 80
41 81
41 82
41 83
41 85
42 42
42 43
42 44
42 45
42 46
42 47
42 48
42 49
42 50
42 51
42 53
42 55
42 56
42 57
42 66
42 68
42 69
42 96
42 98
43 43
43 44
43 45
43 46
43 47
43 48
43 49
43 50
43 51
43 53
43 55
43 56
43 57
43 59
43 66
43 68
43 69
43 79
43 84
43 86
43 96
43 98
44 44
44 45
44 46
44 47
44 48
44 49
44 50
44 55
44 67
44 88
44 94
44 96
45 45
45 46
45 47
45 48
45 49
45 50
45 51
45 55
45 56
45 57
45 67
45 88
45 94
45 96
46 46
46 47
46 48
46 49
46 50
46 51
46 53
46 54
46 55
46 56
46 57
46 58
46 59
46 63
46 66
46 68
46 69
46 80
46 84
46 94
46 96
46 97
46 98
47 47
47 48
47 49
47 55
47 56
47 57
47 68
47 69
47 96
47 97
47 98
47 99
47 110
48 48
48 49
48 50
48 51
48 52
48 54
48 55
48 58
48 59
48 66
48 67
48 96
48 98
48 101
48 104
48 108
48 110
49 49
49 51
49 90
49 95
49 98
49 102
49 104
49 105
49 107
49 108
49 110
50 50
50 51
50 52
50 54
50 55
50 58
50 59
50 66
50 67
50 68
50 69
50 84
50 85
50 86
50 89
50 96
50 101
50 113
51 51
51 52
51 53
51 54
51 55
51 57
51 58
51 59
51 66
51 68
51 69
51 96
52 52
52 53
52 58
52 60
52 61
52 70
52 90
52 98
52 99
52 103
53 53
53 55
53 56
53 57
53 59
53 63
53 69
53 80
53 82
53 83
53 86
53 98
54 54
54 55
54 56
54 59
54 66
54 67
54 85
54 87
54 89
54 94
54 95
54 96
55 55
55 56
55 57
55 59
55 66
55 68
55 69
55 84
55 85
55 87
55 94
55 96
55 97
56 56
56 57
56 58
56 59
56 63
56 66
56 68
56 69
56 79
56 80
56 81
56 82
56 84
56 86
56 96
56 97
57 57
57 58
57 59
57 63
57 66
57 68
57 69
57 79
57 80
57 81
57 82
57 84
57 86
57 96
57 97
58 58
58 59
58 60
58 66
58 67
58 68
58 69
58 86
58 93
58 96
58 101
59 59
59 63
59 66
59 68
59 69
59 84
59 86
59 96
60 60
60 61
60 62
60 63
60 64
60 99
60 101
61 61
61 62
61 63
61 65
61 70
61 75
61 89
61 90
61 112
62 62
62 63
62 68
62 70
62 72
62 80
62 81
62 83
62 98
63 63
63 69
63 72
63 78
63 79
63 80
63 81
63 82
63 83
63 98
64 64
64 65
64 71
64 88
64 89
64 90
64 91
64 92
64 93
64 100
64 101
64 111
64 112
65 65
65 71
65 75
65 77
65 88
65 89
65 90
65 91
65 92
65 93
65 100
65 102
65 104
65 105
65 106
65 108
65 112
66 66
66 67
66 68
66 69
66 84
66 86
66 96
66 97
66 113
67 67
67 84
67 85
67 88
67 96
67 101
67 106
68 68
68 69
68 80
68 84
68 96
68 97
68 113
69 69
69 79
69 80
69 81
69 84
69 86
69 96
69 97
70 70
70 71
70 72
70 73
70 74
70 75
70 76
70 77
70 95
70 98
70 99
70 100
70 102
70 103
70 107
70 111
70 112
71 71
71 72
71 73
71 74
71 75
71 76
71 77
71 91
71 102
71 103
71 105
71 107
71 110
71 111
71 112
72 72
72 73
72 74
72 75
72 76
72 77
72 78
72 79
72 80
72 81
72 82
72 83
72 95
72 111
72 112
73 73
73 74
73 75
73 76
73 77
73 78
73 90
73 102
73 103
73 105
73 111
73 112
73 114
74 74
74 75
74 76
74 77
74 99
74 103
74 111
74 112
74 114
75 75
75 76
75 77
75 90
75 91
75 95
75 99
75 103
75 105
75 109
75 110
75 111
75 112
75 114
76 76
76 77
76 91
76 95
76 99
76 101
76 103
76 104
76 105
76 110
76 111
76 112
76 114
77 77
77 90
77 91
77 92
77 95
77 102
77 103
77 104
77 105
77 110
77 111
77 112
77 114
78 78
78 79
78 80
78 81
78 82
78 109
78 111
79 79
79 80
79 81
79 82
79 84
80 80
80 81
80 82
80 83
80 84
80 97
81 81
81 82
81 83
81 84
82 82
82 83
82 84
82 85
83 83
83 85
83 87
83 94
84 84
84 85
84 86
84 87
84 88
84 94
84 96
85 85
85 86
85 87
85 89
85 94
86 86
86 87
86 113
87 87
87 89
87 94
88 88
88 89
88 91
88 92
88 93
89 89
89 90
89 91
89 92
90 90
90 91
90 92
90 93
90 95
90 98
90 99
90 102
90 103
90 104
90 105
90 110
90 111
90 112
90 114
91 91
91 92
91 93
91 99
91 100
91 101
91 102
91 103
91 104
91 105
91 106
91 110
91 111
91 112
91 114
92 92
92 93
92 100
92 101
92 102
92 103
92 104
92 105
92 106
92 111
92 112
92 114
93 93
93 99
93 100
93 101
93 103
93 104
93 105
93 110
93 111
93 112
93 114
94 94
94 95
94 96
94 97
94 107
95 95
95 97
95 98
95 99
95 102
95 103
95 104
95 105
95 107
95 108
95 110
95 112
96 96
96 97
96 110
97 97
97 99
97 107
97 109
97 110
98 98
98 99
98 107
98 111
99 99
99 101
99 103
99 104
99 105
99 107
99 108
99 110
99 111
99 112
99 114
100 100
100 101
100 102
100 103
100 104
100 105
100 107
100 108
100 111
100 112
101 101
101 102
101 103
101 104
101 105
101 109
101 110
101 114
102 102
102 103
102 104
102 105
102 106
102 107
102 108
102 112
103 103
103 104
103 105
103 107
103 108
103 110
103 111
103 112
103 113
103 114
103 115
104 104
104 105
104 106
104 107
104 108
104 110
104 111
104 112
104 114
105 105
105 106
105 107
105 108
105 110
105 111
105 112
105 114
106 106
106 107
106 110
106 112
107 107
107 108
107 110
107 112
108 108
108 110
108 112
109 109
110 110
110 111
110 112
110 114
111 111
111 112
111 114
112 112
113 113
113 115
114 114
115 115
