0 0
0 1
0 18
0 19
0 22
0 24
0 27
0 30
0 34
0 40
0 56
0 57
0 64
0 68
0 69
0 70
0 71
0 78
0 80
0 81
0 82
0 84
0 86
0 87
1 1
1 16
1 18
1 19
1 32
1 33
1 39
1 42
1 43
1 44
1 45
1 46
1 49
1 51
1 53
1 55
1 56
1 57
1 68
1 69
1 78
1 79
1 80
1 81
1 94
1 96
1 102
2 2
2 4
2 5
2 6
2 7
2 8
2 12
2 14
2 20
2 22
2 23
2 35
2 58
2 60
2 64
2 66
2 67
2 70
2 71
2 88
2 89
2 91
2 92
2 93
2 115
3 3
3 4
3 7
3 8
3 9
3 14
3 15
3 23
3 54
3 65
3 70
3 83
3 88
3 89
3 92
3 93
3 94
3 95
3 101
3 105
3 106
3 108
3 114
3 115
4 4
4 5
4 8
4 9
4 14
4 15
4 20
4 21
4 22
4 23
4 24
4 25
4 26
4 27
4 30
4 31
4 35
4 36
4 38
4 40
4 41
4 58
4 60
4 62
4 63
4 64
4 67
4 70
4 82
4 83
4 88
4 89
4 91
4 93
4 105
4 114
5 5
5 8
5 9
5 14
5 15
5 18
5 20
5 21
5 23
5 24
5 25
5 26
5 27
5 38
5 40
5 58
5 60
5 62
5 63
5 67
5 70
5 82
5 83
5 88
5 91
5 93
5 105
6 6
6 7
6 8
6 9
6 12
6 13
6 35
6 52
6 60
6 61
6 64
6 65
6 70
6 71
6 77
6 88
6 90
6 91
6 92
6 93
6 115
7 7
7 8
7 9
7 11
7 12
7 13
7 15
7 35
7 52
7 54
7 59
7 60
7 61
7 65
7 73
7 74
7 77
7 88
7 89
7 90
7 92
7 95
8 8
8 9
8 14
8 15
8 20
8 22
8 26
8 27
8 35
8 58
8 59
8 60
8 64
8 65
8 67
8 82
8 88
8 89
8 90
8 91
8 92
8 93
9 9
9 11
9 13
9 14
9 15
9 26
9 35
9 58
9 59
9 60
9 61
9 62
9 63
9 64
9 65
9 70
9 83
9 88
9 90
9 91
9 92
10 10
10 11
10 12
10 13
10 14
10 15
10 27
10 28
10 29
10 30
10 31
10 34
10 60
10 61
10 64
10 77
10 82
10 83
10 86
10 104
10 112
11 11
11 12
11 13
11 15
11 28
11 29
11 31
11 54
11 59
11 61
11 65
11 72
11 73
11 74
11 75
11 76
11 77
11 84
11 86
11 95
11 102
11 112
12 12
12 13
12 14
12 15
12 18
12 21
12 22
12 27
12 30
12 31
12 38
12 54
12 59
12 60
12 64
12 65
12 71
12 75
12 82
12 86
12 88
12 89
13 13
13 14
13 15
13 28
13 29
13 30
13 31
13 33
13 35
13 54
13 59
13 60
13 61
13 65
13 72
13 73
13 74
13 75
13 76
13 77
13 82
13 83
13 86
13 95
14 14
14 15
14 20
14 21
14 22
14 23
14 26
14 27
14 28
14 30
14 31
14 34
14 35
14 36
14 40
14 60
14 64
14 65
14 70
14 82
14 83
14 86
14 88
14 89
14 91
14 93
14 101
14 114
15 15
15 21
15 23
15 26
15 27
15 31
15 35
15 54
15 59
15 60
15 61
15 65
15 75
15 82
15 83
15 88
15 89
15 95
15 102
15 114
15 115
16 16
16 17
16 19
16 28
16 29
16 32
16 33
16 43
16 56
16 57
16 62
16 63
16 68
16 69
16 72
16 78
16 79
16 80
16 81
16 102
16 112
17 17
17 28
17 29
17 32
17 33
17 41
17 46
17 47
17 62
17 63
17 72
17 74
17 78
17 79
17 80
17 81
17 98
17 106
17 108
17 112
18 18
18 19
18 20
18 21
18 22
18 25
18 30
18 31
18 40
18 68
18 69
18 71
18 82
18 94
19 19
19 32
19 43
19 56
19 57
19 68
19 69
19 78
19 79
19 80
19 81
19 94
19 101
20 20
20 21
20 22
20 23
20 24
20 25
20 26
20 27
20 30
20 34
20 36
20 38
20 40
20 41
20 58
20 60
20 64
20 67
20 70
20 82
20 83
20 88
20 91
21 21
21 22
21 23
21 24
21 25
21 26
21 27
21 28
21 29
21 30
21 31
21 36
21 38
21 39
21 40
21 41
21 58
21 72
21 75
21 82
21 83
21 87
21 105
21 114
22 22
22 23
22 24
22 25
22 26
22 27
22 30
22 34
22 35
22 36
22 40
22 64
22 67
22 70
22 82
22 84
22 86
22 87
22 88
22 91
22 93
22 107
23 23
23 24
23 25
23 26
23 27
23 30
23 31
23 36
23 38
23 40
23 64
23 67
23 70
23 71
23 74
23 82
23 83
23 88
23 91
23 93
23 105
23 106
23 114
23 115
24 24
24 25
24 26
24 27
24 30
24 34
24 36
24 38
24 40
24 51
24 58
24 64
24 67
24 80
24 82
24 84
24 86
24 87
24 96
24 103
24 109
25 25
25 26
25 27
25 30
25 36
25 38
25 39
25 40
25 57
25 67
25 75
25 79
25 80
25 86
25 87
25 96
25 102
25 109
25 110
26 26
26 27
26 30
26 31
26 36
26 38
26 40
26 41
26 58
26 60
26 62
26 63
26 67
26 70
26 82
26 83
26 93
26 105
26 114
27 27
27 30
27 34
27 38
27 40
27 58
27 64
27 71
27 75
27 82
27 84
27 86
27 87
27 88
27 89
27 100
28 28
28 29
28 30
28 31
28 33
28 36
28 40
28 62
28 63
28 72
28 73
28 74
28 75
28 77
28 78
28 82
28 83
28 112
28 114
29 29
29 31
29 33
29 36
29 40
29 72
29 73
29 74
29 75
29 77
29 78
29 79
29 83
29 85
29 95
29 101
29 104
29 108
29 112
29 114
30 30
30 31
30 34
30 36
30 38
30 40
30 64
30 70
30 72
30 74
30 75
30 77
30 82
30 83
30 84
30 86
30 87
30 88
30 103
31 31
31 33
31 36
31 40
31 70
31 71
31 72
31 74
31 75
31 77
31 82
31 83
31 86
31 95
32 32
32 33
32 43
32 46
32 55
32 56
32 57
32 62
32 63
32 66
32 68
32 69
32 72
32 78
32 79
32 80
32 81
32 85
32 96
33 33
33 42
33 61
33 62
33 63
33 72
33 74
33 77
33 78
33 92
34 34
34 35
34 36
34 40
34 64
34 70
34 73
34 74
34 82
34 84
34 86
34 87
34 103
34 109
34 112
35 35
35 60
35 61
35 64
35 65
35 67
35 70
35 73
35 76
35 77
35 83
35 90
35 91
35 92
35 93
35 106
35 107
35 111
35 114
36 36
36 37
36 38
36 40
36 41
36 72
36 74
36 82
36 83
36 87
36 91
36 102
36 103
36 105
36 107
36 108
36 114
37 37
37 38
37 39
37 41
37 46
37 51
37 52
37 53
37 54
37 55
37 87
37 95
37 96
37 100
37 105
37 113
38 38
38 39
38 40
38 54
38 55
38 82
38 87
38 89
38 96
38 109
39 39
39 41
39 54
39 55
39 80
39 85
39 86
39 87
39 89
39 94
39 96
39 102
39 105
39 114
39 115
40 40
40 41
40 64
40 67
40 70
40 72
40 75
40 82
40 83
40 84
40 85
40 86
40 91
40 103
40 114
41 41
41 62
41 63
41 73
41 74
41 75
41 76
41 82
41 83
41 85
41 87
41 90
41 91
41 98
41 100
41 102
41 105
41 108
41 113
41 114
42 42
42 43
42 44
42 45
42 46
42 47
42 49
42 50
42 53
42 55
42 78
42 90
42 92
42 98
42 99
42 110
42 111
42 112
43 43
43 44
43 45
43 46
43 47
43 49
43 51
43 53
43 55
43 56
43 57
43 68
43 69
43 78
43 79
43 80
43 81
43 96
43 98
43 99
43 110
43 111
43 112
44 44
44 45
44 46
44 47
44 48
44 49
44 50
44 51
44 53
44 55
44 56
44 78
44 80
44 81
44 84
44 98
44 99
44 112
45 45
45 46
45 47
45 48
45 49
45 50
45 51
45 53
45 55
45 56
45 57
45 66
45 78
45 79
45 80
45 81
45 84
45 85
45 98
45 99
45 112
46 46
46 47
46 48
46 49
46 50
46 51
46 53
46 55
46 56
46 57
46 78
46 79
46 81
46 90
46 96
46 98
46 99
46 111
46 112
46 113
47 47
47 49
47 50
47 53
47 55
47 78
47 90
47 98
47 99
47 110
47 111
47 112
48 48
48 49
48 50
48 51
48 52
48 53
48 58
48 67
48 90
48 100
49 49
49 51
49 53
49 55
49 56
49 57
49 68
49 69
49 78
49 79
49 80
49 81
49 84
49 96
49 99
49 100
49 112
50 50
50 51
50 52
50 53
50 66
50 67
50 85
50 90
50 91
50 92
50 93
50 98
50 100
50 105
50 106
50 110
51 51
51 53
51 55
51 56
51 57
51 80
51 81
51 84
51 96
51 98
52 52
52 53
52 54
52 60
52 61
52 77
52 88
52 90
52 91
52 92
52 93
52 98
52 105
52 108
52 113
52 114
52 115
53 53
53 55
53 90
53 98
53 99
53 113
54 54
54 73
54 75
54 76
54 88
54 89
54 95
54 101
54 104
54 105
54 108
54 114
54 115
55 55
55 56
55 57
55 68
55 69
55 78
55 79
55 80
55 81
55 96
55 98
55 109
56 56
56 57
56 68
56 69
56 78
56 79
56 80
56 81
56 96
57 57
57 68
57 69
57 78
57 79
57 80
57 81
57 96
57 102
58 58
58 59
58 60
58 62
58 63
58 64
58 66
58 67
58 88
58 89
58 91
58 93
59 59
59 60
59 61
59 65
59 66
59 89
59 96
60 60
60 61
60 62
60 63
60 64
60 65
60 76
60 82
60 83
60 88
60 89
60 90
60 91
60 92
60 93
61 61
61 62
61 63
61 65
61 77
61 90
61 92
62 62
62 63
62 72
62 79
62 80
62 81
62 83
62 85
62 105
63 63
63 66
63 79
63 81
63 83
63 85
63 92
64 64
64 65
64 67
64 82
64 84
64 88
64 91
64 93
64 106
65 65
65 73
65 75
65 92
66 66
66 67
66 96
67 67
67 91
67 93
67 110
67 111
68 68
68 69
68 79
68 80
68 81
68 94
68 97
68 111
69 69
69 80
69 81
69 86
69 94
69 97
70 70
70 71
70 73
70 74
70 76
70 77
70 82
70 83
70 88
70 93
70 101
70 106
71 71
71 77
71 95
71 115
72 72
72 73
72 74
72 75
72 76
72 77
72 78
72 79
72 83
72 85
72 101
72 103
72 112
73 73
73 74
73 75
73 76
73 77
73 95
73 101
73 102
73 103
73 108
73 112
73 113
74 74
74 75
74 76
74 77
74 82
74 83
74 86
74 95
75 75
75 76
75 77
75 82
75 83
75 86
75 95
75 102
75 103
76 76
76 77
76 90
76 91
76 92
76 97
76 99
76 101
76 107
76 108
76 112
76 113
77 77
77 92
77 95
77 99
77 101
77 108
77 112
78 78
78 79
78 80
78 81
78 85
78 96
79 79
79 80
79 81
79 96
79 100
79 112
80 80
80 81
80 84
80 85
80 86
80 87
80 96
80 102
81 81
81 84
81 85
81 87
81 94
81 96
81 98
82 82
82 83
82 84
82 86
82 87
82 88
82 104
82 114
83 83
83 95
83 104
83 105
83 106
83 114
84 84
84 85
84 86
84 87
84 88
84 103
85 85
85 87
85 96
85 98
86 86
86 87
86 102
86 103
86 112
87 87
87 96
87 102
87 103
88 88
88 89
88 91
88 93
88 101
88 105
88 114
88 115
89 89
89 94
89 104
89 115
90 90
90 91
90 92
90 93
90 97
90 98
90 99
90 100
90 104
90 105
90 107
90 108
90 110
90 111
90 113
90 114
90 115
91 91
91 92
91 93
91 97
91 99
91 105
91 107
91 110
91 111
91 114
91 115
92 92
92 93
92 95
92 97
92 98
92 105
92 110
92 115
93 93
93 94
93 97
93 105
93 106
93 107
93 110
93 111
93 114
93 115
94 94
94 96
94 97
94 101
94 104
94 105
94 115
95 95
95 105
95 115
96 96
96 97
96 98
96 102
96 107
97 97
97 98
97 99
97 103
97 104
97 107
97 110
97 111
97 113
97 114
97 115
98 98
98 99
98 100
98 103
98 105
98 107
98 108
98 111
98 113
99 99
99 102
99 103
99 110
99 111
99 112
100 100
100 106
100 107
100 111
100 113
101 101
101 105
102 102
102 103
102 113
103 103
103 109
103 113
103 114
104 104
104 105
104 107
104 108
104 114
105 105
105 111
105 114
105 115
106 106
107 107
107 108
107 110
107 111
107 113
107 114
108 108
108 114
108 115
109 109
109 110
109 113
110 110
110 111
110 115
111 111
112 112
112 113
113 113
113 114
114 114
114 115
115 115
