0 0
0 10
0 11
0 13
0 58
0 60
0 61
0 65
0 84
0 88
0 93
1 1
1 9
1 11
1 13
1 16
1 17
1 29
1 32
1 33
1 56
1 57
1 58
1 59
1 60
1 61
1 62
1 63
1 68
1 80
1 81
1 83
1 106
2 2
2 3
2 4
2 6
2 7
2 8
2 10
2 11
2 12
2 13
2 14
2 18
2 22
2 23
2 30
2 48
2 50
2 64
2 65
2 88
2 92
2 93
2 100
2 101
2 102
3 3
3 6
3 7
3 18
3 19
3 22
3 23
3 25
3 30
3 31
3 64
3 88
3 89
3 92
3 93
3 100
3 101
3 102
4 4
4 5
4 6
4 8
4 9
4 12
4 13
4 14
4 18
4 24
4 26
4 60
4 64
4 65
4 67
4 92
4 93
4 101
4 102
5 5
5 7
5 8
5 9
5 20
5 24
5 25
5 26
5 27
5 45
5 59
5 65
5 67
5 102
6 6
6 7
6 8
6 9
6 10
6 12
6 13
6 15
6 18
6 30
6 33
6 60
6 63
6 64
6 65
6 92
6 100
6 101
6 102
7 7
7 8
7 9
7 11
7 12
7 13
7 18
7 23
7 31
7 45
7 50
7 64
7 65
7 67
7 92
7 100
7 102
8 8
8 9
8 10
8 11
8 12
8 13
8 14
8 15
8 18
8 23
8 50
8 60
8 63
8 64
8 65
8 92
8 93
8 100
8 101
8 102
9 9
9 11
9 13
9 15
9 18
9 59
9 60
9 61
9 63
9 64
9 65
9 92
9 100
9 102
10 10
10 11
10 12
10 13
10 14
10 15
10 18
10 19
10 22
10 23
10 28
10 60
10 64
10 65
10 76
10 88
10 92
10 93
10 101
11 11
11 12
11 13
11 18
11 42
11 60
11 61
11 64
11 65
11 88
11 92
11 93
11 100
12 12
12 13
12 14
12 15
12 18
12 22
12 23
12 48
12 50
12 60
12 64
12 65
12 88
12 93
12 101
13 13
13 15
13 18
13 48
13 60
13 61
13 63
13 64
13 65
13 92
13 100
13 102
14 14
14 15
14 18
14 19
14 22
14 23
14 28
14 30
14 60
14 64
14 82
14 84
14 88
15 15
15 16
15 17
15 19
15 28
15 29
15 33
15 36
15 37
15 52
15 60
15 61
15 62
15 63
15 72
15 79
15 80
15 81
15 82
15 83
16 16
16 17
16 19
16 28
16 29
16 32
16 33
16 36
16 37
16 39
16 40
16 41
16 44
16 49
16 52
16 53
16 54
16 55
16 56
16 57
16 61
16 62
16 63
16 68
16 72
16 73
16 74
16 76
16 78
16 79
16 80
16 81
16 82
16 83
16 98
16 99
16 111
16 112
17 17
17 19
17 28
17 29
17 32
17 33
17 36
17 37
17 39
17 40
17 41
17 44
17 49
17 52
17 53
17 55
17 56
17 57
17 61
17 62
17 63
17 68
17 72
17 73
17 74
17 76
17 78
17 79
17 80
17 81
17 82
17 83
17 95
17 99
17 111
17 112
18 18
18 22
18 23
18 30
18 50
18 60
18 64
18 65
18 88
18 92
18 93
18 101
18 102
19 19
19 22
19 28
19 29
19 30
19 33
19 71
19 72
19 75
19 82
19 83
19 84
19 90
20 20
20 21
20 24
20 25
20 26
20 27
20 31
20 38
20 39
20 40
20 41
20 46
20 53
20 55
20 68
20 70
20 71
20 72
20 73
20 75
20 97
21 21
21 24
21 25
21 26
21 27
21 31
21 38
21 39
21 41
21 43
21 46
21 47
21 55
21 70
21 71
21 77
21 94
21 95
21 96
21 97
21 109
21 110
22 22
22 23
22 25
22 27
22 30
22 31
22 50
22 64
22 84
22 86
22 88
22 92
22 93
22 101
23 23
23 25
23 27
23 30
23 31
23 34
23 43
23 50
23 64
23 65
23 84
23 86
23 88
23 92
23 93
23 101
24 24
24 25
24 26
24 27
24 30
24 34
24 35
24 38
24 43
24 50
24 66
24 94
24 96
24 108
24 110
25 25
25 27
25 30
25 31
25 34
25 35
25 42
25 43
25 45
25 46
25 47
25 50
25 67
25 70
25 71
25 92
25 94
25 96
25 97
25 110
26 26
26 27
26 38
26 66
26 69
26 87
26 89
27 27
27 34
27 35
27 38
27 42
27 43
27 46
27 47
27 50
27 85
27 86
27 88
27 96
27 97
27 110
28 28
28 29
28 32
28 33
28 36
28 37
28 40
28 41
28 52
28 54
28 57
28 62
28 63
28 71
28 72
28 73
28 74
28 76
28 78
28 79
28 80
28 81
28 82
28 83
28 111
28 112
29 29
29 32
29 33
29 36
29 37
29 39
29 40
29 41
29 44
29 49
29 52
29 53
29 57
29 61
29 62
29 63
29 68
29 71
29 72
29 73
29 74
29 76
29 78
29 79
29 80
29 81
29 82
29 83
29 90
29 99
29 111
29 112
30 30
30 31
30 64
30 71
30 101
31 31
31 35
31 42
31 43
31 70
31 71
31 77
31 94
31 95
31 97
31 109
31 110
32 32
32 33
32 36
32 37
32 39
32 40
32 41
32 44
32 49
32 52
32 53
32 54
32 55
32 56
32 57
32 58
32 62
32 68
32 72
32 73
32 78
32 79
32 80
32 81
32 83
32 85
32 87
32 98
32 99
32 111
32 112
33 33
33 36
33 37
33 41
33 44
33 49
33 57
33 62
33 63
33 68
33 72
33 73
33 78
33 79
33 80
33 81
33 82
33 83
33 95
33 111
33 112
34 34
34 35
34 42
34 43
34 45
34 47
34 50
34 67
34 84
34 96
34 110
34 114
35 35
35 42
35 43
35 44
35 45
35 47
35 48
35 50
35 67
35 96
35 110
36 36
36 37
36 38
36 39
36 40
36 41
36 52
36 53
36 54
36 55
36 56
36 57
36 62
36 68
36 72
36 73
36 74
36 76
36 78
36 79
36 80
36 81
36 82
36 83
36 86
36 87
36 95
36 97
36 98
36 99
36 108
36 109
36 111
36 112
37 37
37 38
37 39
37 40
37 41
37 49
37 51
37 52
37 53
37 54
37 55
37 56
37 57
37 68
37 72
37 73
37 74
37 76
37 77
37 78
37 79
37 80
37 81
37 82
37 83
37 87
37 95
37 97
37 98
37 99
37 109
37 111
37 112
38 38
38 39
38 40
38 41
38 46
38 52
38 53
38 54
38 55
38 56
38 57
38 68
38 72
38 74
38 78
38 79
38 80
38 81
38 85
38 86
38 87
38 89
38 94
38 95
38 96
38 97
38 98
38 99
38 109
38 112
39 39
39 40
39 41
39 46
39 52
39 53
39 54
39 55
39 56
39 57
39 68
39 72
39 73
39 74
39 76
39 78
39 79
39 80
39 81
39 83
39 86
39 87
39 89
39 95
39 96
39 97
39 98
39 99
39 109
39 111
39 112
40 40
40 41
40 52
40 53
40 54
40 55
40 56
40 57
40 58
40 68
40 72
40 73
40 74
40 75
40 76
40 78
40 79
40 80
40 81
40 85
40 95
40 97
40 98
40 99
40 108
40 109
40 111
40 112
41 41
41 52
41 53
41 54
41 55
41 56
41 57
41 68
41 71
41 72
41 73
41 74
41 75
41 76
41 77
41 78
41 79
41 80
41 81
41 83
41 87
41 94
41 95
41 97
41 98
41 99
41 111
41 112
42 42
42 43
42 45
42 46
42 47
42 50
42 77
42 93
42 94
42 95
42 96
42 97
42 109
42 110
42 114
42 115
43 43
43 45
43 46
43 47
43 48
43 50
43 67
43 77
43 92
43 93
43 94
43 95
43 96
43 97
43 109
43 110
43 114
43 115
44 44
44 45
44 49
44 51
44 53
44 56
44 57
44 72
44 79
44 80
44 81
44 83
44 98
45 45
45 48
45 50
45 65
45 67
45 102
45 110
46 46
46 47
46 53
46 54
46 55
46 66
46 77
46 85
46 94
46 95
46 96
46 97
46 98
46 99
46 109
46 110
46 112
47 47
47 75
47 77
47 86
47 93
47 94
47 95
47 96
47 97
47 109
47 110
47 114
48 48
48 50
48 51
48 65
48 67
48 96
48 107
49 49
49 51
49 52
49 53
49 55
49 56
49 57
49 59
49 66
49 68
49 69
49 72
49 79
49 80
49 81
49 83
49 85
49 98
49 99
49 112
50 50
50 64
50 65
50 66
50 67
50 88
50 92
50 93
50 96
50 110
51 51
51 52
51 53
51 55
51 59
51 81
51 98
51 99
51 112
52 52
52 53
52 54
52 55
52 56
52 57
52 58
52 59
52 61
52 62
52 63
52 66
52 72
52 78
52 80
52 81
52 82
52 83
52 98
52 99
52 111
52 112
53 53
53 54
53 55
53 56
53 57
53 68
53 71
53 72
53 73
53 74
53 78
53 79
53 80
53 81
53 83
53 85
53 98
53 99
53 111
53 112
54 54
54 55
54 56
54 57
54 58
54 68
54 72
54 74
54 78
54 79
54 80
54 81
54 82
54 86
54 87
54 89
54 95
54 96
54 97
54 98
54 99
54 109
54 111
54 112
55 55
55 56
55 57
55 68
55 72
55 73
55 74
55 78
55 79
55 80
55 81
55 82
55 83
55 85
55 86
55 87
55 89
55 95
55 96
55 97
55 98
55 99
55 109
55 111
55 112
56 56
56 57
56 58
56 61
56 66
56 68
56 72
56 73
56 78
56 80
56 81
56 85
56 86
56 87
56 89
56 98
56 99
56 111
56 112
57 57
57 58
57 62
57 63
57 68
57 72
57 73
57 78
57 79
57 80
57 81
57 83
57 85
57 98
57 99
57 106
57 111
57 112
58 58
58 59
58 60
58 61
58 62
58 66
58 69
58 80
58 98
58 99
58 103
58 106
58 107
58 112
59 59
59 61
59 65
59 66
59 67
59 107
60 60
60 61
60 62
60 63
60 64
60 65
60 82
60 100
60 102
60 107
61 61
61 62
61 63
61 65
61 83
61 100
62 62
62 63
62 69
62 72
62 80
62 81
62 82
62 83
62 111
63 63
63 72
63 78
63 79
63 80
63 81
63 83
64 64
64 65
64 84
64 88
64 92
64 93
64 100
64 101
65 65
65 67
65 88
65 92
65 93
65 100
65 102
66 66
66 67
66 69
66 96
66 98
66 99
66 103
66 104
66 106
66 111
67 67
67 69
67 96
67 102
67 110
68 68
68 72
68 73
68 78
68 79
68 80
68 81
68 83
68 94
68 99
68 111
68 112
69 69
69 103
69 106
70 70
70 71
70 73
70 74
70 75
70 77
70 91
70 92
70 93
70 94
71 71
71 72
71 73
71 75
71 77
71 83
71 109
71 112
72 72
72 73
72 74
72 76
72 78
72 79
72 80
72 81
72 82
72 83
72 98
72 99
72 111
72 112
73 73
73 74
73 75
73 76
73 77
73 78
73 79
73 80
73 81
73 83
73 95
73 99
73 111
73 112
74 74
74 75
74 76
74 77
74 78
74 79
74 80
74 81
74 83
74 94
74 95
74 97
74 99
74 109
74 111
74 112
75 75
75 76
75 77
75 95
75 109
76 76
76 77
76 78
76 79
76 95
76 98
76 99
76 109
76 111
76 112
77 77
77 94
77 95
77 97
77 109
77 110
77 113
78 78
78 79
78 80
78 81
78 87
78 94
78 95
78 97
78 98
78 99
78 111
79 79
79 80
79 81
79 83
79 94
79 97
79 98
79 99
79 111
80 80
80 81
80 82
80 83
80 85
80 95
80 98
80 99
80 111
80 112
81 81
81 82
81 83
81 95
81 98
81 99
81 111
81 112
82 82
82 83
82 84
82 87
82 89
82 90
82 112
83 83
83 87
83 90
83 111
83 112
84 84
84 85
84 86
84 88
84 89
85 85
85 87
85 89
86 86
86 87
86 88
86 89
86 96
86 98
86 99
86 110
87 87
87 89
87 98
87 99
88 88
88 89
88 92
88 93
89 89
90 90
90 91
90 92
90 101
90 103
90 105
91 91
91 92
91 93
91 98
91 99
91 101
91 103
91 104
91 111
91 115
92 92
92 93
92 100
92 101
92 102
93 93
93 100
93 101
93 102
93 103
93 114
93 115
94 94
94 95
94 97
94 108
94 109
94 110
94 111
94 113
94 114
94 115
95 95
95 96
95 97
95 98
95 99
95 108
95 109
95 110
95 111
95 112
95 113
96 96
96 97
96 98
96 99
96 109
96 110
97 97
97 98
97 99
97 108
97 109
97 110
97 111
97 112
97 113
98 98
98 99
98 111
98 112
99 99
99 108
99 109
99 111
99 112
100 100
100 101
100 102
101 101
101 102
101 103
102 102
103 103
103 104
103 105
104 104
104 105
104 113
105 105
106 106
106 107
106 108
107 107
107 115
108 108
108 111
108 115
109 109
109 110
109 112
109 113
109 114
110 110
111 111
111 112
112 112
112 113
113 113
113 114
114 114
114 115
115 115
