0 0
0 1
0 2
0 6
0 10
0 11
0 12
0 13
0 15
0 18
0 19
0 22
0 23
0 24
0 25
0 32
0 56
0 60
0 61
0 70
0 74
0 75
0 91
0 93
1 1
1 3
1 7
1 9
1 11
1 13
1 18
1 19
1 32
1 33
1 57
1 58
1 59
1 60
1 61
1 64
1 65
1 66
1 68
1 69
1 100
1 102
1 112
2 2
2 3
2 5
2 6
2 10
2 11
2 12
2 13
2 15
2 18
2 20
2 22
2 23
2 30
2 31
2 70
2 75
2 88
2 91
2 93
2 99
2 101
2 103
2 112
2 113
3 3
3 6
3 7
3 9
3 11
3 12
3 13
3 15
3 18
3 19
3 20
3 21
3 22
3 23
3 24
3 30
3 31
3 71
4 4
4 5
4 8
4 9
4 12
4 14
4 15
4 22
4 23
4 26
4 27
4 36
4 38
4 39
4 40
4 53
4 82
4 88
4 96
5 5
5 8
5 9
5 14
5 15
5 20
5 21
5 22
5 23
5 25
5 26
5 27
5 42
5 43
5 50
5 82
5 88
6 6
6 7
6 10
6 11
6 12
6 13
6 20
6 22
6 23
6 28
6 30
6 31
6 65
6 70
6 73
6 75
6 76
6 88
6 89
6 91
6 93
6 94
6 95
6 97
6 113
7 7
7 9
7 11
7 13
7 18
7 30
7 31
7 65
7 68
7 73
7 102
8 8
8 9
8 10
8 12
8 14
8 15
8 22
8 24
8 26
8 27
8 36
8 38
8 39
8 40
8 55
8 82
8 88
8 96
8 105
8 107
9 9
9 14
9 15
9 26
9 27
9 38
9 54
9 64
9 65
9 82
9 94
9 95
9 106
10 10
10 12
10 15
10 22
10 23
10 30
10 31
10 41
10 76
10 84
10 86
10 87
10 88
10 91
10 93
10 113
10 114
11 11
11 13
11 15
11 18
11 19
11 20
11 28
11 30
11 31
11 32
11 33
11 65
11 68
11 70
11 72
11 73
11 74
11 75
12 12
12 13
12 14
12 15
12 22
12 23
12 30
12 31
12 82
12 84
12 86
12 88
12 89
12 91
13 13
13 15
13 18
13 19
13 28
13 29
13 30
13 31
13 32
13 33
13 36
13 40
13 62
13 65
13 70
13 71
13 72
13 73
13 74
13 75
13 76
13 80
13 81
13 82
13 83
13 86
14 14
14 15
14 22
14 26
14 27
14 36
14 38
14 39
14 40
14 82
14 83
14 84
14 86
14 87
14 88
14 89
14 96
15 15
15 18
15 19
15 20
15 21
15 22
15 23
15 26
15 28
15 29
15 30
15 31
15 33
15 36
15 38
15 40
15 41
15 70
15 72
15 73
15 74
15 75
15 80
15 82
15 83
15 86
15 88
15 89
16 16
16 17
16 28
16 29
16 31
16 33
16 36
16 37
16 40
16 41
16 53
16 56
16 62
16 63
16 70
16 72
16 74
16 76
16 78
16 79
16 80
16 81
16 84
16 85
16 86
16 87
16 89
17 17
17 19
17 28
17 29
17 32
17 33
17 48
17 49
17 52
17 57
17 59
17 61
17 63
17 71
17 79
17 80
17 81
18 18
18 19
18 20
18 21
18 28
18 30
18 31
18 32
18 33
18 61
18 70
18 71
18 75
19 19
19 20
19 21
19 23
19 24
19 28
19 30
19 31
19 32
19 33
19 58
19 60
19 61
19 70
19 71
19 75
19 83
19 108
20 20
20 21
20 22
20 23
20 28
20 29
20 30
20 31
20 41
20 70
20 71
20 72
20 73
20 75
20 83
20 88
20 91
20 93
20 112
20 113
21 21
21 22
21 23
21 28
21 29
21 30
21 31
21 33
21 70
21 71
21 72
21 75
21 79
21 80
21 81
21 83
22 22
22 23
22 24
22 25
22 27
22 30
22 70
22 88
22 91
22 93
22 101
23 23
23 24
23 25
23 30
23 31
23 70
23 88
23 91
23 93
23 101
23 108
23 112
24 24
24 25
24 27
24 30
24 42
24 43
24 49
24 70
25 25
25 27
25 42
25 43
25 47
25 49
25 50
25 51
25 56
25 57
25 58
25 68
25 69
25 70
26 26
26 27
26 36
26 38
26 39
26 40
26 55
26 82
26 84
26 88
26 96
27 27
27 36
27 38
27 39
27 40
27 42
27 43
27 47
27 49
27 55
27 82
27 84
27 88
27 96
28 28
28 29
28 30
28 31
28 32
28 33
28 36
28 37
28 40
28 41
28 62
28 63
28 70
28 71
28 72
28 73
28 74
28 75
28 76
28 78
28 79
28 80
28 81
28 82
28 83
28 84
28 85
28 86
28 87
28 88
28 89
29 29
29 30
29 31
29 33
29 36
29 37
29 38
29 39
29 40
29 41
29 54
29 62
29 63
29 71
29 72
29 73
29 74
29 75
29 76
29 78
29 79
29 80
29 81
29 82
29 83
29 85
29 86
29 87
29 89
29 94
30 30
30 31
30 33
30 40
30 70
30 71
30 72
30 73
30 75
30 83
30 84
30 86
30 87
30 88
31 31
31 33
31 36
31 40
31 41
31 62
31 71
31 72
31 73
31 75
31 76
31 80
31 81
31 83
31 84
31 85
31 86
31 87
31 88
31 89
31 94
32 32
32 33
32 56
32 57
32 58
32 59
32 60
32 61
32 63
32 66
32 68
32 69
32 71
32 79
33 33
33 40
33 41
33 61
33 62
33 63
33 71
33 72
33 73
33 75
33 78
33 79
33 80
33 81
33 82
33 83
33 87
34 34
34 35
34 42
34 43
34 44
34 45
34 46
34 48
34 50
34 57
34 58
34 59
34 64
34 66
34 67
34 68
34 69
34 102
34 110
34 111
35 35
35 37
35 44
35 45
35 54
35 66
35 67
36 36
36 37
36 38
36 39
36 40
36 41
36 54
36 55
36 62
36 72
36 73
36 74
36 76
36 78
36 79
36 80
36 81
36 82
36 83
36 84
36 85
36 86
36 87
36 88
36 89
36 94
36 95
36 96
36 97
37 37
37 38
37 39
37 40
37 41
37 54
37 55
37 62
37 63
37 72
37 76
37 78
37 79
37 80
37 81
37 83
37 85
37 86
37 87
37 88
37 89
37 94
37 95
37 96
37 97
38 38
38 39
38 40
38 41
38 54
38 55
38 72
38 78
38 82
38 83
38 84
38 86
38 87
38 88
38 89
38 94
38 95
38 96
38 104
38 105
38 106
38 107
38 115
39 39
39 40
39 41
39 54
39 55
39 72
39 78
39 81
39 82
39 83
39 86
39 87
39 88
39 89
39 94
39 95
39 96
39 97
39 104
39 105
39 106
39 107
39 115
40 40
40 41
40 54
40 55
40 62
40 63
40 72
40 73
40 74
40 76
40 78
40 79
40 80
40 81
40 82
40 83
40 84
40 85
40 86
40 87
40 88
40 89
40 94
40 95
41 41
41 54
41 55
41 62
41 63
41 72
41 73
41 74
41 75
41 76
41 77
41 78
41 80
41 81
41 82
41 83
41 85
41 86
41 87
41 88
41 89
41 94
41 95
41 97
42 42
42 43
42 44
42 45
42 46
42 47
42 48
42 49
42 50
42 51
42 52
42 53
42 56
42 57
42 58
42 59
42 69
42 96
43 43
43 44
43 45
43 46
43 47
43 48
43 49
43 50
43 51
43 53
43 56
43 57
43 58
43 59
43 69
43 79
43 96
44 44
44 45
44 46
44 47
44 48
44 49
44 50
44 51
44 52
44 53
44 58
44 59
44 66
44 67
44 110
45 45
45 46
45 47
45 48
45 49
45 50
45 51
45 52
45 53
45 58
45 59
45 66
45 67
46 46
46 47
46 48
46 49
46 50
46 52
46 55
46 69
46 96
46 100
46 110
46 111
47 47
47 48
47 49
47 50
47 51
47 53
47 55
47 56
47 57
47 69
47 96
47 110
47 111
48 48
48 49
48 50
48 52
48 57
48 58
48 59
48 60
48 61
48 66
48 67
48 68
48 69
49 49
49 50
49 51
49 52
49 53
49 56
49 57
49 58
49 59
49 60
49 61
49 66
49 67
49 69
50 50
50 51
50 57
50 58
50 59
50 64
50 66
50 67
50 68
50 69
51 51
51 52
51 53
51 59
51 67
52 52
52 53
52 54
52 77
52 96
53 53
53 55
53 78
53 84
53 88
54 54
54 55
54 72
54 73
54 76
54 77
54 78
54 81
54 82
54 86
54 87
54 88
54 89
54 94
54 95
54 96
54 97
54 106
54 110
55 55
55 63
55 78
55 79
55 81
55 82
55 89
55 96
55 111
56 56
56 57
56 58
56 59
56 60
56 61
56 63
56 68
56 69
56 79
57 57
57 58
57 59
57 60
57 61
57 63
57 66
57 68
57 69
57 79
58 58
58 59
58 60
58 61
58 66
58 67
58 68
58 69
59 59
59 60
59 61
59 66
59 67
59 68
59 69
59 71
59 79
60 60
60 61
60 65
60 66
60 68
60 69
61 61
61 63
61 69
61 79
62 62
62 63
62 65
62 72
62 73
62 75
62 76
62 77
62 78
62 80
62 81
62 83
62 86
62 87
62 95
62 97
63 63
63 72
63 78
63 79
63 80
63 81
63 85
63 89
64 64
64 65
64 66
64 68
64 100
64 102
64 103
64 104
64 105
64 106
64 115
65 65
65 66
65 67
65 68
65 77
65 102
66 66
66 67
66 68
66 69
67 67
68 68
68 69
69 69
70 70
70 72
70 73
70 74
70 75
70 76
70 83
70 85
70 86
70 88
70 91
71 71
71 72
71 75
71 79
71 81
71 108
72 72
72 73
72 74
72 75
72 76
72 78
72 79
72 80
72 81
72 82
72 83
72 85
72 86
72 87
72 88
72 89
72 94
72 95
73 73
73 74
73 75
73 76
73 77
73 80
73 83
73 86
73 97
74 74
74 75
74 76
74 77
74 78
74 80
74 83
74 85
74 86
75 75
75 76
75 77
75 80
75 83
75 86
76 76
76 77
76 80
76 81
76 83
76 85
76 86
76 87
76 90
76 95
76 97
76 109
77 77
77 86
77 90
77 95
77 97
77 109
78 78
78 79
78 80
78 81
78 83
78 84
78 85
78 86
78 87
78 89
78 109
79 79
79 80
79 81
79 85
80 80
80 81
80 82
80 83
80 84
80 85
80 86
80 87
80 88
80 89
81 81
81 82
81 83
81 84
81 85
81 86
81 87
81 88
81 89
82 82
82 83
82 84
82 86
82 87
82 88
82 89
82 106
82 107
83 83
83 85
83 86
83 87
83 88
83 89
84 84
84 85
84 86
84 87
84 88
84 89
84 107
85 85
85 86
85 87
85 88
85 89
86 86
86 87
86 88
86 89
86 107
87 87
87 88
87 89
87 104
87 105
87 106
87 107
87 115
88 88
88 89
88 97
89 89
90 90
90 91
90 92
90 93
90 98
90 99
90 100
90 101
90 102
90 108
90 109
90 111
90 112
90 113
90 114
91 91
91 92
91 93
91 95
91 97
91 98
91 99
91 101
91 103
91 106
91 108
91 109
91 111
91 112
91 113
91 114
91 115
92 92
92 93
92 98
92 99
92 100
92 101
92 102
92 108
92 109
92 110
92 112
92 113
92 114
93 93
93 97
93 98
93 99
93 100
93 101
93 102
93 103
93 108
93 109
93 111
93 112
93 113
93 114
93 115
94 94
94 95
94 96
94 97
94 99
94 103
94 105
94 106
94 108
94 109
94 110
94 111
94 114
94 115
95 95
95 96
95 97
95 106
95 108
95 109
95 110
95 114
96 96
96 97
96 109
96 110
96 111
97 97
97 99
97 101
97 103
97 104
97 105
97 106
97 107
97 108
97 109
97 110
97 111
97 113
97 114
97 115
98 98
98 99
98 100
98 101
98 102
98 103
98 106
98 108
98 109
98 110
98 111
98 112
98 113
98 114
98 115
99 99
99 100
99 101
99 102
99 103
99 104
99 105
99 106
99 107
99 108
99 109
99 110
99 111
99 112
99 113
99 114
99 115
100 100
100 101
100 102
100 103
100 109
100 110
100 111
100 112
100 113
100 114
100 115
101 101
101 102
101 103
101 104
101 105
101 108
101 110
101 111
101 112
101 113
101 114
101 115
102 102
102 103
102 104
102 105
102 106
102 108
102 109
102 110
102 111
102 112
102 113
102 114
102 115
103 103
103 104
103 105
103 106
103 107
103 111
103 112
103 113
103 114
103 115
104 104
104 105
104 106
104 107
104 111
104 114
104 115
105 105
105 106
105 107
105 110
105 111
105 114
105 115
106 106
106 107
106 111
106 114
106 115
107 107
107 111
107 114
107 115
108 108
108 109
108 110
108 112
108 113
109 109
109 110
109 111
109 112
109 113
109 114
110 110
110 111
110 114
110 115
111 111
111 112
111 113
111 114
111 115
112 112
112 113
112 114
112 115
113 113
113 114
113 115
114 114
114 115
115 115
