0 0
0 1
0 10
0 17
0 18
0 19
0 23
0 39
0 50
0 52
0 54
0 56
0 57
0 68
0 79
0 84
0 103
0 104
0 114
1 1
1 3
1 11
1 15
1 18
1 19
1 29
1 37
1 39
1 41
1 46
1 51
1 52
1 53
1 56
1 57
1 62
1 68
1 75
1 83
1 85
1 89
1 106
2 2
2 4
2 5
2 6
2 8
2 20
2 21
2 22
2 23
2 24
2 25
2 26
2 30
2 31
2 32
2 34
2 50
2 64
2 67
2 70
2 71
2 74
2 90
2 101
2 103
2 110
2 111
2 114
3 3
3 14
3 15
3 18
3 19
3 22
3 23
3 26
3 34
3 35
3 50
3 52
3 53
3 57
3 65
3 68
3 84
3 89
3 115
4 4
4 5
4 6
4 7
4 8
4 12
4 24
4 25
4 31
4 33
4 49
4 58
4 60
4 63
4 66
4 70
4 71
4 73
4 74
4 90
4 91
4 93
4 100
4 107
4 114
5 5
5 6
5 7
5 8
5 9
5 13
5 30
5 33
5 60
5 61
5 101
5 103
5 111
5 114
6 6
6 7
6 8
6 9
6 12
6 13
6 25
6 28
6 29
6 30
6 31
6 33
6 60
6 61
6 62
6 63
6 70
6 72
6 73
6 74
6 76
6 80
6 83
6 90
6 91
6 93
6 100
6 101
6 102
6 103
6 111
7 7
7 8
7 9
7 11
7 13
7 15
7 28
7 29
7 59
7 61
7 62
7 63
7 72
7 73
7 75
7 80
7 82
7 83
7 90
7 92
7 100
7 102
7 111
8 8
8 9
8 13
8 28
8 29
8 30
8 31
8 33
8 63
8 73
8 74
8 90
8 91
8 93
8 98
8 111
8 112
9 9
9 11
9 13
9 14
9 15
9 29
9 57
9 61
9 62
9 63
9 75
9 82
9 90
9 92
9 102
9 108
9 111
9 112
10 10
10 11
10 12
10 13
10 14
10 15
10 56
10 58
10 60
10 63
10 65
10 68
10 82
10 85
10 88
10 93
11 11
11 13
11 14
11 15
11 19
11 28
11 29
11 52
11 59
11 60
11 61
11 62
11 63
11 69
11 80
11 82
11 83
11 85
11 89
11 92
11 106
11 112
12 12
12 13
12 14
12 24
12 58
12 60
12 74
12 93
13 13
13 15
13 58
13 59
13 60
13 61
13 62
13 63
13 82
13 90
13 92
13 93
13 103
13 104
14 14
14 15
14 22
14 23
14 26
14 34
14 38
14 58
14 64
14 65
14 68
14 69
14 79
14 82
14 84
14 88
14 89
14 93
14 94
14 95
15 15
15 23
15 39
15 57
15 59
15 61
15 62
15 63
15 64
15 65
15 68
15 69
15 82
15 83
15 84
15 85
15 88
15 89
15 92
15 95
15 97
15 106
15 108
15 111
16 16
16 17
16 42
16 46
16 53
16 54
16 55
16 56
16 62
16 72
16 78
16 79
16 80
16 81
16 96
16 99
16 100
16 107
16 115
17 17
17 29
17 38
17 39
17 52
17 53
17 56
17 62
17 74
17 78
17 79
17 80
17 81
17 83
17 98
17 99
17 106
17 107
17 111
18 18
18 19
18 32
18 53
18 56
18 57
18 67
18 68
18 75
18 105
18 107
18 114
18 115
19 19
19 32
19 57
19 66
19 68
19 69
19 75
19 80
19 83
19 85
20 20
20 21
20 22
20 24
20 25
20 26
20 27
20 30
20 31
20 32
20 42
20 43
20 44
20 45
20 47
20 67
20 70
20 73
20 76
20 110
20 115
21 21
21 22
21 24
21 25
21 26
21 27
21 30
21 31
21 34
21 36
21 38
21 42
21 43
21 45
21 47
21 55
21 71
21 73
21 78
21 87
21 94
21 96
21 109
21 110
22 22
22 23
22 24
22 25
22 26
22 27
22 34
22 35
22 38
22 39
22 50
22 54
22 58
22 64
22 65
22 67
22 78
22 79
22 84
22 88
22 89
22 94
22 110
23 23
23 24
23 25
23 26
23 27
23 31
23 34
23 35
23 50
23 52
23 54
23 64
23 65
23 71
23 79
23 84
23 89
23 92
23 110
23 113
24 24
24 25
24 26
24 27
24 30
24 31
24 33
24 34
24 38
24 42
24 43
24 46
24 47
24 58
24 70
24 71
24 78
24 93
24 96
24 102
24 103
24 110
25 25
25 26
25 27
25 30
25 31
25 32
25 33
25 34
25 38
25 43
25 48
25 50
25 54
25 67
25 70
25 71
25 73
25 94
25 103
25 110
26 26
26 27
26 31
26 34
26 35
26 38
26 43
26 45
26 50
26 54
26 58
26 64
26 65
26 67
26 68
26 78
26 79
26 84
26 86
26 88
26 89
26 94
26 110
27 27
27 30
27 31
27 34
27 35
27 38
27 42
27 43
27 44
27 45
27 47
27 50
27 54
27 58
27 64
27 65
27 67
27 71
27 79
27 84
27 86
27 94
27 110
28 28
28 29
28 33
28 36
28 41
28 49
28 51
28 62
28 63
28 72
28 73
28 74
28 76
28 77
28 80
28 81
28 82
28 83
28 98
28 99
28 100
28 102
28 112
29 29
29 32
29 33
29 36
29 37
29 41
29 46
29 47
29 48
29 49
29 51
29 53
29 55
29 62
29 63
29 72
29 73
29 74
29 75
29 76
29 77
29 80
29 81
29 83
29 87
29 98
29 99
29 100
29 106
29 111
29 112
29 113
30 30
30 31
30 32
30 33
30 41
30 42
30 43
30 44
30 45
30 47
30 48
30 70
30 71
30 72
30 73
30 74
30 75
30 76
30 77
30 100
30 101
30 102
30 103
30 110
31 31
31 32
31 33
31 36
31 40
31 41
31 42
31 43
31 48
31 50
31 70
31 71
31 73
31 74
31 75
31 76
31 77
31 78
31 79
31 81
31 83
31 86
31 87
31 95
31 96
31 98
31 100
31 101
31 110
31 113
32 32
32 33
32 37
32 41
32 62
32 70
32 71
32 72
32 73
32 74
32 75
32 76
32 77
32 78
32 80
32 81
32 83
32 101
32 107
32 111
32 113
32 114
33 33
33 41
33 43
33 48
33 62
33 70
33 71
33 72
33 73
33 74
33 76
33 77
33 78
33 80
33 83
33 99
33 101
33 107
33 111
33 113
34 34
34 35
34 50
34 64
34 65
34 67
34 79
34 84
34 94
34 110
34 113
35 35
35 38
35 44
35 45
35 54
35 58
35 64
35 65
35 67
35 68
35 69
35 84
35 86
35 87
35 88
35 89
35 94
35 108
35 110
36 36
36 37
36 38
36 41
36 55
36 62
36 70
36 72
36 73
36 74
36 75
36 76
36 77
36 79
36 81
36 83
36 87
36 95
36 96
36 98
36 102
36 106
36 108
36 109
37 37
37 41
37 43
37 51
37 55
37 56
37 70
37 71
37 72
37 73
37 75
37 76
37 77
37 107
37 109
38 38
38 39
38 43
38 54
38 55
38 58
38 64
38 65
38 78
38 79
38 84
38 86
38 87
38 88
38 89
38 94
38 96
38 104
38 106
38 109
38 110
39 39
39 52
39 54
39 55
39 56
39 58
39 61
39 64
39 65
39 79
39 84
39 88
39 89
39 94
39 96
39 104
39 106
39 109
40 40
40 48
40 71
40 74
40 78
40 79
40 80
40 81
40 83
40 102
41 41
41 46
41 52
41 70
41 71
41 72
41 73
41 74
41 75
41 76
41 77
41 83
41 95
41 98
41 103
41 106
41 113
42 42
42 43
42 44
42 45
42 46
42 47
42 48
42 49
42 51
42 55
42 71
42 78
42 81
42 96
42 98
42 99
42 100
42 107
42 109
42 110
43 43
43 44
43 45
43 46
43 47
43 48
43 49
43 51
43 54
43 55
43 67
43 70
43 71
43 78
43 79
43 86
43 87
43 96
43 109
43 110
44 44
44 45
44 46
44 47
44 48
44 49
44 51
44 55
44 67
44 71
44 87
44 104
44 110
44 115
45 45
45 47
45 48
45 49
45 64
45 65
45 67
45 71
45 84
45 86
45 87
45 110
45 115
46 46
46 47
46 49
46 50
46 51
46 53
46 54
46 55
46 78
46 85
46 87
46 96
46 98
46 99
46 106
46 113
47 47
47 48
47 49
47 51
47 53
47 55
47 78
47 87
47 96
47 98
47 99
47 109
47 110
48 48
48 49
48 50
48 51
48 55
48 71
48 73
48 77
48 93
48 98
48 100
48 107
48 109
48 113
49 49
49 51
49 53
49 55
49 69
49 71
49 80
49 98
49 99
49 100
50 50
50 52
50 53
50 54
50 71
50 79
50 101
50 110
50 113
51 51
51 52
51 53
51 55
51 71
51 73
51 76
51 77
51 91
51 98
51 99
51 100
51 113
52 52
52 53
52 54
52 83
52 89
52 98
52 106
52 112
52 113
53 53
53 54
53 56
53 91
53 98
53 106
54 54
54 55
54 56
54 64
54 65
54 78
54 79
54 84
54 87
54 88
54 89
54 94
54 96
54 106
54 110
55 55
55 78
55 85
55 96
55 98
55 99
55 106
55 109
56 56
56 57
56 68
56 70
56 75
56 76
56 79
56 99
56 103
56 107
56 114
56 115
57 57
57 59
57 65
57 68
57 69
57 84
57 88
57 89
57 105
58 58
58 59
58 60
58 61
58 64
58 65
58 66
58 68
58 69
58 84
58 88
58 89
58 93
58 94
58 104
58 105
59 59
59 60
59 61
59 62
59 63
59 65
59 66
59 67
59 69
59 82
59 88
59 89
59 90
59 92
59 93
59 105
60 60
60 61
60 62
60 63
60 69
60 82
60 85
60 88
60 93
60 114
61 61
61 62
61 63
61 65
61 66
61 69
61 82
61 88
61 89
61 90
61 92
61 93
61 102
61 103
62 62
62 63
62 72
62 80
62 81
62 82
62 83
62 85
62 91
62 97
62 99
62 111
62 112
63 63
63 82
63 83
63 85
63 90
63 92
63 97
63 112
63 114
64 64
64 65
64 67
64 68
64 69
64 78
64 84
64 87
64 88
64 89
64 94
64 108
64 110
65 65
65 67
65 68
65 69
65 82
65 84
65 88
65 89
65 92
65 94
65 104
65 105
65 110
65 115
66 66
66 67
66 68
66 69
66 86
66 88
66 93
66 101
66 103
66 105
66 107
66 108
67 67
67 69
67 71
67 84
67 86
67 88
67 105
67 110
67 115
68 68
68 69
68 84
68 88
68 89
68 106
69 69
69 82
69 84
69 85
69 88
69 89
70 70
70 71
70 73
70 74
70 75
70 76
70 77
70 103
70 114
71 71
71 73
71 74
71 75
71 76
71 77
71 100
71 101
71 103
71 110
71 113
71 114
72 72
72 73
72 74
72 75
72 76
72 77
72 80
72 81
72 82
72 83
72 98
72 99
72 100
72 102
72 107
73 73
73 74
73 75
73 76
73 77
73 83
73 98
73 107
73 113
74 74
74 75
74 76
74 77
74 83
74 100
74 111
74 112
74 113
75 75
75 76
75 77
75 90
75 107
76 76
76 77
76 83
76 98
76 99
76 100
76 102
76 107
76 109
76 114
77 77
77 83
77 90
77 95
77 103
77 104
77 105
77 107
77 109
77 113
77 114
78 78
78 79
78 80
78 81
78 87
78 96
78 99
78 107
78 110
79 79
79 81
79 84
79 86
79 106
80 80
80 81
80 82
80 83
80 85
80 99
80 100
80 106
81 81
81 83
81 85
81 96
81 107
82 82
82 83
82 85
82 86
82 97
82 104
82 106
83 83
83 85
83 97
83 98
83 99
83 106
83 111
83 112
84 84
84 85
84 86
84 87
84 88
84 89
84 94
84 110
85 85
85 96
85 97
85 106
85 113
86 86
86 87
86 88
86 94
86 96
86 108
86 109
86 110
87 87
87 94
87 96
87 97
87 106
87 108
87 109
87 110
88 88
88 89
88 93
88 94
89 89
90 90
90 91
90 92
90 93
90 97
90 100
90 102
90 105
90 112
90 115
91 91
91 92
91 93
91 97
91 98
91 99
91 112
91 115
92 92
92 93
92 104
92 105
92 115
93 93
93 94
93 101
93 102
93 103
93 104
93 110
93 114
94 94
94 95
94 96
94 97
94 104
94 106
94 108
94 110
95 95
95 96
95 97
95 106
95 108
95 109
95 113
96 96
96 99
96 107
96 108
96 109
96 110
96 113
97 97
97 99
97 108
97 109
97 112
97 113
98 98
98 99
98 100
98 106
98 111
98 112
98 113
99 99
99 101
99 107
99 112
99 113
100 100
100 101
100 102
101 101
101 103
101 114
102 102
102 103
102 104
103 103
103 104
103 105
103 109
103 110
103 112
103 113
103 114
104 104
104 105
104 106
105 105
105 114
105 115
106 106
106 109
107 107
107 114
108 108
109 109
109 110
109 113
110 110
111 111
111 112
112 112
112 113
113 113
113 114
114 114
114 115
115 115
