0 0
0 1
0 4
0 6
0 10
0 12
0 18
0 19
0 32
0 48
0 52
0 54
0 56
0 57
0 58
0 59
0 60
0 61
0 68
0 72
0 75
0 82
0 88
1 1
1 4
1 6
1 10
1 12
1 13
1 19
1 32
1 48
1 51
1 52
1 54
1 56
1 57
1 58
1 59
1 60
1 61
1 63
1 68
1 69
1 72
1 82
1 94
1 101
2 2
2 3
2 6
2 12
2 18
2 20
2 21
2 22
2 23
2 24
2 25
2 27
2 30
2 31
2 33
2 34
2 45
2 50
2 64
2 65
2 67
2 88
2 92
3 3
3 5
3 7
3 21
3 22
3 23
3 24
3 25
3 27
3 30
3 31
3 34
3 35
3 39
3 42
3 43
3 44
3 45
3 50
3 64
3 65
3 67
3 84
3 85
3 87
3 92
4 4
4 8
4 9
4 11
4 13
4 14
4 15
4 26
4 28
4 38
4 40
4 52
4 54
4 57
4 58
4 59
4 60
4 61
4 69
4 71
4 82
4 83
4 86
4 88
4 89
5 5
5 9
5 15
5 20
5 21
5 22
5 23
5 24
5 25
5 26
5 27
5 31
5 34
5 42
5 44
5 45
5 49
5 50
5 65
5 66
5 67
5 85
5 86
5 87
5 89
6 6
6 10
6 12
6 13
6 18
6 19
6 54
6 58
6 60
6 68
6 74
6 75
6 76
6 82
6 88
6 98
6 108
6 111
6 112
7 7
7 9
7 11
7 13
7 46
7 54
7 61
7 65
7 92
8 8
8 9
8 11
8 13
8 14
8 15
8 26
8 28
8 38
8 40
8 52
8 54
8 58
8 59
8 60
8 61
8 71
8 82
8 83
8 86
8 88
8 89
8 106
8 107
9 9
9 11
9 13
9 14
9 15
9 26
9 28
9 54
9 59
9 61
9 65
9 82
9 86
9 88
9 92
10 10
10 11
10 12
10 13
10 17
10 18
10 19
10 36
10 60
10 72
10 73
10 74
10 75
10 76
10 82
10 84
10 111
10 112
11 11
11 13
11 14
11 15
11 29
11 39
11 54
11 61
11 65
11 71
11 76
11 77
11 82
11 83
11 84
11 85
12 12
12 13
12 19
12 48
12 52
12 58
12 60
12 61
13 13
13 15
13 17
13 36
13 40
13 48
13 52
13 59
13 60
13 61
13 65
13 73
13 74
13 76
13 82
14 14
14 15
14 20
14 26
14 28
14 38
14 40
14 54
14 58
14 59
14 61
14 71
14 76
14 77
14 82
14 83
14 86
14 88
14 89
14 106
15 15
15 26
15 28
15 35
15 65
15 71
15 77
15 82
15 83
15 86
15 88
15 89
16 16
16 17
16 24
16 29
16 30
16 31
16 36
16 37
16 39
16 41
16 43
16 47
16 55
16 56
16 70
16 72
16 73
16 74
16 75
16 76
16 78
16 79
16 80
16 81
16 84
16 85
16 95
16 97
16 99
16 109
16 110
16 111
16 112
17 17
17 28
17 29
17 36
17 37
17 39
17 40
17 41
17 43
17 47
17 55
17 62
17 63
17 72
17 73
17 74
17 75
17 76
17 77
17 78
17 79
17 80
17 81
17 82
17 83
17 85
17 96
17 103
17 110
18 18
18 19
18 22
18 23
18 24
18 27
18 30
18 32
18 64
18 68
18 75
18 88
18 93
19 19
19 28
19 32
19 36
19 60
19 68
19 69
19 72
19 75
19 78
19 80
19 81
19 93
19 94
19 95
19 97
19 99
19 101
19 102
19 108
19 109
19 111
19 112
19 113
19 115
20 20
20 21
20 22
20 23
20 26
20 27
20 41
20 50
20 58
20 64
20 69
20 88
21 21
21 22
21 23
21 24
21 25
21 26
21 27
21 30
21 31
21 33
21 34
21 42
21 44
21 45
21 50
21 64
21 65
21 66
21 67
21 88
21 114
22 22
22 23
22 24
22 25
22 27
22 30
22 31
22 34
22 42
22 43
22 45
22 47
22 50
22 53
22 64
22 65
22 67
22 84
22 85
22 87
22 91
22 93
23 23
23 24
23 25
23 26
23 27
23 30
23 31
23 34
23 35
23 42
23 43
23 44
23 45
23 50
23 64
23 65
23 67
23 84
23 85
23 87
23 92
24 24
24 25
24 26
24 27
24 30
24 31
24 41
24 42
24 43
24 45
24 47
24 50
24 53
24 64
24 65
24 67
24 84
24 85
24 86
24 87
24 88
24 92
25 25
25 27
25 30
25 31
25 34
25 35
25 37
25 41
25 42
25 43
25 44
25 45
25 47
25 50
25 64
25 65
25 67
25 84
25 85
25 87
25 110
26 26
26 27
26 33
26 34
26 50
26 56
26 59
26 66
26 67
26 69
26 86
26 88
26 89
26 107
26 114
26 115
27 27
27 30
27 31
27 42
27 43
27 45
27 50
27 64
27 65
27 67
27 84
27 85
27 87
27 88
27 89
28 28
28 29
28 36
28 40
28 54
28 60
28 72
28 76
28 78
28 79
28 80
28 81
28 82
28 83
28 86
28 94
28 108
29 29
29 30
29 31
29 36
29 37
29 39
29 40
29 41
29 43
29 47
29 55
29 62
29 63
29 70
29 71
29 72
29 73
29 74
29 76
29 77
29 78
29 79
29 80
29 81
29 83
29 85
29 110
30 30
30 31
30 37
30 41
30 42
30 43
30 45
30 47
30 50
30 64
30 70
30 73
30 75
30 76
30 79
30 84
30 85
30 87
30 110
31 31
31 37
31 39
31 41
31 42
31 43
31 44
31 45
31 47
31 50
31 64
31 73
31 77
31 79
31 83
31 84
31 85
31 87
32 32
32 33
32 58
32 60
32 68
32 94
32 108
32 114
32 115
33 33
33 34
33 35
33 66
33 114
33 115
34 34
34 35
34 42
34 44
34 45
34 64
34 65
34 66
34 67
34 107
34 114
34 115
35 35
35 37
35 42
35 44
35 45
35 47
35 49
35 64
35 65
35 67
35 71
35 77
35 79
35 104
35 105
35 106
35 107
36 36
36 38
36 40
36 55
36 62
36 63
36 72
36 73
36 74
36 75
36 76
36 78
36 80
36 81
36 94
36 95
36 96
36 97
36 99
36 103
36 108
36 109
36 111
36 112
36 113
37 37
37 39
37 41
37 43
37 47
37 62
37 70
37 71
37 73
37 74
37 76
37 77
37 79
37 96
37 103
37 104
37 110
38 38
38 39
38 40
38 54
38 57
38 59
38 61
38 71
38 76
38 82
38 89
38 107
39 39
39 43
39 47
39 55
39 70
39 76
39 77
39 79
39 85
39 96
39 110
40 40
40 54
40 55
40 57
40 62
40 72
40 74
40 76
40 79
40 80
40 81
40 82
40 86
40 89
41 41
41 43
41 47
41 62
41 73
41 74
41 75
41 76
41 79
41 84
41 85
41 103
41 110
42 42
42 43
42 44
42 45
42 46
42 47
42 65
42 67
42 79
42 85
42 87
42 110
43 43
43 44
43 45
43 46
43 47
43 49
43 53
43 55
43 67
43 73
43 78
43 79
43 80
43 81
43 84
43 85
43 87
43 97
43 99
43 110
43 113
44 44
44 45
44 46
44 47
44 49
44 50
44 65
44 67
44 92
44 100
44 105
44 110
45 45
45 46
45 47
45 49
45 50
45 64
45 65
45 67
45 85
45 87
45 92
45 105
45 110
46 46
46 47
46 71
46 73
46 77
46 79
46 90
46 92
46 96
46 98
46 100
46 103
46 104
46 110
46 111
47 47
47 49
47 53
47 55
47 67
47 73
47 77
47 79
47 84
47 85
47 91
47 92
47 103
47 104
47 110
48 48
48 49
48 51
48 52
48 54
48 56
48 57
48 58
48 59
48 60
48 61
48 62
48 63
48 66
48 98
49 49
49 51
49 52
49 53
49 56
49 57
49 59
49 62
49 63
49 65
49 67
49 77
49 89
49 92
49 100
49 104
49 106
50 50
50 64
50 65
50 67
51 51
51 52
51 53
51 56
51 57
51 58
51 59
51 61
51 62
51 63
51 69
51 89
51 91
51 100
51 101
51 102
52 52
52 54
52 56
52 57
52 58
52 59
52 60
52 61
52 62
52 63
52 66
52 69
52 72
52 102
52 107
53 53
53 55
53 91
53 92
53 93
53 99
53 101
53 112
53 113
54 54
54 57
54 58
54 59
54 60
54 61
54 71
54 82
54 86
54 88
54 89
54 106
54 107
55 55
55 57
55 62
55 63
55 72
55 73
55 74
55 78
55 79
55 80
55 81
55 84
55 85
55 87
55 89
55 95
55 96
55 97
55 99
55 100
55 109
55 110
55 111
55 112
55 113
56 56
56 57
56 62
56 63
56 68
56 72
56 75
56 79
56 89
57 57
57 58
57 59
57 61
57 62
57 63
57 69
57 72
57 82
57 89
57 101
57 106
58 58
58 59
58 60
58 61
58 63
58 66
58 68
58 69
58 88
58 102
58 107
58 108
59 59
59 60
59 61
59 62
59 63
59 66
59 69
59 89
59 102
59 107
59 108
60 60
60 61
60 63
60 68
60 69
60 72
60 98
60 102
60 108
61 61
61 63
61 66
62 62
62 63
62 72
62 73
62 74
62 79
62 80
62 81
62 83
63 63
63 69
63 72
63 73
63 74
63 80
63 81
63 95
63 96
63 97
63 98
63 99
63 100
63 101
63 102
63 103
63 108
63 109
63 111
63 112
63 113
64 64
64 65
64 84
64 85
64 87
64 88
65 65
65 67
65 77
65 85
65 87
65 88
65 92
66 66
66 67
66 68
66 69
66 90
66 94
66 102
66 105
66 107
66 115
67 67
67 77
67 92
67 105
67 107
67 110
68 68
68 69
68 98
68 101
68 102
68 108
69 69
69 90
69 93
69 94
69 101
69 102
69 103
69 106
69 108
69 115
70 70
70 72
70 76
70 78
70 96
70 110
71 71
71 76
71 77
71 79
71 83
71 104
71 107
72 72
72 73
72 74
72 75
72 76
72 78
72 80
72 81
72 94
72 95
72 96
72 97
72 99
72 108
72 109
72 111
72 112
73 73
73 74
73 75
73 76
73 77
73 79
73 82
73 83
73 84
73 85
73 98
73 99
73 103
73 110
73 111
73 112
74 74
74 75
74 76
74 78
74 79
74 80
74 81
74 82
74 84
74 85
74 97
74 98
74 99
74 109
74 110
74 111
74 112
75 75
75 76
75 78
75 79
75 95
75 98
75 109
76 76
76 77
76 79
76 82
76 96
76 110
77 77
77 79
77 83
77 104
77 106
77 110
78 78
78 80
78 81
78 84
78 85
78 94
78 95
78 96
78 97
78 99
78 108
78 109
78 110
78 111
78 112
78 113
79 79
79 80
79 81
79 83
79 85
79 110
80 80
80 81
80 94
80 95
80 97
80 99
80 108
80 112
80 113
80 115
81 81
81 84
81 85
81 94
81 95
81 97
81 99
81 108
81 109
81 111
81 112
81 113
82 82
82 83
82 84
82 86
82 87
82 88
82 89
82 106
83 83
83 86
83 87
83 89
84 84
84 85
84 86
84 87
84 91
84 110
85 85
85 86
85 87
85 95
85 97
85 110
86 86
86 87
86 88
86 89
86 106
87 87
87 88
87 89
87 92
87 114
88 88
88 89
89 89
89 107
89 114
90 90
90 91
90 92
90 93
90 98
90 99
90 100
90 101
90 102
90 103
90 104
90 106
90 110
90 111
91 91
91 92
91 93
91 95
91 98
91 99
91 100
91 101
91 102
91 103
91 111
91 112
91 113
92 92
92 93
92 99
92 100
92 101
92 102
92 111
92 112
93 93
93 94
93 95
93 98
93 99
93 100
93 101
93 102
93 103
93 108
93 111
93 112
93 113
93 115
94 94
94 95
94 96
94 97
94 99
94 101
94 102
94 108
94 109
94 113
94 114
94 115
95 95
95 96
95 97
95 98
95 99
95 100
95 101
95 102
95 108
95 109
95 111
95 112
95 113
95 114
95 115
96 96
96 97
96 98
96 99
96 103
96 104
96 108
96 109
96 110
96 111
97 97
97 98
97 99
97 101
97 108
97 109
97 110
97 111
97 112
97 113
97 115
98 98
98 99
98 100
98 101
98 102
98 103
98 104
98 106
98 108
98 109
98 110
98 111
98 112
99 99
99 100
99 101
99 102
99 103
99 108
99 109
99 110
99 111
99 112
99 113
100 100
100 101
100 102
100 103
100 104
100 108
100 111
100 112
100 113
101 101
101 102
101 103
101 106
101 108
101 110
101 111
101 112
101 113
102 102
102 106
102 108
102 111
102 112
102 113
102 115
103 103
103 104
103 105
103 110
103 111
104 104
104 105
104 106
104 107
105 105
105 107
106 106
106 107
107 107
108 108
108 109
108 111
108 112
108 113
108 115
109 109
109 110
109 111
109 112
109 113
110 110
110 111
110 112
111 111
111 112
111 113
112 112
112 113
113 113
113 114
113 115
114 114
114 115
115 115
