0 0
0 1
0 6
0 12
0 16
0 17
0 18
0 19
0 28
0 32
0 33
0 38
0 56
0 57
0 58
0 60
0 61
0 62
0 63
0 69
0 72
0 75
0 80
0 81
1 1
1 6
1 10
1 12
1 13
1 16
1 17
1 19
1 28
1 29
1 32
1 33
1 57
1 58
1 59
1 60
1 61
1 62
1 63
1 68
1 69
1 72
1 78
1 80
1 81
1 104
1 114
2 2
2 3
2 4
2 6
2 7
2 8
2 12
2 18
2 42
2 44
2 48
2 50
2 51
2 52
2 55
2 60
2 91
2 93
3 3
3 5
3 6
3 7
3 14
3 22
3 23
3 24
3 25
3 26
3 27
3 31
3 42
3 46
3 52
3 64
3 65
3 82
3 86
3 87
3 88
3 89
3 90
3 92
3 93
4 4
4 5
4 6
4 8
4 9
4 23
4 26
4 70
4 78
4 88
4 92
4 93
5 5
5 7
5 15
5 22
5 23
5 24
5 25
5 26
5 27
5 42
5 43
5 50
5 51
5 52
5 64
5 65
5 70
5 88
5 90
5 92
5 93
5 110
5 112
6 6
6 7
6 8
6 9
6 12
6 13
6 18
6 28
6 60
6 61
6 65
6 88
7 7
7 8
7 9
7 13
7 50
7 52
7 61
7 65
7 90
7 92
8 8
8 9
8 11
8 12
8 13
8 14
8 15
8 28
8 60
8 61
8 72
8 75
8 102
9 9
9 13
9 29
9 45
9 61
9 65
10 10
10 11
10 12
10 13
10 14
10 15
10 19
10 28
10 62
10 68
10 72
10 78
10 80
10 81
10 84
10 105
10 107
10 114
10 115
11 11
11 12
11 13
11 14
11 15
11 17
11 28
11 29
11 41
11 72
11 76
11 80
11 83
11 85
12 12
12 13
12 14
12 15
12 17
12 19
12 26
12 28
12 33
12 60
12 61
12 68
12 70
12 72
12 78
12 103
12 104
12 105
12 107
12 114
12 115
13 13
13 14
13 15
13 28
13 60
13 61
13 65
13 78
13 100
14 14
14 15
14 18
14 19
14 20
14 21
14 22
14 23
14 25
14 26
14 27
14 28
14 31
14 33
14 64
14 68
14 69
14 70
14 78
14 82
14 83
14 84
14 85
14 86
14 88
14 89
14 107
15 15
15 20
15 22
15 23
15 26
15 27
15 28
15 33
15 36
15 39
15 40
15 41
15 68
15 70
15 78
15 81
15 82
15 83
15 84
15 85
15 88
16 16
16 17
16 19
16 28
16 29
16 41
16 56
16 57
16 58
16 59
16 60
16 61
16 62
16 63
16 66
16 72
16 73
16 74
16 76
16 78
16 79
16 80
16 81
16 101
16 102
16 103
17 17
17 19
17 28
17 29
17 32
17 33
17 56
17 57
17 58
17 59
17 60
17 61
17 62
17 63
17 66
17 72
17 73
17 74
17 76
17 78
17 79
17 80
17 81
17 83
17 102
18 18
18 19
18 23
18 26
18 33
18 38
18 69
18 70
18 82
18 83
18 88
18 107
19 19
19 21
19 26
19 28
19 32
19 33
19 38
19 56
19 57
19 62
19 68
19 69
19 72
19 78
19 80
19 81
19 82
19 83
19 88
19 107
20 20
20 21
20 25
20 26
20 28
20 36
20 38
20 39
20 40
20 41
20 68
20 70
20 71
20 75
20 80
20 81
20 82
20 83
20 84
20 85
20 86
20 87
20 88
20 89
20 94
21 21
21 22
21 23
21 25
21 26
21 27
21 31
21 38
21 39
21 40
21 41
21 68
21 69
21 70
21 71
21 81
21 82
21 83
21 84
21 86
21 87
21 88
21 89
21 94
21 105
21 107
21 114
22 22
22 23
22 24
22 25
22 26
22 27
22 30
22 31
22 42
22 43
22 64
22 65
22 70
22 82
22 86
22 87
22 88
22 89
22 92
22 93
22 107
23 23
23 24
23 25
23 26
23 27
23 30
23 31
23 64
23 70
23 71
23 82
23 83
23 86
23 87
23 88
23 89
23 92
24 24
24 25
24 26
24 27
24 30
24 31
24 35
24 43
24 64
24 65
24 67
24 71
24 77
24 82
24 86
24 87
24 88
24 89
24 92
24 110
25 25
25 26
25 27
25 30
25 31
25 38
25 39
25 64
25 65
25 67
25 68
25 69
25 71
25 82
25 84
25 85
25 86
25 87
25 88
25 89
25 92
25 107
26 26
26 27
26 30
26 31
26 38
26 39
26 64
26 65
26 68
26 69
26 70
26 82
26 83
26 84
26 86
26 87
26 88
26 89
26 107
27 27
27 30
27 31
27 34
27 35
27 39
27 43
27 64
27 65
27 67
27 69
27 70
27 71
27 82
27 84
27 85
27 86
27 87
27 88
27 89
28 28
28 29
28 33
28 41
28 60
28 61
28 62
28 63
28 72
28 74
28 76
28 78
28 80
28 81
28 83
28 101
28 102
28 103
28 105
28 114
29 29
29 36
29 37
29 40
29 41
29 56
29 57
29 58
29 59
29 61
29 62
29 63
29 66
29 72
29 73
29 74
29 76
29 77
29 79
29 80
29 81
29 83
29 102
30 30
30 31
30 34
30 35
30 64
30 67
30 71
30 77
30 82
30 83
30 84
30 85
30 86
30 87
30 88
30 89
31 31
31 64
31 71
31 82
31 83
31 86
31 88
31 89
31 105
32 32
32 33
32 56
32 57
32 59
32 60
32 62
32 63
32 80
32 104
33 33
33 34
33 38
33 57
33 69
33 80
33 81
33 82
33 83
33 105
33 107
34 34
34 35
34 43
34 67
34 77
34 79
35 35
35 40
35 43
35 46
35 47
35 64
35 66
35 67
35 71
35 73
35 77
35 79
35 85
36 36
36 37
36 38
36 39
36 40
36 41
36 56
36 62
36 68
36 71
36 72
36 73
36 74
36 75
36 76
36 77
36 79
36 80
36 81
36 83
36 84
36 85
37 37
37 39
37 40
37 43
37 44
37 45
37 46
37 47
37 55
37 73
37 75
37 76
37 77
37 79
37 95
37 96
37 97
37 106
37 109
37 110
38 38
38 39
38 40
38 41
38 54
38 62
38 69
38 72
38 82
38 83
38 86
38 87
38 89
39 39
39 40
39 41
39 55
39 68
39 87
39 94
39 96
39 97
40 40
40 41
40 54
40 59
40 66
40 67
40 68
40 71
40 77
40 79
40 81
40 82
40 83
40 84
40 86
41 41
41 56
41 62
41 68
41 70
41 71
41 72
41 73
41 74
41 76
41 79
41 80
41 81
41 82
41 83
41 84
41 85
42 42
42 43
42 44
42 45
42 46
42 47
42 48
42 49
42 50
42 51
42 52
42 53
42 55
42 90
42 91
42 92
42 93
42 96
42 98
42 99
42 110
42 111
42 112
42 113
43 43
43 44
43 45
43 46
43 47
43 48
43 49
43 50
43 51
43 52
43 53
43 55
43 67
43 87
43 91
43 92
43 96
43 97
43 98
43 99
43 106
43 110
43 111
44 44
44 45
44 46
44 47
44 48
44 49
44 50
44 51
44 52
44 53
44 55
44 66
44 91
44 96
44 97
44 98
44 99
44 110
44 111
45 45
45 46
45 47
45 48
45 49
45 50
45 51
45 52
45 53
45 55
45 66
45 67
45 96
45 97
45 98
45 99
45 110
45 111
46 46
46 47
46 48
46 49
46 50
46 51
46 52
46 53
46 55
46 77
46 90
46 91
46 92
46 96
46 98
46 99
46 110
46 111
46 112
46 113
47 47
47 48
47 49
47 50
47 51
47 52
47 53
47 55
47 90
47 91
47 92
47 95
47 96
47 97
47 98
47 99
47 106
47 109
47 110
47 111
48 48
48 49
48 50
48 51
48 52
48 53
48 55
48 58
48 66
48 90
48 91
48 93
48 96
48 98
48 99
48 110
49 49
49 50
49 51
49 52
49 53
49 55
49 59
49 90
49 91
49 96
49 98
49 99
49 108
49 111
49 112
50 50
50 51
50 52
50 53
50 55
50 66
50 87
50 91
50 92
50 93
50 96
50 98
50 106
50 110
50 115
51 51
51 52
51 53
51 55
51 90
51 91
51 92
51 93
51 96
51 97
51 98
51 99
51 106
51 108
51 110
51 111
51 112
51 113
51 115
52 52
52 53
52 90
52 91
52 92
52 93
52 96
52 98
52 99
52 106
52 111
52 112
52 113
53 53
53 55
53 90
53 91
53 92
53 93
53 96
53 98
53 99
53 110
53 111
53 112
53 113
54 54
54 55
54 65
54 68
54 69
54 70
54 82
54 86
54 87
54 88
54 89
54 106
55 55
55 87
55 94
55 95
55 96
55 97
55 98
55 99
55 106
55 108
55 109
55 110
55 111
56 56
56 57
56 62
56 63
56 66
56 68
56 72
56 73
56 74
56 75
56 76
56 79
56 80
56 81
56 85
56 106
57 57
57 58
57 59
57 62
57 63
57 66
57 68
57 69
57 72
57 73
57 74
57 79
57 80
57 81
57 104
57 106
57 112
58 58
58 59
58 60
58 61
58 62
58 63
58 66
58 72
58 73
58 74
58 76
58 79
58 101
59 59
59 60
59 61
59 62
59 63
59 66
59 67
59 72
59 73
59 74
59 79
59 100
59 103
59 104
60 60
60 61
60 62
60 63
60 66
60 72
60 78
60 80
60 95
60 109
61 61
61 63
61 72
61 78
61 95
61 108
61 109
62 62
62 63
62 66
62 68
62 72
62 73
62 74
62 75
62 76
62 78
62 79
62 80
62 81
62 101
62 102
63 63
63 66
63 72
63 73
63 74
63 75
63 76
63 78
63 79
63 80
63 81
63 95
63 101
63 102
63 104
63 108
63 109
64 64
64 65
64 67
64 71
64 82
64 84
64 85
64 86
64 87
64 88
64 89
64 92
65 65
65 67
65 82
65 84
65 86
65 87
65 88
65 89
65 92
66 66
66 67
66 73
66 79
66 103
66 106
67 67
67 71
67 77
67 79
67 85
67 87
68 68
68 69
68 70
68 78
68 80
68 81
68 88
68 89
68 107
68 114
69 69
69 70
69 81
69 82
69 83
69 86
69 87
69 88
69 89
69 107
70 70
70 82
70 86
70 88
70 89
71 71
71 73
71 75
71 77
71 79
71 82
71 83
71 85
72 72
72 73
72 74
72 75
72 76
72 78
72 79
72 80
72 81
72 101
72 102
73 73
73 74
73 75
73 76
73 77
73 79
73 80
73 102
74 74
74 75
74 76
74 78
74 79
74 80
74 81
74 101
74 102
75 75
75 76
75 77
75 79
76 76
76 77
76 79
76 101
77 77
77 79
77 82
77 83
78 78
78 80
78 81
78 88
78 93
78 94
78 95
78 101
78 102
78 103
78 107
78 108
78 109
78 114
78 115
79 79
79 80
79 83
80 80
80 81
80 83
80 84
80 102
80 114
81 81
81 83
81 84
81 85
81 114
82 82
82 83
82 84
82 85
82 86
82 87
82 88
82 89
83 83
83 84
83 86
83 88
84 84
84 85
84 86
84 87
84 88
85 85
85 87
86 86
86 87
86 88
86 89
87 87
87 88
87 89
87 92
88 88
88 89
89 89
89 92
90 90
90 91
90 92
90 93
90 95
90 98
90 99
90 100
90 101
90 102
90 109
90 111
90 112
90 113
91 91
91 92
91 93
91 95
91 96
91 97
91 98
91 99
91 100
91 101
91 102
91 108
91 109
91 110
91 111
91 112
91 113
92 92
92 93
92 98
92 100
92 110
92 111
92 113
93 93
93 94
93 95
93 96
93 97
93 99
93 100
93 101
93 102
93 103
93 107
93 108
93 109
93 110
93 111
93 113
93 114
93 115
94 94
94 95
94 96
94 97
94 99
94 101
94 103
94 104
94 106
94 107
94 108
94 109
94 110
94 111
94 114
94 115
95 95
95 96
95 97
95 99
95 100
95 101
95 103
95 104
95 106
95 108
95 109
95 110
95 111
95 114
95 115
96 96
96 97
96 98
96 99
96 106
96 108
96 109
96 110
96 111
97 97
97 99
97 103
97 106
97 108
97 109
97 110
97 111
97 114
97 115
98 98
98 99
98 102
98 106
98 111
98 112
98 113
99 99
99 101
99 102
99 103
99 104
99 106
99 108
99 109
99 110
99 111
99 112
99 113
99 114
99 115
100 100
100 101
100 102
100 103
100 109
100 112
101 101
101 102
101 108
101 109
101 114
101 115
102 102
102 103
102 108
102 111
103 103
103 104
103 105
103 107
103 108
103 109
103 110
103 114
103 115
104 104
104 105
104 107
104 108
104 109
104 114
104 115
105 105
105 107
105 114
105 115
106 106
106 108
106 109
106 110
106 111
106 113
106 115
107 107
107 114
107 115
108 108
108 109
108 110
108 111
108 114
108 115
109 109
109 110
109 111
109 114
109 115
110 110
110 111
110 115
111 111
111 112
111 113
111 114
111 115
112 112
112 113
112 114
112 115
113 113
113 114
113 115
114 114
114 115
115 115
