0 0
0 1
0 6
0 10
0 14
0 18
0 19
0 28
0 29
0 32
0 33
0 40
0 56
0 57
0 63
0 68
0 72
0 74
0 79
0 82
1 1
1 3
1 6
1 7
1 11
1 13
1 17
1 19
1 29
1 32
1 33
1 49
1 51
1 56
1 57
1 59
1 61
1 62
1 63
1 68
1 81
1 83
1 92
1 98
1 102
1 112
2 2
2 4
2 5
2 6
2 8
2 10
2 12
2 14
2 18
2 20
2 22
2 23
2 24
2 25
2 26
2 27
2 31
2 50
2 58
2 60
2 64
2 69
2 70
2 71
2 88
2 93
3 3
3 5
3 7
3 9
3 11
3 14
3 18
3 19
3 22
3 23
3 30
3 31
3 68
3 69
3 70
3 83
3 89
3 92
4 4
4 5
4 6
4 8
4 9
4 10
4 12
4 14
4 15
4 18
4 20
4 22
4 24
4 26
4 30
4 31
4 48
4 58
4 60
4 64
4 65
4 70
4 71
4 75
4 88
4 89
4 93
4 108
5 5
5 8
5 9
5 20
5 22
5 23
5 24
5 25
5 26
5 27
5 30
5 31
5 42
5 43
5 46
5 47
5 50
5 53
5 54
5 55
5 67
5 70
5 71
5 75
5 85
5 87
5 88
5 89
5 91
5 96
5 110
6 6
6 7
6 8
6 10
6 11
6 12
6 13
6 14
6 18
6 19
6 28
6 32
6 33
6 60
6 64
6 70
6 72
6 73
6 74
6 83
6 88
6 90
6 93
6 101
6 102
6 103
6 106
7 7
7 8
7 9
7 11
7 12
7 13
7 15
7 17
7 51
7 61
7 62
7 65
7 83
7 89
7 92
7 101
7 102
7 103
7 104
7 112
8 8
8 9
8 10
8 11
8 12
8 14
8 15
8 20
8 22
8 24
8 26
8 50
8 60
8 64
8 65
8 70
8 75
8 82
8 88
8 89
8 92
8 93
8 103
9 9
9 11
9 13
9 15
9 24
9 26
9 64
9 65
9 84
9 85
9 88
9 89
9 92
9 93
10 10
10 11
10 12
10 13
10 14
10 15
10 16
10 17
10 18
10 28
10 41
10 48
10 50
10 60
10 64
10 65
10 88
10 93
11 11
11 12
11 13
11 15
11 17
11 51
11 60
11 61
11 64
11 65
11 83
11 85
11 89
11 92
11 100
11 101
12 12
12 13
12 14
12 15
12 16
12 17
12 28
12 41
12 48
12 58
12 60
12 61
12 62
12 64
12 65
12 88
12 93
12 101
12 102
12 108
12 115
13 13
13 15
13 17
13 29
13 33
13 41
13 49
13 60
13 61
13 62
13 63
13 65
13 81
13 83
13 92
13 100
13 101
13 102
13 104
13 112
13 115
14 14
14 18
14 19
14 20
14 22
14 23
14 24
14 28
14 30
14 31
14 64
14 70
14 75
14 82
14 83
14 84
14 88
14 92
14 93
15 15
15 16
15 17
15 29
15 52
15 60
15 61
15 65
15 70
15 75
15 83
15 89
15 92
15 104
15 112
16 16
16 17
16 36
16 38
16 39
16 40
16 48
16 52
16 54
16 58
16 60
16 61
16 62
16 63
16 65
16 80
16 94
16 95
16 97
16 104
16 108
16 109
17 17
17 29
17 49
17 51
17 52
17 56
17 57
17 60
17 61
17 62
17 63
17 65
17 80
17 81
17 83
17 102
17 104
18 18
18 19
18 20
18 22
18 23
18 24
18 28
18 30
18 31
18 32
18 33
18 64
18 68
18 69
18 70
18 71
18 74
18 76
18 88
18 93
19 19
19 22
19 23
19 28
19 31
19 32
19 33
19 56
19 57
19 68
19 69
19 72
19 74
19 81
19 83
19 91
19 93
20 20
20 21
20 22
20 23
20 24
20 25
20 26
20 27
20 28
20 30
20 31
20 38
20 42
20 43
20 50
20 64
20 70
20 71
20 72
20 74
20 88
20 91
20 93
21 21
21 24
21 25
21 26
21 27
21 31
21 35
21 39
21 42
21 43
21 44
21 46
21 55
21 67
21 71
21 79
21 96
22 22
22 23
22 24
22 25
22 26
22 27
22 30
22 31
22 34
22 38
22 42
22 43
22 46
22 50
22 54
22 64
22 69
22 70
22 71
22 76
22 79
22 82
22 84
22 88
22 91
22 93
23 23
23 24
23 25
23 26
23 27
23 30
23 31
23 34
23 64
23 69
23 70
23 71
23 76
23 86
23 87
23 88
23 91
23 93
23 94
23 99
23 108
24 24
24 25
24 26
24 27
24 30
24 31
24 34
24 42
24 43
24 46
24 54
24 64
24 69
24 70
24 71
24 75
24 76
24 88
24 93
25 25
25 26
25 27
25 30
25 31
25 34
25 42
25 43
25 46
25 47
25 50
25 54
25 55
25 69
25 70
25 71
25 76
25 77
25 78
25 79
25 88
25 91
25 96
25 110
25 114
26 26
26 27
26 30
26 31
26 34
26 38
26 39
26 43
26 46
26 47
26 50
26 54
26 55
26 58
26 67
26 70
26 71
26 76
26 86
26 87
26 88
26 89
26 93
26 94
26 96
26 97
26 108
26 109
26 110
27 27
27 30
27 31
27 34
27 35
27 37
27 38
27 39
27 42
27 43
27 46
27 47
27 50
27 54
27 55
27 67
27 69
27 71
27 76
27 77
27 85
27 86
27 87
27 88
27 96
27 109
27 110
28 28
28 29
28 31
28 32
28 33
28 36
28 40
28 63
28 70
28 72
28 73
28 74
28 75
28 78
28 79
28 81
28 82
28 83
29 29
29 32
29 33
29 49
29 56
29 57
29 61
29 62
29 63
29 72
29 73
29 75
29 78
29 80
29 81
29 83
29 98
29 100
29 102
30 30
30 31
30 34
30 43
30 46
30 53
30 70
30 71
30 73
30 75
30 76
30 77
30 79
30 86
30 94
30 108
30 110
31 31
31 34
31 64
31 69
31 70
31 71
31 73
31 75
31 76
31 77
31 79
31 93
32 32
32 33
32 40
32 49
32 56
32 57
32 59
32 62
32 63
32 66
32 68
32 72
32 74
32 78
32 80
32 81
32 83
32 94
32 102
32 108
32 109
33 33
33 40
33 49
33 56
33 57
33 59
33 61
33 63
33 68
33 72
33 74
33 78
33 79
33 80
33 81
33 83
34 34
34 35
34 38
34 43
34 44
34 45
34 46
34 54
34 66
34 67
34 84
34 86
34 87
34 110
35 35
35 37
35 38
35 43
35 44
35 45
35 50
35 54
35 58
35 60
35 65
35 66
35 67
35 86
35 88
35 110
36 36
36 37
36 38
36 39
36 40
36 47
36 52
36 53
36 54
36 55
36 56
36 62
36 68
36 72
36 76
36 78
36 80
36 82
36 84
36 96
36 97
36 109
37 37
37 38
37 39
37 40
37 41
37 42
37 43
37 46
37 47
37 52
37 53
37 55
37 56
37 57
37 68
37 76
37 77
37 86
37 96
37 97
37 110
38 38
38 39
38 40
38 41
38 48
38 50
38 52
38 54
38 55
38 58
38 64
38 82
38 84
38 86
38 87
38 88
38 94
38 96
38 97
38 109
38 110
39 39
39 40
39 41
39 44
39 45
39 47
39 48
39 50
39 52
39 54
39 55
39 58
39 66
39 68
39 86
39 87
39 94
39 95
39 96
39 97
39 108
39 109
39 110
40 40
40 56
40 62
40 68
40 74
40 82
40 86
40 87
40 94
40 95
40 96
40 97
40 108
40 109
40 111
41 41
41 48
41 64
41 82
42 42
42 43
42 46
42 47
42 53
42 55
42 74
42 76
42 77
42 78
42 79
42 85
42 90
42 91
42 92
42 93
42 96
42 106
42 107
42 110
43 43
43 45
43 46
43 47
43 50
43 53
43 54
43 55
43 67
43 77
43 78
43 85
43 87
43 96
43 97
43 110
44 44
44 45
44 48
44 49
44 51
44 57
44 59
44 66
44 67
44 95
44 100
44 111
44 115
45 45
45 50
45 51
45 59
45 61
45 65
45 66
45 67
45 85
45 86
45 87
45 89
45 95
45 96
45 110
45 115
46 46
46 47
46 53
46 54
46 55
46 66
46 76
46 77
46 78
46 79
46 85
46 87
46 91
46 96
46 97
46 98
46 99
46 110
47 47
47 52
47 53
47 54
47 55
47 56
47 68
47 76
47 77
47 85
47 87
47 91
47 92
47 96
47 97
47 99
47 109
47 110
48 48
48 49
48 50
48 51
48 52
48 54
48 58
48 60
48 62
48 100
48 101
48 103
48 106
48 107
48 108
48 109
49 49
49 51
49 53
49 56
49 57
49 59
49 61
49 62
49 63
49 80
49 81
49 83
49 92
49 98
49 99
49 100
49 101
49 102
49 103
50 50
50 54
50 60
50 64
50 65
50 66
50 67
50 86
50 87
50 88
50 96
50 110
51 51
51 53
51 59
51 61
51 62
51 63
51 65
51 80
51 85
51 96
51 100
51 102
51 103
52 52
52 53
52 54
52 55
52 58
52 60
52 61
52 62
52 63
52 80
52 96
52 108
52 109
52 113
53 53
53 54
53 55
53 56
53 57
53 68
53 76
53 87
53 90
53 91
53 92
53 98
53 99
54 54
54 55
54 58
54 86
54 87
54 88
54 89
54 96
54 97
54 109
54 110
55 55
55 56
55 66
55 68
55 76
55 85
55 86
55 87
55 91
55 95
55 96
55 97
55 99
55 109
55 110
56 56
56 57
56 63
56 68
56 74
56 76
56 78
56 79
56 80
56 81
56 82
56 97
56 98
56 99
57 57
57 59
57 63
57 68
57 72
57 73
57 74
57 76
57 79
57 80
57 81
57 98
57 99
58 58
58 59
58 60
58 61
58 62
58 65
58 66
58 67
58 69
58 107
58 108
59 59
59 61
59 62
59 63
59 66
59 67
59 68
59 80
59 81
59 95
59 102
60 60
60 61
60 62
60 64
60 65
60 88
60 101
60 102
60 104
60 107
61 61
61 62
61 63
61 65
61 72
61 80
61 81
61 100
61 101
61 102
61 104
61 105
61 112
61 114
62 62
62 63
62 65
62 66
62 80
62 94
62 95
62 100
62 102
62 104
62 108
62 109
63 63
63 72
63 80
63 81
63 98
63 102
63 104
63 105
63 112
63 114
64 64
64 65
64 82
64 84
64 88
64 89
64 93
65 65
65 67
65 89
65 104
66 66
66 67
66 79
66 80
66 86
66 87
66 94
66 95
66 96
66 97
66 110
67 67
67 85
67 86
67 87
67 89
67 96
67 97
67 110
68 68
68 69
68 76
68 77
69 69
69 76
69 77
69 91
69 106
69 114
70 70
70 71
70 73
70 75
70 76
70 77
70 83
70 91
70 111
71 71
71 73
71 77
71 88
71 91
71 114
72 72
72 73
72 74
72 75
72 78
72 79
72 80
72 81
72 104
72 105
72 107
73 73
73 74
73 75
73 76
73 77
73 81
73 98
73 105
74 74
74 75
74 76
74 78
74 79
74 105
74 107
75 75
75 76
75 77
75 82
75 83
76 76
76 77
76 79
76 96
76 97
76 99
76 109
76 110
77 77
77 110
77 114
78 78
78 79
78 80
78 81
78 98
78 109
78 114
79 79
79 80
79 81
79 106
79 107
80 80
80 81
80 98
80 105
81 81
81 83
81 90
81 98
81 105
81 106
81 112
81 114
82 82
82 83
82 84
82 86
82 88
82 93
82 108
83 83
83 92
83 111
84 84
84 85
84 86
84 88
84 89
84 93
85 85
85 86
85 87
85 89
85 96
85 97
85 99
85 110
85 113
86 86
86 87
86 88
86 89
86 94
86 95
86 96
86 97
86 108
86 109
86 110
86 111
87 87
87 89
87 94
87 95
87 96
87 97
87 99
87 108
87 109
87 110
88 88
88 89
88 93
89 89
90 90
90 91
90 92
90 93
90 98
90 99
90 103
90 104
90 105
90 106
90 107
90 112
90 114
91 91
91 92
91 93
91 99
91 106
91 114
92 92
92 93
92 103
92 113
93 93
94 94
94 95
94 96
94 97
94 99
94 108
94 109
94 110
94 111
94 115
95 95
95 96
95 97
95 98
95 99
95 108
95 109
95 111
95 115
96 96
96 97
96 99
96 109
96 110
96 111
97 97
97 99
97 108
97 109
97 110
97 111
98 98
98 99
98 111
98 112
98 115
99 99
99 108
99 111
99 112
99 113
99 115
100 100
100 101
100 102
100 103
100 107
101 101
101 102
101 103
101 105
101 106
101 107
102 102
102 103
102 104
102 105
102 107
102 112
102 113
103 103
103 104
103 106
103 107
103 113
104 104
104 105
104 106
104 107
104 112
104 113
104 114
104 115
105 105
105 106
105 111
105 112
105 114
106 106
106 107
106 114
107 107
107 113
108 108
108 109
108 111
109 109
109 110
110 110
111 111
111 114
111 115
112 112
112 113
112 114
112 115
113 113
114 114
114 115
115 115
