0 0
0 1
0 2
0 3
0 6
0 7
0 10
0 11
0 12
0 13
0 15
0 16
0 18
0 19
0 22
0 23
0 50
0 56
0 57
0 61
0 64
0 65
0 68
0 69
0 85
0 86
0 88
0 89
0 100
0 101
1 1
1 7
1 11
1 17
1 18
1 19
1 56
1 57
1 58
1 59
1 60
1 61
1 62
1 63
1 64
1 68
1 69
1 83
1 85
1 102
1 103
1 104
1 113
2 2
2 3
2 4
2 6
2 7
2 8
2 10
2 12
2 13
2 14
2 15
2 18
2 19
2 20
2 22
2 23
2 24
2 25
2 26
2 64
2 83
2 85
2 88
2 89
2 93
2 100
2 110
3 3
3 4
3 6
3 7
3 8
3 10
3 11
3 12
3 13
3 15
3 18
3 19
3 23
3 25
3 26
3 61
3 64
3 65
3 67
3 86
3 92
3 100
4 4
4 5
4 6
4 7
4 8
4 10
4 12
4 13
4 14
4 20
4 21
4 23
4 24
4 25
4 26
4 27
4 32
4 34
4 35
4 40
4 64
4 65
4 67
4 76
4 110
5 5
5 8
5 9
5 14
5 20
5 21
5 24
5 26
5 27
5 28
6 6
6 7
6 8
6 10
6 12
6 13
6 14
6 20
6 22
6 23
6 24
6 25
6 26
6 27
6 32
6 33
6 34
6 35
6 64
6 65
6 67
6 93
6 100
6 101
6 102
6 110
7 7
7 8
7 10
7 11
7 12
7 13
7 14
7 15
7 18
7 19
7 23
7 25
7 26
7 29
7 61
7 63
7 64
7 65
7 83
7 100
7 102
8 8
8 10
8 12
8 13
8 14
8 20
8 21
8 24
8 25
8 26
8 27
8 32
8 33
8 34
8 35
8 40
8 61
8 63
8 64
8 65
9 9
9 28
9 31
9 51
9 52
9 53
9 54
9 55
9 70
9 82
9 86
9 87
9 90
9 91
9 92
9 97
9 98
9 99
10 10
10 11
10 12
10 13
10 14
10 16
10 24
10 25
10 26
10 27
10 32
10 33
10 34
10 35
10 40
10 44
10 50
10 61
10 63
10 64
10 65
10 66
10 67
10 93
10 100
10 101
11 11
11 12
11 13
11 15
11 16
11 19
11 29
11 56
11 61
11 63
11 64
11 65
11 67
11 89
11 106
11 107
12 12
12 13
12 14
12 16
12 20
12 24
12 25
12 26
12 27
12 29
12 32
12 33
12 34
12 35
12 40
12 41
12 61
12 63
12 64
12 65
12 66
12 67
12 74
12 93
12 109
12 110
13 13
13 14
13 15
13 16
13 25
13 26
13 29
13 35
13 50
13 61
13 63
13 64
13 65
13 66
13 67
13 100
13 110
14 14
14 16
14 20
14 21
14 24
14 25
14 26
14 27
14 32
14 34
14 35
14 40
14 50
14 64
14 65
14 76
14 94
14 109
14 110
15 15
15 18
15 19
15 22
15 23
15 64
15 65
15 82
15 83
15 85
15 87
15 88
15 89
15 92
15 100
16 16
16 25
16 27
16 28
16 48
16 50
16 52
16 56
16 66
16 67
16 76
16 94
16 103
16 110
17 17
17 29
17 32
17 33
17 36
17 37
17 38
17 40
17 41
17 52
17 56
17 58
17 59
17 60
17 62
17 63
17 72
17 73
17 74
17 75
17 79
17 80
17 81
17 83
17 84
17 102
17 103
17 106
17 113
18 18
18 19
18 29
18 32
18 56
18 57
18 61
18 64
18 68
18 75
18 80
18 81
18 82
18 83
18 84
18 89
18 100
18 102
18 113
19 19
19 22
19 23
19 56
19 57
19 61
19 64
19 65
19 82
19 83
19 85
19 86
19 87
19 88
19 89
19 92
19 100
19 102
20 20
20 21
20 24
20 25
20 26
20 27
20 28
20 30
20 31
20 32
20 33
20 34
20 35
20 40
20 41
20 46
20 74
20 76
20 77
20 94
20 95
20 105
21 21
21 24
21 25
21 26
21 27
21 28
21 31
21 34
21 35
21 37
21 40
21 41
21 76
21 77
21 110
22 22
22 23
22 24
22 25
22 31
22 57
22 83
22 85
22 87
22 88
22 89
22 100
23 23
23 24
23 25
23 26
23 30
23 31
23 45
23 50
23 64
23 65
23 82
23 85
23 86
23 87
23 88
23 89
23 100
24 24
24 25
24 26
24 27
24 31
24 35
24 45
24 50
24 88
24 110
25 25
25 26
25 27
25 32
25 33
25 34
25 35
25 40
25 41
25 50
25 64
25 65
25 67
25 76
25 110
26 26
26 27
26 32
26 33
26 34
26 35
26 40
26 65
26 67
26 76
26 110
27 27
27 28
27 32
27 34
27 40
27 76
27 94
27 109
28 28
28 30
28 31
28 36
28 40
28 44
28 46
28 48
28 49
28 52
28 54
28 55
28 70
28 72
28 76
28 78
28 80
28 84
28 90
28 94
28 95
28 96
28 98
28 99
28 108
28 112
29 29
29 32
29 33
29 36
29 37
29 40
29 41
29 63
29 73
29 74
29 75
29 76
29 77
29 79
29 80
29 81
29 83
29 84
29 95
29 105
30 30
30 31
30 46
30 47
30 53
30 55
30 70
30 72
30 82
30 87
30 88
30 91
30 96
31 31
31 46
31 47
31 53
31 55
31 70
31 82
31 87
31 88
32 32
32 33
32 34
32 35
32 36
32 37
32 40
32 63
32 68
32 74
32 76
32 77
32 80
32 81
32 84
32 101
32 102
32 103
32 104
33 33
33 34
33 35
33 36
33 37
33 40
33 41
33 59
33 63
33 66
33 67
33 73
33 74
33 75
33 76
33 77
33 79
33 80
33 81
33 83
33 84
33 101
33 102
33 103
34 34
34 35
34 40
34 41
34 42
34 43
34 44
34 45
34 66
34 67
34 74
34 76
34 93
34 101
34 109
34 110
35 35
35 41
35 42
35 43
35 44
35 45
35 50
35 66
35 67
35 74
35 76
35 93
35 106
35 109
35 110
36 36
36 37
36 38
36 40
36 41
36 52
36 58
36 59
36 62
36 66
36 68
36 72
36 73
36 74
36 75
36 76
36 77
36 78
36 79
36 80
36 81
36 84
36 94
36 95
36 103
36 104
36 105
36 107
36 108
36 112
36 113
36 115
37 37
37 38
37 39
37 40
37 41
37 52
37 54
37 62
37 71
37 72
37 73
37 74
37 75
37 76
37 77
37 78
37 79
37 80
37 81
37 84
37 95
37 103
37 112
37 115
38 38
38 39
38 41
38 52
38 54
38 58
38 62
38 71
38 72
38 73
38 74
38 75
38 78
38 79
38 80
38 81
38 84
38 91
38 107
38 108
38 113
39 39
39 41
39 54
39 55
39 71
39 73
39 77
39 79
39 85
39 87
39 88
39 96
39 97
39 109
40 40
40 41
40 59
40 63
40 72
40 73
40 74
40 75
40 76
40 80
40 81
40 84
40 103
40 109
41 41
41 72
41 73
41 74
41 75
41 76
41 77
41 81
41 84
41 109
42 42
42 43
42 44
42 45
42 46
42 47
42 48
42 49
42 51
42 53
42 55
42 94
42 96
42 97
42 98
42 99
42 105
42 108
42 110
42 111
42 112
42 115
43 43
43 44
43 45
43 46
43 47
43 48
43 49
43 50
43 51
43 55
43 94
43 96
43 97
43 98
43 99
43 105
43 108
43 110
43 111
43 112
44 44
44 45
44 46
44 47
44 48
44 49
44 50
44 51
44 66
44 67
44 97
44 98
44 110
44 111
44 112
45 45
45 46
45 47
45 48
45 49
45 50
45 51
45 67
45 93
45 96
45 97
45 110
45 111
45 112
46 46
46 47
46 49
46 53
46 55
46 76
46 77
46 94
46 95
46 96
46 97
46 98
46 99
46 105
46 108
46 111
46 112
47 47
47 49
47 53
47 55
47 94
47 96
47 97
47 98
47 99
47 105
47 108
47 111
47 112
48 48
48 49
48 50
48 51
48 67
48 90
48 97
48 98
48 110
48 111
48 112
49 49
49 51
49 53
49 55
49 58
49 59
49 90
49 91
49 92
49 97
49 98
49 99
49 108
49 111
49 112
50 50
50 51
50 65
50 67
50 86
50 88
50 93
50 110
51 51
51 67
51 90
51 92
51 97
51 98
51 110
51 111
51 112
52 52
52 54
52 60
52 62
52 63
52 71
52 72
52 73
52 75
52 78
52 79
52 80
52 81
52 84
52 91
52 103
53 53
53 55
53 70
53 75
53 87
53 91
53 92
53 98
53 99
54 54
54 57
54 62
54 68
54 71
54 72
54 78
54 79
54 80
54 81
54 84
54 85
54 88
54 89
55 55
55 70
55 71
55 77
55 78
55 87
55 90
55 91
55 95
55 96
55 97
55 98
55 99
55 105
55 108
55 111
55 112
56 56
56 57
56 58
56 60
56 61
56 62
56 68
56 69
56 80
56 81
56 82
56 83
56 84
56 85
56 86
56 89
56 100
56 101
56 102
56 103
56 104
56 113
56 114
57 57
57 60
57 61
57 64
57 68
57 69
57 80
57 81
57 84
57 85
57 88
57 89
57 100
57 114
58 58
58 59
58 60
58 61
58 62
58 63
58 66
58 68
58 69
58 80
58 81
58 102
58 103
58 104
58 106
58 107
59 59
59 60
59 61
59 62
59 63
59 66
59 67
59 68
59 69
59 80
59 81
59 102
59 103
59 104
59 107
60 60
60 61
60 62
60 63
60 68
60 69
60 81
60 103
60 104
60 113
60 114
61 61
61 63
61 64
61 65
61 68
61 69
61 100
61 106
62 62
62 63
62 66
62 68
62 69
62 72
62 73
62 78
62 79
62 80
62 81
62 84
62 85
62 102
62 103
62 104
62 107
63 63
63 64
63 66
63 68
63 80
63 81
63 84
63 102
63 103
63 106
63 107
64 64
64 65
64 84
64 89
64 100
64 102
64 114
65 65
65 67
65 89
65 100
66 66
66 67
66 68
66 69
66 72
66 74
66 79
66 80
66 81
66 102
66 103
67 67
67 69
67 110
68 68
68 69
68 79
68 80
68 81
68 84
68 101
68 102
68 103
68 104
68 106
68 107
69 69
69 81
69 102
69 103
69 104
70 70
70 71
70 72
70 73
70 75
70 77
70 78
70 79
70 80
70 82
70 84
70 91
71 71
71 72
71 73
71 77
71 78
71 79
71 85
71 87
71 114
72 72
72 73
72 74
72 75
72 76
72 77
72 78
72 79
72 80
72 81
72 84
72 91
72 103
72 114
73 73
73 74
73 75
73 76
73 77
73 78
73 79
73 80
73 81
73 83
73 84
73 102
73 103
73 104
73 113
74 74
74 75
74 76
74 77
74 80
74 81
74 83
74 84
74 101
74 102
74 103
74 109
75 75
75 76
75 77
75 78
75 79
75 80
75 81
75 83
75 84
75 91
75 113
76 76
76 77
76 93
76 94
76 95
76 101
76 103
76 109
76 110
76 111
76 112
77 77
77 79
77 94
77 95
77 104
77 105
77 110
77 111
77 112
77 115
78 78
78 79
78 80
78 81
78 84
78 114
79 79
79 80
79 81
79 84
79 103
79 104
79 113
80 80
80 81
80 82
80 83
80 84
80 91
80 102
80 103
80 113
81 81
81 83
81 84
81 102
81 103
81 104
81 113
82 82
82 83
82 84
82 85
82 86
82 87
82 88
82 89
82 90
82 91
82 92
82 100
82 101
82 114
83 83
83 84
83 85
83 89
83 100
83 102
83 113
84 84
84 113
85 85
85 86
85 87
85 88
85 89
85 100
85 114
86 86
86 87
86 88
86 89
86 90
86 92
86 101
86 106
87 87
87 88
87 89
87 90
87 91
87 92
88 88
88 89
88 100
89 89
89 100
89 114
90 90
90 91
90 92
90 96
90 97
90 98
90 99
90 107
90 108
90 112
91 91
91 92
91 98
91 99
91 108
92 92
92 93
92 99
93 93
93 100
93 101
93 109
93 110
94 94
94 95
94 96
94 97
94 98
94 99
94 105
94 107
94 108
94 111
94 112
94 115
95 95
95 96
95 97
95 98
95 99
95 104
95 105
95 108
95 111
95 112
95 114
95 115
96 96
96 97
96 98
96 99
96 105
96 108
96 111
96 112
96 115
97 97
97 98
97 99
97 105
97 108
97 110
97 111
97 112
97 115
98 98
98 99
98 104
98 105
98 108
98 111
98 112
98 115
99 99
99 105
99 108
99 111
99 112
99 115
100 100
100 101
100 102
101 101
101 102
101 103
101 104
101 106
101 109
101 113
102 102
102 103
102 104
102 106
102 107
103 103
103 104
103 109
103 113
104 104
104 105
104 113
104 114
105 105
105 107
105 108
105 111
105 112
105 115
106 106
106 107
106 109
107 107
107 108
107 115
108 108
108 111
108 112
108 115
109 109
109 110
110 110
110 111
110 112
111 111
111 112
111 115
112 112
112 115
113 113
114 114
115 115
