0 0
0 1
0 6
0 10
0 12
0 16
0 18
0 19
0 33
0 36
0 38
0 52
0 54
0 56
0 57
0 60
0 62
0 63
0 68
0 72
0 74
0 75
0 76
0 77
0 80
0 101
1 1
1 16
1 19
1 29
1 33
1 35
1 41
1 48
1 52
1 56
1 57
1 58
1 59
1 61
1 62
1 63
1 68
1 72
1 73
1 74
1 75
1 76
1 77
1 79
1 80
1 81
1 82
1 107
2 2
2 4
2 6
2 7
2 8
2 12
2 22
2 23
2 64
2 88
2 90
2 91
2 92
2 93
2 97
2 101
2 115
3 3
3 5
3 7
3 8
3 9
3 11
3 15
3 22
3 23
3 26
3 27
3 50
3 64
3 65
3 67
3 69
3 83
3 84
3 85
3 87
3 88
3 89
3 92
4 4
4 5
4 6
4 7
4 8
4 9
4 12
4 13
4 24
4 26
4 60
4 61
4 69
4 83
4 86
4 88
4 90
4 93
5 5
5 7
5 9
5 20
5 21
5 23
5 24
5 25
5 26
5 27
5 50
5 65
5 67
5 69
5 85
5 86
5 88
5 92
5 94
5 97
5 110
6 6
6 7
6 8
6 9
6 10
6 12
6 13
6 28
6 52
6 54
6 60
6 62
6 72
6 90
6 91
6 93
6 101
7 7
7 8
7 9
7 11
7 13
7 15
7 23
7 61
7 65
7 88
7 89
7 92
8 8
8 9
8 10
8 12
8 13
8 14
8 15
8 28
8 61
8 90
8 91
8 93
9 9
9 11
9 13
9 14
9 15
9 23
9 61
9 65
9 83
9 90
9 91
9 92
10 10
10 11
10 12
10 13
10 14
10 15
10 16
10 17
10 18
10 19
10 28
10 29
10 33
10 38
10 52
10 54
10 56
10 60
10 61
10 62
10 72
10 74
10 76
10 80
10 90
10 91
10 101
11 11
11 12
11 13
11 14
11 15
11 23
11 29
11 61
11 65
11 83
11 92
12 12
12 13
12 14
12 15
12 16
12 17
12 19
12 28
12 33
12 52
12 54
12 56
12 60
12 61
12 62
12 72
12 74
12 76
12 80
12 91
12 101
12 112
13 13
13 14
13 15
13 17
13 28
13 60
13 61
13 65
13 82
13 83
14 14
14 15
14 22
14 23
14 28
14 38
14 61
14 82
14 84
14 86
14 88
15 15
15 17
15 19
15 23
15 61
15 83
15 89
15 90
16 16
16 17
16 18
16 19
16 28
16 29
16 32
16 33
16 36
16 38
16 40
16 52
16 54
16 56
16 57
16 60
16 62
16 63
16 68
16 72
16 74
16 76
16 78
16 79
16 80
16 81
16 101
17 17
17 19
17 28
17 29
17 31
17 40
17 60
17 61
17 62
17 63
17 72
17 73
17 76
17 78
17 79
17 80
17 81
17 112
18 18
18 19
18 38
18 52
18 56
18 57
18 58
18 60
18 62
18 63
18 66
18 68
18 69
18 72
18 80
18 91
18 101
18 102
18 103
19 19
19 28
19 33
19 36
19 38
19 52
19 56
19 61
19 62
19 68
19 69
19 72
19 74
19 80
19 83
19 90
19 91
20 20
20 21
20 24
20 25
20 26
20 30
20 31
20 38
20 39
20 40
20 41
20 45
20 49
20 57
20 69
20 70
20 73
20 78
20 80
20 81
20 94
20 95
20 97
20 99
20 102
20 108
20 109
20 110
20 111
20 113
21 21
21 24
21 25
21 26
21 27
21 30
21 31
21 38
21 39
21 40
21 41
21 45
21 55
21 57
21 70
21 78
21 81
21 86
21 94
21 95
21 96
21 97
21 99
21 106
21 108
21 109
21 110
21 111
21 112
21 113
22 22
22 23
22 26
22 27
22 38
22 42
22 43
22 47
22 54
22 55
22 64
22 84
22 86
22 87
22 88
22 89
22 92
23 23
23 24
23 26
23 27
23 64
23 65
23 67
23 69
23 83
23 84
23 85
23 87
23 88
23 89
23 90
23 91
23 92
23 93
23 110
24 24
24 25
24 26
24 27
24 31
24 39
24 43
24 44
24 45
24 47
24 49
24 50
24 64
24 65
24 67
24 69
24 84
24 85
24 87
24 88
24 92
24 94
24 95
24 97
24 106
24 108
24 109
24 110
24 115
25 25
25 26
25 27
25 30
25 31
25 39
25 40
25 42
25 43
25 44
25 45
25 46
25 47
25 50
25 55
25 64
25 65
25 67
25 84
25 85
25 87
25 94
25 95
25 96
25 97
25 106
25 108
25 109
25 110
25 111
25 112
25 113
25 115
26 26
26 27
26 39
26 69
26 85
26 86
26 88
26 92
26 93
26 94
26 97
26 110
26 113
27 27
27 39
27 43
27 45
27 50
27 64
27 67
27 69
27 84
27 85
27 86
27 88
27 89
27 92
27 94
27 110
27 113
28 28
28 29
28 31
28 32
28 33
28 36
28 38
28 40
28 60
28 72
28 74
28 76
28 78
28 79
28 80
28 81
28 83
28 99
28 105
28 109
28 112
28 113
28 114
28 115
29 29
29 30
29 31
29 32
29 33
29 35
29 37
29 40
29 41
29 63
29 70
29 71
29 72
29 73
29 74
29 76
29 77
29 78
29 79
29 80
29 81
29 98
30 30
30 31
30 37
30 41
30 53
30 70
30 73
30 75
30 77
30 79
30 107
30 112
31 31
31 39
31 40
31 70
31 72
31 78
31 81
31 83
31 94
31 95
31 97
31 100
31 109
31 110
31 111
31 112
31 113
31 114
32 32
32 33
32 35
32 56
32 62
32 72
32 79
32 80
32 81
32 98
32 105
32 107
33 33
33 34
33 35
33 56
33 62
33 71
33 72
33 73
33 74
33 76
33 77
33 79
33 80
33 81
33 98
33 105
33 107
34 34
34 35
34 42
34 43
34 44
34 46
34 47
34 65
34 66
34 67
34 85
34 87
34 104
35 35
35 37
35 42
35 44
35 46
35 48
35 66
35 71
35 76
35 77
35 79
35 107
36 36
36 38
36 40
36 62
36 68
36 72
36 73
36 74
36 75
36 76
36 78
36 80
36 81
36 94
37 37
37 38
37 41
37 47
37 48
37 55
37 70
37 71
37 73
37 74
37 76
37 77
37 79
37 86
37 96
37 109
38 38
38 39
38 40
38 41
38 54
38 55
38 56
38 57
38 68
38 70
38 72
38 74
38 76
38 78
38 79
38 80
38 81
38 82
38 84
38 86
38 88
38 98
38 101
38 113
39 39
39 40
39 41
39 45
39 49
39 57
39 67
39 78
39 84
39 85
39 87
39 88
39 94
39 95
39 96
39 97
39 102
39 104
39 108
39 109
39 110
39 113
40 40
40 41
40 72
40 74
40 78
40 79
40 80
40 81
40 82
40 86
40 94
40 95
40 98
40 99
40 105
40 108
40 109
40 111
40 114
40 115
41 41
41 57
41 70
41 73
41 75
41 79
41 80
41 82
42 42
42 43
42 44
42 45
42 46
42 47
42 48
42 49
42 50
42 53
42 55
42 65
42 67
42 85
42 87
42 96
42 110
42 112
43 43
43 44
43 45
43 46
43 47
43 49
43 50
43 55
43 65
43 67
43 85
43 87
43 96
43 97
43 99
43 104
43 105
43 110
43 111
43 112
43 113
43 115
44 44
44 45
44 46
44 47
44 48
44 49
44 50
44 51
44 53
44 55
44 66
44 67
44 85
44 87
44 96
44 98
44 104
44 110
45 45
45 46
45 47
45 48
45 49
45 50
45 51
45 66
45 67
45 85
45 87
45 95
45 96
45 97
45 102
45 104
45 108
45 110
45 111
45 115
46 46
46 47
46 49
46 50
46 51
46 53
46 55
46 87
46 96
46 98
46 106
46 110
47 47
47 48
47 49
47 50
47 55
47 67
47 70
47 71
47 87
47 95
47 96
47 97
47 99
47 106
47 109
47 110
47 111
48 48
48 49
48 51
48 52
48 53
48 58
48 59
48 62
48 63
48 66
48 67
48 102
48 103
49 49
49 50
49 51
49 53
49 57
49 59
49 63
49 66
49 67
49 85
49 98
49 102
49 104
50 50
50 51
50 55
50 64
50 65
50 66
50 67
50 84
50 85
50 87
50 92
50 94
50 95
50 96
50 97
50 99
50 102
50 104
50 106
50 108
50 110
50 113
50 115
51 51
51 52
51 53
51 57
51 58
51 59
51 63
51 66
51 67
51 85
51 102
51 103
52 52
52 53
52 56
52 57
52 58
52 59
52 60
52 61
52 62
52 63
52 68
52 75
52 91
52 101
52 102
52 103
52 107
53 53
53 55
53 59
53 61
54 54
54 55
54 62
54 74
54 76
54 86
54 88
54 89
54 98
54 101
55 55
55 74
55 86
55 89
55 94
55 96
55 97
55 98
55 99
55 104
55 106
55 109
55 110
55 111
55 113
56 56
56 57
56 58
56 60
56 62
56 63
56 68
56 72
56 74
56 76
56 77
56 79
56 80
56 101
56 103
56 107
57 57
57 58
57 59
57 62
57 63
57 68
57 70
57 73
57 74
57 75
57 79
57 80
57 81
57 82
57 98
57 101
57 102
57 103
57 104
57 107
58 58
58 59
58 60
58 62
58 63
58 66
58 68
58 102
58 103
58 104
58 107
59 59
59 61
59 63
59 66
59 67
59 69
59 100
59 102
59 103
60 60
60 61
60 62
60 63
60 72
60 76
60 91
60 101
60 103
61 61
61 63
61 65
61 83
61 100
62 62
62 63
62 66
62 68
62 72
62 74
62 76
62 77
62 79
62 80
62 81
62 103
62 107
63 63
63 66
63 68
63 80
63 81
63 102
63 103
64 64
64 65
64 67
64 84
64 85
64 86
64 87
64 88
64 92
64 97
64 110
64 115
65 65
65 67
65 83
65 84
65 85
65 87
65 92
65 100
66 66
66 67
66 68
66 85
66 102
66 103
67 67
67 69
67 84
67 85
67 87
67 92
67 102
67 104
67 108
67 110
68 68
68 69
68 79
68 80
68 101
68 103
69 69
69 88
69 90
69 91
69 93
70 70
70 71
70 73
70 74
70 75
70 79
70 81
70 106
71 71
71 73
71 75
71 76
71 77
71 79
71 96
71 107
72 72
72 73
72 74
72 75
72 76
72 78
72 79
72 80
72 81
72 98
72 101
72 109
73 73
73 74
73 75
73 76
73 77
73 79
73 80
73 81
73 82
73 98
74 74
74 76
74 78
74 79
74 80
74 81
74 96
74 98
74 101
75 75
75 80
75 81
75 98
75 99
75 106
75 107
75 112
76 76
76 77
76 78
76 79
76 80
76 101
76 107
77 77
77 79
77 107
78 78
78 79
78 80
78 81
78 94
78 95
78 97
78 99
78 105
78 108
78 109
78 111
78 112
78 113
78 114
78 115
79 79
79 80
79 81
79 98
79 101
79 107
80 80
80 81
80 82
80 98
80 101
80 107
81 81
81 98
81 99
81 105
81 106
81 112
81 114
82 82
82 84
82 86
82 87
82 98
82 101
82 104
83 83
83 90
83 92
84 84
84 85
84 86
84 87
84 88
84 89
84 92
84 94
84 96
84 104
84 105
84 110
84 113
84 115
85 85
85 87
85 88
85 92
85 104
86 86
86 87
86 88
86 89
86 104
86 110
87 87
87 88
87 92
87 94
87 95
87 96
87 97
87 100
87 104
87 109
87 110
87 111
88 88
88 89
88 90
88 92
88 93
88 94
89 89
89 92
90 90
90 91
90 92
90 93
90 110
90 111
90 114
91 91
91 93
91 97
91 99
91 101
91 103
91 111
92 92
93 93
93 95
93 97
93 101
93 103
93 110
93 111
94 94
94 95
94 96
94 97
94 99
94 100
94 104
94 105
94 106
94 108
94 109
94 110
94 112
94 113
94 114
94 115
95 95
95 96
95 97
95 99
95 100
95 102
95 103
95 104
95 105
95 108
95 109
95 110
95 111
95 112
95 113
95 114
95 115
96 96
96 97
96 98
96 99
96 105
96 106
96 108
96 109
96 110
96 111
96 113
97 97
97 99
97 106
97 108
97 109
97 110
97 111
97 112
97 113
97 114
97 115
98 98
98 99
98 101
98 105
98 107
98 112
98 114
99 99
99 100
99 101
99 102
99 105
99 108
99 109
99 110
99 111
99 112
99 113
99 114
99 115
100 100
100 102
100 104
100 105
100 107
100 108
100 111
100 112
100 113
100 114
101 101
101 102
101 103
101 107
102 102
102 103
102 104
102 107
102 115
103 103
103 107
104 104
104 105
104 113
104 114
104 115
105 105
105 108
105 112
105 113
105 114
105 115
106 106
106 108
107 107
108 108
108 109
108 110
108 111
108 112
108 113
108 114
108 115
109 109
109 110
109 111
109 112
109 113
109 114
109 115
110 110
110 111
110 112
110 113
110 115
111 111
111 112
111 113
111 114
111 115
112 112
112 113
112 114
112 115
113 113
113 114
113 115
114 114
114 115
115 115
