0 0
0 1
0 2
0 3
0 4
0 6
0 10
0 11
0 12
0 14
0 15
0 18
0 22
0 23
0 26
0 58
0 60
0 62
0 64
0 82
0 83
0 84
0 86
0 88
0 89
0 92
0 93
0 102
0 103
1 1
1 18
1 19
1 32
1 33
1 56
1 57
1 68
1 69
1 89
1 106
1 115
2 2
2 3
2 4
2 5
2 6
2 7
2 8
2 10
2 11
2 14
2 15
2 18
2 21
2 22
2 23
2 24
2 26
2 27
2 34
2 50
2 53
2 54
2 58
2 60
2 64
2 84
2 86
2 88
2 89
2 91
2 92
3 3
3 4
3 5
3 6
3 10
3 11
3 14
3 15
3 18
3 22
3 23
3 26
3 27
3 38
3 50
3 52
3 53
3 54
3 58
3 64
3 65
3 83
3 84
3 85
3 86
3 87
3 88
3 89
3 91
3 92
3 93
3 102
3 105
4 4
4 5
4 6
4 7
4 8
4 9
4 10
4 12
4 14
4 15
4 22
4 26
4 35
4 38
4 39
4 53
4 60
4 61
4 64
4 65
4 88
4 91
4 92
4 93
4 107
5 5
5 7
5 8
5 9
5 10
5 11
5 14
5 20
5 21
5 22
5 23
5 24
5 25
5 26
5 27
5 30
5 31
5 34
5 38
5 39
5 64
5 65
5 67
5 86
5 88
5 91
6 6
6 7
6 8
6 9
6 10
6 11
6 12
6 14
6 15
6 18
6 21
6 22
6 23
6 26
6 31
6 60
6 64
6 84
6 88
7 7
7 8
7 9
7 13
7 20
7 21
7 25
7 34
7 37
7 38
7 39
7 40
7 41
7 50
7 53
7 61
7 64
7 65
7 75
8 8
8 9
8 10
8 11
8 12
8 13
8 14
8 15
8 22
8 26
8 35
8 38
8 39
8 53
8 54
8 60
8 61
8 64
8 65
8 88
8 91
9 9
9 10
9 11
9 12
9 13
9 14
9 20
9 21
9 53
9 60
9 61
9 64
9 65
9 88
9 90
10 10
10 11
10 12
10 13
10 14
10 15
10 16
10 22
10 23
10 26
10 27
10 28
10 31
10 54
10 60
10 62
10 64
10 65
10 75
10 82
10 83
10 84
10 85
10 86
10 88
10 93
11 11
11 12
11 13
11 14
11 15
11 22
11 23
11 26
11 27
11 31
11 54
11 60
11 62
11 64
11 65
11 75
11 83
11 84
11 85
11 88
11 89
11 92
11 93
12 12
12 13
12 14
12 15
12 16
12 17
12 22
12 28
12 33
12 54
12 60
12 61
12 62
12 64
12 82
12 83
12 88
13 13
13 14
13 15
13 53
13 54
13 60
13 61
13 64
13 65
13 75
13 89
13 100
14 14
14 15
14 16
14 17
14 18
14 22
14 23
14 26
14 27
14 28
14 31
14 60
14 62
14 64
14 75
14 82
14 83
14 84
14 85
14 88
14 93
15 15
15 22
15 23
15 26
15 27
15 38
15 54
15 60
15 64
15 82
15 83
15 84
15 85
15 86
15 87
15 88
15 89
15 91
15 102
16 16
16 17
16 19
16 28
16 29
16 30
16 31
16 32
16 33
16 56
16 57
16 62
16 63
16 71
16 72
16 75
16 78
16 79
16 80
16 81
16 82
16 83
17 17
17 19
17 28
17 29
17 30
17 31
17 32
17 33
17 56
17 57
17 62
17 63
17 72
17 78
17 79
17 80
17 81
17 83
18 18
18 19
18 22
18 23
18 26
18 58
18 59
18 83
18 84
18 88
18 89
18 92
18 93
18 102
18 103
18 104
18 105
19 19
19 32
19 33
19 56
19 57
19 68
19 69
19 81
19 83
19 106
20 20
20 21
20 24
20 25
20 26
20 27
20 28
20 30
20 31
20 34
20 38
20 39
20 64
20 65
20 67
21 21
21 25
21 26
21 27
21 28
21 30
21 31
21 34
21 64
21 65
21 88
22 22
22 23
22 26
22 27
22 34
22 38
22 53
22 54
22 58
22 60
22 64
22 83
22 84
22 85
22 86
22 88
22 89
22 91
22 92
22 93
22 102
22 103
22 105
22 114
23 23
23 24
23 26
23 27
23 31
23 64
23 83
23 84
23 85
23 86
23 88
23 91
24 24
24 25
24 26
24 27
24 30
24 31
24 34
24 35
24 38
24 65
24 67
24 70
24 71
24 74
24 87
24 110
25 25
25 26
25 27
25 30
25 31
25 34
25 35
25 38
25 39
25 43
25 65
25 67
25 70
25 71
25 110
26 26
26 27
26 34
26 35
26 38
26 53
26 64
26 65
26 83
26 84
26 86
26 88
26 89
26 91
26 92
26 107
27 27
27 30
27 31
27 34
27 38
27 39
27 50
27 52
27 53
27 54
27 64
27 67
27 84
27 85
27 86
27 87
27 88
27 89
27 91
28 28
28 29
28 30
28 31
28 32
28 33
28 36
28 40
28 62
28 63
28 64
28 70
28 71
28 72
28 74
28 75
28 77
28 78
28 79
28 80
28 81
28 82
28 83
29 29
29 30
29 31
29 32
29 33
29 36
29 40
29 41
29 62
29 63
29 70
29 71
29 72
29 73
29 74
29 75
29 76
29 77
29 78
29 79
29 80
29 81
29 82
29 83
30 30
30 31
30 32
30 33
30 34
30 40
30 64
30 70
30 71
30 72
30 73
30 74
30 75
30 78
30 79
30 80
30 81
31 31
31 33
31 34
31 62
31 64
31 70
31 71
31 72
31 74
31 75
31 78
31 79
31 81
31 82
32 32
32 33
32 40
32 49
32 56
32 57
32 63
32 68
32 69
32 72
32 76
32 77
32 78
32 79
32 80
32 81
32 95
32 97
32 109
32 111
32 112
33 33
33 35
33 40
33 56
33 57
33 63
33 68
33 69
33 72
33 73
33 74
33 75
33 76
33 77
33 78
33 79
33 80
33 81
34 34
34 35
34 38
34 39
34 64
34 70
34 71
34 75
34 87
34 88
35 35
35 38
35 39
35 53
35 54
35 61
35 65
36 36
36 37
36 38
36 40
36 41
36 62
36 70
36 71
36 72
36 73
36 74
36 75
36 76
36 77
36 79
36 82
36 83
36 94
36 95
36 108
36 109
36 114
37 37
37 38
37 39
37 40
37 41
37 50
37 51
37 52
37 53
37 54
37 70
37 71
37 73
37 74
37 76
37 77
37 86
37 87
37 89
37 90
37 91
37 94
37 95
37 108
37 109
37 114
38 38
38 39
38 40
38 50
38 52
38 53
38 54
38 55
38 65
38 86
38 87
38 88
38 89
38 91
38 92
38 98
38 105
38 114
39 39
39 40
39 50
39 51
39 53
39 54
39 55
39 65
39 89
39 90
39 91
39 94
39 96
39 97
39 110
39 115
40 40
40 41
40 70
40 71
40 72
40 73
40 74
40 75
40 76
40 77
40 79
40 82
40 94
40 95
40 97
40 108
40 114
41 41
41 70
41 71
41 72
41 73
41 74
41 75
41 76
41 77
41 79
41 95
41 108
41 109
42 42
42 43
42 44
42 45
42 46
42 47
42 48
42 49
42 55
42 96
42 99
43 43
43 44
43 45
43 46
43 47
43 48
43 49
43 55
43 56
43 63
43 78
43 80
43 81
43 96
43 99
43 110
43 111
44 44
44 45
44 46
44 47
44 48
44 49
44 51
44 55
44 63
44 66
44 78
44 80
44 81
44 96
44 97
44 98
44 99
44 106
44 110
44 111
44 112
45 45
45 46
45 47
45 48
45 49
45 55
45 63
45 66
45 67
45 69
45 78
45 80
45 96
45 97
45 98
45 99
45 110
45 111
45 112
46 46
46 47
46 48
46 49
46 51
46 55
46 96
46 99
46 104
46 110
46 111
46 112
46 113
47 47
47 48
47 49
47 55
47 63
47 78
47 79
47 80
47 81
47 96
47 97
47 99
47 110
47 111
48 48
48 49
48 51
48 55
48 58
48 59
48 66
48 96
48 99
48 111
48 112
48 113
49 49
49 51
49 55
49 56
49 63
49 69
49 78
49 79
49 80
49 81
49 96
49 97
49 98
49 99
49 110
49 111
49 112
49 113
50 50
50 51
50 52
50 53
50 54
50 55
50 65
50 67
50 85
50 86
50 87
50 88
50 89
50 90
50 91
50 92
50 98
51 51
51 52
51 53
51 54
51 55
51 59
51 61
51 86
51 89
51 90
51 91
51 94
51 96
51 97
51 98
51 99
51 100
51 110
51 112
51 113
52 52
52 53
52 54
52 55
52 85
52 86
52 87
52 89
52 90
52 91
52 96
52 98
52 99
52 100
53 53
53 54
53 65
53 86
53 87
53 88
53 89
53 90
53 91
53 92
53 93
53 102
53 105
53 115
54 54
54 55
54 60
54 61
54 65
54 85
54 86
54 87
54 88
54 89
54 90
54 91
54 92
54 98
54 114
55 55
55 86
55 89
55 90
55 91
55 96
55 97
55 98
55 99
55 100
55 101
55 103
55 104
55 105
55 110
55 111
55 113
56 56
56 57
56 63
56 66
56 68
56 69
56 78
56 79
56 80
56 81
56 82
56 103
56 106
57 57
57 63
57 66
57 68
57 69
57 78
57 79
57 80
57 81
57 97
57 106
57 107
57 115
58 58
58 59
58 60
58 61
58 66
58 84
58 86
58 88
58 102
58 103
59 59
59 61
59 66
59 67
59 68
59 69
59 106
59 107
59 115
60 60
60 61
60 62
60 64
60 75
60 84
60 88
61 61
61 65
61 77
61 90
62 62
62 63
62 64
62 71
62 72
62 75
62 77
62 78
62 80
62 81
62 82
62 84
62 85
63 63
63 72
63 78
63 79
63 80
63 81
63 111
64 64
64 65
64 75
64 84
64 85
64 88
65 65
65 67
65 86
65 88
65 89
65 92
66 66
66 67
66 68
66 69
66 97
66 106
66 107
66 110
67 67
67 69
67 87
67 96
67 106
67 107
67 110
68 68
68 69
68 79
68 94
68 96
68 97
68 106
68 107
68 111
68 115
69 69
69 79
69 96
69 97
69 106
69 107
69 110
69 111
69 115
70 70
70 71
70 72
70 73
70 74
70 75
70 76
70 77
70 108
70 109
71 71
71 72
71 73
71 74
71 75
71 76
71 77
71 79
71 80
71 81
71 95
71 108
71 109
72 72
72 73
72 74
72 75
72 76
72 77
72 78
72 79
72 80
72 81
72 82
72 109
73 73
73 74
73 75
73 76
73 77
73 95
73 108
73 109
74 74
74 75
74 76
74 77
74 108
74 109
75 75
75 76
75 77
75 79
76 76
76 77
76 79
76 95
76 108
76 109
76 112
77 77
77 79
77 95
77 108
77 109
77 112
78 78
78 79
78 80
78 81
79 79
79 80
79 81
79 94
79 95
79 97
79 108
79 109
79 110
79 111
79 112
79 113
80 80
80 81
80 82
81 81
81 82
81 95
82 82
82 83
82 84
83 83
83 84
83 88
84 84
84 85
84 86
84 87
84 88
84 93
85 85
85 86
85 87
85 88
85 89
85 91
86 86
86 87
86 88
86 89
86 90
86 91
86 92
86 98
86 114
87 87
87 88
87 89
87 91
87 92
88 88
88 89
88 91
88 92
88 102
89 89
89 90
89 91
89 92
89 98
89 100
89 102
89 103
89 105
90 90
90 91
90 92
90 93
90 96
90 98
90 99
90 100
90 112
90 113
90 114
91 91
91 92
91 93
91 98
91 99
91 100
91 105
91 114
92 92
92 93
92 100
92 101
92 102
92 103
92 104
92 105
92 113
92 114
92 115
93 93
93 100
93 101
93 102
93 103
93 104
93 105
93 114
94 94
94 95
94 96
94 97
94 99
94 105
94 108
94 110
94 112
94 113
94 114
94 115
95 95
95 97
95 99
95 103
95 104
95 105
95 108
95 109
95 110
95 112
95 113
95 115
96 96
96 97
96 98
96 99
96 106
96 110
96 111
96 112
96 113
96 115
97 97
97 98
97 99
97 101
97 106
97 107
97 108
97 110
97 111
97 112
97 113
97 115
98 98
98 99
98 100
98 110
98 111
98 112
98 113
99 99
99 100
99 101
99 103
99 104
99 105
99 108
99 110
99 111
99 112
99 113
99 114
99 115
100 100
100 101
100 102
100 103
100 104
100 105
100 112
100 113
100 114
101 101
101 102
101 103
101 104
101 105
101 108
101 111
101 112
101 113
101 114
101 115
102 102
102 103
102 104
102 105
102 113
102 114
102 115
103 103
103 104
103 105
103 108
103 113
103 114
103 115
104 104
104 105
104 108
104 109
104 112
104 113
104 114
104 115
105 105
105 108
105 109
105 112
105 113
105 114
105 115
106 106
106 107
106 111
106 115
107 107
108 108
108 109
108 110
108 111
108 112
108 113
108 114
108 115
109 109
109 110
109 112
109 113
110 110
110 111
110 112
111 111
111 112
111 113
112 112
112 113
112 115
113 113
113 114
113 115
114 114
114 115
115 115
