0 0
0 4
0 5
0 6
0 9
0 10
0 11
0 12
0 13
0 17
0 18
0 19
0 32
0 33
0 51
0 56
0 58
0 60
0 61
0 62
0 63
0 64
0 68
0 69
0 74
0 75
0 78
0 80
0 93
0 101
0 102
0 104
0 107
0 108
0 113
0 114
0 115
1 1
1 7
1 9
1 13
1 16
1 19
1 32
1 36
1 51
1 56
1 57
1 58
1 59
1 60
1 61
1 62
1 63
1 65
1 66
1 68
1 72
1 80
1 81
1 92
1 98
1 99
1 106
1 107
1 111
1 112
2 2
2 4
2 6
2 7
2 8
2 9
2 12
2 22
2 24
2 26
2 48
2 49
2 53
2 64
2 90
2 91
2 93
2 106
3 3
3 8
3 11
3 14
3 18
3 20
3 21
3 22
3 23
3 25
3 26
3 27
3 30
3 31
3 47
3 52
3 53
3 64
3 69
3 82
3 84
3 86
3 88
3 89
3 90
3 97
3 101
3 105
3 109
3 110
4 4
4 5
4 6
4 7
4 8
4 9
4 12
4 13
4 24
4 26
4 48
4 49
4 58
4 60
4 88
4 90
4 91
4 93
4 106
4 108
5 5
5 6
5 8
5 9
5 15
5 16
5 20
5 24
5 26
5 49
5 52
5 56
5 58
5 69
5 88
5 89
5 91
5 93
5 99
5 102
5 104
5 108
6 6
6 7
6 8
6 9
6 12
6 13
6 48
6 49
6 58
6 60
6 61
6 64
6 65
6 90
6 91
6 93
7 7
7 9
7 13
7 48
7 49
7 51
7 52
7 61
7 65
7 90
7 97
8 8
8 9
8 10
8 11
8 14
8 18
8 19
8 20
8 22
8 23
8 24
8 25
8 26
8 27
8 45
8 49
8 64
8 88
8 89
8 90
8 91
8 93
8 98
8 101
9 9
9 11
9 12
9 13
9 15
9 48
9 49
9 60
9 61
9 65
9 88
9 91
9 93
9 108
10 10
10 11
10 12
10 14
10 22
10 23
10 30
10 31
10 33
10 34
10 35
10 42
10 43
10 64
10 67
10 102
10 113
10 115
11 11
11 13
11 14
11 15
11 18
11 22
11 23
11 31
11 33
11 34
11 64
11 65
11 75
11 88
11 101
11 102
11 113
11 115
12 12
12 13
12 14
12 15
12 21
12 48
12 50
12 58
12 60
12 83
12 88
12 102
12 104
13 13
13 15
13 16
13 29
13 32
13 33
13 36
13 51
13 56
13 58
13 60
13 61
13 62
13 63
13 65
13 72
13 75
13 80
13 102
14 14
14 15
14 20
14 21
14 22
14 23
14 25
14 26
14 27
14 31
14 41
14 53
14 64
14 82
14 83
14 84
14 86
14 88
15 15
15 20
15 21
15 41
15 50
15 52
15 53
15 56
15 60
15 61
15 65
15 82
15 83
15 87
15 88
15 89
15 102
15 104
16 16
16 17
16 19
16 28
16 29
16 32
16 36
16 56
16 57
16 61
16 62
16 63
16 66
16 68
16 72
16 78
16 79
16 80
16 81
16 85
16 99
16 111
16 112
17 17
17 28
17 29
17 36
17 56
17 57
17 62
17 63
17 78
17 79
17 80
17 81
17 85
17 104
17 112
18 18
18 19
18 22
18 30
18 32
18 62
18 63
18 66
18 67
18 68
18 69
18 73
18 74
18 91
18 92
18 101
18 105
18 107
18 115
19 19
19 32
19 33
19 56
19 59
19 62
19 63
19 67
19 68
19 69
19 74
19 91
19 92
19 99
19 105
19 106
19 107
19 108
19 113
19 115
20 20
20 21
20 23
20 24
20 26
20 27
20 40
20 50
20 52
20 53
20 82
20 83
20 84
20 85
20 86
20 87
20 88
20 89
20 94
20 103
20 104
20 107
21 21
21 24
21 25
21 26
21 27
21 28
21 31
21 41
21 46
21 50
21 78
21 82
21 83
21 84
21 85
21 86
21 89
21 104
22 22
22 23
22 24
22 25
22 26
22 27
22 30
22 31
22 34
22 42
22 43
22 44
22 45
22 47
22 53
22 64
22 67
22 71
22 84
22 86
22 88
22 101
22 105
22 110
23 23
23 24
23 25
23 26
23 27
23 30
23 31
23 34
23 42
23 43
23 44
23 45
23 47
23 64
23 67
23 71
23 77
23 82
23 84
23 86
23 88
23 95
23 97
23 105
23 110
24 24
24 25
24 26
24 27
24 34
24 42
24 43
24 45
24 46
24 47
24 48
24 49
24 50
24 84
24 86
24 88
24 94
24 100
24 110
24 114
25 25
25 26
25 27
25 30
25 31
25 34
25 37
25 41
25 42
25 43
25 45
25 46
25 47
25 50
25 64
25 77
25 82
25 84
25 86
25 88
25 110
26 26
26 27
26 49
26 50
26 53
26 69
26 88
26 100
26 101
26 103
26 107
26 114
27 27
27 31
27 39
27 40
27 41
27 42
27 43
27 47
27 50
27 53
27 55
27 82
27 84
27 86
27 87
27 88
27 95
27 109
27 110
28 28
28 29
28 31
28 36
28 37
28 38
28 39
28 40
28 41
28 54
28 72
28 77
28 78
28 79
28 80
28 81
28 82
28 83
28 84
28 85
28 94
29 29
29 32
29 33
29 36
29 37
29 38
29 54
29 56
29 57
29 61
29 62
29 63
29 72
29 73
29 74
29 75
29 76
29 78
29 79
29 80
29 81
29 85
29 111
30 30
30 31
30 34
30 37
30 42
30 43
30 44
30 47
30 67
30 70
30 71
30 73
30 75
30 77
30 110
31 31
31 34
31 37
31 38
31 41
31 42
31 43
31 70
31 71
31 73
31 77
31 82
31 84
31 86
31 110
32 32
32 33
32 36
32 56
32 57
32 62
32 63
32 66
32 68
32 72
32 73
32 74
32 75
32 76
32 80
32 81
32 99
32 111
32 112
33 33
33 35
33 56
33 60
33 61
33 62
33 63
33 65
33 68
33 72
33 73
33 74
33 75
33 76
33 115
34 34
34 35
34 42
34 43
34 45
34 64
34 67
34 71
34 73
34 75
34 76
34 77
35 35
35 38
35 43
35 44
35 45
35 48
35 65
35 67
35 88
36 36
36 56
36 57
36 58
36 60
36 61
36 62
36 63
36 72
36 73
36 74
36 75
36 76
36 78
36 79
36 80
36 81
36 85
36 111
36 112
36 113
36 114
37 37
37 38
37 39
37 40
37 41
37 42
37 43
37 46
37 54
37 55
37 70
37 71
37 72
37 73
37 77
37 79
37 82
37 83
37 84
37 96
38 38
38 39
38 40
38 41
38 42
38 54
38 55
38 70
38 71
38 72
38 73
38 75
38 77
38 82
38 83
38 87
38 95
38 96
38 110
39 39
39 40
39 41
39 46
39 47
39 52
39 53
39 54
39 55
39 77
39 82
39 83
39 86
39 87
39 89
39 94
39 95
39 96
39 97
39 109
39 110
40 40
40 41
40 46
40 47
40 52
40 53
40 55
40 71
40 77
40 82
40 83
40 86
40 87
40 94
40 95
40 96
40 97
40 109
40 110
41 41
41 46
41 47
41 52
41 53
41 55
41 77
41 82
41 83
41 84
41 86
41 87
41 89
41 95
41 96
41 97
41 109
41 110
42 42
42 43
42 44
42 45
42 46
42 47
42 48
42 50
42 55
42 67
42 71
42 77
42 84
42 96
42 110
43 43
43 44
43 45
43 46
43 47
43 48
43 50
43 67
43 70
43 71
43 77
43 84
43 110
44 44
44 45
44 47
44 48
44 49
44 65
44 67
44 90
44 91
44 93
44 108
44 110
44 111
44 113
45 45
45 47
45 48
45 49
45 65
45 67
45 88
45 90
45 91
45 93
45 110
46 46
46 47
46 50
46 55
46 77
46 84
46 87
46 96
46 110
47 47
47 49
47 52
47 53
47 55
47 67
47 77
47 82
47 90
47 91
47 94
47 95
47 96
47 97
47 100
47 109
47 110
48 48
48 49
48 50
48 51
48 65
48 67
48 88
48 90
48 91
48 93
48 101
48 107
49 49
49 52
49 53
49 88
49 90
49 91
49 93
49 97
49 98
49 106
49 110
50 50
50 51
50 64
50 82
50 84
50 85
50 86
50 88
50 100
50 101
51 51
51 58
51 59
51 60
51 61
51 66
51 67
51 80
51 106
51 114
52 52
52 53
52 82
52 83
52 86
52 87
52 88
52 89
52 90
52 91
52 92
52 94
52 95
52 97
52 98
52 99
52 109
52 110
53 53
53 82
53 83
53 84
53 87
53 88
53 89
53 91
53 95
53 97
53 98
53 104
53 109
53 110
54 54
54 55
54 59
54 72
54 73
54 77
54 78
54 81
54 85
55 55
55 73
55 82
55 84
55 95
55 96
55 110
56 56
56 57
56 58
56 60
56 61
56 62
56 63
56 68
56 69
56 72
56 74
56 75
56 78
56 80
56 81
56 85
56 99
56 102
56 104
56 111
56 112
56 113
56 114
57 57
57 58
57 60
57 61
57 62
57 63
57 68
57 72
57 78
57 79
57 80
57 81
57 87
57 99
57 103
57 104
57 111
57 112
57 113
57 114
58 58
58 59
58 60
58 61
58 62
58 63
58 66
58 68
58 80
58 81
58 102
58 103
58 107
58 108
59 59
59 60
59 61
59 62
59 63
59 66
59 67
59 68
59 69
59 81
59 92
59 103
59 106
59 108
60 60
60 61
60 62
60 63
60 65
60 72
60 80
60 81
60 102
60 108
61 61
61 62
61 63
61 65
61 72
61 75
61 80
61 81
61 99
61 102
61 111
61 112
61 113
62 62
62 63
62 66
62 68
62 72
62 74
62 78
62 80
62 81
62 85
62 99
62 102
62 104
62 112
63 63
63 66
63 68
63 72
63 74
63 76
63 78
63 80
63 81
63 85
63 99
63 102
63 108
63 111
63 112
64 64
64 65
64 84
64 88
64 104
64 107
64 113
65 65
65 102
66 66
66 67
66 91
66 103
66 106
67 67
67 69
67 90
67 106
67 107
67 110
67 115
68 68
68 69
68 78
68 80
68 81
68 87
68 106
68 108
69 69
69 90
69 91
69 105
69 106
69 107
69 108
69 115
70 70
70 71
70 72
70 73
70 74
70 75
70 76
70 77
71 71
71 73
71 75
71 76
71 77
71 95
72 72
72 73
72 74
72 75
72 76
72 77
72 78
72 79
72 80
72 81
72 85
73 73
73 74
73 75
73 76
73 78
73 111
73 115
74 74
74 75
74 76
74 78
74 80
74 99
74 101
74 108
74 111
74 113
74 114
74 115
75 75
75 76
75 78
75 99
75 108
75 111
75 112
76 76
76 77
76 111
77 77
77 79
77 82
77 83
77 86
77 95
77 96
77 97
77 109
77 110
78 78
78 79
78 80
78 81
78 85
78 104
79 79
79 80
79 81
79 85
79 104
80 80
80 81
80 85
80 102
80 104
80 111
80 112
81 81
81 83
81 85
82 82
82 83
82 84
82 85
82 86
82 87
82 88
82 89
82 95
82 96
82 97
82 109
82 110
83 83
83 87
83 89
83 95
83 97
83 109
83 110
84 84
84 85
84 86
84 87
84 88
84 89
84 96
84 100
84 104
85 85
85 86
85 87
85 89
85 102
85 104
86 86
86 87
86 89
86 95
86 96
86 97
86 100
86 109
87 87
87 88
87 89
87 95
87 109
88 88
88 89
88 101
88 107
89 89
89 92
89 97
89 98
89 99
90 90
90 91
90 92
90 93
90 94
90 95
90 97
90 98
90 99
90 101
90 103
90 105
90 106
90 107
90 109
90 110
90 112
91 91
91 92
91 93
91 94
91 97
91 98
91 99
91 101
91 103
91 105
91 106
91 107
91 108
91 109
92 92
92 93
92 95
92 98
92 99
92 101
92 103
92 105
92 106
92 108
92 109
92 111
92 112
92 113
93 93
93 94
93 98
93 99
93 101
93 102
93 103
93 105
93 106
93 107
93 108
93 111
93 113
93 114
94 94
94 95
94 96
94 97
94 103
94 107
94 109
94 110
95 95
95 96
95 97
95 98
95 109
95 110
96 96
96 97
96 98
96 109
96 110
97 97
97 98
97 109
97 110
98 98
98 99
98 100
98 103
98 105
98 107
98 108
98 109
98 111
98 112
98 113
98 114
99 99
99 101
99 102
99 103
99 104
99 105
99 107
99 108
99 111
99 112
99 113
99 114
99 115
100 100
100 102
100 103
100 108
100 109
100 114
101 101
101 102
101 103
101 105
101 108
101 113
101 114
101 115
102 102
102 103
102 104
102 108
102 113
102 114
102 115
103 103
103 104
103 105
103 106
103 107
103 108
103 109
103 113
103 114
104 104
104 107
104 113
104 114
104 115
105 105
105 106
105 113
105 114
105 115
106 106
106 107
106 108
106 115
107 107
107 113
107 114
107 115
108 108
108 111
108 113
108 114
108 115
109 109
109 110
110 110
111 111
111 112
111 113
111 114
112 112
113 113
113 114
113 115
114 114
114 115
115 115
