0 0
0 10
0 15
0 56
0 58
0 60
0 69
0 75
0 103
0 107
0 115
1 1
1 9
1 11
1 13
1 16
1 17
1 19
1 28
1 29
1 32
1 33
1 49
1 58
1 59
1 60
1 61
1 62
1 63
1 69
1 72
1 80
1 81
1 83
1 90
1 95
1 98
1 99
1 101
1 102
1 103
1 106
1 107
1 112
1 113
2 2
2 3
2 6
2 10
2 18
2 21
2 22
2 23
2 24
2 25
2 26
2 27
2 30
2 31
2 34
2 42
2 43
2 46
2 47
2 48
2 50
2 51
2 53
2 64
2 67
2 91
2 93
2 94
2 96
2 97
2 100
2 109
2 110
3 3
3 14
3 18
3 21
3 22
3 23
3 25
3 26
3 27
3 30
3 31
3 34
3 38
3 42
3 43
3 47
3 50
3 51
3 82
3 84
3 85
3 86
3 87
3 89
3 92
3 110
4 4
4 5
4 6
4 7
4 8
4 9
4 13
4 35
4 44
4 45
4 49
4 58
4 59
4 60
4 61
4 63
4 65
4 88
4 90
4 95
4 106
5 5
5 6
5 7
5 8
5 9
5 12
5 13
5 21
5 23
5 27
5 35
5 39
5 44
5 45
5 48
5 51
5 60
5 61
5 64
5 65
5 67
5 86
5 88
5 90
5 91
5 92
5 93
5 94
6 6
6 18
6 22
6 23
6 27
6 31
6 45
6 64
6 65
6 67
6 82
6 88
6 91
6 92
6 93
6 100
7 7
7 9
7 11
7 13
7 15
7 35
7 45
7 49
7 60
7 61
7 64
7 65
7 82
7 88
7 89
7 90
7 92
7 105
7 106
7 107
7 115
8 8
8 9
8 10
8 12
8 14
8 15
8 35
8 60
8 64
8 65
8 88
9 9
9 11
9 13
9 15
9 35
9 45
9 49
9 58
9 60
9 61
9 63
9 64
9 65
9 88
9 89
9 90
9 92
9 105
9 106
9 107
10 10
10 11
10 12
10 13
10 14
10 15
10 26
10 27
10 50
10 51
10 60
10 64
10 65
10 82
11 11
11 12
11 13
11 15
11 29
11 60
11 61
11 63
11 64
11 65
11 112
11 115
12 12
12 13
12 14
12 15
12 26
12 28
12 35
12 60
12 61
12 64
12 65
13 13
13 15
13 28
13 29
13 35
13 49
13 58
13 60
13 61
13 62
13 63
13 65
13 69
13 90
13 95
13 105
13 106
13 107
13 112
13 115
14 14
14 15
14 22
14 23
14 25
14 26
14 27
14 34
14 64
14 65
14 75
14 82
14 84
14 85
14 86
14 87
14 88
14 114
15 15
15 27
15 28
15 37
15 60
15 61
15 65
15 79
15 82
15 83
15 85
15 87
15 88
15 89
15 114
16 16
16 17
16 19
16 28
16 29
16 32
16 33
16 36
16 40
16 52
16 57
16 59
16 62
16 63
16 66
16 68
16 72
16 73
16 74
16 75
16 76
16 77
16 78
16 79
16 80
16 81
16 83
16 98
16 102
17 17
17 19
17 28
17 29
17 32
17 33
17 36
17 40
17 52
17 57
17 58
17 59
17 61
17 62
17 63
17 66
17 68
17 72
17 73
17 76
17 77
17 78
17 79
17 80
17 81
17 83
17 102
18 18
18 19
18 22
18 30
18 42
18 43
18 46
18 47
18 57
18 73
18 74
18 82
18 84
18 96
18 100
19 19
19 28
19 32
19 33
19 36
19 40
19 41
19 57
19 59
19 68
19 72
19 73
19 79
19 80
19 81
19 83
19 98
19 99
19 101
19 111
20 20
20 21
20 23
20 25
20 26
20 27
20 31
20 37
20 38
20 39
20 41
20 43
20 47
20 48
20 70
20 71
20 73
20 85
20 86
20 87
20 91
20 92
20 109
20 110
21 21
21 22
21 23
21 25
21 26
21 27
21 31
21 34
21 38
21 39
21 42
21 43
21 47
21 48
21 50
21 51
21 54
21 67
21 71
21 92
21 94
21 109
21 110
22 22
22 23
22 24
22 25
22 26
22 27
22 30
22 31
22 34
22 38
22 42
22 43
22 46
22 47
22 50
22 51
22 53
22 55
22 57
22 64
22 73
22 74
22 75
22 82
22 84
22 85
22 86
22 87
22 96
22 97
22 109
22 110
23 23
23 24
23 25
23 26
23 27
23 30
23 31
23 38
23 43
23 45
23 50
23 64
23 67
23 82
23 84
23 85
23 86
23 87
23 91
23 92
23 93
23 105
23 109
24 24
24 25
24 26
24 27
24 30
24 31
24 42
24 43
24 46
24 47
24 50
24 53
24 57
24 67
24 70
24 75
24 77
24 96
24 109
25 25
25 26
25 27
25 30
25 31
25 34
25 38
25 42
25 43
25 46
25 47
25 50
25 51
25 53
25 64
25 67
25 75
25 84
25 85
25 86
25 87
25 92
25 93
25 96
25 109
25 110
26 26
26 27
26 34
26 42
26 43
26 46
26 47
26 48
26 50
26 51
26 53
26 64
26 71
26 84
26 87
26 91
26 94
26 96
26 97
26 110
27 27
27 31
27 34
27 43
27 50
27 51
27 64
27 65
27 67
27 82
27 84
27 85
27 86
27 87
27 88
27 92
27 93
28 28
28 29
28 32
28 33
28 36
28 40
28 62
28 63
28 72
28 73
28 74
28 75
28 76
28 77
28 78
28 79
28 80
28 81
28 83
29 29
29 32
29 33
29 36
29 37
29 40
29 49
29 52
29 58
29 59
29 60
29 61
29 62
29 63
29 71
29 72
29 76
29 77
29 78
29 80
29 81
29 83
29 101
29 102
29 104
29 112
30 30
30 31
30 33
30 42
30 43
30 46
30 47
30 50
30 53
30 73
30 74
30 76
30 96
30 109
31 31
31 33
31 34
31 43
31 47
31 67
31 70
31 84
31 85
32 32
32 33
32 36
32 40
32 57
32 62
32 63
32 66
32 68
32 72
32 73
32 74
32 75
32 76
32 77
32 79
32 80
32 81
32 102
32 112
33 33
33 36
33 40
33 49
33 59
33 61
33 62
33 63
33 66
33 72
33 73
33 76
33 77
33 80
33 81
33 83
33 102
33 112
34 34
34 35
34 42
34 43
34 47
34 50
34 53
34 64
34 65
34 67
34 78
34 84
34 109
34 110
35 35
35 37
35 38
35 39
35 44
35 45
35 49
35 58
35 61
35 64
35 65
35 71
35 88
35 89
35 92
35 104
36 36
36 37
36 40
36 41
36 56
36 62
36 63
36 68
36 72
36 73
36 74
36 75
36 76
36 77
36 78
36 79
36 80
36 81
36 83
37 37
37 38
37 39
37 40
37 41
37 54
37 55
37 68
37 70
37 71
37 77
37 80
37 81
37 83
37 87
37 89
37 97
37 101
38 38
38 39
38 41
38 54
38 55
38 70
38 84
38 86
38 87
38 94
38 95
38 97
38 101
38 108
38 109
38 110
39 39
39 41
39 54
39 55
39 70
39 83
39 86
39 87
39 88
39 89
39 91
39 92
39 94
39 95
39 97
39 101
39 108
40 40
40 41
40 52
40 56
40 57
40 62
40 63
40 68
40 71
40 72
40 73
40 74
40 75
40 76
40 77
40 78
40 80
40 81
40 83
40 99
40 101
41 41
41 52
41 53
41 57
41 71
41 73
41 74
41 75
41 82
41 83
41 84
41 86
41 87
41 99
41 101
41 114
42 42
42 43
42 46
42 47
42 48
42 50
42 51
42 53
42 54
42 55
42 57
42 67
42 91
42 94
42 96
42 97
42 109
42 110
42 113
43 43
43 46
43 47
43 48
43 50
43 51
43 53
43 54
43 55
43 57
43 67
43 73
43 74
43 75
43 78
43 94
43 96
43 97
43 109
43 110
44 44
44 45
44 48
44 49
44 67
44 91
44 94
44 96
44 106
44 109
45 45
45 49
45 64
45 65
45 67
45 91
45 92
45 93
45 94
45 105
46 46
46 47
46 48
46 50
46 51
46 52
46 53
46 54
46 55
46 57
46 90
46 91
46 94
46 96
46 97
46 98
46 99
46 109
46 110
46 111
46 113
47 47
47 48
47 50
47 51
47 53
47 54
47 55
47 57
47 70
47 74
47 75
47 91
47 94
47 96
47 97
47 109
47 110
47 111
47 113
48 48
48 49
48 50
48 51
48 66
48 67
48 69
48 91
48 94
48 96
48 107
48 109
48 110
49 49
49 52
49 58
49 59
49 61
49 63
49 90
49 91
49 95
49 98
49 99
49 102
49 105
49 106
49 112
50 50
50 51
50 53
50 64
50 67
50 71
50 96
50 97
50 109
50 110
51 51
51 53
51 67
51 109
51 110
52 52
52 53
52 54
52 55
52 57
52 59
52 72
52 78
52 80
52 81
52 83
52 90
52 95
52 98
52 99
52 101
52 102
52 104
52 108
52 111
53 53
53 54
53 55
53 57
53 70
53 94
53 96
53 97
53 98
53 109
53 110
53 111
53 113
53 114
54 54
54 55
54 56
54 57
54 68
54 71
54 75
54 78
54 89
54 94
54 96
54 97
54 98
54 99
54 101
54 104
54 108
54 110
55 55
55 57
55 71
55 75
55 89
55 96
55 97
55 98
55 99
55 110
56 56
56 57
56 68
56 72
56 73
56 74
56 75
56 78
56 79
56 80
56 96
56 99
56 111
57 57
57 68
57 73
57 74
57 75
57 76
57 77
57 78
57 79
57 80
57 81
57 96
57 98
58 58
58 59
58 60
58 61
58 62
58 63
58 66
58 69
58 80
58 88
58 89
58 95
58 102
58 107
58 108
59 59
59 61
59 62
59 63
59 66
59 68
59 69
59 72
59 80
59 81
59 83
59 90
59 95
59 98
59 101
59 102
59 106
59 112
60 60
60 61
60 62
60 63
60 64
60 65
60 69
60 88
60 95
60 107
61 61
61 62
61 63
61 65
61 69
61 88
61 90
61 95
61 102
61 106
61 107
61 112
61 115
62 62
62 63
62 66
62 68
62 72
62 80
62 81
62 102
63 63
63 66
63 72
63 80
63 81
63 98
63 102
63 104
63 106
63 107
63 112
63 115
64 64
64 65
64 67
64 82
64 84
64 88
64 92
64 93
65 65
65 88
65 89
65 92
65 93
66 66
66 67
66 68
66 80
66 81
66 102
67 67
67 91
67 93
67 94
67 109
68 68
68 69
68 72
68 73
68 77
68 78
68 79
68 80
68 81
68 98
68 99
68 101
68 102
68 103
68 104
68 111
69 69
69 90
69 95
69 97
69 103
69 106
69 107
69 115
70 70
70 71
70 73
70 74
70 75
70 76
70 77
70 78
70 84
70 87
70 96
70 108
70 109
71 71
71 73
71 74
71 75
71 76
71 78
72 72
72 73
72 74
72 75
72 76
72 77
72 79
72 80
72 81
72 83
72 101
72 102
73 73
73 74
73 75
73 76
73 77
73 78
73 79
73 80
74 74
74 75
74 76
74 77
74 78
74 79
75 75
75 76
75 77
75 78
75 79
75 110
76 76
76 77
76 78
76 79
76 80
76 81
77 77
77 78
77 80
77 81
77 109
77 110
78 78
78 79
78 80
78 81
78 84
78 111
79 79
79 80
79 81
80 80
80 81
80 83
80 98
80 99
80 101
80 102
80 111
81 81
81 83
81 98
81 99
81 101
81 102
81 112
82 82
82 84
82 85
82 86
82 87
82 88
82 91
82 92
82 93
82 105
82 114
83 83
83 85
83 95
83 98
83 99
83 101
83 102
83 108
83 111
83 112
83 114
84 84
84 85
84 86
84 87
85 85
85 86
85 87
86 86
86 87
86 88
86 89
86 92
86 93
86 94
86 108
87 87
87 89
87 92
87 93
87 94
88 88
88 89
88 92
88 93
88 95
89 89
89 92
89 93
89 101
89 104
89 108
90 90
90 91
90 92
90 98
90 105
90 106
90 108
90 113
91 91
91 92
91 93
91 94
91 97
91 99
91 105
91 108
91 109
91 110
91 113
92 92
92 93
92 100
92 104
93 93
93 94
93 100
93 107
94 94
94 95
94 96
94 97
94 103
94 108
94 109
94 110
95 95
95 98
95 99
95 101
95 103
95 108
95 112
96 96
96 97
96 98
96 99
96 109
96 110
96 113
97 97
97 99
97 105
97 109
97 110
97 111
97 113
98 98
98 99
98 101
98 102
98 108
98 111
98 112
98 113
99 99
99 101
99 102
99 103
99 104
99 108
99 111
99 112
99 113
99 114
100 100
100 106
101 101
101 102
101 103
101 104
101 106
101 108
101 112
102 102
102 103
102 104
102 106
102 108
102 111
102 112
102 113
103 103
103 104
103 111
103 113
103 115
104 104
104 111
104 113
105 105
105 106
105 113
105 114
105 115
106 106
106 107
106 112
106 113
106 115
107 107
107 115
108 108
109 109
109 110
109 114
110 110
110 111
110 113
111 111
111 112
111 113
111 114
112 112
112 113
112 114
113 113
113 114
113 115
114 114
115 115
