0 0
0 6
0 10
0 12
0 22
0 74
0 89
0 93
0 99
1 1
1 10
1 11
1 12
1 13
1 16
1 17
1 29
1 50
1 61
1 62
1 63
1 68
1 84
1 85
1 100
2 2
2 3
2 4
2 6
2 7
2 8
2 20
2 22
2 23
2 24
2 30
2 31
2 35
2 36
2 37
2 38
2 39
2 40
2 41
2 58
2 60
2 64
2 65
2 67
2 73
2 74
2 91
2 92
2 93
2 101
2 102
2 103
2 105
2 110
2 111
2 112
2 113
2 114
3 3
3 5
3 7
3 11
3 13
3 15
3 22
3 23
3 24
3 25
3 31
3 64
3 65
3 73
3 85
3 86
3 87
3 88
3 92
4 4
4 5
4 6
4 7
4 8
4 9
4 14
4 15
4 19
4 23
4 26
4 31
4 41
4 65
4 90
4 91
4 92
4 93
4 101
4 102
4 105
4 106
4 110
4 111
4 112
4 113
5 5
5 9
5 23
5 24
5 25
5 26
5 27
5 38
5 87
5 90
5 91
5 92
5 110
5 111
5 113
6 6
6 7
6 8
6 9
6 11
6 12
6 13
6 15
6 23
6 29
6 30
6 31
6 35
6 36
6 37
6 39
6 40
6 41
6 60
6 61
6 65
6 73
6 74
6 75
6 92
6 93
6 95
6 100
6 101
6 102
6 103
6 112
6 113
6 114
7 7
7 9
7 11
7 13
7 15
7 23
7 29
7 30
7 31
7 36
7 37
7 39
7 41
7 61
7 62
7 65
7 72
7 73
7 74
7 75
7 92
7 95
7 100
7 102
7 112
8 8
8 14
8 15
8 23
8 35
8 37
8 38
8 40
8 41
8 58
8 60
8 65
8 67
8 90
8 91
8 92
8 93
8 102
8 103
8 104
8 105
8 106
8 110
8 111
8 112
8 113
9 9
9 11
9 13
9 15
9 23
9 29
9 30
9 31
9 41
9 61
9 62
9 63
9 65
9 73
9 83
9 92
9 100
9 112
10 10
10 11
10 12
10 13
10 16
10 17
10 28
10 42
10 43
10 46
10 53
10 55
10 56
10 57
10 63
10 68
10 78
10 80
10 81
10 82
10 83
10 84
10 85
10 89
10 100
11 11
11 12
11 13
11 15
11 23
11 29
11 36
11 61
11 62
11 63
11 65
11 73
11 75
11 83
11 84
11 85
11 88
11 92
11 100
11 109
11 112
12 12
12 13
12 15
12 16
12 28
12 29
12 36
12 37
12 52
12 60
12 61
12 62
12 83
12 84
12 85
12 89
12 100
12 109
13 13
13 15
13 23
13 29
13 36
13 37
13 39
13 41
13 52
13 60
13 61
13 62
13 63
13 65
13 73
13 74
13 75
13 83
13 88
13 92
13 100
13 109
13 112
14 14
14 15
14 23
14 26
14 28
14 29
14 35
14 37
14 39
14 40
14 41
14 58
14 60
14 65
14 72
14 82
14 83
14 88
14 90
14 91
14 105
14 114
15 15
15 23
15 29
15 30
15 31
15 36
15 37
15 41
15 61
15 62
15 65
15 73
15 74
15 75
15 77
15 83
15 88
15 92
15 93
15 97
15 100
15 112
16 16
16 17
16 28
16 32
16 33
16 56
16 57
16 62
16 63
16 68
16 69
16 72
16 78
16 79
16 80
16 81
16 82
16 83
16 84
16 85
16 89
16 107
16 115
17 17
17 28
17 29
17 32
17 56
17 57
17 62
17 63
17 68
17 71
17 72
17 78
17 79
17 80
17 81
17 82
17 83
17 84
17 85
17 86
17 87
17 89
17 115
18 18
18 19
18 32
18 33
18 66
18 99
19 19
19 33
19 69
19 75
19 90
19 91
19 104
19 105
19 112
20 20
20 24
20 26
20 27
20 30
20 31
20 34
20 35
20 38
20 39
20 41
20 67
20 70
20 74
20 90
20 93
20 103
20 104
20 106
20 111
20 113
21 21
21 25
21 27
21 29
21 30
21 31
21 40
21 71
21 78
21 82
21 83
22 22
22 23
22 24
22 34
22 38
22 48
22 64
22 88
22 93
22 103
23 23
23 24
23 25
23 27
23 30
23 31
23 35
23 36
23 37
23 38
23 39
23 41
23 64
23 65
23 67
23 73
23 74
23 77
23 88
23 90
23 91
23 92
23 93
23 97
23 102
23 103
23 104
23 105
23 106
23 110
23 111
23 112
23 113
24 24
24 25
24 27
24 30
24 31
24 34
24 35
24 36
24 37
24 38
24 39
24 40
24 41
24 64
24 65
24 67
24 74
24 91
24 92
24 93
24 94
24 95
24 97
24 101
24 103
24 105
24 106
24 110
24 111
24 113
24 114
25 25
25 26
25 27
25 30
25 31
25 34
25 35
25 38
25 40
25 41
25 64
25 67
25 77
25 92
25 94
25 95
25 105
25 106
25 110
25 111
25 113
25 114
26 26
26 27
26 34
26 38
26 41
26 58
26 90
26 91
26 105
26 106
26 110
26 111
26 113
26 114
27 27
27 34
27 35
27 38
27 40
27 41
27 54
27 87
27 88
27 90
27 91
27 103
27 105
27 106
27 110
27 111
27 113
27 114
28 28
28 29
28 32
28 33
28 36
28 56
28 61
28 62
28 63
28 71
28 72
28 78
28 79
28 80
28 81
28 82
28 83
28 84
28 115
29 29
29 30
29 31
29 33
29 36
29 40
29 41
29 61
29 62
29 63
29 65
29 71
29 72
29 73
29 78
29 80
29 81
29 82
29 83
29 84
29 92
29 100
30 30
30 31
30 33
30 35
30 36
30 41
30 61
30 65
30 67
30 71
30 72
30 73
30 74
30 75
30 76
30 77
30 92
30 95
30 97
30 102
30 103
30 109
30 112
31 31
31 33
31 35
31 36
31 39
31 41
31 61
31 64
31 65
31 67
31 71
31 73
31 74
31 75
31 76
31 77
31 92
31 93
31 95
31 97
31 102
31 103
31 104
31 105
31 109
31 110
31 111
31 112
31 113
32 32
32 33
32 56
32 57
32 62
32 63
32 68
32 69
32 72
32 78
32 79
32 80
32 81
32 82
32 84
33 33
33 40
33 61
33 62
33 63
33 68
33 72
33 78
33 79
33 80
33 81
34 34
34 35
34 38
34 40
34 64
34 67
34 86
34 94
34 105
34 106
34 110
34 113
34 114
35 35
35 36
35 37
35 39
35 40
35 41
35 58
35 60
35 65
35 67
35 73
35 74
35 77
35 90
35 91
35 92
35 93
35 94
35 97
35 102
35 103
35 104
35 105
35 106
35 108
35 110
35 111
35 112
35 113
35 114
36 36
36 37
36 39
36 40
36 41
36 60
36 61
36 65
36 72
36 73
36 74
36 75
36 76
36 77
36 92
36 93
36 95
36 109
36 114
37 37
37 39
37 40
37 41
37 54
37 60
37 65
37 73
37 88
37 92
37 93
37 94
37 97
37 100
37 101
37 103
37 110
37 113
37 114
38 38
38 39
38 41
38 54
38 58
38 64
38 88
38 94
38 105
38 110
38 111
38 114
39 39
39 40
39 41
39 54
39 60
39 65
39 72
39 73
39 74
39 88
39 92
39 94
39 97
39 103
39 109
39 110
39 113
39 114
40 40
40 41
40 54
40 65
40 72
40 88
40 95
40 103
40 110
40 114
41 41
41 65
41 72
41 73
41 74
41 75
41 90
41 91
41 92
41 93
41 97
41 102
41 103
41 104
41 105
41 106
41 110
41 111
41 112
41 113
41 114
42 42
42 43
42 44
42 45
42 46
42 47
42 48
42 49
42 50
42 51
42 53
42 55
42 56
42 57
42 68
42 84
42 85
42 89
42 96
42 98
43 43
43 44
43 45
43 46
43 47
43 49
43 51
43 53
43 55
43 56
43 57
43 68
43 84
43 96
43 98
44 44
44 45
44 46
44 47
44 48
44 49
44 50
44 51
44 53
44 55
44 56
44 57
44 66
44 98
45 45
45 46
45 47
45 48
45 49
45 51
45 53
45 55
45 56
45 57
45 66
45 96
45 98
46 46
46 47
46 48
46 49
46 50
46 51
46 53
46 55
46 56
46 57
46 68
46 78
46 79
46 80
46 84
46 85
46 89
46 96
46 98
47 47
47 48
47 49
47 50
47 51
47 53
47 55
47 56
47 57
47 68
47 84
47 96
47 98
48 48
48 49
48 50
48 51
48 52
48 53
48 58
48 66
48 90
48 91
48 98
49 49
49 50
49 51
49 53
49 55
49 56
49 57
49 59
49 66
49 69
49 98
49 99
50 50
50 51
50 52
50 53
50 54
50 55
50 56
50 57
50 84
50 85
50 87
50 89
50 98
51 51
51 52
51 53
51 55
51 59
51 66
51 98
51 99
52 52
52 53
52 54
52 55
52 89
52 98
53 53
53 55
53 56
53 57
53 59
53 84
53 85
53 89
53 96
53 98
53 99
54 54
54 86
54 88
54 89
54 98
55 55
55 56
55 57
55 89
55 96
55 98
55 99
56 56
56 57
56 63
56 66
56 68
56 69
56 78
56 79
56 80
56 81
56 82
56 84
56 85
56 86
56 89
56 98
57 57
57 63
57 66
57 68
57 69
57 78
57 79
57 80
57 81
57 82
57 84
57 85
57 86
57 89
57 96
57 98
58 58
58 59
58 60
58 65
58 66
58 67
58 90
58 91
58 93
58 103
58 104
58 105
58 106
58 110
58 111
59 59
59 66
59 89
60 60
60 61
60 64
60 65
60 88
60 93
61 61
61 62
61 63
61 65
61 72
61 73
61 83
61 92
62 62
62 63
62 72
62 78
62 79
62 80
62 81
62 83
62 84
62 85
63 63
63 68
63 72
63 78
63 79
63 80
63 81
63 82
63 83
63 84
63 85
63 86
63 89
64 64
64 65
64 67
64 88
64 92
64 93
65 65
65 67
65 73
65 74
65 77
65 88
65 92
65 93
65 95
65 97
65 102
65 105
65 109
65 110
65 112
66 66
66 67
66 69
67 67
67 77
67 90
67 91
67 92
67 93
67 97
67 102
67 103
67 104
67 105
67 106
67 110
67 111
67 112
68 68
68 69
68 78
68 79
68 80
68 81
68 84
68 107
69 69
69 79
69 80
70 70
70 71
70 73
70 74
70 75
70 76
70 77
70 99
70 104
71 71
71 73
71 75
71 76
71 77
71 78
71 79
71 81
71 109
71 115
72 72
72 78
72 79
72 80
72 81
72 82
72 83
73 73
73 74
73 75
73 76
73 77
73 92
73 93
73 97
73 99
73 100
73 102
73 103
73 104
73 111
73 112
73 113
74 74
74 75
74 92
74 93
74 97
74 99
74 102
74 103
74 104
74 111
74 112
74 113
75 75
75 76
75 77
75 92
75 97
75 99
75 102
75 104
75 105
75 109
75 111
75 112
76 76
76 77
76 94
76 97
76 103
76 109
76 115
77 77
77 92
77 93
77 97
77 102
77 103
77 104
77 105
77 109
77 110
77 111
77 112
77 113
78 78
78 79
78 80
78 81
78 82
78 83
78 84
78 85
78 86
78 87
78 115
79 79
79 80
79 81
79 82
79 83
79 84
79 86
79 115
80 80
80 81
80 82
80 83
80 84
80 85
80 115
81 81
81 82
81 83
81 84
81 85
81 86
81 87
81 115
82 82
82 83
82 84
82 85
82 86
82 87
83 83
83 84
83 85
83 87
83 115
84 84
84 85
84 86
84 87
84 89
85 85
85 86
85 87
85 100
86 86
86 87
87 87
87 88
87 98
88 88
88 89
88 92
89 89
89 96
90 90
90 91
90 92
90 102
90 104
90 105
90 106
90 110
90 111
90 112
90 113
91 91
91 92
91 93
91 99
91 101
91 102
91 103
91 104
91 105
91 106
91 108
91 110
91 111
91 112
91 113
92 92
92 93
92 97
92 100
92 101
92 102
92 103
92 104
92 105
92 106
92 110
92 111
92 112
92 113
93 93
93 97
93 99
93 101
93 102
93 103
93 104
93 105
93 106
93 110
93 111
93 112
93 113
94 94
94 96
94 97
94 103
94 105
94 107
94 109
94 110
94 113
94 114
95 95
95 107
95 109
96 96
96 98
96 99
96 101
96 114
97 97
97 99
97 102
97 103
97 104
97 105
97 106
97 109
97 110
97 111
97 112
97 113
98 98
98 99
99 99
99 102
99 103
99 104
99 111
99 112
100 100
100 102
100 107
101 101
101 102
101 103
101 110
101 112
101 113
101 114
102 102
102 103
102 104
102 105
102 106
102 110
102 111
102 112
102 113
103 103
103 104
103 105
103 106
103 110
103 111
103 112
103 113
103 114
104 104
104 105
104 106
104 108
104 110
104 111
104 112
104 113
105 105
105 106
105 108
105 110
105 111
105 112
105 113
105 114
105 115
106 106
106 110
106 111
106 112
106 113
107 107
107 109
108 108
108 110
108 111
108 113
109 109
110 110
110 111
110 112
110 113
110 114
111 111
111 112
111 113
112 112
112 113
113 113
113 114
114 114
115 115
