0 0
0 1
0 2
0 10
0 12
0 16
0 18
0 19
0 28
0 52
0 53
0 58
0 60
0 62
0 66
0 69
0 72
0 84
0 86
0 89
1 1
1 7
1 10
1 11
1 13
1 16
1 17
1 18
1 19
1 28
1 32
1 33
1 52
1 57
1 59
1 61
1 63
1 65
1 72
1 74
1 78
1 80
1 81
1 84
2 2
2 6
2 7
2 8
2 9
2 12
2 18
2 22
2 30
2 31
2 35
2 48
2 50
2 58
2 64
2 67
2 88
2 102
3 3
3 6
3 7
3 11
3 15
3 20
3 21
3 23
3 30
3 31
3 82
3 83
3 87
3 92
3 109
4 4
4 5
4 6
4 7
4 8
4 9
4 15
4 20
4 21
4 26
4 38
4 42
4 43
4 47
4 48
4 49
4 51
4 70
4 83
4 90
4 91
4 93
4 96
4 97
4 98
4 99
4 102
4 103
4 106
4 107
4 108
4 110
4 111
4 112
5 5
5 8
5 15
5 20
5 21
5 24
5 25
5 26
5 38
5 71
5 83
5 90
5 91
5 92
5 93
5 97
5 98
5 99
5 103
5 106
5 107
5 108
5 110
5 111
5 112
6 6
6 7
6 8
6 9
6 12
6 13
6 14
6 18
6 22
6 30
6 31
6 35
6 48
6 50
6 51
6 64
6 65
6 70
6 75
6 102
7 7
7 8
7 9
7 11
7 12
7 13
7 14
7 15
7 48
7 51
7 61
7 64
7 65
7 70
7 75
7 102
7 106
8 8
8 9
8 12
8 13
8 14
8 20
8 26
8 35
8 48
8 51
8 64
8 65
8 70
8 75
8 77
8 88
8 91
8 93
8 102
8 106
8 107
8 110
8 111
8 112
9 9
9 12
9 13
9 48
9 52
9 58
9 59
9 61
9 64
9 65
9 70
9 90
9 92
9 107
10 10
10 11
10 12
10 13
10 14
10 16
10 28
10 29
10 41
10 52
10 54
10 61
10 65
10 72
10 75
10 82
10 84
10 85
10 89
11 11
11 13
11 14
11 15
11 16
11 17
11 28
11 29
11 31
11 32
11 33
11 40
11 41
11 65
11 72
11 74
11 75
11 78
11 80
11 81
11 82
11 83
11 84
11 85
12 12
12 13
12 14
12 22
12 28
12 35
12 38
12 50
12 52
12 58
12 60
12 61
12 64
12 65
12 75
12 82
12 88
13 13
13 14
13 15
13 16
13 28
13 29
13 41
13 60
13 61
13 64
13 65
13 72
13 75
13 82
13 83
13 85
13 102
13 106
14 14
14 15
14 16
14 17
14 26
14 27
14 28
14 29
14 41
14 50
14 52
14 54
14 63
14 80
14 82
14 83
14 84
14 85
14 86
14 87
14 88
14 89
15 15
15 16
15 17
15 20
15 26
15 28
15 29
15 41
15 61
15 63
15 65
15 80
15 81
15 82
15 83
15 85
15 88
16 16
16 17
16 27
16 28
16 29
16 32
16 40
16 41
16 54
16 56
16 57
16 60
16 62
16 63
16 68
16 72
16 74
16 78
16 79
16 80
16 81
16 82
16 83
16 84
16 85
17 17
17 24
17 28
17 29
17 32
17 36
17 40
17 41
17 54
17 57
17 61
17 62
17 63
17 72
17 73
17 74
17 75
17 78
17 79
17 80
17 81
17 82
17 83
17 84
17 85
18 18
18 19
18 30
18 31
18 32
18 33
18 35
18 53
18 66
18 88
18 91
18 101
18 102
19 19
19 23
19 32
19 33
19 34
19 56
19 57
19 66
19 67
19 68
19 69
19 72
19 90
19 91
19 92
19 93
19 95
19 101
19 103
19 104
19 105
19 106
19 107
19 108
19 109
19 112
19 115
20 20
20 21
20 26
20 32
20 33
20 82
20 83
20 112
21 21
21 24
21 26
21 39
21 44
21 52
21 73
21 76
21 82
21 83
21 97
21 98
21 99
21 103
22 22
22 23
22 27
22 30
22 31
22 34
22 35
22 42
22 43
22 44
22 45
22 46
22 47
22 50
22 55
22 64
22 67
22 86
22 96
22 109
23 23
23 25
23 27
23 30
23 31
23 34
23 42
23 43
23 45
23 67
23 69
23 77
23 86
23 90
23 91
23 92
23 93
23 95
23 105
23 109
23 110
23 115
24 24
24 25
24 29
24 30
24 31
24 32
24 35
24 36
24 40
24 41
24 60
24 62
24 63
24 71
24 72
24 73
24 75
24 76
24 78
24 112
25 25
25 30
25 31
25 34
25 35
25 43
25 44
25 45
25 63
25 67
25 71
25 78
25 109
25 110
25 113
26 26
26 27
26 38
26 43
26 47
26 50
26 82
26 86
26 88
26 89
26 96
27 27
27 39
27 40
27 50
27 54
27 56
27 57
27 62
27 78
27 80
27 81
27 82
27 84
27 85
27 88
28 28
28 29
28 30
28 31
28 32
28 33
28 36
28 40
28 41
28 54
28 60
28 61
28 62
28 63
28 72
28 73
28 74
28 76
28 78
28 79
28 80
28 81
28 82
28 83
28 84
28 85
28 87
29 29
29 32
29 33
29 36
29 38
29 40
29 41
29 54
29 60
29 61
29 62
29 63
29 72
29 73
29 74
29 75
29 76
29 78
29 79
29 80
29 81
29 82
29 83
29 85
30 30
30 31
30 34
30 35
30 44
30 45
30 64
30 71
31 31
31 35
31 44
31 45
31 64
31 71
31 78
31 83
32 32
32 33
32 36
32 40
32 60
32 62
32 68
32 72
32 78
32 79
32 80
32 81
32 83
32 101
33 33
33 40
33 60
33 62
33 68
33 69
33 72
33 80
33 81
33 83
33 101
34 34
34 37
34 44
34 45
34 63
34 67
34 84
34 86
34 87
34 93
34 105
34 109
34 110
34 112
35 35
35 43
35 44
35 45
35 64
35 65
35 71
35 73
35 76
35 77
35 110
36 36
36 37
36 38
36 39
36 40
36 41
36 54
36 60
36 62
36 72
36 73
36 74
36 75
36 76
36 78
36 79
36 80
36 81
36 82
36 83
36 84
36 85
36 103
36 104
36 112
36 114
37 37
37 38
37 39
37 40
37 41
37 76
37 82
37 83
37 85
37 93
37 97
37 103
37 104
37 111
37 112
37 113
37 114
38 38
38 39
38 40
38 54
38 75
38 79
38 82
38 83
38 86
38 106
38 110
39 39
39 40
39 82
39 83
39 87
39 97
40 40
40 41
40 54
40 60
40 62
40 63
40 72
40 73
40 74
40 75
40 76
40 78
40 79
40 80
40 81
40 82
40 83
40 84
40 85
41 41
41 61
41 63
41 72
41 73
41 74
41 75
41 76
41 78
41 79
41 80
41 81
41 82
41 83
41 85
42 42
42 43
42 44
42 45
42 46
42 47
42 48
42 49
42 51
42 53
42 55
42 67
42 70
42 96
42 98
42 109
42 111
43 43
43 44
43 45
43 46
43 47
43 49
43 51
43 55
43 94
43 96
43 98
43 110
43 111
44 44
44 45
44 46
44 47
44 49
44 67
44 96
44 98
44 110
44 111
45 45
45 46
45 47
45 49
45 67
45 96
45 98
45 110
45 111
46 46
46 47
46 48
46 49
46 50
46 51
46 53
46 55
46 94
46 96
46 98
46 111
47 47
47 49
47 51
47 55
47 94
47 96
47 97
47 98
47 99
47 110
47 111
48 48
48 49
48 50
48 51
48 52
48 53
48 58
48 65
48 66
48 70
48 90
48 96
48 98
48 99
48 100
48 101
48 102
48 106
48 107
49 49
49 51
49 55
49 59
49 70
49 94
49 96
49 97
49 98
49 99
49 107
49 111
50 50
50 51
50 52
50 53
50 54
50 65
50 84
50 88
50 89
50 96
50 102
51 51
51 52
51 53
51 55
51 65
51 70
51 94
51 96
51 97
51 98
51 99
51 100
51 102
51 107
51 108
51 111
52 52
52 53
52 54
52 58
52 60
52 61
52 65
52 82
52 88
52 89
52 99
52 102
53 53
53 58
53 66
53 90
53 98
53 100
53 113
54 54
54 60
54 62
54 63
54 80
54 82
54 84
54 85
54 86
54 87
54 88
54 89
54 96
55 55
55 56
55 57
55 79
55 81
55 94
55 96
55 97
55 98
55 111
56 56
56 57
56 62
56 63
56 66
56 68
56 69
56 74
56 78
56 80
56 81
56 94
56 95
56 97
56 100
57 57
57 62
57 63
57 68
57 69
57 78
57 79
57 80
57 81
58 58
58 59
58 60
58 61
58 65
58 66
58 89
58 101
58 102
59 59
59 61
59 63
59 65
59 89
59 100
59 102
59 106
60 60
60 61
60 62
60 65
60 66
60 72
60 74
60 88
60 89
60 114
61 61
61 63
61 65
61 72
61 74
61 75
61 80
61 82
61 83
61 89
61 102
62 62
62 63
62 68
62 72
62 78
62 80
62 81
62 82
62 84
62 85
62 89
63 63
63 78
63 79
63 80
63 81
63 84
63 85
63 110
64 64
64 65
64 67
64 88
65 65
65 70
65 75
65 89
65 100
65 102
65 104
65 106
65 107
66 66
66 67
66 68
66 69
66 90
66 95
66 101
66 105
66 108
67 67
67 68
67 69
67 90
67 91
67 92
67 93
67 95
67 105
67 109
67 115
68 68
68 69
68 72
68 74
68 78
68 80
68 81
68 85
68 95
68 97
69 69
69 90
69 91
69 92
69 93
69 95
69 105
69 107
69 108
69 109
69 115
70 70
70 73
70 75
70 76
70 77
70 90
70 91
70 93
70 98
70 99
70 102
70 103
70 106
70 107
70 108
70 109
70 111
70 114
71 71
71 72
71 73
71 75
71 76
71 77
71 92
71 93
71 102
71 103
71 104
71 106
71 110
71 112
71 115
72 72
72 73
72 74
72 75
72 76
72 78
72 79
72 80
72 81
72 82
72 83
72 85
73 73
73 74
73 75
73 76
73 77
73 81
73 85
74 74
74 75
74 76
74 78
74 80
74 81
74 85
75 75
75 76
75 77
75 102
75 103
75 104
75 106
75 112
75 114
76 76
76 77
76 83
76 97
76 99
76 103
76 104
76 111
76 112
76 113
76 114
77 77
77 90
77 91
77 92
77 93
77 95
77 97
77 98
77 99
77 103
77 104
77 105
77 106
77 107
77 108
77 109
77 110
77 111
77 112
77 113
77 114
77 115
78 78
78 79
78 80
78 81
78 82
78 83
78 84
78 85
78 86
79 79
79 80
79 81
79 85
80 80
80 81
80 82
80 83
80 84
80 85
81 81
81 82
81 83
81 84
81 85
81 86
82 82
82 83
82 84
82 85
82 86
82 87
82 88
82 89
83 83
83 85
83 112
84 84
84 85
84 86
84 87
84 88
84 89
85 85
85 86
85 87
85 89
86 86
86 87
86 89
87 87
87 89
88 88
88 89
89 89
90 90
90 91
90 92
90 93
90 95
90 98
90 99
90 100
90 101
90 103
90 104
90 105
90 106
90 107
90 108
90 109
90 112
90 113
90 114
90 115
91 91
91 92
91 93
91 95
91 98
91 99
91 100
91 101
91 103
91 104
91 105
91 106
91 107
91 108
91 109
91 110
91 112
91 113
91 114
91 115
92 92
92 93
92 95
92 100
92 101
92 103
92 104
92 105
92 106
92 107
92 108
92 109
92 110
92 112
92 113
92 114
92 115
93 93
93 95
93 98
93 99
93 100
93 101
93 102
93 103
93 104
93 105
93 106
93 107
93 108
93 109
93 110
93 112
93 113
93 114
93 115
94 94
94 95
94 96
94 97
94 100
94 104
94 107
94 108
94 109
94 110
94 111
95 95
95 97
95 100
95 103
95 104
95 105
95 107
95 108
95 109
95 112
95 114
96 96
96 97
96 98
96 99
96 110
96 111
97 97
97 98
97 99
97 100
97 103
97 104
97 107
97 108
97 109
97 110
97 111
97 112
98 98
98 99
98 100
98 103
98 104
98 107
98 108
98 111
99 99
99 100
99 102
99 103
99 104
99 106
99 107
99 108
99 110
99 111
99 112
99 113
99 114
100 100
100 101
100 102
100 103
100 104
100 105
100 106
100 107
100 108
100 112
100 113
100 114
101 101
101 102
101 103
101 112
102 102
102 103
102 104
102 106
102 107
102 112
102 113
103 103
103 104
103 105
103 106
103 107
103 108
103 109
103 110
103 111
103 112
103 113
103 114
104 104
104 105
104 106
104 107
104 108
104 109
104 110
104 111
104 112
104 113
104 114
104 115
105 105
105 106
105 107
105 108
105 109
105 112
105 113
105 114
105 115
106 106
106 107
106 108
106 110
106 112
106 115
107 107
107 108
107 109
107 110
107 111
107 112
107 114
107 115
108 108
108 109
108 111
108 112
108 114
109 109
109 110
109 111
109 112
109 113
109 114
109 115
110 110
110 111
110 112
110 113
110 115
111 111
111 113
112 112
112 113
112 114
112 115
113 113
113 114
114 114
115 115
