0 0
0 2
0 10
0 11
0 12
0 18
0 43
0 58
0 73
0 74
0 76
0 91
0 93
0 101
0 103
1 1
1 16
1 19
1 32
1 56
1 57
1 59
1 61
1 68
1 69
1 80
1 90
1 95
1 100
1 102
1 112
2 2
2 3
2 4
2 6
2 7
2 8
2 9
2 10
2 11
2 12
2 13
2 14
2 15
2 18
2 22
2 23
2 24
2 25
2 30
2 31
2 33
2 35
2 64
2 73
2 74
2 75
2 88
2 91
2 92
2 93
2 101
2 115
3 3
3 6
3 7
3 8
3 9
3 10
3 11
3 12
3 13
3 14
3 15
3 22
3 23
3 30
3 31
3 33
3 35
3 61
3 64
3 65
3 71
3 87
3 88
3 90
3 91
3 92
3 93
3 100
3 115
4 4
4 6
4 8
4 9
4 12
4 14
4 15
4 18
4 20
4 23
4 83
4 90
4 91
4 92
4 98
4 111
5 5
5 21
5 25
5 26
5 27
5 37
5 38
5 39
5 50
5 65
5 85
5 86
5 87
5 92
5 95
5 104
5 107
5 108
6 6
6 7
6 8
6 9
6 10
6 11
6 12
6 13
6 14
6 15
6 18
6 22
6 23
6 25
6 30
6 31
6 33
6 35
6 64
6 73
6 74
6 75
6 88
6 91
6 92
6 93
6 115
7 7
7 8
7 9
7 10
7 11
7 12
7 13
7 22
7 23
7 31
7 33
7 61
7 64
7 65
7 73
7 75
7 87
7 88
7 90
7 91
7 92
7 93
7 100
7 115
8 8
8 9
8 10
8 11
8 12
8 13
8 14
8 15
8 22
8 23
8 58
8 60
8 64
8 83
8 88
8 90
8 91
8 92
8 93
8 100
9 9
9 11
9 13
9 14
9 15
9 20
9 23
9 31
9 35
9 45
9 61
9 65
9 83
9 86
9 87
9 88
9 90
9 91
9 92
9 100
10 10
10 11
10 12
10 13
10 14
10 22
10 23
10 64
10 73
10 74
10 75
10 91
10 92
10 93
10 101
11 11
11 12
11 13
11 23
11 65
11 73
11 74
11 75
11 90
11 91
11 92
11 93
11 100
11 112
11 115
12 12
12 13
12 14
12 15
12 22
12 23
12 28
12 30
12 31
12 33
12 35
12 58
12 60
12 64
12 74
12 75
12 82
12 88
12 91
12 93
12 115
13 13
13 15
13 23
13 28
13 33
13 61
13 65
13 73
13 74
13 75
13 90
13 91
13 92
13 93
13 100
13 112
13 115
14 14
14 15
14 20
14 22
14 23
14 24
14 28
14 30
14 31
14 35
14 58
14 60
14 64
14 82
14 83
14 88
14 91
14 93
14 115
15 15
15 20
15 21
15 22
15 23
15 25
15 26
15 28
15 30
15 31
15 33
15 35
15 61
15 64
15 71
15 82
15 83
15 88
16 16
16 17
16 29
16 32
16 46
16 47
16 51
16 52
16 53
16 55
16 56
16 57
16 62
16 63
16 68
16 72
16 78
16 79
16 80
16 81
16 84
16 96
16 97
16 98
16 99
16 108
17 17
17 28
17 29
17 32
17 36
17 37
17 41
17 46
17 48
17 50
17 51
17 52
17 53
17 54
17 55
17 56
17 57
17 59
17 62
17 63
17 68
17 72
17 78
17 79
17 80
17 81
17 84
17 95
17 96
17 97
17 98
17 99
17 107
18 18
18 19
18 28
18 33
18 44
18 70
18 72
18 73
18 74
18 75
18 76
18 99
18 101
18 103
18 109
18 111
18 112
18 113
18 115
19 19
19 28
19 32
19 36
19 44
19 49
19 59
19 68
19 69
19 70
19 73
19 74
19 80
19 81
19 90
19 91
19 98
19 102
19 111
20 20
20 21
20 24
20 25
20 26
20 27
20 30
20 31
20 34
20 35
20 36
20 37
20 39
20 40
20 71
20 83
20 89
20 105
20 110
21 21
21 23
21 24
21 25
21 27
21 30
21 31
21 33
21 34
21 35
21 37
21 40
21 45
21 64
21 65
21 67
21 71
21 77
21 82
21 88
21 94
21 105
21 110
22 22
22 23
22 24
22 25
22 26
22 27
22 30
22 31
22 64
22 70
22 71
22 73
22 75
22 76
22 84
22 88
22 91
22 92
22 93
23 23
23 24
23 25
23 30
23 31
23 35
23 60
23 64
23 71
23 82
23 88
23 91
23 92
23 93
23 105
24 24
24 25
24 26
24 27
24 30
24 31
24 34
24 43
24 64
24 71
24 76
24 77
24 82
24 84
24 88
24 93
24 95
24 105
24 109
24 110
25 25
25 26
25 27
25 30
25 31
25 34
25 37
25 38
25 39
25 41
25 64
25 65
25 71
25 86
25 87
25 88
25 95
25 108
25 110
26 26
26 27
26 31
26 38
26 39
26 71
26 89
27 27
27 30
27 31
27 34
27 37
27 38
27 39
27 43
27 65
27 71
27 86
27 95
27 96
27 104
27 105
27 106
27 108
28 28
28 29
28 33
28 36
28 40
28 62
28 63
28 72
28 74
28 75
28 76
28 77
28 78
28 79
28 80
28 81
28 82
28 83
28 115
29 29
29 32
29 33
29 36
29 37
29 40
29 41
29 46
29 52
29 54
29 61
29 62
29 63
29 72
29 76
29 78
29 79
29 80
29 81
29 82
29 83
29 97
30 30
30 31
30 33
30 35
30 37
30 64
30 71
30 75
30 76
30 77
30 83
30 88
30 93
30 94
30 105
30 110
31 31
31 33
31 34
31 35
31 37
31 40
31 64
31 71
31 77
31 82
31 83
31 88
31 93
31 105
31 110
32 32
32 33
32 36
32 48
32 50
32 56
32 57
32 62
32 68
32 72
32 74
32 75
32 80
32 81
32 95
32 96
32 97
32 107
33 33
33 35
33 36
33 37
33 40
33 45
33 71
33 72
33 73
33 74
33 75
33 76
33 77
33 94
33 109
33 110
34 34
34 35
34 58
34 60
34 64
34 65
34 67
34 82
34 95
34 103
34 104
34 105
34 109
34 110
34 114
34 115
35 35
35 40
35 45
35 60
35 61
35 64
35 65
35 67
35 82
35 88
35 110
36 36
36 37
36 38
36 39
36 40
36 41
36 52
36 54
36 55
36 62
36 63
36 72
36 73
36 74
36 76
36 77
36 78
36 79
36 80
36 81
36 83
36 94
36 96
36 97
37 37
37 38
37 39
37 40
37 41
37 54
37 71
37 73
37 76
37 77
37 95
37 96
37 97
37 104
37 108
37 110
37 112
38 38
38 39
38 40
38 54
38 66
38 72
38 95
38 96
38 103
38 104
38 106
38 108
39 39
39 41
39 54
39 55
39 80
39 86
39 87
39 89
39 95
39 96
39 97
39 108
40 40
40 41
40 54
40 63
40 72
40 82
40 83
41 41
41 72
41 73
41 74
41 75
41 76
41 95
41 108
42 42
42 43
42 44
42 46
42 47
42 48
42 49
42 50
42 72
42 76
42 94
42 96
42 97
42 101
42 103
42 107
42 110
42 111
42 112
42 113
42 114
43 43
43 44
43 45
43 47
43 48
43 49
43 66
43 67
43 101
43 103
43 104
43 105
43 107
43 110
43 112
43 113
43 114
44 44
44 45
44 46
44 47
44 48
44 49
44 50
44 51
44 53
44 96
44 97
44 99
44 103
44 107
44 109
44 111
44 112
44 113
44 114
45 45
45 49
45 65
45 66
45 67
45 90
45 100
45 104
45 105
45 110
46 46
46 47
46 48
46 49
46 50
46 51
46 52
46 53
46 54
46 55
46 56
46 57
46 62
46 68
46 72
46 78
46 79
46 80
46 81
46 96
46 97
46 98
46 99
46 102
46 107
46 111
47 47
47 49
47 50
47 51
47 53
47 55
47 80
47 90
47 96
47 97
47 98
47 99
47 111
48 48
48 49
48 50
48 51
48 52
48 53
48 54
48 55
48 56
48 57
48 59
48 62
48 63
48 66
48 80
48 81
48 95
48 96
48 97
48 103
48 107
48 108
49 49
49 50
49 51
49 52
49 53
49 55
49 56
49 57
49 59
49 62
49 66
49 68
49 69
49 90
49 99
49 102
49 103
49 106
49 107
50 50
50 51
50 52
50 53
50 55
50 56
50 57
50 59
50 62
50 66
50 68
50 80
50 81
50 84
50 85
50 86
50 96
50 97
50 98
50 106
50 107
51 51
51 52
51 53
51 55
51 56
51 57
51 59
51 62
51 68
51 69
51 80
51 81
51 97
51 98
51 99
51 102
51 107
51 111
52 52
52 53
52 54
52 55
52 56
52 57
52 59
52 62
52 63
52 66
52 68
52 69
52 70
52 72
52 78
52 79
52 80
52 81
52 89
52 98
52 106
53 53
53 54
53 55
53 56
53 57
53 59
53 62
53 63
53 68
53 78
53 79
53 80
53 81
53 85
53 97
53 98
53 99
53 102
53 107
53 111
54 54
54 55
54 56
54 57
54 59
54 62
54 63
54 66
54 69
54 72
54 78
54 79
54 80
54 81
54 89
54 96
54 97
54 98
54 108
55 55
55 56
55 57
55 78
55 79
55 80
55 81
55 96
55 97
55 98
55 99
55 108
55 111
55 112
56 56
56 57
56 59
56 62
56 63
56 68
56 69
56 78
56 79
56 80
56 81
56 84
56 95
56 96
56 97
56 98
56 99
56 108
56 109
57 57
57 59
57 62
57 63
57 68
57 69
57 79
57 80
57 81
57 84
57 95
57 96
57 97
57 98
57 99
57 108
58 58
58 59
58 60
58 61
58 64
58 65
58 88
59 59
59 61
59 62
59 63
59 66
59 68
59 69
59 80
59 81
59 86
59 89
59 98
59 106
60 60
60 61
60 64
60 65
60 82
60 84
60 88
60 109
61 61
61 62
61 63
61 65
61 82
61 88
61 89
61 90
62 62
62 63
62 68
62 72
62 78
62 79
62 80
62 81
62 83
62 97
62 98
63 63
63 72
63 78
63 79
63 80
63 81
63 82
63 83
63 89
63 98
64 64
64 65
64 82
64 84
64 88
64 93
64 105
64 109
64 110
64 115
65 65
65 66
65 67
65 86
65 87
65 88
65 89
65 92
65 100
65 104
65 105
66 66
66 67
66 69
66 103
66 104
66 105
66 106
66 107
66 110
67 67
67 69
67 86
67 100
67 103
67 104
67 105
67 110
68 68
68 69
68 78
68 79
68 80
68 81
68 95
68 97
68 103
68 106
68 108
69 69
69 70
69 102
69 104
69 106
70 70
70 71
70 73
70 74
70 75
70 76
70 77
70 78
70 79
70 91
70 98
70 99
70 111
71 71
71 73
71 75
71 77
71 78
71 91
71 93
71 110
71 111
72 72
72 73
72 74
72 75
72 76
72 77
72 78
72 79
72 80
72 81
72 82
72 83
72 96
72 97
72 98
73 73
73 74
73 75
73 76
73 77
73 91
73 93
73 99
73 101
73 111
73 112
74 74
74 75
74 76
74 91
74 93
74 111
74 112
75 75
75 76
75 77
75 93
75 99
75 111
75 112
75 113
76 76
76 77
76 79
76 94
76 97
76 109
76 110
76 111
76 114
77 77
77 78
77 95
77 109
77 110
78 78
78 79
78 80
78 81
78 97
78 99
79 79
79 80
79 81
79 94
79 96
79 97
80 80
80 81
80 84
80 85
80 96
80 97
80 98
80 99
81 81
81 83
81 84
81 85
81 96
81 97
81 98
82 82
82 83
82 84
82 85
82 86
82 88
82 89
83 83
83 85
84 84
84 85
84 88
85 85
85 87
85 89
86 86
86 87
86 88
86 89
86 105
87 87
87 89
87 92
87 108
88 88
88 89
89 89
89 104
90 90
90 91
90 92
90 98
90 99
90 100
90 102
90 111
91 91
91 92
91 93
91 100
91 101
91 102
91 112
92 92
92 93
92 100
92 102
92 105
92 112
93 93
93 100
93 101
93 102
93 103
93 105
93 112
93 113
93 115
94 94
94 96
94 97
94 109
94 114
94 115
95 95
95 96
95 97
95 103
95 107
95 108
95 109
96 96
96 97
96 99
96 108
96 109
96 110
97 97
97 99
97 107
97 108
97 109
97 112
98 98
98 99
98 102
98 111
99 99
99 101
99 102
99 111
99 112
99 113
100 100
100 101
100 102
100 104
100 111
100 112
101 101
101 102
101 103
101 105
101 106
101 107
101 112
101 113
101 114
102 102
102 103
102 104
102 107
102 111
102 112
102 113
103 103
103 104
103 105
103 106
103 107
103 112
103 113
103 114
104 104
104 105
104 106
104 110
104 114
105 105
105 110
105 113
105 114
105 115
106 106
106 107
107 107
107 114
108 108
109 109
109 110
109 113
109 114
109 115
110 110
110 114
111 111
111 112
111 113
112 112
112 113
113 113
113 114
114 114
114 115
115 115
