0 0
0 1
0 18
0 19
0 56
0 57
0 58
0 103
0 104
0 109
1 1
1 10
1 17
1 19
1 56
1 57
1 63
1 68
1 69
1 81
2 2
2 3
2 4
2 6
2 7
2 8
2 18
2 19
2 22
2 23
2 24
2 53
2 88
2 89
2 90
2 91
2 93
2 94
2 102
2 103
2 106
2 108
2 110
2 114
2 115
3 3
3 6
3 7
3 22
3 23
3 42
3 65
3 88
3 89
3 90
3 91
3 92
3 93
3 102
3 106
4 4
4 5
4 6
4 7
4 8
4 9
4 15
4 19
4 24
4 25
4 26
4 33
4 35
4 53
4 66
4 67
4 68
4 69
4 70
4 91
4 93
4 103
5 5
5 9
5 21
5 23
5 25
5 26
5 27
5 34
5 35
5 38
5 39
5 41
5 50
5 68
5 94
6 6
6 7
6 8
6 9
6 10
6 12
6 13
6 15
6 24
6 25
6 60
6 61
6 64
6 66
6 67
6 70
6 71
6 90
6 91
6 92
6 93
6 100
6 101
6 102
6 103
6 106
6 108
6 114
6 115
7 7
7 8
7 9
7 10
7 11
7 13
7 15
7 24
7 25
7 35
7 60
7 61
7 64
7 65
7 66
7 67
7 71
7 90
7 91
7 92
7 93
7 100
7 101
7 102
7 103
7 105
7 106
8 8
8 9
8 10
8 11
8 12
8 13
8 14
8 15
8 24
8 25
8 35
8 53
8 60
8 61
8 64
8 65
8 67
8 70
8 71
8 90
8 91
8 92
8 93
9 9
9 10
9 11
9 13
9 15
9 24
9 25
9 33
9 34
9 35
9 61
9 64
9 65
9 66
9 67
9 71
9 90
9 91
9 92
9 93
9 100
9 110
10 10
10 11
10 12
10 13
10 14
10 15
10 28
10 30
10 31
10 33
10 60
10 61
10 64
10 65
10 70
10 71
10 72
10 73
10 74
10 75
10 76
10 77
10 92
11 11
11 12
11 13
11 14
11 15
11 23
11 29
11 30
11 31
11 33
11 61
11 64
11 65
11 67
11 70
11 71
11 72
11 73
11 74
11 75
11 76
11 77
11 92
12 12
12 13
12 14
12 15
12 28
12 30
12 60
12 61
12 64
12 70
12 71
12 72
12 73
12 74
12 75
13 13
13 14
13 15
13 25
13 28
13 29
13 30
13 31
13 33
13 60
13 61
13 64
13 65
13 67
13 70
13 71
13 72
13 73
13 74
13 75
13 76
13 77
13 92
13 100
14 14
14 15
14 16
14 18
14 22
14 28
14 30
14 31
14 40
14 64
14 70
14 71
14 72
14 73
14 74
14 75
14 76
14 77
14 82
14 84
15 15
15 31
15 61
15 64
15 65
15 71
15 73
15 74
15 75
15 77
15 88
15 89
15 92
16 16
16 17
16 28
16 29
16 32
16 36
16 37
16 38
16 40
16 41
16 45
16 48
16 49
16 50
16 56
16 57
16 62
16 63
16 72
16 73
16 74
16 78
16 79
16 80
16 81
16 84
16 86
16 95
16 98
16 113
17 17
17 28
17 29
17 38
17 39
17 40
17 41
17 45
17 46
17 48
17 56
17 57
17 62
17 63
17 72
17 73
17 74
17 76
17 78
17 79
17 80
17 81
17 83
17 86
17 87
17 95
17 98
17 113
18 18
18 19
18 42
18 53
18 56
18 68
18 70
18 80
18 82
18 83
18 94
18 99
18 103
18 106
18 115
19 19
19 53
19 68
19 69
19 70
19 80
19 82
19 110
20 20
20 21
20 24
20 27
20 29
20 34
20 36
20 37
20 38
20 40
20 54
20 71
20 73
20 75
20 76
20 77
20 82
20 88
20 96
21 21
21 24
21 26
21 27
21 29
21 30
21 31
21 34
21 36
21 37
21 38
21 54
21 75
21 77
21 82
21 88
21 96
21 110
22 22
22 23
22 26
22 27
22 30
22 31
22 42
22 43
22 64
22 65
22 76
22 84
22 85
22 88
22 94
22 113
23 23
23 25
23 27
23 31
23 34
23 35
23 65
23 70
23 71
23 88
23 92
23 94
23 114
24 24
24 25
24 30
24 31
24 32
24 33
24 34
24 35
24 66
24 67
24 71
24 110
25 25
25 30
25 31
25 32
25 33
25 34
25 35
25 64
25 65
25 66
25 67
25 71
25 91
25 92
25 110
26 26
26 27
26 38
26 39
26 52
26 53
26 54
26 55
26 56
26 57
26 68
26 80
26 81
26 82
26 83
26 84
26 85
26 94
27 27
27 34
27 36
27 37
27 38
27 39
27 41
27 42
27 43
27 54
27 82
27 83
27 88
27 94
27 96
27 108
28 28
28 29
28 30
28 32
28 36
28 40
28 62
28 63
28 72
28 73
28 74
28 75
28 76
28 77
28 78
28 79
28 80
28 81
28 82
29 29
29 30
29 31
29 32
29 33
29 36
29 37
29 38
29 40
29 41
29 44
29 45
29 46
29 48
29 54
29 62
29 63
29 72
29 73
29 74
29 75
29 76
29 78
29 79
29 80
29 81
29 86
30 30
30 31
30 32
30 33
30 40
30 64
30 65
30 70
30 71
30 72
30 73
30 74
30 75
30 76
30 77
30 84
31 31
31 32
31 33
31 34
31 35
31 40
31 41
31 64
31 65
31 71
31 72
31 73
31 74
31 75
31 76
31 77
32 32
32 33
32 34
32 35
32 40
32 41
32 64
32 66
32 67
32 72
32 73
32 78
32 84
33 33
33 34
33 35
33 40
33 41
33 61
33 64
33 65
33 66
33 67
34 34
34 35
34 66
34 67
34 76
34 110
35 35
35 66
35 67
35 91
35 93
35 110
36 36
36 37
36 38
36 40
36 46
36 52
36 54
36 56
36 62
36 72
36 73
36 76
36 80
36 81
36 82
36 84
36 85
36 88
36 96
37 37
37 38
37 39
37 40
37 41
37 43
37 46
37 54
37 72
37 73
37 74
37 75
37 76
37 77
37 82
37 84
37 85
37 86
37 87
37 88
37 95
37 96
37 112
38 38
38 39
38 40
38 41
38 43
38 45
38 46
38 48
38 49
38 50
38 51
38 52
38 54
38 55
38 56
38 57
38 63
38 81
38 82
38 83
38 84
38 85
38 86
38 87
38 95
38 96
38 97
38 98
38 99
38 109
39 39
39 40
39 41
39 43
39 46
39 47
39 48
39 50
39 51
39 54
39 55
39 56
39 57
39 78
39 83
39 85
39 86
39 87
39 95
39 97
39 98
39 99
39 113
40 40
40 41
40 54
40 56
40 62
40 63
40 72
40 73
40 74
40 75
40 78
40 79
40 80
40 81
40 82
40 83
40 84
40 85
40 86
40 87
40 95
41 41
41 50
41 72
41 73
41 74
41 75
41 78
41 83
41 86
41 87
41 95
42 42
42 43
42 44
42 45
42 46
42 47
42 50
42 55
42 88
43 43
43 45
43 46
43 47
43 50
43 51
43 54
43 55
43 78
43 84
43 85
43 86
43 87
43 95
43 96
43 97
43 109
43 113
44 44
44 45
44 46
44 47
44 48
44 49
44 50
44 51
44 52
44 55
44 62
44 63
44 81
45 45
45 46
45 47
45 48
45 49
45 50
45 51
45 52
45 54
45 55
45 62
45 63
45 79
45 80
45 81
45 84
45 85
45 86
45 96
46 46
46 47
46 48
46 49
46 50
46 51
46 52
46 54
46 55
46 56
46 57
46 63
46 72
46 79
46 80
46 81
46 85
46 87
46 96
46 98
47 47
47 48
47 49
47 50
47 51
47 52
47 53
47 55
47 80
47 81
47 85
48 48
48 49
48 50
48 51
48 52
48 54
48 55
48 56
48 57
48 62
48 63
48 79
48 80
48 81
48 98
49 49
49 50
49 51
49 52
49 54
49 55
49 57
49 62
49 63
49 80
49 81
49 84
50 50
50 51
50 52
50 54
50 55
50 56
50 57
50 81
50 84
50 85
50 86
51 51
51 52
51 53
51 54
51 55
51 84
51 85
51 86
51 87
52 52
52 53
52 54
52 55
52 56
52 57
52 58
52 63
52 68
52 69
52 80
52 81
52 82
52 85
53 53
53 55
53 58
53 68
53 69
53 82
53 88
53 89
53 90
53 93
53 106
54 54
54 55
54 56
54 57
54 63
54 81
54 82
54 83
54 84
54 85
54 86
54 87
54 88
54 89
54 94
54 95
54 96
54 97
54 98
54 99
54 113
55 55
55 56
55 57
55 58
55 63
55 68
55 80
55 81
55 84
55 85
55 86
55 87
55 89
55 96
55 97
55 98
55 99
56 56
56 57
56 58
56 62
56 63
56 68
56 78
56 79
56 80
56 81
56 82
56 86
56 96
56 97
56 99
57 57
57 58
57 59
57 62
57 63
57 68
57 69
57 78
57 79
57 80
57 81
57 83
57 84
57 86
57 96
57 98
58 58
58 59
58 60
58 66
58 68
58 69
58 89
58 90
58 93
58 101
58 102
58 103
58 106
59 59
59 60
59 61
59 69
59 88
59 89
59 90
59 100
59 101
59 102
59 103
59 106
59 107
60 60
60 61
60 62
60 64
60 65
60 106
61 61
61 62
61 64
61 65
61 67
61 71
61 77
61 92
61 100
61 105
61 107
62 62
62 63
62 72
62 79
62 80
62 81
62 84
63 63
63 72
63 73
63 78
63 79
63 80
63 81
63 84
63 86
64 64
64 65
64 67
64 71
64 75
64 77
64 88
64 92
65 65
65 67
65 71
65 75
65 77
65 88
65 92
65 100
65 105
65 107
66 66
66 67
66 68
66 69
66 93
66 103
66 110
67 67
67 92
67 93
67 100
67 105
67 107
67 110
68 68
68 69
68 80
68 81
68 93
68 94
68 101
68 103
68 115
69 69
69 93
69 101
69 102
69 103
69 104
69 106
69 110
69 115
70 70
70 71
70 74
70 75
70 76
70 77
70 90
70 91
70 93
70 103
70 110
71 71
71 75
71 76
71 77
71 90
71 91
71 92
71 93
71 110
72 72
72 73
72 74
72 75
72 76
72 77
72 78
72 79
72 80
72 81
72 86
73 73
73 74
73 75
73 76
73 77
73 86
74 74
74 75
74 76
74 77
74 78
74 80
74 81
74 82
74 85
74 86
74 87
75 75
75 76
75 77
75 82
76 76
76 77
76 113
77 77
77 90
77 91
77 92
77 110
77 112
78 78
78 79
78 80
78 81
78 83
78 86
78 87
78 94
78 97
78 113
78 114
78 115
79 79
79 80
79 81
79 83
79 84
79 86
79 87
79 94
79 97
79 113
80 80
80 81
80 82
80 84
80 85
80 87
80 94
81 81
81 82
81 84
81 85
81 87
81 94
82 82
82 83
82 84
82 85
82 88
83 83
83 85
83 86
83 87
83 95
83 98
83 113
84 84
84 85
84 86
84 87
84 88
84 96
85 85
85 86
85 87
85 88
85 96
86 86
86 87
86 95
86 97
86 98
86 113
87 87
87 94
87 95
87 97
88 88
88 89
88 90
88 96
88 106
89 89
89 90
89 91
89 92
89 93
89 96
89 99
89 100
89 101
89 102
89 103
89 106
89 107
89 108
90 90
90 91
90 92
90 93
90 98
90 99
90 100
90 101
90 102
90 103
90 106
90 107
90 111
90 112
91 91
91 92
91 93
91 99
91 100
91 101
91 102
91 103
91 104
91 105
91 106
91 107
91 108
91 110
91 111
91 112
91 114
91 115
92 92
92 93
92 99
92 100
92 101
92 102
92 104
92 105
92 107
92 110
92 111
92 112
93 93
93 99
93 100
93 101
93 102
93 103
93 104
93 105
93 106
93 108
93 110
93 111
93 112
93 114
93 115
94 94
94 97
94 101
94 103
94 104
94 106
94 108
94 113
94 114
94 115
95 95
95 97
95 98
95 99
95 104
95 105
95 107
95 109
95 111
95 113
96 96
96 97
96 98
96 99
96 107
96 109
96 111
97 97
97 98
97 99
97 101
97 102
97 103
97 104
97 106
97 108
97 109
97 111
97 113
97 114
97 115
98 98
98 99
98 107
98 111
98 112
98 113
99 99
99 101
99 102
99 103
99 104
99 105
99 107
99 108
99 109
99 111
99 112
99 113
99 114
100 100
100 101
100 102
100 103
100 104
100 105
100 106
100 107
100 108
100 111
100 112
100 115
101 101
101 102
101 103
101 104
101 105
101 106
101 107
101 108
101 111
101 112
101 114
101 115
102 102
102 103
102 104
102 105
102 106
102 107
102 108
102 114
102 115
103 103
103 104
103 106
103 108
103 110
103 114
103 115
104 104
104 105
104 106
104 107
104 108
104 110
104 113
104 114
104 115
105 105
105 107
105 109
105 110
105 111
106 106
106 108
106 110
106 114
106 115
107 107
107 109
107 111
108 108
108 109
108 113
108 114
108 115
109 109
109 113
110 110
110 111
111 111
111 112
111 113
112 112
112 113
113 113
113 114
114 114
114 115
115 115
