0 0
0 1
0 2
0 6
0 8
0 10
0 11
0 12
0 14
0 16
0 18
0 22
0 23
0 28
0 30
0 56
0 57
0 60
0 62
0 64
0 68
0 82
0 84
0 86
0 88
1 1
1 3
1 5
1 7
1 9
1 11
1 13
1 15
1 19
1 56
1 57
1 59
1 61
1 65
1 68
1 89
1 96
1 106
1 108
2 2
2 3
2 4
2 6
2 8
2 10
2 14
2 18
2 22
2 23
2 24
2 30
2 34
2 48
2 50
2 58
2 64
2 66
2 67
2 69
2 88
2 93
2 94
2 96
2 107
2 109
2 110
3 3
3 5
3 7
3 9
3 18
3 22
3 23
3 24
3 25
3 26
3 27
3 30
3 57
3 64
3 68
3 69
3 84
3 85
3 86
3 88
3 89
3 92
3 110
4 4
4 6
4 8
4 9
4 10
4 12
4 14
4 24
4 26
4 34
4 44
4 45
4 48
4 50
4 67
4 69
4 91
4 93
5 5
5 7
5 9
5 24
5 25
5 26
5 27
5 57
5 95
5 105
5 108
5 114
5 115
6 6
6 8
6 10
6 12
6 14
6 18
6 22
6 23
6 30
6 31
6 60
6 64
6 70
6 82
6 88
6 93
6 101
7 7
7 9
7 13
7 45
7 59
7 61
7 65
7 67
7 89
7 92
7 100
7 102
7 106
7 108
8 8
8 9
8 10
8 11
8 12
8 13
8 14
8 28
8 48
8 60
8 64
8 65
8 69
8 91
8 92
8 93
8 94
8 107
9 9
9 10
9 11
9 13
9 15
9 35
9 45
9 65
9 67
9 91
9 92
9 93
9 106
9 108
10 10
10 11
10 12
10 14
10 15
10 16
10 18
10 22
10 23
10 28
10 30
10 31
10 60
10 62
10 64
10 82
10 84
10 88
10 93
11 11
11 12
11 13
11 14
11 15
11 17
11 29
11 33
11 35
11 65
11 87
11 92
11 94
11 95
11 100
11 108
12 12
12 13
12 14
12 15
12 16
12 17
12 28
12 33
12 44
12 45
12 48
12 58
12 60
12 61
12 62
12 65
12 72
12 76
13 13
13 15
13 17
13 29
13 33
13 35
13 45
13 48
13 60
13 61
13 65
13 92
13 94
13 100
13 106
13 108
13 115
14 14
14 16
14 18
14 22
14 23
14 28
14 30
14 31
14 33
14 36
14 40
14 41
14 56
14 60
14 64
14 74
14 75
14 76
14 80
14 82
14 83
14 84
14 86
14 87
14 88
15 15
15 17
15 19
15 29
15 33
15 36
15 37
15 39
15 40
15 41
15 56
15 60
15 61
15 62
15 63
15 68
15 71
15 74
15 75
15 78
15 80
15 81
15 82
15 83
15 87
15 106
16 16
16 17
16 28
16 36
16 37
16 38
16 40
16 56
16 57
16 60
16 61
16 62
16 63
16 72
16 73
16 74
16 75
16 76
16 78
16 80
16 81
16 82
16 88
17 17
17 19
17 28
17 29
17 33
17 36
17 37
17 38
17 40
17 41
17 52
17 56
17 60
17 61
17 62
17 63
17 65
17 71
17 72
17 75
17 76
17 78
17 80
17 81
17 83
17 87
17 90
17 100
18 18
18 19
18 20
18 21
18 22
18 23
18 24
18 25
18 26
18 27
18 30
18 31
18 57
18 64
18 68
18 69
18 82
18 84
18 85
18 86
18 88
18 89
18 105
19 19
19 28
19 29
19 36
19 37
19 38
19 39
19 40
19 41
19 53
19 56
19 63
19 68
19 71
19 75
19 78
19 80
19 81
19 82
19 83
19 84
19 86
19 87
19 90
19 91
19 92
19 100
19 111
19 112
20 20
20 21
20 25
20 26
20 27
20 28
20 29
20 31
20 33
20 36
20 37
20 38
20 40
20 41
20 46
20 53
20 70
20 71
20 72
20 73
20 74
20 75
20 76
20 77
20 80
20 81
20 82
20 83
21 21
21 25
21 27
21 28
21 29
21 31
21 37
21 39
21 40
21 41
21 46
21 53
21 71
21 72
21 73
21 74
21 75
21 76
21 77
21 80
21 81
21 82
22 22
22 23
22 24
22 25
22 26
22 27
22 30
22 31
22 50
22 57
22 64
22 68
22 82
22 84
22 85
22 86
22 88
22 89
22 109
22 110
23 23
23 24
23 25
23 26
23 27
23 30
23 31
23 64
23 82
23 83
23 84
23 85
23 86
23 87
23 88
23 89
24 24
24 25
24 26
24 27
24 30
24 31
24 34
24 43
24 64
24 85
24 110
25 25
25 26
25 27
25 30
25 31
25 33
25 34
25 57
25 64
25 83
25 84
25 85
25 88
26 26
26 27
26 30
26 31
26 34
26 57
26 64
26 85
26 88
26 95
26 105
26 108
26 110
26 115
27 27
27 30
27 31
27 34
27 39
27 56
27 57
27 64
27 82
27 84
27 85
27 86
27 88
27 89
27 105
27 109
27 110
28 28
28 29
28 31
28 33
28 36
28 37
28 38
28 40
28 41
28 56
28 60
28 61
28 62
28 63
28 71
28 72
28 73
28 74
28 75
28 76
28 77
28 78
28 80
28 81
28 82
28 83
28 84
29 29
29 31
29 33
29 36
29 37
29 38
29 39
29 40
29 41
29 46
29 53
29 56
29 63
29 71
29 72
29 73
29 74
29 75
29 76
29 77
29 79
29 80
29 81
29 83
29 87
29 95
29 100
29 113
30 30
30 31
30 34
30 57
30 64
30 73
30 74
30 79
30 82
30 84
30 85
30 86
30 88
30 110
31 31
31 33
31 36
31 39
31 40
31 41
31 64
31 71
31 72
31 75
31 77
31 82
31 83
31 84
31 85
31 87
32 32
32 33
32 44
32 49
32 52
32 58
32 59
32 62
32 66
32 102
33 33
33 36
33 37
33 40
33 41
33 61
33 63
33 71
33 72
33 74
33 75
33 76
33 77
33 78
33 80
33 81
33 82
33 83
33 87
33 95
34 34
34 35
34 43
34 44
34 45
34 48
34 49
34 50
34 51
34 66
34 67
34 96
34 107
34 110
34 115
35 35
35 43
35 44
35 45
35 48
35 51
35 65
35 67
35 95
35 100
35 110
36 36
36 37
36 38
36 39
36 40
36 41
36 47
36 56
36 57
36 63
36 68
36 71
36 72
36 73
36 74
36 75
36 76
36 78
36 79
36 80
36 81
36 82
36 83
36 84
36 85
36 87
36 111
37 37
37 38
37 39
37 40
37 41
37 46
37 55
37 56
37 71
37 72
37 73
37 74
37 75
37 76
37 77
37 79
37 80
37 81
37 83
37 86
37 87
37 112
37 113
38 38
38 39
38 40
38 41
38 46
38 52
38 53
38 54
38 55
38 56
38 71
38 72
38 73
38 74
38 75
38 76
38 77
38 79
38 80
38 81
38 83
39 39
39 40
39 41
39 55
39 56
39 57
39 72
39 74
39 75
39 79
39 80
39 81
39 87
39 96
39 109
39 111
39 112
40 40
40 41
40 56
40 63
40 71
40 72
40 73
40 74
40 75
40 76
40 78
40 79
40 80
40 81
40 82
40 83
40 84
40 95
41 41
41 56
41 57
41 68
41 71
41 72
41 73
41 74
41 75
41 76
41 77
41 78
41 79
41 80
41 81
41 82
41 83
41 84
41 85
41 86
41 87
41 113
42 42
42 43
42 44
42 45
42 46
42 47
42 49
42 50
42 51
42 53
42 55
42 70
42 71
42 73
42 76
42 98
42 99
42 111
43 43
43 44
43 45
43 46
43 47
43 49
43 50
43 51
43 53
43 55
43 67
43 96
43 98
43 99
43 110
43 111
44 44
44 45
44 46
44 48
44 49
44 50
44 51
44 52
44 55
44 58
44 66
44 67
44 98
44 99
44 102
44 114
45 45
45 48
45 49
45 50
45 51
45 55
45 65
45 66
45 67
45 98
45 99
45 102
46 46
46 47
46 49
46 53
46 55
46 71
46 72
46 73
46 75
46 76
46 77
46 81
46 96
46 97
46 98
46 99
46 110
46 111
46 112
47 47
47 49
47 51
47 53
47 55
47 75
47 90
47 96
47 97
47 98
47 99
47 109
47 110
47 111
47 112
48 48
48 49
48 50
48 51
48 52
48 54
48 58
48 59
48 60
48 65
48 66
48 67
48 91
48 93
48 98
48 99
48 102
48 103
48 104
48 107
48 114
48 115
49 49
49 50
49 51
49 52
49 53
49 55
49 58
49 59
49 66
49 67
49 98
49 99
49 102
49 104
49 114
50 50
50 51
50 54
50 55
50 66
50 67
50 96
50 98
50 103
50 104
50 107
50 110
51 51
51 52
51 53
51 54
51 55
51 58
51 59
51 65
51 66
51 67
51 90
51 91
51 98
51 99
51 102
51 103
51 104
51 114
52 52
52 53
52 54
52 58
52 59
52 60
52 62
52 63
52 66
52 81
52 90
52 91
52 98
52 99
52 102
52 113
53 53
53 55
53 63
53 71
53 72
53 73
53 76
53 77
53 80
53 81
53 90
53 91
53 98
53 99
53 111
53 112
54 54
54 90
54 91
54 98
54 99
54 104
54 113
55 55
55 95
55 96
55 97
55 98
55 99
55 109
55 110
55 111
55 112
56 56
56 57
56 61
56 63
56 68
56 72
56 74
56 75
56 78
56 79
56 80
56 81
56 82
56 83
56 84
56 85
56 86
56 87
56 88
57 57
57 64
57 68
57 78
57 79
57 80
57 81
57 82
57 84
57 85
57 86
57 88
57 89
58 58
58 59
58 60
58 61
58 62
58 66
58 67
58 91
58 98
58 106
59 59
59 60
59 61
59 62
59 63
59 65
59 66
59 67
59 69
59 89
59 91
59 102
59 103
59 106
59 107
60 60
60 61
60 62
60 63
60 64
60 65
60 82
61 61
61 62
61 63
61 65
61 80
61 81
61 87
61 100
61 102
61 106
62 62
62 63
62 66
62 80
62 82
62 89
63 63
63 71
63 72
63 75
63 80
63 81
63 83
63 87
63 90
63 100
63 102
64 64
64 68
64 82
64 84
64 85
64 86
64 88
64 89
64 93
65 65
65 67
65 92
65 94
65 100
65 106
65 108
66 66
66 67
66 69
66 98
66 99
66 103
66 104
66 106
66 107
67 67
67 69
67 92
67 93
67 96
67 98
67 99
67 103
67 104
67 105
67 107
67 109
67 110
68 68
68 69
68 74
68 78
68 80
68 81
68 82
68 84
68 85
68 86
68 88
68 89
68 90
68 91
69 69
69 91
69 93
69 103
69 105
69 107
69 109
69 112
70 70
70 71
70 72
70 73
70 76
70 77
70 97
70 100
70 101
70 105
70 114
71 71
71 72
71 73
71 75
71 76
71 77
71 80
71 81
71 83
71 87
71 100
72 72
72 73
72 74
72 75
72 76
72 77
72 78
72 79
72 80
72 81
72 83
73 73
73 74
73 75
73 76
73 77
73 79
73 80
73 81
73 83
74 74
74 75
74 76
74 77
74 78
74 79
74 80
74 81
74 82
74 83
74 84
74 88
75 75
75 76
75 77
75 80
75 81
75 82
75 83
75 86
75 87
75 113
76 76
76 77
76 79
76 80
76 81
77 77
77 80
77 81
77 97
77 109
77 112
78 78
78 79
78 80
78 81
78 82
78 83
78 84
78 85
78 86
78 88
78 111
79 79
79 80
79 81
79 84
79 85
79 88
79 96
80 80
80 81
80 82
80 83
80 84
80 87
80 88
81 81
81 82
81 83
81 84
81 85
81 87
81 111
81 113
82 82
82 83
82 84
82 85
82 86
82 87
82 88
82 89
83 83
83 84
83 85
83 86
83 87
83 100
84 84
84 85
84 86
84 87
84 88
84 89
85 85
85 86
85 87
85 88
85 89
85 110
86 86
86 87
86 88
86 89
86 112
87 87
87 88
87 89
88 88
88 89
89 89
90 90
90 91
90 92
90 93
90 98
90 99
90 100
90 102
90 111
90 112
91 91
91 92
91 93
91 99
91 101
91 102
91 103
91 111
91 112
91 113
92 92
92 93
92 100
92 101
92 102
92 106
93 93
93 100
93 101
93 103
93 104
93 105
93 113
94 94
94 95
94 96
94 97
94 107
94 108
94 109
94 114
94 115
95 95
95 97
95 108
95 109
95 111
95 114
95 115
96 96
96 97
96 98
96 99
96 109
96 110
96 111
97 97
97 99
97 105
97 108
97 109
97 110
97 114
97 115
98 98
98 99
98 102
98 111
98 112
98 113
99 99
99 102
99 111
99 112
99 113
100 100
100 101
100 102
100 106
101 101
101 102
101 103
101 113
102 102
102 104
102 106
102 114
103 103
103 104
103 105
103 114
104 104
104 105
104 114
105 105
105 109
105 110
105 112
105 114
106 106
107 107
108 108
108 111
108 114
108 115
109 109
109 110
109 111
109 112
110 110
110 111
110 112
111 111
111 112
111 113
112 112
112 113
113 113
113 114
113 115
114 114
114 115
115 115
