0 0
0 2
0 3
0 4
0 5
0 7
0 18
0 19
0 22
0 23
0 26
0 27
0 82
0 83
0 84
0 85
0 86
1 1
1 9
1 10
1 11
1 12
1 13
1 39
1 48
1 49
1 50
1 58
1 59
1 60
1 61
1 62
1 65
1 98
1 107
2 2
2 3
2 6
2 7
2 10
2 11
2 12
2 14
2 18
2 22
2 23
2 30
2 45
2 48
2 50
2 60
2 64
2 67
2 84
2 86
2 88
2 93
3 3
3 5
3 6
3 7
3 9
3 11
3 19
3 22
3 23
3 24
3 25
3 27
3 30
3 31
3 34
3 35
3 42
3 43
3 45
3 47
3 64
3 67
3 69
3 83
3 84
3 85
3 86
3 87
3 88
3 89
3 92
3 110
4 4
4 5
4 8
4 9
4 11
4 13
4 15
4 19
4 20
4 26
4 27
4 64
4 69
4 70
4 82
4 91
4 92
4 93
4 103
4 104
4 105
5 5
5 7
5 9
5 11
5 15
5 19
5 21
5 22
5 23
5 24
5 25
5 26
5 27
5 30
5 31
5 34
5 35
5 43
5 64
5 69
5 75
5 82
5 83
5 84
5 85
5 86
5 87
5 88
6 6
6 7
6 10
6 12
6 18
6 22
6 23
6 30
6 31
6 50
6 60
6 64
6 67
6 84
6 88
6 93
6 101
7 7
7 9
7 11
7 13
7 22
7 23
7 30
7 31
7 34
7 45
7 64
7 65
7 67
7 84
7 85
7 86
7 87
7 88
7 89
7 92
7 100
8 8
8 9
8 10
8 11
8 12
8 13
8 14
8 15
8 26
8 50
8 60
8 62
8 64
8 69
8 75
8 93
8 107
9 9
9 11
9 13
9 15
9 20
9 26
9 45
9 64
9 65
9 69
9 70
9 75
9 92
9 100
10 10
10 12
10 14
10 48
10 49
10 50
10 54
10 58
10 59
10 60
10 61
10 62
10 63
10 64
10 65
10 66
10 93
11 11
11 13
11 14
11 15
11 23
11 45
11 50
11 60
11 64
11 65
11 67
11 75
11 84
11 86
11 88
11 92
11 100
12 12
12 13
12 14
12 16
12 28
12 32
12 33
12 44
12 48
12 49
12 52
12 58
12 60
12 61
12 62
12 65
12 70
12 72
12 74
12 98
12 101
13 13
13 15
13 29
13 33
13 41
13 45
13 61
13 63
13 65
13 72
13 75
13 100
14 14
14 22
14 23
14 27
14 30
14 48
14 50
14 60
14 64
14 82
14 83
14 84
14 86
14 88
14 93
15 15
15 20
15 21
15 26
15 27
15 29
15 33
15 37
15 41
15 56
15 65
15 70
15 71
15 73
15 75
15 83
15 87
15 100
15 102
16 16
16 17
16 28
16 29
16 32
16 33
16 36
16 37
16 40
16 41
16 44
16 49
16 52
16 54
16 56
16 57
16 58
16 59
16 61
16 62
16 63
16 71
16 72
16 73
16 74
16 78
16 79
16 80
16 81
16 91
16 94
16 95
16 97
16 99
16 114
16 115
17 17
17 28
17 29
17 36
17 40
17 41
17 49
17 51
17 52
17 54
17 55
17 56
17 57
17 58
17 59
17 61
17 62
17 63
17 65
17 72
17 73
17 74
17 78
17 79
17 80
17 81
17 94
17 95
17 97
17 108
18 18
18 19
18 22
18 25
18 30
18 31
18 62
18 64
18 84
18 88
18 96
18 108
19 19
19 22
19 23
19 25
19 26
19 27
19 30
19 31
19 68
19 69
19 77
19 82
19 83
19 84
19 90
19 91
19 92
19 93
19 105
19 111
20 20
20 21
20 26
20 27
20 28
20 40
20 41
20 51
20 52
20 70
20 71
20 73
20 74
20 75
20 83
20 90
20 91
20 99
20 113
21 21
21 26
21 27
21 30
21 31
21 37
21 38
21 39
21 40
21 41
21 57
21 71
21 73
21 74
21 75
21 82
21 83
21 109
22 22
22 23
22 24
22 25
22 27
22 30
22 31
22 34
22 35
22 42
22 43
22 47
22 50
22 64
22 82
22 83
22 84
22 85
22 86
22 88
22 93
22 110
23 23
23 24
23 25
23 27
23 30
23 31
23 34
23 35
23 43
23 64
23 67
23 69
23 82
23 83
23 84
23 85
23 86
23 87
23 88
23 90
23 92
23 93
23 110
23 111
24 24
24 25
24 26
24 27
24 30
24 31
24 35
24 38
24 43
24 46
24 47
24 71
24 83
24 84
24 85
24 94
24 110
24 111
24 113
24 114
24 115
25 25
25 27
25 30
25 31
25 34
25 35
25 43
25 47
25 82
25 83
25 84
25 85
25 86
25 87
25 88
25 89
25 110
26 26
26 27
26 30
26 40
26 41
26 68
26 69
26 70
26 71
26 75
26 82
26 83
26 87
26 107
26 113
27 27
27 30
27 31
27 38
27 41
27 68
27 71
27 75
27 82
27 83
27 84
27 85
27 87
27 88
28 28
28 29
28 32
28 36
28 37
28 40
28 41
28 44
28 49
28 52
28 54
28 56
28 57
28 61
28 63
28 71
28 72
28 73
28 74
28 78
28 79
28 80
28 81
28 94
28 95
28 99
28 101
29 29
29 33
29 36
29 37
29 39
29 40
29 41
29 44
29 49
29 51
29 52
29 53
29 55
29 56
29 57
29 61
29 63
29 71
29 72
29 73
29 74
29 76
29 77
29 78
29 79
29 80
29 81
29 95
29 109
30 30
30 31
30 34
30 35
30 43
30 64
30 82
30 83
30 84
30 85
30 86
30 87
30 88
30 89
31 31
31 34
31 35
31 43
31 64
31 82
31 83
31 84
31 85
31 86
31 87
31 88
31 89
31 110
32 32
32 33
32 36
32 40
32 44
32 49
32 51
32 52
32 54
32 62
32 66
32 71
32 72
32 73
32 74
32 76
32 80
32 112
33 33
33 36
33 39
33 40
33 41
33 57
33 62
33 63
33 71
33 74
33 75
33 80
33 106
34 34
34 35
34 42
34 43
34 45
34 64
34 67
34 75
34 83
34 84
34 85
34 86
34 87
34 88
34 89
34 92
34 110
35 35
35 42
35 43
35 45
35 47
35 50
35 67
35 84
35 85
35 86
35 88
35 110
36 36
36 37
36 38
36 39
36 40
36 41
36 46
36 49
36 52
36 53
36 55
36 56
36 57
36 63
36 71
36 72
36 73
36 74
36 75
36 76
36 78
36 80
36 81
36 94
36 102
36 109
36 112
36 114
37 37
37 39
37 40
37 41
37 46
37 52
37 53
37 56
37 57
37 63
37 71
37 72
37 73
37 74
37 75
37 76
37 77
37 78
37 80
37 81
37 98
37 109
37 111
37 112
38 38
38 39
38 40
38 41
38 54
38 55
38 71
38 73
38 74
38 75
38 76
38 82
38 83
38 94
38 96
38 98
38 108
39 39
39 41
39 47
39 55
39 56
39 57
39 61
39 63
39 73
39 74
39 75
39 81
39 89
39 95
39 97
39 106
39 109
40 40
40 41
40 51
40 52
40 56
40 57
40 61
40 63
40 71
40 72
40 73
40 74
40 78
40 79
40 80
40 81
40 82
40 94
40 95
40 97
40 99
40 113
40 114
41 41
41 46
41 52
41 53
41 55
41 56
41 57
41 63
41 71
41 72
41 73
41 74
41 75
41 76
41 78
41 80
41 81
41 82
41 83
41 109
42 42
42 43
42 44
42 45
42 46
42 47
42 53
42 84
42 85
42 98
42 110
42 111
43 43
43 45
43 46
43 47
43 50
43 83
43 84
43 85
43 86
43 88
43 110
43 111
44 44
44 45
44 46
44 48
44 49
44 51
44 52
44 53
44 54
44 56
44 72
44 78
44 80
44 98
44 99
44 102
45 45
45 65
45 67
45 111
46 46
46 47
46 52
46 53
46 54
46 55
46 70
46 76
46 85
46 90
46 97
46 98
46 99
46 114
46 115
47 47
47 55
47 84
47 85
47 86
47 88
47 96
47 97
47 98
47 109
47 110
47 111
48 48
48 49
48 50
48 51
48 52
48 54
48 58
48 59
48 60
48 61
48 65
48 66
48 98
48 99
48 101
48 103
48 115
49 49
49 51
49 52
49 53
49 54
49 56
49 57
49 58
49 59
49 61
49 62
49 63
49 65
49 66
49 72
49 73
49 74
49 78
49 79
49 80
49 81
49 98
49 99
49 101
49 102
49 113
50 50
50 60
50 64
50 65
50 66
50 67
50 86
50 88
50 96
50 98
50 110
51 51
51 52
51 53
51 54
51 58
51 59
51 61
51 63
51 65
51 66
51 72
51 73
51 80
51 81
51 91
51 98
51 99
51 101
51 102
51 112
51 113
51 114
52 52
52 53
52 54
52 55
52 56
52 57
52 58
52 59
52 61
52 62
52 63
52 66
52 72
52 73
52 74
52 76
52 78
52 79
52 80
52 81
52 98
52 99
52 102
53 53
53 56
53 57
53 72
53 73
53 77
53 78
53 79
53 80
53 81
53 90
53 91
53 92
53 99
53 100
53 101
53 102
54 54
54 55
54 58
54 59
54 61
54 62
54 66
54 72
54 77
54 79
54 80
54 90
54 91
54 94
54 95
54 96
54 97
54 98
54 99
54 108
54 114
54 115
55 55
55 56
55 61
55 72
55 73
55 80
55 94
55 95
55 96
55 97
55 98
55 102
55 108
55 109
56 56
56 57
56 61
56 63
56 68
56 71
56 72
56 73
56 74
56 76
56 77
56 78
56 79
56 80
56 81
56 99
57 57
57 61
57 63
57 68
57 72
57 73
57 74
57 78
57 79
57 80
57 81
57 95
57 99
57 107
57 109
58 58
58 59
58 60
58 61
58 62
58 63
58 65
58 66
58 102
58 107
58 108
58 115
59 59
59 60
59 61
59 62
59 63
59 65
59 66
59 67
59 102
59 107
59 115
60 60
60 61
60 62
60 63
60 64
60 65
60 66
60 88
60 101
60 107
60 115
61 61
61 62
61 63
61 65
61 66
61 72
61 79
61 80
61 81
61 95
61 102
61 107
62 62
62 63
62 66
62 101
62 102
62 107
63 63
63 66
63 71
63 72
63 73
63 74
63 80
63 81
63 95
63 102
63 107
64 64
64 65
64 67
64 84
64 86
64 87
64 88
64 93
65 65
65 67
65 100
66 66
66 67
66 102
66 113
66 114
66 115
67 67
67 69
67 88
67 92
67 110
68 68
68 69
68 90
68 91
68 99
68 107
68 112
69 69
69 70
69 84
69 88
69 90
69 91
69 92
69 93
69 99
69 111
69 112
70 70
70 71
70 73
70 76
70 90
70 91
70 103
70 112
70 113
71 71
71 72
71 73
71 74
71 80
71 81
71 82
71 83
71 112
71 113
72 72
72 73
72 74
72 76
72 78
72 79
72 80
72 81
72 94
72 95
72 98
72 99
72 101
72 102
73 73
73 74
73 75
73 76
73 78
73 80
73 81
73 101
73 102
74 74
74 75
74 76
74 78
74 79
74 80
74 81
75 75
75 76
75 83
75 87
75 89
76 76
76 77
76 80
76 81
76 98
76 111
77 77
77 90
77 92
77 104
77 111
78 78
78 79
78 80
78 81
78 94
78 95
78 114
78 115
79 79
79 80
79 81
79 94
79 95
79 97
79 99
79 101
79 105
79 108
79 114
80 80
80 81
80 95
80 102
81 81
81 95
81 97
81 109
82 82
82 83
82 84
82 85
82 86
82 87
82 113
83 83
83 84
83 85
83 86
83 87
83 88
83 89
84 84
84 85
84 86
84 87
84 88
84 89
85 85
85 86
85 87
85 88
85 89
86 86
86 87
86 88
86 89
86 109
86 110
87 87
87 88
87 89
88 88
88 89
88 110
89 89
89 109
90 90
90 91
90 92
90 93
90 97
90 99
90 103
90 104
90 105
90 111
90 112
90 114
91 91
91 92
91 93
91 99
91 103
91 104
91 105
91 111
91 112
91 114
92 92
92 93
92 100
92 101
92 102
92 103
92 104
92 105
92 111
92 112
93 93
93 100
93 101
93 103
93 105
93 111
93 112
94 94
94 95
94 96
94 97
94 108
94 109
94 110
94 114
94 115
95 95
95 97
95 102
95 106
95 108
95 109
96 96
96 97
96 98
96 108
96 109
96 110
97 97
97 98
97 99
97 108
97 109
97 110
97 114
98 98
98 99
98 110
98 111
98 112
99 99
99 103
99 104
99 105
99 111
99 112
99 113
99 114
99 115
100 100
100 101
100 102
101 101
101 102
101 103
102 102
102 103
102 113
103 103
103 104
103 105
103 112
103 113
103 114
103 115
104 104
104 105
104 106
104 107
104 113
104 114
105 105
105 106
105 107
105 111
105 112
105 113
105 114
105 115
106 106
106 107
107 107
107 113
108 108
108 109
108 115
109 109
109 110
110 110
110 111
111 111
111 112
112 112
112 113
112 114
113 113
113 114
113 115
114 114
114 115
115 115
