0 0
0 1
0 18
0 19
0 32
0 33
0 56
0 57
0 60
0 61
0 63
0 99
0 106
1 1
1 18
1 19
1 32
1 33
1 56
1 57
1 60
1 61
1 63
1 68
1 69
1 81
1 86
2 2
2 3
2 6
2 7
2 12
2 18
2 22
2 23
2 25
2 30
2 31
2 60
2 64
2 70
2 91
2 92
2 93
2 101
2 107
3 3
3 6
3 7
3 18
3 19
3 23
3 25
3 65
3 71
3 89
3 90
3 92
3 93
3 97
3 100
3 101
3 102
3 103
3 106
3 107
3 110
3 113
4 4
4 5
4 8
4 9
4 12
4 14
4 15
4 22
4 24
4 26
4 30
4 35
4 51
4 52
4 53
4 99
4 111
5 5
5 8
5 9
5 12
5 14
5 15
5 20
5 22
5 24
5 26
5 27
5 30
5 46
5 52
5 96
5 99
5 106
5 107
5 108
5 111
6 6
6 7
6 11
6 12
6 13
6 22
6 23
6 30
6 31
6 60
6 64
6 65
6 70
6 71
6 76
6 77
6 91
6 107
7 7
7 9
7 11
7 13
7 23
7 60
7 61
7 65
7 67
7 71
7 77
7 90
7 92
7 102
7 106
7 107
8 8
8 9
8 12
8 13
8 14
8 15
8 21
8 22
8 24
8 26
8 27
8 30
8 35
8 41
8 52
8 96
8 99
8 106
8 111
9 9
9 12
9 13
9 14
9 15
9 21
9 22
9 24
9 26
9 27
9 30
9 35
9 41
9 52
9 96
9 98
9 99
9 106
9 111
10 10
10 11
10 12
10 16
10 20
10 21
10 28
10 29
10 31
10 33
10 34
10 36
10 38
10 40
10 54
10 66
10 72
10 73
10 74
10 75
10 76
10 80
10 82
10 83
10 86
10 87
10 114
11 11
11 13
11 16
11 17
11 28
11 29
11 31
11 32
11 33
11 34
11 44
11 50
11 60
11 62
11 64
11 65
11 71
11 72
11 73
11 75
11 76
11 77
11 79
11 85
12 12
12 13
12 14
12 15
12 20
12 22
12 26
12 27
12 30
12 31
12 58
12 60
12 91
13 13
13 14
13 15
13 21
13 26
13 27
13 35
13 58
13 59
13 60
13 61
13 65
13 67
13 71
13 77
14 14
14 15
14 20
14 21
14 22
14 24
14 26
14 27
14 30
14 35
14 41
14 52
14 58
14 59
14 74
15 15
15 21
15 24
15 26
15 27
15 35
15 36
15 41
15 58
15 59
15 61
15 83
15 98
16 16
16 17
16 28
16 29
16 32
16 33
16 36
16 40
16 41
16 56
16 57
16 62
16 63
16 70
16 72
16 73
16 74
16 75
16 76
16 77
16 78
16 79
16 80
16 81
16 83
17 17
17 28
17 29
17 32
17 33
17 40
17 43
17 56
17 62
17 63
17 72
17 73
17 76
17 77
17 78
17 79
17 80
17 81
17 98
17 110
18 18
18 19
18 31
18 32
18 46
18 53
18 55
18 56
18 57
18 60
18 68
18 69
18 86
18 88
18 89
18 112
19 19
19 32
19 46
19 53
19 56
19 57
19 60
19 63
19 68
19 69
19 86
19 88
19 89
19 100
19 112
20 20
20 21
20 25
20 26
20 27
20 34
20 36
20 37
20 38
20 39
20 40
20 41
20 54
20 55
20 72
20 73
20 74
20 82
20 83
20 86
20 87
20 95
20 96
20 97
20 108
20 109
20 112
21 21
21 22
21 24
21 27
21 30
21 34
21 35
21 36
21 40
21 41
21 66
21 74
21 84
21 85
21 114
22 22
22 23
22 24
22 27
22 30
22 31
22 42
22 43
22 47
22 64
22 84
22 85
22 91
22 99
22 106
22 114
23 23
23 25
23 30
23 31
23 53
23 64
23 71
23 84
23 85
23 89
23 91
23 92
23 93
23 110
24 24
24 26
24 27
24 30
24 52
24 84
24 85
24 94
24 96
24 99
24 106
24 111
24 114
25 25
25 28
25 30
25 31
25 34
25 38
25 39
25 70
25 82
25 84
25 85
25 86
25 89
25 105
26 26
26 27
26 35
26 36
26 37
26 38
26 40
26 41
26 54
26 58
26 59
26 82
26 83
26 88
26 95
26 96
26 107
26 108
26 109
27 27
27 42
27 54
27 55
27 87
27 93
27 96
27 97
27 106
27 107
27 113
28 28
28 29
28 32
28 33
28 36
28 38
28 39
28 40
28 41
28 56
28 62
28 63
28 70
28 72
28 73
28 74
28 75
28 76
28 78
28 79
28 80
28 81
28 82
28 83
29 29
29 32
29 33
29 36
29 37
29 39
29 40
29 41
29 56
29 62
29 63
29 72
29 73
29 74
29 75
29 76
29 77
29 78
29 79
29 80
29 81
29 83
29 95
29 109
30 30
30 31
30 53
30 64
30 70
30 81
30 84
30 85
30 96
31 31
31 46
31 53
31 64
31 75
31 76
31 84
31 85
31 89
32 32
32 33
32 34
32 44
32 49
32 56
32 57
32 60
32 61
32 63
32 64
32 66
32 68
32 72
32 73
32 74
32 75
32 78
32 79
32 81
32 86
33 33
33 34
33 35
33 44
33 45
33 48
33 49
33 60
33 61
33 62
33 63
33 64
33 65
33 66
33 67
33 72
33 73
33 74
33 75
33 76
33 79
33 81
34 34
34 35
34 36
34 38
34 40
34 44
34 50
34 54
34 64
34 65
34 66
34 67
34 79
34 82
34 83
34 84
34 85
34 114
34 115
35 35
35 36
35 41
35 45
35 48
35 58
35 59
35 61
35 65
35 66
35 67
35 74
36 36
36 37
36 38
36 39
36 40
36 41
36 50
36 54
36 59
36 62
36 66
36 72
36 73
36 74
36 75
36 76
36 80
36 82
36 83
36 86
36 88
36 95
36 115
37 37
37 38
37 39
37 40
37 41
37 46
37 54
37 55
37 72
37 73
37 74
37 75
37 76
37 77
37 79
37 80
37 81
37 82
37 83
37 85
37 86
37 87
37 89
37 95
37 96
37 97
37 108
37 109
37 112
38 38
38 39
38 40
38 41
38 54
38 55
38 66
38 68
38 72
38 74
38 75
38 80
38 82
38 83
38 85
38 86
38 87
38 88
38 94
38 95
38 97
38 108
38 112
38 115
39 39
39 40
39 41
39 42
39 43
39 53
39 54
39 55
39 72
39 79
39 82
39 83
39 85
39 86
39 87
39 89
39 94
39 95
39 96
39 97
39 107
39 108
39 109
39 112
39 115
40 40
40 41
40 54
40 59
40 62
40 66
40 72
40 73
40 74
40 75
40 79
40 80
40 82
40 83
40 86
40 87
40 88
40 95
40 115
41 41
41 54
41 56
41 62
41 63
41 70
41 72
41 73
41 74
41 75
41 81
41 83
41 95
41 96
41 98
41 108
41 109
41 115
42 42
42 43
42 45
42 46
42 47
42 53
42 55
42 85
42 89
42 110
43 43
43 45
43 47
43 51
43 53
43 79
43 85
43 115
44 44
44 45
44 48
44 49
44 50
44 51
44 61
44 63
44 65
44 66
44 67
45 45
45 48
45 49
45 51
45 61
45 65
45 66
45 67
45 115
46 46
46 47
46 52
46 53
46 54
46 55
46 84
46 87
46 89
46 90
46 93
46 96
46 97
46 99
46 109
46 110
46 111
46 112
46 113
47 47
47 52
47 53
47 55
47 87
47 89
47 90
47 91
47 92
47 93
47 97
47 99
47 110
47 111
47 112
47 113
48 48
48 49
48 50
48 51
48 57
48 58
48 59
48 61
48 63
48 65
48 66
49 49
49 50
49 51
49 59
49 61
49 66
49 67
50 50
50 51
50 67
50 85
51 51
51 59
51 62
51 63
52 52
52 53
52 55
52 84
52 90
52 91
52 98
52 99
52 104
52 105
52 106
52 110
52 111
53 53
53 55
53 57
53 68
53 75
53 81
53 82
53 86
53 88
53 89
53 93
53 110
53 112
54 54
54 55
54 66
54 68
54 69
54 82
54 83
54 86
54 87
54 88
54 89
54 95
54 96
54 97
54 112
55 55
55 82
55 84
55 85
55 87
55 88
55 89
55 93
55 95
55 96
55 97
55 99
55 107
55 108
55 109
55 110
55 111
55 112
55 113
56 56
56 57
56 58
56 60
56 62
56 63
56 68
56 72
56 73
56 74
56 76
56 78
56 79
56 80
56 81
56 97
56 99
56 100
56 109
57 57
57 58
57 59
57 61
57 63
57 66
57 68
57 69
57 72
57 73
57 74
57 75
57 79
57 80
57 81
57 86
57 88
58 58
58 59
58 60
58 61
58 66
58 68
58 69
58 86
58 88
58 100
58 101
59 59
59 61
59 65
59 66
59 67
59 69
59 83
59 86
59 88
59 90
59 100
59 103
59 104
60 60
60 61
60 62
60 63
60 64
60 76
60 100
60 101
61 61
61 63
61 65
61 66
61 67
62 62
62 63
62 72
62 73
62 74
62 76
62 77
62 78
62 79
62 80
62 81
62 98
62 109
63 63
63 72
63 73
63 74
63 79
63 81
63 98
64 64
64 65
64 67
64 84
64 85
64 93
64 110
65 65
65 66
65 67
65 92
66 66
66 67
66 68
66 69
66 72
66 82
66 83
66 86
67 67
67 92
67 103
67 104
67 105
67 115
68 68
68 69
68 79
68 81
68 82
68 86
68 88
69 69
69 82
69 86
69 87
69 88
69 90
69 100
69 101
69 102
69 103
69 104
69 105
69 107
70 70
70 71
70 72
70 73
70 74
70 75
70 76
70 77
70 78
70 80
70 108
71 71
71 75
71 76
71 77
71 78
71 90
71 92
71 101
71 102
71 103
71 107
71 114
71 115
72 72
72 73
72 74
72 75
72 76
72 77
72 78
72 79
72 80
72 81
72 82
72 83
73 73
73 74
73 75
73 76
73 77
73 78
73 79
73 80
73 81
73 82
73 83
73 95
73 109
74 74
74 75
74 76
74 79
74 80
74 81
74 82
74 83
74 95
74 109
75 75
75 76
75 77
75 80
75 81
75 82
75 83
75 86
76 76
76 77
76 78
76 79
76 80
76 81
76 95
76 109
77 77
77 78
77 79
77 80
77 95
77 101
77 109
77 110
78 78
78 79
78 80
78 81
78 85
78 109
79 79
79 80
79 81
79 85
79 95
79 97
79 109
79 110
80 80
80 81
80 84
80 96
80 97
80 110
80 113
81 81
81 85
81 96
81 109
82 82
82 83
82 86
82 87
82 88
82 93
82 95
82 101
82 112
83 83
83 86
83 87
83 88
83 95
83 101
84 84
84 85
84 89
84 96
84 113
84 114
85 85
85 89
85 95
85 96
85 97
85 109
85 114
86 86
86 87
86 88
86 89
86 92
86 93
86 101
86 112
87 87
87 88
87 89
87 90
87 91
87 92
87 93
87 101
87 102
87 103
87 105
87 110
87 112
87 113
87 115
88 88
88 89
88 90
88 92
88 93
88 97
88 100
88 101
88 102
88 103
88 107
88 112
89 89
89 92
89 93
89 96
89 97
89 99
89 107
89 110
89 111
89 112
89 113
90 90
90 91
90 92
90 93
90 98
90 100
90 101
90 102
90 103
90 104
90 105
90 106
90 107
90 110
90 111
90 112
90 113
90 115
91 91
91 92
91 93
91 98
91 99
91 100
91 101
91 102
91 103
91 104
91 105
91 106
91 107
91 110
91 113
91 114
91 115
92 92
92 93
92 100
92 101
92 102
92 103
92 104
92 105
92 107
92 110
92 112
92 113
92 115
93 93
93 95
93 97
93 100
93 101
93 102
93 103
93 105
93 107
93 110
93 111
93 112
93 113
94 94
94 96
94 97
94 99
94 104
94 108
94 114
94 115
95 95
95 96
95 97
95 101
95 108
95 109
95 112
96 96
96 97
96 99
96 106
96 107
96 108
96 109
96 110
96 111
96 112
96 113
97 97
97 99
97 100
97 102
97 106
97 107
97 108
97 109
97 110
97 111
97 112
97 113
98 98
98 99
98 100
98 102
98 106
98 111
98 114
98 115
99 99
99 100
99 102
99 104
99 106
99 107
99 108
99 109
99 110
99 111
99 112
99 113
99 114
100 100
100 101
100 102
100 103
100 104
100 105
100 106
100 107
100 110
100 111
100 112
100 113
101 101
101 102
101 103
101 104
101 105
101 107
101 110
102 102
102 103
102 104
102 105
102 106
102 107
102 110
102 111
102 113
102 115
103 103
103 104
103 105
103 106
103 107
103 110
103 113
103 114
103 115
104 104
104 105
104 106
104 107
104 110
104 111
104 113
105 105
105 106
105 107
105 110
105 113
105 114
105 115
106 106
106 107
106 108
106 110
106 111
106 113
106 114
107 107
107 108
107 110
107 111
107 112
107 113
108 108
108 109
108 111
108 112
109 109
109 111
109 112
110 110
110 111
110 112
110 113
111 111
111 112
111 113
112 112
112 113
113 113
113 114
114 114
114 115
115 115
