0 0
0 10
0 11
0 16
0 18
0 54
0 56
0 58
0 62
0 66
0 68
0 80
0 87
0 96
0 99
1 1
1 11
1 19
1 57
1 59
1 61
1 63
1 69
1 75
1 97
1 98
1 104
1 105
1 106
1 115
2 2
2 3
2 6
2 7
2 18
2 22
2 23
2 58
2 60
2 64
2 65
2 88
2 91
2 93
2 99
2 108
2 109
2 114
3 3
3 6
3 7
3 9
3 23
3 77
3 85
3 88
3 89
3 92
3 100
3 101
3 102
3 109
3 112
4 4
4 6
4 7
4 8
4 9
4 14
4 15
4 24
4 26
4 31
4 34
4 35
4 44
4 45
4 67
4 83
4 101
5 5
5 9
5 18
5 19
5 20
5 21
5 22
5 23
5 24
5 25
5 26
5 27
5 30
5 31
5 32
5 33
5 34
5 35
5 38
5 41
5 53
5 57
5 68
5 69
5 78
5 82
5 84
5 86
5 93
5 101
6 6
6 7
6 8
6 9
6 10
6 12
6 13
6 15
6 29
6 58
6 60
6 61
6 64
6 65
6 83
6 88
6 91
6 92
6 93
6 101
6 112
6 114
7 7
7 9
7 11
7 13
7 15
7 58
7 59
7 60
7 61
7 65
7 88
7 89
7 90
7 92
7 100
7 101
7 102
7 107
7 112
7 114
8 8
8 9
8 12
8 13
8 14
8 15
8 24
8 29
8 44
8 45
8 48
8 49
8 60
8 72
8 83
9 9
9 13
9 15
9 24
9 29
9 34
9 45
9 53
9 73
9 83
9 90
9 92
9 93
9 100
9 101
10 10
10 11
10 12
10 14
10 18
10 28
10 64
10 75
10 76
10 77
10 83
10 84
10 91
10 93
11 11
11 13
11 17
11 32
11 61
11 63
11 65
11 75
11 85
11 94
11 109
11 114
11 115
12 12
12 13
12 14
12 15
12 29
12 60
12 61
12 70
12 72
12 76
12 91
12 93
12 112
13 13
13 15
13 17
13 29
13 58
13 60
13 61
13 63
13 65
13 112
13 114
13 115
14 14
14 15
14 18
14 21
14 22
14 24
14 26
14 27
14 31
14 35
14 82
14 83
14 84
14 86
14 88
14 93
14 101
15 15
15 29
15 44
15 45
15 58
15 60
15 61
15 65
15 72
15 73
15 83
15 89
15 101
15 114
16 16
16 17
16 28
16 29
16 32
16 37
16 38
16 39
16 41
16 42
16 43
16 44
16 46
16 49
16 53
16 56
16 57
16 62
16 68
16 69
16 72
16 74
16 78
16 79
16 80
16 81
16 103
16 105
17 17
17 28
17 29
17 37
17 39
17 41
17 43
17 56
17 62
17 63
17 73
17 74
17 75
17 78
17 79
17 80
17 81
17 99
18 18
18 19
18 20
18 24
18 25
18 26
18 27
18 32
18 33
18 38
18 57
18 59
18 66
18 68
18 69
18 75
18 84
18 87
18 88
18 91
18 93
18 101
18 108
19 19
19 21
19 24
19 25
19 26
19 27
19 36
19 52
19 53
19 54
19 57
19 68
19 69
19 82
19 84
19 87
19 90
19 92
19 101
20 20
20 21
20 22
20 23
20 24
20 25
20 26
20 27
20 28
20 30
20 31
20 32
20 33
20 34
20 35
20 36
20 38
20 41
20 42
20 68
20 71
20 75
20 77
20 78
20 82
20 84
21 21
21 22
21 23
21 24
21 25
21 26
21 27
21 28
21 30
21 31
21 33
21 34
21 35
21 36
21 37
21 38
21 39
21 41
21 47
21 57
21 68
21 69
21 70
21 71
21 78
21 80
21 82
21 83
21 84
21 87
21 93
22 22
22 23
22 24
22 25
22 26
22 27
22 30
22 31
22 33
22 34
22 35
22 37
22 38
22 41
22 42
22 43
22 64
22 71
22 77
22 83
22 84
22 93
22 110
23 23
23 25
23 27
23 30
23 31
23 36
23 37
23 38
23 39
23 41
23 42
23 47
23 55
23 71
23 82
23 86
23 87
23 88
23 91
23 92
23 93
23 99
23 102
23 110
23 111
23 113
24 24
24 25
24 26
24 27
24 28
24 30
24 31
24 32
24 33
24 34
24 35
24 36
24 38
24 41
24 42
24 53
24 57
24 68
24 69
24 78
24 80
24 82
24 83
24 84
24 93
25 25
25 26
25 27
25 30
25 31
25 32
25 33
25 34
25 35
25 36
25 37
25 38
25 39
25 41
25 57
25 68
25 69
25 70
25 71
25 75
25 77
25 78
25 80
25 82
25 84
25 87
25 93
25 108
25 110
26 26
26 27
26 32
26 33
26 34
26 35
26 36
26 41
26 42
26 57
26 62
26 68
26 69
26 78
26 82
26 84
26 88
26 93
26 101
27 27
27 30
27 31
27 32
27 33
27 34
27 35
27 36
27 38
27 41
27 47
27 54
27 57
27 68
27 69
27 70
27 71
27 75
27 78
27 80
27 82
27 84
27 86
27 87
27 88
27 91
27 93
27 110
28 28
28 29
28 30
28 31
28 33
28 34
28 36
28 38
28 42
28 43
28 44
28 45
28 46
28 49
28 53
28 56
28 62
28 72
28 74
28 76
28 78
28 79
28 80
28 81
28 82
28 83
29 29
29 30
29 31
29 43
29 44
29 45
29 49
29 61
29 62
29 63
29 65
29 72
29 73
29 75
29 76
29 79
29 81
29 83
29 102
29 103
29 104
29 114
29 115
30 30
30 31
30 33
30 34
30 35
30 41
30 42
30 70
30 71
30 78
30 82
30 83
30 84
30 93
30 103
31 31
31 32
31 33
31 34
31 35
31 36
31 41
31 42
31 43
31 71
31 75
31 77
31 82
31 83
31 84
32 32
32 33
32 43
32 56
32 57
32 62
32 63
32 68
32 69
32 78
32 80
32 109
33 33
33 34
33 35
33 41
33 42
33 57
33 68
33 69
33 71
33 75
33 78
33 82
33 84
34 34
34 35
34 43
34 45
34 64
34 67
34 70
34 71
34 83
34 84
35 35
35 67
35 70
35 71
35 83
35 84
35 91
35 92
35 93
35 110
36 36
36 37
36 38
36 39
36 40
36 41
36 42
36 43
36 46
36 47
36 53
36 54
36 62
36 70
36 71
36 75
36 76
36 77
36 78
36 80
36 82
36 83
36 84
36 87
36 92
36 96
36 98
36 110
36 111
37 37
37 39
37 41
37 42
37 43
37 47
37 55
37 70
37 71
37 73
37 74
37 75
37 76
37 77
37 79
37 80
37 84
37 85
37 86
37 87
37 99
37 103
37 104
38 38
38 39
38 40
38 41
38 42
38 46
38 47
38 52
38 53
38 54
38 55
38 56
38 57
38 68
38 69
38 78
38 79
38 82
38 86
38 87
38 94
38 95
38 96
38 97
38 99
38 109
38 110
38 111
39 39
39 40
39 41
39 46
39 47
39 53
39 55
39 73
39 78
39 79
39 82
39 86
39 87
39 94
39 95
39 96
39 97
39 103
39 104
39 105
39 109
39 110
39 111
39 114
39 115
40 40
40 41
40 42
40 46
40 47
40 52
40 53
40 54
40 55
40 56
40 82
40 86
40 87
40 94
40 96
40 97
40 98
40 110
40 111
41 41
41 42
41 43
41 47
41 68
41 69
41 71
41 73
41 75
41 77
41 78
41 79
41 80
41 81
41 82
41 83
41 84
41 85
41 86
41 87
42 42
42 43
42 46
42 47
42 53
42 56
42 62
42 68
42 72
42 74
42 78
42 80
42 82
42 86
42 110
43 43
43 44
43 45
43 46
43 47
43 49
43 62
43 74
43 75
43 76
43 77
43 78
43 80
43 81
44 44
44 45
44 46
44 47
44 48
44 49
44 50
44 51
44 53
44 62
44 72
44 80
44 81
44 106
45 45
45 46
45 47
45 48
45 49
45 50
45 51
45 62
45 63
45 64
45 65
45 67
45 72
45 81
45 83
46 46
46 47
46 48
46 49
46 50
46 51
46 52
46 53
46 54
46 56
46 62
46 68
46 72
46 78
46 80
46 81
46 82
46 96
46 98
46 110
47 47
47 49
47 51
47 53
47 55
47 82
47 96
47 110
48 48
48 49
48 50
48 51
48 52
48 55
48 63
48 72
48 86
48 100
48 104
48 106
49 49
49 50
49 51
49 53
49 55
49 63
49 72
49 80
49 81
49 106
50 50
50 51
50 52
50 53
50 54
50 55
50 58
50 59
50 63
50 89
50 98
50 106
51 51
51 52
51 55
51 59
51 60
51 67
51 72
51 74
51 76
51 89
51 98
51 99
51 102
51 104
51 105
51 106
51 107
52 52
52 53
52 54
52 57
52 59
52 63
52 69
52 86
52 88
52 89
52 90
52 96
52 98
53 53
53 57
53 62
53 68
53 69
53 70
53 72
53 73
53 78
53 81
53 82
54 54
54 55
54 56
54 69
54 86
54 88
54 94
54 95
54 96
54 97
54 98
54 99
54 109
54 110
55 55
55 73
55 79
55 86
55 89
55 95
55 96
55 97
55 102
55 103
55 104
55 105
55 106
55 107
55 109
55 114
55 115
56 56
56 57
56 62
56 63
56 66
56 68
56 69
56 78
56 80
56 81
56 86
56 96
56 99
56 105
57 57
57 63
57 68
57 69
57 78
57 80
57 82
57 84
57 86
57 106
58 58
58 59
58 60
58 61
58 65
58 66
58 67
58 88
58 89
58 92
58 106
58 108
58 112
58 114
59 59
59 60
59 61
59 66
59 67
59 69
59 90
59 95
59 97
59 98
59 99
59 105
59 106
59 107
60 60
60 61
60 63
60 65
60 67
60 88
60 89
60 90
60 92
60 104
60 106
60 112
60 114
61 61
61 63
61 65
61 89
61 104
61 106
61 114
61 115
62 62
62 63
62 68
62 69
62 72
62 74
62 78
62 79
62 80
62 81
62 96
63 63
63 65
63 105
63 106
63 115
64 64
64 65
64 67
64 83
64 84
64 85
65 65
65 67
65 89
65 104
65 114
65 115
66 66
66 67
66 68
66 69
66 105
66 107
67 67
67 85
67 90
67 92
68 68
68 69
68 78
68 80
68 81
69 69
69 78
69 80
69 82
69 86
70 70
70 71
70 72
70 73
70 74
70 75
70 76
70 77
70 82
70 84
70 88
70 89
70 90
70 91
70 92
70 93
70 99
70 103
70 110
70 111
70 113
71 71
71 73
71 75
71 76
71 77
71 84
71 86
71 91
71 92
71 93
71 100
71 103
71 110
71 111
72 72
72 74
72 76
72 78
72 79
72 80
72 81
73 73
73 74
73 75
73 76
73 77
73 78
73 79
73 81
73 101
73 102
73 103
73 104
73 115
74 74
74 75
74 76
74 78
74 80
74 81
74 86
74 99
74 113
75 75
75 76
75 77
75 78
75 79
75 80
75 83
75 84
75 87
75 97
75 103
75 109
76 76
76 77
76 78
76 79
76 99
76 102
76 103
76 104
76 111
77 77
77 79
77 84
77 85
77 87
77 91
77 93
77 99
77 103
77 109
77 110
77 111
78 78
78 79
78 80
78 81
78 82
79 79
79 80
79 81
79 96
79 101
79 103
79 105
79 106
79 113
79 115
80 80
80 81
81 81
82 82
82 83
82 84
82 86
82 87
82 94
82 95
82 110
83 83
83 84
83 85
83 87
84 84
84 85
84 87
84 88
84 91
84 93
84 101
85 85
85 87
85 92
86 86
86 88
86 99
87 87
87 97
87 110
87 111
88 88
88 89
88 90
88 91
88 92
88 93
88 99
88 112
89 89
89 90
89 91
89 92
89 94
89 95
89 98
89 102
89 104
89 106
89 114
89 115
90 90
90 91
90 92
90 98
90 111
90 112
91 91
91 92
91 93
91 98
91 99
91 101
91 110
91 111
91 112
91 113
92 92
92 93
92 98
92 100
92 110
92 111
92 112
92 113
93 93
93 100
93 101
93 103
93 108
93 111
93 112
93 113
94 94
94 95
94 96
94 97
94 98
94 99
94 109
94 110
94 111
94 114
95 95
95 96
95 97
95 99
95 101
95 102
95 103
95 108
95 109
95 110
95 111
95 113
96 96
96 97
96 98
96 99
96 109
96 110
96 111
97 97
97 99
97 103
97 104
97 105
97 107
97 108
97 109
97 110
97 111
97 114
97 115
98 98
98 99
98 102
98 110
98 111
98 112
98 113
99 99
99 105
99 108
99 109
99 110
99 111
99 112
99 113
100 100
100 101
100 102
100 103
100 112
100 113
101 101
101 102
101 103
101 112
101 113
102 102
102 103
102 104
102 109
102 111
102 113
102 114
103 103
103 104
103 105
103 109
103 111
103 113
103 114
103 115
104 104
104 105
104 106
104 107
104 114
104 115
105 105
105 106
105 107
105 108
105 114
105 115
106 106
106 107
106 108
106 115
107 107
107 115
108 108
108 109
109 109
109 110
109 111
109 113
109 114
110 110
110 111
111 111
111 112
111 113
112 112
112 113
113 113
113 114
114 114
114 115
115 115
