0 0
0 1
0 8
0 9
0 10
0 12
0 16
0 21
0 33
0 48
0 51
0 56
0 57
0 58
0 59
0 60
0 61
0 66
0 68
0 69
1 1
1 9
1 16
1 17
1 18
1 19
1 28
1 29
1 32
1 33
1 56
1 57
1 58
1 59
1 61
1 63
1 68
1 69
1 78
1 79
1 80
1 81
1 83
2 2
2 3
2 6
2 7
2 22
2 23
2 24
2 25
2 30
2 31
2 34
2 64
2 65
2 67
2 70
2 73
2 88
2 94
2 96
2 97
2 108
3 3
3 7
3 14
3 15
3 18
3 19
3 22
3 23
3 24
3 25
3 30
3 31
3 34
3 64
3 65
3 86
3 88
3 89
3 92
3 94
3 97
3 108
4 4
4 5
4 7
4 8
4 9
4 20
4 21
4 24
4 26
4 33
4 38
4 54
4 55
4 60
4 61
4 75
4 82
4 83
5 5
5 8
5 9
5 14
5 15
5 21
5 24
5 26
5 27
5 34
5 54
5 56
5 58
5 60
5 75
5 82
5 83
5 84
5 85
5 88
5 89
6 6
6 7
6 11
6 12
6 13
6 30
6 31
6 62
6 72
6 73
6 88
6 91
6 92
6 99
6 112
6 114
6 115
7 7
7 9
7 11
7 13
7 23
7 30
7 31
7 41
7 64
7 65
7 67
7 88
7 92
7 94
7 95
7 97
7 108
8 8
8 9
8 14
8 15
8 21
8 24
8 26
8 27
8 35
8 38
8 46
8 51
8 54
8 56
8 57
8 58
8 60
8 61
8 64
8 65
8 75
8 84
8 85
9 9
9 14
9 15
9 21
9 24
9 26
9 27
9 38
9 39
9 54
9 55
9 56
9 58
9 60
9 61
9 65
9 75
9 82
9 83
9 85
9 88
9 89
10 10
10 11
10 12
10 13
10 14
10 16
10 70
10 75
10 76
10 84
10 88
10 91
10 93
10 107
10 112
10 113
10 114
10 115
11 11
11 12
11 13
11 16
11 17
11 62
11 65
11 70
11 72
11 73
11 75
11 76
11 84
11 107
12 12
12 13
12 16
12 17
12 28
12 62
12 70
12 71
12 72
12 75
12 76
12 78
12 84
12 91
12 93
12 100
12 102
12 103
12 104
12 105
12 106
12 107
12 112
12 113
12 114
13 13
13 20
13 28
13 62
13 67
13 72
13 76
13 80
13 92
13 93
13 100
13 102
13 103
13 104
13 105
13 107
13 112
13 113
13 114
14 14
14 15
14 18
14 19
14 22
14 23
14 24
14 25
14 26
14 27
14 30
14 54
14 64
14 75
14 82
14 83
14 84
14 85
14 86
14 88
14 89
15 15
15 18
15 19
15 23
15 24
15 26
15 27
15 29
15 72
15 74
15 75
15 77
15 82
15 83
15 84
15 85
15 86
15 88
15 89
15 92
16 16
16 17
16 44
16 45
16 48
16 49
16 51
16 56
16 57
16 68
16 69
16 70
16 72
16 78
16 80
16 81
16 101
16 103
16 104
16 106
16 107
17 17
17 28
17 29
17 44
17 45
17 49
17 51
17 56
17 57
17 62
17 63
17 68
17 69
17 71
17 72
17 75
17 78
17 79
17 80
17 81
17 101
17 102
17 106
17 107
18 18
18 19
18 25
18 64
18 65
18 68
18 79
19 19
19 23
19 29
19 41
19 63
19 68
19 69
19 79
19 82
19 83
19 90
20 20
20 21
20 26
20 35
20 42
20 43
20 44
20 50
21 21
21 26
21 27
21 35
21 37
21 38
21 39
21 40
21 47
21 54
21 55
21 56
21 58
21 59
21 60
21 61
21 75
21 82
21 83
21 85
22 22
22 23
22 24
22 25
22 27
22 30
22 31
22 34
22 64
22 65
22 73
22 74
22 76
22 86
22 87
22 88
22 89
22 91
22 92
22 94
22 96
22 97
22 108
22 109
22 110
22 111
22 115
23 23
23 24
23 25
23 30
23 31
23 34
23 64
23 86
23 87
23 88
23 89
23 91
23 92
23 94
23 95
23 96
23 97
23 99
23 108
23 109
23 110
23 111
23 115
24 24
24 25
24 26
24 27
24 30
24 31
24 34
24 38
24 64
24 84
24 85
24 86
24 88
24 89
25 25
25 27
25 30
25 34
25 35
25 42
25 43
25 50
25 64
25 65
25 67
25 84
25 85
25 86
25 87
25 88
25 89
25 96
25 110
26 26
26 27
26 38
26 54
26 58
26 60
26 61
26 66
26 75
26 82
26 83
26 88
27 27
27 34
27 43
27 56
27 64
27 65
27 71
27 75
27 78
27 84
27 85
27 88
27 89
28 28
28 29
28 32
28 36
28 44
28 59
28 62
28 63
28 71
28 72
28 75
28 78
28 79
28 80
28 81
28 83
28 84
28 100
28 101
28 102
29 29
29 32
29 33
29 36
29 40
29 41
29 52
29 62
29 63
29 72
29 73
29 75
29 77
29 79
29 80
29 81
29 82
29 83
30 30
30 31
30 32
30 33
30 64
30 73
30 88
30 97
30 111
30 115
31 31
31 33
31 91
31 92
31 94
31 97
31 99
31 108
31 111
31 112
31 113
31 115
32 32
32 33
32 56
32 57
32 58
32 59
32 60
32 61
32 62
32 63
32 66
32 69
32 72
32 78
32 79
32 80
32 81
32 83
33 33
33 60
33 61
33 62
33 63
33 69
33 80
33 81
33 83
34 34
34 35
34 37
34 38
34 39
34 40
34 43
34 46
34 47
34 55
34 64
34 67
34 77
34 82
34 85
34 86
34 94
34 95
34 96
34 97
34 108
34 109
34 110
35 35
35 37
35 38
35 39
35 64
35 65
35 67
35 77
35 85
35 96
35 110
36 36
36 37
36 38
36 39
36 40
36 41
36 46
36 47
36 54
36 55
36 75
36 76
36 77
36 82
36 84
36 85
36 98
36 109
37 37
37 38
37 39
37 40
37 41
37 46
37 47
37 55
37 77
37 82
37 83
37 85
37 86
37 87
37 94
37 95
37 96
37 97
37 108
37 109
37 110
38 38
38 39
38 40
38 41
38 46
38 47
38 54
38 55
38 77
38 82
38 83
38 85
38 86
38 87
38 94
38 95
38 96
38 97
38 108
38 109
38 110
39 39
39 40
39 41
39 46
39 47
39 55
39 77
39 82
39 83
39 85
39 86
39 87
39 94
39 95
39 96
39 97
39 108
39 109
39 110
39 111
40 40
40 41
40 54
40 55
40 73
40 74
40 77
40 82
40 83
40 85
40 86
40 87
40 94
40 95
40 96
40 97
40 108
40 109
40 110
40 111
41 41
41 47
41 55
41 73
41 74
41 75
41 77
41 79
41 82
41 83
41 85
41 86
41 87
41 94
41 95
41 96
41 97
41 108
41 109
41 110
42 42
42 43
42 44
42 45
42 47
42 48
42 49
42 50
42 51
42 66
42 67
42 68
42 71
42 78
42 84
42 85
43 43
43 44
43 45
43 46
43 47
43 48
43 49
43 50
43 51
43 56
43 57
43 66
43 68
43 71
43 78
43 85
44 44
44 45
44 47
44 48
44 49
44 50
44 51
44 52
44 53
44 56
44 57
44 58
44 59
44 61
44 63
44 66
44 68
44 69
44 71
44 78
44 80
44 81
44 98
44 107
45 45
45 47
45 48
45 49
45 50
45 51
45 52
45 53
45 56
45 57
45 58
45 59
45 66
45 67
45 68
45 71
45 78
45 80
45 81
45 107
46 46
46 47
46 51
46 52
46 53
46 54
46 55
46 56
46 57
46 58
46 66
46 69
46 77
46 79
46 82
46 85
46 94
46 95
46 96
46 97
46 98
46 108
46 109
46 110
47 47
47 49
47 51
47 52
47 53
47 55
47 56
47 57
47 69
47 77
47 82
47 85
47 94
47 95
47 96
47 98
47 109
47 110
48 48
48 49
48 50
48 51
48 52
48 53
48 56
48 57
48 58
48 59
48 66
48 68
48 69
48 71
48 78
48 98
48 107
49 49
49 50
49 51
49 52
49 53
49 56
49 57
49 58
49 59
49 66
49 68
49 69
49 71
49 78
49 80
49 81
49 107
50 50
50 51
50 64
50 65
50 66
50 67
50 70
50 71
50 78
50 84
50 85
51 51
51 52
51 53
51 56
51 57
51 58
51 59
51 61
51 66
51 68
51 69
51 71
51 78
51 80
51 81
51 85
52 52
52 53
52 55
52 56
52 57
52 58
52 59
52 61
52 62
52 63
52 66
52 69
52 79
52 81
52 82
52 83
52 98
53 53
53 55
53 56
53 57
53 59
53 98
54 54
54 55
54 56
54 58
54 60
54 61
54 82
54 83
54 86
54 88
54 89
54 98
54 108
55 55
55 56
55 57
55 69
55 82
55 83
55 86
55 94
55 95
55 96
55 97
55 98
55 108
55 109
55 110
55 111
56 56
56 57
56 58
56 59
56 60
56 61
56 66
56 68
56 69
56 78
56 79
56 80
56 81
56 83
56 85
56 98
57 57
57 58
57 59
57 60
57 61
57 63
57 66
57 68
57 69
57 78
57 79
57 80
57 81
57 98
58 58
58 59
58 60
58 61
58 66
58 68
58 69
58 71
58 81
59 59
59 60
59 61
59 62
59 63
59 66
59 68
59 69
59 78
59 80
59 81
59 90
59 98
59 100
59 101
59 102
60 60
60 61
60 63
60 66
61 61
61 63
61 66
61 69
61 80
61 81
61 83
62 62
62 63
62 72
62 78
62 80
62 100
62 101
62 102
62 107
63 63
63 69
63 72
63 78
63 80
63 81
63 83
63 90
63 98
63 101
64 64
64 65
64 67
64 70
64 73
64 84
64 86
64 88
64 89
64 115
65 65
65 67
65 73
65 74
65 84
65 88
66 66
66 68
66 69
66 78
66 85
67 67
67 84
67 110
68 68
68 69
68 78
68 79
68 80
68 81
69 69
69 78
69 79
69 80
69 81
69 83
70 70
70 71
70 73
70 75
70 76
70 84
70 93
71 71
71 72
71 75
71 78
71 80
71 84
71 100
71 101
71 103
72 72
72 73
72 74
72 75
72 76
72 78
72 79
72 80
72 81
72 84
72 100
73 73
73 74
73 75
73 76
73 77
73 84
73 85
74 74
74 75
74 76
74 77
74 79
74 84
74 85
75 75
75 76
75 77
75 80
75 81
75 83
75 84
75 85
75 88
76 76
76 77
76 84
76 85
77 77
77 79
77 82
77 83
77 85
77 94
77 95
77 96
77 108
77 109
77 110
78 78
78 79
78 80
78 81
78 101
78 103
78 107
79 79
79 81
79 83
80 80
80 81
80 101
80 107
81 81
81 83
81 85
82 82
82 83
82 85
82 86
82 87
82 94
82 95
82 96
82 97
82 108
82 109
82 110
83 83
83 87
83 90
83 94
83 95
83 108
83 109
84 84
84 85
84 88
85 85
85 96
86 86
86 87
86 88
86 89
86 91
86 92
86 93
86 94
86 95
86 96
86 97
86 99
86 108
86 109
86 110
86 111
86 112
86 115
87 87
87 90
87 94
87 95
87 96
87 97
87 108
87 109
87 110
88 88
88 89
88 92
88 112
88 115
89 89
89 91
90 90
90 91
90 92
90 93
90 98
90 101
90 102
90 104
90 105
90 106
90 107
90 112
91 91
91 92
91 93
91 98
91 99
91 100
91 102
91 103
91 104
91 105
91 106
91 107
91 111
91 112
91 113
91 114
91 115
92 92
92 93
92 95
92 99
92 100
92 102
92 103
92 104
92 105
92 106
92 111
92 112
92 113
92 114
92 115
93 93
93 99
93 100
93 101
93 102
93 103
93 104
93 105
93 106
93 107
93 112
93 113
93 114
93 115
94 94
94 95
94 96
94 97
94 108
94 109
94 110
94 111
94 115
95 95
95 96
95 97
95 99
95 108
95 109
95 110
95 111
95 115
96 96
96 97
96 108
96 109
96 110
96 111
97 97
97 99
97 108
97 109
97 110
97 111
97 114
97 115
98 98
98 99
98 100
98 102
98 104
98 105
98 111
98 112
98 114
99 99
99 102
99 103
99 104
99 105
99 106
99 107
99 108
99 111
99 112
99 113
99 114
99 115
100 100
100 101
100 102
100 103
100 104
100 105
100 106
100 107
100 112
100 113
101 101
101 102
101 103
101 104
101 105
101 106
101 107
101 113
102 102
102 103
102 104
102 105
102 106
102 107
102 112
102 113
102 114
103 103
103 104
103 105
103 106
103 107
103 112
103 113
103 114
104 104
104 105
104 106
104 107
104 112
104 113
104 114
105 105
105 106
105 107
105 111
105 112
105 113
105 114
105 115
106 106
106 107
106 112
106 113
106 114
106 115
107 107
107 112
107 113
107 114
107 115
108 108
108 109
108 110
108 111
108 115
109 109
109 110
109 111
109 115
110 110
110 111
111 111
111 112
111 113
111 114
111 115
112 112
112 113
112 114
112 115
113 113
113 114
113 115
114 114
114 115
115 115
