0 0
0 1
0 6
0 10
0 12
0 13
0 14
0 36
0 38
0 39
0 42
0 46
0 53
0 54
0 55
0 56
0 58
0 60
0 61
0 70
0 74
0 76
0 77
0 88
0 89
0 96
0 97
0 98
0 99
0 109
0 111
0 112
1 1
1 14
1 18
1 19
1 56
1 57
1 68
1 69
1 82
1 84
2 2
2 3
2 5
2 6
2 7
2 22
2 23
2 24
2 34
2 35
2 58
2 59
2 65
2 66
2 67
2 88
2 89
2 91
2 92
2 93
2 101
2 103
2 104
2 107
2 108
3 3
3 5
3 7
3 22
3 23
3 24
3 25
3 27
3 34
3 35
3 64
3 65
3 66
3 67
3 88
3 89
3 90
3 91
3 92
3 93
4 4
4 5
4 6
4 7
4 8
4 9
4 20
4 26
4 30
4 33
4 53
4 107
5 5
5 9
5 21
5 22
5 23
5 24
5 25
5 26
5 27
5 31
5 33
5 34
5 35
5 47
5 64
5 65
5 67
5 68
5 69
5 88
5 90
5 91
5 92
5 93
5 104
5 105
5 107
6 6
6 7
6 8
6 9
6 12
6 53
6 58
6 59
6 60
6 61
6 66
6 91
6 93
6 101
6 103
6 107
7 7
7 8
7 9
7 11
7 31
7 33
7 61
7 64
7 65
7 92
8 8
8 9
8 14
8 15
8 61
8 95
8 109
9 9
9 15
9 26
9 30
9 31
9 33
9 82
10 10
10 11
10 12
10 13
10 14
10 15
10 28
10 45
10 48
10 54
10 61
10 70
10 71
10 72
10 74
10 80
10 81
10 82
10 84
10 86
10 87
10 89
10 98
10 99
10 100
10 102
10 115
11 11
11 12
11 13
11 14
11 15
11 16
11 17
11 28
11 29
11 30
11 40
11 41
11 61
11 62
11 63
11 64
11 72
11 73
11 74
11 75
11 76
11 77
11 78
11 80
11 81
11 82
11 84
11 86
11 87
11 114
11 115
12 12
12 13
12 14
12 15
12 28
12 45
12 48
12 49
12 58
12 59
12 60
12 61
13 13
13 14
13 15
13 17
13 28
13 44
13 48
13 49
13 61
13 74
13 79
13 80
13 100
13 115
14 14
14 15
14 18
14 20
14 28
14 70
14 74
14 76
14 81
14 82
14 84
14 86
14 87
15 15
15 18
15 28
15 30
15 40
15 41
15 60
15 61
15 62
15 63
15 74
15 75
15 82
15 83
16 16
16 17
16 28
16 29
16 32
16 40
16 41
16 56
16 62
16 63
16 70
16 72
16 73
16 74
16 78
16 79
16 80
16 81
16 87
16 94
16 114
16 115
17 17
17 19
17 28
17 29
17 32
17 36
17 40
17 41
17 44
17 62
17 63
17 70
17 72
17 73
17 74
17 75
17 76
17 77
17 78
17 79
17 80
17 81
17 83
17 87
17 94
17 109
17 113
17 114
17 115
18 18
18 19
18 30
18 57
18 68
18 69
18 74
18 76
18 82
18 84
19 19
19 57
19 59
19 68
19 69
19 79
20 20
20 21
20 26
20 27
20 30
20 32
20 38
20 40
20 41
20 46
20 53
20 60
20 70
20 71
20 72
20 73
20 74
20 75
20 77
20 98
21 21
21 25
21 26
21 27
21 30
21 31
21 32
21 33
21 38
21 40
21 41
21 47
21 71
21 104
21 105
22 22
22 23
22 24
22 25
22 26
22 27
22 34
22 35
22 64
22 65
22 67
22 85
22 88
22 89
22 90
22 91
22 92
22 93
22 101
22 103
22 107
23 23
23 24
23 25
23 26
23 27
23 34
23 35
23 64
23 65
23 67
23 88
23 89
23 90
23 91
23 92
23 93
23 103
24 24
24 25
24 26
24 27
24 31
24 34
24 64
24 65
24 66
24 67
24 68
24 90
24 91
25 25
25 26
25 27
25 30
25 31
25 33
25 34
25 35
25 64
25 65
25 66
25 67
25 68
25 69
25 90
25 92
26 26
26 27
26 30
26 31
26 33
26 34
26 68
26 69
26 71
26 104
26 105
26 107
27 27
27 31
27 33
27 34
27 35
27 47
27 64
27 65
27 67
27 68
27 71
27 88
27 93
27 105
27 107
28 28
28 29
28 30
28 36
28 40
28 41
28 44
28 46
28 62
28 63
28 70
28 72
28 73
28 74
28 75
28 76
28 77
28 78
28 79
28 80
28 81
28 82
28 83
28 86
28 87
28 94
28 95
28 99
28 100
28 102
28 109
28 114
28 115
29 29
29 30
29 32
29 36
29 37
29 39
29 40
29 41
29 46
29 55
29 62
29 63
29 70
29 72
29 73
29 74
29 75
29 76
29 77
29 78
29 79
29 80
29 81
29 82
29 83
29 86
29 87
29 94
29 95
29 97
29 99
29 109
29 113
29 114
29 115
30 30
30 31
30 32
30 33
30 40
30 41
30 50
30 52
30 62
30 63
30 64
30 72
30 73
30 74
30 78
30 80
30 82
30 83
30 86
30 87
31 31
31 32
31 33
31 40
31 41
31 62
31 63
31 64
31 65
31 71
31 78
31 82
31 86
32 32
32 33
32 40
32 41
32 56
32 62
32 63
32 64
32 72
32 73
32 74
32 75
32 78
32 81
32 82
32 83
32 110
33 33
33 40
33 41
33 47
33 62
33 63
33 64
33 65
33 82
33 83
34 34
34 35
34 64
34 65
34 66
34 67
34 91
35 35
35 64
35 65
35 67
35 94
36 36
36 37
36 38
36 39
36 40
36 41
36 42
36 43
36 54
36 55
36 70
36 72
36 73
36 74
36 75
36 76
36 77
36 79
36 80
36 81
36 82
36 84
36 85
36 87
36 95
36 96
36 97
36 98
36 99
36 108
36 109
36 110
36 111
36 113
36 114
37 37
37 38
37 39
37 40
37 41
37 42
37 43
37 46
37 47
37 54
37 55
37 70
37 72
37 73
37 74
37 75
37 76
37 77
37 79
37 81
37 87
37 95
37 96
37 97
37 98
37 99
37 109
37 110
37 111
37 112
37 113
38 38
38 39
38 40
38 41
38 42
38 43
38 47
38 53
38 54
38 55
38 73
38 77
38 78
38 85
38 86
38 87
38 89
38 95
38 96
38 97
38 98
38 99
38 109
38 110
38 111
39 39
39 40
39 41
39 42
39 43
39 46
39 47
39 53
39 54
39 55
39 72
39 73
39 74
39 75
39 76
39 77
39 78
39 79
39 80
39 81
39 85
39 86
39 87
39 89
39 94
39 95
39 96
39 97
39 98
39 99
39 108
39 109
39 110
39 111
39 112
39 113
39 114
39 115
40 40
40 41
40 56
40 62
40 63
40 72
40 73
40 74
40 75
40 76
40 77
40 78
40 79
40 80
40 81
40 82
40 83
40 84
40 86
40 87
41 41
41 56
41 62
41 63
41 70
41 72
41 73
41 74
41 75
41 76
41 77
41 78
41 80
41 81
41 82
41 83
41 86
41 87
41 98
42 42
42 43
42 44
42 45
42 46
42 47
42 51
42 53
42 54
42 55
42 76
42 77
42 79
42 95
42 96
42 97
42 98
42 99
42 108
42 109
42 110
42 111
42 112
42 113
43 43
43 44
43 45
43 46
43 47
43 53
43 55
43 76
43 77
43 79
43 95
43 96
43 97
43 98
43 99
43 108
43 109
43 110
43 111
43 112
43 113
44 44
44 45
44 46
44 47
44 48
44 49
44 50
44 51
44 55
44 87
44 98
44 112
44 113
45 45
45 46
45 47
45 48
45 49
45 50
45 51
45 67
45 98
45 106
46 46
46 47
46 48
46 53
46 54
46 55
46 75
46 76
46 77
46 83
46 96
46 97
46 98
46 99
46 109
46 110
46 111
46 112
47 47
47 48
47 49
47 53
47 55
47 96
47 97
47 98
47 99
47 103
47 104
47 105
47 107
47 110
47 111
47 112
48 48
48 49
48 50
48 51
48 52
48 71
48 98
48 107
49 49
49 50
49 51
49 66
49 67
49 90
49 98
49 107
50 50
50 51
50 52
50 63
51 51
51 52
51 53
51 54
51 98
52 52
52 54
52 58
52 59
52 60
52 61
52 98
53 53
53 54
53 55
53 56
53 82
53 83
53 88
53 89
53 96
53 97
53 98
53 99
53 104
53 106
53 111
53 112
54 54
54 55
54 58
54 86
54 88
54 89
54 95
54 96
54 97
54 98
54 99
54 111
55 55
55 76
55 77
55 86
55 89
55 95
55 96
55 97
55 98
55 99
55 104
55 108
55 109
55 110
55 111
55 112
55 113
56 56
56 57
56 60
56 62
56 63
56 73
56 78
56 82
56 97
57 57
57 59
57 63
57 68
57 69
57 79
58 58
58 59
58 60
58 61
58 66
58 67
58 88
58 89
58 91
58 93
58 98
58 101
58 102
58 103
58 104
59 59
59 60
59 61
59 66
59 67
59 69
59 88
59 90
59 93
59 100
59 102
59 103
59 104
59 106
60 60
60 61
60 62
60 63
60 66
61 61
62 62
62 63
62 72
62 73
62 74
62 78
62 80
62 81
62 82
62 83
62 84
62 85
62 86
63 63
63 72
63 73
63 74
63 78
63 79
63 80
63 81
63 82
63 83
64 64
64 65
64 84
64 85
65 65
65 66
65 67
65 84
65 85
65 91
65 92
65 93
66 66
66 67
66 69
66 88
66 93
66 103
66 104
66 106
66 107
67 67
67 69
67 91
67 92
67 93
67 103
67 104
67 105
67 106
67 107
68 68
68 69
69 69
70 70
70 71
70 72
70 73
70 74
70 75
70 76
70 77
70 81
70 87
70 98
70 99
70 100
70 102
70 109
70 112
70 113
70 114
70 115
71 71
71 90
71 91
71 92
71 93
72 72
72 73
72 74
72 75
72 76
72 77
72 78
72 79
72 80
72 81
72 82
72 83
72 86
72 87
72 94
72 99
72 109
72 114
72 115
73 73
73 74
73 75
73 76
73 77
73 78
73 79
73 80
73 81
73 82
73 83
73 86
73 87
73 95
73 97
73 99
73 109
73 113
73 114
74 74
74 75
74 76
74 77
74 78
74 79
74 80
74 81
74 82
74 86
74 87
74 99
74 109
74 113
74 114
74 115
75 75
75 76
75 77
75 79
75 80
75 81
75 87
75 99
75 109
75 111
75 113
75 114
75 115
76 76
76 77
76 78
76 79
76 80
76 81
76 82
76 87
76 94
76 95
76 97
76 98
76 99
76 109
76 111
76 113
76 114
76 115
77 77
77 78
77 79
77 80
77 81
77 86
77 87
77 95
77 96
77 97
77 99
77 109
77 110
77 111
77 113
77 114
77 115
78 78
78 79
78 80
78 81
78 82
78 83
78 86
78 87
78 94
78 95
78 97
78 115
79 79
79 80
79 81
79 87
79 94
79 95
79 108
79 109
79 113
79 114
79 115
80 80
80 81
80 82
80 83
80 84
80 86
80 87
80 94
80 102
80 113
80 114
80 115
81 81
81 82
81 83
81 84
81 86
81 87
81 94
81 99
81 109
81 113
81 114
81 115
82 82
82 83
82 84
82 85
82 86
82 87
83 83
83 86
83 87
84 84
84 85
84 86
84 87
85 85
85 86
85 88
85 89
85 97
86 86
86 87
86 89
87 87
87 94
87 113
87 114
87 115
88 88
88 89
88 90
88 91
88 92
88 93
88 103
89 89
89 90
89 91
89 92
89 93
89 96
89 98
89 99
90 90
90 91
90 92
90 93
90 100
90 101
90 102
91 91
91 92
91 93
91 100
91 101
91 102
91 103
91 104
91 105
91 112
92 92
92 93
92 94
92 100
92 101
92 102
92 103
93 93
93 100
93 101
93 102
93 103
93 104
93 105
93 112
94 94
94 95
94 97
94 100
94 101
94 102
94 108
94 109
94 113
94 114
94 115
95 95
95 96
95 97
95 99
95 100
95 108
95 109
95 110
95 111
95 112
95 113
95 114
95 115
96 96
96 97
96 98
96 99
96 103
96 104
96 108
96 109
96 110
96 111
96 112
96 113
97 97
97 98
97 99
97 108
97 109
97 110
97 111
97 112
97 113
97 114
97 115
98 98
98 99
98 111
98 112
99 99
99 100
99 101
99 102
99 103
99 108
99 109
99 110
99 111
99 112
99 113
99 114
99 115
100 100
100 101
100 102
100 103
100 108
100 109
100 112
100 113
100 114
100 115
101 101
101 102
101 103
101 104
101 108
101 112
102 102
102 103
102 108
102 109
102 114
102 115
103 103
103 104
103 105
103 106
103 107
103 110
104 104
104 105
104 106
104 107
104 110
104 111
104 112
105 105
105 106
105 107
105 110
105 111
105 112
106 106
106 107
107 107
108 108
108 109
108 110
108 111
108 112
108 113
108 114
108 115
109 109
109 110
109 111
109 112
109 113
109 114
109 115
110 110
110 111
110 112
110 113
111 111
111 112
111 113
112 112
112 113
113 113
113 114
113 115
114 114
114 115
115 115
