0 0
0 1
0 2
0 6
0 8
0 9
0 10
0 11
0 12
0 13
0 14
0 16
0 18
0 22
0 33
0 34
0 35
0 58
0 60
0 61
0 64
0 65
0 72
0 75
0 76
0 89
1 1
1 7
1 9
1 10
1 11
1 12
1 13
1 16
1 18
1 28
1 30
1 32
1 33
1 56
1 57
1 59
1 60
1 61
1 63
1 64
1 65
1 76
1 84
1 100
2 2
2 3
2 6
2 8
2 10
2 12
2 14
2 20
2 22
2 24
2 30
2 42
2 53
2 54
2 88
2 105
3 3
3 7
3 19
3 22
3 23
3 50
3 51
3 52
3 53
3 82
3 84
3 87
3 89
4 4
4 5
4 8
4 14
4 15
4 20
4 21
4 22
4 23
4 24
4 25
4 26
4 27
4 29
4 37
4 38
4 40
4 41
4 70
4 71
4 82
4 83
4 86
4 88
4 103
4 108
5 5
5 14
5 15
5 20
5 21
5 26
5 27
5 29
5 36
5 38
5 39
5 40
5 41
5 70
5 71
5 73
5 75
5 82
5 83
5 86
5 87
5 88
5 103
5 108
5 109
6 6
6 7
6 8
6 9
6 10
6 12
6 13
6 14
6 22
6 30
6 34
6 35
6 60
6 64
6 65
6 77
6 88
6 89
6 93
7 7
7 8
7 9
7 13
7 22
7 23
7 24
7 30
7 31
7 59
7 61
7 64
7 65
7 74
7 92
7 100
7 105
8 8
8 9
8 10
8 12
8 13
8 14
8 22
8 24
8 25
8 30
8 31
8 41
8 61
8 64
8 65
8 78
8 88
8 114
9 9
9 10
9 11
9 12
9 13
9 14
9 15
9 33
9 34
9 58
9 60
9 61
9 64
9 65
9 82
9 86
9 88
9 89
9 114
10 10
10 11
10 12
10 13
10 14
10 16
10 18
10 22
10 28
10 29
10 33
10 34
10 35
10 47
10 60
10 61
10 63
10 64
10 65
10 72
10 76
10 89
10 96
11 11
11 12
11 13
11 14
11 15
11 16
11 17
11 28
11 29
11 30
11 33
11 34
11 35
11 37
11 57
11 60
11 61
11 62
11 63
11 64
11 65
11 72
11 76
11 86
11 89
11 92
12 12
12 13
12 14
12 16
12 28
12 29
12 30
12 33
12 34
12 35
12 37
12 38
12 60
12 61
12 64
12 65
12 72
12 76
13 13
13 14
13 15
13 16
13 17
13 28
13 29
13 30
13 31
13 33
13 35
13 37
13 60
13 61
13 62
13 64
13 65
13 72
13 76
13 86
13 92
14 14
14 15
14 18
14 22
14 26
14 28
14 29
14 34
14 36
14 38
14 40
14 60
14 64
14 65
14 75
14 82
14 83
14 86
14 87
14 88
15 15
15 21
15 22
15 26
15 27
15 28
15 29
15 37
15 38
15 39
15 40
15 41
15 70
15 71
15 75
15 82
15 83
15 86
15 87
15 88
16 16
16 17
16 28
16 29
16 30
16 31
16 32
16 33
16 36
16 47
16 56
16 57
16 60
16 61
16 62
16 63
16 64
16 72
16 74
16 75
16 76
16 80
17 17
17 28
17 29
17 32
17 33
17 35
17 36
17 37
17 57
17 59
17 60
17 61
17 62
17 63
17 68
17 72
17 78
17 79
17 80
17 81
17 96
17 100
18 18
18 19
18 22
18 34
18 60
18 64
18 82
18 91
18 100
19 19
19 22
19 23
19 34
19 47
19 57
19 66
19 68
19 69
19 73
19 82
19 86
19 87
19 91
20 20
20 21
20 22
20 23
20 24
20 25
20 26
20 27
20 30
20 31
20 40
20 41
20 44
20 45
20 68
20 81
20 83
20 84
20 85
20 88
20 103
20 105
20 115
21 21
21 26
21 27
21 29
21 38
21 40
21 41
21 44
21 45
21 47
21 49
21 68
21 69
21 70
21 71
21 73
21 80
21 81
21 82
21 83
21 86
21 88
21 90
21 94
21 95
21 96
21 97
21 108
21 109
21 110
22 22
22 23
22 26
22 31
22 41
22 64
22 82
22 83
22 84
22 86
22 87
22 88
22 89
23 23
23 26
23 31
23 64
23 82
23 83
23 86
23 87
23 88
23 89
23 90
23 91
23 92
23 97
23 113
23 114
24 24
24 25
24 27
24 30
24 31
24 41
24 43
24 44
24 45
24 49
24 54
24 55
24 78
24 81
24 85
24 101
24 103
24 104
24 105
24 112
25 25
25 27
25 30
25 31
25 41
25 44
25 45
25 50
25 55
25 56
25 78
25 80
25 81
25 85
25 99
25 103
25 104
25 105
25 115
26 26
26 27
26 38
26 40
26 41
26 50
26 70
26 71
26 82
26 83
26 86
26 87
26 88
26 94
26 103
26 105
26 108
27 27
27 38
27 40
27 41
27 42
27 43
27 44
27 45
27 50
27 70
27 71
27 81
27 83
27 85
27 88
27 94
27 103
27 104
27 105
27 107
27 108
27 115
28 28
28 29
28 31
28 32
28 33
28 37
28 57
28 60
28 62
28 63
28 72
28 73
28 74
28 75
28 76
28 78
28 79
28 80
28 81
28 83
28 86
28 114
29 29
29 33
29 36
29 37
29 38
29 40
29 41
29 57
29 60
29 62
29 63
29 72
29 73
29 74
29 75
29 76
29 77
29 78
29 79
29 80
29 81
29 83
29 86
29 87
29 96
30 30
30 31
30 33
30 41
30 56
30 64
30 78
31 31
31 41
31 64
31 74
31 78
31 92
31 105
31 113
31 114
32 32
32 33
32 43
32 44
32 45
32 49
32 55
32 56
32 57
32 63
32 66
32 67
32 68
32 69
32 72
32 79
32 80
32 81
32 85
32 99
33 33
33 34
33 35
33 47
33 56
33 57
33 60
33 61
33 62
33 63
33 65
33 72
33 76
33 79
33 80
33 81
34 34
34 35
34 39
34 47
34 58
34 60
34 61
34 64
34 65
34 76
34 77
34 82
34 86
34 87
34 88
34 89
34 97
35 35
35 37
35 39
35 57
35 58
35 59
35 60
35 61
35 64
35 65
35 66
35 76
35 77
35 87
35 89
36 36
36 37
36 38
36 40
36 41
36 42
36 43
36 46
36 47
36 54
36 72
36 77
36 78
36 80
36 81
36 82
36 83
36 86
36 87
37 37
37 38
37 39
37 40
37 41
37 54
37 57
37 76
37 77
37 87
37 96
37 97
37 110
38 38
38 39
38 40
38 41
38 42
38 46
38 54
38 71
38 72
38 76
38 77
38 82
38 83
38 86
38 87
38 88
38 96
39 39
39 40
39 77
39 86
39 87
39 88
39 89
39 91
39 92
39 93
39 95
39 97
39 110
40 40
40 41
40 42
40 43
40 68
40 70
40 71
40 77
40 82
40 83
40 86
40 87
40 88
41 41
41 68
41 71
41 81
41 83
41 88
41 103
41 104
41 105
42 42
42 43
42 44
42 45
42 46
42 47
42 48
42 49
42 50
42 51
42 53
42 55
42 71
42 78
42 90
42 94
42 99
42 102
42 105
42 112
43 43
43 44
43 45
43 46
43 47
43 48
43 49
43 50
43 53
43 55
43 71
43 80
43 85
43 94
43 98
43 99
43 101
43 102
43 103
43 104
43 105
43 106
43 112
43 115
44 44
44 45
44 46
44 47
44 48
44 49
44 50
44 51
44 53
44 55
44 67
44 78
44 80
44 81
44 85
44 94
44 98
44 99
44 101
44 103
44 104
44 105
44 106
44 107
44 108
44 111
44 112
44 115
45 45
45 46
45 47
45 49
45 50
45 66
45 67
45 80
45 81
45 85
45 91
45 98
45 99
45 101
45 102
45 103
45 104
45 105
45 106
45 107
45 108
45 111
45 112
45 115
46 46
46 47
46 48
46 49
46 52
46 53
46 55
46 90
46 94
46 95
46 96
46 98
46 99
46 102
46 110
46 112
47 47
47 49
47 55
47 62
47 66
47 67
47 79
47 90
47 91
47 95
47 96
47 109
47 110
47 111
48 48
48 49
48 50
48 51
48 52
48 53
48 54
48 58
48 70
48 71
48 90
48 93
48 94
48 96
48 98
48 99
48 101
48 102
48 109
48 110
48 112
48 115
49 49
49 51
49 55
49 56
49 66
49 67
49 80
49 81
49 94
49 96
49 98
49 99
49 101
49 102
49 103
49 104
49 105
49 106
49 108
49 110
49 111
49 112
49 115
50 50
50 51
50 52
50 58
50 70
50 84
50 85
50 94
50 98
50 99
50 101
50 102
50 103
50 105
50 107
50 108
50 109
50 112
50 115
51 51
51 52
51 53
51 55
51 58
51 73
51 94
51 96
51 97
51 101
51 102
52 52
52 53
52 58
52 59
52 61
52 66
52 89
52 90
52 94
52 95
52 96
52 97
52 98
52 99
52 101
52 102
52 109
52 110
52 112
53 53
53 55
53 78
53 94
53 96
54 54
54 55
54 72
54 79
54 81
54 87
54 98
55 55
55 57
55 72
55 74
55 78
55 79
55 80
55 81
55 96
55 98
55 99
56 56
56 57
56 63
56 66
56 74
56 80
56 81
56 85
56 99
56 100
56 112
57 57
57 59
57 61
57 63
57 66
57 68
57 69
57 76
57 79
57 80
57 81
57 96
58 58
58 59
58 60
58 61
58 64
58 65
58 66
58 89
58 95
58 109
59 59
59 61
59 62
59 63
59 65
59 66
59 67
59 69
59 89
60 60
60 61
60 62
60 63
60 64
60 65
60 72
60 76
61 61
61 62
61 63
61 64
61 65
61 76
61 89
61 92
61 97
61 114
62 62
62 63
62 66
62 72
62 73
62 74
62 76
62 80
62 95
62 96
62 97
62 110
62 111
62 114
63 63
63 72
63 74
63 76
63 78
63 80
63 81
63 114
64 64
64 65
64 82
64 88
64 89
64 92
64 97
64 100
64 114
65 65
65 76
65 89
65 92
65 97
66 66
66 67
66 68
66 69
66 85
66 91
66 93
66 99
66 106
66 109
66 110
66 111
67 67
67 68
67 69
67 84
67 85
67 91
67 93
67 99
67 103
67 104
67 106
67 109
67 110
67 111
68 68
68 69
68 80
68 81
69 69
69 80
69 81
69 84
69 109
70 70
70 71
70 73
70 83
70 88
70 90
70 91
70 93
70 94
70 102
70 104
70 107
70 109
70 110
71 71
71 73
71 83
71 103
71 104
71 105
72 72
72 73
72 74
72 75
72 76
72 79
72 80
72 96
72 110
72 114
73 73
73 74
73 75
73 76
73 79
73 82
73 83
73 94
73 96
73 97
73 108
73 109
73 110
73 114
74 74
74 75
74 76
74 79
74 80
74 81
74 96
74 98
74 100
75 75
75 76
75 77
75 82
75 83
75 96
75 97
75 100
75 108
76 76
76 77
76 87
76 96
76 97
77 77
77 82
77 83
77 86
77 87
77 88
78 78
78 80
78 81
78 114
79 79
79 80
79 81
79 87
79 96
79 98
79 109
79 110
80 80
80 81
80 84
80 98
80 99
80 103
80 104
80 106
81 81
81 98
81 99
81 104
82 82
82 83
82 84
82 86
82 87
82 88
82 89
82 97
83 83
83 84
83 86
83 87
83 88
83 105
83 108
84 84
84 85
84 98
84 99
84 103
84 108
84 112
84 115
85 85
85 98
85 99
85 100
85 105
85 107
85 108
85 112
85 115
86 86
86 87
86 88
87 87
87 88
88 88
88 89
88 97
89 89
89 95
89 97
90 90
90 91
90 93
90 95
90 96
90 102
90 109
90 110
90 111
91 91
91 92
91 93
91 95
91 101
91 103
91 104
91 109
91 110
91 111
91 112
91 115
92 92
92 93
92 95
92 100
92 111
92 113
92 114
92 115
93 93
93 95
93 101
93 102
93 103
93 104
93 106
93 107
93 111
93 112
93 113
93 115
94 94
94 95
94 96
94 97
94 98
94 102
94 108
94 109
94 110
94 114
95 95
95 96
95 97
95 109
95 110
95 111
95 114
96 96
96 97
96 98
96 109
96 110
97 97
97 100
97 109
97 110
97 114
98 98
98 99
98 102
98 104
98 108
98 109
98 112
98 115
99 99
99 100
99 101
99 102
99 103
99 104
99 105
99 106
99 107
99 108
99 111
99 112
99 113
99 115
100 100
100 102
100 107
100 112
101 101
101 102
101 103
101 104
101 105
101 106
101 107
101 111
101 112
101 113
101 115
102 102
102 103
102 104
102 105
102 106
102 107
102 108
102 109
102 112
102 115
103 103
103 104
103 105
103 106
103 107
103 108
103 111
103 112
103 115
104 104
104 105
104 106
104 107
104 108
104 109
104 110
104 111
104 112
104 115
105 105
105 106
105 107
105 108
105 112
105 115
106 106
106 107
106 108
106 111
106 112
106 115
107 107
107 108
107 111
107 112
107 115
108 108
108 109
108 112
108 113
108 115
109 109
109 110
109 111
109 114
110 110
110 111
110 114
111 111
111 112
111 113
111 114
111 115
112 112
112 115
113 113
113 115
114 114
115 115
