0 0
0 1
0 6
0 10
0 11
0 12
0 13
0 14
0 16
0 17
0 18
0 19
0 28
0 56
0 57
0 60
0 62
0 63
0 73
0 74
0 75
0 76
0 80
0 81
0 90
0 93
0 101
1 1
1 13
1 16
1 17
1 19
1 56
1 57
1 59
1 60
1 61
1 62
1 63
1 68
1 69
1 78
1 79
1 80
1 81
1 85
1 89
2 2
2 3
2 5
2 6
2 7
2 8
2 9
2 10
2 11
2 12
2 14
2 18
2 22
2 23
2 30
2 31
2 33
2 34
2 58
2 60
2 64
2 65
2 67
2 76
2 77
2 88
2 90
2 91
2 92
2 93
2 101
3 3
3 7
3 11
3 18
3 21
3 22
3 23
3 25
3 27
3 30
3 31
3 34
3 43
3 64
3 65
3 67
3 71
3 76
3 77
3 84
3 88
3 92
3 104
3 109
3 110
3 113
4 4
4 5
4 6
4 8
4 9
4 12
4 13
4 38
4 52
4 53
4 58
4 59
4 60
4 61
4 83
4 89
4 101
5 5
5 7
5 8
5 9
5 15
5 20
5 23
5 25
5 26
5 27
5 38
5 58
5 64
5 65
5 88
5 92
6 6
6 7
6 8
6 9
6 10
6 11
6 12
6 13
6 14
6 15
6 18
6 23
6 58
6 60
6 64
6 88
6 90
6 91
6 92
6 93
6 100
6 101
7 7
7 9
7 11
7 12
7 13
7 15
7 18
7 23
7 31
7 33
7 35
7 64
7 65
7 67
7 76
7 77
7 88
7 90
7 92
7 93
7 100
7 109
7 113
8 8
8 9
8 12
8 13
8 14
8 38
8 52
8 58
8 59
8 60
8 61
8 90
8 101
9 9
9 10
9 11
9 12
9 13
9 14
9 15
9 20
9 58
9 60
9 61
9 64
9 65
9 88
9 90
9 92
9 93
9 100
9 101
10 10
10 11
10 12
10 13
10 14
10 15
10 16
10 18
10 22
10 23
10 28
10 58
10 60
10 61
10 64
10 75
10 82
10 84
10 88
10 90
10 92
10 93
10 101
11 11
11 12
11 13
11 15
11 18
11 22
11 23
11 31
11 64
11 65
11 75
11 76
11 77
11 84
11 88
11 90
11 92
11 93
11 109
11 113
12 12
12 13
12 14
12 15
12 16
12 58
12 60
12 61
12 64
12 65
12 84
12 88
12 89
12 90
12 92
12 93
12 100
12 101
13 13
13 15
13 16
13 17
13 58
13 60
13 61
13 65
13 89
13 90
13 100
13 101
14 14
14 15
14 16
14 22
14 58
14 60
14 64
14 82
14 84
14 85
14 86
14 88
14 89
14 93
15 15
15 23
15 58
15 60
15 61
15 64
15 65
15 83
15 88
15 92
15 100
16 16
16 17
16 19
16 28
16 29
16 36
16 52
16 53
16 54
16 56
16 57
16 60
16 61
16 62
16 63
16 68
16 72
16 73
16 74
16 78
16 79
16 80
16 81
16 82
16 84
16 89
16 98
16 115
17 17
17 19
17 28
17 29
17 36
17 40
17 52
17 53
17 54
17 55
17 56
17 57
17 61
17 62
17 63
17 68
17 72
17 78
17 79
17 80
17 81
17 89
17 98
18 18
18 22
18 23
18 30
18 31
18 64
18 70
18 73
18 74
18 75
18 76
18 77
18 90
18 91
18 92
18 93
18 101
18 103
18 113
19 19
19 29
19 56
19 57
19 61
19 62
19 63
19 68
19 69
19 73
19 74
19 75
19 78
19 79
19 80
19 81
19 90
19 98
19 99
19 101
19 102
19 111
19 112
20 20
20 21
20 22
20 23
20 24
20 25
20 26
20 27
20 31
20 35
20 64
20 70
20 83
20 88
21 21
21 22
21 23
21 24
21 25
21 27
21 30
21 31
21 33
21 34
21 35
21 42
21 43
21 45
21 67
21 71
21 75
21 77
21 94
21 95
21 96
21 97
21 103
21 104
21 105
21 109
21 110
21 111
21 112
21 113
21 114
22 22
22 23
22 24
22 25
22 26
22 27
22 30
22 31
22 34
22 43
22 64
22 71
22 74
22 75
22 76
22 84
22 88
22 92
22 93
22 109
23 23
23 24
23 25
23 27
23 30
23 31
23 33
23 34
23 64
23 65
23 67
23 71
23 74
23 75
23 76
23 77
23 88
23 90
23 91
23 92
23 93
23 109
23 110
23 113
24 24
24 25
24 26
24 27
24 30
24 31
24 34
24 35
24 45
24 50
24 66
24 67
24 71
24 94
24 104
25 25
25 26
25 27
25 30
25 31
25 33
25 34
25 35
25 42
25 43
25 45
25 47
25 50
25 66
25 67
25 71
25 87
25 94
25 96
25 97
25 110
26 26
26 27
26 38
26 39
26 45
26 50
26 70
26 83
26 88
27 27
27 30
27 31
27 34
27 35
27 39
27 42
27 43
27 45
27 50
27 64
27 67
27 71
27 87
27 88
27 94
27 96
27 97
27 105
27 109
27 110
28 28
28 29
28 36
28 40
28 52
28 53
28 62
28 63
28 72
28 74
28 75
28 78
28 79
28 81
28 82
28 83
28 98
28 106
28 114
28 115
29 29
29 36
29 40
29 62
29 63
29 72
29 73
29 74
29 75
29 76
29 78
29 79
29 81
29 98
29 105
29 107
29 114
29 115
30 30
30 31
30 33
30 34
30 35
30 43
30 64
30 67
30 71
30 73
30 74
30 75
30 76
30 77
30 88
30 104
30 105
30 110
30 113
31 31
31 33
31 34
31 35
31 43
31 64
31 67
31 71
31 73
31 74
31 75
31 76
31 77
31 88
31 92
31 94
31 97
31 104
31 105
31 109
31 110
31 112
31 113
32 32
32 33
32 35
32 38
32 41
32 48
32 49
32 51
32 52
32 53
32 56
32 57
32 59
32 62
32 66
32 68
32 80
32 82
33 33
33 34
33 35
33 65
33 67
33 71
33 76
33 77
33 92
34 34
34 35
34 43
34 45
34 64
34 65
34 66
34 67
34 76
34 77
34 88
34 94
34 95
34 96
34 97
34 104
34 110
35 35
35 45
35 64
35 65
35 66
35 67
35 110
36 36
36 37
36 38
36 39
36 40
36 41
36 52
36 54
36 55
36 56
36 57
36 62
36 63
36 72
36 73
36 74
36 78
36 79
36 80
36 81
36 89
36 98
36 106
37 37
37 38
37 39
37 41
37 54
37 55
37 73
37 74
37 76
37 77
37 94
37 96
37 97
37 99
37 102
37 104
37 108
37 109
38 38
38 39
38 41
38 54
38 55
38 59
38 87
38 89
38 106
38 108
39 39
39 40
39 42
39 43
39 46
39 47
39 54
39 55
39 66
39 87
39 96
39 104
39 106
39 108
39 114
40 40
40 72
40 76
40 78
40 79
40 105
40 106
40 107
40 108
40 114
40 115
41 41
41 53
41 54
41 62
41 63
41 72
41 80
41 81
41 82
41 83
41 89
42 42
42 43
42 44
42 45
42 46
42 47
42 48
42 49
42 50
42 51
42 55
42 67
42 71
42 87
42 94
42 96
42 97
42 104
42 110
43 43
43 44
43 45
43 46
43 47
43 55
43 65
43 67
43 71
43 87
43 94
43 95
43 96
43 97
43 104
43 109
43 110
43 113
44 44
44 45
44 46
44 47
44 48
44 49
44 50
44 51
44 52
44 53
44 55
44 59
44 66
44 68
44 69
44 80
44 81
44 85
44 87
44 98
45 45
45 46
45 47
45 48
45 49
45 50
45 51
45 66
45 67
45 87
45 96
45 110
46 46
46 47
46 48
46 49
46 50
46 51
46 52
46 53
46 54
46 55
46 59
46 66
46 87
46 96
46 98
47 47
47 48
47 49
47 50
47 51
47 55
47 66
47 67
47 96
47 97
47 110
48 48
48 49
48 50
48 51
48 52
48 53
48 55
48 56
48 59
48 62
48 66
48 68
48 69
48 80
48 81
48 85
48 98
49 49
49 50
49 51
49 52
49 53
49 54
49 55
49 59
49 62
49 63
49 66
49 68
49 69
49 80
49 81
49 85
49 87
49 89
49 98
50 50
50 51
50 52
50 53
50 55
50 59
50 66
50 69
50 85
51 51
51 52
51 53
51 54
51 55
51 56
51 59
51 62
51 63
51 66
51 68
51 69
51 80
51 81
51 85
51 89
51 98
52 52
52 53
52 54
52 55
52 56
52 57
52 58
52 59
52 60
52 61
52 62
52 63
52 69
52 78
52 79
52 80
52 81
52 82
52 85
52 89
52 98
53 53
53 54
53 55
53 56
53 57
53 59
53 61
53 62
53 63
53 68
53 78
53 79
53 80
53 81
53 82
53 85
53 89
53 98
54 54
54 55
54 59
54 62
54 63
54 72
54 78
54 89
54 98
55 55
55 59
55 62
55 66
55 78
55 81
55 89
55 96
55 98
55 99
56 56
56 57
56 62
56 63
56 68
56 69
56 73
56 78
56 79
56 80
56 81
56 84
56 85
57 57
57 62
57 63
57 68
57 69
57 78
57 79
57 80
57 81
57 85
58 58
58 59
58 60
58 61
58 64
58 65
58 89
58 90
58 93
58 101
59 59
59 61
59 62
59 63
59 66
59 68
59 69
59 80
59 81
59 89
60 60
60 61
60 62
60 63
60 64
60 89
60 90
60 93
60 100
60 101
61 61
61 62
61 63
61 79
61 80
61 81
61 89
61 100
62 62
62 63
62 68
62 72
62 78
62 79
62 80
62 81
62 82
62 85
62 89
62 98
63 63
63 68
63 72
63 78
63 79
63 80
63 81
63 82
63 85
63 89
63 98
64 64
64 65
64 67
64 84
64 88
64 90
64 91
64 92
64 93
64 109
65 65
65 67
65 77
65 88
65 92
65 93
65 94
65 96
65 100
65 104
65 109
65 110
66 66
66 67
66 69
66 96
66 97
67 67
67 71
67 77
67 92
67 94
67 96
67 97
67 104
67 109
67 110
68 68
68 69
68 78
68 79
68 80
68 81
68 84
68 85
69 69
69 78
69 80
69 81
70 70
70 71
70 73
70 75
71 71
71 73
71 75
71 76
71 77
71 94
71 96
71 97
71 102
71 104
71 110
71 111
71 112
71 113
72 72
72 73
72 74
72 75
72 76
72 78
72 79
72 83
72 98
72 99
72 105
72 106
72 114
72 115
73 73
73 74
73 75
73 76
73 77
73 91
73 93
73 99
73 102
73 103
73 111
73 112
73 113
74 74
74 75
74 76
74 77
74 92
74 93
74 99
74 102
74 103
74 112
74 113
75 75
75 76
75 77
75 90
75 91
75 92
75 93
75 95
75 97
75 99
75 101
75 102
75 103
75 109
75 110
75 111
75 112
75 113
76 76
76 77
76 92
76 93
76 95
76 101
76 102
76 103
76 104
76 109
76 110
76 112
76 113
77 77
77 90
77 91
77 92
77 93
77 94
77 95
77 96
77 97
77 99
77 101
77 102
77 103
77 104
77 109
77 110
77 111
77 112
77 113
78 78
78 79
78 80
78 81
78 85
78 89
78 115
79 79
79 80
79 81
80 80
80 81
80 82
80 84
80 85
80 89
81 81
81 85
81 89
81 98
82 82
82 84
82 86
82 98
83 83
84 84
84 85
84 86
84 88
85 85
85 89
86 86
86 88
86 98
87 87
88 88
88 90
88 92
88 93
88 109
89 89
89 98
89 100
90 90
90 91
90 92
90 93
90 99
90 100
90 101
90 102
90 103
90 112
90 113
91 91
91 92
91 93
91 99
91 101
91 102
91 103
91 104
91 111
91 112
91 113
92 92
92 93
92 100
92 101
92 102
92 103
92 104
92 109
92 112
92 113
93 93
93 101
93 102
93 103
93 104
93 112
93 113
94 94
94 95
94 96
94 97
94 99
94 102
94 104
94 109
94 110
94 111
94 112
94 113
95 95
95 96
95 97
95 99
95 102
95 103
95 104
95 105
95 108
95 109
95 110
95 111
95 112
95 113
96 96
96 97
96 99
96 103
96 104
96 108
96 109
96 110
96 111
96 112
96 113
96 114
97 97
97 99
97 102
97 103
97 104
97 105
97 108
97 109
97 110
97 111
97 112
97 113
97 114
98 98
98 99
98 111
99 99
99 101
99 102
99 103
99 104
99 108
99 110
99 111
99 112
99 113
100 100
100 101
100 102
101 101
101 102
101 103
101 111
101 112
101 113
102 102
102 103
102 104
102 109
102 111
102 112
102 113
103 103
103 104
103 108
103 110
103 111
103 112
103 113
103 114
104 104
104 105
104 108
104 109
104 110
104 111
104 112
104 113
104 114
105 105
105 106
105 107
105 109
105 114
105 115
106 106
106 107
106 108
106 114
106 115
107 107
107 108
107 114
107 115
108 108
108 110
108 111
108 112
108 114
108 115
109 109
109 110
109 113
110 110
110 111
110 112
110 113
110 114
111 111
111 112
111 113
111 114
112 112
112 113
112 114
113 113
114 114
114 115
115 115
