0 0
0 1
0 2
0 3
0 10
0 18
0 19
0 47
0 53
0 56
0 57
0 58
0 60
0 62
0 66
0 68
0 69
0 86
1 1
1 3
1 18
1 19
1 47
1 56
1 57
1 58
1 59
1 60
1 61
1 66
1 68
1 69
1 86
2 2
2 3
2 6
2 7
2 10
2 18
2 22
2 23
2 30
2 35
2 64
2 72
2 86
3 3
3 7
3 18
3 19
3 23
3 56
3 57
3 58
3 59
3 66
3 68
3 69
3 89
4 4
4 5
4 9
4 14
4 15
4 21
4 24
4 25
4 26
4 27
4 38
4 39
4 40
4 41
4 48
4 52
4 54
4 82
4 83
4 88
4 92
4 95
4 100
4 101
4 102
4 103
4 104
4 115
5 5
5 8
5 9
5 14
5 15
5 21
5 24
5 25
5 26
5 27
5 38
5 39
5 40
5 54
5 59
5 82
5 83
5 88
5 92
5 93
5 94
5 95
5 100
5 101
5 102
5 103
5 104
5 108
5 115
6 6
6 7
6 10
6 12
6 16
6 17
6 22
6 23
6 28
6 30
6 32
6 33
6 53
6 62
6 72
6 76
6 77
6 78
6 80
6 86
6 89
7 7
7 12
7 23
7 53
7 78
7 89
8 8
8 9
8 15
8 26
8 27
8 38
8 39
8 40
8 59
8 83
8 92
8 93
8 94
8 95
8 100
8 101
8 102
8 103
8 104
8 108
8 115
9 9
9 14
9 15
9 20
9 21
9 24
9 25
9 26
9 27
9 38
9 39
9 52
9 70
9 82
9 83
9 88
9 89
9 92
9 93
9 95
9 101
9 102
9 104
9 115
10 10
10 11
10 12
10 13
10 16
10 17
10 22
10 28
10 30
10 32
10 33
10 42
10 46
10 47
10 53
10 62
10 72
10 75
10 76
10 77
10 78
10 79
10 80
10 81
10 86
10 113
11 11
11 12
11 13
11 16
11 17
11 28
11 29
11 30
11 31
11 72
11 73
11 74
11 75
11 76
11 77
11 78
11 79
11 80
11 81
11 85
11 113
12 12
12 13
12 16
12 17
12 28
12 29
12 30
12 31
12 72
12 76
12 78
12 79
12 80
12 84
13 13
13 16
13 17
13 28
13 29
13 31
13 72
13 73
13 74
13 75
13 76
13 77
13 80
14 14
14 15
14 20
14 21
14 24
14 25
14 26
14 27
14 38
14 39
14 40
14 41
14 52
14 54
14 70
14 82
14 83
14 88
14 92
14 95
14 100
14 101
14 102
14 115
15 15
15 21
15 24
15 25
15 26
15 27
15 38
15 39
15 40
15 41
15 52
15 54
15 59
15 82
15 83
15 85
15 88
15 92
15 94
15 95
15 100
15 101
15 102
15 103
15 108
15 115
16 16
16 17
16 22
16 28
16 29
16 30
16 31
16 32
16 33
16 42
16 46
16 47
16 53
16 62
16 72
16 73
16 74
16 75
16 76
16 77
16 78
16 79
16 80
16 81
16 84
16 86
16 112
16 113
17 17
17 22
17 28
17 29
17 30
17 31
17 32
17 33
17 42
17 43
17 46
17 47
17 50
17 62
17 63
17 72
17 73
17 74
17 75
17 76
17 77
17 78
17 79
17 80
17 81
17 84
17 86
17 98
17 99
17 111
17 112
17 113
18 18
18 19
18 56
18 57
18 58
18 59
18 60
18 66
18 68
18 69
19 19
19 56
19 57
19 58
19 59
19 60
19 61
19 66
19 67
19 68
19 69
20 20
20 21
20 25
20 30
20 39
20 42
20 43
20 44
20 49
20 50
20 70
20 72
20 73
20 74
20 75
20 82
20 109
20 112
21 21
21 24
21 25
21 26
21 27
21 29
21 36
21 38
21 39
21 40
21 41
21 52
21 54
21 70
21 71
21 73
21 82
21 83
21 88
21 92
21 94
21 95
21 96
21 97
21 101
21 102
21 108
21 109
21 115
22 22
22 23
22 28
22 30
22 31
22 32
22 33
22 34
22 35
22 42
22 43
22 47
22 62
22 63
22 72
22 73
22 75
22 76
22 77
22 78
22 79
22 86
22 96
23 23
23 30
23 31
23 36
23 54
23 55
23 71
23 72
23 73
23 75
23 76
23 77
23 84
23 85
23 88
23 89
23 96
23 97
24 24
24 25
24 26
24 27
24 36
24 38
24 39
24 40
24 41
24 52
24 54
24 82
24 83
24 85
24 88
24 94
24 95
24 100
24 101
24 102
24 108
24 115
25 25
25 26
25 27
25 36
25 38
25 39
25 40
25 41
25 54
25 82
25 83
25 85
25 88
25 94
25 95
25 100
25 102
25 108
25 109
25 114
25 115
26 26
26 27
26 38
26 39
26 40
26 41
26 48
26 54
26 59
26 82
26 83
26 88
26 92
26 93
26 94
26 95
26 100
26 101
26 102
26 103
26 104
26 108
26 115
27 27
27 38
27 39
27 40
27 41
27 48
27 54
27 82
27 83
27 88
27 92
27 93
27 94
27 95
27 100
27 101
27 102
27 103
27 104
27 108
27 115
28 28
28 29
28 30
28 31
28 36
28 37
28 40
28 55
28 62
28 72
28 73
28 74
28 75
28 76
28 77
28 78
28 79
28 80
28 81
28 113
29 29
29 30
29 31
29 36
29 37
29 38
29 40
29 41
29 54
29 55
29 72
29 73
29 75
29 76
29 77
29 78
29 79
29 80
29 81
29 85
29 94
29 98
29 108
29 109
29 111
30 30
30 31
30 32
30 34
30 70
30 72
30 73
30 74
30 75
30 76
30 77
30 78
30 79
30 80
30 81
30 87
30 112
30 113
31 31
31 70
31 72
31 73
31 74
31 75
31 76
31 77
31 78
31 79
31 80
31 81
31 111
31 112
31 113
32 32
32 33
32 34
32 35
32 42
32 43
32 44
32 46
32 47
32 50
32 51
32 62
32 63
32 72
32 75
32 76
32 77
32 79
32 80
32 81
32 86
32 110
32 113
33 33
33 34
33 35
33 42
33 43
33 44
33 46
33 47
33 49
33 50
33 51
33 62
33 63
33 79
33 81
33 86
33 90
33 91
33 110
33 113
34 34
34 35
34 42
34 43
34 44
34 45
34 46
34 47
34 63
34 64
34 67
34 79
34 86
34 91
34 110
34 113
35 35
35 42
35 43
35 44
35 45
35 46
35 47
35 60
35 63
35 64
35 67
35 86
35 110
36 36
36 37
36 38
36 39
36 40
36 41
36 52
36 54
36 55
36 72
36 73
36 75
36 79
36 80
36 81
36 84
36 85
36 88
36 94
36 95
36 96
36 97
36 98
36 108
36 109
37 37
37 38
37 39
37 40
37 41
37 54
37 55
37 73
37 75
37 79
37 80
37 81
37 85
37 94
37 95
37 96
37 97
37 98
37 99
37 108
37 109
37 111
38 38
38 39
38 40
38 41
38 52
38 54
38 59
38 71
38 82
38 83
38 85
38 88
38 92
38 94
38 95
38 97
38 100
38 101
38 102
38 104
38 108
38 115
39 39
39 40
39 41
39 52
39 54
39 55
39 82
39 83
39 85
39 88
39 92
39 93
39 94
39 95
39 96
39 97
39 100
39 101
39 102
39 108
39 109
39 114
39 115
40 40
40 41
40 54
40 82
40 83
40 85
40 88
40 94
40 95
40 102
40 108
40 115
41 41
41 54
41 55
41 71
41 83
41 94
41 95
41 102
41 108
41 109
41 114
41 115
42 42
42 43
42 44
42 45
42 46
42 47
42 48
42 49
42 50
42 51
42 53
42 62
42 63
42 75
42 76
42 77
42 78
42 79
42 81
42 86
42 90
42 91
42 98
42 99
42 110
42 111
42 112
42 113
43 43
43 44
43 46
43 47
43 49
43 50
43 51
43 62
43 63
43 74
43 75
43 77
43 79
43 81
43 86
43 91
43 99
43 110
43 111
43 112
43 113
44 44
44 45
44 46
44 48
44 49
44 50
44 51
44 90
44 91
44 111
44 112
45 45
45 48
45 49
45 50
45 51
45 67
45 91
45 93
46 46
46 47
46 49
46 53
46 55
46 62
46 72
46 75
46 76
46 77
46 78
46 79
46 80
46 81
46 86
46 87
46 90
46 91
46 96
46 98
46 99
46 110
46 111
46 112
46 113
47 47
47 51
47 53
47 62
47 63
47 75
47 76
47 77
47 78
47 79
47 81
47 86
47 90
47 91
47 110
47 112
47 113
48 48
48 49
48 50
48 51
48 61
48 67
49 49
49 50
49 51
49 53
49 112
50 50
50 51
50 63
50 64
50 81
50 84
50 90
50 91
50 99
50 109
50 111
50 112
51 51
51 63
51 91
51 109
51 111
51 112
52 52
52 54
52 55
52 78
52 83
52 88
52 89
52 115
53 53
53 78
53 79
53 86
53 91
53 110
53 112
54 54
54 55
54 72
54 82
54 83
54 85
54 88
54 89
54 92
54 94
54 95
54 96
54 97
54 98
54 102
54 104
54 106
54 108
54 109
54 115
55 55
55 72
55 73
55 78
55 79
55 80
55 81
55 84
55 85
55 89
55 94
55 96
55 97
55 98
55 99
55 108
55 109
55 111
55 112
56 56
56 57
56 58
56 60
56 61
56 62
56 66
56 68
56 69
56 86
57 57
57 58
57 59
57 60
57 61
57 66
57 67
57 68
57 69
58 58
58 59
58 60
58 61
58 65
58 66
58 67
58 68
58 69
58 103
58 104
59 59
59 60
59 61
59 65
59 66
59 67
59 68
59 69
59 94
59 95
59 101
59 102
59 103
59 104
60 60
60 61
60 65
60 66
60 67
60 68
60 69
61 61
61 65
61 66
61 67
61 68
61 69
62 62
62 63
62 72
62 74
62 75
62 76
62 77
62 78
62 79
62 80
62 81
62 86
62 113
63 63
63 79
63 81
63 90
63 110
63 111
63 112
64 64
64 65
64 67
64 84
64 85
65 65
65 66
65 67
66 66
66 67
66 68
66 69
67 67
67 68
67 69
67 110
68 68
68 69
69 69
70 70
70 71
70 72
70 73
70 74
70 75
70 76
70 77
70 78
70 82
70 86
70 87
70 112
71 71
71 73
71 89
71 92
72 72
72 73
72 74
72 75
72 76
72 77
72 78
72 79
72 80
72 81
72 84
72 96
72 109
72 111
72 112
72 113
73 73
73 74
73 75
73 76
73 77
73 78
73 79
73 80
73 81
73 84
73 85
73 96
73 97
73 98
73 109
73 111
73 112
73 113
74 74
74 75
74 76
74 77
74 78
74 80
74 81
74 82
74 84
74 109
74 112
74 113
75 75
75 76
75 77
75 78
75 79
75 80
75 81
75 99
75 109
75 111
75 112
75 113
76 76
76 77
76 78
76 79
76 80
76 81
76 84
76 86
76 99
76 111
76 112
76 113
77 77
77 78
77 79
77 80
77 81
77 84
77 86
77 96
77 99
77 109
77 111
77 112
77 113
78 78
78 79
78 80
78 81
78 99
78 111
78 112
79 79
79 80
79 81
79 84
79 86
79 96
79 98
79 99
79 111
79 112
79 113
80 80
80 81
80 84
80 85
80 96
80 98
80 99
80 111
80 112
81 81
81 84
81 85
81 96
81 98
81 99
81 111
81 112
81 113
82 82
82 83
82 88
82 92
82 95
82 101
82 115
83 83
83 88
83 92
83 94
83 95
83 100
83 101
83 102
83 115
84 84
84 85
84 88
84 96
84 111
85 85
85 88
85 89
85 92
85 94
85 95
85 97
85 98
85 99
85 108
85 111
85 115
86 86
86 87
86 91
86 110
86 113
87 87
87 113
88 88
88 89
88 92
88 94
88 95
88 97
88 102
88 106
88 107
88 108
88 115
89 89
89 92
89 97
89 104
89 106
89 107
90 90
90 91
90 92
90 98
90 99
90 110
90 111
90 112
91 91
91 93
91 99
91 110
91 111
91 112
91 113
92 92
92 93
92 95
92 97
92 100
92 101
92 102
92 103
92 104
92 115
93 93
93 95
93 99
93 100
93 101
93 102
93 103
93 104
93 112
93 115
94 94
94 95
94 96
94 97
94 100
94 101
94 102
94 103
94 104
94 108
94 109
94 115
95 95
95 97
95 100
95 101
95 102
95 103
95 104
95 108
95 115
96 96
96 97
96 98
96 99
96 108
96 109
96 111
96 112
97 97
97 98
97 99
97 108
97 109
97 111
97 112
98 98
98 99
98 109
98 110
98 111
98 112
99 99
99 100
99 109
99 110
99 111
99 112
99 113
100 100
100 101
100 102
100 103
100 104
100 115
101 101
101 102
101 103
101 104
101 107
101 115
102 102
102 103
102 104
102 107
102 108
102 115
103 103
103 104
103 105
103 106
103 107
103 108
103 115
104 104
104 105
104 106
104 107
104 108
104 115
105 105
106 106
106 107
107 107
108 108
108 109
108 114
108 115
109 109
109 111
109 112
110 110
110 111
110 112
111 111
111 112
112 112
112 113
113 113
113 114
114 114
114 115
115 115
