0 0
0 1
0 10
0 16
0 17
0 18
0 19
0 28
0 29
0 43
0 53
0 56
0 57
0 63
0 70
0 72
0 73
0 74
0 75
0 76
0 77
0 78
0 79
0 80
0 81
0 82
0 99
0 100
0 101
0 102
0 103
1 1
1 10
1 11
1 12
1 13
1 16
1 17
1 19
1 28
1 29
1 53
1 56
1 57
1 62
1 63
1 72
1 73
1 74
1 76
1 77
1 78
1 79
1 80
1 81
1 82
1 83
1 85
2 2
2 4
2 6
2 7
2 8
2 18
2 24
2 30
2 49
2 50
2 51
2 58
2 60
2 64
2 66
2 67
2 93
2 99
2 101
2 103
2 107
3 3
3 5
3 9
3 11
3 19
3 21
3 22
3 23
3 27
3 52
3 62
3 65
3 83
3 84
3 89
3 90
3 92
4 4
4 6
4 7
4 8
4 9
4 13
4 15
4 22
4 24
4 26
4 35
4 58
4 60
4 61
4 64
4 65
4 66
4 67
4 90
4 91
4 92
4 93
4 106
5 5
5 9
5 20
5 21
5 22
5 23
5 24
5 25
5 26
5 27
5 34
5 35
5 37
5 38
5 39
5 41
5 46
5 52
5 54
5 64
5 65
5 66
5 84
5 86
5 88
5 89
5 90
5 91
5 92
5 105
5 108
6 6
6 7
6 8
6 9
6 12
6 13
6 15
6 22
6 24
6 32
6 34
6 35
6 58
6 60
6 61
6 64
6 65
6 66
6 67
6 69
6 91
6 92
6 93
6 107
7 7
7 8
7 9
7 11
7 13
7 15
7 22
7 24
7 34
7 35
7 51
7 60
7 61
7 64
7 65
7 66
7 67
7 90
7 91
7 92
7 93
7 106
8 8
8 9
8 13
8 15
8 22
8 24
8 52
8 58
8 59
8 60
8 61
8 64
8 65
8 66
8 91
8 92
8 93
9 9
9 11
9 13
9 15
9 22
9 24
9 34
9 35
9 60
9 61
9 65
9 66
9 67
9 89
9 90
9 91
9 92
9 93
10 10
10 12
10 16
10 17
10 18
10 19
10 28
10 29
10 50
10 53
10 56
10 57
10 58
10 62
10 63
10 72
10 73
10 74
10 76
10 77
10 78
10 79
10 80
10 81
10 82
10 99
10 101
11 11
11 12
11 13
11 14
11 15
11 28
11 29
11 53
11 65
11 72
11 74
11 76
11 77
11 80
11 83
11 84
11 85
11 92
12 12
12 13
12 14
12 80
12 84
12 89
13 13
13 15
13 17
13 29
13 59
13 60
13 61
13 68
13 69
13 92
14 14
14 18
14 19
14 23
14 28
14 40
14 62
14 63
14 72
14 76
14 80
14 82
14 83
14 84
14 85
14 86
14 101
15 15
15 26
15 29
15 52
15 59
15 60
15 61
15 65
15 69
15 90
15 92
16 16
16 17
16 19
16 28
16 29
16 41
16 43
16 47
16 48
16 53
16 57
16 63
16 70
16 72
16 73
16 74
16 75
16 76
16 77
16 78
16 79
16 80
16 81
16 82
16 98
16 100
16 111
17 17
17 19
17 28
17 29
17 37
17 43
17 48
17 53
17 56
17 57
17 62
17 63
17 70
17 72
17 73
17 74
17 75
17 76
17 77
17 78
17 79
17 80
17 81
17 82
17 83
17 98
17 100
18 18
18 19
18 28
18 32
18 56
18 58
18 62
18 63
18 68
18 69
18 70
18 72
18 73
18 74
18 75
18 76
18 77
18 82
18 83
18 86
18 99
18 101
18 107
19 19
19 28
19 29
19 40
19 48
19 53
19 56
19 57
19 62
19 63
19 68
19 69
19 70
19 72
19 73
19 74
19 75
19 76
19 77
19 78
19 81
19 82
19 83
19 99
19 101
19 102
20 20
20 21
20 25
20 26
20 27
20 37
20 38
20 39
20 40
20 41
20 85
20 88
20 91
20 95
20 103
21 21
21 22
21 23
21 24
21 25
21 27
21 31
21 32
21 34
21 35
21 39
21 52
21 64
21 71
21 84
21 86
21 87
21 88
21 89
21 108
21 114
22 22
22 23
22 24
22 25
22 27
22 30
22 32
22 34
22 35
22 51
22 60
22 64
22 65
22 66
22 67
22 89
22 90
22 91
22 92
22 93
23 23
23 25
23 27
23 31
23 34
23 39
23 40
23 71
23 83
23 84
23 85
23 86
23 89
23 91
24 24
24 25
24 27
24 30
24 32
24 33
24 34
24 35
24 60
24 64
24 65
24 66
24 67
24 90
24 91
24 92
24 93
24 106
25 25
25 27
25 31
25 32
25 34
25 35
25 38
25 39
25 41
25 46
25 64
25 65
25 66
25 67
25 84
25 86
25 88
25 89
25 90
25 91
25 93
25 105
25 108
25 110
26 26
26 38
26 41
26 92
26 93
26 103
27 27
27 32
27 34
27 35
27 37
27 38
27 39
27 46
27 52
27 54
27 64
27 65
27 66
27 84
27 86
27 87
27 88
27 89
27 90
27 91
27 108
28 28
28 29
28 40
28 42
28 43
28 48
28 53
28 56
28 57
28 62
28 63
28 70
28 72
28 73
28 74
28 75
28 76
28 77
28 78
28 79
28 80
28 81
28 82
28 83
28 99
28 101
28 109
29 29
29 31
29 37
29 41
29 43
29 48
29 53
29 56
29 57
29 62
29 63
29 70
29 72
29 73
29 74
29 75
29 76
29 77
29 78
29 79
29 80
29 81
29 82
29 83
29 85
29 109
30 30
30 31
30 33
30 70
30 71
30 73
30 75
30 83
30 85
31 31
31 33
31 70
31 71
31 73
31 75
31 77
31 83
32 32
32 33
32 34
32 35
32 60
32 64
32 65
32 66
32 67
32 68
32 69
32 97
32 107
32 108
32 114
32 115
33 33
33 34
33 35
33 66
33 67
33 68
33 69
33 71
33 108
33 115
34 34
34 35
34 44
34 45
34 46
34 52
34 64
34 65
34 66
34 67
34 88
34 89
34 90
34 91
34 92
34 93
34 105
34 108
34 110
35 35
35 44
35 45
35 46
35 64
35 65
35 66
35 67
35 88
35 90
35 92
35 93
35 104
35 105
35 108
35 110
36 36
36 37
36 38
36 39
36 40
36 41
36 46
36 47
36 54
36 55
36 88
36 94
36 95
36 96
36 97
36 98
36 99
36 110
36 111
36 114
37 37
37 38
37 39
37 40
37 41
37 43
37 46
37 47
37 54
37 55
37 57
37 78
37 94
37 95
37 96
37 98
37 100
37 105
37 109
37 110
37 112
37 114
38 38
38 39
38 40
38 41
38 54
38 55
38 78
38 80
38 82
38 86
38 88
38 94
38 95
38 96
38 97
38 98
38 107
38 112
38 115
39 39
39 40
39 41
39 54
39 55
39 64
39 86
39 88
39 89
39 94
39 95
39 96
39 97
39 107
39 108
39 110
39 113
39 114
39 115
40 40
40 41
40 54
40 55
40 57
40 63
40 72
40 74
40 82
40 83
40 85
40 86
40 94
40 95
40 96
40 97
40 98
40 99
40 101
40 111
41 41
41 70
41 72
41 73
41 74
41 75
41 77
41 78
41 79
41 80
41 85
41 95
41 98
42 42
42 43
42 44
42 45
42 46
42 47
42 48
42 63
42 72
42 74
42 76
42 77
42 78
42 79
42 80
42 81
42 85
42 109
43 43
43 44
43 45
43 46
43 47
43 48
43 53
43 63
43 72
43 74
43 77
43 79
43 80
43 81
43 110
44 44
44 45
44 46
44 47
44 48
44 64
44 65
44 66
44 67
44 110
45 45
45 47
45 48
45 65
45 66
45 67
45 87
45 110
46 46
46 47
46 48
46 52
46 54
46 66
46 67
46 90
46 94
46 95
46 96
46 104
46 105
46 108
46 109
46 110
46 111
46 113
47 47
47 48
47 54
47 55
47 79
47 80
47 81
47 94
47 95
47 96
47 98
47 104
47 105
47 109
47 110
47 111
47 112
48 48
48 53
48 63
48 81
48 83
48 98
49 49
49 50
49 51
49 58
49 59
49 61
49 84
49 87
49 88
49 89
49 90
49 91
49 93
49 102
49 103
49 104
49 106
50 50
50 51
50 56
50 58
50 59
50 62
50 103
51 51
51 58
51 64
51 66
51 67
51 84
51 85
51 88
51 89
51 103
52 52
52 53
52 89
52 90
52 92
53 53
53 56
53 57
53 63
53 72
53 74
53 76
53 78
53 80
53 81
53 83
54 54
54 55
54 86
54 87
54 88
54 89
54 94
54 95
54 96
54 97
54 102
54 103
54 104
54 105
54 107
54 108
54 110
54 113
55 55
55 88
55 89
55 94
55 95
55 96
55 97
55 99
55 102
55 103
55 104
55 105
55 107
56 56
56 57
56 58
56 59
56 61
56 62
56 63
56 70
56 72
56 74
56 76
56 78
56 80
56 82
56 99
56 101
56 102
56 103
56 107
57 57
57 59
57 63
57 72
57 73
57 74
57 75
57 76
57 77
57 78
57 79
57 80
57 81
57 82
57 98
57 99
57 100
57 101
57 102
57 103
58 58
58 59
58 60
58 61
58 66
58 69
58 88
58 89
58 91
58 93
58 99
58 101
58 103
58 106
58 107
59 59
59 60
59 61
59 69
59 88
59 89
59 91
59 93
59 103
59 106
59 107
59 114
60 60
60 61
60 64
60 65
60 66
60 67
60 69
60 91
60 92
60 93
60 107
61 61
61 65
61 69
61 92
61 93
62 62
62 63
62 68
62 70
62 72
62 73
62 74
62 75
62 76
62 80
62 82
62 83
62 84
62 85
62 101
63 63
63 68
63 70
63 72
63 73
63 74
63 75
63 76
63 77
63 78
63 79
63 80
63 81
63 82
63 83
63 100
63 101
64 64
64 65
64 66
64 67
64 84
64 88
64 89
64 91
64 93
64 105
64 107
64 108
64 114
65 65
65 66
65 67
65 89
65 90
65 92
65 108
66 66
66 67
66 88
66 89
66 90
66 91
66 93
66 104
66 105
66 106
66 108
66 110
67 67
67 88
67 89
67 90
67 93
67 104
67 105
67 106
67 108
67 110
68 68
68 69
68 70
68 72
68 73
68 74
68 75
68 76
68 77
68 79
68 99
68 107
68 114
69 69
69 106
70 70
70 71
70 72
70 73
70 74
70 75
70 76
70 77
70 78
70 79
70 80
70 81
70 82
70 83
71 71
71 73
71 75
71 77
71 109
71 114
72 72
72 73
72 74
72 75
72 76
72 77
72 78
72 79
72 80
72 81
72 82
72 83
72 99
72 101
73 73
73 74
73 75
73 76
73 77
73 78
73 79
73 80
73 81
73 82
73 83
73 85
74 74
74 75
74 76
74 77
74 78
74 79
74 80
74 81
74 82
74 83
74 99
74 111
75 75
75 76
75 77
75 78
75 79
75 80
75 81
75 82
75 83
76 76
76 77
76 78
76 79
76 80
76 81
76 82
76 83
76 99
77 77
77 78
77 79
77 80
77 81
77 82
77 83
77 109
78 78
78 79
78 80
78 81
78 82
78 99
78 109
78 111
79 79
79 80
79 81
79 109
79 111
80 80
80 81
80 82
80 83
80 84
80 85
80 86
80 101
81 81
81 82
81 83
81 98
81 109
81 111
82 82
82 83
82 85
82 86
82 101
83 83
83 85
84 84
84 85
84 86
84 87
84 88
84 89
85 85
85 86
85 87
86 86
86 87
86 88
86 89
86 101
87 87
87 88
87 89
88 88
88 89
88 91
88 93
88 95
88 96
88 104
88 105
88 106
88 107
89 89
89 90
89 91
89 92
89 93
90 90
90 91
90 92
90 93
90 98
90 105
90 106
90 108
91 91
91 92
91 93
91 98
91 103
91 104
91 106
91 107
91 113
92 92
92 93
92 98
92 100
92 106
92 112
93 93
93 106
93 107
93 112
94 94
94 95
94 96
94 97
94 99
94 104
94 108
94 109
94 110
94 111
94 112
94 113
94 114
94 115
95 95
95 96
95 97
95 98
95 104
95 108
95 110
95 111
95 112
95 115
96 96
96 97
96 98
96 99
96 102
96 104
96 105
96 106
96 107
96 108
96 109
96 110
96 111
96 112
96 113
96 114
96 115
97 97
97 99
97 104
97 107
97 109
97 110
97 111
97 113
97 114
98 98
98 99
98 100
98 101
98 102
98 103
98 111
98 112
98 113
99 99
99 100
99 101
99 102
99 103
99 107
99 111
99 112
99 113
100 100
100 101
100 102
100 103
100 106
101 101
101 102
101 103
102 102
102 103
102 104
102 106
102 108
102 111
102 113
102 115
103 103
103 104
103 106
103 113
104 104
104 105
104 106
104 108
104 110
104 111
104 112
104 113
105 105
105 106
105 110
105 113
106 106
106 110
106 113
107 107
107 113
107 114
108 108
108 110
108 113
108 115
109 109
109 110
109 113
110 110
110 111
110 112
110 113
111 111
111 112
111 113
111 115
112 112
112 113
112 115
113 113
113 115
114 114
115 115
