0 0
0 6
0 19
0 48
0 49
0 74
0 82
0 83
0 84
0 86
0 88
1 1
1 3
1 4
1 7
1 8
1 9
1 11
1 12
1 13
1 50
1 51
1 65
1 69
1 90
1 92
1 95
1 100
1 104
2 2
2 4
2 5
2 6
2 7
2 8
2 12
2 20
2 21
2 22
2 23
2 25
2 26
2 27
2 30
2 35
2 50
2 64
2 66
2 67
2 70
2 88
2 110
3 3
3 4
3 5
3 7
3 8
3 9
3 22
3 23
3 25
3 27
3 30
3 31
3 64
3 85
3 86
3 87
3 88
3 89
3 110
4 4
4 5
4 6
4 8
4 9
4 14
4 15
4 20
4 21
4 22
4 24
4 25
4 26
4 27
4 41
4 50
4 64
4 67
4 69
4 88
4 90
4 92
4 93
4 110
5 5
5 6
5 7
5 8
5 9
5 21
5 22
5 23
5 24
5 25
5 26
5 27
5 30
5 38
5 39
5 41
5 50
5 66
5 67
5 85
5 89
5 97
5 110
6 6
6 7
6 8
6 9
6 12
6 13
6 15
6 20
6 26
6 35
6 44
6 48
6 49
6 50
6 51
6 53
6 64
6 65
6 66
6 67
6 70
6 83
6 90
6 92
6 93
7 7
7 8
7 9
7 12
7 13
7 15
7 21
7 22
7 23
7 25
7 30
7 31
7 50
7 64
7 71
7 100
7 104
7 110
8 8
8 9
8 13
8 14
8 15
8 19
8 20
8 21
8 23
8 24
8 25
8 37
8 41
8 50
8 53
8 64
8 66
8 67
8 69
8 92
8 93
8 100
8 105
8 110
8 112
9 9
9 13
9 14
9 15
9 19
9 20
9 21
9 24
9 25
9 37
9 50
9 65
9 67
9 69
9 92
9 93
9 97
9 100
9 105
9 109
9 110
10 10
10 11
10 12
10 13
10 14
10 15
10 17
10 20
10 23
10 28
10 29
10 30
10 31
10 33
10 34
10 35
10 41
10 64
10 65
10 70
10 71
10 73
10 74
10 75
10 79
10 86
10 93
10 105
10 109
11 11
11 12
11 13
11 17
11 44
11 45
11 48
11 49
11 50
11 51
11 65
11 73
11 74
11 75
11 76
11 100
11 104
12 12
12 13
12 15
12 17
12 28
12 29
12 30
12 33
12 35
12 41
12 44
12 45
12 48
12 49
12 50
12 51
12 64
12 65
12 70
12 71
12 73
12 74
12 93
12 100
12 101
13 13
13 15
13 17
13 21
13 28
13 29
13 30
13 31
13 33
13 37
13 41
13 65
13 71
13 73
13 75
13 92
13 93
13 100
13 101
13 109
13 112
14 14
14 15
14 20
14 21
14 24
14 25
14 33
14 36
14 37
14 40
14 41
14 53
14 74
14 82
14 84
14 92
14 93
14 112
14 114
15 15
15 20
15 21
15 24
15 26
15 29
15 33
15 37
15 40
15 41
15 53
15 65
15 71
15 73
15 83
15 92
15 93
15 100
15 112
16 16
16 17
16 28
16 29
16 31
16 34
16 56
16 57
16 62
16 63
16 70
16 72
16 73
16 78
16 79
16 80
16 81
16 84
16 86
16 87
17 17
17 28
17 29
17 34
17 35
17 65
17 73
17 74
17 75
17 76
17 78
17 79
17 86
18 18
18 19
18 26
18 33
18 36
18 37
18 40
18 56
18 57
18 58
18 59
18 61
18 62
18 63
18 68
18 69
18 72
18 78
18 80
18 81
18 82
18 84
18 87
18 88
18 106
18 109
18 111
18 113
19 19
19 20
19 26
19 28
19 36
19 37
19 53
19 57
19 68
19 69
19 70
19 82
19 83
19 84
19 92
19 109
19 113
20 20
20 21
20 24
20 26
20 36
20 37
20 38
20 40
20 41
20 53
20 67
20 69
20 75
20 82
20 92
20 93
20 105
20 109
20 110
21 21
21 24
21 25
21 26
21 27
21 36
21 37
21 38
21 39
21 40
21 41
21 71
21 109
22 22
22 23
22 25
22 26
22 27
22 30
22 31
22 35
22 50
22 64
22 70
22 71
22 86
22 88
22 110
23 23
23 25
23 27
23 30
23 31
23 34
23 35
23 64
23 70
23 71
23 86
23 88
23 105
23 110
24 24
24 25
24 26
24 27
24 37
24 50
24 64
24 67
24 92
24 93
24 97
24 105
24 110
24 115
25 25
25 26
25 27
25 30
25 31
25 32
25 35
25 40
25 41
25 50
25 64
25 66
25 67
25 88
25 93
25 102
25 103
25 110
26 26
26 27
26 36
26 38
26 39
26 40
26 41
26 54
26 69
26 70
26 82
26 88
27 27
27 30
27 31
27 39
27 40
27 41
27 64
27 86
27 88
27 89
27 110
28 28
28 29
28 33
28 34
28 36
28 37
28 38
28 40
28 41
28 57
28 62
28 63
28 70
28 71
28 72
28 73
28 78
28 79
28 80
28 81
28 82
28 83
28 84
28 94
28 109
28 111
28 112
28 113
29 29
29 30
29 31
29 32
29 33
29 34
29 37
29 40
29 41
29 62
29 63
29 70
29 71
29 72
29 78
29 79
29 80
29 81
29 84
29 85
29 101
29 109
29 112
29 113
30 30
30 31
30 32
30 34
30 35
30 50
30 64
30 70
30 71
30 79
30 86
30 88
30 101
30 102
30 110
31 31
31 32
31 33
31 34
31 41
31 62
31 63
31 64
31 71
31 72
31 78
31 79
31 86
31 88
31 110
32 32
32 33
32 41
32 62
32 64
32 72
32 79
32 100
32 101
32 102
32 103
32 106
32 108
33 33
33 36
33 37
33 40
33 41
33 57
33 62
33 63
33 68
33 71
33 72
33 78
33 79
33 80
33 81
33 84
33 101
33 112
33 113
33 114
34 34
34 35
34 44
34 62
34 70
34 71
34 72
34 78
34 79
34 86
34 96
35 35
35 44
35 45
35 50
35 64
35 65
35 67
35 71
35 76
35 77
35 110
36 36
36 37
36 38
36 39
36 40
36 41
36 52
36 56
36 57
36 59
36 61
36 63
36 68
36 78
36 80
36 81
36 82
36 83
36 84
36 85
36 94
36 108
36 109
36 112
36 113
37 37
37 38
37 39
37 40
37 41
37 69
37 80
37 81
37 82
37 84
37 85
37 92
37 93
37 94
37 105
37 109
37 111
37 112
37 113
38 38
38 39
38 40
38 41
38 54
38 55
38 82
38 83
38 85
38 87
38 89
38 94
38 109
38 110
38 112
39 39
39 40
39 41
39 78
39 86
39 87
39 88
39 89
39 94
39 109
40 40
40 41
40 57
40 72
40 74
40 79
40 80
40 81
40 82
40 83
40 84
40 94
40 101
40 109
40 112
40 113
41 41
41 64
41 75
41 93
41 101
42 42
42 43
42 44
42 45
42 46
42 47
42 48
42 49
42 51
42 52
42 53
42 55
42 58
42 66
42 83
42 96
42 98
42 99
42 108
43 43
43 44
43 45
43 46
43 47
43 48
43 49
43 50
43 51
43 52
43 55
43 58
43 66
43 67
43 95
43 96
43 98
43 99
43 107
43 108
44 44
44 45
44 46
44 47
44 48
44 49
44 50
44 51
44 52
44 53
44 64
44 65
44 66
44 74
44 90
44 96
44 98
44 99
44 100
44 102
44 107
45 45
45 46
45 47
45 48
45 49
45 50
45 51
45 65
45 66
45 67
45 74
45 96
45 98
45 100
45 101
45 102
45 107
46 46
46 47
46 48
46 49
46 50
46 51
46 52
46 53
46 54
46 55
46 58
46 59
46 65
46 66
46 67
46 77
46 83
46 90
46 95
46 96
46 97
46 98
46 99
46 107
46 108
47 47
47 48
47 49
47 50
47 51
47 52
47 53
47 54
47 55
47 66
47 67
47 95
47 96
47 97
47 98
47 99
47 108
48 48
48 49
48 50
48 51
48 52
48 53
48 55
48 65
48 66
48 74
48 90
48 96
48 98
48 99
48 100
48 101
48 102
48 103
48 107
49 49
49 50
49 51
49 52
49 53
49 55
49 65
49 67
49 73
49 74
49 90
49 91
49 96
49 98
49 100
50 50
50 51
50 64
50 65
50 66
50 67
50 96
50 100
50 102
50 110
51 51
51 52
51 53
51 55
51 65
51 66
51 67
51 74
51 90
51 96
51 98
51 100
52 52
52 53
52 54
52 55
52 58
52 59
52 61
52 65
52 66
52 67
52 77
52 83
52 95
52 98
52 108
53 53
53 54
53 55
53 67
53 69
53 75
53 82
53 83
53 91
53 92
53 93
54 54
54 55
54 58
54 59
54 82
54 90
54 91
54 96
54 97
55 55
55 58
55 59
55 60
55 61
55 74
55 83
55 89
55 91
55 95
55 96
55 98
55 99
55 108
56 56
56 57
56 58
56 59
56 60
56 61
56 62
56 63
56 68
56 72
56 78
56 79
56 80
56 81
56 86
56 87
56 89
56 91
56 99
56 106
56 108
56 113
57 57
57 58
57 59
57 61
57 62
57 63
57 68
57 69
57 72
57 78
57 79
57 80
57 81
57 84
57 85
57 87
57 89
57 106
57 109
57 111
57 113
58 58
58 59
58 60
58 61
58 62
58 63
58 66
58 68
58 80
58 87
58 89
58 90
58 95
58 96
58 98
58 99
58 106
58 108
58 113
59 59
59 60
59 61
59 62
59 63
59 66
59 68
59 69
59 80
59 81
59 87
59 89
59 95
59 96
59 97
59 98
59 106
59 108
59 113
60 60
60 61
60 62
60 63
60 78
60 80
60 81
60 91
60 95
60 98
60 99
60 101
60 103
60 106
60 108
60 113
61 61
61 62
61 63
61 80
61 81
61 83
61 95
61 98
61 99
61 106
61 108
61 113
61 114
62 62
62 63
62 70
62 72
62 78
62 79
62 80
62 81
62 83
62 98
62 99
62 101
62 106
62 113
63 63
63 68
63 72
63 78
63 79
63 80
63 81
63 84
63 87
63 89
63 98
63 99
63 106
63 111
63 112
63 113
63 114
64 64
64 65
64 86
64 88
64 93
64 100
64 101
64 102
64 110
65 65
65 67
65 73
65 74
65 75
65 77
65 100
65 104
66 66
66 67
66 69
66 77
66 90
66 97
66 107
66 108
67 67
67 69
67 77
67 90
67 92
67 97
67 104
67 105
67 110
68 68
68 69
68 78
68 80
68 81
68 85
68 95
68 106
68 108
68 109
68 113
69 69
69 70
69 90
69 92
69 94
69 95
69 109
70 70
70 72
70 73
70 75
70 76
70 78
70 82
70 106
71 71
71 72
71 77
71 79
71 104
71 111
72 72
72 73
72 74
72 76
72 78
72 79
72 80
72 81
72 82
72 84
72 101
72 106
72 113
72 114
72 115
73 73
73 74
73 75
73 76
73 77
73 93
73 100
73 105
74 74
74 75
74 76
74 86
74 91
74 98
74 99
74 101
75 75
75 77
75 86
75 91
75 93
75 105
75 109
76 76
76 77
76 103
76 107
76 108
76 114
77 77
77 97
77 102
77 103
77 104
77 105
77 107
77 114
78 78
78 79
78 80
78 81
78 84
78 86
78 87
78 89
78 99
78 106
78 113
79 79
79 80
79 81
79 84
79 86
79 87
79 89
79 99
79 106
79 113
80 80
80 81
80 82
80 83
80 84
80 85
80 87
80 94
80 99
80 112
80 113
81 81
81 82
81 84
81 106
81 111
81 112
81 113
81 114
82 82
82 83
82 84
82 86
82 87
82 88
82 91
82 111
82 112
82 113
83 83
83 84
83 85
83 87
83 94
84 84
84 85
84 87
84 89
84 99
84 113
85 85
85 87
85 89
85 94
85 97
86 86
86 87
86 88
86 89
86 91
86 110
87 87
87 88
87 89
87 96
87 98
87 99
87 106
88 88
88 89
88 110
89 89
89 96
89 99
89 106
90 90
90 91
90 92
90 95
90 100
90 102
90 103
90 106
90 107
90 108
91 91
91 98
91 99
91 101
91 106
91 111
91 113
92 92
92 93
92 94
92 97
92 100
92 103
92 105
92 112
92 114
93 93
93 100
93 101
93 103
93 105
93 109
93 111
93 112
94 94
94 95
94 97
94 108
94 109
94 112
94 113
95 95
95 96
95 97
95 98
95 99
95 103
95 108
96 96
96 97
96 98
96 99
96 107
97 97
97 104
97 105
97 108
97 109
97 110
97 115
98 98
98 99
98 106
98 108
98 111
98 113
99 99
99 106
99 111
99 113
100 100
100 101
100 102
100 103
100 104
101 101
101 102
101 103
101 106
102 102
102 103
102 104
102 106
102 107
102 114
102 115
103 103
103 104
103 107
103 108
103 114
104 104
104 105
104 107
104 110
104 114
105 105
105 109
105 110
105 111
105 112
106 106
106 107
106 113
106 115
107 107
107 114
108 108
108 114
108 115
109 109
109 111
109 112
109 113
110 110
111 111
111 112
111 113
112 112
112 113
112 114
113 113
113 114
113 115
114 114
114 115
115 115
