0 0
0 10
0 18
0 56
0 58
0 59
0 60
0 61
0 82
0 87
0 88
0 93
0 100
0 101
0 102
0 106
0 108
0 109
1 1
1 19
1 35
1 50
1 52
1 56
1 57
1 58
1 59
1 61
1 63
1 66
1 67
1 68
1 69
1 86
1 90
1 91
2 2
2 3
2 4
2 6
2 7
2 8
2 10
2 14
2 18
2 21
2 22
2 23
2 24
2 26
2 27
2 58
2 64
2 66
2 88
2 93
2 104
3 3
3 5
3 7
3 18
3 19
3 23
3 25
3 26
3 27
3 31
3 33
3 41
3 64
3 65
3 83
3 85
3 92
3 95
4 4
4 5
4 6
4 8
4 9
4 14
4 15
4 18
4 22
4 23
4 24
4 25
4 26
4 27
4 28
4 34
4 42
4 60
4 70
4 71
4 72
4 73
4 75
4 76
4 77
4 82
4 83
4 93
4 101
4 108
4 112
5 5
5 8
5 9
5 14
5 15
5 22
5 23
5 24
5 25
5 26
5 27
5 28
5 29
5 31
5 34
5 70
5 71
5 73
5 75
5 76
5 77
5 82
5 83
5 88
5 89
5 95
5 99
5 108
6 6
6 7
6 8
6 12
6 23
6 60
6 93
6 101
6 104
7 7
7 9
7 13
7 60
7 64
7 65
7 92
7 94
7 101
8 8
8 9
8 10
8 12
8 14
8 15
8 24
8 26
8 27
8 28
8 36
8 37
8 42
8 43
8 46
8 47
8 60
8 70
8 71
8 72
8 73
8 75
8 76
8 77
8 79
8 82
8 94
9 9
9 11
9 12
9 13
9 14
9 15
9 28
9 29
9 32
9 33
9 37
9 42
9 43
9 46
9 47
9 55
9 60
9 65
9 70
9 71
9 72
9 73
9 79
9 94
10 10
10 11
10 12
10 14
10 15
10 18
10 22
10 23
10 25
10 26
10 27
10 28
10 82
10 86
10 88
11 11
11 12
11 13
11 15
11 16
11 17
11 29
11 32
11 54
11 65
11 78
11 79
11 81
11 86
11 90
11 92
11 95
12 12
12 13
12 15
12 29
12 32
12 37
12 38
12 41
12 54
12 60
12 62
12 65
12 72
12 86
13 13
13 15
13 17
13 32
13 33
13 38
13 39
13 41
13 52
13 54
13 60
13 61
13 62
13 65
13 78
13 79
13 81
13 96
14 14
14 15
14 18
14 22
14 23
14 24
14 25
14 26
14 27
14 28
14 31
14 34
14 36
14 42
14 43
14 47
14 70
14 72
14 73
14 75
14 76
14 77
14 82
14 83
14 84
14 88
14 89
14 108
14 113
14 114
15 15
15 26
15 27
15 28
15 29
15 33
15 36
15 37
15 41
15 42
15 60
15 61
15 65
15 70
15 72
15 75
15 76
15 77
15 83
15 85
15 108
16 16
16 17
16 19
16 29
16 32
16 33
16 40
16 56
16 57
16 62
16 63
16 72
16 73
16 78
16 79
16 80
16 81
16 95
16 97
16 99
16 100
16 102
16 103
16 108
16 109
17 17
17 19
17 20
17 29
17 32
17 37
17 38
17 40
17 41
17 52
17 54
17 55
17 56
17 57
17 62
17 63
17 69
17 72
17 73
17 74
17 75
17 78
17 79
17 80
17 81
17 86
17 95
17 96
17 97
17 99
17 109
17 111
18 18
18 19
18 22
18 23
18 24
18 25
18 26
18 27
18 31
18 62
18 77
18 82
18 83
18 85
18 87
18 88
18 89
18 109
19 19
19 20
19 29
19 56
19 57
19 68
19 69
19 75
19 78
19 80
19 81
19 83
19 84
19 85
19 87
19 95
19 97
19 99
19 109
19 111
19 113
19 114
20 20
20 21
20 38
20 40
20 52
20 53
20 70
20 71
20 73
20 75
20 76
20 77
20 81
20 95
20 96
21 21
21 26
21 36
21 40
21 70
21 71
21 76
21 77
21 80
21 81
21 95
21 96
21 97
21 100
21 103
21 109
22 22
22 23
22 24
22 25
22 26
22 27
22 28
22 30
22 31
22 34
22 58
22 64
22 66
22 67
22 76
22 82
22 84
22 88
22 89
22 93
23 23
23 24
23 25
23 26
23 27
23 28
23 30
23 31
23 34
23 76
23 82
23 83
23 84
23 88
23 89
23 93
23 101
23 104
23 113
23 114
24 24
24 25
24 26
24 27
24 28
24 30
24 31
24 34
24 50
24 64
24 70
24 71
24 72
24 73
24 75
24 76
24 77
24 82
24 84
25 25
25 26
25 27
25 28
25 30
25 31
25 34
25 64
25 70
25 71
25 73
25 75
25 76
25 77
25 82
25 84
25 89
26 26
26 27
26 31
26 70
26 73
26 76
26 77
26 82
26 83
26 84
26 87
26 88
26 89
26 101
26 102
26 104
26 106
26 108
27 27
27 28
27 31
27 34
27 70
27 73
27 75
27 76
27 77
27 82
27 83
27 84
27 87
27 88
27 89
27 104
27 108
28 28
28 29
28 31
28 33
28 34
28 36
28 37
28 42
28 43
28 47
28 60
28 70
28 71
28 72
28 73
28 75
28 76
28 77
28 82
28 83
28 84
28 85
28 106
28 108
28 113
29 29
29 32
29 37
29 40
29 41
29 55
29 56
29 72
29 73
29 75
29 78
29 79
29 80
29 81
29 83
29 95
29 97
29 99
29 100
29 108
29 109
30 30
30 31
30 33
30 34
30 64
30 75
30 82
30 84
31 31
31 34
31 64
31 73
31 75
31 76
31 77
31 82
31 84
31 88
32 32
32 33
32 37
32 38
32 39
32 54
32 55
32 56
32 60
32 61
32 62
32 65
32 71
32 72
32 78
32 79
32 80
32 81
32 94
32 96
32 97
32 103
32 109
33 33
33 34
33 60
33 61
33 65
33 72
33 74
33 75
33 76
33 77
33 78
33 80
33 81
33 83
33 84
33 85
33 102
33 107
33 108
34 34
34 35
34 43
34 70
34 71
34 72
34 75
34 76
34 77
34 82
34 84
34 85
34 106
34 108
34 113
35 35
35 44
35 45
35 50
35 66
35 67
35 68
35 84
35 110
36 36
36 37
36 38
36 39
36 40
36 41
36 46
36 52
36 54
36 55
36 63
36 72
36 74
36 75
36 76
36 77
37 37
37 38
37 39
37 40
37 41
37 46
37 52
37 54
37 55
37 63
37 72
37 73
37 74
37 75
37 76
37 77
37 78
37 79
37 96
37 98
38 38
38 39
38 40
38 41
38 46
38 52
38 53
38 54
38 55
38 62
38 63
38 74
38 75
38 89
38 96
38 98
38 103
38 105
38 110
39 39
39 41
39 46
39 52
39 54
39 55
39 62
39 63
39 96
39 98
39 103
39 104
39 105
39 109
39 110
40 40
40 41
40 70
40 73
40 78
40 80
40 81
40 93
40 95
40 96
40 97
40 99
40 100
40 102
40 106
40 108
40 109
41 41
41 54
41 72
41 73
41 74
41 75
41 81
41 83
41 85
41 95
41 96
41 109
42 42
42 43
42 44
42 45
42 46
42 47
42 48
42 49
42 51
42 53
42 55
42 99
42 111
42 112
43 43
43 44
43 45
43 46
43 47
43 48
43 49
43 51
43 55
43 79
43 99
43 111
43 112
43 113
44 44
44 45
44 46
44 47
44 48
44 49
44 50
44 51
44 53
44 67
44 90
44 91
44 98
44 110
44 111
44 112
45 45
45 46
45 47
45 48
45 49
45 50
45 51
45 53
45 67
45 91
45 98
45 110
45 111
45 112
46 46
46 47
46 49
46 53
46 54
46 55
46 72
46 79
46 80
46 96
46 111
47 47
47 48
47 49
47 51
47 53
47 55
47 98
47 110
47 111
47 112
48 48
48 49
48 50
48 51
48 52
48 53
48 58
48 59
48 66
48 67
48 86
48 90
48 91
48 92
48 98
48 111
48 112
49 49
49 50
49 51
49 53
49 55
49 79
49 90
49 91
49 92
49 98
49 99
49 111
49 112
50 50
50 51
50 52
50 53
50 54
50 58
50 59
50 66
50 67
50 68
50 69
50 86
50 90
50 91
50 110
50 112
51 51
51 52
51 53
51 59
51 66
51 67
51 86
51 90
51 91
51 92
51 98
51 99
51 111
51 112
52 52
52 53
52 54
52 55
52 58
52 59
52 61
52 62
52 63
52 66
52 68
52 69
52 74
52 79
52 86
52 88
52 89
52 90
52 91
52 96
52 98
52 112
53 53
53 55
53 59
53 63
53 68
53 74
53 86
53 90
53 91
53 98
53 112
54 54
54 55
54 62
54 63
54 69
54 74
54 75
54 78
54 79
54 88
54 89
54 96
54 98
54 110
54 111
55 55
55 62
55 63
55 72
55 74
55 78
55 79
55 80
55 81
55 89
55 96
55 97
55 98
55 99
55 111
55 112
55 115
56 56
56 57
56 61
56 63
56 68
56 69
56 78
56 79
56 80
56 81
56 95
56 97
56 98
56 99
56 100
56 102
56 109
56 113
57 57
57 59
57 61
57 63
57 66
57 67
57 68
57 69
57 78
57 80
57 81
57 99
57 100
57 102
57 103
57 111
57 113
57 115
58 58
58 59
58 60
58 61
58 62
58 63
58 66
58 67
58 68
58 88
58 90
58 91
58 93
58 98
58 101
58 103
58 104
58 112
59 59
59 61
59 63
59 66
59 67
59 68
59 69
59 88
59 90
59 91
59 93
59 98
59 103
59 107
59 112
59 115
60 60
60 61
60 62
60 65
60 70
60 72
60 94
60 101
60 103
60 104
61 61
61 63
61 65
61 70
61 77
61 78
61 80
61 94
61 95
61 97
61 100
61 102
61 106
61 108
61 113
62 62
62 63
62 79
62 80
62 81
62 96
62 103
63 63
63 66
63 74
63 78
63 80
63 81
63 105
63 107
63 115
64 64
64 65
64 88
65 65
65 94
66 66
66 67
66 68
66 69
66 86
66 88
66 90
66 91
66 93
66 103
66 104
66 105
66 107
66 112
67 67
67 68
67 69
67 86
67 91
67 110
67 114
68 68
68 69
68 86
68 98
68 110
69 69
69 78
69 80
69 81
69 86
69 95
69 96
69 97
69 99
69 109
69 111
70 70
70 71
70 72
70 73
70 75
70 76
70 77
70 78
70 79
70 82
70 93
70 94
70 95
70 100
70 102
70 106
70 108
70 109
71 71
71 72
71 73
71 75
71 76
71 77
71 78
71 79
71 80
71 81
71 84
71 94
71 95
71 96
71 97
71 108
71 109
72 72
72 73
72 74
72 75
72 76
72 77
72 78
72 79
72 80
72 84
72 108
73 73
73 74
73 75
73 76
73 77
73 78
73 79
73 81
73 84
73 95
73 108
74 74
74 75
74 79
74 89
75 75
75 76
75 77
75 78
75 79
75 82
75 84
75 95
75 96
75 108
75 109
76 76
76 77
76 82
76 84
76 100
76 108
77 77
77 82
77 83
77 84
77 85
77 100
77 102
77 106
77 108
78 78
78 79
78 80
78 81
78 84
78 95
78 96
78 97
78 99
78 108
78 109
78 111
78 115
79 79
79 80
79 81
79 95
79 96
79 97
79 99
79 108
79 109
79 111
79 115
80 80
80 81
80 83
80 84
80 85
80 95
80 96
80 97
80 99
80 108
80 109
80 111
81 81
81 83
81 84
81 85
81 95
81 96
81 97
81 99
81 108
81 109
81 111
82 82
82 83
82 84
82 87
82 88
82 89
82 108
83 83
83 84
83 85
83 87
83 102
83 108
83 113
84 84
84 85
85 85
85 87
85 106
85 108
85 114
86 86
86 88
86 89
86 90
86 91
87 87
87 89
87 97
87 108
87 109
88 88
88 89
89 89
89 98
89 110
90 90
90 91
90 92
90 93
90 98
90 99
90 111
90 112
91 91
91 92
91 93
91 98
91 99
91 111
91 112
92 92
92 93
92 98
92 99
92 100
92 101
92 102
92 106
92 112
92 113
92 114
93 93
93 100
93 101
93 102
93 103
93 104
93 106
93 107
93 112
93 114
94 94
94 97
94 100
94 101
94 102
94 114
94 115
95 95
95 96
95 97
95 99
95 100
95 102
95 108
95 109
96 96
96 97
96 99
96 109
96 110
96 111
96 115
97 97
97 99
97 100
97 102
97 108
97 109
97 111
97 115
98 98
98 99
98 103
98 110
98 111
98 112
98 115
99 99
99 100
99 102
99 106
99 108
99 109
99 111
99 112
99 113
99 115
100 100
100 101
100 102
100 103
100 104
100 106
100 108
100 109
100 113
100 114
101 101
101 102
101 103
101 104
101 105
101 106
101 107
101 113
101 114
102 102
102 103
102 104
102 105
102 106
102 107
102 108
102 109
102 113
102 114
102 115
103 103
103 104
103 105
103 107
104 104
104 105
104 107
105 105
105 107
106 106
106 107
106 108
106 113
106 114
107 107
107 113
107 114
107 115
108 108
108 109
108 115
109 109
109 115
110 110
110 111
111 111
111 112
112 112
113 113
113 114
114 114
115 115
