0 0
0 4
0 8
0 9
0 10
0 11
0 18
0 19
0 32
0 56
0 58
0 60
0 64
0 69
0 91
0 107
1 1
1 16
1 17
1 39
1 56
1 57
1 58
1 63
1 66
1 68
1 78
1 80
1 81
1 98
1 115
2 2
2 4
2 6
2 8
2 9
2 10
2 14
2 18
2 22
2 23
2 24
2 25
2 30
2 31
2 34
2 60
2 64
2 65
2 88
2 91
2 93
2 94
2 103
2 110
2 113
3 3
3 5
3 7
3 9
3 11
3 13
3 15
3 19
3 23
3 25
3 31
3 35
3 60
3 61
3 64
3 65
3 67
3 90
3 92
3 93
3 103
3 110
4 4
4 5
4 6
4 8
4 9
4 10
4 14
4 22
4 23
4 24
4 26
4 30
4 31
4 34
4 35
4 60
4 64
4 67
4 70
4 88
4 90
4 91
4 93
4 103
4 110
5 5
5 7
5 8
5 9
5 10
5 11
5 13
5 15
5 20
5 21
5 23
5 24
5 25
5 26
5 27
5 35
5 58
5 60
5 61
5 65
5 67
5 71
5 92
5 93
5 103
5 106
5 110
6 6
6 7
6 8
6 10
6 14
6 18
6 22
6 23
6 28
6 30
6 31
6 33
6 34
6 35
6 44
6 60
6 64
6 93
7 7
7 9
7 11
7 13
7 15
7 21
7 23
7 24
7 25
7 31
7 35
7 41
7 60
7 61
7 65
7 92
8 8
8 9
8 10
8 12
8 14
8 22
8 23
8 60
8 62
8 65
9 9
9 10
9 11
9 13
9 15
9 21
9 23
9 24
9 25
9 26
9 27
9 34
9 35
9 58
9 61
9 65
9 67
9 69
9 70
9 71
9 89
9 90
9 92
9 93
9 103
9 106
9 110
10 10
10 11
10 12
10 13
10 14
10 22
10 34
10 60
10 61
10 64
10 65
10 84
10 88
10 106
11 11
11 12
11 13
11 15
11 60
11 61
11 63
11 65
11 92
11 103
11 106
11 107
12 12
12 13
12 15
12 16
12 17
12 28
12 29
12 51
12 52
12 60
12 62
12 63
12 70
12 72
12 75
12 80
12 101
12 106
12 112
13 13
13 15
13 37
13 39
13 52
13 60
13 61
13 63
13 65
13 75
13 92
13 106
14 14
14 22
14 23
14 24
14 26
14 30
14 34
14 35
14 64
14 65
14 82
14 88
14 108
15 15
15 21
15 25
15 29
15 31
15 36
15 37
15 38
15 39
15 41
15 61
15 71
15 75
15 83
15 92
16 16
16 17
16 28
16 29
16 32
16 36
16 46
16 50
16 56
16 57
16 62
16 63
16 66
16 68
16 72
16 78
16 79
16 80
16 81
16 84
16 85
16 106
17 17
17 28
17 29
17 32
17 36
17 40
17 46
17 50
17 52
17 55
17 56
17 57
17 62
17 63
17 66
17 72
17 78
17 79
17 80
17 81
17 84
17 85
17 89
18 18
18 19
18 22
18 28
18 30
18 32
18 33
18 34
18 42
18 44
18 64
18 69
18 82
18 86
18 88
18 91
18 105
18 111
18 113
18 114
19 19
19 59
19 66
19 67
19 68
19 69
19 76
19 77
19 82
19 83
19 90
19 91
19 92
19 93
19 98
19 100
19 102
19 110
19 111
20 20
20 21
20 24
20 25
20 26
20 27
20 30
20 31
20 34
20 36
20 38
20 41
20 70
20 71
20 73
20 75
20 76
20 77
20 82
20 91
20 92
20 93
20 94
20 100
20 101
20 104
20 110
21 21
21 24
21 25
21 26
21 27
21 30
21 31
21 36
21 37
21 38
21 39
21 41
21 67
21 70
21 71
21 73
21 75
21 76
21 77
21 91
21 92
21 93
21 94
21 95
21 96
21 97
21 100
21 103
21 104
21 109
21 110
22 22
22 23
22 24
22 30
22 34
22 35
22 42
22 44
22 45
22 49
22 64
22 65
22 82
22 86
22 88
22 93
22 108
22 110
22 113
23 23
23 24
23 25
23 30
23 31
23 34
23 35
23 44
23 45
23 64
23 88
23 89
23 91
23 92
23 93
23 110
24 24
24 25
24 26
24 27
24 30
24 34
24 35
24 39
24 41
24 43
24 47
24 65
24 93
24 94
24 96
24 104
24 108
24 110
24 113
25 25
25 26
25 27
25 30
25 31
25 35
25 39
25 41
25 43
25 65
25 67
25 70
25 71
25 77
25 92
25 93
25 94
25 96
25 104
25 110
26 26
26 27
26 34
26 38
26 41
26 43
26 54
26 65
26 67
26 68
26 69
26 70
26 71
26 73
26 77
26 88
26 93
26 96
26 104
26 109
26 110
27 27
27 35
27 39
27 41
27 43
27 47
27 65
27 67
27 68
27 71
27 73
27 92
27 93
27 96
27 97
27 104
27 110
28 28
28 29
28 30
28 32
28 33
28 36
28 40
28 46
28 62
28 72
28 74
28 75
28 76
28 78
28 79
28 80
28 81
28 82
28 83
28 84
28 85
28 94
28 95
28 108
28 111
28 114
29 29
29 32
29 33
29 36
29 37
29 38
29 39
29 41
29 46
29 51
29 52
29 53
29 55
29 62
29 72
29 73
29 74
29 75
29 76
29 78
29 79
29 80
29 81
29 83
29 87
29 95
29 96
29 98
29 99
29 102
29 111
30 30
30 31
30 32
30 33
30 34
30 35
30 42
30 44
30 64
30 72
30 82
30 93
30 94
30 110
30 111
30 113
30 114
31 31
31 33
31 34
31 35
31 82
31 83
31 92
31 93
31 94
31 100
31 110
32 32
32 33
32 42
32 43
32 46
32 47
32 50
32 56
32 57
32 72
32 78
32 79
32 80
32 81
32 105
32 108
32 114
33 33
33 34
33 35
33 40
33 56
33 79
33 81
33 108
34 34
34 35
34 44
34 45
34 47
34 64
34 67
34 69
34 70
34 71
34 77
34 82
34 86
34 88
34 93
34 94
34 108
34 109
34 110
34 114
35 35
35 42
35 43
35 44
35 45
35 47
35 64
35 65
35 67
35 68
35 69
35 92
35 110
36 36
36 37
36 38
36 39
36 40
36 41
36 54
36 55
36 62
36 72
36 73
36 74
36 75
36 76
36 78
36 79
36 80
36 81
36 83
36 85
36 87
36 94
36 95
36 96
36 108
36 109
37 37
37 38
37 39
37 40
37 41
37 54
37 55
37 61
37 63
37 65
37 72
37 73
37 74
37 75
37 76
37 87
37 95
37 96
37 97
37 99
37 101
37 103
37 104
37 108
37 109
37 115
38 38
38 39
38 40
38 41
38 54
38 55
38 68
38 70
38 72
38 73
38 74
38 75
38 76
38 77
38 82
38 83
38 86
38 87
38 94
38 95
38 96
38 104
38 109
39 39
39 40
39 41
39 54
39 55
39 61
39 65
39 72
39 73
39 74
39 75
39 76
39 78
39 83
39 87
39 94
39 95
39 96
39 97
39 104
39 109
39 115
40 40
40 41
40 72
40 73
40 74
40 75
40 78
40 79
40 80
40 81
40 82
40 94
40 97
40 109
40 112
40 113
41 41
41 55
41 70
41 71
41 72
41 73
41 74
41 75
41 76
41 77
41 82
41 83
41 87
41 94
41 95
41 96
41 97
41 102
41 104
41 109
41 110
42 42
42 43
42 44
42 45
42 46
42 47
42 49
42 56
42 57
42 78
42 82
43 43
43 44
43 45
43 46
43 47
43 49
43 53
43 55
43 96
43 97
43 108
44 44
44 45
44 46
44 47
44 49
44 64
44 82
45 45
45 46
45 47
45 49
45 58
45 64
46 46
46 47
46 49
46 50
46 51
46 52
46 53
46 54
46 55
46 56
46 57
46 72
46 78
46 80
46 81
46 84
46 85
46 96
46 97
46 98
46 111
47 47
47 49
47 53
47 56
47 96
47 97
47 110
47 111
47 114
48 48
48 49
48 50
48 51
48 52
48 53
48 54
48 55
48 59
48 62
48 65
48 98
48 99
48 103
49 49
49 50
49 51
49 52
49 55
49 56
49 59
49 98
50 50
50 51
50 52
50 53
50 54
50 55
50 56
50 57
50 60
50 62
50 63
50 78
50 80
50 81
51 51
51 52
51 53
51 54
51 55
51 59
51 62
51 63
51 98
51 99
52 52
52 53
52 54
52 55
52 56
52 62
52 63
52 72
52 80
52 83
52 87
52 98
52 99
53 53
53 54
53 55
53 56
53 57
53 72
53 80
53 81
53 98
53 99
53 111
54 54
54 55
54 59
54 72
54 73
54 74
54 75
54 87
54 95
54 96
54 97
54 98
54 99
55 55
55 72
55 73
55 74
55 78
55 87
55 95
55 96
55 97
55 98
55 99
56 56
56 57
56 58
56 66
56 68
56 78
56 79
56 80
56 81
57 57
57 58
57 68
57 78
57 79
57 80
57 81
57 84
57 85
57 115
58 58
58 59
58 60
58 61
58 63
58 65
58 66
58 67
58 68
58 69
58 89
59 59
59 62
59 66
59 67
59 69
59 77
59 90
59 91
59 98
59 100
59 101
59 102
59 103
59 104
60 60
60 61
60 62
60 63
60 64
60 65
60 88
60 89
60 101
60 103
60 107
61 61
61 63
61 65
61 89
61 92
61 101
61 103
61 106
61 107
62 62
62 63
62 72
62 80
62 81
62 83
62 101
62 102
63 63
63 80
63 83
63 89
63 101
63 112
63 115
64 64
64 65
64 69
64 84
64 86
64 88
64 89
64 107
65 65
65 88
65 89
65 103
66 66
66 67
66 68
66 69
66 70
66 71
66 77
66 100
66 102
66 103
67 67
67 68
67 69
67 71
67 77
67 88
67 90
67 92
67 93
67 102
67 103
67 110
68 68
68 69
68 92
68 98
69 69
69 77
69 88
69 90
69 91
69 92
69 100
69 103
70 70
70 71
70 72
70 73
70 74
70 75
70 76
70 77
70 82
70 90
70 91
70 92
70 93
70 94
70 110
71 71
71 73
71 75
71 76
71 77
71 90
71 92
71 93
71 100
71 103
71 110
72 72
72 73
72 74
72 75
72 76
72 77
72 78
72 79
72 80
72 81
72 82
72 83
72 87
72 94
72 95
72 102
72 108
72 111
73 73
73 74
73 75
73 76
73 77
73 79
73 82
73 83
73 86
73 87
73 94
73 95
73 96
73 98
73 99
73 102
73 109
73 110
74 74
74 75
74 76
74 77
74 82
74 83
74 86
74 87
74 94
74 95
74 96
74 99
74 109
74 112
75 75
75 76
75 77
75 82
75 83
75 87
75 90
75 91
75 95
75 100
75 101
75 109
76 76
76 77
76 82
76 83
76 87
76 90
76 91
76 92
76 93
76 94
76 95
76 100
76 101
76 102
76 103
76 104
76 109
76 111
77 77
77 82
77 83
77 86
77 87
77 90
77 91
77 92
77 93
77 100
77 102
77 103
77 104
77 109
77 110
78 78
78 79
78 80
78 81
78 84
78 85
79 79
79 80
79 81
79 84
79 85
79 87
79 108
79 114
80 80
80 81
80 83
80 84
80 85
80 87
80 111
81 81
81 84
81 85
81 111
81 114
82 82
82 83
82 84
82 86
82 87
82 88
82 91
82 95
82 109
82 111
82 113
83 83
83 86
83 87
83 90
83 109
84 84
84 85
84 86
84 87
84 88
84 89
85 85
85 86
85 87
85 89
86 86
86 87
86 88
86 95
86 109
86 111
86 114
87 87
87 88
87 89
87 95
87 109
88 88
88 89
88 101
88 103
88 109
89 89
90 90
90 91
90 92
90 93
90 98
90 99
90 100
90 101
90 102
90 103
90 104
91 91
91 92
91 93
91 98
91 99
91 100
91 101
91 102
91 103
91 104
91 110
91 111
92 92
92 93
92 100
92 102
92 103
92 104
92 106
92 110
93 93
93 94
93 100
93 101
93 102
93 103
93 104
93 110
94 94
94 95
94 96
94 97
94 100
94 105
94 108
94 109
94 110
94 113
94 114
95 95
95 96
95 97
95 104
95 105
95 108
95 109
95 110
95 112
95 113
95 114
95 115
96 96
96 97
96 98
96 99
96 108
96 110
96 113
96 115
97 97
97 98
97 99
97 105
97 109
97 110
97 112
97 113
97 114
97 115
98 98
98 99
98 102
98 111
99 99
99 101
99 102
99 104
99 111
100 100
100 102
100 104
100 105
100 110
100 111
101 101
101 102
101 103
101 104
101 107
101 112
102 102
102 103
102 104
102 110
102 111
102 112
103 103
103 104
103 105
103 107
103 109
103 112
104 104
104 105
104 109
104 110
104 115
105 105
105 107
105 108
105 109
105 110
105 111
105 114
105 115
106 106
106 107
106 112
106 115
107 107
108 108
108 113
108 114
109 109
109 110
109 111
109 112
109 113
109 114
109 115
110 110
110 111
110 113
110 114
111 111
111 112
111 113
111 114
111 115
112 112
112 113
112 115
113 113
113 114
113 115
114 114
114 115
115 115
