0 0
0 1
0 6
0 12
0 16
0 17
0 18
0 19
0 28
0 32
0 52
0 53
0 54
0 56
0 57
0 60
0 61
0 62
0 63
0 68
0 76
0 77
0 79
0 94
0 95
0 96
0 98
0 99
0 101
0 103
0 108
0 115
1 1
1 10
1 12
1 14
1 18
1 19
1 32
1 52
1 53
1 56
1 57
1 61
1 63
1 68
1 76
1 95
1 100
1 101
1 102
1 103
1 104
1 106
1 108
2 2
2 4
2 6
2 14
2 18
2 19
2 22
2 24
2 27
2 64
2 91
2 93
2 103
2 105
2 109
3 3
3 5
3 7
3 11
3 15
3 20
3 21
3 22
3 23
3 24
3 25
3 27
3 30
3 31
3 35
3 44
3 45
3 64
3 65
3 71
3 85
3 88
3 89
3 92
4 4
4 6
4 8
4 9
4 24
4 26
4 46
4 63
4 98
4 99
4 101
4 107
5 5
5 7
5 15
5 20
5 21
5 23
5 24
5 25
5 26
5 27
5 30
5 31
5 35
5 43
5 44
5 45
5 64
5 65
5 71
5 85
5 88
5 89
5 92
5 107
6 6
6 7
6 12
6 13
6 18
6 26
6 32
6 33
6 72
6 99
7 7
7 11
7 13
7 15
7 20
7 29
7 35
7 44
7 45
7 49
7 64
7 65
7 71
7 92
8 8
8 9
8 12
8 14
8 48
8 49
8 50
8 51
8 53
8 58
8 59
8 60
8 61
8 65
8 66
8 91
8 93
8 101
9 9
9 44
9 45
9 46
9 47
9 48
9 49
9 50
9 51
9 58
9 59
9 65
9 90
9 91
9 93
9 98
9 111
9 112
10 10
10 14
10 17
10 18
10 19
10 22
10 28
10 30
10 32
10 33
10 57
10 73
10 74
10 76
10 84
10 85
10 108
11 11
11 13
11 15
11 17
11 28
11 29
11 33
11 65
11 72
11 73
11 74
11 75
11 80
11 84
11 113
12 12
12 13
12 17
12 34
12 48
12 52
12 53
12 58
12 59
12 60
12 61
12 65
12 79
12 81
12 90
12 101
13 13
13 15
13 17
13 28
13 29
13 52
13 53
13 62
13 63
13 65
13 72
13 80
14 14
14 15
14 18
14 19
14 22
14 27
14 57
14 79
14 82
14 86
14 87
14 95
14 96
14 112
15 15
15 20
15 65
15 92
16 16
16 17
16 28
16 29
16 32
16 36
16 46
16 55
16 56
16 57
16 62
16 63
16 72
16 76
16 78
16 79
16 80
16 81
16 83
16 84
16 99
17 17
17 28
17 29
17 32
17 33
17 36
17 53
17 55
17 56
17 57
17 62
17 63
17 72
17 73
17 74
17 76
17 78
17 79
17 80
17 81
17 83
17 84
17 99
18 18
18 19
18 22
18 26
18 28
18 30
18 32
18 33
18 57
18 60
18 63
18 76
18 79
18 94
18 95
18 96
18 97
18 99
18 103
18 113
18 114
19 19
19 22
19 32
19 33
19 57
19 68
19 69
19 73
19 74
19 75
19 76
19 94
19 103
19 108
19 109
19 115
20 20
20 21
20 22
20 23
20 24
20 25
20 26
20 27
20 30
20 31
20 33
20 35
20 37
20 38
20 39
20 40
20 41
20 64
20 71
20 75
20 84
20 85
20 88
20 110
21 21
21 22
21 23
21 24
21 25
21 26
21 27
21 30
21 31
21 34
21 35
21 37
21 38
21 39
21 40
21 41
21 71
21 75
21 85
21 88
21 109
21 110
22 22
22 23
22 24
22 25
22 26
22 27
22 30
22 31
22 43
22 64
22 82
22 85
22 86
22 87
22 88
23 23
23 24
23 25
23 26
23 27
23 30
23 31
23 33
23 35
23 43
23 44
23 45
23 64
23 71
23 78
23 84
23 85
23 86
23 88
23 89
23 92
23 110
24 24
24 25
24 26
24 27
24 30
24 31
24 37
24 40
24 43
24 45
24 71
24 78
24 85
24 86
24 88
24 92
24 110
25 25
25 26
25 27
25 30
25 31
25 34
25 35
25 37
25 39
25 41
25 43
25 45
25 64
25 67
25 71
25 82
25 84
25 85
25 86
25 87
25 88
25 92
25 110
26 26
26 27
26 30
26 31
26 40
26 41
26 42
26 43
26 83
26 85
26 88
27 27
27 30
27 31
27 37
27 38
27 39
27 41
27 43
27 71
27 82
27 84
27 85
27 86
27 87
27 88
27 92
27 93
27 105
27 110
28 28
28 29
28 32
28 33
28 36
28 40
28 55
28 56
28 57
28 62
28 63
28 72
28 73
28 74
28 76
28 78
28 79
28 80
28 81
28 83
28 84
28 99
29 29
29 32
29 33
29 36
29 37
29 38
29 40
29 41
29 53
29 63
29 72
29 73
29 74
29 75
29 76
29 79
29 80
29 81
29 83
29 84
30 30
30 31
30 33
30 37
30 39
30 40
30 41
30 64
30 71
30 83
30 84
30 85
30 86
30 87
30 110
30 113
30 114
31 31
31 33
31 37
31 39
31 40
31 43
31 64
31 71
31 78
31 83
31 84
31 85
31 86
31 87
31 88
31 89
31 110
32 32
32 33
32 36
32 56
32 57
32 60
32 63
32 72
32 73
32 74
32 75
32 76
32 79
32 80
32 81
32 94
32 95
32 96
32 99
32 108
32 113
32 114
33 33
33 68
33 71
33 72
33 73
33 74
33 75
33 81
33 84
33 85
34 34
34 35
34 37
34 41
34 48
34 50
34 51
34 58
34 65
34 66
34 77
34 88
34 90
34 92
34 100
35 35
35 41
35 44
35 45
35 49
35 59
35 65
35 67
35 68
35 70
35 71
35 75
35 88
35 90
35 91
35 100
36 36
36 37
36 38
36 39
36 40
36 41
36 52
36 54
36 55
36 56
36 57
36 63
36 70
36 71
36 72
36 73
36 74
36 76
36 77
36 78
36 79
36 80
36 81
36 83
36 95
36 96
36 99
36 108
37 37
37 38
37 39
37 40
37 41
37 54
37 55
37 71
37 77
37 78
37 80
37 82
37 83
37 85
37 86
37 87
37 88
37 92
37 95
37 96
37 97
37 110
37 114
38 38
38 39
38 40
38 41
38 54
38 55
38 77
38 79
38 94
38 96
38 97
38 109
38 110
38 111
39 39
39 40
39 41
39 54
39 55
39 77
39 78
39 80
39 83
39 86
39 87
39 94
39 95
39 96
39 97
39 99
39 110
39 113
40 40
40 41
40 55
40 71
40 72
40 81
40 83
40 97
40 110
41 41
41 71
41 73
41 74
41 75
41 83
41 84
41 85
41 110
42 42
42 43
42 44
42 45
42 46
42 47
42 49
42 55
42 86
42 96
42 98
42 99
42 105
42 107
42 111
42 112
43 43
43 44
43 45
43 46
43 47
43 49
43 55
43 85
43 86
43 87
43 88
43 89
43 92
43 96
43 98
43 110
43 111
43 112
44 44
44 45
44 46
44 47
44 48
44 49
44 55
44 62
44 65
44 67
44 90
44 98
45 45
45 46
45 47
45 48
45 49
45 50
45 51
45 65
45 67
45 85
45 86
45 88
45 89
45 90
45 91
45 92
45 93
45 105
45 111
46 46
46 47
46 49
46 53
46 55
46 62
46 83
46 96
46 98
46 99
46 105
46 107
46 111
46 112
47 47
47 49
47 51
47 55
47 87
47 90
47 91
47 93
47 98
47 105
47 111
47 112
48 48
48 49
48 50
48 51
48 52
48 53
48 58
48 59
48 61
48 65
48 66
48 67
48 90
48 91
48 92
48 93
48 98
48 100
48 101
48 102
48 104
48 106
48 111
48 112
49 49
49 50
49 51
49 52
49 53
49 58
49 59
49 65
49 67
49 90
49 91
49 92
49 93
49 98
49 100
49 111
50 50
50 51
50 52
50 53
50 58
50 59
50 65
50 66
50 67
50 88
50 90
50 91
50 92
50 93
50 100
51 51
51 52
51 53
51 54
51 58
51 59
51 61
51 65
51 66
51 67
51 90
51 91
51 92
51 93
51 100
51 101
51 102
51 106
52 52
52 53
52 54
52 58
52 59
52 60
52 61
52 62
52 63
52 65
52 66
52 68
52 77
52 90
52 91
52 100
52 101
52 103
52 104
52 106
52 108
53 53
53 54
53 55
53 58
53 59
53 61
53 63
53 72
53 76
53 77
53 90
53 91
53 98
53 99
53 100
53 101
53 106
54 54
54 55
54 60
54 61
54 62
54 63
54 66
54 76
54 77
54 78
54 90
54 94
54 95
54 96
54 97
54 98
54 99
54 100
54 101
54 103
54 109
54 110
55 55
55 62
55 63
55 72
55 80
55 94
55 95
55 96
55 97
55 98
55 99
55 105
55 107
55 109
55 110
55 111
55 112
56 56
56 57
56 60
56 61
56 62
56 63
56 76
56 77
56 79
56 80
56 81
56 87
56 94
56 95
56 96
56 99
56 108
57 57
57 61
57 63
57 68
57 69
57 76
57 77
57 79
57 81
57 82
57 87
57 94
57 95
57 96
57 99
57 101
57 108
57 115
58 58
58 59
58 60
58 61
58 66
58 67
58 82
58 90
58 91
58 93
58 100
58 101
58 102
58 103
58 104
58 106
58 115
59 59
59 61
59 66
59 67
59 68
59 69
59 90
59 91
59 93
59 100
59 101
59 102
59 106
60 60
60 61
60 62
60 63
60 65
60 66
60 98
60 99
60 101
60 103
61 61
61 63
61 66
61 90
61 91
61 100
61 101
61 102
61 103
61 104
61 106
62 62
62 63
62 78
62 80
62 81
62 89
62 95
62 98
62 99
63 63
63 72
63 76
63 80
63 81
63 98
63 99
63 101
64 64
64 65
64 84
64 85
64 88
64 89
64 114
65 65
65 90
65 92
65 100
66 66
66 67
66 70
66 77
66 82
66 90
66 91
66 92
66 93
66 100
66 102
66 103
66 106
66 108
67 67
67 70
67 82
67 86
67 88
67 90
67 91
67 92
67 93
67 100
67 102
67 103
67 104
67 106
67 115
68 68
68 69
68 70
68 73
68 74
68 75
68 76
68 77
68 94
68 108
68 109
68 110
68 115
69 69
69 70
69 73
69 74
69 75
69 94
69 109
69 115
70 70
70 71
70 73
70 74
70 75
70 76
70 77
70 90
70 91
70 106
71 71
71 73
71 75
71 77
71 78
71 84
71 85
71 86
71 92
71 110
72 72
72 73
72 74
72 75
72 76
72 79
72 80
72 81
72 83
72 99
72 108
72 112
73 73
73 74
73 75
73 76
73 77
73 79
73 81
73 84
74 74
74 75
74 76
74 77
74 79
74 113
75 75
75 76
75 77
75 84
76 76
76 77
76 79
76 94
76 96
76 98
76 99
76 108
76 112
76 113
76 114
77 77
77 82
77 83
77 87
77 94
77 95
77 96
77 99
77 108
77 110
78 78
78 79
78 80
78 81
78 84
78 85
78 110
79 79
79 80
79 81
79 82
79 94
79 96
79 99
79 108
79 113
80 80
80 81
80 83
80 84
80 99
81 81
81 83
81 84
81 99
82 82
82 86
82 87
82 88
82 102
83 83
83 84
83 85
83 86
83 87
83 115
84 84
84 85
84 86
85 85
85 86
85 87
85 88
85 89
85 110
86 86
86 87
86 88
86 89
86 92
86 102
86 103
86 107
86 108
86 110
87 87
87 88
87 95
87 96
87 103
87 108
87 110
88 88
88 89
88 91
88 92
88 93
88 110
89 89
89 91
89 92
89 93
90 90
90 91
90 92
90 93
90 98
90 100
90 101
90 102
90 106
91 91
91 92
91 93
91 100
91 101
91 102
91 103
91 104
91 105
91 106
91 111
91 115
92 92
92 93
92 100
92 106
93 93
93 100
93 101
93 102
93 103
93 104
93 105
93 106
93 111
93 115
94 94
94 95
94 96
94 97
94 98
94 99
94 101
94 103
94 104
94 108
94 109
94 110
94 113
94 114
94 115
95 95
95 96
95 97
95 98
95 99
95 103
95 104
95 108
95 109
95 110
95 112
95 113
95 114
96 96
96 97
96 98
96 99
96 103
96 104
96 108
96 110
96 112
96 113
96 114
97 97
97 98
97 99
97 105
97 108
97 109
97 110
97 111
97 112
97 113
97 114
97 115
98 98
98 99
98 101
98 103
98 104
98 105
98 107
98 109
98 111
98 112
99 99
99 101
99 103
99 104
99 108
99 111
99 112
99 113
99 114
100 100
100 101
100 102
100 103
100 104
100 106
101 101
101 102
101 103
101 104
101 106
101 111
102 102
102 103
102 104
102 106
102 115
103 103
103 104
103 105
103 106
103 107
103 108
103 111
103 115
104 104
104 105
104 106
104 107
104 112
104 114
104 115
105 105
105 106
105 107
105 109
105 111
105 115
106 106
106 107
107 107
107 111
108 108
108 112
108 113
108 114
109 109
109 110
109 111
109 114
109 115
110 110
110 113
110 114
111 111
111 112
112 112
112 113
112 114
113 113
113 114
114 114
115 115
