0 0
0 2
0 5
0 6
0 10
0 15
0 18
0 32
0 33
0 36
0 38
0 39
0 40
0 55
0 56
0 65
0 70
0 86
0 88
0 97
0 99
1 1
1 24
1 45
1 49
1 52
1 57
1 59
1 61
1 63
1 65
1 90
1 92
2 2
2 4
2 5
2 6
2 18
2 19
2 22
2 23
2 24
2 25
2 26
2 27
2 30
2 31
2 58
2 70
2 93
2 107
3 3
3 5
3 7
3 9
3 15
3 21
3 54
3 62
3 64
3 65
3 67
3 71
3 85
3 90
3 92
4 4
4 5
4 6
4 8
4 9
4 10
4 12
4 14
4 15
4 18
4 26
4 27
4 28
4 30
4 48
4 60
4 70
4 72
4 83
4 86
4 88
4 93
4 112
5 5
5 9
5 21
5 22
5 23
5 24
5 25
5 26
5 27
5 31
5 36
5 40
5 54
5 64
5 71
5 88
5 90
5 92
5 98
6 6
6 8
6 9
6 10
6 12
6 15
6 18
6 19
6 22
6 23
6 48
6 60
6 62
6 70
6 72
6 86
6 88
7 7
7 9
7 11
7 13
7 15
7 17
7 33
7 61
7 62
7 65
7 67
7 71
7 77
7 80
7 92
7 95
7 100
8 8
8 9
8 10
8 11
8 12
8 13
8 14
8 15
8 29
8 31
8 64
8 65
8 83
8 84
8 88
8 89
9 9
9 11
9 13
9 15
9 33
9 45
9 48
9 61
9 62
9 65
9 90
9 92
9 95
9 109
9 115
10 10
10 11
10 12
10 13
10 14
10 15
10 29
10 30
10 31
10 36
10 43
10 55
10 60
10 61
10 72
10 74
10 86
10 88
10 89
10 109
11 11
11 12
11 13
11 14
11 15
11 16
11 17
11 28
11 29
11 32
11 33
11 35
11 45
11 65
11 71
11 72
11 74
11 76
11 77
11 78
11 80
11 81
11 82
11 83
11 84
11 86
11 95
11 109
11 115
12 12
12 13
12 14
12 15
12 28
12 29
12 34
12 35
12 43
12 45
12 60
12 64
12 72
12 73
12 74
12 75
12 76
12 77
12 82
12 83
12 84
12 86
13 13
13 14
13 15
13 28
13 29
13 35
13 41
13 60
13 61
13 65
13 72
13 74
13 76
13 77
13 80
13 81
13 82
13 83
13 86
13 95
13 115
14 14
14 15
14 28
14 29
14 34
14 35
14 44
14 48
14 49
14 68
14 72
14 81
14 82
14 83
14 84
14 86
14 112
15 15
15 28
15 29
15 61
15 65
15 71
15 80
15 82
15 83
15 86
15 88
15 95
15 115
16 16
16 17
16 20
16 28
16 29
16 56
16 62
16 66
16 72
16 73
16 74
16 76
16 77
16 78
16 79
16 80
16 81
16 82
16 83
16 95
16 99
16 100
16 101
16 102
16 103
16 104
16 105
16 109
16 111
16 112
16 113
16 114
16 115
17 17
17 20
17 26
17 28
17 29
17 60
17 62
17 72
17 74
17 76
17 77
17 78
17 79
17 80
17 81
17 82
17 92
17 93
17 95
17 98
17 99
17 100
17 101
17 102
17 103
17 104
17 105
17 108
17 109
17 111
17 112
17 114
17 115
18 18
18 19
18 26
18 32
18 58
18 70
18 72
18 93
18 99
18 101
18 103
18 105
18 107
18 112
19 19
19 32
19 33
19 34
19 46
19 47
19 53
19 57
19 68
19 69
19 107
19 110
20 20
20 21
20 24
20 25
20 26
20 27
20 28
20 52
20 62
20 66
20 79
20 81
20 84
20 90
20 91
20 92
20 93
20 94
20 95
20 98
20 100
20 101
20 102
20 103
20 104
20 105
20 108
20 112
20 114
20 115
21 21
21 23
21 24
21 25
21 27
21 30
21 31
21 71
21 79
21 87
22 22
22 23
22 24
22 25
22 26
22 27
22 30
22 31
22 34
22 36
22 42
22 43
22 47
22 52
22 53
22 54
22 57
22 64
22 69
22 70
22 75
22 84
22 88
22 89
23 23
23 24
23 25
23 26
23 27
23 30
23 31
23 36
23 40
23 42
23 43
23 52
23 53
23 54
23 57
23 69
23 84
23 88
23 89
24 24
24 25
24 27
24 30
24 31
24 34
24 36
24 42
24 44
24 52
24 53
24 57
24 59
24 63
24 68
24 69
24 75
25 25
25 27
25 30
25 31
25 34
25 42
25 52
25 53
25 57
25 59
25 63
25 68
25 87
25 89
26 26
26 27
26 48
26 52
26 70
26 90
26 91
26 92
26 93
26 94
26 98
26 99
26 100
26 101
26 102
26 103
26 104
26 105
26 107
26 112
27 27
27 30
27 31
27 36
27 39
27 40
27 54
27 57
27 69
27 84
27 87
27 88
27 89
28 28
28 29
28 62
28 70
28 72
28 73
28 74
28 76
28 77
28 78
28 80
28 81
28 82
28 83
28 86
28 99
28 100
28 101
28 102
28 103
28 108
28 112
28 115
29 29
29 35
29 41
29 55
29 56
29 61
29 71
29 72
29 73
29 76
29 78
29 79
29 80
29 81
29 82
29 83
29 87
29 89
29 96
29 109
29 110
29 112
30 30
30 31
30 34
30 42
30 49
30 52
30 53
30 57
30 59
30 61
30 63
30 68
30 69
30 70
30 75
30 89
31 31
31 42
31 52
31 53
31 59
31 70
31 71
31 75
31 84
31 85
31 88
31 89
32 32
32 33
32 34
32 35
32 43
32 62
32 65
32 66
32 67
32 72
32 76
33 33
33 34
33 35
33 43
33 44
33 45
33 64
33 65
33 67
33 76
33 77
34 34
34 35
34 42
34 43
34 44
34 45
34 47
34 49
34 57
34 64
34 66
34 67
34 68
34 84
34 110
35 35
35 41
35 42
35 43
35 44
35 45
35 47
35 49
35 64
35 65
35 66
35 67
35 68
35 76
35 77
35 82
35 83
35 110
36 36
36 37
36 38
36 39
36 40
36 41
36 42
36 43
36 46
36 47
36 53
36 54
36 55
36 57
36 69
36 71
36 73
36 75
36 88
36 89
36 94
36 96
36 97
36 99
36 109
36 110
36 113
37 37
37 38
37 39
37 40
37 41
37 42
37 43
37 47
37 54
37 55
37 71
37 73
37 75
37 79
37 88
37 89
37 94
37 96
37 97
37 110
37 113
38 38
38 39
38 40
38 41
38 54
38 55
38 56
38 69
38 72
38 83
38 87
38 88
38 94
38 96
38 97
38 99
38 101
38 106
38 109
38 113
39 39
39 40
39 41
39 47
39 54
39 55
39 56
39 69
39 87
39 88
39 89
39 94
39 96
39 97
39 99
39 106
39 113
40 40
40 41
40 42
40 47
40 53
40 54
40 55
40 56
40 57
40 69
40 88
40 89
40 94
40 96
40 97
40 113
41 41
41 47
41 51
41 53
41 54
41 55
41 69
41 73
41 82
41 83
41 87
41 89
41 94
41 95
41 96
41 110
42 42
42 43
42 44
42 46
42 47
42 68
42 69
42 110
43 43
43 44
43 46
43 47
43 67
43 68
43 69
43 110
44 44
44 45
44 48
44 49
44 64
44 67
45 45
45 48
45 49
45 64
45 65
45 67
46 46
46 47
46 52
46 53
46 55
46 57
46 68
46 69
46 96
46 109
46 110
46 112
47 47
47 53
47 54
47 55
47 68
47 69
47 83
47 88
47 89
47 96
47 110
48 48
48 49
48 50
48 51
48 58
48 59
48 93
48 100
48 102
48 106
48 107
49 49
49 50
49 51
49 52
49 53
49 57
49 58
49 59
49 61
49 63
49 70
50 50
50 51
50 52
50 54
50 58
50 59
50 60
50 62
50 63
50 90
51 51
51 52
51 53
51 58
51 59
51 61
51 63
51 90
51 110
52 52
52 53
52 57
52 58
52 59
52 60
52 61
52 63
52 89
52 90
52 98
53 53
53 55
53 57
53 59
53 68
53 69
53 70
53 89
53 108
53 110
54 54
54 55
54 69
54 86
54 88
54 89
54 94
54 96
54 97
54 106
54 110
55 55
55 56
55 69
55 85
55 87
55 88
55 89
55 96
55 97
55 99
55 110
55 112
55 113
56 56
56 57
56 58
56 59
56 61
56 76
56 78
56 87
56 89
56 97
56 99
56 100
57 57
57 59
57 61
57 63
57 68
57 69
57 79
57 89
58 58
58 59
58 60
58 61
58 63
58 66
58 83
58 86
58 102
58 103
58 106
59 59
59 60
59 61
59 63
59 89
59 106
60 60
60 61
60 62
60 63
60 72
60 76
60 86
60 90
60 93
60 95
60 100
60 103
60 112
60 115
61 61
61 63
62 62
62 66
62 72
62 74
62 76
62 80
62 81
62 92
62 93
62 94
62 95
62 98
62 100
62 102
62 103
62 104
62 105
62 109
62 112
62 114
62 115
63 63
63 90
63 98
64 64
64 65
64 67
64 79
64 84
64 85
64 88
65 65
65 67
65 71
65 77
65 85
66 66
66 67
66 68
66 82
66 84
66 91
66 93
66 100
66 101
66 102
66 103
66 104
66 105
66 110
67 67
67 100
67 103
67 110
68 68
68 69
68 82
68 83
68 84
68 85
68 87
68 89
68 91
68 96
68 108
68 110
69 69
69 83
69 88
69 89
69 91
69 96
69 110
70 70
70 71
70 72
70 73
70 74
70 75
71 71
71 73
71 74
71 75
71 76
71 77
71 78
71 79
71 80
71 85
71 109
71 113
71 115
72 72
72 73
72 74
72 76
72 77
72 78
72 80
72 81
72 82
72 83
72 86
72 99
72 101
72 103
72 109
72 111
72 112
73 73
73 74
73 75
73 76
73 77
73 78
73 80
73 85
73 87
73 89
73 99
73 111
74 74
74 75
74 76
74 77
74 78
74 80
74 81
74 84
75 75
75 77
75 79
75 113
76 76
76 77
76 78
76 79
76 80
76 81
76 84
76 95
76 99
76 109
76 114
76 115
77 77
77 78
77 79
77 80
77 81
77 84
77 109
77 114
77 115
78 78
78 79
78 80
78 81
78 85
78 87
78 99
78 102
78 103
78 105
78 109
78 111
78 112
78 114
78 115
79 79
79 80
79 81
79 85
79 94
79 95
79 109
79 114
79 115
80 80
80 81
80 82
80 83
80 84
80 86
80 100
80 102
80 103
80 109
80 112
80 114
80 115
81 81
81 82
81 83
81 84
81 95
81 100
81 101
81 102
81 103
81 104
81 105
81 109
81 111
81 112
81 114
81 115
82 82
82 83
82 84
82 86
82 87
82 100
82 101
82 102
82 103
82 108
82 110
82 112
82 115
83 83
83 84
83 86
83 87
83 96
83 101
83 102
83 110
83 112
83 115
84 84
84 85
84 86
84 88
85 85
85 87
85 89
85 96
85 97
86 86
86 88
87 87
87 89
87 96
87 97
87 99
87 101
88 88
88 89
88 109
89 89
89 96
89 97
89 110
90 90
90 91
90 92
90 93
90 94
90 95
90 98
90 100
90 102
90 103
90 104
90 105
90 106
90 107
90 108
90 112
91 91
91 92
91 93
91 94
91 95
91 97
91 98
91 99
91 100
91 101
91 102
91 103
91 104
91 105
91 106
91 107
91 108
91 111
91 112
92 92
92 93
92 94
92 95
92 98
92 100
92 102
92 103
92 104
92 105
92 107
92 108
92 112
92 115
93 93
93 94
93 95
93 98
93 99
93 100
93 101
93 102
93 103
93 104
93 105
93 106
93 107
93 108
93 111
93 112
94 94
94 95
94 96
94 97
94 98
94 99
94 100
94 101
94 102
94 103
94 104
94 105
94 108
94 109
94 111
94 112
94 113
95 95
95 97
95 98
95 99
95 100
95 102
95 103
95 105
95 108
95 109
95 112
95 115
96 96
96 97
96 99
96 106
96 109
96 110
96 111
96 113
97 97
97 98
97 99
97 100
97 101
97 103
97 108
97 109
97 110
97 111
97 112
97 113
98 98
98 99
98 100
98 101
98 102
98 103
98 104
98 105
98 106
98 107
98 108
98 111
98 112
99 99
99 100
99 101
99 102
99 103
99 104
99 105
99 109
99 111
99 112
99 113
99 114
99 115
100 100
100 101
100 102
100 103
100 104
100 105
100 106
100 108
100 111
100 112
100 113
100 114
100 115
101 101
101 102
101 103
101 104
101 105
101 106
101 107
101 108
101 111
101 112
101 113
101 114
102 102
102 103
102 104
102 105
102 106
102 107
102 108
102 111
102 112
102 113
102 114
102 115
103 103
103 104
103 105
103 106
103 107
103 108
103 111
103 112
103 113
103 114
103 115
104 104
104 105
104 106
104 107
104 108
104 111
104 112
104 113
104 114
105 105
105 106
105 107
105 108
105 111
105 112
105 114
105 115
106 106
106 107
106 111
107 107
107 108
107 111
108 108
108 110
108 111
108 112
108 115
109 109
109 112
109 114
109 115
110 110
111 111
111 112
111 113
111 114
112 112
112 115
113 113
113 114
114 114
114 115
115 115
