0 0
0 1
0 6
0 10
0 11
0 13
0 14
0 16
0 17
0 18
0 20
0 28
0 29
0 30
0 31
0 32
0 33
0 36
0 37
0 38
0 41
0 56
0 57
0 61
0 62
0 63
0 71
0 72
0 73
0 74
0 75
0 76
0 77
0 79
0 80
0 81
0 83
0 84
1 1
1 10
1 11
1 12
1 13
1 14
1 17
1 18
1 28
1 29
1 33
1 54
1 57
1 59
1 61
1 63
1 68
1 72
1 73
1 74
1 89
2 2
2 4
2 6
2 22
2 24
2 25
2 26
2 27
2 50
2 64
2 93
3 3
3 5
3 7
3 21
3 25
3 27
3 62
3 65
3 66
3 67
3 85
3 90
3 92
4 4
4 8
4 14
4 24
4 26
4 34
4 48
4 58
4 59
4 88
4 93
4 95
5 5
5 9
5 24
5 25
5 26
5 27
5 35
5 38
5 39
5 50
5 60
5 64
5 65
5 67
5 88
5 92
6 6
6 7
6 10
6 12
6 15
6 18
6 20
6 22
6 24
6 25
6 28
6 30
6 31
6 34
6 64
6 70
6 71
6 76
6 84
6 85
6 86
6 87
6 94
6 95
6 109
7 7
7 10
7 12
7 13
7 15
7 20
7 21
7 25
7 29
7 30
7 31
7 32
7 33
7 60
7 65
7 71
7 76
7 83
7 87
7 92
7 94
7 108
8 8
8 14
8 26
8 45
8 47
8 58
8 65
8 88
9 9
9 15
9 40
9 50
9 64
9 65
9 80
9 81
9 85
9 88
9 90
10 10
10 11
10 12
10 13
10 14
10 20
10 28
10 29
10 30
10 33
10 38
10 53
10 58
10 72
10 76
10 81
10 83
10 84
11 11
11 12
11 13
11 14
11 17
11 20
11 28
11 29
11 31
11 33
11 57
11 71
11 72
11 73
11 74
11 76
11 79
12 12
12 13
12 14
12 29
12 30
12 32
12 33
12 54
12 58
12 72
12 76
13 13
13 14
13 17
13 20
13 28
13 29
13 33
13 38
13 39
13 54
13 57
13 58
13 61
13 63
13 72
13 73
13 76
13 83
14 14
14 20
14 24
14 29
14 41
14 57
14 58
14 59
14 61
14 76
14 83
14 107
15 15
15 22
15 28
15 29
15 30
15 56
15 60
15 61
15 64
15 65
15 71
15 72
15 75
15 82
15 83
15 84
15 85
15 87
16 16
16 17
16 28
16 29
16 32
16 36
16 37
16 40
16 41
16 53
16 56
16 57
16 62
16 63
16 72
16 73
16 74
16 75
16 76
16 77
16 78
16 79
16 80
16 81
16 98
16 99
17 17
17 28
17 29
17 32
17 36
17 40
17 41
17 51
17 54
17 56
17 57
17 59
17 61
17 62
17 63
17 72
17 73
17 74
17 76
17 78
17 79
17 80
17 81
17 82
17 83
17 89
18 18
18 19
18 28
18 30
18 32
18 33
18 62
18 66
18 68
18 70
18 72
18 79
18 80
18 86
18 95
18 97
18 102
18 103
18 106
19 19
19 58
19 59
19 61
19 67
19 68
19 69
19 83
19 89
19 91
19 94
19 95
19 97
19 101
19 103
19 106
19 108
19 112
19 114
20 20
20 21
20 22
20 27
20 30
20 31
20 32
20 33
20 38
20 39
20 64
20 70
20 71
20 73
20 75
20 76
20 83
20 84
20 86
20 87
20 106
20 107
21 21
21 27
21 29
21 30
21 31
21 32
21 33
21 37
21 38
21 39
21 53
21 62
21 63
21 70
21 72
21 73
21 74
21 75
21 76
21 77
21 78
21 79
21 81
21 87
22 22
22 25
22 26
22 27
22 34
22 38
22 50
22 53
22 64
22 71
22 75
22 82
22 84
22 86
22 87
22 88
23 23
23 25
23 35
23 39
23 42
23 45
23 47
23 67
23 88
23 92
23 93
23 103
23 104
23 105
23 110
23 115
24 24
24 25
24 26
24 27
24 34
24 35
24 50
24 58
24 64
24 65
24 67
24 84
24 86
24 87
24 88
24 91
24 92
24 93
24 94
24 109
25 25
25 26
25 27
25 30
25 31
25 33
25 34
25 35
25 39
25 64
25 65
25 67
25 70
25 71
25 84
25 85
25 86
25 87
25 88
25 92
25 94
26 26
26 27
26 34
26 35
26 37
26 38
26 39
26 40
26 41
26 50
26 52
26 53
26 65
26 82
26 88
27 27
27 31
27 34
27 35
27 37
27 38
27 39
27 64
27 71
27 82
27 84
27 85
27 86
27 87
27 88
28 28
28 29
28 30
28 36
28 37
28 38
28 40
28 41
28 52
28 53
28 54
28 56
28 57
28 61
28 62
28 63
28 70
28 72
28 73
28 74
28 75
28 76
28 77
28 78
28 79
28 80
28 81
28 82
28 83
28 84
28 89
28 114
29 29
29 31
29 32
29 33
29 36
29 37
29 38
29 39
29 40
29 41
29 52
29 53
29 54
29 56
29 57
29 61
29 62
29 63
29 70
29 72
29 73
29 74
29 75
29 76
29 77
29 78
29 79
29 80
29 81
29 82
29 83
30 30
30 31
30 32
30 33
30 56
30 57
30 64
30 70
30 71
30 72
30 76
30 77
30 83
30 84
30 86
30 87
30 106
30 109
31 31
31 32
31 33
31 35
31 37
31 56
31 57
31 64
31 70
31 71
31 72
31 73
31 76
31 77
31 87
32 32
32 33
32 39
32 56
32 57
32 60
32 62
32 63
32 66
32 72
32 76
32 78
32 79
32 80
32 81
32 102
32 104
32 112
32 113
33 33
33 35
33 36
33 37
33 38
33 39
33 40
33 41
33 56
33 57
33 60
33 65
33 71
33 72
33 76
33 77
33 78
33 79
33 80
33 81
33 83
33 87
33 102
34 34
34 35
34 38
34 64
34 65
34 84
34 85
34 86
34 87
34 94
35 35
35 39
35 45
35 64
35 65
35 67
35 87
35 88
35 92
35 94
35 105
35 110
36 36
36 37
36 38
36 39
36 40
36 41
36 52
36 53
36 54
36 56
36 60
36 62
36 63
36 70
36 72
36 73
36 74
36 75
36 76
36 77
36 78
36 79
36 80
36 81
36 82
36 83
36 88
37 37
37 38
37 39
37 40
37 41
37 53
37 54
37 56
37 57
37 60
37 62
37 63
37 70
37 71
37 72
37 73
37 74
37 75
37 76
37 77
37 78
37 79
37 80
37 81
37 82
37 83
37 87
37 88
38 38
38 39
38 40
38 41
38 53
38 54
38 56
38 57
38 60
38 63
38 64
38 71
38 73
38 74
38 75
38 76
38 77
38 82
38 84
38 87
38 88
39 39
39 40
39 41
39 54
39 60
39 61
39 63
39 69
39 77
39 78
39 79
39 83
39 87
39 88
39 89
39 103
39 107
40 40
40 41
40 52
40 53
40 60
40 62
40 63
40 72
40 73
40 74
40 75
40 76
40 77
40 78
40 79
40 80
40 81
40 82
40 83
40 88
41 41
41 52
41 53
41 56
41 62
41 63
41 68
41 72
41 73
41 74
41 75
41 76
41 77
41 78
41 79
41 80
41 81
41 82
41 83
42 42
42 43
42 44
42 45
42 46
42 47
42 48
42 49
42 51
42 55
42 96
42 98
42 99
42 103
42 105
42 110
42 111
43 43
43 44
43 45
43 46
43 47
43 48
43 49
43 55
43 96
43 98
43 99
43 103
43 110
43 111
43 112
44 44
44 45
44 46
44 47
44 48
44 49
44 55
44 67
44 91
44 96
44 98
44 99
44 103
44 105
44 110
44 111
44 112
45 45
45 46
45 47
45 48
45 49
45 55
45 65
45 67
45 91
45 92
45 93
45 96
45 98
45 99
45 103
45 104
45 105
45 110
45 111
46 46
46 47
46 48
46 49
46 51
46 55
46 96
46 98
46 99
46 110
46 111
46 112
47 47
47 48
47 49
47 51
47 55
47 67
47 91
47 96
47 98
47 99
47 101
47 103
47 104
47 105
47 110
47 111
47 115
48 48
48 49
48 50
48 51
48 52
48 54
48 55
48 58
48 59
48 67
48 90
48 91
48 96
48 98
48 99
48 101
48 104
48 110
48 111
49 49
49 51
49 55
49 67
49 91
49 96
49 98
49 99
49 101
49 103
49 105
49 110
49 111
49 112
50 50
50 51
50 52
50 53
50 54
50 58
50 59
50 88
50 89
50 91
50 101
51 51
51 52
51 53
51 54
51 55
51 58
51 59
51 89
51 91
51 98
51 99
52 52
52 53
52 54
52 58
52 59
52 61
52 63
52 83
52 88
52 89
52 101
53 53
53 54
53 60
53 63
53 76
53 77
53 78
53 80
53 82
53 83
53 84
54 54
54 55
54 58
54 59
54 61
54 63
54 66
54 72
54 76
54 89
55 55
55 96
55 98
55 99
55 101
55 102
55 103
55 107
55 110
55 111
55 112
56 56
56 57
56 60
56 62
56 63
56 68
56 71
56 72
56 73
56 74
56 75
56 76
56 77
56 78
56 79
56 80
56 81
56 83
57 57
57 61
57 63
57 68
57 71
57 72
57 73
57 74
57 76
57 78
57 79
57 80
57 81
57 113
58 58
58 59
58 60
58 61
58 88
58 89
58 91
58 101
59 59
59 60
59 61
59 63
59 66
59 82
59 88
59 89
59 91
59 93
59 100
59 101
60 60
60 61
60 62
60 63
60 66
60 83
60 87
60 88
61 61
61 62
61 63
61 66
61 72
61 80
61 83
61 89
61 100
61 101
61 114
62 62
62 63
62 66
62 68
62 72
62 73
62 74
62 76
62 78
62 79
62 80
62 81
62 82
62 83
62 85
62 90
63 63
63 68
63 72
63 73
63 74
63 76
63 77
63 78
63 79
63 80
63 81
63 82
63 83
63 89
64 64
64 65
64 71
64 82
64 84
64 85
64 86
64 87
64 88
65 65
65 67
65 71
65 85
65 87
65 88
65 92
65 93
66 66
66 67
66 85
66 86
66 89
66 93
66 101
66 103
66 106
66 112
66 114
67 67
67 85
67 90
67 91
67 92
67 93
67 94
67 100
67 101
67 103
67 104
67 105
67 110
67 115
68 68
68 73
68 74
68 78
68 79
68 80
68 81
68 85
68 86
68 97
69 69
69 83
69 94
69 107
70 70
70 71
70 72
70 73
70 74
70 75
70 76
70 77
70 78
70 80
70 84
70 109
71 71
71 73
71 74
71 75
71 76
71 82
71 85
71 87
71 107
72 72
72 73
72 74
72 75
72 76
72 77
72 78
72 79
72 80
72 81
72 83
72 114
73 73
73 74
73 75
73 76
73 77
73 78
73 79
73 80
73 81
73 82
73 83
74 74
74 75
74 76
74 77
74 78
74 79
74 80
74 81
74 82
74 83
75 75
75 76
75 77
75 79
75 80
75 81
75 82
75 83
75 109
75 114
76 76
76 77
76 78
76 79
76 80
76 81
76 82
76 83
76 84
77 77
77 78
77 79
77 80
77 81
77 83
77 95
77 97
77 109
78 78
78 79
78 80
78 81
78 95
78 97
78 99
78 102
78 104
78 109
79 79
79 80
79 81
80 80
80 81
80 83
80 97
80 99
81 81
81 83
82 82
82 83
82 84
82 85
82 87
82 88
82 89
82 114
83 83
83 84
83 87
83 114
84 84
84 85
84 86
84 87
84 95
85 85
85 86
85 87
85 92
85 94
86 86
86 87
86 93
86 106
86 109
86 113
87 87
87 88
87 94
87 106
87 107
88 88
88 89
89 89
89 90
89 91
89 101
90 90
90 92
90 100
90 104
90 105
90 115
91 91
91 92
91 93
91 98
91 99
91 100
91 101
91 103
91 105
92 92
92 93
92 100
92 101
92 105
92 115
93 93
93 100
93 101
93 102
93 103
93 104
93 105
93 115
94 94
94 95
94 107
94 108
94 110
94 114
95 95
95 97
95 101
95 102
95 103
95 108
95 109
95 113
96 96
96 98
96 99
96 102
96 103
96 104
96 105
96 108
96 110
96 111
96 112
97 97
97 99
97 100
97 101
97 102
97 104
97 108
97 109
97 110
97 112
97 113
97 115
98 98
98 99
98 101
98 102
98 103
98 110
98 111
98 112
99 99
99 101
99 102
99 103
99 110
99 111
99 112
99 113
100 100
100 101
100 102
100 103
100 104
100 105
100 112
100 113
100 115
101 101
101 102
101 103
101 105
102 102
102 103
102 104
102 105
102 106
102 107
102 108
102 109
102 112
102 113
102 114
102 115
103 103
103 104
103 105
103 106
103 107
103 108
103 109
103 110
103 111
103 113
103 114
103 115
104 104
104 105
104 106
104 110
104 111
104 112
104 113
104 115
105 105
105 110
105 111
105 113
105 115
106 106
106 107
106 109
106 113
106 114
107 107
107 108
107 114
108 108
108 109
108 110
108 111
108 114
109 109
109 110
110 110
110 111
110 115
111 111
111 112
112 112
112 113
113 113
113 114
113 115
114 114
115 115
