0 0
0 1
0 10
0 12
0 16
0 18
0 19
0 56
0 57
0 58
0 62
0 63
0 68
0 74
0 75
0 76
0 77
0 80
0 82
0 83
0 84
0 86
0 87
0 88
0 89
1 1
1 10
1 11
1 16
1 18
1 19
1 36
1 50
1 52
1 56
1 57
1 62
1 63
1 68
1 73
1 74
1 75
1 76
1 77
1 78
1 79
1 80
1 81
1 82
1 83
1 84
1 85
1 86
1 87
1 88
1 89
2 2
2 3
2 4
2 5
2 6
2 7
2 8
2 9
2 12
2 13
2 14
2 15
2 22
2 23
2 30
2 31
2 33
2 48
2 60
2 64
3 3
3 5
3 6
3 7
3 22
3 23
3 27
3 30
3 31
3 35
3 43
3 50
3 92
3 94
4 4
4 5
4 6
4 7
4 8
4 9
4 11
4 12
4 13
4 14
4 15
4 20
4 21
4 23
4 26
4 30
4 31
4 44
4 47
4 48
4 49
4 59
4 61
4 65
5 5
5 6
5 7
5 8
5 9
5 11
5 13
5 15
5 20
5 21
5 23
5 24
5 25
5 26
5 42
5 44
5 45
5 46
5 47
5 48
5 49
5 51
5 65
5 67
5 69
5 103
6 6
6 7
6 8
6 9
6 12
6 13
6 14
6 15
6 30
6 31
6 33
6 35
6 44
6 48
6 49
6 58
6 60
6 61
6 65
7 7
7 8
7 9
7 11
7 13
7 15
7 21
7 31
7 33
7 35
7 44
7 45
7 48
7 49
7 59
7 65
7 67
7 103
7 107
8 8
8 9
8 13
8 14
8 15
8 20
8 22
8 23
8 24
8 25
8 26
8 48
8 49
8 51
8 64
8 65
8 67
8 69
9 9
9 11
9 13
9 14
9 15
9 20
9 21
9 23
9 26
9 48
9 49
9 51
9 65
9 67
9 69
9 103
10 10
10 12
10 14
10 16
10 18
10 53
10 56
10 57
10 70
10 71
10 75
10 80
10 82
10 84
10 85
10 86
10 87
10 89
11 11
11 13
11 15
11 19
11 23
11 26
11 31
11 64
11 71
11 75
11 85
11 88
12 12
12 13
12 14
12 15
12 16
12 22
12 28
12 30
12 31
12 48
12 60
12 70
12 71
12 72
12 82
12 86
12 87
13 13
13 14
13 15
13 16
13 17
13 28
13 29
13 33
13 35
13 48
13 58
13 59
13 60
13 61
13 62
13 63
13 65
13 71
13 72
13 107
14 14
14 15
14 20
14 21
14 22
14 28
14 30
14 31
14 43
14 48
14 49
14 51
14 64
14 70
14 71
14 72
14 82
14 86
14 87
15 15
15 20
15 21
15 26
15 44
15 48
15 49
15 61
15 65
16 16
16 17
16 18
16 28
16 29
16 36
16 56
16 57
16 58
16 59
16 60
16 61
16 62
16 63
16 72
16 73
16 74
16 75
16 76
16 78
16 79
16 80
16 81
16 82
16 83
16 86
16 87
16 101
17 17
17 28
17 29
17 36
17 37
17 40
17 57
17 59
17 60
17 61
17 62
17 63
17 70
17 72
17 73
17 74
17 75
17 76
17 78
17 79
17 80
17 81
17 107
18 18
18 19
18 32
18 36
18 38
18 54
18 56
18 57
18 58
18 68
18 69
18 76
18 77
18 79
18 81
18 82
18 83
18 86
18 88
18 89
18 93
18 101
18 108
19 19
19 23
19 32
19 33
19 68
19 69
19 77
19 83
19 88
19 89
19 91
19 92
19 93
19 101
19 103
20 20
20 21
20 24
20 25
20 26
20 29
20 30
20 40
20 44
20 45
20 49
20 65
20 70
20 71
20 72
20 73
20 74
20 75
20 114
21 21
21 26
21 37
21 39
21 40
21 42
21 43
21 44
21 45
21 47
21 49
21 51
21 65
21 97
22 22
22 23
22 24
22 25
22 30
22 42
22 43
22 46
22 50
22 51
22 53
22 54
22 55
22 64
22 70
22 76
22 82
22 84
23 23
23 24
23 25
23 26
23 30
23 31
23 47
23 50
23 51
23 64
23 71
23 85
23 91
23 92
24 24
24 25
24 30
24 34
24 50
24 64
24 70
24 71
24 74
24 76
25 25
25 30
25 34
25 40
25 44
25 45
25 50
25 64
25 67
25 70
25 71
25 73
25 77
25 84
25 85
26 26
26 46
26 47
26 49
26 51
27 27
27 37
27 42
27 43
27 46
27 47
27 50
27 51
27 52
27 53
27 67
27 85
27 87
27 88
27 89
27 91
27 104
27 105
27 110
27 113
28 28
28 29
28 30
28 31
28 36
28 40
28 41
28 57
28 58
28 59
28 60
28 61
28 62
28 63
28 70
28 71
28 72
28 73
28 74
28 75
28 76
28 78
28 79
28 80
28 81
28 82
28 83
29 29
29 30
29 32
29 36
29 37
29 40
29 41
29 58
29 59
29 60
29 61
29 62
29 63
29 70
29 71
29 72
29 73
29 74
29 75
29 76
29 78
29 79
29 80
29 81
30 30
30 31
30 40
30 44
30 45
30 49
30 64
30 70
30 71
30 72
30 73
30 74
30 75
30 82
31 31
31 33
31 35
31 40
31 44
31 45
31 49
31 64
31 71
31 75
31 83
31 94
32 32
32 33
32 36
32 38
32 41
32 56
32 58
32 60
32 61
32 62
32 63
32 66
32 68
32 72
32 74
32 76
32 78
32 94
32 95
32 99
32 101
32 102
32 108
32 111
32 114
32 115
33 33
33 34
33 35
33 41
33 58
33 59
33 60
33 61
33 66
33 83
33 94
33 95
33 99
33 100
33 101
33 103
34 34
34 35
34 44
34 45
34 64
34 65
34 67
34 77
34 110
35 35
35 44
35 45
35 49
35 58
35 65
35 66
35 67
35 94
35 100
35 103
35 110
36 36
36 37
36 38
36 40
36 41
36 52
36 54
36 56
36 57
36 62
36 68
36 72
36 73
36 74
36 75
36 76
36 77
36 78
36 79
36 80
36 81
36 83
36 84
36 89
36 98
37 37
37 38
37 39
37 40
37 41
37 50
37 54
37 55
37 73
37 76
37 78
37 79
37 81
37 85
37 87
37 89
37 94
37 96
37 97
37 109
37 112
37 113
38 38
38 39
38 40
38 41
38 54
38 55
38 68
38 79
38 81
38 90
38 94
38 96
38 97
38 98
38 102
38 108
38 110
38 111
38 112
39 39
39 40
39 43
39 44
39 45
39 54
39 55
39 81
39 85
39 89
39 90
39 94
39 95
39 97
39 99
39 104
39 105
39 106
39 107
39 110
39 111
39 112
39 113
39 114
39 115
40 40
40 41
40 44
40 70
40 72
40 73
40 74
40 75
40 78
40 81
40 102
40 114
41 41
41 61
41 62
41 63
41 68
41 72
41 73
41 74
41 75
41 76
41 77
41 78
41 81
41 83
42 42
42 43
42 44
42 45
42 46
42 47
42 48
42 49
42 50
42 51
42 53
42 55
42 85
42 110
42 111
43 43
43 44
43 45
43 46
43 47
43 48
43 49
43 50
43 51
43 53
43 55
43 94
43 96
43 110
43 113
44 44
44 45
44 46
44 47
44 48
44 49
44 51
44 55
44 65
44 94
44 106
44 110
44 114
44 115
45 45
45 47
45 49
45 55
45 65
45 67
45 94
45 97
45 100
45 106
45 110
45 114
45 115
46 46
46 47
46 48
46 49
46 50
46 51
46 52
46 53
46 54
46 55
46 85
46 90
46 91
46 94
46 96
46 97
46 98
46 99
46 108
46 110
46 111
46 113
47 47
47 48
47 49
47 51
47 53
47 55
47 67
47 91
47 94
47 96
47 109
47 110
48 48
48 49
48 51
49 49
49 51
49 55
49 94
49 96
49 99
49 110
50 50
50 51
50 52
50 53
50 54
50 55
50 68
50 84
50 85
50 89
50 90
50 98
50 110
51 51
51 52
51 53
51 55
51 85
51 90
51 96
51 104
51 110
52 52
52 53
52 54
52 57
52 68
52 69
52 79
52 85
52 89
52 90
52 98
52 104
53 53
53 54
53 55
53 68
53 82
53 84
53 85
53 86
53 89
53 90
53 91
53 97
53 98
53 99
53 110
54 54
54 55
54 68
54 79
54 81
54 89
54 90
54 96
54 97
54 98
54 108
55 55
55 66
55 67
55 90
55 91
55 94
55 95
55 96
55 97
55 99
55 104
55 108
55 109
55 110
55 111
55 113
56 56
56 57
56 62
56 68
56 78
56 80
56 81
56 83
56 84
56 86
56 87
56 101
56 104
57 57
57 62
57 63
57 72
57 73
57 74
57 75
57 76
57 77
57 78
57 79
57 80
57 81
57 82
57 83
57 84
57 85
57 87
57 89
57 98
57 101
57 102
58 58
58 59
58 60
58 61
58 62
58 63
58 66
58 72
58 93
58 95
58 101
58 103
58 107
59 59
59 60
59 61
59 62
59 63
59 66
59 100
59 101
59 102
59 103
59 107
59 111
60 60
60 61
60 62
60 63
60 72
60 78
60 79
60 101
60 107
61 61
61 62
61 63
61 65
61 72
61 78
61 83
61 101
61 107
61 111
61 115
62 62
62 63
62 72
62 73
62 74
62 78
62 79
62 80
62 81
62 83
62 87
62 101
62 102
63 63
63 72
63 73
63 74
63 78
63 79
63 80
63 81
63 83
63 101
63 102
63 107
63 111
63 115
64 64
64 65
64 71
64 84
64 93
65 65
65 67
65 106
65 115
66 66
66 67
66 68
66 69
66 94
66 95
66 96
66 99
66 100
66 101
66 102
66 103
66 104
66 105
67 67
67 69
67 91
67 92
67 96
67 100
67 103
67 105
67 109
67 110
68 68
68 69
68 77
68 89
68 90
68 93
68 96
68 97
68 98
68 99
68 101
68 102
68 103
68 104
68 105
68 108
69 69
69 88
69 89
69 90
69 91
69 93
69 101
69 103
69 105
70 70
70 71
70 72
70 73
70 74
70 75
70 76
70 77
70 84
71 71
71 72
71 73
71 74
71 75
71 76
71 77
72 72
72 73
72 74
72 75
72 76
72 77
72 78
72 79
72 80
72 81
72 82
73 73
73 74
73 75
73 76
73 77
73 78
73 79
73 80
74 74
74 75
74 76
74 77
74 78
74 79
74 80
75 75
75 76
75 77
75 80
76 76
76 77
76 78
76 79
76 80
76 84
77 77
77 79
77 84
78 78
78 79
78 80
78 81
78 83
78 84
78 98
78 102
79 79
79 80
79 81
79 82
79 84
79 89
79 98
80 80
80 81
80 82
80 83
80 84
80 85
80 86
80 87
80 101
80 102
81 81
81 82
81 83
81 84
81 85
81 86
81 87
81 89
81 98
81 101
81 102
82 82
82 83
82 84
82 85
82 86
82 87
82 89
83 83
83 87
83 88
83 92
83 93
83 101
83 111
84 84
84 85
84 86
84 87
84 89
85 85
85 86
85 87
85 89
85 97
85 110
86 86
86 87
86 89
87 87
87 89
88 88
88 89
88 91
88 92
89 89
89 90
89 97
89 98
89 104
90 90
90 91
90 92
90 97
90 98
90 100
90 104
90 105
90 110
90 112
90 113
91 91
91 92
91 93
91 95
91 97
91 99
91 100
91 103
91 105
91 108
91 109
91 110
91 111
91 112
91 113
91 115
92 92
92 93
92 97
92 100
92 101
92 103
92 108
92 112
92 113
93 93
93 95
93 97
93 99
93 100
93 101
93 102
93 103
93 108
93 109
93 111
93 112
93 115
94 94
94 95
94 96
94 97
94 99
94 107
94 108
94 109
94 110
94 111
94 112
94 113
94 115
95 95
95 96
95 97
95 98
95 99
95 100
95 101
95 102
95 103
95 104
95 105
95 106
95 107
95 108
95 109
95 111
95 112
95 113
95 115
96 96
96 97
96 98
96 99
96 108
96 109
96 110
96 111
96 113
97 97
97 99
97 102
97 103
97 104
97 105
97 108
97 109
97 110
97 111
97 112
97 113
97 114
97 115
98 98
98 99
98 102
98 104
98 108
98 111
98 112
98 113
99 99
99 100
99 101
99 102
99 103
99 105
99 108
99 109
99 110
99 111
99 112
99 113
99 114
99 115
100 100
100 101
100 102
100 103
100 104
100 105
100 107
100 108
100 110
100 111
100 112
100 113
100 114
100 115
101 101
101 102
101 103
101 104
101 105
101 108
101 111
101 112
102 102
102 103
102 104
102 105
102 107
102 111
102 112
102 114
103 103
103 104
103 105
103 107
103 108
103 113
103 114
104 104
104 105
104 107
104 112
104 113
104 114
104 115
105 105
105 107
105 108
105 109
105 110
105 112
105 113
105 114
105 115
106 106
106 111
106 115
107 107
107 111
107 112
107 113
107 114
107 115
108 108
108 109
108 110
108 111
108 112
108 113
108 115
109 109
109 110
109 111
109 115
110 110
110 111
111 111
111 112
111 113
111 115
112 112
112 113
112 114
112 115
113 113
113 114
113 115
114 114
114 115
115 115
