0 0
0 1
0 6
0 10
0 12
0 18
0 19
0 20
0 27
0 37
0 40
0 41
0 52
0 53
0 56
0 57
0 58
0 59
0 61
0 68
0 69
0 82
1 1
1 10
1 11
1 20
1 21
1 37
1 40
1 41
1 46
1 52
1 56
1 57
1 61
1 63
1 68
1 78
1 80
1 81
1 82
1 112
2 2
2 3
2 6
2 7
2 10
2 18
2 32
2 33
2 58
2 59
2 60
2 66
2 67
3 3
3 11
3 14
3 18
3 22
3 23
3 25
3 30
3 31
3 52
3 54
3 58
3 61
3 64
3 65
3 82
3 84
3 85
3 86
3 87
3 88
3 89
4 4
4 5
4 8
4 9
4 15
4 24
4 26
4 42
4 47
4 50
4 51
4 54
4 69
4 70
4 71
4 90
4 91
4 92
4 93
4 94
4 98
4 105
4 111
4 112
4 115
5 5
5 8
5 9
5 13
5 14
5 15
5 21
5 22
5 23
5 24
5 25
5 26
5 27
5 32
5 60
5 65
5 66
5 67
5 68
5 69
5 79
5 90
5 91
5 92
5 93
5 105
6 6
6 7
6 10
6 11
6 12
6 13
6 21
6 37
6 49
6 58
6 59
6 60
6 66
6 99
6 101
6 112
7 7
7 9
7 10
7 11
7 13
7 15
7 35
7 44
7 45
7 49
7 52
7 58
7 59
7 60
7 61
7 63
7 67
8 8
8 9
8 14
8 15
8 26
8 60
8 68
8 69
8 71
8 89
8 90
8 91
8 92
8 93
8 112
9 9
9 15
9 24
9 30
9 42
9 44
9 50
9 51
9 53
9 62
9 71
9 90
9 91
9 92
9 93
9 104
9 105
9 111
10 10
10 11
10 12
10 13
10 14
10 16
10 21
10 40
10 43
10 52
10 56
10 57
10 60
10 61
10 62
10 63
10 82
11 11
11 12
11 13
11 14
11 25
11 32
11 33
11 40
11 51
11 54
11 60
11 61
11 63
11 65
11 67
11 82
11 87
11 88
11 106
11 109
12 12
12 13
12 14
12 17
12 22
12 27
12 32
12 40
12 56
12 57
12 58
12 62
12 64
12 82
12 84
12 87
13 13
13 32
13 33
13 51
13 58
13 59
13 60
13 61
13 67
13 108
14 14
14 15
14 18
14 19
14 22
14 23
14 26
14 27
14 40
14 41
14 56
14 57
14 58
14 68
14 69
14 80
14 82
14 83
14 84
14 85
14 86
15 15
15 24
15 26
15 27
15 58
15 60
15 66
15 68
15 69
15 83
15 90
15 91
15 92
16 16
16 17
16 28
16 29
16 31
16 32
16 33
16 42
16 43
16 53
16 54
16 55
16 56
16 62
16 65
16 72
16 73
16 74
16 78
16 79
16 80
16 81
16 96
16 113
17 17
17 28
17 29
17 31
17 32
17 34
17 35
17 48
17 54
17 55
17 62
17 70
17 72
17 73
17 74
17 76
17 77
17 81
17 94
17 95
17 96
17 110
18 18
18 19
18 27
18 40
18 58
18 64
18 68
18 69
18 82
18 84
18 86
18 87
18 88
18 89
18 90
18 91
18 93
18 107
19 19
19 40
19 52
19 56
19 58
19 68
19 69
19 82
19 88
19 89
19 91
20 20
20 21
20 25
20 26
20 27
20 36
20 37
20 40
20 41
20 52
20 57
20 68
20 70
20 71
20 73
20 75
20 76
20 77
20 82
20 83
20 84
20 87
20 88
21 21
21 24
21 46
21 71
21 72
21 73
21 80
21 96
21 105
22 22
22 23
22 24
22 25
22 26
22 27
22 30
22 31
22 32
22 33
22 64
22 84
22 85
22 86
22 96
22 103
23 23
23 25
23 26
23 27
23 30
23 31
23 32
23 33
23 64
23 65
23 66
23 67
23 79
23 82
23 83
23 84
23 85
23 86
23 87
24 24
24 25
24 26
24 30
24 31
24 42
24 46
24 47
24 63
24 79
24 105
24 106
25 25
25 26
25 27
25 31
25 32
25 33
25 40
25 41
25 61
25 63
25 64
25 65
25 66
25 67
25 79
25 82
25 83
25 84
25 85
25 86
25 106
26 26
26 27
26 41
26 42
26 68
26 69
26 82
26 84
26 88
26 90
26 91
27 27
27 32
27 37
27 41
27 58
27 64
27 66
27 67
27 68
27 69
27 79
27 82
27 84
27 86
27 87
27 88
27 91
28 28
28 29
28 30
28 31
28 34
28 35
28 54
28 55
28 62
28 70
28 72
28 73
28 74
28 75
28 78
28 80
28 81
28 83
28 94
29 29
29 30
29 31
29 34
29 35
29 46
29 48
29 50
29 62
29 70
29 71
29 72
29 73
29 74
29 75
29 76
29 77
29 78
29 79
29 80
29 81
29 83
29 96
29 109
29 113
30 30
30 31
30 33
30 34
30 35
30 43
30 62
30 70
30 72
30 73
30 74
30 75
30 76
30 77
31 31
31 32
31 33
31 34
31 35
31 43
31 46
31 62
31 63
31 72
31 73
31 74
31 75
31 76
31 77
31 79
32 32
32 33
32 34
32 35
32 60
32 63
32 64
32 65
32 66
32 67
32 79
33 33
33 34
33 35
33 60
33 61
33 63
33 65
33 67
33 78
33 79
33 106
34 34
34 35
34 44
34 62
34 64
34 66
34 67
34 72
34 76
34 77
34 79
34 103
35 35
35 44
35 45
35 49
35 62
35 63
35 65
35 66
35 67
35 72
35 76
35 77
35 78
35 79
35 81
35 108
35 113
36 36
36 37
36 38
36 39
36 40
36 41
36 46
36 47
36 70
36 71
36 75
36 77
36 78
36 87
36 90
36 92
36 93
36 98
36 99
36 100
36 101
36 102
36 106
36 110
36 112
37 37
37 39
37 40
37 41
37 47
37 57
37 68
37 77
37 91
37 93
37 98
37 99
37 101
37 106
37 108
37 110
37 112
38 38
38 39
38 44
38 45
38 46
38 47
38 49
38 55
38 68
38 78
38 80
38 81
38 86
38 87
38 96
38 97
38 109
38 110
38 113
38 114
38 115
39 39
39 47
39 49
39 50
39 55
39 70
39 72
39 73
39 74
39 78
39 80
39 81
39 85
39 86
39 87
39 96
39 97
39 109
39 110
39 112
39 113
39 114
39 115
40 40
40 41
40 52
40 56
40 57
40 58
40 63
40 74
40 75
40 78
40 82
40 83
40 84
40 85
40 87
40 99
41 41
41 42
41 52
41 56
41 57
41 68
41 73
41 74
41 75
41 79
41 82
41 83
41 84
41 85
41 87
41 99
42 42
42 43
42 45
42 46
42 47
42 48
42 49
42 50
42 51
42 52
42 53
42 54
42 62
42 90
42 98
42 102
42 104
42 106
42 107
42 108
42 110
42 111
43 43
43 45
43 46
43 47
43 48
43 49
43 50
43 51
43 53
43 62
43 72
43 74
43 76
43 80
43 81
43 98
43 108
43 111
44 44
44 45
44 46
44 47
44 48
44 49
44 50
44 51
44 53
44 62
44 77
44 78
44 80
44 81
44 108
44 115
45 45
45 46
45 47
45 48
45 49
45 50
45 51
45 53
45 63
45 72
45 78
45 80
45 81
45 85
46 46
46 47
46 48
46 49
46 50
46 51
46 52
46 53
46 54
46 55
46 72
46 73
46 78
46 80
46 81
46 96
46 110
47 47
47 48
47 49
47 50
47 51
47 53
47 54
47 55
47 70
47 71
47 77
47 90
47 91
47 93
47 96
47 98
47 110
47 111
47 113
48 48
48 49
48 50
48 51
48 52
48 53
48 62
48 72
48 78
48 80
48 81
48 85
48 108
48 111
49 49
49 50
49 51
49 53
49 63
49 78
49 80
49 81
49 85
49 113
50 50
50 51
50 52
50 53
50 54
50 55
50 62
50 72
50 73
50 78
50 80
50 81
50 85
50 96
50 104
50 105
50 108
50 109
50 111
50 114
50 115
51 51
51 52
51 53
51 54
51 55
51 62
51 80
51 85
51 94
51 102
51 104
51 108
51 109
51 110
51 113
51 114
52 52
52 53
52 54
52 56
52 57
52 59
52 63
52 73
52 80
52 82
52 83
52 84
52 88
52 98
52 111
53 53
53 54
53 55
53 62
53 80
53 108
53 111
54 54
54 55
54 62
54 88
54 89
54 94
54 95
54 96
54 97
54 107
54 108
54 109
54 110
54 111
54 114
55 55
55 62
55 86
55 87
55 88
55 89
55 94
55 95
55 96
55 97
55 103
55 107
55 109
55 110
55 113
55 114
55 115
56 56
56 57
56 58
56 59
56 61
56 63
56 82
56 88
56 89
57 57
57 58
57 59
57 61
57 63
57 82
57 84
58 58
58 59
58 60
58 61
58 66
58 67
58 69
58 86
58 88
58 89
59 59
59 61
59 69
59 70
59 88
59 89
60 60
60 61
60 63
60 64
60 65
60 66
60 67
60 89
60 101
60 106
61 61
61 63
61 67
61 82
62 62
62 64
62 65
62 72
62 79
62 81
62 94
62 104
62 108
62 109
63 63
63 65
63 67
63 78
63 80
64 64
64 65
64 66
64 67
64 79
64 82
64 84
64 85
64 86
64 87
64 104
64 107
65 65
65 66
65 67
65 78
65 79
65 83
65 85
65 86
65 87
65 104
65 106
65 113
65 114
66 66
66 67
66 69
66 90
66 91
66 92
66 93
66 94
66 103
66 107
67 67
67 79
68 68
68 69
68 86
68 87
68 88
68 89
68 90
68 91
68 92
68 93
68 106
69 69
69 86
69 87
69 89
69 90
69 91
69 92
69 93
69 107
70 70
70 71
70 72
70 73
70 74
70 75
70 76
70 77
70 90
70 92
70 93
70 98
70 110
70 111
70 112
71 71
71 73
71 75
71 76
71 77
71 90
71 91
71 92
71 93
71 98
71 100
71 105
71 110
71 111
71 112
71 115
72 72
72 73
72 74
72 75
72 76
72 78
72 80
72 81
72 83
72 96
72 114
73 73
73 74
73 75
73 76
73 77
73 78
73 79
73 80
73 81
73 83
74 74
74 75
74 76
74 78
74 80
74 81
74 82
74 83
74 84
74 86
74 87
75 75
75 76
75 77
75 78
75 81
75 82
75 83
75 84
75 87
76 76
76 77
76 93
76 94
76 95
76 96
76 98
76 103
76 110
77 77
77 90
77 91
77 93
77 94
77 95
77 96
77 98
77 99
77 100
77 108
77 110
77 111
78 78
78 79
78 80
78 81
78 83
78 84
78 85
78 109
78 112
78 114
79 79
79 80
79 81
79 106
79 112
79 113
79 114
79 115
80 80
80 81
80 83
80 84
80 85
80 109
80 114
81 81
81 83
81 84
81 85
82 82
82 83
82 84
82 85
82 86
82 87
82 88
82 89
83 83
83 84
83 85
83 87
83 88
84 84
84 85
84 86
84 87
84 88
85 85
85 86
85 87
86 86
86 87
86 88
86 89
86 97
86 107
86 114
87 87
87 88
87 89
87 94
87 97
88 88
88 89
88 90
88 107
89 89
89 91
90 90
90 91
90 92
90 93
90 98
90 100
90 101
90 102
90 103
90 105
90 107
90 110
90 111
90 112
91 91
91 92
91 93
91 97
91 98
91 99
91 100
91 101
91 102
91 103
91 105
91 107
91 110
91 111
91 112
91 113
92 92
92 93
92 94
92 98
92 100
92 101
92 102
92 103
92 104
92 105
92 107
92 110
92 111
93 93
93 95
93 97
93 98
93 99
93 100
93 101
93 102
93 103
93 104
93 105
93 107
93 110
93 111
94 94
94 95
94 96
94 97
94 103
94 104
94 107
94 108
94 109
94 110
94 111
94 114
94 115
95 95
95 96
95 97
95 100
95 102
95 103
95 104
95 107
95 108
95 109
95 110
95 111
96 96
96 97
96 98
96 103
96 108
96 109
96 110
96 111
96 113
96 114
97 97
97 99
97 100
97 102
97 103
97 104
97 107
97 108
97 109
97 110
97 111
97 113
97 114
98 98
98 99
98 100
98 101
98 102
98 103
98 110
98 111
98 112
98 113
99 99
99 100
99 101
99 102
99 111
99 112
100 100
100 101
100 102
100 103
100 104
100 105
100 109
100 110
100 111
100 113
101 101
101 102
101 103
101 104
101 105
101 110
102 102
102 103
102 104
102 105
102 106
102 107
102 109
102 110
102 111
102 113
102 114
103 103
103 104
103 105
103 107
103 108
103 109
103 110
103 111
103 113
104 104
104 105
104 106
104 107
104 108
104 109
104 110
104 111
104 113
104 114
105 105
105 107
105 110
105 111
105 113
105 114
105 115
106 106
106 109
106 110
106 112
106 113
106 114
106 115
107 107
107 110
107 111
107 113
107 114
107 115
108 108
108 109
108 110
108 111
108 113
109 109
109 110
109 113
109 114
109 115
110 110
110 111
110 113
110 114
110 115
111 111
111 112
111 115
112 112
112 113
112 115
113 113
113 114
113 115
114 114
114 115
115 115
