0 0
0 1
0 39
0 54
0 55
0 56
0 57
0 58
0 59
0 60
0 61
0 76
0 88
0 89
0 95
0 97
0 99
0 106
0 113
0 114
1 1
1 11
1 13
1 17
1 19
1 29
1 32
1 33
1 56
1 57
1 59
1 61
1 62
1 63
1 69
1 72
1 73
1 74
1 76
1 77
1 78
1 79
1 80
1 95
1 115
2 2
2 3
2 5
2 6
2 14
2 15
2 18
2 22
2 23
2 53
2 70
2 82
2 83
2 85
2 88
2 89
2 91
2 93
2 96
3 3
3 5
3 6
3 7
3 23
3 65
3 85
3 89
4 4
4 5
4 8
4 9
4 15
4 21
4 24
4 25
4 26
4 27
4 34
4 35
4 38
4 41
4 71
4 77
5 5
5 6
5 8
5 9
5 15
5 18
5 20
5 25
5 26
5 27
5 35
5 47
5 70
5 83
5 85
5 88
5 90
5 91
5 92
5 93
5 100
5 105
5 110
6 6
6 7
6 8
6 9
6 12
6 15
6 18
6 22
6 23
6 48
6 53
6 66
6 70
6 88
6 89
6 90
6 91
6 92
6 93
6 100
6 101
6 104
6 105
6 107
7 7
7 9
7 10
7 11
7 12
7 13
7 23
7 33
7 61
7 65
8 8
8 9
8 14
8 15
8 18
8 20
8 34
8 35
8 66
8 68
8 70
8 90
8 91
8 92
8 93
8 100
8 101
8 102
8 103
8 105
8 110
8 111
8 112
9 9
9 15
9 18
9 20
9 26
9 35
9 66
9 70
9 88
9 90
9 91
9 92
9 93
9 98
9 100
9 101
9 102
9 103
9 105
9 110
9 111
9 112
10 10
10 11
10 12
10 14
10 22
10 28
10 65
10 84
11 11
11 12
11 13
11 17
11 28
11 29
11 31
11 32
11 33
11 45
11 61
11 63
11 64
11 65
11 72
11 73
11 74
11 75
11 76
11 77
11 78
11 79
11 84
12 12
12 13
12 14
12 28
12 32
12 33
12 61
13 13
13 17
13 29
13 32
13 33
13 41
13 59
13 60
13 61
13 62
13 63
13 65
13 71
13 72
13 73
13 74
13 75
13 77
13 79
14 14
14 15
14 22
14 28
14 30
14 34
14 64
14 82
14 84
15 15
15 21
15 26
15 27
15 39
15 70
15 83
15 88
15 90
15 91
15 92
15 93
15 94
15 109
16 16
16 17
16 29
16 30
16 32
16 40
16 56
16 57
16 62
16 63
16 65
16 78
16 79
16 80
16 81
17 17
17 28
17 29
17 30
17 31
17 32
17 33
17 40
17 41
17 45
17 56
17 57
17 61
17 62
17 63
17 65
17 72
17 73
17 74
17 75
17 76
17 77
17 78
17 79
17 80
17 81
17 84
18 18
18 19
18 35
18 47
18 53
18 66
18 68
18 69
18 70
18 83
18 88
18 89
18 90
18 91
18 92
18 93
18 98
18 100
18 101
18 103
18 104
18 105
18 107
18 110
18 111
18 112
18 113
19 19
19 33
19 36
19 46
19 53
19 54
19 55
19 57
19 59
19 69
19 88
19 95
19 98
19 99
19 112
19 113
19 114
19 115
20 20
20 21
20 25
20 26
20 30
20 35
20 42
20 43
20 47
20 70
20 81
20 83
20 85
20 88
20 105
21 21
21 24
21 25
21 26
21 27
21 29
21 30
21 31
21 37
21 38
21 39
21 40
21 41
21 46
21 71
21 72
21 73
21 74
21 75
21 77
21 81
21 94
21 95
21 108
21 109
22 22
22 23
22 24
22 30
22 44
22 45
22 48
22 49
22 64
22 82
22 83
22 84
22 85
22 87
23 23
23 30
23 31
23 42
23 43
23 44
23 45
23 48
23 49
23 50
23 66
23 83
23 85
24 24
24 25
24 26
24 27
24 30
24 31
24 34
24 35
24 38
24 40
24 41
24 70
24 71
24 72
24 73
24 74
24 75
24 81
24 86
24 87
25 25
25 26
25 27
25 30
25 31
25 34
25 35
25 42
25 43
25 46
25 47
25 70
25 71
25 74
25 75
25 81
26 26
26 27
26 47
26 55
26 70
26 82
26 83
26 88
26 105
27 27
27 37
27 38
27 39
27 40
27 41
27 71
27 94
27 95
28 28
28 29
28 30
28 31
28 32
28 33
28 40
28 45
28 52
28 63
28 72
28 73
28 74
28 75
28 76
28 78
28 79
28 80
28 81
28 82
28 84
29 29
29 30
29 31
29 32
29 33
29 36
29 38
29 40
29 41
29 45
29 57
29 61
29 62
29 63
29 65
29 71
29 72
29 73
29 74
29 75
29 76
29 77
29 78
29 79
29 80
29 81
29 95
30 30
30 31
30 32
30 33
30 40
30 45
30 52
30 72
30 73
30 74
30 75
30 76
30 78
30 79
30 81
30 84
31 31
31 32
31 33
31 40
31 43
31 45
31 51
31 52
31 71
31 72
31 73
31 74
31 75
31 76
31 77
31 78
31 79
31 81
31 84
32 32
32 33
32 40
32 41
32 45
32 57
32 59
32 61
32 62
32 63
32 65
32 72
32 73
32 74
32 75
32 76
32 78
32 79
32 80
33 33
33 40
33 41
33 45
33 57
33 59
33 61
33 62
33 63
33 65
33 72
33 78
33 79
33 80
34 34
34 35
34 42
34 44
34 45
34 47
34 48
34 64
34 66
34 67
34 110
35 35
35 42
35 43
35 44
35 47
35 48
35 66
35 67
35 68
35 70
35 91
35 110
35 111
36 36
36 37
36 38
36 39
36 42
36 46
36 47
36 51
36 54
36 56
36 76
36 78
36 79
36 81
36 85
36 86
36 88
36 95
36 96
36 97
36 98
36 113
37 37
37 38
37 39
37 40
37 41
37 42
37 46
37 54
37 55
37 75
37 81
37 86
37 87
37 94
37 95
37 96
37 97
37 106
37 108
37 109
38 38
38 39
38 40
38 41
38 46
38 53
38 54
38 55
38 56
38 73
38 76
38 77
38 78
38 86
38 94
38 95
38 96
38 97
38 98
38 99
38 108
39 39
39 41
39 53
39 54
39 55
39 58
39 86
39 88
39 89
39 90
39 92
39 94
39 95
39 96
39 97
39 98
39 99
39 106
39 108
39 109
39 113
39 114
40 40
40 41
40 45
40 49
40 50
40 62
40 63
40 71
40 72
40 73
40 74
40 75
40 76
40 77
40 78
40 79
40 80
40 81
40 84
41 41
41 57
41 63
41 71
41 72
41 73
41 74
41 75
41 77
41 78
41 94
41 95
42 42
42 43
42 44
42 45
42 46
42 47
42 48
42 49
42 50
42 51
42 52
42 54
42 70
42 85
43 43
43 44
43 45
43 46
43 47
43 48
43 49
43 50
43 51
43 52
43 70
43 85
44 44
44 45
44 48
44 49
44 50
44 64
44 66
44 67
44 84
45 45
45 46
45 48
45 49
45 50
45 51
45 64
45 65
45 67
45 72
45 73
45 75
45 76
45 77
45 78
45 81
45 84
46 46
46 47
46 49
46 51
46 53
46 54
46 70
46 71
46 81
46 85
46 88
46 96
47 47
47 51
47 53
47 54
47 55
47 70
47 83
47 85
47 88
47 90
47 92
47 94
47 96
47 98
47 104
47 110
47 111
47 113
48 48
48 49
48 50
48 64
48 66
48 67
48 100
48 110
49 49
49 50
49 51
49 52
50 50
50 51
50 52
50 58
50 60
50 64
50 72
50 75
50 77
50 84
51 51
51 52
51 54
51 76
51 81
51 85
52 52
52 63
52 72
52 74
52 75
52 79
52 80
52 81
52 84
53 53
53 54
53 55
53 70
53 83
53 85
53 86
53 88
53 89
53 90
53 91
53 92
53 93
53 94
53 96
53 97
53 98
53 99
53 104
53 107
53 110
53 113
54 54
54 55
54 85
54 86
54 88
54 89
54 90
54 95
54 96
54 97
54 98
54 99
54 108
54 113
54 114
55 55
55 58
55 83
55 85
55 86
55 88
55 89
55 90
55 92
55 93
55 94
55 95
55 96
55 97
55 98
55 99
55 101
55 102
55 104
55 106
55 107
55 108
55 112
55 113
55 114
56 56
56 57
56 58
56 59
56 60
56 61
56 62
56 63
56 73
56 76
56 78
56 79
56 80
56 95
56 97
56 99
57 57
57 59
57 61
57 62
57 63
57 69
57 72
57 73
57 74
57 75
57 76
57 77
57 78
57 79
57 80
57 115
58 58
58 59
58 60
58 62
58 64
58 66
58 95
58 97
58 102
58 104
58 106
58 107
59 59
59 60
59 61
59 62
59 63
59 69
59 80
60 60
60 61
60 62
60 64
60 65
60 73
60 75
60 95
60 102
60 106
61 61
61 62
61 63
61 65
61 72
61 73
61 78
61 79
61 80
62 62
62 63
62 65
62 72
62 73
62 74
62 75
62 78
62 79
62 80
63 63
63 65
63 72
63 73
63 74
63 75
63 76
63 77
63 78
63 79
63 80
63 81
64 64
64 65
64 66
64 67
64 84
65 65
65 67
65 73
65 75
65 78
65 79
65 80
65 84
66 66
66 67
66 68
66 70
66 90
66 91
66 92
66 93
66 100
66 101
66 102
66 103
66 104
66 107
66 110
66 111
67 67
67 68
67 110
67 111
68 68
68 69
68 90
68 91
68 92
68 93
68 100
68 101
68 102
68 103
68 104
68 107
68 110
68 111
69 69
69 90
69 91
69 92
69 93
69 103
69 104
69 106
69 107
70 70
70 71
70 83
70 88
70 90
70 91
70 92
70 93
70 94
70 96
70 100
70 101
70 103
70 104
70 105
70 107
70 110
70 111
71 71
71 72
71 73
71 74
71 75
71 76
71 77
71 109
72 72
72 73
72 74
72 75
72 76
72 77
72 78
72 79
72 80
72 81
72 84
72 95
73 73
73 74
73 75
73 76
73 77
73 78
73 79
73 80
73 81
73 84
73 95
74 74
74 75
74 76
74 77
74 78
74 79
74 80
74 81
74 84
75 75
75 76
75 77
75 78
75 79
75 80
75 81
75 84
75 95
76 76
76 77
76 78
76 79
76 80
76 81
76 82
76 84
76 86
77 77
77 78
77 79
77 81
77 95
78 78
78 79
78 80
78 81
78 84
79 79
79 80
79 81
79 84
80 80
80 81
80 84
81 81
81 82
81 84
81 85
81 86
81 87
82 82
82 83
82 84
82 85
82 86
82 87
82 88
83 83
83 85
83 87
83 88
83 90
83 94
83 96
83 98
83 110
84 84
84 87
85 85
85 86
85 87
85 88
85 89
85 96
85 97
85 113
85 114
86 86
86 87
86 88
86 94
86 96
86 97
86 113
87 87
88 88
88 89
88 90
88 92
88 96
88 97
88 98
88 99
88 113
88 114
89 89
89 90
89 91
89 92
89 93
89 96
89 97
89 98
89 99
89 100
89 101
89 102
89 104
89 106
89 107
89 113
89 114
90 90
90 91
90 92
90 93
90 94
90 96
90 97
90 98
90 99
90 100
90 101
90 102
90 103
90 104
90 105
90 106
90 107
90 108
90 110
90 111
90 112
90 113
90 114
91 91
91 92
91 93
91 94
91 98
91 99
91 100
91 101
91 102
91 103
91 104
91 105
91 106
91 107
91 110
91 111
91 112
91 115
92 92
92 93
92 94
92 96
92 97
92 98
92 99
92 100
92 101
92 102
92 103
92 104
92 105
92 106
92 107
92 108
92 110
92 111
92 112
92 113
92 114
93 93
93 94
93 98
93 99
93 100
93 101
93 102
93 103
93 104
93 105
93 106
93 107
93 110
93 111
93 112
94 94
94 95
94 96
94 97
94 98
94 99
94 106
94 108
94 109
95 95
95 97
95 98
95 99
95 106
95 108
95 109
95 113
95 114
95 115
96 96
96 97
96 98
96 99
96 104
96 106
96 108
96 110
96 112
96 113
96 114
97 97
97 98
97 99
97 102
97 106
97 108
97 109
97 112
97 113
97 114
98 98
98 99
98 100
98 101
98 102
98 104
98 105
98 106
98 108
98 111
98 112
98 113
98 114
99 99
99 100
99 101
99 102
99 103
99 104
99 106
99 108
99 112
99 113
99 114
100 100
100 101
100 102
100 103
100 104
100 105
100 106
100 107
100 108
100 110
100 111
100 112
100 113
101 101
101 102
101 103
101 104
101 105
101 106
101 107
101 110
101 111
101 112
101 113
102 102
102 103
102 104
102 106
102 107
102 108
102 109
102 110
102 111
102 112
102 113
103 103
103 104
103 105
103 106
103 107
103 110
103 111
103 112
104 104
104 105
104 106
104 107
104 110
104 111
104 112
104 113
104 114
105 105
105 107
105 110
105 111
105 112
105 115
106 106
106 107
107 107
107 110
107 111
107 112
108 108
108 109
108 112
108 113
108 114
108 115
109 109
109 112
110 110
110 111
110 112
111 111
111 112
112 112
112 113
112 114
112 115
113 113
113 114
114 114
114 115
115 115
