0 0
0 1
0 10
0 16
0 17
0 19
0 28
0 32
0 40
0 46
0 56
0 57
0 62
0 63
0 68
0 78
0 79
0 80
0 82
0 86
1 1
1 10
1 11
1 16
1 17
1 18
1 19
1 28
1 29
1 32
1 33
1 40
1 53
1 56
1 57
1 61
1 63
1 69
1 72
1 78
1 79
1 80
1 81
1 82
2 2
2 3
2 4
2 5
2 6
2 7
2 8
2 9
2 12
2 13
2 14
2 18
2 20
2 22
2 23
2 24
2 25
2 26
2 30
2 34
2 35
2 64
2 65
2 67
2 77
2 90
2 91
2 92
2 93
2 94
2 95
2 97
2 98
2 99
2 101
2 103
2 104
2 105
2 106
2 109
2 110
2 111
2 114
3 3
3 4
3 5
3 6
3 7
3 8
3 9
3 11
3 13
3 14
3 15
3 18
3 20
3 22
3 23
3 24
3 25
3 26
3 27
3 30
3 31
3 33
3 34
3 35
3 64
3 65
3 67
3 71
3 77
3 90
3 91
3 92
3 93
3 94
3 97
3 99
3 101
3 106
3 109
3 110
3 111
4 4
4 5
4 6
4 7
4 8
4 9
4 12
4 13
4 14
4 15
4 22
4 23
4 24
4 26
4 34
4 58
4 60
4 64
4 65
4 67
4 90
4 91
4 92
4 93
4 99
4 101
4 103
4 106
4 110
4 111
5 5
5 6
5 7
5 8
5 9
5 22
5 23
5 24
5 26
5 27
5 34
5 35
5 39
5 64
5 65
5 67
5 77
5 90
5 91
5 92
5 110
6 6
6 7
6 8
6 9
6 12
6 13
6 14
6 15
6 60
6 64
6 90
6 91
6 92
6 93
6 98
6 100
6 101
7 7
7 8
7 9
7 11
7 13
7 15
7 22
7 23
7 25
7 31
7 33
7 34
7 35
7 60
7 64
7 65
7 67
7 90
7 91
7 92
7 93
7 98
7 100
7 101
7 106
7 111
8 8
8 9
8 13
8 15
8 22
8 23
8 24
8 25
8 34
8 58
8 60
8 64
8 65
8 67
8 90
8 91
8 92
8 93
8 98
8 99
8 100
8 101
8 103
8 106
8 110
8 111
9 9
9 12
9 13
9 15
9 23
9 58
9 60
9 61
9 64
9 65
9 90
9 91
9 92
9 93
9 98
9 100
9 101
9 102
9 103
9 104
9 106
9 111
9 113
10 10
10 11
10 12
10 14
10 15
10 16
10 17
10 19
10 28
10 29
10 40
10 72
10 74
10 78
10 82
10 83
10 84
10 85
11 11
11 12
11 13
11 14
11 15
11 21
11 28
11 29
11 30
11 31
11 36
11 41
11 60
11 65
11 71
11 72
11 73
11 75
11 83
11 85
11 90
11 91
12 12
12 13
12 14
12 15
12 60
12 70
12 75
12 76
12 90
12 91
12 92
12 93
12 98
12 101
12 103
13 13
13 15
13 29
13 33
13 35
13 41
13 58
13 60
13 61
13 64
13 65
13 71
13 75
13 83
13 90
13 91
13 92
13 98
13 106
13 111
14 14
14 15
14 22
14 23
14 27
14 41
14 64
14 70
14 71
14 73
14 74
14 75
14 76
14 83
14 90
14 91
14 92
14 93
14 98
14 103
14 113
15 15
15 23
15 29
15 37
15 41
15 58
15 60
15 61
15 64
15 65
15 71
15 73
15 75
15 83
15 89
15 90
15 91
15 92
15 111
15 113
16 16
16 17
16 28
16 29
16 40
16 52
16 53
16 56
16 57
16 59
16 61
16 62
16 63
16 72
16 78
16 79
16 80
16 81
16 82
16 84
17 17
17 19
17 28
17 29
17 36
17 40
17 46
17 52
17 53
17 56
17 57
17 59
17 61
17 62
17 63
17 72
17 78
17 79
17 80
17 81
17 82
17 83
17 84
18 18
18 19
18 20
18 28
18 30
18 32
18 33
18 64
18 94
18 108
19 19
19 28
19 29
19 32
19 36
19 38
19 43
19 46
19 47
19 57
19 68
19 69
19 72
19 78
19 79
19 80
19 81
19 82
19 83
19 96
19 108
20 20
20 22
20 24
20 25
20 26
20 27
20 30
20 31
20 34
20 35
20 37
20 64
20 67
20 76
20 77
20 93
20 94
20 96
20 97
20 99
20 109
20 110
20 112
21 21
21 23
21 25
21 30
21 31
21 41
21 70
21 71
21 73
21 74
21 83
21 85
22 22
22 23
22 24
22 25
22 26
22 27
22 34
22 50
22 64
22 67
22 77
22 91
22 93
22 99
22 101
22 103
22 110
22 111
23 23
23 24
23 25
23 26
23 27
23 31
23 34
23 64
23 65
23 67
23 71
23 77
23 83
23 90
23 91
23 92
23 110
24 24
24 25
24 26
24 27
24 34
24 64
24 67
24 77
24 91
24 93
24 105
24 106
24 110
25 25
25 27
25 30
25 31
25 34
25 35
25 64
25 65
25 67
25 70
25 71
25 75
25 77
25 90
25 91
25 93
25 97
25 99
25 105
25 109
25 110
25 111
26 26
26 27
26 34
26 38
26 39
26 54
26 64
26 67
26 76
26 77
26 88
26 89
26 95
26 109
26 110
27 27
27 34
27 67
27 76
27 77
27 85
27 87
27 89
27 110
28 28
28 29
28 32
28 36
28 40
28 53
28 56
28 62
28 63
28 72
28 78
28 79
28 80
28 81
28 82
28 83
28 84
29 29
29 30
29 31
29 36
29 37
29 41
29 62
29 63
29 71
29 72
29 73
29 74
29 75
29 78
29 79
29 80
29 81
29 83
29 98
30 30
30 31
30 35
30 41
30 70
30 71
30 75
30 91
30 93
30 98
30 99
30 106
30 108
30 110
30 112
31 31
31 37
31 41
31 70
31 71
31 73
31 74
31 75
31 77
31 83
31 90
31 91
31 98
31 112
32 32
32 33
32 42
32 43
32 46
32 47
32 55
32 56
32 57
32 68
32 69
32 79
33 33
33 35
33 64
33 65
33 100
33 111
34 34
34 35
34 39
34 66
34 67
34 77
34 93
34 94
34 95
34 96
34 97
34 99
34 109
34 110
34 111
35 35
35 65
35 67
35 71
35 93
35 97
35 99
35 101
35 109
35 110
35 111
36 36
36 37
36 38
36 39
36 40
36 41
36 54
36 72
36 73
36 74
36 76
36 78
36 79
36 80
36 82
36 83
36 87
36 113
37 37
37 38
37 39
37 41
37 70
37 71
37 72
37 73
37 74
37 75
37 76
37 77
37 83
37 94
37 95
37 96
37 97
37 108
37 109
37 110
37 111
37 112
38 38
38 39
38 42
38 54
38 55
38 68
38 69
38 72
38 94
38 96
39 39
39 41
39 54
39 55
39 94
39 95
39 96
39 97
39 108
39 112
39 113
40 40
40 68
40 72
40 78
40 80
40 82
41 41
41 70
41 71
41 72
41 73
41 74
41 75
41 77
41 83
41 94
41 108
41 112
41 113
42 42
42 43
42 44
42 45
42 46
42 47
42 49
42 55
42 57
42 66
42 68
42 69
42 96
42 112
43 43
43 44
43 45
43 46
43 47
43 49
43 51
43 55
43 57
43 68
43 69
43 96
43 108
43 112
44 44
44 45
44 46
44 47
44 48
44 49
44 50
44 51
44 55
44 56
44 57
44 66
44 68
44 69
44 86
44 96
45 45
45 46
45 47
45 49
45 55
45 56
45 57
45 68
45 86
45 96
46 46
46 47
46 48
46 49
46 51
46 52
46 53
46 54
46 55
46 56
46 57
46 68
46 69
46 78
46 79
46 80
46 81
46 96
47 47
47 48
47 49
47 51
47 55
47 56
47 57
47 68
47 69
47 79
47 96
48 48
48 49
48 50
48 51
48 52
48 53
48 54
48 55
48 56
48 58
48 62
48 84
48 85
48 86
48 88
48 89
49 49
49 51
49 52
49 53
49 55
49 56
49 57
49 68
49 69
49 86
49 96
50 50
50 51
50 52
50 53
50 54
50 60
50 84
50 85
50 89
51 51
51 52
51 53
51 54
51 55
51 56
51 62
51 84
51 85
51 86
51 88
51 89
52 52
52 53
52 54
52 56
52 62
52 63
52 78
52 80
52 81
52 84
52 85
52 89
53 53
53 54
53 55
53 56
53 57
53 62
53 63
53 68
53 78
53 79
53 80
53 81
53 84
53 85
53 89
54 54
54 55
54 85
54 88
54 89
54 94
55 55
55 56
55 57
55 68
55 94
55 95
55 96
55 97
56 56
56 57
56 59
56 62
56 63
56 68
56 69
56 78
56 79
56 80
56 81
56 84
56 86
56 87
57 57
57 68
57 69
57 78
57 79
57 80
57 81
57 86
58 58
58 59
58 60
58 61
58 65
58 66
58 88
59 59
59 60
59 61
59 62
59 63
59 66
59 80
59 84
60 60
60 61
60 62
60 63
60 64
60 65
60 88
60 89
61 61
61 62
61 63
61 65
61 89
62 62
62 63
62 78
62 80
62 81
62 82
62 84
62 85
62 88
62 89
63 63
63 79
63 80
63 81
63 84
63 89
64 64
64 65
64 67
64 90
64 91
64 92
64 93
64 101
64 106
64 110
65 65
65 71
65 90
65 91
65 92
65 93
65 106
65 111
66 66
66 67
66 68
66 69
66 86
67 67
67 87
67 110
68 68
68 69
68 78
68 79
68 80
68 86
68 96
69 69
69 78
69 79
69 80
69 81
69 86
69 96
70 70
70 71
70 73
70 74
70 75
70 76
70 77
70 90
70 91
70 92
70 93
70 98
70 99
70 101
70 102
70 103
70 104
70 105
70 110
70 111
70 112
70 113
70 114
71 71
71 73
71 74
71 75
71 76
71 77
71 83
71 91
71 92
71 93
71 98
71 101
71 103
71 104
71 106
71 110
71 111
71 113
72 72
72 73
72 74
72 75
72 78
72 79
72 80
72 81
72 82
72 83
73 73
73 74
73 75
73 76
73 77
73 83
73 91
73 92
73 93
73 98
73 101
73 103
73 104
73 105
73 106
73 111
73 112
73 113
74 74
74 75
74 76
74 77
74 83
74 91
74 92
74 93
74 98
74 101
74 102
74 103
74 104
74 113
75 75
75 76
75 77
75 83
75 90
75 91
75 92
75 93
75 98
75 101
75 103
75 104
75 105
75 111
75 112
76 76
76 77
76 91
76 93
76 95
76 96
76 97
76 99
76 101
76 103
76 104
76 105
76 106
76 108
76 109
76 110
76 111
76 112
77 77
77 90
77 91
77 92
77 93
77 94
77 95
77 96
77 97
77 98
77 99
77 101
77 103
77 104
77 105
77 106
77 108
77 109
77 110
77 111
77 112
78 78
78 79
78 80
78 81
78 82
78 83
78 84
78 86
79 79
79 80
79 81
80 80
80 81
80 82
80 83
80 84
81 81
81 83
81 84
81 85
82 82
82 83
82 84
82 85
82 86
82 88
83 83
83 85
84 84
84 85
84 86
84 87
84 88
85 85
85 89
86 86
86 87
87 87
87 89
88 88
88 89
89 89
90 90
90 91
90 92
90 93
90 98
90 99
90 100
90 101
90 102
90 103
90 104
90 105
90 106
90 110
90 111
90 114
91 91
91 92
91 93
91 97
91 98
91 99
91 101
91 103
91 104
91 105
91 106
91 110
91 111
91 113
91 114
92 92
92 93
92 98
92 99
92 100
92 101
92 102
92 103
92 104
92 105
92 106
92 110
92 111
92 113
92 114
93 93
93 97
93 98
93 99
93 100
93 101
93 102
93 103
93 104
93 105
93 106
93 109
93 110
93 111
93 112
93 113
93 114
94 94
94 95
94 96
94 97
94 99
94 105
94 106
94 108
94 109
94 110
94 111
94 112
95 95
95 96
95 97
95 99
95 105
95 108
95 109
95 110
95 111
95 112
96 96
96 97
96 99
96 104
96 105
96 108
96 109
96 110
96 111
96 112
97 97
97 98
97 99
97 101
97 104
97 105
97 108
97 109
97 110
97 111
97 112
97 114
98 98
98 99
98 100
98 101
98 102
98 103
98 104
98 105
98 106
98 110
98 111
98 113
98 114
99 99
99 101
99 103
99 104
99 105
99 106
99 108
99 109
99 110
99 111
99 112
99 114
100 100
100 101
100 102
100 103
100 104
100 106
100 111
100 113
101 101
101 102
101 103
101 104
101 105
101 106
101 109
101 110
101 111
101 113
101 114
102 102
102 103
102 104
102 106
102 111
102 113
102 114
103 103
103 104
103 105
103 106
103 107
103 110
103 111
103 113
103 114
104 104
104 105
104 106
104 109
104 110
104 111
104 112
104 113
104 114
105 105
105 106
105 107
105 109
105 110
105 111
105 112
105 114
105 115
106 106
106 109
106 110
106 111
106 113
106 114
107 107
107 111
107 114
107 115
108 108
108 109
108 112
108 114
109 109
109 110
109 111
110 110
110 111
110 112
110 114
111 111
111 112
111 114
112 112
112 113
112 114
113 113
113 114
114 114
114 115
115 115
