0 0
0 1
0 10
0 16
0 17
0 18
0 19
0 28
0 29
0 32
0 51
0 52
0 53
0 55
0 56
0 58
0 59
0 62
0 63
0 72
0 74
0 86
0 98
0 99
0 103
1 1
1 16
1 17
1 19
1 29
1 32
1 41
1 57
1 58
1 59
1 62
1 63
1 66
1 68
1 72
1 73
1 76
1 77
1 80
1 90
1 100
1 101
1 102
1 103
1 108
2 2
2 6
2 7
2 8
2 9
2 12
2 18
2 24
2 30
2 31
2 32
2 53
2 60
2 64
2 75
2 90
2 91
2 93
2 100
3 3
3 7
3 9
3 11
3 15
3 23
3 50
3 51
3 52
3 58
3 60
3 61
3 64
3 65
3 69
3 85
3 89
3 92
3 93
3 100
4 4
4 5
4 14
4 18
4 20
4 21
4 26
4 27
4 36
4 48
4 57
4 58
4 66
4 67
4 68
4 69
4 73
4 93
4 101
4 105
4 114
5 5
5 9
5 20
5 21
5 22
5 23
5 26
5 27
5 34
5 45
5 48
5 50
5 51
5 57
5 65
5 67
5 69
5 70
5 87
5 88
5 89
5 90
5 91
5 92
5 93
5 95
5 101
5 103
5 105
5 106
5 107
6 6
6 7
6 8
6 9
6 12
6 13
6 28
6 29
6 30
6 31
6 32
6 33
6 49
6 53
6 60
6 61
6 62
6 63
6 64
6 72
6 75
6 100
6 115
7 7
7 8
7 9
7 11
7 12
7 13
7 15
7 29
7 33
7 45
7 61
7 64
7 65
7 67
7 92
7 97
7 100
8 8
8 9
8 12
8 18
8 24
8 30
8 32
8 33
8 53
8 60
8 61
8 64
8 75
8 90
8 91
8 92
8 93
8 100
8 101
8 102
9 9
9 11
9 12
9 13
9 15
9 33
9 34
9 35
9 52
9 60
9 61
9 64
9 65
9 90
9 92
9 93
9 100
9 106
9 113
10 10
10 11
10 12
10 13
10 14
10 15
10 18
10 19
10 22
10 23
10 28
10 40
10 51
10 52
10 58
10 60
10 74
10 78
10 82
10 107
10 109
10 111
11 11
11 12
11 13
11 15
11 29
11 52
11 60
11 61
11 63
11 65
11 85
11 92
12 12
12 13
12 14
12 15
12 18
12 28
12 60
12 61
12 62
12 64
12 65
12 75
12 85
12 93
13 13
13 15
13 29
13 52
13 60
13 61
13 62
13 63
13 65
13 72
13 104
14 14
14 18
14 22
14 23
14 26
14 27
14 36
14 37
14 48
14 50
14 54
14 58
14 59
14 60
14 66
14 68
14 69
14 84
14 88
14 91
14 93
14 103
14 107
14 114
15 15
15 51
15 52
15 54
15 60
15 61
15 62
15 63
15 65
15 89
16 16
16 17
16 19
16 28
16 29
16 32
16 39
16 42
16 46
16 47
16 55
16 62
16 63
16 72
16 74
16 75
16 76
16 77
16 78
16 80
16 81
16 83
16 86
16 96
16 97
16 98
16 99
16 102
16 108
16 109
16 111
16 112
16 115
17 17
17 19
17 28
17 29
17 41
17 46
17 55
17 59
17 62
17 63
17 71
17 72
17 73
17 76
17 77
17 78
17 79
17 80
17 81
17 83
17 86
17 98
17 99
17 108
17 109
17 111
18 18
18 19
18 22
18 50
18 56
18 58
18 64
18 69
18 70
18 76
18 82
18 90
18 91
18 93
18 100
18 103
19 19
19 28
19 29
19 32
19 59
19 63
19 68
19 69
19 72
19 73
19 74
19 76
19 77
19 91
19 101
19 102
19 103
19 111
19 115
20 20
20 21
20 24
20 25
20 26
20 27
20 34
20 36
20 38
20 39
20 48
20 54
20 66
20 67
20 78
20 84
20 86
20 87
20 88
20 95
20 96
20 97
20 105
20 110
20 114
21 21
21 24
21 25
21 26
21 27
21 31
21 34
21 36
21 37
21 38
21 39
21 41
21 67
21 78
21 80
21 81
21 84
21 86
21 87
21 88
21 94
21 96
21 97
21 104
21 105
22 22
22 23
22 24
22 25
22 26
22 27
22 30
22 34
22 48
22 50
22 51
22 54
22 64
22 69
22 70
22 82
22 85
22 87
22 88
22 89
22 91
22 92
22 93
22 105
23 23
23 24
23 25
23 26
23 27
23 39
23 48
23 50
23 51
23 52
23 64
23 65
23 69
23 85
23 87
23 88
23 89
23 91
23 92
23 93
23 96
23 105
23 107
24 24
24 25
24 26
24 27
24 30
24 31
24 33
24 34
24 35
24 45
24 48
24 50
24 64
24 67
24 70
24 87
24 88
24 96
24 110
25 25
25 26
25 27
25 30
25 31
25 34
25 35
25 38
25 42
25 45
25 47
25 65
25 67
25 87
25 88
25 96
25 110
26 26
26 27
26 34
26 35
26 36
26 37
26 38
26 39
26 45
26 48
26 50
26 54
26 57
26 67
26 68
26 69
26 84
26 86
26 87
26 88
26 89
26 93
26 95
26 96
26 103
26 105
26 106
26 110
26 114
27 27
27 34
27 37
27 38
27 39
27 45
27 48
27 50
27 54
27 67
27 68
27 69
27 86
27 87
27 88
27 89
27 93
27 95
27 96
27 103
27 105
27 110
28 28
28 29
28 30
28 31
28 32
28 33
28 40
28 42
28 43
28 46
28 47
28 55
28 62
28 63
28 72
28 74
28 75
28 76
28 78
28 80
28 81
28 82
28 83
28 86
28 99
28 109
28 111
28 112
29 29
29 30
29 31
29 32
29 33
29 43
29 46
29 47
29 49
29 53
29 55
29 62
29 63
29 72
29 73
29 74
29 75
29 76
29 77
29 78
29 80
29 81
29 83
29 99
29 102
29 108
29 109
29 111
29 112
30 30
30 31
30 32
30 33
30 42
30 43
30 46
30 47
30 53
30 72
30 75
30 76
30 110
30 111
31 31
31 32
31 33
31 40
31 42
31 46
31 47
31 53
31 71
31 72
31 75
31 78
31 83
31 96
31 97
31 110
32 32
32 33
32 43
32 46
32 49
32 53
32 62
32 63
32 72
32 73
32 74
32 75
32 76
32 77
32 83
32 100
32 102
32 111
32 112
32 113
33 33
33 35
33 49
33 53
33 61
33 63
33 72
33 75
33 76
33 77
33 111
33 112
33 113
34 34
34 35
34 37
34 42
34 43
34 44
34 45
34 48
34 50
34 65
34 67
34 92
34 93
34 114
35 35
35 40
35 44
35 45
35 48
35 54
35 65
35 67
35 110
35 112
35 113
35 114
36 36
36 37
36 38
36 40
36 41
36 48
36 54
36 56
36 57
36 73
36 74
36 78
36 79
36 80
36 81
36 82
36 84
36 86
36 88
36 94
36 112
36 114
37 37
37 38
37 39
37 54
37 57
37 77
37 84
37 86
37 87
37 88
37 95
37 96
37 98
37 99
37 109
37 110
37 114
38 38
38 39
38 40
38 42
38 47
38 54
38 56
38 78
38 81
38 84
38 86
38 87
38 88
38 95
38 96
38 97
38 98
38 99
38 108
38 109
38 110
38 114
38 115
39 39
39 40
39 54
39 78
39 81
39 82
39 84
39 86
39 87
39 94
39 95
39 96
39 97
39 98
39 99
39 104
39 105
39 110
39 115
40 40
40 41
40 44
40 45
40 46
40 47
40 54
40 55
40 56
40 72
40 74
40 78
40 79
40 80
40 81
40 84
40 86
40 95
40 96
40 97
40 98
40 99
40 108
40 109
40 110
41 41
41 55
41 57
41 73
41 74
41 77
41 79
41 80
41 81
41 86
41 94
42 42
42 43
42 44
42 45
42 46
42 47
42 49
42 55
42 83
42 96
42 98
42 99
42 108
42 109
42 110
42 113
43 43
43 44
43 45
43 46
43 47
43 49
43 55
43 67
43 72
43 96
43 98
43 110
44 44
44 45
44 46
44 47
44 48
44 49
44 54
44 67
44 98
44 110
44 114
45 45
45 47
45 48
45 49
45 65
45 67
45 85
45 96
45 97
45 98
45 110
45 113
45 114
46 46
46 47
46 49
46 53
46 55
46 62
46 63
46 72
46 78
46 80
46 81
46 83
46 96
46 98
46 108
46 109
46 110
46 112
47 47
47 49
47 55
47 72
47 76
47 78
47 79
47 80
47 81
47 83
47 84
47 86
47 96
47 98
47 99
47 102
47 108
47 109
47 110
48 48
48 50
48 51
48 52
48 54
48 65
48 67
48 69
48 70
48 87
48 88
48 89
48 92
48 93
48 106
49 49
49 51
49 53
49 55
49 83
49 108
49 112
49 114
50 50
50 51
50 52
50 58
50 64
50 65
50 69
50 85
50 87
50 89
50 91
50 92
50 93
50 105
51 51
51 52
51 53
51 58
51 89
51 93
51 108
52 52
52 53
52 54
52 58
52 60
52 61
52 65
52 89
52 90
52 111
53 53
53 55
53 58
53 63
53 72
53 90
53 100
54 54
54 55
54 68
54 78
54 84
54 86
54 88
54 89
54 94
54 96
54 98
54 109
54 110
54 114
55 55
55 62
55 63
55 72
55 78
55 79
55 80
55 81
55 84
55 86
55 96
55 98
55 99
55 108
55 109
55 111
56 56
56 57
56 76
56 79
56 87
56 98
56 99
56 103
56 108
56 112
57 57
57 59
57 66
57 68
57 69
57 73
57 77
57 88
57 90
57 91
57 92
57 93
57 100
57 101
57 102
57 103
57 114
58 58
58 59
58 60
58 61
58 63
58 68
58 69
58 82
58 89
58 90
58 91
58 93
58 100
58 101
58 103
58 105
58 106
58 107
59 59
59 62
59 63
59 66
59 68
59 69
59 80
59 86
59 89
59 100
59 101
59 102
59 103
59 106
59 108
60 60
60 61
60 62
60 63
60 64
60 65
60 89
60 90
60 91
60 92
60 93
60 100
60 101
60 103
60 107
61 61
61 62
61 63
61 64
61 65
61 85
61 89
61 92
61 103
62 62
62 63
62 72
62 80
62 101
63 63
63 66
63 72
63 80
63 90
63 100
63 102
64 64
64 65
64 85
64 89
64 91
64 92
64 93
64 100
65 65
65 67
65 85
65 89
65 92
65 93
66 66
66 67
66 68
66 69
66 102
66 103
66 107
67 67
67 68
67 85
67 87
67 88
67 92
67 93
67 105
67 106
68 68
68 69
68 82
68 86
68 87
68 91
68 93
68 101
68 103
68 104
68 106
69 69
69 70
69 84
69 86
69 87
69 88
69 89
69 90
69 91
69 92
69 93
69 95
69 101
69 103
69 105
69 107
70 70
70 71
70 73
70 74
70 75
70 76
70 77
70 79
70 81
70 88
70 91
70 93
71 71
71 75
71 76
71 77
71 78
71 79
72 72
72 73
72 74
72 75
72 76
72 77
72 78
72 79
72 80
72 81
72 83
72 99
72 109
72 111
72 115
73 73
73 74
73 75
73 76
73 77
73 79
73 101
73 115
74 74
74 75
74 76
74 79
74 80
74 82
74 112
74 115
75 75
75 76
75 77
75 83
75 114
76 76
76 77
76 79
76 99
76 101
76 102
76 109
76 111
77 77
77 111
77 115
78 78
78 79
78 80
78 81
78 84
78 86
78 96
78 109
78 110
79 79
79 80
79 81
79 84
79 88
79 96
80 80
80 81
80 82
80 83
80 84
80 86
80 94
80 96
80 97
80 98
80 99
80 108
80 109
80 111
81 81
81 83
81 84
81 86
81 94
81 96
81 97
81 98
81 99
81 109
81 111
82 82
82 83
82 84
82 86
82 87
82 96
82 97
83 83
83 94
83 97
83 98
83 108
83 110
84 84
84 86
84 87
84 88
84 96
84 109
85 85
86 86
86 87
86 88
86 96
86 98
86 106
86 108
86 109
87 87
87 88
87 95
87 96
87 98
87 104
87 105
87 106
88 88
88 89
88 90
88 92
88 96
88 105
89 89
89 90
89 91
89 92
89 93
89 100
89 105
90 90
90 91
90 92
90 93
90 100
90 101
90 102
90 103
90 104
90 105
90 107
91 91
91 92
91 93
91 100
91 101
91 102
91 103
91 104
91 105
91 107
91 114
92 92
92 93
92 100
93 93
93 101
93 103
93 106
93 107
93 114
94 94
94 104
94 105
94 106
94 107
94 109
94 114
95 95
95 96
95 97
95 99
95 104
95 105
95 107
95 109
95 110
95 113
96 96
96 97
96 98
96 99
96 104
96 109
96 110
97 97
97 104
98 98
98 99
98 102
98 108
98 109
98 110
99 99
99 102
99 108
99 109
99 110
99 111
99 112
100 100
100 101
100 102
101 101
101 102
101 115
102 102
102 103
102 104
102 111
103 103
103 107
103 114
104 104
104 105
104 106
104 107
105 105
105 106
105 107
106 106
106 107
107 107
107 109
108 108
108 109
108 110
108 111
108 113
109 109
109 110
109 111
110 110
110 113
110 114
111 111
111 112
112 112
113 113
113 114
114 114
114 115
115 115
