0 0
0 1
0 10
0 12
0 16
0 18
0 19
0 28
0 36
0 56
0 58
0 68
0 91
0 94
0 95
0 97
0 99
0 100
0 101
0 104
0 105
0 106
0 115
1 1
1 11
1 12
1 13
1 15
1 16
1 19
1 28
1 56
1 57
1 58
1 59
1 60
1 61
1 62
1 63
1 68
1 69
1 80
1 81
1 97
1 99
1 100
1 102
1 103
1 105
1 106
1 108
1 111
1 112
1 113
2 2
2 4
2 6
2 8
2 9
2 14
2 22
2 23
2 24
2 30
2 33
2 34
2 35
2 50
2 58
2 64
2 65
2 88
2 91
2 92
2 93
2 107
3 3
3 5
3 7
3 11
3 14
3 15
3 22
3 23
3 25
3 50
3 51
3 52
3 53
3 64
3 82
3 84
3 85
3 88
3 89
3 90
3 92
4 4
4 6
4 7
4 8
4 9
4 14
4 22
4 24
4 30
4 31
4 33
4 34
4 35
4 64
4 65
4 91
4 93
4 107
5 5
5 7
5 9
5 11
5 13
5 15
5 21
5 23
5 25
5 27
5 31
5 38
5 39
5 53
5 65
5 82
5 83
6 6
6 7
6 8
6 9
6 29
6 30
6 31
6 33
6 60
6 64
6 65
6 70
6 71
6 72
6 76
6 83
6 85
6 90
6 91
6 93
6 101
7 7
7 9
7 11
7 15
7 31
7 33
7 52
7 53
7 60
7 61
7 63
7 64
7 65
7 71
7 82
7 83
7 85
7 88
7 90
7 92
8 8
8 9
8 12
8 14
8 33
8 58
8 59
8 60
8 61
8 64
8 65
8 69
8 88
8 91
8 93
8 101
8 107
9 9
9 11
9 12
9 13
9 14
9 53
9 58
9 60
9 61
9 64
9 65
9 88
9 106
9 109
9 111
9 113
10 10
10 11
10 12
10 14
10 51
10 58
10 60
10 65
10 84
10 85
10 91
10 92
10 93
11 11
11 12
11 13
11 15
11 28
11 29
11 36
11 41
11 53
11 60
11 61
11 65
11 71
11 72
11 75
11 83
11 85
11 92
11 95
11 104
11 106
11 108
11 109
11 113
12 12
12 13
12 16
12 28
12 29
12 32
12 38
12 41
12 53
12 58
12 60
12 61
12 62
12 72
12 75
12 80
12 81
12 83
12 92
12 95
12 105
12 106
12 108
12 109
13 13
13 15
13 16
13 17
13 19
13 28
13 29
13 37
13 38
13 41
13 53
13 61
13 62
13 63
13 70
13 71
13 72
13 75
13 76
13 80
13 81
13 82
13 83
13 92
13 95
13 104
13 105
13 106
13 108
13 109
13 113
14 14
14 15
14 22
14 23
14 24
14 50
14 58
14 64
14 65
14 69
14 79
14 88
14 89
14 92
15 15
15 21
15 23
15 25
15 31
15 38
15 39
15 42
15 52
15 53
15 62
15 63
15 82
15 83
15 85
15 92
15 96
15 108
16 16
16 17
16 18
16 19
16 28
16 29
16 32
16 36
16 41
16 56
16 57
16 60
16 62
16 72
16 73
16 75
16 76
16 79
16 80
16 81
16 82
16 83
16 95
16 99
16 100
16 101
16 103
16 105
16 106
16 108
17 17
17 19
17 29
17 41
17 43
17 49
17 56
17 57
17 62
17 79
17 80
17 81
17 82
17 83
17 98
17 112
18 18
18 19
18 28
18 29
18 32
18 33
18 35
18 47
18 72
18 74
18 75
18 77
18 91
18 99
18 107
18 109
18 110
18 111
19 19
19 26
19 28
19 29
19 32
19 49
19 56
19 57
19 62
19 68
19 69
19 72
19 79
19 80
19 81
19 82
19 83
19 91
19 98
19 99
19 100
19 101
19 108
20 20
20 21
20 22
20 24
20 25
20 26
20 27
20 30
20 31
20 40
20 42
20 43
20 46
20 47
20 50
20 55
20 56
20 57
20 66
20 78
20 87
20 96
20 98
20 99
20 102
20 110
21 21
21 25
21 26
21 27
21 30
21 31
21 38
21 39
21 42
21 47
21 55
21 66
21 71
21 87
21 96
21 100
21 102
21 108
22 22
22 23
22 24
22 25
22 26
22 27
22 30
22 31
22 34
22 35
22 50
22 51
22 64
22 65
22 78
22 84
22 85
22 86
22 88
22 89
23 23
23 24
23 25
23 26
23 27
23 30
23 31
23 34
23 46
23 50
23 51
23 52
23 64
23 65
23 84
23 85
23 86
23 88
23 89
23 92
24 24
24 25
24 26
24 27
24 30
24 34
24 35
24 42
24 43
24 45
24 46
24 48
24 50
24 51
24 55
24 64
24 88
24 107
24 110
25 25
25 26
25 27
25 30
25 31
25 39
25 42
25 46
25 47
25 50
25 51
25 53
25 55
25 86
25 96
25 114
26 26
26 27
26 30
26 34
26 42
26 43
26 46
26 47
26 50
26 51
26 54
26 55
26 66
26 67
26 78
26 86
26 87
26 96
26 98
26 102
26 110
27 27
27 30
27 34
27 35
27 39
27 42
27 43
27 44
27 45
27 46
27 47
27 48
27 49
27 50
27 51
27 54
27 55
27 66
27 67
27 78
27 86
27 87
27 96
27 98
27 99
27 104
27 107
27 110
28 28
28 29
28 32
28 36
28 37
28 41
28 62
28 70
28 71
28 72
28 73
28 74
28 75
28 76
28 77
28 79
28 80
28 81
28 82
28 83
28 95
28 97
28 101
28 102
28 105
28 106
28 108
28 109
28 113
29 29
29 31
29 32
29 33
29 36
29 37
29 40
29 41
29 62
29 70
29 71
29 72
29 73
29 74
29 75
29 76
29 77
29 79
29 80
29 81
29 82
29 83
29 95
29 100
29 101
29 106
29 108
29 109
30 30
30 31
30 33
30 34
30 35
30 39
30 50
30 51
30 55
30 64
30 67
30 70
30 71
30 77
30 78
31 31
31 33
31 53
31 70
31 71
31 77
31 82
31 83
32 32
32 33
32 36
32 53
32 60
32 62
32 72
32 73
32 74
32 76
32 80
32 81
32 82
32 83
32 95
32 100
32 106
32 108
33 33
33 34
33 35
33 64
33 67
33 91
33 94
33 107
34 34
34 35
34 44
34 45
34 50
34 64
34 67
34 86
34 91
34 93
34 94
34 107
35 35
35 40
35 44
35 45
35 64
35 67
35 77
35 91
35 93
35 94
35 107
35 110
36 36
36 37
36 40
36 41
36 62
36 70
36 72
36 73
36 74
36 75
36 76
36 77
36 79
36 80
36 81
36 83
36 95
36 102
36 103
36 104
36 108
36 113
37 37
37 40
37 41
37 56
37 62
37 70
37 71
37 72
37 73
37 74
37 75
37 76
37 77
37 78
37 79
37 80
37 81
37 95
37 102
37 108
37 114
38 38
38 39
38 41
38 54
38 59
38 61
38 62
38 63
38 71
38 75
38 83
38 87
38 95
38 96
38 97
38 106
39 39
39 40
39 46
39 54
39 55
39 71
39 74
39 77
39 78
39 95
39 96
39 108
39 109
39 114
40 40
40 41
40 72
40 73
40 74
40 76
40 77
40 78
40 79
40 80
40 94
40 97
40 102
40 103
41 41
41 62
41 72
41 73
41 74
41 75
41 77
41 79
41 80
41 82
41 83
41 94
41 95
41 97
41 104
41 106
41 108
42 42
42 43
42 44
42 45
42 46
42 47
42 48
42 49
42 50
42 51
42 54
42 55
42 78
42 86
42 87
42 96
42 98
42 99
42 110
42 111
42 112
43 43
43 44
43 45
43 46
43 47
43 48
43 49
43 55
43 56
43 57
43 67
43 78
43 96
43 98
43 99
43 104
43 110
43 111
43 112
44 44
44 45
44 46
44 47
44 48
44 49
44 55
44 67
44 86
44 94
44 98
44 107
44 112
45 45
45 46
45 47
45 48
45 49
45 55
45 67
45 86
45 98
45 107
45 110
45 112
46 46
46 47
46 48
46 49
46 50
46 51
46 54
46 55
46 86
46 96
46 98
46 110
46 111
46 112
47 47
47 48
47 49
47 50
47 51
47 55
47 78
47 94
47 96
47 98
47 99
47 110
47 111
47 112
48 48
48 49
48 50
48 51
48 54
48 55
48 67
48 87
48 94
48 96
48 98
48 99
48 104
48 107
48 110
48 115
49 49
49 51
49 55
49 56
49 67
49 86
49 94
49 98
49 99
49 107
49 110
49 111
49 112
50 50
50 51
50 52
50 54
50 55
50 64
50 65
50 67
50 84
50 85
50 86
50 87
50 88
50 89
50 110
51 51
51 52
51 54
51 55
51 67
51 86
51 87
51 96
51 98
51 110
52 52
52 53
52 58
52 59
52 60
52 61
52 63
52 64
52 65
52 82
52 85
52 88
52 89
52 90
53 53
53 61
53 63
53 82
53 83
53 89
53 90
53 106
53 108
54 54
54 55
54 57
54 59
54 66
54 87
54 89
54 96
54 98
54 102
54 104
54 110
55 55
55 78
55 86
55 87
55 94
55 96
55 98
55 99
55 104
55 107
55 110
56 56
56 57
56 59
56 68
56 69
56 78
56 79
56 80
56 81
56 98
56 99
56 101
56 102
56 103
56 104
56 113
56 115
57 57
57 59
57 68
57 69
57 78
57 79
57 80
57 92
57 96
57 98
57 99
57 102
57 103
57 104
57 115
58 58
58 59
58 60
58 61
58 63
58 64
58 65
58 66
58 68
58 69
58 88
58 89
58 91
58 92
58 93
58 97
58 100
58 103
58 104
58 107
59 59
59 60
59 61
59 63
59 65
59 66
59 68
59 69
59 89
59 97
59 100
59 102
59 103
59 104
60 60
60 61
60 62
60 63
60 64
60 65
60 74
60 81
60 100
60 106
61 61
61 63
61 64
61 65
61 88
61 97
61 105
61 106
61 111
62 62
62 63
62 72
62 74
62 75
62 80
62 81
62 82
62 83
62 85
62 100
62 106
62 108
63 63
63 80
63 81
63 100
63 102
63 106
64 64
64 65
64 84
64 85
64 88
64 91
64 92
64 93
64 107
65 65
65 84
65 85
65 88
65 89
65 92
65 93
66 66
66 67
66 87
66 100
66 101
66 102
66 103
66 104
67 67
67 91
67 94
67 107
67 110
68 68
68 69
68 91
68 97
68 99
68 100
68 101
68 102
68 103
68 104
68 111
68 113
69 69
69 91
69 97
69 102
69 103
69 107
69 115
70 70
70 71
70 72
70 73
70 74
70 75
70 76
70 77
70 78
70 90
70 91
70 93
70 95
70 101
70 108
70 109
71 71
71 72
71 73
71 75
71 76
71 77
71 78
71 92
71 93
71 95
71 101
71 109
72 72
72 73
72 74
72 75
72 76
72 77
72 79
72 80
72 81
72 82
72 83
72 93
72 95
72 99
72 101
72 105
72 106
72 108
72 109
73 73
73 74
73 75
73 76
73 77
73 80
73 83
73 95
73 97
73 106
73 108
73 109
74 74
74 75
74 76
74 80
74 84
74 85
74 95
74 106
74 108
74 113
75 75
75 76
75 77
75 80
75 82
75 83
75 95
75 99
75 101
75 105
75 106
75 108
75 113
76 76
76 77
76 78
76 79
76 80
76 81
76 82
76 83
76 90
76 92
76 93
76 95
76 99
76 101
76 113
77 77
77 78
77 79
77 80
77 83
77 93
77 95
77 99
77 101
77 104
77 109
77 110
78 78
78 79
78 80
78 87
78 98
78 99
78 104
78 109
78 110
79 79
79 80
79 81
79 82
79 83
79 109
80 80
80 81
80 82
80 83
80 95
80 99
80 106
80 108
80 112
80 113
81 81
81 82
81 83
81 100
81 108
81 112
82 82
82 83
83 83
83 95
83 106
83 108
84 84
84 85
84 86
84 88
84 89
85 85
85 88
85 89
85 92
86 86
86 87
86 89
87 87
87 89
87 96
87 98
87 104
87 110
88 88
88 89
88 92
89 89
89 90
89 92
89 103
89 113
90 90
90 91
90 92
90 111
91 91
91 93
91 99
91 101
91 103
91 105
91 107
92 92
92 93
92 100
93 93
93 101
93 103
93 104
93 107
93 115
94 94
94 95
94 96
94 97
94 102
94 105
94 106
94 107
94 110
94 114
94 115
95 95
95 97
95 99
95 105
95 106
95 108
95 109
95 114
96 96
96 98
96 99
96 102
96 104
96 110
97 97
97 99
97 103
97 104
97 105
97 106
97 108
97 109
97 114
97 115
98 98
98 99
98 110
98 111
98 112
99 99
99 101
99 103
99 104
99 105
99 107
99 110
99 111
99 112
100 100
100 101
100 102
101 101
101 102
101 103
101 104
101 107
101 113
101 115
102 102
102 103
102 104
102 114
102 115
103 103
103 104
103 105
103 113
103 115
104 104
104 105
104 107
104 113
104 115
105 105
105 106
105 108
105 114
105 115
106 106
106 108
106 113
106 114
107 107
107 110
107 115
108 108
108 109
108 114
109 109
110 110
110 115
111 111
111 112
112 112
113 113
114 114
114 115
115 115
