0 0
0 1
0 2
0 6
0 10
0 11
0 12
0 13
0 16
0 17
0 18
0 28
0 32
0 33
0 41
0 56
0 57
0 60
0 62
0 63
0 72
0 74
0 75
1 1
1 7
1 11
1 13
1 16
1 17
1 28
1 33
1 51
1 52
1 56
1 57
1 59
1 60
1 61
1 62
1 63
1 65
1 83
1 90
1 91
1 95
1 99
1 113
2 2
2 3
2 4
2 5
2 6
2 7
2 8
2 9
2 10
2 12
2 14
2 22
2 24
2 26
2 30
2 31
2 41
2 50
2 60
2 64
2 70
3 3
3 4
3 5
3 6
3 7
3 8
3 9
3 15
3 19
3 23
3 35
3 45
3 64
3 67
3 69
3 92
3 93
3 100
3 101
3 110
3 112
4 4
4 5
4 6
4 7
4 8
4 9
4 10
4 12
4 13
4 14
4 15
4 22
4 23
4 24
4 25
4 26
4 31
4 35
4 45
4 50
4 64
4 67
4 70
4 93
4 101
4 110
5 5
5 6
5 7
5 8
5 9
5 22
5 23
5 24
5 25
5 26
5 27
5 45
5 50
5 64
5 67
5 70
5 88
5 89
5 93
5 101
6 6
6 7
6 8
6 9
6 10
6 12
6 13
6 50
6 58
6 66
6 67
6 70
6 93
6 101
6 102
7 7
7 8
7 9
7 13
7 45
7 53
7 58
7 59
7 61
7 64
7 65
7 67
7 70
7 90
7 91
7 92
7 93
7 100
7 102
7 115
8 8
8 9
8 10
8 12
8 13
8 14
8 15
8 22
8 23
8 24
8 35
8 45
8 64
8 65
8 67
8 93
8 101
8 110
8 112
9 9
9 15
9 23
9 24
9 26
9 35
9 44
9 45
9 50
9 64
9 65
9 67
9 92
9 93
9 100
9 101
9 102
10 10
10 11
10 12
10 13
10 14
10 15
10 16
10 22
10 23
10 28
10 50
10 64
10 74
10 75
10 82
10 88
10 110
11 11
11 12
11 13
11 17
11 28
11 29
11 30
11 31
11 33
11 43
11 47
11 62
11 63
11 65
11 74
11 75
11 83
11 85
12 12
12 13
12 14
12 15
12 16
12 22
12 28
12 30
12 31
12 35
12 41
12 60
12 61
12 62
12 64
12 65
12 74
12 75
12 88
12 110
13 13
13 14
13 15
13 16
13 17
13 28
13 29
13 30
13 31
13 33
13 41
13 60
13 61
13 62
13 63
13 64
13 65
13 75
14 14
14 15
14 16
14 17
14 18
14 22
14 23
14 28
14 41
14 64
14 74
14 82
14 83
14 88
14 110
15 15
15 28
15 29
15 31
15 35
15 36
15 38
15 40
15 41
15 42
15 60
15 61
15 64
15 65
15 74
15 82
15 83
16 16
16 17
16 18
16 28
16 29
16 30
16 32
16 33
16 36
16 37
16 38
16 40
16 41
16 56
16 60
16 62
16 63
16 72
16 74
16 75
16 78
16 79
16 80
16 81
16 82
16 96
16 98
16 109
17 17
17 18
17 28
17 29
17 30
17 33
17 36
17 40
17 41
17 56
17 61
17 62
17 63
17 65
17 72
17 74
17 78
17 79
17 80
17 81
17 83
17 85
17 89
17 98
17 111
17 113
18 18
18 19
18 22
18 23
18 25
18 28
18 30
18 36
18 38
18 39
18 41
18 47
18 57
18 68
18 74
18 75
18 78
18 80
18 81
18 82
18 83
18 84
18 96
18 98
18 110
18 111
18 112
19 19
19 23
19 57
19 68
19 69
19 81
19 90
19 105
19 110
20 20
20 21
20 29
20 30
20 37
20 38
20 39
20 41
20 46
20 55
20 70
20 71
20 72
20 73
20 75
20 76
20 77
20 109
21 21
21 26
21 27
21 28
21 29
21 30
21 31
21 32
21 34
21 35
21 38
21 39
21 41
21 55
21 60
21 71
21 73
21 77
21 87
21 96
21 109
22 22
22 23
22 24
22 25
22 26
22 27
22 30
22 35
22 50
22 64
22 82
22 84
22 88
22 89
22 110
23 23
23 24
23 25
23 26
23 27
23 85
23 88
23 89
23 110
24 24
24 25
24 26
24 27
24 30
24 31
24 35
24 45
24 50
24 64
24 84
24 88
24 89
24 110
25 25
25 26
25 27
25 30
25 31
25 34
25 35
25 43
25 45
25 47
25 50
25 84
25 85
25 88
25 89
25 96
25 110
25 111
26 26
26 27
26 35
26 41
26 43
26 50
26 64
26 88
26 89
26 110
27 27
27 34
27 43
27 50
27 85
27 86
27 88
27 89
27 105
28 28
28 29
28 30
28 31
28 32
28 33
28 34
28 36
28 37
28 38
28 40
28 41
28 47
28 60
28 71
28 72
28 73
28 74
28 75
28 76
28 78
28 79
28 80
28 81
28 82
28 83
28 84
28 98
28 111
29 29
29 30
29 31
29 32
29 33
29 36
29 37
29 38
29 40
29 41
29 47
29 56
29 60
29 62
29 63
29 64
29 65
29 71
29 72
29 73
29 74
29 75
29 76
29 78
29 79
29 80
29 81
29 83
29 98
29 99
29 111
30 30
30 31
30 32
30 33
30 34
30 35
30 36
30 38
30 40
30 41
30 60
30 64
30 71
30 74
30 75
30 78
30 80
30 81
30 82
30 83
30 84
30 85
30 88
30 96
30 98
30 110
30 111
31 31
31 32
31 33
31 35
31 40
31 41
31 60
31 62
31 63
31 64
31 65
31 71
31 74
31 75
31 82
31 83
31 84
32 32
32 33
32 36
32 40
32 56
32 57
32 60
32 71
32 72
32 73
32 74
32 75
32 76
32 77
32 78
32 79
32 80
32 81
32 109
33 33
33 36
33 40
33 56
33 57
33 60
33 62
33 63
33 71
33 72
33 74
33 75
33 76
33 77
33 78
33 79
33 80
33 81
33 83
33 84
33 85
33 98
33 111
34 34
34 36
34 37
34 38
34 43
34 44
34 46
34 50
34 64
34 71
34 73
34 75
34 76
34 77
34 78
34 84
34 85
34 96
35 35
35 44
35 45
35 61
35 64
35 65
35 101
35 110
35 112
36 36
36 37
36 38
36 40
36 41
36 46
36 47
36 54
36 55
36 56
36 62
36 63
36 72
36 73
36 74
36 75
36 76
36 78
36 79
36 80
36 81
36 82
36 83
36 84
36 85
36 96
36 97
36 98
36 99
36 111
37 37
37 38
37 39
37 40
37 41
37 54
37 55
37 72
37 73
37 74
37 75
37 76
37 77
37 78
37 79
37 80
37 81
37 82
37 84
37 88
37 89
37 96
37 98
37 104
37 109
38 38
38 39
38 41
38 47
38 54
38 55
38 65
38 74
38 75
38 82
38 86
38 87
38 88
38 89
38 96
38 97
38 98
38 109
38 110
38 112
39 39
39 41
39 54
39 55
39 86
39 87
39 88
39 89
39 94
39 96
39 97
39 103
39 105
39 109
39 110
39 112
40 40
40 41
40 42
40 47
40 56
40 60
40 72
40 73
40 74
40 75
40 76
40 78
40 79
40 80
40 81
40 82
40 83
40 84
40 85
40 95
40 99
40 111
41 41
41 60
41 62
41 64
41 65
41 74
41 75
41 82
41 83
41 88
41 110
42 42
42 43
42 44
42 45
42 46
42 47
42 50
42 99
42 111
43 43
43 44
43 45
43 46
43 47
43 50
43 83
43 84
43 85
43 99
43 111
44 44
44 45
44 46
44 47
44 64
44 101
44 111
45 45
45 50
45 64
45 67
45 92
45 93
45 100
45 101
45 110
45 112
46 46
46 47
46 54
46 55
46 71
46 72
46 73
46 76
46 77
46 78
46 96
46 97
46 98
46 99
46 106
46 111
47 47
47 55
47 63
47 75
47 78
47 80
47 81
47 82
47 83
47 84
47 85
47 96
47 97
47 98
47 99
47 110
47 111
48 48
48 49
48 50
48 51
48 52
48 53
48 54
48 58
48 59
48 66
48 67
48 68
48 69
48 90
48 91
48 93
48 100
48 101
48 102
48 103
48 105
48 115
49 49
49 50
49 51
49 53
49 58
49 59
49 68
49 69
49 90
49 91
49 93
49 105
49 106
49 115
50 50
50 51
50 58
50 69
50 70
50 93
50 101
50 105
51 51
51 52
51 53
51 58
51 59
51 61
51 90
51 91
51 106
51 114
51 115
52 52
52 53
52 54
52 57
52 58
52 59
52 62
52 63
52 66
52 68
52 80
52 90
52 91
52 98
52 102
53 53
53 58
53 59
53 61
53 66
53 67
53 90
53 91
53 92
53 93
53 100
53 101
53 102
53 103
53 115
54 54
54 55
54 73
54 76
54 88
54 89
54 96
54 97
54 98
54 99
54 101
54 103
55 55
55 73
55 74
55 76
55 77
55 78
55 86
55 87
55 88
55 89
55 94
55 96
55 97
55 98
55 99
55 104
55 107
55 109
56 56
56 57
56 60
56 62
56 63
56 68
56 72
56 74
56 78
56 79
56 80
56 81
56 83
56 85
56 95
56 98
56 99
56 111
56 113
56 114
57 57
57 58
57 59
57 68
57 69
57 78
57 79
57 80
57 81
57 90
57 91
58 58
58 59
58 60
58 61
58 66
58 67
58 68
58 70
58 77
58 90
58 91
58 93
58 101
58 102
58 115
59 59
59 61
59 66
59 67
59 68
59 69
59 90
59 91
59 92
59 93
59 100
59 102
59 105
59 115
60 60
60 61
60 62
60 63
60 64
60 65
60 74
60 75
60 77
60 82
60 83
60 88
60 113
61 61
61 62
61 63
61 64
61 65
61 102
61 106
61 108
61 113
62 62
62 63
62 64
62 65
62 74
62 75
62 79
62 80
62 81
62 83
62 89
62 98
62 113
63 63
63 65
63 74
63 79
63 80
63 81
63 83
63 89
63 98
63 99
63 106
63 113
64 64
64 65
64 83
64 110
65 65
65 106
66 66
66 67
66 69
66 70
66 76
66 77
66 90
66 92
66 93
66 94
66 100
66 101
66 102
66 103
66 105
66 115
67 67
67 69
67 70
67 86
67 90
67 92
67 93
67 94
67 100
67 101
67 102
67 105
67 115
68 68
68 69
68 80
68 81
68 87
68 90
68 91
68 97
68 103
68 105
69 69
69 70
69 90
69 92
69 93
69 103
69 105
69 114
69 115
70 70
70 71
70 73
70 76
70 77
70 92
70 93
70 100
70 101
70 102
70 103
70 105
70 115
71 71
71 72
71 73
71 75
71 76
71 77
71 109
72 72
72 73
72 74
72 75
72 76
72 77
72 78
72 79
72 80
72 81
72 98
72 111
73 73
73 76
73 77
73 94
73 109
74 74
74 75
74 76
74 78
74 79
74 80
74 81
74 82
74 83
74 84
74 85
74 95
74 104
74 108
75 75
75 77
75 78
75 82
75 83
75 84
75 96
75 98
75 109
76 76
76 77
76 94
76 95
76 109
77 77
77 87
77 94
77 109
78 78
78 79
78 80
78 81
78 82
78 83
78 84
78 85
78 96
78 98
78 99
78 111
79 79
79 80
79 81
79 83
79 84
79 85
79 96
79 98
79 111
79 113
80 80
80 81
80 83
80 84
80 85
80 87
80 96
80 98
80 99
80 109
80 111
80 114
81 81
81 82
81 83
81 84
81 85
81 96
81 98
81 99
81 111
82 82
82 83
82 84
82 85
82 86
82 87
82 88
82 89
82 96
82 98
82 110
82 111
83 83
83 84
83 85
83 87
83 96
83 99
83 111
84 84
84 85
84 88
84 89
84 96
84 98
84 99
84 111
85 85
85 87
85 89
85 96
85 98
85 111
85 114
86 86
86 87
86 88
86 89
86 94
86 96
86 97
86 100
86 104
86 105
86 107
86 109
86 110
87 87
87 89
87 94
87 96
87 97
87 106
87 107
87 109
87 113
88 88
88 89
88 96
88 98
88 110
89 89
89 96
89 104
89 110
90 90
90 91
90 92
90 93
90 97
90 99
90 102
91 91
91 92
91 93
91 99
91 100
91 101
91 102
91 112
91 113
92 92
92 93
92 94
92 100
92 101
92 102
92 103
92 104
92 105
92 108
92 113
92 114
93 93
93 94
93 100
93 101
93 102
93 103
93 105
93 115
94 94
94 95
94 97
94 100
94 102
94 107
94 108
94 109
94 115
95 95
95 102
95 108
95 115
96 96
96 97
96 98
96 99
96 110
96 111
97 97
97 98
97 99
97 109
97 113
97 115
98 98
98 99
98 111
99 99
99 111
99 113
100 100
100 101
100 102
100 103
100 104
100 105
100 106
100 107
100 108
100 115
101 101
101 102
101 103
101 105
101 115
102 102
102 103
102 106
102 108
102 115
103 103
103 104
103 105
103 106
103 107
104 104
104 105
104 106
104 107
104 108
104 113
105 105
105 107
106 106
106 107
106 108
106 113
107 107
107 108
108 108
108 113
109 109
109 115
110 110
110 112
111 111
112 112
113 113
113 114
114 114
115 115
