0 0
0 1
0 14
0 18
0 19
0 56
0 57
0 58
0 59
0 61
0 66
0 68
0 69
0 73
0 76
0 84
0 94
0 97
0 106
0 107
0 109
0 114
1 1
1 14
1 16
1 18
1 19
1 36
1 56
1 57
1 58
1 59
1 66
1 68
1 69
1 73
1 75
1 78
1 80
1 81
1 97
1 109
2 2
2 3
2 5
2 6
2 7
2 18
2 20
2 21
2 22
2 23
2 25
2 26
2 27
2 34
2 35
2 59
2 66
2 67
2 82
2 88
2 89
2 92
2 93
2 100
2 102
2 109
2 112
3 3
3 4
3 5
3 6
3 7
3 9
3 18
3 19
3 21
3 22
3 23
3 25
3 26
3 27
3 35
3 40
3 82
3 83
3 88
3 89
3 90
3 92
3 93
3 94
3 100
3 102
3 108
3 109
3 112
3 113
4 4
4 5
4 7
4 8
4 9
4 14
4 15
4 20
4 21
4 24
4 25
4 26
4 27
4 37
4 39
4 40
4 41
4 82
4 83
4 90
4 92
4 93
4 94
4 95
4 100
4 101
4 102
4 108
4 113
4 114
4 115
5 5
5 7
5 8
5 9
5 14
5 18
5 19
5 20
5 21
5 22
5 23
5 24
5 25
5 26
5 27
5 36
5 37
5 38
5 39
5 40
5 59
5 66
5 75
5 76
5 82
5 83
5 84
5 85
5 87
5 88
5 89
5 93
5 94
5 95
5 97
5 108
5 109
5 112
5 113
5 115
6 6
6 7
6 9
6 12
6 15
6 18
6 64
6 65
6 77
6 92
6 93
6 99
6 100
6 101
6 102
6 112
6 113
6 115
7 7
7 9
7 18
7 21
7 22
7 23
7 25
7 26
7 27
7 61
7 65
7 77
7 82
7 83
7 88
7 89
7 90
7 92
7 93
7 95
7 99
7 100
7 102
7 108
7 109
7 112
7 113
8 8
8 9
8 14
8 15
8 20
8 21
8 24
8 25
8 26
8 27
8 29
8 31
8 37
8 39
8 40
8 72
8 76
8 82
8 83
8 92
8 93
8 94
8 100
8 113
8 114
9 9
9 11
9 14
9 15
9 20
9 21
9 24
9 25
9 26
9 27
9 29
9 39
9 40
9 65
9 76
9 77
9 82
9 83
9 89
9 92
9 93
9 95
9 99
9 100
9 101
9 102
9 112
9 113
10 10
10 11
10 12
10 13
10 16
10 17
10 28
10 29
10 30
10 32
10 33
10 44
10 48
10 49
10 54
10 60
10 62
10 63
10 64
10 74
10 78
10 79
10 98
10 104
11 11
11 12
11 13
11 14
11 15
11 17
11 28
11 29
11 30
11 31
11 48
11 51
11 60
11 62
11 63
11 83
12 12
12 13
12 16
12 17
12 29
12 30
12 32
12 33
12 44
12 45
12 48
12 49
12 60
12 62
12 63
12 64
12 72
12 74
12 78
12 79
12 98
13 13
13 15
13 17
13 29
13 30
13 31
13 33
13 48
13 60
13 61
13 62
13 63
13 64
13 65
13 72
13 74
13 78
13 92
13 100
14 14
14 15
14 19
14 20
14 21
14 23
14 26
14 27
14 28
14 36
14 41
14 57
14 68
14 72
14 76
14 82
14 83
14 84
14 85
14 93
14 94
14 95
14 97
14 108
14 113
14 114
15 15
15 24
15 25
15 26
15 28
15 29
15 60
15 61
15 65
15 76
15 77
15 82
15 83
15 89
15 91
15 92
15 100
15 113
16 16
16 17
16 28
16 32
16 33
16 36
16 56
16 57
16 60
16 62
16 63
16 68
16 72
16 73
16 74
16 78
16 79
16 80
16 81
16 91
16 103
16 104
16 105
17 17
17 28
17 29
17 32
17 33
17 44
17 45
17 48
17 49
17 60
17 63
17 65
17 72
17 77
17 78
17 79
17 80
17 81
17 100
17 111
18 18
18 19
18 20
18 27
18 34
18 40
18 59
18 66
18 68
18 69
18 73
18 83
18 90
18 102
18 109
18 112
18 113
19 19
19 36
19 56
19 57
19 59
19 66
19 68
19 69
19 73
19 75
19 80
19 81
19 90
20 20
20 21
20 24
20 26
20 27
20 36
20 37
20 39
20 40
20 41
20 70
20 71
20 73
20 82
20 83
20 109
21 21
21 22
21 23
21 24
21 25
21 26
21 27
21 34
21 35
21 37
21 38
21 39
21 40
21 41
21 55
21 71
21 82
21 83
21 87
21 88
21 90
21 92
21 93
21 94
21 95
21 97
21 102
21 107
21 108
21 109
21 112
21 114
21 115
22 22
22 23
22 24
22 25
22 27
22 34
22 35
22 64
22 67
22 82
22 84
22 86
22 88
22 89
22 92
22 93
22 114
23 23
23 24
23 25
23 26
23 27
23 35
23 65
23 67
23 76
23 77
23 82
23 84
23 85
23 87
23 88
23 89
23 92
23 93
23 95
23 97
23 107
23 108
23 109
23 114
24 24
24 25
24 26
24 27
24 30
24 31
24 64
24 82
24 83
24 85
24 86
24 92
24 93
25 25
25 26
25 27
25 29
25 30
25 31
25 40
25 62
25 64
25 72
25 83
25 85
25 86
25 88
25 92
25 113
26 26
26 27
26 37
26 39
26 40
26 41
26 82
26 83
26 92
26 93
26 94
26 95
26 97
26 102
26 108
26 109
26 113
26 115
27 27
27 37
27 38
27 39
27 40
27 66
27 67
27 75
27 76
27 77
27 82
27 83
27 84
27 85
27 87
27 88
27 89
27 93
27 94
27 95
27 97
27 102
27 107
27 108
27 109
27 113
27 114
27 115
28 28
28 29
28 30
28 31
28 32
28 33
28 36
28 40
28 42
28 43
28 44
28 45
28 48
28 49
28 72
28 76
28 78
28 79
28 80
28 81
28 83
28 111
29 29
29 30
29 31
29 32
29 33
29 44
29 45
29 48
29 49
29 60
29 62
29 63
29 64
29 65
29 72
29 79
29 91
29 100
30 30
30 31
30 32
30 62
30 63
30 64
30 72
30 74
31 31
31 32
31 62
31 64
31 72
31 74
31 86
31 92
31 114
32 32
32 33
32 44
32 49
32 62
32 63
32 64
32 72
32 74
32 78
32 79
32 80
32 81
33 33
33 41
33 60
33 61
33 64
33 65
33 72
33 74
33 77
33 79
33 106
33 107
34 34
34 35
34 66
34 67
34 70
34 84
34 88
34 93
34 94
34 97
34 107
34 109
34 114
35 35
35 44
35 45
35 66
35 67
35 88
35 94
35 107
35 110
35 114
36 36
36 37
36 38
36 39
36 40
36 41
36 57
36 68
36 75
36 76
36 80
36 81
36 82
36 83
36 84
36 87
36 95
36 97
36 111
36 112
37 37
37 38
37 39
37 40
37 41
37 75
37 76
37 77
37 82
37 83
37 87
37 95
37 110
37 112
38 38
38 39
38 41
38 54
38 55
38 71
38 75
38 87
38 94
38 95
38 96
38 97
38 105
38 106
38 107
38 110
38 112
39 39
39 41
39 55
39 70
39 71
39 82
39 83
39 87
39 93
39 94
39 95
39 97
39 99
39 101
39 102
39 106
39 107
39 108
39 109
39 112
39 114
39 115
40 40
40 41
40 46
40 51
40 52
40 53
40 72
40 75
40 76
40 80
40 81
40 82
40 83
40 95
40 111
40 112
41 41
41 72
41 75
41 76
41 79
41 95
41 106
41 107
42 42
42 43
42 44
42 45
42 46
42 47
42 48
42 49
42 51
42 52
42 53
42 55
42 71
42 98
42 111
43 43
43 44
43 45
43 46
43 47
43 48
43 49
43 50
43 51
43 53
43 55
43 111
44 44
44 45
44 46
44 47
44 48
44 49
44 51
44 53
44 55
44 62
44 72
44 81
44 98
44 99
44 111
45 45
45 46
45 47
45 48
45 49
45 51
45 53
45 55
45 72
45 111
46 46
46 47
46 48
46 49
46 51
46 52
46 53
46 55
46 71
46 77
46 87
46 96
46 97
46 98
46 99
46 111
46 112
47 47
47 48
47 49
47 50
47 51
47 52
47 53
47 54
47 55
47 86
47 96
47 98
47 110
47 111
48 48
48 49
48 50
48 51
48 52
48 53
48 58
48 60
48 62
48 63
48 64
48 70
48 71
48 72
48 78
48 79
48 91
48 98
48 99
48 103
48 105
48 111
49 49
49 51
49 52
49 53
49 55
49 62
49 70
49 71
49 72
49 78
49 81
49 91
49 98
49 99
49 111
50 50
50 51
50 52
50 53
50 54
50 55
50 67
50 84
50 85
50 86
50 96
50 110
51 51
51 52
51 53
51 55
51 58
51 59
51 71
51 87
51 96
51 98
51 99
51 111
52 52
52 53
52 58
52 59
52 75
52 86
52 87
52 96
52 98
52 110
52 112
53 53
53 55
53 70
53 86
53 87
53 111
53 112
54 54
54 55
54 56
54 58
54 71
54 86
54 87
54 88
54 89
54 96
54 98
54 106
54 110
55 55
55 87
55 95
55 96
55 97
55 98
55 99
55 108
55 110
55 111
55 112
56 56
56 57
56 58
56 59
56 60
56 61
56 68
56 73
56 78
56 79
56 80
56 81
56 103
56 104
56 105
57 57
57 58
57 59
57 61
57 68
57 69
57 73
57 78
57 79
57 80
57 81
57 97
58 58
58 59
58 60
58 61
58 66
58 68
58 71
58 73
58 75
58 87
58 96
58 105
58 106
59 59
59 66
59 67
59 68
59 69
59 71
59 75
59 87
59 96
59 105
59 109
60 60
60 61
60 62
60 63
60 64
60 65
60 74
60 79
60 89
61 61
61 63
61 65
61 71
61 75
61 77
61 89
61 90
61 107
62 62
62 63
62 64
62 72
62 74
62 78
62 79
62 80
62 81
62 86
62 91
62 98
62 103
63 63
63 64
63 72
63 74
63 78
63 79
63 80
63 81
64 64
64 65
64 67
64 72
64 74
64 88
64 89
64 91
64 92
64 100
64 103
65 65
65 77
65 88
65 89
65 92
65 100
65 107
66 66
66 67
66 68
66 84
66 85
66 87
66 94
66 96
66 97
66 106
66 107
66 109
66 110
66 115
67 67
67 84
67 85
67 88
67 93
67 94
67 106
67 107
67 110
67 114
68 68
68 69
68 73
68 75
68 78
68 80
68 81
69 69
69 78
69 80
69 81
69 90
69 113
70 70
70 71
70 73
70 77
70 90
70 99
70 101
70 103
70 111
70 112
70 114
71 71
71 73
71 75
71 77
71 87
71 98
71 106
72 72
72 74
72 78
72 79
72 80
72 81
73 73
73 74
73 75
73 81
73 103
73 105
74 74
74 75
74 76
74 78
74 79
74 98
74 103
74 104
74 105
75 75
75 76
75 77
75 87
75 112
76 76
76 77
76 82
76 83
76 95
76 97
76 107
76 108
76 109
77 77
77 82
77 83
77 87
77 95
77 97
77 107
77 108
77 109
78 78
78 79
78 80
78 81
78 91
78 111
78 113
79 79
79 80
79 81
79 104
79 105
79 106
80 80
80 81
80 83
80 111
81 81
81 111
82 82
82 83
82 84
82 87
82 88
82 89
82 93
82 94
82 95
82 97
82 107
82 108
82 109
82 114
82 115
83 83
83 85
83 87
83 90
83 94
83 95
83 97
83 102
83 108
83 109
83 115
84 84
84 85
84 86
84 88
84 97
84 110
84 114
85 85
85 86
85 110
86 86
86 87
86 88
86 96
86 98
86 104
86 105
86 110
87 87
87 89
87 94
87 95
87 96
87 97
87 98
87 106
87 107
87 108
87 112
88 88
88 89
88 92
88 107
88 113
89 89
89 92
89 113
90 90
90 91
90 92
90 93
90 94
90 99
90 100
90 102
90 113
91 91
91 92
91 98
91 99
91 100
91 102
91 103
91 104
91 105
91 112
91 113
92 92
92 93
92 100
92 101
92 102
92 113
93 93
93 94
93 100
93 101
93 102
93 103
93 104
93 106
93 107
93 109
93 113
93 114
93 115
94 94
94 95
94 97
94 101
94 102
94 106
94 107
94 108
94 109
94 114
94 115
95 95
95 97
95 102
95 106
95 107
95 108
95 109
95 112
95 115
96 96
96 97
96 98
96 104
96 108
96 110
97 97
97 106
97 107
97 108
97 109
97 114
97 115
98 98
98 99
98 104
98 111
98 112
99 99
99 100
99 101
99 102
99 111
99 112
99 113
99 115
100 100
100 101
100 102
100 103
100 113
100 115
101 101
101 102
101 103
101 104
101 106
101 112
101 113
101 114
101 115
102 102
102 103
102 108
102 109
102 113
102 114
102 115
103 103
103 104
103 105
103 106
104 104
104 105
104 106
104 107
105 105
105 106
105 110
106 106
106 107
106 108
106 109
106 110
107 107
107 108
107 109
107 114
108 108
108 109
108 115
109 109
109 114
110 110
111 111
111 112
112 112
112 113
113 113
113 115
114 114
114 115
115 115
