0 0
0 2
0 3
0 4
0 5
0 6
0 7
0 10
0 12
0 14
0 22
0 24
0 26
0 27
0 33
0 56
0 57
0 58
0 67
0 70
0 75
0 76
0 77
0 88
1 1
1 11
1 19
1 32
1 33
1 38
1 39
1 40
1 41
1 52
1 56
1 57
1 59
1 61
1 68
1 69
1 77
2 2
2 3
2 4
2 5
2 6
2 7
2 8
2 9
2 10
2 12
2 13
2 14
2 15
2 22
2 24
2 25
2 27
2 30
2 31
2 60
2 64
2 70
2 71
2 72
2 75
2 78
2 82
2 83
2 92
2 101
2 103
3 3
3 4
3 5
3 6
3 7
3 9
3 12
3 13
3 14
3 15
3 18
3 22
3 26
3 27
3 30
3 31
3 70
3 71
3 82
3 83
3 88
3 92
3 101
3 102
3 103
3 106
4 4
4 5
4 6
4 7
4 8
4 9
4 10
4 12
4 13
4 14
4 15
4 22
4 24
4 25
4 26
4 27
4 30
4 31
4 48
4 61
4 70
4 71
4 75
4 101
5 5
5 6
5 7
5 8
5 9
5 14
5 15
5 20
5 21
5 22
5 23
5 24
5 25
5 26
5 27
5 30
5 31
5 58
5 70
5 71
5 74
5 75
5 76
5 78
5 82
5 86
5 88
6 6
6 7
6 8
6 9
6 10
6 12
6 13
6 14
6 15
6 16
6 22
6 24
6 28
6 30
6 31
6 64
6 70
6 71
6 72
6 73
6 74
6 75
6 78
6 83
6 103
6 106
7 7
7 8
7 9
7 10
7 11
7 12
7 13
7 14
7 15
7 22
7 24
7 30
7 31
7 70
7 71
7 72
7 73
7 74
7 75
7 76
7 83
7 88
7 92
7 101
7 102
7 106
8 8
8 9
8 10
8 12
8 13
8 14
8 15
8 16
8 17
8 20
8 22
8 24
8 25
8 26
8 27
8 28
8 30
8 31
8 64
8 70
8 71
8 72
8 73
8 74
8 75
8 78
8 82
8 83
8 88
8 93
9 9
9 10
9 12
9 13
9 14
9 15
9 16
9 20
9 22
9 24
9 25
9 26
9 27
9 28
9 30
9 31
9 64
9 70
9 71
9 72
9 73
9 74
9 75
9 76
9 83
9 88
10 10
10 11
10 12
10 13
10 14
10 15
10 16
10 17
10 22
10 24
10 28
10 29
10 30
10 31
10 70
10 71
10 72
10 73
10 74
10 75
10 83
10 101
10 103
11 11
11 12
11 13
11 29
11 32
11 33
11 40
11 61
11 65
11 73
11 75
11 83
11 92
11 114
11 115
12 12
12 13
12 14
12 15
12 16
12 22
12 24
12 28
12 29
12 30
12 31
12 70
12 71
12 72
12 73
12 74
12 75
12 83
12 101
13 13
13 14
13 15
13 16
13 22
13 24
13 25
13 28
13 29
13 30
13 31
13 40
13 61
13 65
13 71
13 72
13 73
13 74
13 75
13 76
13 83
14 14
14 15
14 16
14 20
14 22
14 24
14 25
14 26
14 27
14 28
14 30
14 31
14 70
14 71
14 72
14 73
14 74
14 75
14 82
14 83
14 86
14 88
14 101
14 103
14 106
15 15
15 16
15 20
15 22
15 24
15 25
15 26
15 27
15 28
15 29
15 30
15 31
15 64
15 70
15 71
15 72
15 73
15 74
15 75
15 76
15 82
15 83
15 88
15 101
16 16
16 17
16 22
16 23
16 24
16 25
16 28
16 29
16 30
16 31
16 48
16 62
16 70
16 71
16 72
16 73
16 74
16 75
16 78
16 79
16 80
16 103
16 105
17 17
17 22
17 24
17 28
17 29
17 48
17 49
17 72
17 74
17 79
17 80
17 81
17 87
17 105
18 18
18 58
18 59
18 62
18 66
18 82
18 90
18 91
18 103
18 106
18 109
19 19
19 32
19 33
19 38
19 39
19 56
19 57
19 59
19 66
19 67
19 68
19 69
19 77
19 94
19 100
19 102
19 104
20 20
20 21
20 22
20 23
20 24
20 25
20 26
20 27
20 30
20 31
20 33
20 41
20 70
20 71
20 72
20 73
20 82
21 21
21 25
21 26
21 27
21 41
21 59
21 71
21 82
21 86
21 88
22 22
22 24
22 25
22 27
22 28
22 30
22 31
22 70
22 71
22 72
22 73
22 74
22 75
22 76
22 78
22 88
22 101
23 23
23 26
23 30
23 31
23 40
23 70
23 71
23 73
23 74
23 104
23 106
24 24
24 25
24 26
24 27
24 28
24 29
24 30
24 31
24 41
24 48
24 70
24 71
24 72
24 73
24 74
24 75
24 76
24 82
25 25
25 26
25 27
25 30
25 31
25 41
25 70
25 71
25 72
25 74
25 75
25 76
25 77
25 82
25 86
25 87
25 88
26 26
26 27
26 30
26 36
26 38
26 58
26 70
26 71
26 74
26 75
26 77
26 86
26 88
27 27
27 30
27 31
27 36
27 38
27 58
27 70
27 71
27 74
27 75
27 76
27 77
27 82
27 86
27 87
27 88
27 101
28 28
28 29
28 30
28 31
28 62
28 70
28 71
28 72
28 73
28 74
28 75
28 80
28 82
28 103
29 29
29 30
29 31
29 41
29 48
29 49
29 51
29 53
29 72
29 73
29 74
29 75
29 79
29 81
29 85
29 95
29 105
30 30
30 31
30 70
30 71
30 72
30 73
30 74
30 75
30 78
30 82
30 83
30 101
30 103
30 106
31 31
31 70
31 71
31 72
31 73
31 74
31 75
31 82
31 83
31 101
31 103
31 106
32 32
32 33
32 38
32 39
32 40
32 42
32 43
32 47
32 56
32 57
32 59
32 62
32 63
32 66
32 68
32 78
33 33
33 38
33 39
33 40
33 56
33 57
33 68
33 69
33 77
33 79
33 82
34 34
34 35
34 36
34 37
34 38
34 39
34 46
34 54
34 55
34 58
34 64
34 66
34 67
34 77
34 87
34 88
34 96
34 110
35 35
35 36
35 37
35 38
35 39
35 54
35 55
35 58
35 65
35 67
35 77
35 86
35 87
35 88
35 89
35 93
35 96
35 100
35 109
35 110
36 36
36 37
36 38
36 39
36 40
36 54
36 56
36 64
36 65
36 67
36 74
36 75
36 76
36 78
36 84
36 87
36 88
36 89
36 96
36 100
37 37
37 38
37 39
37 42
37 43
37 45
37 46
37 47
37 52
37 53
37 54
37 55
37 65
37 85
37 87
37 89
37 93
37 94
37 95
37 96
37 97
37 98
37 99
37 108
37 109
37 111
37 112
37 113
37 114
37 115
38 38
38 39
38 40
38 54
38 55
38 56
38 57
38 63
38 66
38 67
38 68
38 69
38 77
38 87
38 88
38 89
38 96
39 39
39 40
39 42
39 46
39 47
39 52
39 54
39 55
39 56
39 57
39 58
39 59
39 60
39 63
39 66
39 67
39 68
39 69
39 77
39 89
39 96
39 98
39 100
39 109
39 110
40 40
40 41
40 56
40 65
40 68
40 73
40 74
40 75
40 76
40 77
41 41
41 50
41 75
41 76
41 77
41 81
41 87
41 112
41 114
42 42
42 43
42 44
42 45
42 46
42 47
42 50
42 51
42 52
42 53
42 54
42 55
42 62
42 63
42 66
42 85
42 89
42 94
42 95
42 96
42 97
42 98
42 99
42 108
42 109
42 110
42 111
42 112
42 113
42 115
43 43
43 44
43 45
43 46
43 47
43 52
43 53
43 54
43 55
43 62
43 63
43 66
43 85
43 94
43 95
43 96
43 97
43 98
43 99
43 109
43 110
43 111
43 112
43 113
44 44
44 45
44 46
44 47
44 49
44 50
44 51
44 52
44 53
44 55
44 81
44 85
44 91
44 95
44 97
44 98
44 99
44 107
44 108
44 109
44 111
44 112
44 113
45 45
45 48
45 49
45 51
45 53
45 81
45 85
45 95
45 107
45 113
45 114
46 46
46 47
46 50
46 51
46 52
46 53
46 54
46 55
46 63
46 65
46 66
46 81
46 85
46 89
46 94
46 95
46 96
46 97
46 98
46 99
46 108
46 109
46 110
46 111
46 112
46 113
46 114
46 115
47 47
47 52
47 53
47 54
47 55
47 59
47 62
47 63
47 66
47 81
47 85
47 89
47 94
47 95
47 96
47 97
47 98
47 99
47 109
47 110
47 111
47 112
47 115
48 48
48 49
48 51
48 61
48 79
48 81
48 101
48 103
48 105
49 49
49 50
49 51
49 52
49 53
49 81
49 85
49 94
49 95
49 97
49 99
49 105
49 107
49 108
49 112
49 113
50 50
50 51
50 52
50 53
50 55
50 80
50 81
50 94
50 97
50 99
50 108
50 110
50 111
50 112
51 51
51 52
51 53
51 55
51 59
51 81
51 85
51 89
51 94
51 95
51 97
51 98
51 99
51 108
51 111
51 112
51 113
52 52
52 53
52 54
52 55
52 57
52 59
52 63
52 69
52 81
52 85
52 89
52 94
52 96
52 97
52 98
52 99
52 102
52 108
52 109
52 111
52 112
52 113
52 115
53 53
53 55
53 81
53 85
53 89
53 95
53 97
53 98
53 99
53 108
53 109
53 111
53 112
53 113
53 115
54 54
54 55
54 64
54 65
54 66
54 67
54 68
54 69
54 84
54 89
54 96
54 97
54 98
54 99
54 100
54 102
54 104
54 107
54 109
54 110
54 111
54 113
54 114
54 115
55 55
55 63
55 65
55 81
55 85
55 89
55 94
55 95
55 96
55 97
55 98
55 99
55 108
55 109
55 110
55 111
55 112
55 113
55 114
55 115
56 56
56 57
56 61
56 68
56 69
56 77
56 79
57 57
57 59
57 66
57 68
57 69
57 77
57 94
57 100
57 102
58 58
58 59
58 60
58 66
58 67
58 77
58 88
58 93
58 110
59 59
59 63
59 66
59 69
59 90
59 94
60 60
60 61
60 62
60 64
60 66
60 78
60 92
60 100
61 61
61 63
61 65
62 62
62 63
62 66
62 72
62 78
62 80
62 90
62 91
62 103
63 63
63 66
63 85
63 89
63 94
63 95
63 96
63 97
63 98
63 99
63 108
63 111
63 115
64 64
64 65
64 78
64 84
64 88
64 92
64 107
65 65
65 89
65 96
65 113
65 114
65 115
66 66
66 68
66 69
66 90
66 91
66 94
66 97
66 98
66 99
66 109
66 110
66 111
67 67
67 76
67 77
67 88
67 90
67 92
67 98
67 102
67 110
68 68
68 69
68 85
68 97
68 115
69 69
69 77
69 84
69 98
69 102
69 112
69 115
70 70
70 71
70 72
70 73
70 74
70 75
70 76
70 82
70 83
70 92
70 101
70 103
70 106
71 71
71 72
71 73
71 74
71 75
71 82
71 101
72 72
72 73
72 74
72 75
72 78
72 80
72 82
72 103
73 73
73 74
73 75
73 76
74 74
74 75
74 76
74 78
74 87
75 75
75 76
75 87
75 88
75 101
76 76
76 77
76 87
76 88
77 77
77 82
77 87
77 88
77 101
78 78
78 105
79 79
79 80
79 81
79 87
79 105
79 115
80 80
80 82
80 84
80 97
81 81
81 85
81 89
81 94
81 95
81 97
81 98
81 99
81 105
81 111
81 112
81 113
81 114
81 115
82 82
82 83
82 101
83 83
83 91
83 92
83 101
83 102
83 106
84 84
84 88
84 114
84 115
85 85
85 89
85 94
85 95
85 96
85 97
85 98
85 99
85 108
85 109
85 111
85 112
85 113
85 114
85 115
86 86
86 87
86 93
86 110
87 87
87 93
87 96
88 88
88 92
88 102
89 89
89 93
89 94
89 95
89 96
89 97
89 98
89 99
89 108
89 109
89 111
89 112
89 113
89 114
89 115
90 90
90 91
90 94
90 98
90 106
90 109
90 110
90 111
91 91
91 93
91 99
91 103
91 109
91 110
91 111
92 92
92 100
92 101
92 102
93 93
93 109
94 94
94 97
94 98
94 99
94 108
94 109
94 111
94 112
95 95
95 96
95 97
95 98
95 99
95 108
95 109
95 111
95 112
95 113
95 114
95 115
96 96
96 97
96 98
96 99
96 108
96 109
96 110
96 111
96 112
96 113
96 114
96 115
97 97
97 98
97 99
97 108
97 109
97 110
97 111
97 112
97 113
97 115
98 98
98 99
98 108
98 109
98 110
98 111
98 112
98 113
98 115
99 99
99 108
99 109
99 110
99 111
99 112
99 113
99 115
100 100
100 101
100 102
101 101
101 102
101 103
101 104
101 106
102 102
102 104
102 106
102 107
103 103
103 104
103 106
104 104
104 105
104 106
104 107
105 105
105 107
105 114
105 115
106 106
106 107
107 107
107 108
107 113
108 108
108 109
108 113
109 109
109 110
109 111
109 112
109 113
110 110
111 111
111 112
111 113
111 115
112 112
112 113
112 114
112 115
113 113
113 114
113 115
114 114
114 115
115 115
