0 0
0 1
0 4
0 10
0 12
0 14
0 18
0 26
0 27
0 32
0 48
0 52
0 56
0 57
0 58
0 59
0 60
0 62
0 63
0 66
0 68
0 69
0 74
0 90
1 1
1 4
1 12
1 13
1 14
1 18
1 19
1 26
1 32
1 48
1 49
1 51
1 52
1 56
1 57
1 58
1 59
1 60
1 61
1 62
1 63
1 66
1 68
1 69
1 90
1 101
1 103
1 106
1 107
2 2
2 4
2 6
2 8
2 18
2 22
2 34
2 58
2 60
2 64
2 67
2 88
3 3
3 7
3 22
3 23
3 25
3 30
3 31
3 34
3 35
3 42
3 50
3 64
3 65
3 84
3 85
3 86
3 87
3 88
3 89
3 112
4 4
4 5
4 6
4 7
4 9
4 12
4 13
4 14
4 15
4 18
4 19
4 26
4 27
4 29
4 48
4 49
4 58
4 59
4 60
4 61
4 63
4 68
4 69
4 107
5 5
5 6
5 7
5 9
5 11
5 13
5 15
5 26
5 27
5 29
5 33
5 35
5 44
5 45
5 48
5 49
5 51
5 61
5 64
5 65
6 6
6 7
6 8
6 9
6 11
6 14
6 15
6 18
6 19
6 28
6 29
6 32
6 33
6 35
6 49
6 61
6 64
6 65
6 72
6 77
7 7
7 8
7 9
7 11
7 13
7 15
7 19
7 29
7 33
7 35
7 45
7 49
7 61
7 64
7 65
7 92
7 106
8 8
8 18
8 19
8 33
8 35
8 60
8 64
8 92
8 100
8 104
8 105
8 106
8 107
9 9
9 11
9 13
9 15
9 19
9 29
9 33
9 35
9 44
9 45
9 49
9 61
9 64
9 65
9 92
10 10
10 12
10 14
10 16
10 18
10 22
10 23
10 42
10 43
10 46
10 56
10 57
10 74
10 76
10 78
10 79
10 82
10 84
10 85
10 88
10 112
11 11
11 13
11 14
11 15
11 19
11 29
11 32
11 33
11 49
11 61
11 64
11 65
11 71
11 83
12 12
12 14
12 18
12 26
12 27
12 41
12 43
12 48
12 52
12 58
12 60
12 68
12 69
12 74
12 76
12 97
12 109
13 13
13 14
13 15
13 44
13 45
13 48
13 49
13 60
13 61
13 65
13 67
13 90
14 14
14 15
14 17
14 18
14 26
14 64
14 82
15 15
15 17
15 28
15 29
15 33
15 44
15 49
15 61
15 64
15 65
15 71
15 83
16 16
16 17
16 28
16 29
16 42
16 46
16 53
16 55
16 56
16 57
16 62
16 63
16 68
16 72
16 73
16 74
16 78
16 79
16 80
16 81
16 84
16 98
16 99
17 17
17 28
17 29
17 30
17 32
17 33
17 40
17 41
17 44
17 46
17 55
17 63
17 71
17 72
17 73
17 74
17 75
17 76
17 78
17 79
17 80
17 81
17 82
17 83
17 84
18 18
18 19
18 22
18 32
18 48
18 58
18 59
18 60
18 61
18 63
18 67
18 69
18 107
19 19
19 32
19 33
19 59
19 60
19 61
19 63
19 64
19 67
19 68
19 69
19 90
19 91
19 94
19 97
19 100
19 104
19 105
19 106
19 107
19 114
20 20
20 21
20 22
20 24
20 25
20 29
20 30
20 31
20 34
20 35
20 37
20 38
20 39
20 43
20 47
20 54
20 55
20 70
20 71
20 75
20 76
20 77
20 95
20 96
20 99
20 110
21 21
21 23
21 24
21 25
21 28
21 30
21 31
21 36
21 38
21 39
21 41
21 46
21 54
21 55
21 80
21 83
21 84
21 85
21 86
21 87
21 96
22 22
22 23
22 24
22 25
22 26
22 27
22 30
22 31
22 34
22 38
22 42
22 43
22 46
22 47
22 50
22 53
22 70
22 76
22 79
22 82
22 84
22 85
22 86
22 87
22 88
22 110
22 112
23 23
23 24
23 25
23 30
23 31
23 43
23 46
23 50
23 64
23 70
23 78
23 79
23 84
23 85
23 86
23 87
23 88
23 97
23 112
23 114
24 24
24 25
24 30
24 31
24 34
24 36
24 37
24 38
24 39
24 42
24 43
24 46
24 47
24 50
24 54
24 70
24 76
24 82
24 84
24 85
24 86
24 87
24 88
24 96
24 110
24 112
25 25
25 30
25 31
25 34
25 36
25 37
25 38
25 39
25 42
25 43
25 46
25 47
25 50
25 54
25 55
25 70
25 84
25 85
25 86
25 87
25 88
25 96
25 110
26 26
26 27
26 47
26 48
26 52
26 56
26 57
26 58
26 68
26 69
26 74
26 79
26 86
26 97
26 109
26 110
27 27
27 41
27 43
27 48
27 52
27 56
27 57
27 68
27 74
27 76
27 79
28 28
28 29
28 31
28 32
28 36
28 39
28 40
28 41
28 46
28 63
28 71
28 72
28 73
28 76
28 77
28 78
28 80
28 81
28 82
28 83
28 85
28 108
29 29
29 31
29 32
29 33
29 40
29 44
29 71
29 72
29 73
29 75
29 76
29 77
29 80
29 81
29 83
30 30
30 31
30 34
30 38
30 42
30 43
30 46
30 47
30 50
30 53
30 55
30 64
30 70
30 71
30 76
30 77
30 78
30 81
30 82
30 84
30 85
30 86
30 88
30 112
31 31
31 34
31 38
31 42
31 43
31 46
31 47
31 50
31 55
31 64
31 70
31 71
31 76
31 77
31 78
31 81
31 84
31 85
31 86
31 88
31 96
31 110
31 112
32 32
32 33
32 49
32 61
32 62
32 63
32 72
33 33
33 35
33 40
33 45
33 61
33 64
33 65
33 71
33 114
34 34
34 35
34 37
34 38
34 42
34 43
34 47
34 50
34 66
34 70
34 75
34 76
34 77
34 84
34 86
34 87
34 88
34 110
34 112
35 35
35 40
35 44
35 45
35 61
35 64
35 65
35 67
35 75
35 77
35 92
36 36
36 37
36 38
36 39
36 40
36 41
36 42
36 43
36 46
36 54
36 55
36 72
36 73
36 74
36 80
36 81
36 82
36 83
36 84
36 85
36 87
36 96
36 98
36 108
36 110
37 37
37 38
37 39
37 40
37 41
37 42
37 43
37 46
37 47
37 50
37 54
37 55
37 66
37 70
37 73
37 74
37 75
37 76
37 77
37 84
37 85
37 86
37 87
37 93
37 96
37 98
37 108
37 110
37 113
38 38
38 39
38 40
38 41
38 43
38 46
38 47
38 50
38 54
38 55
38 81
38 84
38 85
38 87
38 88
38 96
38 98
38 108
38 110
39 39
39 40
39 41
39 42
39 43
39 46
39 47
39 52
39 53
39 54
39 55
39 85
39 87
39 96
39 108
39 110
40 40
40 41
40 54
40 71
40 72
40 73
40 81
40 83
40 85
40 96
40 108
41 41
41 48
41 52
41 72
41 73
41 74
41 80
41 81
41 83
41 85
41 87
41 108
42 42
42 43
42 44
42 46
42 47
42 50
42 53
42 54
42 55
42 56
42 57
42 70
42 73
42 76
42 78
42 81
42 84
42 85
42 86
42 88
42 96
42 98
42 112
43 43
43 44
43 45
43 46
43 47
43 50
43 54
43 55
43 56
43 70
43 73
43 74
43 76
43 78
43 79
43 84
43 85
43 86
43 87
43 88
43 96
43 112
44 44
44 45
44 49
44 73
44 74
44 75
45 45
45 48
45 49
45 61
45 65
45 67
46 46
46 47
46 50
46 53
46 54
46 55
46 56
46 57
46 70
46 73
46 76
46 78
46 79
46 80
46 81
46 84
46 85
46 88
46 96
46 98
46 99
46 112
47 47
47 50
47 53
47 54
47 55
47 57
47 70
47 71
47 73
47 76
47 77
47 79
47 81
47 84
47 87
47 95
47 96
47 98
47 99
47 109
47 110
47 111
47 112
47 113
48 48
48 49
48 51
48 52
48 58
48 59
48 60
48 61
48 65
48 67
48 68
48 69
48 90
48 104
48 106
48 108
49 49
49 51
49 58
49 59
49 60
49 61
49 65
49 67
49 106
50 50
50 53
50 54
50 70
50 84
50 85
50 86
50 87
50 88
50 89
50 98
50 110
50 112
51 51
51 52
51 53
51 58
51 59
51 65
51 66
51 67
51 86
51 89
52 52
52 54
52 58
52 59
52 60
52 67
52 68
52 69
52 87
52 90
52 91
52 102
52 103
52 106
52 108
52 113
53 53
53 54
53 55
53 78
53 80
53 81
53 84
53 98
53 99
53 102
54 54
54 55
54 81
54 82
54 84
54 85
54 87
54 88
54 96
54 98
54 99
54 108
54 110
55 55
55 70
55 71
55 73
55 76
55 78
55 80
55 81
55 84
55 85
55 96
55 98
55 99
55 110
55 113
56 56
56 57
56 63
56 68
56 73
56 74
56 78
56 79
56 80
56 81
56 84
56 88
56 98
57 57
57 68
57 69
57 74
57 78
57 79
58 58
58 59
58 60
58 61
58 62
58 63
58 66
58 67
58 68
58 69
58 90
58 91
58 101
58 102
58 103
58 104
58 106
58 107
58 108
59 59
59 60
59 61
59 62
59 63
59 66
59 67
59 68
59 69
59 89
59 90
59 100
59 101
59 102
59 103
59 104
59 105
59 106
59 107
60 60
60 61
60 62
60 63
60 67
60 68
60 69
60 90
60 91
60 97
60 103
60 104
60 105
60 106
60 107
61 61
61 62
61 63
61 65
61 67
61 69
61 90
61 100
61 104
61 105
61 106
61 107
62 62
62 63
62 66
62 68
62 69
62 80
62 90
62 100
62 102
62 103
62 104
62 105
62 106
63 63
63 66
63 68
63 69
63 72
63 74
63 80
63 81
63 100
63 101
63 102
63 103
64 64
64 65
64 88
64 92
64 112
65 65
65 67
65 89
66 66
66 67
66 68
66 69
66 93
66 101
66 102
66 103
67 67
67 68
67 69
67 90
67 101
67 103
67 104
67 105
67 106
67 107
67 108
68 68
68 69
68 90
68 94
68 97
68 101
68 103
68 115
69 69
69 90
69 91
69 94
69 97
69 100
69 101
69 102
69 103
69 104
69 105
69 106
69 107
69 111
69 114
69 115
70 70
70 71
70 73
70 75
70 76
70 77
70 84
70 88
70 112
71 71
71 72
71 73
71 75
71 76
71 77
71 81
71 83
71 84
72 72
72 73
72 74
72 75
72 76
72 77
72 80
72 81
72 83
73 73
73 74
73 75
73 76
73 77
73 78
73 79
73 80
73 81
73 84
73 85
73 98
74 74
74 75
74 76
74 79
74 84
75 75
75 76
75 77
75 95
76 76
76 77
76 79
76 81
76 84
76 86
76 88
76 96
76 110
77 77
77 95
77 110
77 112
78 78
78 79
78 80
78 81
78 84
78 85
78 89
78 96
78 98
79 79
79 80
79 81
79 84
79 85
79 86
79 88
79 89
79 96
79 98
80 80
80 81
80 83
80 84
80 85
80 98
80 99
81 81
81 83
81 84
81 85
81 96
81 98
81 99
81 112
82 82
82 83
82 84
82 85
82 86
82 87
82 88
83 83
83 85
84 84
84 85
84 86
84 87
84 88
84 89
84 96
84 98
84 112
85 85
85 87
85 88
85 89
85 96
85 98
85 112
86 86
86 87
86 88
86 110
86 112
87 87
87 88
87 96
87 108
87 110
88 88
88 89
89 89
89 107
90 90
90 91
90 92
90 93
90 97
90 99
90 100
90 101
90 102
90 103
90 104
90 105
90 106
90 107
90 111
90 114
91 91
91 92
91 93
91 94
91 97
91 99
91 100
91 101
91 102
91 103
91 104
91 105
91 107
91 111
92 92
92 93
92 94
92 95
92 97
92 99
92 100
92 102
92 103
92 104
92 105
92 106
92 107
92 109
92 111
92 114
92 115
93 93
93 94
93 95
93 96
93 97
93 99
93 101
93 102
93 103
93 109
93 110
93 111
93 112
94 94
94 95
94 97
94 99
94 100
94 105
94 107
94 109
94 111
94 114
94 115
95 95
95 96
95 97
95 99
95 103
95 105
95 109
95 110
95 111
95 113
95 114
95 115
96 96
96 98
96 99
96 108
96 109
96 110
96 113
97 97
97 99
97 101
97 103
97 104
97 105
97 109
97 111
97 113
97 114
97 115
98 98
98 99
98 102
98 110
98 111
99 99
99 100
99 101
99 102
99 103
99 105
99 107
99 109
99 110
99 111
99 112
99 113
99 114
99 115
100 100
100 102
100 103
100 104
100 105
100 106
100 107
101 101
101 102
101 103
101 109
101 111
101 114
101 115
102 102
102 103
102 104
102 105
103 103
103 104
103 105
103 106
103 107
103 109
103 111
103 114
103 115
104 104
104 105
104 106
104 107
105 105
105 106
105 107
105 109
105 111
105 114
105 115
106 106
106 107
107 107
107 111
108 108
108 110
109 109
109 110
109 111
109 115
110 110
110 112
110 115
111 111
111 112
111 114
111 115
112 112
112 115
113 113
113 114
114 114
114 115
115 115
