0 0
0 1
0 10
0 16
0 18
0 28
0 36
0 42
0 43
0 46
0 47
0 49
0 51
0 52
0 53
0 55
0 56
0 57
0 58
0 59
0 60
0 61
0 62
0 63
0 66
0 69
0 72
0 80
0 81
0 98
0 99
0 101
0 111
0 112
1 1
1 10
1 18
1 19
1 42
1 46
1 48
1 49
1 51
1 52
1 55
1 56
1 57
1 58
1 59
1 60
1 61
1 63
1 66
1 69
1 96
1 98
1 99
1 101
1 111
1 112
2 2
2 3
2 4
2 6
2 7
2 9
2 14
2 22
2 25
2 64
2 65
2 67
2 71
2 92
2 93
3 3
3 5
3 7
3 14
3 15
3 18
3 20
3 21
3 22
3 23
3 24
3 25
3 26
3 27
3 39
3 64
3 65
3 67
3 70
3 84
3 85
3 88
3 89
3 92
3 93
3 104
3 105
3 108
4 4
4 5
4 7
4 8
4 9
4 14
4 15
4 17
4 20
4 21
4 22
4 24
4 25
4 26
4 27
4 38
4 39
4 41
4 54
4 70
4 73
4 75
4 79
4 82
4 83
4 86
4 88
4 89
4 108
5 5
5 7
5 8
5 9
5 14
5 15
5 20
5 21
5 22
5 24
5 25
5 26
5 27
5 38
5 39
5 41
5 54
5 70
5 73
5 75
5 82
5 83
5 86
5 88
5 89
5 105
5 108
6 6
6 7
6 10
6 11
6 64
6 67
7 7
7 8
7 9
7 14
7 15
7 20
7 21
7 22
7 24
7 26
7 27
7 64
7 65
7 67
7 75
7 83
7 89
7 92
7 102
7 103
7 104
7 105
7 108
8 8
8 9
8 14
8 15
8 17
8 20
8 21
8 24
8 25
8 26
8 27
8 41
8 70
8 73
8 75
8 79
8 82
8 88
8 108
9 9
9 13
9 14
9 15
9 17
9 20
9 21
9 24
9 25
9 26
9 27
9 41
9 70
9 71
9 73
9 75
9 79
9 88
9 105
10 10
10 11
10 16
10 28
10 29
10 36
10 40
10 42
10 44
10 45
10 48
10 49
10 50
10 51
10 52
10 58
10 60
10 61
10 62
10 63
10 66
10 72
10 76
10 98
10 101
10 112
11 11
11 12
11 13
11 28
11 29
11 34
11 35
11 67
11 83
12 12
12 13
12 64
12 65
12 67
12 91
12 92
12 93
12 114
13 13
13 15
13 17
13 35
13 37
13 41
13 58
13 61
13 65
13 71
13 73
13 75
13 76
13 92
13 104
14 14
14 15
14 19
14 20
14 21
14 22
14 23
14 24
14 25
14 26
14 27
14 31
14 38
14 39
14 41
14 54
14 73
14 79
14 82
14 83
14 84
14 85
14 86
14 88
14 89
14 108
15 15
15 17
15 20
15 21
15 22
15 24
15 25
15 26
15 27
15 39
15 41
15 70
15 71
15 73
15 75
15 82
15 83
15 88
15 89
16 16
16 17
16 28
16 29
16 30
16 32
16 36
16 37
16 40
16 42
16 43
16 56
16 57
16 62
16 63
16 72
16 74
16 76
16 77
16 78
16 79
16 80
16 81
17 17
17 20
17 24
17 26
17 28
17 29
17 32
17 37
17 41
17 56
17 57
17 62
17 63
17 71
17 73
17 75
17 76
17 78
17 79
17 80
17 81
17 100
17 105
17 106
18 18
18 19
18 23
18 39
18 57
18 68
18 82
18 84
18 85
18 86
18 87
18 88
18 89
18 90
18 93
18 95
18 97
18 108
18 109
18 110
18 113
18 115
19 19
19 23
19 31
19 56
19 57
19 68
19 82
19 83
19 84
19 85
19 86
19 88
19 89
19 90
19 93
19 95
19 97
19 99
19 108
19 109
19 115
20 20
20 21
20 22
20 24
20 25
20 26
20 27
20 37
20 38
20 39
20 41
20 70
20 71
20 73
20 75
20 82
20 83
20 84
20 88
20 89
21 21
21 22
21 23
21 24
21 25
21 26
21 27
21 31
21 38
21 39
21 41
21 54
21 73
21 75
21 82
21 83
21 84
21 86
21 88
21 89
21 90
21 92
21 95
21 97
21 99
21 103
21 104
21 108
21 109
21 110
21 113
22 22
22 23
22 24
22 25
22 26
22 27
22 30
22 31
22 34
22 38
22 39
22 64
22 82
22 84
22 85
22 86
22 88
22 89
22 105
23 23
23 24
23 25
23 26
23 27
23 30
23 31
23 34
23 38
23 39
23 64
23 68
23 82
23 84
23 85
23 86
23 87
23 88
23 89
23 113
24 24
24 25
24 26
24 27
24 31
24 38
24 39
24 41
24 54
24 70
24 71
24 73
24 75
24 79
24 82
24 83
24 84
24 86
24 88
24 89
24 105
24 106
24 108
25 25
25 26
25 27
25 31
25 38
25 39
25 41
25 70
25 71
25 73
25 75
25 82
25 83
25 84
25 85
25 86
25 88
25 89
25 113
25 114
25 115
26 26
26 27
26 38
26 39
26 41
26 54
26 70
26 73
26 75
26 82
26 83
26 84
26 86
26 88
26 89
26 106
26 108
27 27
27 31
27 37
27 38
27 39
27 41
27 54
27 68
27 70
27 73
27 75
27 82
27 83
27 84
27 85
27 86
27 88
27 89
27 105
27 106
27 108
28 28
28 29
28 30
28 32
28 33
28 36
28 40
28 42
28 53
28 56
28 57
28 62
28 63
28 72
28 74
28 76
28 77
28 78
28 79
28 80
28 81
28 83
28 94
29 29
29 30
29 32
29 33
29 36
29 40
29 53
29 57
29 62
29 63
29 72
29 74
29 76
29 78
29 79
29 80
29 81
29 111
30 30
30 31
30 33
30 34
30 35
30 36
30 64
30 72
30 76
30 77
30 78
30 84
30 86
31 31
31 33
31 34
31 38
31 64
31 72
31 82
31 83
31 84
31 85
31 86
31 88
31 113
31 114
31 115
32 32
32 33
32 36
32 57
32 62
32 63
32 69
32 72
32 74
32 76
32 78
32 80
32 81
32 101
32 112
33 33
33 34
33 35
33 36
33 65
33 67
33 72
33 77
33 78
33 94
33 100
33 102
34 34
34 35
34 57
34 64
34 67
34 77
34 78
34 82
34 84
34 85
34 86
34 94
34 107
34 114
35 35
35 36
35 65
35 67
35 71
35 76
35 77
35 92
36 36
36 37
36 40
36 42
36 47
36 53
36 56
36 62
36 72
36 74
36 76
36 77
36 78
36 80
36 81
36 91
37 37
37 38
37 39
37 40
37 41
37 47
37 68
37 71
37 73
37 74
37 75
37 76
37 91
37 105
37 106
38 38
38 39
38 40
38 41
38 54
38 68
38 79
38 81
38 82
38 83
38 84
38 85
38 86
38 87
38 88
38 89
39 39
39 54
39 68
39 79
39 82
39 84
39 85
39 86
39 87
39 88
39 89
39 90
39 92
39 93
39 96
39 105
39 108
39 109
39 110
40 40
40 41
40 43
40 51
40 53
40 55
40 63
40 72
40 73
40 74
40 75
40 76
40 78
40 79
40 80
40 81
40 83
41 41
41 54
41 55
41 70
41 71
41 73
41 75
41 76
41 79
41 81
41 83
42 42
42 43
42 44
42 45
42 46
42 47
42 48
42 49
42 50
42 51
42 52
42 53
42 55
42 60
42 61
42 62
42 72
42 74
42 76
42 96
42 98
42 111
42 112
43 43
43 44
43 45
43 46
43 47
43 48
43 49
43 50
43 51
43 52
43 55
43 61
43 62
43 63
43 72
43 76
43 96
43 98
43 111
43 112
44 44
44 45
44 46
44 47
44 48
44 49
44 50
44 51
44 52
44 55
44 58
44 59
44 66
44 96
44 98
44 111
44 112
45 45
45 46
45 47
45 48
45 49
45 50
45 51
45 52
45 55
45 65
45 66
45 69
45 96
45 98
45 111
45 112
46 46
46 47
46 48
46 49
46 50
46 51
46 52
46 53
46 55
46 58
46 59
46 61
46 96
46 98
46 99
46 111
46 112
47 47
47 48
47 49
47 50
47 51
47 52
47 53
47 55
47 69
47 72
47 74
47 76
47 90
47 91
47 96
47 98
47 99
47 110
47 111
47 112
48 48
48 49
48 50
48 51
48 52
48 54
48 55
48 58
48 59
48 60
48 61
48 65
48 66
48 69
48 98
48 99
48 102
48 104
48 106
48 107
48 112
49 49
49 50
49 51
49 52
49 53
49 55
49 58
49 59
49 60
49 61
49 62
49 66
49 69
49 76
49 98
49 101
49 111
49 112
50 50
50 51
50 52
50 53
50 58
50 59
50 60
50 61
50 65
50 66
51 51
51 52
51 53
51 55
51 58
51 59
51 60
51 61
51 63
51 66
51 69
51 98
51 99
51 101
51 112
52 52
52 53
52 55
52 58
52 59
52 60
52 61
52 63
52 66
52 90
53 53
53 56
53 61
53 72
53 78
53 80
54 54
54 55
54 88
54 89
54 90
54 95
54 96
54 98
54 99
54 100
54 103
54 104
54 106
54 108
54 109
55 55
55 56
55 62
55 63
55 72
55 96
55 98
55 99
55 111
55 112
56 56
56 57
56 62
56 63
56 68
56 72
56 74
56 78
56 79
56 80
56 81
56 87
57 57
57 62
57 63
57 68
57 78
57 79
57 80
57 81
57 85
57 87
58 58
58 59
58 60
58 61
58 66
58 67
58 77
58 91
58 92
58 94
58 97
58 101
58 107
59 59
59 60
59 61
59 66
59 69
59 90
59 94
59 97
59 98
59 99
59 101
59 102
59 103
59 111
59 112
60 60
60 61
60 62
60 63
60 66
60 94
60 99
60 101
60 107
60 111
60 112
60 115
61 61
61 62
61 63
61 66
61 94
61 99
61 101
61 111
61 112
62 62
62 63
62 69
62 72
62 74
62 76
62 78
62 79
62 80
62 81
62 111
62 112
63 63
63 72
63 74
63 76
63 78
63 79
63 80
63 81
63 100
63 101
63 111
63 112
64 64
64 65
64 67
64 84
64 85
64 87
64 88
64 92
64 93
64 104
64 105
65 65
65 67
65 92
65 100
65 102
65 104
65 105
66 66
66 67
66 69
66 94
66 96
66 97
66 101
66 102
66 103
66 107
66 112
66 115
67 67
67 77
67 91
67 92
67 93
67 94
67 97
67 102
67 104
67 107
67 114
67 115
68 68
68 70
68 78
68 79
68 80
68 81
68 82
68 84
68 85
68 86
68 88
68 89
68 90
68 108
68 110
69 69
69 98
69 99
69 101
69 111
69 112
70 70
70 71
70 73
70 75
70 77
71 71
71 73
71 75
71 76
71 77
71 90
71 91
71 92
71 93
71 103
71 105
71 110
72 72
72 74
72 76
72 77
72 78
72 80
72 81
72 83
72 94
73 73
73 75
73 76
73 79
73 105
74 74
74 76
74 77
74 78
74 80
74 81
74 91
75 75
75 76
75 79
75 100
75 105
75 106
76 76
76 77
76 78
76 80
76 81
77 77
77 91
77 92
77 93
77 94
77 97
77 114
78 78
78 79
78 80
78 81
79 79
79 80
79 81
79 82
79 85
79 86
79 100
80 80
80 81
81 81
82 82
82 83
82 84
82 85
82 86
82 87
82 88
82 89
82 97
83 83
83 84
83 85
83 86
83 97
83 114
83 115
84 84
84 85
84 86
84 87
84 88
84 89
84 113
85 85
85 86
85 87
85 88
85 89
86 86
86 87
86 88
86 89
86 96
86 107
86 113
86 115
87 87
88 88
88 89
88 92
88 105
89 89
89 98
89 99
89 103
89 108
89 109
89 113
90 90
90 91
90 92
90 95
90 97
90 99
90 103
90 108
90 109
90 110
91 91
91 92
91 93
91 110
92 92
92 93
92 103
92 104
92 109
92 110
92 113
93 93
93 109
93 110
93 114
94 94
94 95
94 96
94 97
94 99
94 102
94 107
94 109
94 111
94 113
94 114
94 115
95 95
95 96
95 97
95 98
95 99
95 101
95 103
95 108
95 109
95 110
95 113
95 115
96 96
96 97
96 98
96 99
96 101
96 103
96 107
96 108
96 109
96 110
96 111
96 112
96 113
96 115
97 97
97 99
97 101
97 103
97 107
97 109
97 110
97 113
97 114
97 115
98 98
98 99
98 101
98 102
98 107
98 108
98 109
98 111
98 112
99 99
99 101
99 102
99 103
99 108
99 109
99 111
99 112
99 113
99 115
100 100
100 102
100 104
100 105
100 106
101 101
101 102
101 107
101 109
101 112
102 102
102 103
102 104
102 105
102 106
102 107
102 112
103 103
103 104
103 105
103 106
103 108
103 109
103 110
103 111
103 113
103 115
104 104
104 105
104 106
104 108
105 105
105 106
105 108
106 106
106 108
107 107
107 112
107 115
108 108
108 109
108 110
109 109
109 110
109 113
109 114
109 115
110 110
110 111
110 113
111 111
111 112
111 115
112 112
113 113
113 114
113 115
114 114
114 115
115 115
