0 0
0 1
0 2
0 4
0 5
0 6
0 8
0 10
0 12
0 14
0 18
0 19
0 50
0 58
0 60
0 62
0 64
0 66
0 68
0 69
0 93
0 102
0 103
1 1
1 18
1 19
1 21
1 32
1 56
1 57
1 58
1 59
1 66
1 68
1 69
1 74
1 99
1 102
1 103
1 104
1 115
2 2
2 3
2 4
2 5
2 6
2 7
2 8
2 9
2 10
2 11
2 12
2 14
2 22
2 23
2 24
2 26
2 27
2 30
2 34
2 60
2 64
2 65
2 84
2 88
2 89
2 91
2 92
2 93
2 102
2 103
3 3
3 4
3 7
3 8
3 9
3 10
3 13
3 14
3 22
3 24
3 25
3 26
3 27
3 34
3 35
3 64
3 65
3 67
3 84
3 85
3 88
3 89
3 92
3 96
3 100
3 102
4 4
4 5
4 6
4 7
4 8
4 9
4 10
4 11
4 14
4 18
4 22
4 23
4 24
4 26
4 30
4 34
4 53
4 60
4 64
4 82
4 84
4 85
4 88
4 89
4 91
4 92
4 93
4 102
5 5
5 8
5 9
5 11
5 14
5 22
5 23
5 26
5 27
5 64
5 66
5 67
5 69
5 84
5 85
5 86
5 88
5 93
5 103
6 6
6 7
6 8
6 9
6 11
6 12
6 14
6 18
6 30
6 31
6 64
6 70
6 102
6 103
6 106
7 7
7 8
7 9
7 11
7 13
7 23
7 24
7 25
7 30
7 31
7 33
7 34
7 64
7 65
7 67
7 70
7 88
7 92
7 93
7 109
7 113
8 8
8 9
8 10
8 11
8 12
8 14
8 22
8 23
8 24
8 34
8 58
8 60
8 64
8 65
8 66
8 69
8 82
8 84
8 85
8 88
8 89
8 91
8 92
8 93
8 94
8 97
8 102
8 103
8 106
9 9
9 11
9 14
9 22
9 23
9 24
9 34
9 53
9 64
9 65
9 66
9 67
9 84
9 85
9 86
9 88
9 89
9 94
9 96
9 97
9 102
10 10
10 11
10 12
10 13
10 14
10 15
10 22
10 23
10 28
10 53
10 60
10 64
10 65
10 84
10 88
10 92
10 93
11 11
11 12
11 13
11 14
11 15
11 28
11 30
11 53
11 60
11 62
11 63
11 64
11 82
11 83
11 91
11 92
11 106
12 12
12 13
12 14
12 15
12 28
12 60
12 61
12 62
12 63
12 64
12 74
12 91
12 101
12 106
13 13
13 14
13 15
13 28
13 53
13 60
13 61
13 65
13 74
13 92
13 106
13 113
14 14
14 15
14 22
14 23
14 53
14 60
14 61
14 64
14 65
14 88
14 89
14 91
14 92
14 93
14 100
14 103
14 113
15 15
15 28
15 41
15 44
15 49
15 51
15 52
15 53
15 61
15 82
15 91
15 92
15 98
15 100
15 113
15 115
16 16
16 17
16 19
16 28
16 29
16 32
16 36
16 37
16 39
16 40
16 41
16 43
16 47
16 54
16 55
16 56
16 57
16 62
16 63
16 72
16 74
16 78
16 79
16 80
16 81
16 111
16 115
17 17
17 28
17 29
17 36
17 37
17 39
17 40
17 41
17 42
17 43
17 46
17 47
17 48
17 49
17 51
17 52
17 54
17 55
17 56
17 57
17 63
17 72
17 73
17 74
17 78
17 79
17 80
17 81
17 83
17 98
17 109
17 111
18 18
18 19
18 22
18 30
18 82
18 83
19 19
19 23
19 36
19 41
19 42
19 57
19 62
19 68
19 69
19 82
19 83
19 90
19 91
19 93
19 103
19 108
19 111
19 115
20 20
20 24
20 25
20 26
20 30
20 31
20 33
20 39
20 40
20 42
20 45
20 70
20 71
20 77
20 94
20 95
20 107
20 109
21 21
21 24
21 25
21 26
21 27
21 38
21 39
21 45
21 55
21 59
21 67
21 76
21 77
21 87
21 98
21 115
22 22
22 23
22 24
22 26
22 27
22 30
22 50
22 53
22 64
22 69
22 82
22 84
22 86
22 88
22 89
22 90
22 91
22 93
22 103
23 23
23 24
23 26
23 27
23 30
23 31
23 64
23 67
23 69
23 82
23 84
23 86
23 88
23 90
23 91
23 92
23 93
23 94
23 114
24 24
24 25
24 26
24 27
24 30
24 31
24 33
24 35
24 65
24 67
24 77
25 25
25 26
25 27
25 30
25 31
25 33
25 34
25 35
25 39
25 45
25 65
25 67
25 71
25 77
25 86
25 87
25 115
26 26
26 27
26 31
26 33
26 35
26 64
26 65
26 66
26 67
26 69
26 86
26 88
26 89
26 103
26 104
27 27
27 65
27 66
27 67
27 68
27 69
27 86
27 88
27 104
27 115
28 28
28 29
28 30
28 31
28 33
28 36
28 37
28 40
28 41
28 42
28 43
28 44
28 46
28 47
28 48
28 49
28 54
28 55
28 62
28 63
28 70
28 71
28 72
28 73
28 74
28 75
28 76
28 78
28 80
28 81
28 83
28 95
28 98
28 101
28 111
28 114
29 29
29 30
29 31
29 36
29 37
29 39
29 40
29 41
29 42
29 43
29 44
29 45
29 46
29 47
29 49
29 54
29 55
29 62
29 70
29 72
29 73
29 74
29 75
29 76
29 77
29 78
29 79
29 80
29 81
29 83
29 95
29 98
29 108
29 111
30 30
30 31
30 33
30 35
30 40
30 45
30 70
30 71
30 77
30 82
30 83
30 95
30 114
31 31
31 33
31 35
31 40
31 41
31 43
31 44
31 45
31 67
31 70
31 71
31 77
31 82
31 83
31 95
31 114
32 32
32 33
32 38
32 39
32 40
32 56
32 58
32 59
32 66
32 68
32 72
32 73
32 74
32 75
32 80
32 104
32 106
32 107
32 111
32 115
33 33
33 34
33 35
33 41
33 43
33 44
33 45
33 65
33 70
33 75
33 77
33 113
33 115
34 34
34 35
34 64
34 65
34 66
34 67
34 84
34 86
34 88
34 89
34 106
35 35
35 42
35 44
35 45
35 65
35 67
35 75
35 77
36 36
36 37
36 38
36 39
36 40
36 41
36 42
36 43
36 46
36 47
36 48
36 54
36 55
36 56
36 62
36 63
36 72
36 73
36 74
36 78
36 80
36 81
36 83
36 98
36 108
36 111
37 37
37 38
37 39
37 40
37 41
37 42
37 43
37 44
37 46
37 47
37 48
37 51
37 52
37 54
37 55
37 56
37 72
37 73
37 74
37 75
37 76
37 77
37 78
37 79
37 80
37 81
37 95
37 96
37 98
37 99
37 108
37 111
38 38
38 39
38 47
38 54
38 55
38 56
38 58
38 68
38 73
38 74
38 75
38 80
38 81
38 96
38 97
38 108
38 110
39 39
39 40
39 41
39 42
39 43
39 44
39 45
39 54
39 55
39 56
39 72
39 73
39 74
39 76
39 77
39 78
39 80
39 87
39 98
39 107
39 115
40 40
40 41
40 43
40 46
40 63
40 71
40 72
40 73
40 74
40 75
40 76
40 77
40 78
40 80
40 81
40 83
40 94
40 95
40 107
40 109
41 41
41 42
41 43
41 44
41 45
41 48
41 49
41 51
41 54
41 62
41 63
41 72
41 73
41 77
41 78
41 80
41 83
41 95
41 98
41 99
41 108
41 111
41 115
42 42
42 43
42 44
42 45
42 46
42 47
42 48
42 49
42 54
42 55
42 72
42 73
42 75
42 76
42 78
42 80
42 81
42 83
42 95
42 98
42 108
42 111
43 43
43 44
43 45
43 46
43 47
43 48
43 49
43 51
43 54
43 55
43 71
43 72
43 73
43 74
43 75
43 78
43 80
43 81
43 95
43 98
43 108
43 111
43 114
44 44
44 45
44 46
44 47
44 48
44 49
44 51
44 54
44 55
44 70
44 72
44 73
44 78
44 80
44 81
44 95
44 98
44 99
44 105
44 111
44 112
44 114
45 45
45 46
45 47
45 48
45 49
45 51
45 54
45 55
45 67
45 72
45 73
45 81
45 95
45 98
45 111
45 112
45 114
46 46
46 47
46 48
46 49
46 50
46 51
46 52
46 53
46 54
46 55
46 72
46 73
46 74
46 78
46 79
46 80
46 81
46 83
46 95
46 96
46 98
46 105
46 111
46 114
47 47
47 48
47 49
47 52
47 53
47 55
47 71
47 72
47 78
47 80
47 81
47 83
47 96
47 110
47 111
48 48
48 49
48 50
48 51
48 52
48 54
48 55
48 72
48 80
48 83
48 98
48 105
48 112
48 114
49 49
49 51
49 55
49 62
49 72
49 73
49 80
49 83
49 95
49 98
49 105
49 108
49 111
49 112
49 114
50 50
50 51
50 52
50 54
50 55
50 66
50 84
50 85
50 98
50 103
51 51
51 52
51 53
51 54
51 55
51 72
51 80
51 81
51 90
51 95
51 98
51 99
51 101
51 105
51 111
51 112
51 114
52 52
52 53
52 54
52 55
52 78
52 80
52 81
52 87
52 89
52 98
52 110
53 53
53 54
53 78
53 81
53 82
53 84
53 87
53 89
53 98
53 113
54 54
54 55
54 56
54 72
54 73
54 74
54 78
54 80
54 81
54 86
54 87
54 95
54 98
55 55
55 72
55 73
55 74
55 78
55 79
55 80
55 81
55 83
55 96
55 98
55 111
55 112
56 56
56 57
56 58
56 59
56 68
56 69
56 74
56 78
56 86
56 87
56 108
56 115
57 57
57 58
57 59
57 60
57 68
57 69
57 74
57 79
57 86
57 87
57 89
57 99
57 103
57 115
58 58
58 59
58 60
58 61
58 66
58 68
58 69
58 74
58 75
58 85
58 97
58 102
58 103
58 106
58 107
59 59
59 60
59 61
59 63
59 66
59 68
59 69
59 74
59 75
59 102
59 107
59 115
60 60
60 61
60 64
60 65
60 68
60 88
60 89
60 102
60 103
60 106
60 110
61 61
61 63
61 65
61 89
61 92
61 99
61 100
61 106
61 113
61 115
62 62
62 63
62 72
62 74
62 80
62 81
62 82
62 83
62 108
63 63
63 72
63 80
63 83
63 101
64 64
64 65
64 66
64 84
64 85
64 86
64 88
64 89
64 91
64 92
64 93
64 102
64 103
64 106
65 65
65 67
65 86
65 88
65 89
65 92
65 106
65 113
66 66
66 67
66 68
66 69
66 84
66 85
66 94
66 97
66 103
66 104
66 107
67 67
67 84
67 85
67 94
67 107
68 68
68 69
68 74
68 85
68 89
68 97
68 102
68 103
68 104
69 69
69 90
69 91
69 93
69 102
69 103
69 104
69 115
70 70
70 71
70 76
70 77
70 95
70 113
70 114
71 71
71 91
71 100
71 101
71 113
71 114
72 72
72 73
72 74
72 75
72 76
72 78
72 79
72 80
72 81
72 83
72 95
72 98
72 108
72 111
73 73
73 74
73 75
73 76
73 77
73 78
73 79
73 80
73 81
73 83
73 95
73 98
73 108
73 109
73 111
74 74
74 75
74 76
74 78
74 79
74 80
74 81
74 106
74 108
75 75
75 76
75 77
75 79
75 106
75 107
76 76
76 77
77 77
77 86
77 95
77 107
77 108
77 115
78 78
78 79
78 80
78 81
78 83
78 98
78 111
79 79
79 80
79 81
79 85
79 89
79 109
80 80
80 81
80 83
80 98
80 108
80 111
81 81
81 83
81 87
81 96
81 98
81 114
82 82
82 83
82 90
82 91
82 92
82 101
83 83
83 95
83 98
83 108
84 84
84 85
84 86
84 87
84 88
84 89
85 85
85 88
85 89
85 94
85 96
85 97
85 102
85 109
86 86
86 87
86 88
86 89
87 87
87 88
87 89
87 110
88 88
88 89
88 92
88 93
88 94
88 102
89 89
89 106
90 90
90 91
90 92
90 93
90 98
90 99
90 103
90 105
90 112
90 114
91 91
91 92
91 93
91 94
91 99
91 100
91 102
91 103
91 110
91 113
92 92
92 93
92 94
92 99
92 100
92 102
92 103
92 105
92 113
93 93
93 94
93 99
93 100
93 101
93 102
93 103
93 104
93 113
93 114
94 94
94 96
94 97
94 102
94 109
95 95
95 98
95 99
95 104
95 105
95 108
95 109
95 111
95 113
95 114
96 96
96 97
96 106
96 109
96 110
97 97
97 102
97 106
97 108
97 109
97 110
98 98
98 99
98 105
98 111
98 112
98 114
99 99
99 100
99 103
99 104
99 105
99 108
99 111
99 112
99 113
99 114
100 100
100 102
100 104
100 106
100 113
100 115
101 101
101 102
101 113
101 114
102 102
102 103
102 104
102 109
102 113
103 103
103 104
103 105
104 104
104 107
104 112
104 113
104 114
104 115
105 105
105 108
105 111
105 112
105 113
105 114
106 106
106 107
106 108
106 110
107 107
107 115
108 108
108 111
108 115
109 109
109 114
110 110
110 111
111 111
111 112
111 113
112 112
112 113
113 113
113 114
114 114
115 115
