0 0
0 1
0 10
0 18
0 19
0 56
0 58
0 59
0 60
0 61
0 63
0 65
0 90
0 91
0 98
0 107
0 109
0 115
1 1
1 11
1 17
1 19
1 32
1 52
1 54
1 57
1 58
1 59
1 60
1 61
1 62
1 63
1 64
1 68
1 79
1 81
1 90
1 91
1 98
1 106
1 109
2 2
2 3
2 4
2 6
2 22
2 23
2 43
2 45
2 47
2 48
2 50
2 55
2 67
2 86
2 88
2 89
2 99
2 101
2 103
3 3
3 5
3 9
3 13
3 22
3 23
3 25
3 26
3 27
3 31
3 45
3 80
3 83
3 85
3 87
3 89
3 101
3 103
3 113
3 114
4 4
4 5
4 20
4 21
4 24
4 25
4 26
4 27
4 30
4 31
4 37
4 39
4 40
4 41
4 55
4 71
4 73
4 74
4 75
4 82
4 83
4 84
4 88
4 97
4 111
4 113
4 114
5 5
5 9
5 11
5 25
5 27
5 50
5 76
5 80
5 83
5 84
5 85
5 87
5 89
6 6
6 7
6 9
6 12
6 15
6 19
6 29
6 33
6 44
6 48
6 49
6 52
6 58
6 59
6 60
6 61
6 62
6 64
6 65
6 67
6 70
6 72
6 82
6 86
6 88
6 90
6 101
7 7
7 9
7 13
7 15
7 33
7 35
7 48
7 49
7 59
7 61
7 64
7 65
7 67
7 90
7 91
7 92
7 100
8 8
8 9
8 15
8 19
8 44
8 46
8 49
8 51
8 60
8 80
8 98
9 9
9 13
9 15
9 19
9 23
9 44
9 46
9 49
9 51
9 65
10 10
10 11
10 13
10 14
10 16
10 17
10 18
10 20
10 21
10 22
10 26
10 27
10 28
10 30
10 35
10 38
10 50
10 56
10 83
10 87
10 94
10 98
10 101
10 103
10 109
10 113
10 114
11 11
11 13
11 14
11 16
11 17
11 25
11 27
11 28
11 30
11 31
11 38
11 56
11 80
11 81
11 83
11 85
11 87
11 109
11 114
12 12
12 13
12 15
12 28
12 29
12 33
12 44
12 48
12 60
12 61
12 62
12 63
12 64
12 72
12 78
12 91
12 93
12 101
13 13
13 15
13 23
13 28
13 35
13 44
13 65
13 80
13 92
13 101
14 14
14 16
14 17
14 18
14 20
14 21
14 22
14 24
14 25
14 26
14 27
14 28
14 30
14 35
14 38
14 50
14 56
14 87
14 101
14 103
14 109
14 113
14 114
15 15
15 19
15 29
15 33
15 44
15 46
15 48
15 49
15 51
15 52
15 59
15 61
15 64
15 65
15 66
15 70
15 72
15 82
15 86
15 88
15 90
15 92
15 93
15 97
15 100
16 16
16 17
16 18
16 20
16 21
16 22
16 25
16 26
16 27
16 28
16 30
16 31
16 38
16 50
16 56
16 80
16 81
16 83
16 85
16 87
16 94
16 98
16 101
16 103
16 109
16 113
16 114
17 17
17 24
17 25
17 28
17 30
17 31
17 56
17 57
17 63
17 68
17 71
17 72
17 73
17 75
17 76
17 78
17 79
17 80
17 81
17 83
17 109
18 18
18 19
18 22
18 34
18 56
18 68
18 76
18 81
18 85
18 108
19 19
19 32
19 46
19 51
19 57
19 58
19 59
19 60
19 61
19 62
19 64
19 65
19 69
19 90
19 91
19 98
19 100
19 104
19 105
19 106
19 107
19 108
19 115
20 20
20 21
20 22
20 24
20 25
20 26
20 27
20 30
20 31
20 36
20 37
20 38
20 39
20 41
20 56
20 70
20 71
20 73
20 74
20 75
20 76
20 79
20 83
20 87
20 110
20 111
20 113
20 114
21 21
21 22
21 24
21 25
21 26
21 27
21 30
21 31
21 36
21 37
21 38
21 39
21 40
21 41
21 56
21 70
21 71
21 73
21 74
21 75
21 76
21 77
21 79
21 83
21 87
21 89
21 111
21 113
21 114
22 22
22 23
22 24
22 25
22 26
22 27
22 28
22 30
22 31
22 45
22 50
22 56
22 71
22 75
22 83
22 85
22 87
22 88
22 89
22 99
22 103
22 113
22 114
23 23
23 24
23 25
23 30
23 31
23 45
23 50
23 80
23 82
23 83
23 85
23 87
23 88
23 89
23 101
23 103
23 113
23 114
24 24
24 25
24 26
24 27
24 28
24 30
24 31
24 37
24 38
24 40
24 50
24 70
24 71
24 72
24 73
24 74
24 75
24 76
24 79
24 81
24 82
24 83
24 85
24 87
24 113
24 114
25 25
25 26
25 27
25 30
25 31
25 38
25 40
25 50
25 71
25 73
25 74
25 75
25 76
25 79
25 80
25 81
25 83
25 85
25 87
25 89
25 113
25 114
26 26
26 27
26 30
26 31
26 36
26 37
26 38
26 39
26 41
26 56
26 71
26 73
26 74
26 75
26 76
26 83
26 85
26 87
26 89
26 99
26 111
26 113
26 114
27 27
27 30
27 31
27 36
27 37
27 38
27 39
27 41
27 50
27 56
27 71
27 75
27 76
27 83
27 87
27 89
27 111
27 113
27 114
28 28
28 29
28 30
28 31
28 40
28 50
28 70
28 71
28 72
28 73
28 74
28 80
28 85
28 86
28 99
28 101
28 102
28 103
28 113
29 29
29 33
29 34
29 40
29 52
29 61
29 62
29 64
29 66
29 70
29 71
29 72
29 73
29 74
29 75
29 77
29 78
29 79
29 82
29 84
29 86
29 88
30 30
30 31
30 38
30 40
30 41
30 50
30 70
30 71
30 72
30 73
30 74
30 75
30 76
30 79
30 81
30 83
30 85
30 87
30 113
30 114
31 31
31 38
31 40
31 70
31 71
31 72
31 73
31 74
31 75
31 76
31 79
31 82
31 83
31 85
31 87
31 113
32 32
32 33
32 34
32 36
32 41
32 46
32 54
32 57
32 58
32 59
32 60
32 61
32 62
32 63
32 64
32 66
32 68
32 76
32 79
32 94
32 95
32 96
32 98
32 104
32 108
32 109
32 115
33 33
33 34
33 44
33 49
33 59
33 60
33 61
33 62
33 63
33 64
33 65
33 66
33 115
34 34
34 36
34 46
34 54
34 63
34 65
34 66
34 68
34 76
34 78
34 79
34 94
34 96
34 108
34 109
35 35
35 37
35 39
35 65
35 67
35 69
35 91
35 92
35 97
35 99
35 100
35 105
35 106
35 107
35 110
35 112
35 114
36 36
36 37
36 38
36 39
36 41
36 46
36 54
36 63
36 64
36 75
36 76
36 79
36 81
36 83
36 96
36 108
37 37
37 38
37 39
37 41
37 55
37 70
37 71
37 75
37 77
37 89
37 97
37 99
37 110
37 111
38 38
38 39
38 41
38 54
38 56
38 71
38 75
38 76
38 81
38 83
38 87
38 94
38 98
38 109
38 110
38 114
39 39
39 41
39 55
39 71
39 87
39 89
39 97
39 110
39 111
39 114
40 40
40 41
40 43
40 52
40 62
40 66
40 70
40 72
40 73
40 74
40 78
40 82
40 84
40 85
40 86
40 88
40 97
40 111
40 113
41 41
41 63
41 71
41 73
41 74
41 75
41 76
41 79
41 81
41 83
41 87
41 114
42 42
42 43
42 44
42 46
42 47
42 49
42 50
42 51
42 53
42 55
42 66
42 85
42 98
42 110
42 111
43 43
43 44
43 45
43 46
43 47
43 49
43 51
43 53
43 55
43 67
43 80
43 82
43 84
43 85
43 86
43 110
43 111
44 44
44 45
44 46
44 47
44 48
44 49
44 51
44 53
44 65
44 66
44 67
44 96
45 45
45 47
45 48
45 49
45 50
45 65
45 67
45 82
45 85
45 86
46 46
46 49
46 51
46 52
46 53
46 54
46 66
46 68
46 95
46 96
46 98
46 104
46 108
46 115
47 47
47 48
47 49
47 51
47 53
47 55
47 59
47 67
47 82
47 86
47 90
47 97
47 98
47 99
47 105
47 110
47 111
47 112
48 48
48 49
48 50
48 51
48 52
48 53
48 54
48 55
48 58
48 59
48 61
48 64
48 65
48 67
48 90
48 91
48 92
48 95
48 98
48 101
48 104
48 105
48 106
48 107
49 49
49 51
49 59
49 65
49 66
49 67
49 86
49 95
49 96
49 104
49 105
49 107
49 108
50 50
50 55
50 85
50 89
50 101
50 103
51 51
51 52
51 53
51 65
51 66
51 67
51 69
51 90
51 96
51 98
51 104
51 108
52 52
52 55
52 58
52 59
52 60
52 61
52 62
52 64
52 66
52 82
52 84
52 88
52 97
53 53
53 55
53 69
53 90
53 98
53 104
53 115
54 54
54 57
54 61
54 64
54 89
54 92
54 94
54 95
54 96
54 98
54 104
54 105
54 106
54 107
54 108
54 109
54 115
55 55
55 86
55 88
55 89
55 93
55 97
55 99
55 101
55 103
55 110
55 111
56 56
56 81
56 83
56 85
56 87
56 94
56 98
56 109
56 114
57 57
57 58
57 59
57 60
57 61
57 63
57 68
57 69
57 79
57 81
57 90
57 91
57 96
57 98
57 104
57 105
57 106
57 108
57 115
58 58
58 59
58 60
58 61
58 62
58 63
58 64
58 66
58 68
58 90
58 91
58 95
58 98
58 104
58 105
58 106
58 107
58 115
59 59
59 60
59 61
59 62
59 63
59 64
59 65
59 66
59 67
59 69
59 90
59 91
59 95
59 100
59 104
59 105
59 106
59 107
59 108
59 115
60 60
60 61
60 62
60 63
60 64
60 68
60 78
60 84
60 90
60 95
60 104
60 106
60 107
60 115
61 61
61 62
61 63
61 64
61 65
61 90
61 91
61 92
61 100
61 104
61 106
61 107
61 115
62 62
62 63
62 64
62 66
62 72
62 78
62 82
62 84
62 86
62 88
62 104
63 63
63 64
63 68
63 76
63 78
63 79
63 81
63 91
63 96
63 98
63 109
64 64
64 65
64 78
64 79
64 90
64 96
65 65
65 67
65 90
65 92
65 100
65 108
66 66
66 68
66 72
66 74
67 67
67 69
67 86
67 90
67 91
67 97
67 99
67 100
67 105
67 106
67 107
67 110
67 112
68 68
68 76
68 78
68 79
68 81
68 94
68 115
69 69
69 90
69 91
69 95
69 97
69 100
69 104
69 105
69 106
69 107
69 108
69 112
69 115
70 70
70 71
70 72
70 73
70 74
70 75
70 77
70 78
70 79
70 82
70 88
70 102
71 71
71 72
71 73
71 74
71 75
71 76
71 77
71 79
71 102
71 113
71 114
72 72
72 73
72 74
72 75
72 76
72 77
72 78
72 79
72 82
72 84
72 86
72 88
72 102
73 73
73 74
73 75
73 76
73 77
73 78
73 79
73 81
73 102
74 74
74 75
74 76
74 77
74 78
74 79
74 81
74 82
74 84
75 75
75 76
75 77
75 78
75 79
75 81
75 83
75 87
75 114
76 76
76 78
76 79
76 81
76 83
76 87
76 94
76 109
77 77
78 78
78 79
78 81
78 82
78 84
78 88
79 79
79 81
79 83
79 94
79 96
79 109
80 80
80 81
80 83
80 84
80 85
80 102
80 113
80 114
81 81
81 83
81 87
81 94
81 96
81 98
81 109
82 82
82 84
82 86
82 88
82 97
82 100
83 83
83 85
83 87
83 89
83 94
83 113
83 114
84 84
84 85
84 86
84 88
85 85
85 87
85 113
86 86
86 88
86 93
86 99
86 100
87 87
87 89
87 94
87 103
87 109
87 113
87 114
88 88
88 89
88 97
89 89
89 92
89 97
90 90
90 91
90 92
90 93
90 98
90 100
90 104
90 105
90 106
90 107
90 110
90 112
90 115
91 91
91 92
91 93
91 98
91 101
91 105
91 106
91 107
92 92
92 93
92 100
92 101
92 103
92 105
92 106
92 107
92 108
93 93
93 99
93 100
93 101
93 103
93 105
93 106
93 107
94 94
94 95
94 96
94 98
94 108
94 109
94 115
95 95
95 96
95 104
95 105
95 106
95 107
95 108
95 109
95 115
96 96
96 98
96 104
96 105
96 107
96 108
96 109
96 115
97 97
97 99
97 103
97 105
97 110
97 111
97 112
98 98
98 104
98 107
98 108
98 109
98 110
98 115
99 99
99 101
99 102
99 103
99 110
99 111
99 112
99 113
99 114
100 100
100 104
100 106
100 108
100 115
101 101
101 102
101 103
101 112
101 113
101 114
102 102
102 103
102 111
102 112
102 113
102 114
103 103
103 111
103 112
103 113
103 114
104 104
104 105
104 106
104 107
104 108
104 110
104 115
105 105
105 106
105 107
105 108
105 109
105 110
105 115
106 106
106 107
106 108
106 110
106 115
107 107
107 108
107 110
107 115
108 108
108 109
108 115
109 109
110 110
110 111
110 112
110 114
111 111
111 112
111 113
111 114
112 112
112 113
112 114
113 113
113 114
114 114
115 115
