0 0
0 1
0 10
0 11
0 16
0 17
0 28
0 29
0 32
0 44
0 46
0 55
0 56
0 57
0 59
0 61
0 62
0 63
0 72
0 78
0 79
0 80
0 81
0 82
0 84
0 86
0 98
1 1
1 10
1 11
1 16
1 17
1 29
1 32
1 44
1 46
1 55
1 56
1 57
1 59
1 61
1 62
1 63
1 68
1 78
1 79
1 80
1 81
1 84
1 86
1 87
1 98
2 2
2 3
2 4
2 6
2 7
2 8
2 9
2 10
2 12
2 14
2 18
2 20
2 22
2 23
2 24
2 25
2 26
2 27
2 28
2 30
2 31
2 40
2 54
2 60
2 64
2 65
2 71
2 73
2 74
2 82
2 88
3 3
3 5
3 7
3 9
3 15
3 18
3 20
3 21
3 22
3 23
3 24
3 25
3 26
3 27
3 30
3 31
3 33
3 64
3 65
3 71
3 77
3 92
3 94
3 100
4 4
4 6
4 8
4 9
4 10
4 12
4 13
4 14
4 20
4 22
4 23
4 26
4 27
4 28
4 40
4 54
4 60
4 64
4 65
4 72
4 82
4 84
4 87
4 88
5 5
5 9
5 21
5 23
5 25
5 26
5 27
5 35
5 39
5 45
5 64
5 65
5 66
5 67
5 69
5 83
5 88
5 89
5 90
5 91
5 92
5 93
5 103
6 6
6 7
6 8
6 9
6 10
6 11
6 12
6 13
6 14
6 15
6 20
6 24
6 26
6 28
6 29
6 30
6 31
6 40
6 60
6 65
6 70
6 71
6 72
6 73
6 74
6 75
6 76
6 77
6 82
7 7
7 9
7 10
7 11
7 12
7 13
7 15
7 20
7 26
7 31
7 33
7 40
7 61
7 65
7 71
7 72
7 73
7 75
7 76
7 77
7 100
8 8
8 9
8 10
8 11
8 12
8 13
8 14
8 20
8 22
8 26
8 27
8 40
8 60
8 64
8 65
8 70
8 71
8 82
8 88
9 9
9 10
9 11
9 12
9 13
9 15
9 20
9 40
9 45
9 60
9 61
9 64
9 65
9 71
9 88
9 92
9 100
10 10
10 11
10 12
10 13
10 14
10 15
10 16
10 17
10 20
10 22
10 28
10 29
10 30
10 40
10 54
10 61
10 71
10 72
10 74
10 82
10 84
10 86
10 87
11 11
11 12
11 13
11 14
11 15
11 16
11 17
11 20
11 26
11 28
11 29
11 30
11 31
11 61
11 70
11 71
11 72
11 73
11 74
11 75
11 82
11 84
11 86
11 87
11 106
12 12
12 13
12 14
12 15
12 16
12 20
12 22
12 24
12 28
12 29
12 30
12 31
12 40
12 54
12 70
12 71
12 72
12 73
12 74
12 75
12 76
12 82
12 84
12 86
12 106
12 107
12 115
13 13
13 14
13 15
13 16
13 28
13 29
13 40
13 61
13 70
13 71
13 72
13 73
13 74
13 75
13 76
13 82
13 86
13 106
14 14
14 20
14 22
14 24
14 25
14 26
14 27
14 28
14 30
14 31
14 36
14 40
14 52
14 54
14 70
14 71
14 72
14 74
14 82
14 84
14 86
14 87
14 94
15 15
15 16
15 18
15 20
15 21
15 28
15 29
15 30
15 31
15 33
15 37
15 40
15 41
15 61
15 71
15 72
15 73
15 74
15 75
15 76
15 77
15 83
15 88
16 16
16 17
16 19
16 28
16 29
16 32
16 33
16 44
16 56
16 57
16 62
16 63
16 68
16 72
16 78
16 79
16 80
16 81
16 84
16 86
17 17
17 20
17 28
17 29
17 30
17 32
17 55
17 56
17 57
17 62
17 63
17 72
17 73
17 74
17 78
17 79
17 80
17 81
17 84
17 86
17 87
18 18
18 19
18 22
18 23
18 25
18 27
18 30
18 64
18 83
18 88
19 19
19 33
19 41
19 62
19 63
19 68
19 69
19 83
19 90
19 91
19 99
19 103
19 110
19 113
20 20
20 22
20 23
20 24
20 25
20 26
20 28
20 30
20 31
20 40
20 70
20 71
20 72
20 73
20 74
20 75
20 82
20 86
20 87
21 21
21 23
21 25
21 26
21 27
21 31
21 33
21 39
21 41
21 83
21 87
21 88
21 89
21 94
21 95
21 107
21 108
22 22
22 23
22 24
22 25
22 27
22 30
22 31
22 34
22 50
22 64
22 70
22 71
22 74
22 82
22 84
22 86
22 87
22 88
22 94
23 23
23 24
23 25
23 26
23 27
23 30
23 31
23 64
23 67
23 71
23 88
23 92
23 93
23 94
23 107
24 24
24 25
24 28
24 30
24 31
24 70
24 71
24 72
24 74
24 75
24 86
24 104
24 107
24 108
25 25
25 27
25 30
25 31
25 36
25 38
25 40
25 64
25 71
25 74
25 75
25 82
25 84
25 86
25 94
25 107
26 26
26 27
26 30
26 87
26 100
26 102
27 27
27 30
27 38
27 41
27 54
27 64
27 82
27 84
27 85
27 86
27 87
27 88
27 94
28 28
28 29
28 30
28 31
28 36
28 40
28 54
28 70
28 71
28 72
28 73
28 74
28 75
28 78
28 79
28 80
28 82
28 84
28 86
28 87
28 107
29 29
29 37
29 41
29 61
29 62
29 63
29 70
29 72
29 73
29 74
29 75
29 76
29 79
29 80
29 81
29 83
30 30
30 31
30 40
30 70
30 71
30 72
30 73
30 74
30 75
30 76
30 79
30 82
30 84
30 86
30 87
31 31
31 33
31 36
31 40
31 70
31 71
31 72
31 73
31 74
31 75
31 76
31 77
31 94
31 104
31 107
31 108
31 115
32 32
32 33
32 34
32 44
32 46
32 55
32 56
32 57
32 59
32 62
32 63
32 79
32 80
32 81
33 33
33 35
33 36
33 41
33 47
33 62
33 63
33 68
33 76
33 77
33 83
34 34
34 35
34 47
34 77
34 96
34 105
34 109
34 110
34 114
35 35
35 39
35 45
35 47
35 64
35 65
35 67
35 77
35 90
35 91
35 92
35 93
35 100
35 103
35 104
35 105
35 109
35 110
35 114
36 36
36 37
36 38
36 39
36 40
36 41
36 42
36 43
36 71
36 72
36 73
36 74
36 75
36 76
36 77
36 82
36 94
36 104
37 37
37 39
37 41
37 73
37 75
37 76
37 77
37 83
37 95
37 100
37 104
37 115
38 38
38 39
38 40
38 54
38 67
38 82
38 83
38 86
38 87
38 88
39 39
39 41
39 45
39 66
39 67
39 89
39 90
39 91
39 92
39 93
39 95
39 101
39 103
39 104
39 105
39 114
39 115
40 40
40 41
40 42
40 52
40 54
40 71
40 72
40 73
40 74
40 75
40 82
40 84
40 86
40 94
41 41
41 62
41 68
41 75
41 83
41 88
41 89
41 94
41 108
42 42
42 43
42 44
42 45
42 46
42 47
42 48
42 49
42 50
42 51
42 52
42 53
42 92
42 93
42 94
42 96
42 101
42 111
42 112
43 43
43 44
43 45
43 46
43 47
43 48
43 49
43 50
43 51
43 53
43 90
43 92
43 93
43 96
43 98
43 101
43 111
43 112
44 44
44 45
44 46
44 47
44 48
44 49
44 51
44 55
44 56
44 57
44 59
44 96
44 98
45 45
45 47
45 48
45 49
45 67
45 69
45 90
45 91
45 92
45 93
45 96
45 102
45 111
45 112
46 46
46 47
46 48
46 49
46 50
46 51
46 52
46 53
46 55
46 56
46 57
46 59
46 68
46 80
46 81
46 96
46 98
47 47
47 48
47 49
47 51
47 53
47 55
47 58
47 59
47 66
47 67
47 68
47 69
47 90
47 91
47 92
47 93
47 96
47 98
47 99
47 101
47 102
47 103
47 104
47 110
47 111
48 48
48 49
48 50
48 51
48 52
48 54
48 58
48 59
48 66
48 67
48 90
48 96
48 98
49 49
49 50
49 51
49 52
49 53
49 58
49 59
49 90
49 98
50 50
50 51
50 52
50 53
50 54
50 64
50 85
50 88
50 89
51 51
51 52
51 53
51 54
51 58
51 59
51 90
51 96
51 98
52 52
52 53
52 54
52 58
52 59
52 82
52 86
52 90
52 96
52 98
53 53
53 55
53 57
53 96
53 98
53 99
54 54
54 58
54 59
54 72
54 82
54 84
54 86
54 87
54 88
55 55
55 56
55 57
55 59
55 63
55 79
55 80
55 81
55 87
55 89
55 95
55 96
55 97
55 98
55 99
55 109
56 56
56 57
56 59
56 62
56 63
56 68
56 78
56 79
56 80
56 81
56 84
56 85
56 98
57 57
57 59
57 62
57 63
57 68
57 78
57 79
57 80
57 81
57 84
57 85
57 87
57 96
57 97
57 98
58 58
58 59
58 60
58 61
58 63
58 66
58 67
58 69
58 90
58 91
59 59
59 61
59 63
59 66
59 68
59 69
59 86
59 87
59 96
59 98
60 60
60 61
60 64
60 65
60 88
61 61
61 63
61 65
61 72
62 62
62 63
62 66
62 68
62 79
62 80
62 81
62 83
62 85
62 99
63 63
63 68
63 72
63 78
63 79
63 80
63 81
63 84
63 98
64 64
64 65
64 67
64 88
64 89
64 92
64 93
64 113
65 65
65 67
65 88
65 89
66 66
66 67
66 68
66 69
66 89
66 90
66 91
66 93
66 95
66 99
66 101
66 102
66 103
66 104
66 105
66 114
66 115
67 67
67 68
67 69
67 89
67 90
67 91
67 92
67 93
67 100
67 101
67 102
67 103
67 104
67 105
67 110
68 68
68 69
68 78
68 79
68 80
68 81
68 83
68 90
68 96
68 97
68 99
68 101
68 103
68 111
69 69
69 80
69 83
69 89
69 90
69 91
69 93
69 97
69 101
69 102
69 103
70 70
70 71
70 72
70 73
70 74
70 75
70 76
70 77
70 104
70 107
70 108
70 109
70 111
70 112
70 115
71 71
71 72
71 73
71 74
71 75
71 76
71 77
71 94
71 107
71 108
71 109
71 113
71 114
71 115
72 72
72 73
72 74
72 75
72 76
72 79
72 82
72 84
72 86
73 73
73 74
73 75
73 76
73 77
73 79
73 114
73 115
74 74
74 75
74 76
74 79
74 82
74 86
74 115
75 75
75 76
75 77
75 95
75 104
75 105
75 107
75 108
75 109
75 114
75 115
76 76
76 77
76 100
76 101
76 104
76 105
76 115
77 77
77 91
77 92
77 100
77 102
77 103
77 104
77 105
77 108
77 109
77 115
78 78
78 79
78 80
78 81
78 85
79 79
79 80
79 81
79 84
79 85
79 86
80 80
80 81
80 84
80 85
80 86
80 96
80 97
80 98
81 81
81 83
81 84
81 85
81 97
82 82
82 84
82 86
82 87
82 88
82 94
83 83
83 88
84 84
84 85
84 86
84 87
84 88
85 85
85 87
85 88
85 89
85 97
86 86
86 87
86 88
87 87
87 88
87 89
87 97
88 88
88 89
89 89
89 93
89 101
90 90
90 91
90 92
90 93
90 98
90 100
90 101
90 102
90 103
90 104
90 105
90 108
90 110
90 111
90 112
91 91
91 92
91 93
91 96
91 99
91 100
91 101
91 102
91 103
91 104
91 105
91 108
91 109
91 110
91 111
91 112
91 113
91 114
91 115
92 92
92 93
92 100
92 101
92 102
92 103
92 104
92 105
92 110
92 111
92 112
93 93
93 95
93 97
93 99
93 100
93 101
93 102
93 103
93 104
93 105
93 107
93 108
93 109
93 110
93 111
93 112
93 113
93 114
93 115
94 94
94 97
94 107
94 112
95 95
95 97
95 99
95 100
95 103
95 104
95 105
95 106
95 107
95 108
95 109
95 111
95 113
95 114
95 115
96 96
96 97
96 98
96 99
96 110
96 111
97 97
97 99
97 101
97 103
97 104
97 105
97 106
97 107
97 108
97 109
97 111
97 112
97 113
97 114
97 115
98 98
98 102
98 111
98 112
99 99
99 101
99 102
99 103
99 104
99 105
99 106
99 107
99 108
99 109
99 111
99 112
99 113
99 114
99 115
100 100
100 101
100 102
100 103
100 104
100 105
100 108
100 111
100 112
101 101
101 102
101 103
101 104
101 105
101 111
102 102
102 103
102 104
102 105
102 108
102 111
102 112
103 103
103 104
103 105
103 108
103 109
103 110
103 111
103 112
103 113
103 114
103 115
104 104
104 105
104 106
104 108
104 109
104 110
104 111
104 112
104 113
104 114
104 115
105 105
105 106
105 107
105 109
105 110
105 113
105 114
105 115
106 106
106 107
106 108
106 109
106 111
106 113
106 114
106 115
107 107
107 108
107 109
107 112
107 113
107 114
107 115
108 108
108 109
108 111
108 112
108 113
108 114
108 115
109 109
109 110
109 111
109 113
109 114
109 115
110 110
110 111
110 114
111 111
111 112
111 113
112 112
112 113
112 115
113 113
113 114
113 115
114 114
114 115
115 115
