0 0
0 1
0 4
0 6
0 13
0 18
0 19
0 26
0 28
0 29
0 32
0 58
0 59
0 60
0 61
0 66
0 68
0 69
0 72
0 76
0 88
0 91
0 106
0 112
1 1
1 17
1 19
1 29
1 32
1 40
1 56
1 57
1 61
1 63
1 68
1 69
1 81
1 99
1 100
1 109
2 2
2 4
2 6
2 8
2 10
2 12
2 14
2 18
2 22
2 23
2 26
2 27
2 34
2 35
2 48
2 50
2 58
2 64
2 66
2 82
2 88
3 3
3 5
3 7
3 15
3 22
3 23
3 25
3 30
3 31
3 34
3 35
3 41
3 50
3 56
3 64
3 75
3 80
3 82
3 83
3 84
3 85
3 86
3 87
3 89
3 92
4 4
4 5
4 6
4 7
4 8
4 9
4 10
4 11
4 12
4 13
4 18
4 19
4 26
4 27
4 52
4 58
4 59
4 60
4 61
4 66
4 67
4 68
4 69
4 88
4 90
4 91
4 100
4 102
4 104
4 106
4 108
4 112
5 5
5 8
5 9
5 18
5 21
5 26
5 27
5 34
5 58
5 59
5 66
5 67
5 82
5 88
5 96
5 104
5 106
5 108
6 6
6 7
6 8
6 9
6 10
6 11
6 12
6 13
6 18
6 33
6 58
6 59
6 60
6 61
6 64
6 66
6 67
6 91
6 93
6 100
6 102
7 7
7 8
7 9
7 11
7 13
7 18
7 32
7 60
7 61
7 65
7 75
7 92
7 100
7 115
8 8
8 9
8 10
8 11
8 12
8 13
8 14
8 18
8 58
8 60
8 64
8 66
9 9
9 11
9 13
9 15
9 18
9 41
9 58
9 59
9 60
9 61
9 66
9 75
9 100
9 104
9 115
10 10
10 11
10 12
10 13
10 14
10 18
10 22
10 23
10 48
10 51
10 58
10 60
10 82
11 11
11 12
11 13
11 14
11 15
11 17
11 18
11 28
11 29
11 58
11 61
11 63
11 73
11 75
11 76
11 81
11 115
12 12
12 13
12 14
12 15
12 16
12 18
12 28
12 33
12 58
12 60
12 62
12 72
12 101
13 13
13 17
13 18
13 19
13 28
13 29
13 58
13 59
13 60
13 61
13 66
13 68
13 72
13 75
13 76
13 100
13 104
13 115
14 14
14 15
14 18
14 22
14 23
14 34
14 38
14 41
14 64
14 76
14 82
14 83
14 84
14 85
15 15
15 20
15 21
15 29
15 32
15 33
15 34
15 36
15 37
15 40
15 41
15 50
15 62
15 63
15 64
15 73
15 75
15 77
15 80
15 81
15 82
15 83
15 85
16 16
16 17
16 28
16 29
16 30
16 31
16 32
16 33
16 36
16 56
16 62
16 63
16 64
16 72
16 74
16 75
16 76
16 78
16 79
16 80
16 81
16 84
17 17
17 21
17 28
17 29
17 36
17 56
17 57
17 62
17 63
17 68
17 70
17 71
17 72
17 73
17 74
17 75
17 76
17 77
17 78
17 79
17 80
17 81
17 84
17 85
17 109
18 18
18 19
18 26
18 27
18 34
18 41
18 52
18 58
18 59
18 60
18 61
18 66
18 88
18 91
18 104
18 106
19 19
19 26
19 39
19 57
19 58
19 59
19 61
19 66
19 67
19 68
19 69
19 90
19 91
19 94
19 95
19 106
19 109
20 20
20 21
20 26
20 29
20 36
20 37
20 38
20 39
20 41
20 70
20 71
20 74
20 75
20 80
20 83
20 85
20 97
21 21
21 23
21 24
21 25
21 26
21 27
21 29
21 31
21 36
21 71
21 73
21 75
21 78
21 79
21 80
21 81
21 85
22 22
22 23
22 24
22 25
22 27
22 30
22 31
22 34
22 35
22 48
22 50
22 51
22 64
22 82
22 83
22 84
22 85
22 86
22 87
23 23
23 24
23 25
23 27
23 30
23 31
23 33
23 34
23 48
23 51
23 55
23 71
23 82
23 83
23 84
23 85
23 86
23 87
23 89
23 92
23 114
24 24
24 25
24 27
24 30
24 31
24 48
24 49
24 51
24 80
24 82
24 86
24 87
24 103
25 25
25 27
25 30
25 31
25 56
25 71
25 73
25 75
25 78
25 79
25 80
25 81
25 82
25 84
25 85
25 86
25 87
25 89
26 26
26 27
26 52
26 58
26 59
26 60
26 61
26 66
26 69
26 88
26 90
26 94
26 106
27 27
27 34
27 39
27 46
27 48
27 52
27 53
27 54
27 58
27 59
27 66
27 69
27 82
27 87
27 88
27 89
27 90
27 94
27 95
27 96
27 97
27 108
27 110
28 28
28 29
28 30
28 31
28 32
28 33
28 36
28 60
28 62
28 63
28 68
28 70
28 72
28 73
28 74
28 76
28 78
28 79
28 80
28 81
28 84
29 29
29 30
29 32
29 33
29 36
29 37
29 61
29 62
29 63
29 68
29 71
29 72
29 73
29 74
29 75
29 76
29 77
29 78
29 79
29 80
29 81
29 85
30 30
30 31
30 32
30 33
30 36
30 45
30 62
30 63
30 64
30 71
30 72
30 73
30 74
30 75
30 78
30 79
30 80
30 81
30 82
30 83
30 84
30 85
30 86
30 87
30 92
31 31
31 33
31 35
31 62
31 63
31 64
31 71
31 72
31 78
31 79
31 80
31 81
31 82
31 83
31 84
31 85
31 86
31 87
31 92
32 32
32 33
32 40
32 56
32 57
32 60
32 61
32 62
32 63
32 64
32 65
32 72
32 80
32 83
33 33
33 60
33 61
33 62
33 63
33 64
33 65
33 72
33 78
33 80
33 83
33 84
34 34
34 35
34 41
34 50
34 64
34 66
34 82
34 83
34 84
34 85
34 88
34 89
34 92
34 106
35 35
35 44
35 45
35 50
35 64
35 65
35 67
35 110
36 36
36 37
36 38
36 40
36 62
36 63
36 70
36 71
36 72
36 73
36 74
36 75
36 76
36 77
36 78
36 79
36 80
36 81
36 84
36 85
36 101
36 103
36 114
37 37
37 38
37 39
37 40
37 41
37 42
37 43
37 46
37 47
37 49
37 51
37 52
37 53
37 54
37 55
37 71
37 73
37 74
37 75
37 76
37 77
37 81
37 85
37 87
37 89
37 97
37 98
37 99
37 113
38 38
38 39
38 40
38 41
38 54
38 55
38 85
38 87
38 94
38 95
38 97
38 99
38 101
39 39
39 40
39 41
39 53
39 54
39 55
39 69
39 87
39 88
39 89
39 90
39 94
39 95
39 97
39 98
39 99
39 107
39 110
39 111
39 114
40 40
40 41
40 54
40 56
40 72
40 73
40 74
40 76
40 78
40 80
40 85
41 41
41 54
41 73
41 75
41 77
41 81
41 82
41 83
41 85
41 87
41 88
41 89
41 95
41 97
41 99
41 111
41 113
41 115
42 42
42 43
42 46
42 47
42 48
42 49
42 50
42 51
42 52
42 53
42 54
42 55
42 96
42 97
42 98
42 104
42 110
42 111
43 43
43 44
43 45
43 46
43 47
43 48
43 49
43 51
43 53
43 55
43 87
43 96
43 98
43 99
43 101
43 103
43 110
43 111
43 113
43 114
44 44
44 45
44 48
44 49
44 50
44 51
44 64
44 65
44 67
44 98
45 45
45 47
45 49
45 64
45 65
45 67
45 102
45 103
45 107
45 110
46 46
46 47
46 48
46 50
46 52
46 53
46 54
46 55
46 90
46 96
46 97
46 98
46 104
46 105
46 108
46 109
46 110
46 111
46 115
47 47
47 48
47 49
47 51
47 53
47 55
47 71
47 87
47 96
47 98
47 99
47 103
47 110
47 111
48 48
48 49
48 50
48 51
48 52
48 53
48 54
48 55
48 59
48 90
48 96
48 98
49 49
49 51
49 53
49 54
49 55
49 67
49 87
49 96
49 98
49 99
49 103
49 110
49 111
49 114
50 50
50 52
50 62
50 64
50 65
50 84
50 85
50 100
51 51
51 52
51 53
51 54
51 55
51 70
51 71
51 87
51 96
51 98
51 99
51 101
51 103
51 111
51 114
52 52
52 53
52 54
52 55
52 58
52 59
52 60
52 66
52 73
52 90
52 96
52 100
53 53
53 54
53 55
53 59
53 90
53 96
53 97
53 98
53 99
54 54
54 55
54 56
54 87
54 88
54 89
54 90
54 96
54 97
54 98
54 99
54 103
54 111
54 113
55 55
55 86
55 87
55 96
55 97
55 98
55 99
55 103
55 110
55 111
55 113
55 114
56 56
56 57
56 62
56 63
56 68
56 78
56 79
56 80
56 81
56 87
56 89
56 99
57 57
57 63
57 68
57 69
57 78
57 79
57 80
57 81
57 94
57 99
58 58
58 59
58 60
58 61
58 66
58 67
58 68
58 69
58 88
58 89
58 91
58 100
58 104
58 106
58 108
58 112
59 59
59 60
59 61
59 66
59 67
59 68
59 69
59 90
59 91
59 94
59 96
59 100
59 104
59 106
59 108
59 112
60 60
60 61
60 62
60 66
60 68
60 100
60 101
61 61
61 63
61 65
61 66
61 68
61 88
61 100
61 104
61 108
61 109
61 115
62 62
62 63
62 64
62 72
62 78
62 80
62 86
63 63
63 64
63 68
63 72
63 73
63 74
63 75
63 76
63 77
63 78
63 79
63 80
63 81
63 101
64 64
64 65
64 67
64 82
64 83
64 84
64 85
64 86
64 92
65 65
65 67
65 72
65 100
66 66
66 67
66 68
66 69
66 88
66 94
66 95
66 104
66 106
66 108
67 67
67 69
67 90
67 91
67 94
67 95
67 106
67 107
67 108
67 110
67 112
68 68
68 69
68 72
68 74
68 79
68 91
68 94
68 95
68 102
68 106
69 69
69 90
69 91
69 94
69 95
69 97
69 106
69 107
69 110
69 112
70 70
70 71
70 72
70 73
70 74
70 75
70 76
70 77
70 78
70 79
70 106
71 71
71 72
71 73
71 74
71 75
71 76
71 77
71 78
71 79
71 81
71 86
71 87
72 72
72 73
72 74
72 76
72 78
72 79
72 80
72 81
73 73
73 74
73 75
73 76
73 77
73 78
73 79
73 80
73 81
73 84
73 85
73 101
73 103
73 113
74 74
74 75
74 76
74 77
74 78
74 79
74 80
74 81
74 101
74 103
75 75
75 76
75 77
75 78
75 79
75 80
75 81
75 85
76 76
76 77
76 78
76 79
76 81
76 101
76 113
77 77
77 79
77 81
77 93
77 101
77 113
78 78
78 79
78 80
78 81
78 84
78 87
78 114
79 79
79 80
79 81
79 84
79 99
79 113
80 80
80 81
80 83
80 84
80 85
81 81
81 83
81 84
81 85
81 113
82 82
82 83
82 84
82 85
82 86
82 87
82 88
82 89
82 95
82 97
83 83
83 84
83 85
83 86
83 87
84 84
84 85
84 86
84 87
84 88
84 92
85 85
85 86
85 87
86 86
86 87
86 89
86 92
86 97
86 105
86 107
86 111
86 114
87 87
87 88
87 89
87 92
87 95
87 97
87 98
87 99
87 103
87 105
87 107
87 110
87 111
87 113
87 114
88 88
88 89
88 92
88 95
88 97
88 104
88 108
88 115
89 89
89 92
89 95
89 97
89 98
89 99
89 102
89 104
89 108
89 110
89 111
89 112
89 115
90 90
90 91
90 92
90 93
90 94
90 95
90 96
90 97
90 98
90 100
90 104
90 106
90 108
90 109
90 110
90 111
90 112
91 91
91 92
91 93
91 94
91 95
91 99
91 100
91 101
91 102
91 103
91 104
91 106
91 107
91 108
91 109
91 110
91 112
92 92
92 93
92 95
92 99
92 100
92 102
92 104
92 105
92 108
92 115
93 93
93 95
93 99
93 100
93 101
93 102
93 103
93 104
93 105
93 107
93 109
93 110
93 111
93 113
93 114
93 115
94 94
94 95
94 97
94 106
94 108
94 109
94 110
95 95
95 97
95 99
95 102
95 104
95 105
95 106
95 107
95 108
95 109
95 110
95 111
95 112
95 115
96 96
96 97
96 98
96 100
96 104
96 110
96 111
97 97
97 98
97 99
97 104
97 105
97 108
97 109
97 110
97 111
97 115
98 98
98 99
98 102
98 104
98 105
98 110
98 111
98 112
99 99
99 102
99 103
99 105
99 110
99 111
99 112
99 113
99 114
99 115
100 100
100 104
100 108
100 109
100 115
101 101
101 103
101 113
101 114
102 102
102 103
102 104
102 105
102 108
102 109
102 111
102 112
102 113
102 114
102 115
103 103
103 111
103 112
103 113
103 114
104 104
104 105
104 108
104 109
104 110
104 111
104 112
104 115
105 105
105 107
105 108
105 109
105 110
105 111
105 113
105 114
105 115
106 106
106 109
107 107
107 110
107 114
108 108
108 109
108 110
108 111
108 115
109 109
109 110
109 115
110 110
110 111
110 112
111 111
111 112
111 113
111 114
111 115
112 112
112 113
112 114
113 113
113 114
113 115
114 114
115 115
