0 0
0 1
0 10
0 12
0 16
0 17
0 18
0 19
0 28
0 32
0 52
0 56
0 57
0 58
0 62
0 63
0 68
0 69
0 78
0 79
0 80
0 86
0 99
1 1
1 11
1 13
1 16
1 17
1 18
1 19
1 29
1 32
1 57
1 59
1 60
1 61
1 62
1 63
1 68
1 80
1 100
1 101
1 112
2 2
2 3
2 6
2 7
2 8
2 10
2 13
2 14
2 22
2 23
2 30
2 31
2 60
2 64
2 65
2 67
2 73
2 90
2 91
2 92
2 93
2 100
3 3
3 6
3 7
3 8
3 10
3 12
3 13
3 14
3 15
3 22
3 23
3 25
3 30
3 31
3 35
3 64
3 65
3 67
3 73
3 74
3 76
3 77
3 85
3 88
3 90
3 91
3 92
3 93
3 100
4 4
4 5
4 8
4 9
4 15
4 20
4 21
4 24
4 26
4 27
4 53
4 54
4 59
4 60
4 61
4 69
4 71
5 5
5 9
5 20
5 21
5 24
5 26
5 27
5 38
5 46
5 53
5 54
5 55
5 56
5 57
5 59
5 68
5 69
5 71
5 94
5 106
6 6
6 7
6 8
6 10
6 11
6 12
6 13
6 14
6 15
6 23
6 60
6 64
6 65
6 67
6 73
6 74
6 90
6 91
6 92
6 93
6 100
6 102
7 7
7 8
7 11
7 12
7 13
7 15
7 60
7 61
7 65
7 73
7 75
7 76
7 77
7 83
7 90
7 91
7 92
7 93
7 100
7 102
8 8
8 9
8 10
8 12
8 13
8 14
8 15
8 22
8 23
8 52
8 60
8 64
8 65
8 73
8 88
8 90
8 91
8 92
8 93
9 9
9 15
9 21
9 24
9 26
9 49
9 51
9 53
9 54
9 55
9 59
9 61
9 69
9 106
10 10
10 11
10 12
10 13
10 14
10 15
10 17
10 18
10 22
10 23
10 28
10 29
10 30
10 31
10 60
10 64
10 65
10 74
10 83
11 11
11 12
11 13
11 14
11 15
11 28
11 29
11 31
11 40
11 41
11 61
11 64
11 65
11 74
11 75
11 76
11 77
11 83
11 91
11 92
11 93
11 100
11 102
12 12
12 13
12 14
12 15
12 22
12 28
12 48
12 64
12 65
12 74
12 75
12 88
12 92
12 93
13 13
13 14
13 15
13 22
13 23
13 29
13 30
13 31
13 64
13 65
13 73
13 74
13 75
13 83
13 90
13 91
13 92
13 93
13 100
14 14
14 15
14 22
14 23
14 30
14 48
14 52
14 64
14 65
14 74
14 82
14 88
14 90
14 91
14 93
15 15
15 23
15 24
15 28
15 29
15 30
15 31
15 64
15 65
15 74
15 75
15 83
15 90
16 16
16 17
16 18
16 19
16 28
16 29
16 32
16 33
16 40
16 56
16 57
16 60
16 62
16 63
16 68
16 69
16 72
16 78
16 79
16 80
16 81
16 86
16 87
16 107
17 17
17 18
17 19
17 28
17 29
17 30
17 32
17 33
17 40
17 41
17 56
17 57
17 62
17 63
17 68
17 72
17 78
17 79
17 80
17 81
17 83
17 86
17 87
17 101
17 107
18 18
18 19
18 24
18 28
18 30
18 32
18 33
18 56
18 57
18 62
18 68
18 71
18 78
18 79
18 80
18 81
18 86
18 87
19 19
19 21
19 28
19 29
19 30
19 32
19 33
19 38
19 40
19 46
19 55
19 56
19 57
19 62
19 63
19 68
19 69
19 72
19 78
19 79
19 80
19 81
19 82
19 86
19 87
19 96
19 111
20 20
20 21
20 24
20 26
20 27
20 32
20 33
20 34
20 36
20 38
20 39
20 42
20 44
20 45
20 53
20 54
20 55
20 56
20 57
20 66
20 68
20 69
20 70
20 71
20 94
20 95
20 108
21 21
21 24
21 25
21 26
21 27
21 32
21 33
21 36
21 38
21 39
21 40
21 53
21 54
21 55
21 56
21 57
21 68
21 69
21 71
21 78
21 79
21 80
21 89
21 94
21 106
22 22
22 23
22 25
22 27
22 30
22 34
22 35
22 48
22 50
22 52
22 64
22 74
22 85
22 88
22 90
22 92
22 93
23 23
23 25
23 30
23 31
23 35
23 64
23 65
23 74
23 76
23 77
23 82
23 85
23 86
23 87
23 88
23 92
23 93
24 24
24 25
24 26
24 29
24 30
24 31
24 33
24 35
24 40
24 54
24 71
24 75
24 78
24 83
24 85
24 87
25 25
25 27
25 30
25 31
25 34
25 35
25 41
25 70
25 71
25 75
25 78
25 85
25 86
25 87
25 88
25 89
25 109
25 110
26 26
26 27
26 32
26 38
26 42
26 44
26 46
26 53
26 54
26 55
26 56
26 57
26 59
26 66
26 68
26 69
26 71
26 94
26 106
27 27
27 34
27 38
27 42
27 46
27 50
27 53
27 55
27 56
27 57
27 68
27 69
27 86
27 89
27 94
27 96
27 106
27 110
28 28
28 29
28 30
28 31
28 32
28 33
28 36
28 37
28 40
28 41
28 62
28 63
28 72
28 74
28 78
28 79
28 80
28 81
28 82
28 83
29 29
29 30
29 31
29 33
29 37
29 40
29 41
29 63
29 72
29 74
29 75
29 78
29 79
29 80
29 81
29 83
29 101
30 30
30 31
30 33
30 35
30 40
30 41
30 64
30 74
30 78
30 82
30 83
30 85
30 86
30 87
31 31
31 33
31 35
31 40
31 41
31 65
31 67
31 75
31 76
31 77
31 78
31 82
31 83
31 87
31 107
32 32
32 33
32 38
32 40
32 42
32 44
32 46
32 55
32 56
32 57
32 62
32 63
32 66
32 68
32 69
32 72
32 78
32 79
32 80
32 81
32 84
32 86
32 87
32 94
32 96
32 97
32 98
32 108
32 111
33 33
33 35
33 36
33 38
33 40
33 41
33 56
33 57
33 68
33 72
33 78
33 79
33 80
33 81
33 82
33 83
34 34
34 35
34 39
34 43
34 44
34 45
34 48
34 66
34 67
34 70
34 84
34 85
34 86
34 96
34 109
34 110
35 35
35 41
35 65
35 67
35 70
35 74
35 75
35 76
35 77
35 85
35 110
36 36
36 37
36 38
36 40
36 41
36 78
36 80
36 82
36 83
36 94
36 95
36 97
36 108
36 111
37 37
37 38
37 39
37 40
37 41
37 79
37 86
37 96
37 101
37 109
37 110
38 38
38 39
38 40
38 41
38 46
38 54
38 55
38 56
38 57
38 68
38 72
38 78
38 79
38 80
38 86
38 94
38 96
38 97
38 110
38 111
39 39
39 41
39 54
39 59
39 61
39 68
39 77
39 87
39 89
39 96
39 104
39 109
39 110
40 40
40 41
40 63
40 72
40 74
40 78
40 79
40 80
40 81
40 82
40 83
40 86
40 107
41 41
41 72
41 73
41 74
41 75
41 76
41 77
41 78
41 81
41 83
41 85
41 86
41 87
42 42
42 43
42 44
42 45
42 46
42 47
42 48
42 49
42 50
42 51
42 53
42 55
42 56
42 57
42 66
42 68
42 69
42 84
42 96
42 98
42 99
42 110
42 111
43 43
43 44
43 45
43 46
43 47
43 48
43 49
43 50
43 51
43 53
43 55
43 69
43 84
43 88
43 96
43 98
43 99
43 110
43 111
44 44
44 45
44 46
44 47
44 48
44 49
44 50
44 51
44 53
44 55
44 56
44 57
44 66
44 68
44 69
44 84
44 85
44 96
44 98
44 108
44 110
44 111
45 45
45 46
45 47
45 48
45 49
45 50
45 51
45 53
45 55
45 66
45 67
45 69
45 84
45 96
45 98
45 110
45 111
46 46
46 47
46 49
46 50
46 51
46 53
46 55
46 56
46 57
46 66
46 68
46 69
46 84
46 94
46 96
46 97
46 98
46 99
46 108
46 110
46 111
47 47
47 48
47 49
47 50
47 51
47 53
47 55
47 56
47 57
47 68
47 69
47 84
47 88
47 96
47 98
47 99
47 110
47 111
48 48
48 49
48 50
48 51
48 52
48 58
48 64
48 66
48 67
48 74
48 84
48 85
48 88
48 110
49 49
49 50
49 51
49 53
49 54
49 55
49 59
49 66
49 69
49 84
49 96
49 98
49 111
50 50
50 51
50 52
50 53
50 55
50 58
50 64
50 66
50 84
50 85
50 88
50 90
50 98
50 99
50 111
51 51
51 52
51 53
51 55
51 66
51 84
51 85
51 98
51 99
52 52
52 53
52 54
52 58
52 84
52 88
52 90
52 98
52 99
53 53
53 54
53 55
53 56
53 57
53 63
53 69
53 94
53 96
53 97
53 98
53 99
53 111
53 115
54 54
54 55
54 57
54 66
54 68
54 69
54 71
54 80
54 81
54 89
54 96
54 98
55 55
55 56
55 57
55 63
55 66
55 68
55 69
55 79
55 80
55 81
55 84
55 94
55 96
55 97
55 98
55 99
55 108
55 110
55 111
56 56
56 57
56 62
56 63
56 66
56 68
56 69
56 78
56 79
56 80
56 81
56 86
56 94
56 96
56 97
56 98
56 99
56 106
56 108
56 110
56 111
57 57
57 62
57 63
57 66
57 68
57 69
57 78
57 79
57 80
57 81
57 86
57 87
57 94
57 96
57 97
57 98
57 99
57 106
57 110
57 111
58 58
58 59
58 60
58 61
58 66
58 67
58 93
58 103
58 104
59 59
59 61
59 66
59 68
59 69
59 102
59 103
59 104
59 106
59 112
60 60
60 61
60 62
60 63
60 91
60 100
60 101
60 103
60 114
61 61
61 62
61 63
61 91
61 92
61 100
61 101
61 102
61 112
62 62
62 63
62 68
62 72
62 78
62 79
62 80
62 81
62 98
62 101
62 115
63 63
63 68
63 72
63 78
63 79
63 80
63 81
63 94
63 97
63 98
63 99
63 101
63 111
63 115
64 64
64 65
64 74
64 84
64 85
64 88
65 65
65 67
65 73
65 74
65 75
65 76
65 77
65 83
65 90
65 91
65 92
65 93
65 95
65 100
65 102
66 66
66 67
66 68
66 69
66 84
66 94
66 96
66 97
66 98
66 104
66 106
66 108
66 111
67 67
67 85
67 93
67 95
67 104
67 109
68 68
68 69
68 71
68 78
68 79
68 80
68 81
68 86
68 94
68 96
68 98
68 99
68 106
68 108
68 111
69 69
69 79
69 84
69 94
69 96
69 97
69 98
69 99
69 106
69 108
69 109
69 110
69 111
70 70
70 71
70 73
70 75
70 76
70 77
70 109
70 110
71 71
71 73
71 77
72 72
72 74
72 78
72 79
72 80
72 81
72 83
72 101
73 73
73 74
73 75
73 76
73 77
73 85
73 100
73 114
74 74
74 75
74 76
74 85
74 86
74 88
75 75
75 76
75 77
75 83
75 100
76 76
76 77
76 82
76 83
76 92
76 93
76 100
76 102
76 113
77 77
77 82
77 83
77 92
77 93
77 100
77 102
78 78
78 79
78 80
78 81
78 82
78 83
78 86
78 107
79 79
79 80
79 81
79 86
79 87
79 94
79 96
79 98
79 101
79 109
79 110
80 80
80 81
80 86
80 96
80 98
80 101
80 111
81 81
81 86
81 98
81 101
81 107
82 82
82 83
82 86
83 83
83 87
83 102
84 84
84 85
84 86
84 88
84 94
84 96
84 98
84 108
85 85
85 86
85 88
85 110
86 86
86 87
86 88
86 89
86 96
86 109
86 110
87 87
87 89
87 109
88 88
88 89
89 89
89 104
90 90
90 91
90 92
90 93
90 102
90 103
90 104
90 112
91 91
91 92
91 93
91 100
91 102
91 103
91 104
91 105
91 112
91 113
91 114
92 92
92 93
92 100
92 102
92 103
92 104
92 113
92 114
93 93
93 100
93 102
93 103
93 104
93 105
93 112
93 113
93 114
94 94
94 95
94 96
94 97
94 98
94 99
94 108
94 111
94 115
95 95
95 97
95 100
95 102
95 108
95 109
95 114
95 115
96 96
96 97
96 98
96 99
96 108
96 109
96 110
96 111
96 113
97 97
97 98
97 99
97 101
97 108
97 111
97 115
98 98
98 99
98 110
98 111
98 113
98 115
99 99
99 110
99 111
99 112
99 113
99 115
100 100
100 101
100 102
100 103
100 104
100 112
100 113
100 114
101 101
101 102
101 103
101 112
101 113
101 114
101 115
102 102
102 103
102 104
102 105
102 106
102 112
102 113
102 114
103 103
103 104
103 105
103 106
103 107
103 112
103 113
103 114
103 115
104 104
104 105
104 106
104 107
104 109
104 112
104 113
104 114
105 105
105 106
105 107
105 112
105 113
105 114
105 115
106 106
106 107
107 107
107 112
107 114
107 115
108 108
108 109
108 111
108 113
109 109
109 110
109 113
110 110
110 111
111 111
111 112
111 113
111 115
112 112
112 113
112 114
112 115
113 113
113 114
113 115
114 114
114 115
115 115
