0 0
0 1
0 10
0 11
0 12
0 13
0 16
0 17
0 19
0 28
0 32
0 33
0 36
0 37
0 40
0 56
0 57
0 58
0 59
0 60
0 61
0 62
0 63
0 68
0 72
0 74
0 76
0 77
0 78
0 79
0 80
0 81
0 101
1 1
1 10
1 11
1 12
1 13
1 16
1 17
1 19
1 32
1 33
1 37
1 40
1 56
1 57
1 59
1 60
1 61
1 63
1 65
1 68
1 77
1 78
1 79
1 80
1 81
1 101
1 102
1 113
2 2
2 3
2 4
2 5
2 6
2 7
2 8
2 9
2 14
2 18
2 22
2 23
2 24
2 25
2 26
2 27
2 30
2 31
2 58
2 60
2 64
2 69
2 86
2 88
2 89
2 93
2 106
2 107
3 3
3 4
3 5
3 7
3 9
3 14
3 18
3 22
3 23
3 24
3 25
3 26
3 27
3 30
3 31
3 64
3 65
3 69
3 87
3 88
3 89
3 92
3 104
3 105
3 107
4 4
4 5
4 6
4 7
4 8
4 9
4 14
4 18
4 20
4 22
4 23
4 24
4 25
4 26
4 27
4 30
4 31
4 44
4 48
4 49
4 51
4 64
4 70
4 107
5 5
5 7
5 8
5 9
5 20
5 22
5 23
5 24
5 25
5 26
5 27
5 30
5 42
5 43
5 46
5 47
5 48
5 49
5 50
5 51
5 53
5 54
5 64
5 70
5 88
5 89
5 106
5 107
6 6
6 7
6 8
6 9
6 18
6 24
6 26
6 30
6 31
6 52
6 58
6 60
6 62
7 7
7 9
7 23
7 24
7 25
7 31
7 60
7 61
7 64
7 65
7 88
7 89
7 92
7 100
8 8
8 9
8 14
8 15
8 20
8 24
8 26
8 27
8 44
8 46
8 47
8 48
8 49
8 51
8 53
8 60
8 70
8 73
8 75
9 9
9 15
9 20
9 23
9 24
9 25
9 26
9 27
9 30
9 64
9 65
9 70
9 88
9 92
10 10
10 11
10 12
10 13
10 14
10 16
10 17
10 28
10 36
10 37
10 40
10 56
10 58
10 60
10 61
10 62
10 63
10 75
10 76
10 80
10 81
10 82
11 11
11 12
11 13
11 17
11 34
11 35
11 37
11 61
11 65
11 75
11 76
11 77
11 84
11 85
11 100
12 12
12 13
12 14
12 15
12 16
12 17
12 28
12 36
12 37
12 40
12 41
12 60
12 62
12 63
12 72
12 74
12 75
12 76
12 80
12 81
12 82
12 84
12 85
13 13
13 15
13 17
13 35
13 37
13 40
13 60
13 61
13 63
13 65
13 75
13 76
13 77
13 85
13 89
13 100
14 14
14 15
14 18
14 22
14 23
14 25
14 26
14 28
14 30
14 31
14 64
14 73
14 75
14 82
14 83
14 84
14 86
14 88
15 15
15 17
15 28
15 29
15 36
15 40
15 41
15 52
15 62
15 63
15 72
15 73
15 75
15 80
15 82
15 83
15 84
15 85
16 16
16 17
16 19
16 28
16 29
16 32
16 36
16 37
16 40
16 41
16 52
16 56
16 57
16 59
16 62
16 63
16 71
16 72
16 73
16 74
16 75
16 76
16 77
16 78
16 79
16 80
16 81
16 82
16 83
17 17
17 19
17 28
17 29
17 32
17 33
17 36
17 37
17 40
17 41
17 52
17 56
17 60
17 61
17 62
17 63
17 71
17 72
17 73
17 74
17 75
17 76
17 77
17 79
17 80
17 81
17 82
17 83
17 84
17 85
18 18
18 19
18 20
18 22
18 23
18 24
18 25
18 26
18 27
18 30
18 31
18 64
18 70
18 82
18 83
18 86
18 87
18 88
18 91
18 93
19 19
19 21
19 28
19 29
19 31
19 32
19 33
19 36
19 41
19 56
19 57
19 68
19 69
19 72
19 74
19 77
19 78
19 79
19 80
19 81
19 82
19 83
19 101
19 109
20 20
20 21
20 24
20 25
20 26
20 27
20 31
20 41
20 44
20 46
20 49
20 53
20 70
20 71
20 73
20 75
21 21
21 32
21 33
21 36
21 38
21 39
21 40
21 68
21 69
21 70
21 71
21 72
21 78
21 80
21 109
22 22
22 23
22 24
22 25
22 26
22 27
22 30
22 34
22 35
22 48
22 50
22 54
22 64
22 70
22 86
22 87
22 88
22 89
22 93
22 106
23 23
23 24
23 25
23 26
23 27
23 30
23 31
23 64
23 69
23 82
23 86
23 87
23 88
23 89
23 92
23 93
24 24
24 25
24 26
24 27
24 30
24 31
24 44
24 64
24 69
24 70
24 86
24 89
24 106
25 25
25 26
25 27
25 30
25 31
25 34
25 35
25 64
25 70
25 86
25 87
25 88
25 89
25 106
26 26
26 27
26 30
26 48
26 49
26 50
26 51
26 53
26 64
26 70
26 86
26 88
26 89
26 106
27 27
27 30
27 43
27 46
27 47
27 50
27 55
27 64
27 70
27 86
27 88
27 89
27 106
28 28
28 29
28 33
28 36
28 37
28 40
28 41
28 62
28 63
28 72
28 73
28 74
28 75
28 76
28 77
28 80
28 81
28 82
28 83
28 85
29 29
29 32
29 33
29 36
29 37
29 40
29 41
29 56
29 62
29 63
29 71
29 72
29 73
29 74
29 75
29 76
29 77
29 78
29 79
29 80
29 81
29 82
29 83
30 30
30 31
30 64
30 70
30 71
30 82
30 83
30 86
30 87
30 88
30 89
31 31
31 33
31 64
31 71
31 82
31 83
31 86
31 87
31 95
31 109
32 32
32 33
32 36
32 37
32 39
32 40
32 52
32 56
32 57
32 59
32 60
32 62
32 63
32 66
32 68
32 72
32 74
32 78
32 79
32 80
32 81
32 94
32 95
32 97
32 111
33 33
33 36
33 40
33 56
33 59
33 61
33 62
33 63
33 68
33 71
33 72
33 77
33 78
33 79
33 80
33 81
33 83
33 95
33 109
34 34
34 35
34 45
34 48
34 50
34 54
34 64
34 65
34 67
34 88
34 89
34 110
35 35
35 45
35 50
35 54
35 64
35 65
35 67
35 87
35 88
35 89
35 110
36 36
36 37
36 38
36 39
36 40
36 41
36 52
36 56
36 62
36 63
36 72
36 73
36 74
36 75
36 76
36 77
36 78
36 79
36 80
36 81
36 82
36 83
36 84
36 85
37 37
37 38
37 39
37 40
37 41
37 56
37 57
37 62
37 63
37 72
37 73
37 74
37 75
37 76
37 77
37 78
37 79
37 80
37 81
37 84
37 85
37 94
38 38
38 39
38 40
38 41
38 54
38 55
38 70
38 74
38 75
38 76
38 77
38 78
38 80
38 81
38 84
38 85
38 94
38 96
39 39
39 54
39 55
39 57
39 76
39 80
39 81
39 85
39 94
39 96
39 97
39 111
40 40
40 41
40 52
40 56
40 62
40 63
40 72
40 73
40 74
40 75
40 76
40 77
40 78
40 79
40 80
40 81
40 82
40 83
40 84
40 85
41 41
41 56
41 62
41 70
41 72
41 73
41 74
41 75
41 76
41 77
41 78
41 79
41 80
41 81
41 83
41 84
41 85
42 42
42 43
42 44
42 45
42 46
42 47
42 48
42 49
42 50
42 51
42 52
42 53
42 54
42 55
42 70
42 90
42 91
42 96
42 97
42 98
42 99
42 111
42 112
43 43
43 44
43 45
43 46
43 47
43 48
43 49
43 50
43 51
43 53
43 54
43 55
43 90
43 91
43 94
43 96
43 97
43 98
43 99
43 110
43 111
43 112
44 44
44 45
44 46
44 47
44 48
44 49
44 50
44 51
44 53
44 55
44 90
44 91
44 98
44 99
44 112
45 45
45 46
45 47
45 48
45 49
45 50
45 51
45 53
45 54
45 55
45 65
45 67
45 94
45 96
45 97
45 98
45 99
45 110
45 111
45 112
45 114
45 115
46 46
46 47
46 48
46 49
46 50
46 51
46 53
46 54
46 55
46 70
46 86
46 90
46 91
46 96
46 97
46 98
46 99
46 111
46 112
47 47
47 48
47 49
47 50
47 51
47 53
47 54
47 55
47 73
47 90
47 91
47 96
47 97
47 98
47 99
47 110
47 111
47 112
48 48
48 49
48 50
48 51
48 53
48 54
48 55
48 90
48 91
48 96
48 98
48 99
49 49
49 50
49 51
49 52
49 53
49 55
49 90
49 91
49 96
49 97
49 98
49 99
49 112
50 50
50 51
50 54
50 55
50 65
50 67
50 88
50 89
50 96
50 98
50 110
51 51
51 52
51 53
51 54
51 55
51 90
51 91
51 96
51 97
51 98
51 99
51 112
52 52
52 53
52 56
52 59
52 62
52 63
52 66
52 72
52 74
52 80
52 81
52 90
52 91
53 53
53 55
53 90
53 91
53 96
53 98
53 99
54 54
54 55
54 88
54 89
54 96
54 106
54 110
55 55
55 75
55 86
55 89
55 94
55 96
55 97
55 98
55 99
55 110
55 111
55 112
56 56
56 57
56 59
56 60
56 61
56 62
56 63
56 72
56 74
56 76
56 78
56 79
56 80
56 81
56 99
56 101
56 102
57 57
57 59
57 61
57 63
57 68
57 78
57 79
57 80
57 81
57 103
57 104
57 105
57 111
57 112
57 113
57 114
57 115
58 58
58 59
58 60
58 61
58 63
58 64
58 65
58 66
59 59
59 61
59 63
59 66
59 67
59 68
59 69
59 79
59 80
59 81
59 101
59 102
59 103
59 104
59 105
60 60
60 61
60 62
60 63
60 64
60 65
61 61
61 62
61 63
61 65
61 80
61 81
61 92
61 100
61 101
61 102
62 62
62 63
62 72
62 74
62 76
62 78
62 80
62 81
62 82
62 83
62 84
62 85
63 63
63 72
63 74
63 78
63 79
63 80
63 81
63 83
63 100
63 101
63 102
64 64
64 65
64 86
64 87
64 88
64 89
64 106
64 107
65 65
65 67
65 87
65 88
65 89
65 92
65 100
65 110
65 113
65 115
66 66
66 67
66 68
66 69
66 78
66 93
66 94
66 103
66 104
66 105
66 108
66 110
66 114
66 115
67 67
67 68
67 69
67 87
67 88
67 93
67 94
67 103
67 104
67 105
67 109
67 110
67 114
67 115
68 68
68 69
68 74
68 78
68 79
68 101
68 103
68 104
68 105
68 109
69 69
69 87
69 93
69 101
69 103
69 104
69 105
69 109
69 114
69 115
70 70
70 71
70 73
70 75
70 109
71 71
71 72
71 73
71 77
71 83
72 72
72 73
72 74
72 75
72 76
72 77
72 78
72 79
72 80
72 81
72 82
72 83
72 85
73 73
73 74
73 75
73 76
73 77
73 78
73 79
73 80
73 81
73 84
73 85
74 74
74 75
74 76
74 77
74 78
74 79
74 80
74 81
74 82
75 75
75 76
75 77
75 78
75 80
75 81
75 82
75 83
75 84
75 85
76 76
76 77
76 78
76 79
76 80
76 81
76 85
77 77
77 79
77 80
77 81
77 85
78 78
78 79
78 80
78 81
78 85
79 79
79 80
79 81
79 101
80 80
80 81
80 82
80 83
80 84
80 85
81 81
81 82
81 83
81 84
81 85
82 82
82 83
82 84
82 86
83 83
83 84
84 84
84 85
85 85
86 86
86 87
86 88
86 89
87 87
87 88
87 89
87 92
87 93
87 109
88 88
88 89
88 92
88 93
89 89
89 96
89 110
90 90
90 91
90 92
90 93
90 98
90 99
90 104
90 105
90 106
90 112
90 114
91 91
91 92
91 93
91 98
91 99
91 102
91 103
91 104
91 105
91 106
91 107
91 112
92 92
92 93
92 100
92 101
92 102
92 103
92 104
93 93
93 95
93 101
93 102
93 103
93 104
93 105
93 106
93 108
93 109
93 112
93 114
93 115
94 94
94 95
94 96
94 97
94 99
94 106
94 108
94 110
94 111
94 112
94 113
94 114
94 115
95 95
95 96
95 97
95 98
95 99
95 101
95 102
95 108
95 109
95 111
95 112
95 115
96 96
96 97
96 98
96 99
96 108
96 110
96 111
96 112
97 97
97 98
97 99
97 102
97 108
97 109
97 110
97 111
97 112
97 113
97 114
97 115
98 98
98 99
98 111
98 112
99 99
99 102
99 110
99 111
99 112
99 113
100 100
100 101
100 102
101 101
101 102
101 103
101 108
102 102
102 103
102 111
102 112
102 113
103 103
103 104
103 105
103 106
103 107
103 113
103 114
103 115
104 104
104 105
104 106
104 107
104 109
104 113
104 114
104 115
105 105
105 106
105 107
105 109
105 112
105 113
105 114
105 115
106 106
106 107
106 113
106 114
107 107
108 108
108 110
108 111
108 112
108 113
108 115
109 109
109 110
109 112
109 114
110 110
110 111
110 112
110 115
111 111
111 112
111 113
111 115
112 112
112 113
112 114
112 115
113 113
113 114
114 114
114 115
115 115
