0 0
0 1
0 3
0 6
0 10
0 11
0 12
0 13
0 15
0 16
0 17
0 19
0 28
0 29
0 30
0 32
0 33
0 41
0 56
0 57
0 60
0 62
0 63
0 68
0 70
0 72
0 73
0 74
0 75
0 78
0 79
0 80
0 81
0 84
1 1
1 3
1 6
1 7
1 10
1 11
1 13
1 15
1 16
1 19
1 30
1 32
1 33
1 41
1 56
1 57
1 60
1 61
1 62
1 63
1 68
1 74
1 78
1 81
1 83
2 2
2 3
2 4
2 5
2 6
2 7
2 18
2 22
2 23
2 26
2 27
2 48
2 50
2 51
2 53
2 54
2 58
2 64
2 66
2 67
2 86
2 88
2 89
2 91
2 93
3 3
3 5
3 7
3 22
3 23
3 24
3 25
3 26
3 27
3 31
3 50
3 51
3 52
3 65
3 83
3 85
3 88
3 89
3 92
4 4
4 5
4 6
4 7
4 8
4 9
4 18
4 20
4 26
4 35
4 48
4 49
4 50
4 51
4 58
4 59
4 66
4 67
4 69
4 90
4 106
5 5
5 7
5 8
5 9
5 15
5 18
5 19
5 20
5 26
5 27
5 35
5 48
5 50
5 51
5 53
5 58
5 59
5 66
5 67
5 69
5 88
5 90
5 100
5 104
5 105
5 106
5 107
6 6
6 7
6 12
6 18
6 58
6 60
6 86
6 88
7 7
7 8
7 9
7 15
7 33
7 61
7 65
7 67
7 88
7 90
7 92
7 100
7 107
8 8
8 9
8 14
8 15
8 18
8 70
8 90
9 9
9 13
9 14
9 15
9 18
9 20
9 59
9 75
10 10
10 11
10 12
10 13
10 14
10 16
10 17
10 22
10 28
10 29
10 30
10 31
10 56
10 57
10 60
10 62
10 63
10 64
10 71
10 72
10 73
10 74
10 75
10 78
10 80
10 81
10 84
10 85
10 87
11 11
11 12
11 13
11 16
11 17
11 28
11 29
11 30
11 31
11 32
11 33
11 56
11 60
11 62
11 63
11 70
11 71
11 72
11 73
11 74
11 75
11 78
11 79
11 80
11 81
11 83
11 84
11 85
11 86
11 87
12 12
12 13
12 14
12 16
12 17
12 28
12 29
12 30
12 31
12 40
12 60
12 62
12 63
12 70
12 72
12 73
12 74
12 75
12 80
12 81
12 82
12 84
12 85
12 112
12 113
13 13
13 15
13 16
13 17
13 28
13 29
13 32
13 56
13 60
13 61
13 62
13 63
13 70
13 72
13 73
13 74
13 75
13 78
13 79
13 80
13 81
13 84
13 85
14 14
14 15
14 22
14 24
14 25
14 50
14 51
14 52
14 53
14 57
15 15
15 16
15 29
15 56
15 57
15 63
15 75
15 83
16 16
16 17
16 19
16 28
16 29
16 30
16 32
16 40
16 41
16 56
16 57
16 62
16 63
16 68
16 70
16 72
16 73
16 74
16 75
16 76
16 77
16 78
16 79
16 80
16 81
16 84
16 99
17 17
17 21
17 28
17 29
17 30
17 31
17 40
17 56
17 57
17 62
17 63
17 70
17 72
17 73
17 74
17 75
17 76
17 77
17 78
17 79
17 80
17 81
17 84
17 85
17 109
18 18
18 19
18 26
18 59
18 66
18 68
18 69
18 90
18 102
18 104
18 106
18 107
19 19
19 32
19 33
19 36
19 41
19 57
19 63
19 68
19 69
19 73
19 76
19 77
19 80
19 104
19 106
19 111
20 20
20 21
20 25
20 26
20 50
20 52
20 56
20 57
20 70
20 71
20 75
20 106
21 21
21 23
21 24
21 25
21 28
21 30
21 31
21 40
21 62
21 64
21 65
21 70
21 71
21 72
21 73
21 74
21 75
21 79
21 81
21 82
21 84
21 85
21 87
21 108
21 109
22 22
22 23
22 24
22 25
22 27
22 30
22 31
22 39
22 50
22 53
22 57
22 64
22 83
22 84
22 86
22 87
22 88
22 92
23 23
23 24
23 25
23 27
23 30
23 31
23 39
23 64
23 65
23 71
23 83
23 84
23 85
23 86
23 87
23 92
23 110
24 24
24 25
24 27
24 31
24 50
24 51
24 64
24 65
24 70
24 71
24 75
24 84
24 87
25 25
25 30
25 31
25 40
25 42
25 64
25 70
25 71
25 74
25 75
25 82
25 84
25 85
25 87
25 92
26 26
26 27
26 48
26 50
26 51
26 52
26 58
26 59
26 66
26 67
26 69
26 88
26 90
26 100
26 104
26 105
26 106
26 107
27 27
27 34
27 43
27 46
27 47
27 48
27 50
27 51
27 53
27 54
27 67
27 69
27 88
27 89
27 92
27 93
27 100
27 104
28 28
28 29
28 30
28 31
28 32
28 40
28 56
28 62
28 63
28 70
28 72
28 73
28 74
28 75
28 76
28 77
28 78
28 79
28 80
28 81
28 84
28 85
29 29
29 30
29 31
29 32
29 40
29 41
29 56
29 62
29 63
29 70
29 72
29 73
29 74
29 75
29 76
29 77
29 78
29 79
29 80
29 81
29 84
29 85
30 30
30 31
30 33
30 41
30 56
30 57
30 62
30 63
30 64
30 70
30 71
30 72
30 73
30 74
30 75
30 78
30 81
30 83
30 84
30 85
30 86
30 87
31 31
31 33
31 62
31 64
31 70
31 71
31 72
31 73
31 74
31 75
31 78
31 81
31 83
31 84
31 85
31 86
31 87
32 32
32 33
32 36
32 41
32 58
32 60
32 62
32 63
32 72
32 73
32 74
32 78
32 96
33 33
33 35
33 39
33 41
33 60
33 61
33 62
33 63
33 72
33 74
33 78
33 86
34 34
34 35
34 37
34 38
34 44
34 45
34 47
34 53
34 54
34 55
34 64
34 67
34 91
34 93
34 96
34 104
34 105
34 108
34 110
35 35
35 39
35 47
35 48
35 53
35 55
35 66
35 67
35 69
35 90
35 91
35 94
35 95
35 96
35 97
35 104
35 105
35 108
35 110
36 36
36 37
36 38
36 40
36 54
36 66
36 68
36 76
36 77
36 94
36 96
36 97
36 99
36 111
37 37
37 38
37 39
37 41
37 47
37 54
37 55
37 66
37 77
37 83
37 94
37 95
37 96
37 97
37 99
37 100
37 104
37 108
37 109
37 110
37 111
38 38
38 39
38 41
38 54
38 55
38 59
38 66
38 83
38 86
38 87
38 88
38 94
38 95
38 96
38 97
38 108
38 110
39 39
39 47
39 54
39 55
39 59
39 67
39 69
39 71
39 83
39 86
39 89
39 94
39 95
39 96
39 97
39 108
39 110
40 40
40 62
40 63
40 70
40 72
40 73
40 74
40 75
40 76
40 77
40 78
40 79
40 80
40 81
40 84
40 85
40 102
40 103
40 112
40 113
41 41
41 56
41 57
41 62
41 63
41 68
41 70
41 72
41 73
41 74
41 75
41 76
41 77
41 78
41 80
41 81
41 83
41 106
42 42
42 43
42 44
42 45
42 46
42 47
42 48
42 49
42 51
42 52
42 82
42 98
43 43
43 44
43 45
43 46
43 47
43 48
43 49
43 51
43 98
43 105
44 44
44 45
44 46
44 47
44 48
44 49
44 51
44 55
44 91
44 98
44 105
45 45
45 46
45 47
45 48
45 49
45 51
45 55
45 67
45 91
45 98
45 105
46 46
46 47
46 48
46 49
46 51
46 52
46 54
46 55
46 66
46 96
46 98
46 104
46 105
46 110
47 47
47 48
47 49
47 51
47 53
47 54
47 55
47 66
47 67
47 69
47 90
47 91
47 93
47 94
47 95
47 96
47 97
47 98
47 100
47 101
47 102
47 103
47 104
47 105
47 107
47 108
47 109
47 110
47 111
48 48
48 49
48 50
48 51
48 52
48 53
48 55
48 58
48 59
48 66
48 67
48 69
48 90
48 91
48 93
48 98
48 104
48 105
48 106
48 107
48 114
49 49
49 51
49 52
49 59
49 66
49 82
49 90
49 98
49 104
49 105
49 106
49 115
50 50
50 51
50 52
50 53
50 57
50 64
50 65
50 84
50 88
50 92
51 51
51 52
51 53
51 59
51 66
51 67
51 90
51 104
51 106
52 52
52 53
52 57
52 58
52 59
52 60
52 61
52 88
52 106
53 53
53 55
53 59
53 67
53 69
53 90
53 104
53 110
53 111
54 54
54 55
54 58
54 66
54 67
54 86
54 87
54 89
54 91
54 93
54 94
54 95
54 96
54 97
54 98
54 99
54 100
54 101
54 103
54 104
54 105
54 110
55 55
55 58
55 66
55 67
55 86
55 87
55 89
55 91
55 93
55 94
55 95
55 96
55 97
55 98
55 99
55 100
55 101
55 102
55 103
55 104
55 105
55 108
55 109
55 110
55 111
56 56
56 57
56 60
56 62
56 63
56 68
56 70
56 72
56 73
56 74
56 75
56 76
56 78
56 79
56 80
56 81
56 84
56 85
57 57
57 63
57 68
57 70
57 72
57 73
57 74
57 75
57 78
57 81
57 83
58 58
58 59
58 60
58 61
58 66
58 88
58 89
58 101
58 107
59 59
59 61
59 66
59 67
59 68
59 69
59 88
59 89
59 90
59 94
59 95
59 104
59 106
59 107
60 60
60 61
60 62
60 63
60 65
60 88
60 89
61 61
61 63
61 65
61 88
61 89
62 62
62 63
62 70
62 72
62 73
62 74
62 75
62 76
62 78
62 79
62 80
62 81
62 84
62 85
62 99
63 63
63 70
63 72
63 73
63 74
63 75
63 76
63 78
63 79
63 80
63 81
63 84
64 64
64 65
64 84
64 85
64 86
64 87
64 88
64 89
64 93
64 110
65 65
65 85
65 87
65 88
65 89
65 100
66 66
66 67
66 68
66 69
66 88
66 89
66 94
66 95
66 97
66 100
66 101
66 104
66 105
66 106
66 107
66 110
67 67
67 69
67 90
67 91
67 92
67 93
67 94
67 95
67 96
67 97
67 100
67 104
67 105
67 107
67 108
67 110
67 114
68 68
68 69
68 76
68 77
68 78
69 69
69 90
69 91
69 94
69 95
69 100
69 104
69 105
69 107
69 110
69 111
69 115
70 70
70 71
70 72
70 73
70 74
70 75
70 76
70 77
70 78
70 79
70 80
70 81
70 84
70 85
71 71
71 72
71 73
71 74
71 75
71 76
71 78
71 84
71 85
71 94
71 113
72 72
72 73
72 74
72 75
72 76
72 77
72 78
72 79
72 80
72 81
72 84
72 85
72 99
73 73
73 74
73 75
73 76
73 77
73 78
73 79
73 80
73 81
73 84
73 85
74 74
74 75
74 76
74 78
74 79
74 80
74 81
74 84
74 85
74 108
75 75
75 76
75 78
75 79
75 80
75 81
75 84
75 85
76 76
76 77
76 78
76 79
76 80
76 81
76 99
76 111
77 77
77 78
77 79
77 80
77 81
77 111
78 78
78 79
78 80
78 81
78 84
78 113
79 79
79 80
79 81
79 84
79 85
80 80
80 81
80 84
80 113
81 81
81 84
81 85
82 82
82 83
82 84
82 85
82 86
82 87
82 115
83 83
83 85
83 86
83 88
83 94
84 84
84 85
84 87
84 112
85 85
85 86
85 87
86 86
86 87
86 88
86 94
86 95
86 96
87 87
87 89
87 96
87 112
87 113
88 88
88 89
89 89
90 90
90 91
90 92
90 93
90 98
90 100
90 102
90 104
90 105
90 106
90 107
90 111
91 91
91 92
91 93
91 97
91 98
91 99
91 100
91 101
91 102
91 103
91 104
91 105
91 110
91 113
91 114
92 92
92 93
92 100
93 93
93 97
93 98
93 99
93 100
93 101
93 102
93 103
93 104
93 105
93 110
93 113
93 114
94 94
94 95
94 96
94 97
94 99
94 104
94 105
94 108
94 109
94 110
94 111
95 95
95 96
95 97
95 99
95 100
95 103
95 104
95 105
95 108
95 109
95 110
95 114
95 115
96 96
96 97
96 98
96 99
96 100
96 108
96 109
96 110
96 111
96 113
97 97
97 98
97 99
97 100
97 101
97 102
97 103
97 104
97 105
97 108
97 109
97 110
97 113
97 114
97 115
98 98
98 99
98 101
98 102
98 103
98 104
98 105
98 109
98 110
98 111
98 112
99 99
99 101
99 102
99 103
99 108
99 109
99 110
99 111
99 112
99 113
100 100
100 101
100 102
100 103
100 104
100 105
100 107
101 101
101 102
101 103
101 104
101 105
101 108
101 109
101 113
101 114
102 102
102 103
102 104
102 105
102 108
102 114
103 103
103 105
103 108
103 109
103 113
103 114
103 115
104 104
104 105
104 106
104 107
104 110
104 111
105 105
105 106
105 107
105 108
105 109
105 110
105 114
105 115
106 106
106 107
106 111
107 107
107 114
108 108
108 109
108 110
108 113
108 115
109 109
109 110
110 110
110 111
110 113
111 111
111 113
112 112
112 113
113 113
113 114
114 114
114 115
115 115
