0 0
0 1
0 10
0 11
0 12
0 13
0 14
0 15
0 16
0 17
0 18
0 19
0 22
0 23
0 28
0 32
0 52
0 56
0 60
0 61
0 62
0 72
0 82
0 83
0 86
0 87
0 88
0 89
1 1
1 17
1 19
1 32
1 33
1 56
1 57
1 63
1 68
1 69
2 2
2 4
2 6
2 7
2 8
2 9
2 10
2 12
2 13
2 14
2 15
2 18
2 22
2 26
2 30
2 48
2 58
2 60
2 65
2 66
2 88
2 92
2 93
2 112
3 3
3 5
3 7
3 9
3 11
3 22
3 23
3 24
3 26
3 27
3 50
3 64
3 65
3 82
3 84
3 85
3 86
3 87
3 90
3 92
4 4
4 5
4 6
4 7
4 8
4 9
4 10
4 12
4 13
4 14
4 15
4 24
4 26
4 46
4 48
4 50
4 51
4 53
4 60
4 65
4 90
4 93
5 5
5 7
5 8
5 9
5 11
5 13
5 14
5 15
5 22
5 23
5 24
5 25
5 26
5 27
5 50
5 52
5 53
5 54
5 64
5 65
5 82
5 84
5 85
5 86
5 87
5 88
5 89
5 92
6 6
6 7
6 8
6 9
6 10
6 11
6 12
6 13
6 14
6 15
6 18
6 22
6 28
6 30
6 48
6 60
6 61
6 65
6 74
6 88
7 7
7 8
7 9
7 10
7 11
7 12
7 13
7 14
7 15
7 22
7 23
7 24
7 26
7 30
7 50
7 52
7 53
7 60
7 61
7 64
7 65
7 75
7 88
8 8
8 9
8 10
8 11
8 12
8 13
8 14
8 15
8 22
8 23
8 24
8 26
8 30
8 48
8 50
8 52
8 53
8 58
8 60
8 61
8 64
8 65
8 82
8 84
8 86
8 88
8 89
8 91
8 92
8 93
9 9
9 10
9 11
9 12
9 13
9 14
9 15
9 22
9 23
9 24
9 26
9 27
9 50
9 51
9 52
9 53
9 54
9 60
9 64
9 65
9 82
9 84
9 85
9 86
9 88
9 89
9 90
9 91
9 92
9 93
9 112
10 10
10 11
10 12
10 13
10 14
10 15
10 16
10 18
10 22
10 28
10 29
10 30
10 52
10 53
10 54
10 58
10 60
10 61
10 62
10 65
10 72
10 74
10 75
10 82
10 86
10 88
11 11
11 12
11 13
11 14
11 15
11 22
11 23
11 24
11 27
11 28
11 34
11 50
11 52
11 54
11 60
11 61
11 62
11 63
11 64
11 65
11 80
11 81
11 82
11 83
11 84
11 85
11 86
11 87
11 88
11 89
11 92
12 12
12 13
12 14
12 15
12 16
12 28
12 29
12 30
12 48
12 52
12 53
12 54
12 58
12 60
12 61
12 65
12 72
12 74
12 88
13 13
13 14
13 15
13 16
13 28
13 29
13 52
13 53
13 54
13 58
13 60
13 61
13 62
13 63
13 65
13 72
13 74
13 75
13 88
14 14
14 15
14 22
14 23
14 24
14 26
14 27
14 28
14 52
14 64
14 65
14 75
14 82
14 83
14 84
14 85
14 86
14 87
14 88
14 89
15 15
15 22
15 26
15 28
15 52
15 53
15 54
15 58
15 60
15 61
15 65
15 74
15 75
15 82
15 83
15 86
15 88
15 89
16 16
16 17
16 28
16 29
16 30
16 32
16 33
16 56
16 57
16 60
16 62
16 63
16 72
16 73
16 74
16 75
16 78
16 79
16 80
16 81
16 82
17 17
17 21
17 28
17 29
17 34
17 56
17 57
17 62
17 63
17 72
17 78
17 79
17 80
17 81
18 18
18 19
18 28
18 29
18 30
18 31
18 32
18 68
18 72
18 73
18 74
18 75
18 76
18 77
19 19
19 28
19 29
19 31
19 32
19 33
19 41
19 57
19 66
19 68
19 69
19 72
19 73
19 74
19 76
19 77
19 106
19 107
19 109
20 20
20 21
20 25
20 26
20 27
20 39
20 67
20 70
20 71
20 90
20 103
20 108
21 21
21 22
21 23
21 24
21 25
21 27
21 30
21 31
21 33
21 34
21 36
21 45
21 64
21 67
21 71
21 78
21 79
21 80
21 81
21 84
21 87
21 94
21 95
21 97
21 108
22 22
22 23
22 24
22 25
22 26
22 27
22 30
22 34
22 64
22 65
22 81
22 82
22 84
22 85
22 86
22 87
22 88
22 89
22 92
23 23
23 24
23 25
23 26
23 27
23 34
23 62
23 64
23 65
23 67
23 78
23 80
23 81
23 82
23 84
23 85
23 86
23 87
23 88
23 89
23 90
23 92
24 24
24 25
24 26
24 27
24 30
24 31
24 34
24 64
24 65
24 67
24 80
24 81
24 82
24 84
24 85
24 86
24 87
24 92
25 25
25 27
25 31
25 34
25 35
25 45
25 64
25 67
25 71
25 79
25 80
25 81
25 84
25 114
26 26
26 27
26 50
26 53
26 64
26 65
26 67
26 82
26 84
26 85
26 86
26 87
26 88
26 89
26 90
26 92
27 27
27 34
27 50
27 64
27 65
27 67
27 80
27 81
27 82
27 84
27 85
27 86
27 87
27 89
27 92
28 28
28 29
28 30
28 31
28 32
28 33
28 60
28 62
28 72
28 73
28 74
28 75
28 76
28 78
28 79
28 80
28 81
28 82
28 83
29 29
29 30
29 31
29 32
29 33
29 36
29 41
29 58
29 60
29 61
29 62
29 71
29 72
29 73
29 74
29 75
29 76
29 77
29 80
29 83
30 30
30 31
30 32
30 33
30 72
30 74
30 75
30 113
31 31
31 32
31 33
31 34
31 71
31 72
31 74
31 75
32 32
32 33
32 40
32 41
32 57
32 66
32 68
32 69
32 72
32 76
33 33
33 35
33 57
33 66
33 68
33 69
33 71
33 72
33 76
33 77
33 79
34 34
34 35
34 64
34 67
34 78
34 79
34 80
34 81
34 84
34 86
34 87
35 35
35 66
35 67
35 77
35 114
36 36
36 37
36 41
36 54
36 58
36 70
36 71
36 72
36 73
36 76
36 77
36 78
36 80
36 81
37 37
37 38
37 39
37 40
37 41
37 53
37 54
37 55
37 59
37 70
37 71
37 76
37 77
37 83
37 94
37 97
37 102
37 104
37 105
37 107
37 108
37 109
37 110
38 38
38 39
38 40
38 41
38 52
38 54
38 55
38 83
38 89
38 108
38 109
39 39
39 40
39 41
39 54
39 55
39 67
39 71
39 87
39 94
39 96
39 104
39 108
39 109
39 110
39 111
40 40
40 41
40 54
40 58
40 59
40 66
40 77
40 94
40 99
40 104
40 105
40 106
40 107
40 108
40 109
40 110
41 41
41 58
41 66
41 70
41 71
41 72
41 73
41 74
41 75
41 76
41 77
41 83
41 107
41 109
42 42
42 43
42 44
42 45
42 46
42 47
42 49
42 51
42 53
42 55
43 43
43 44
43 45
43 46
43 47
43 49
43 57
43 68
43 69
43 79
43 96
43 97
43 110
43 114
43 115
44 44
44 45
44 46
44 47
44 49
44 57
44 67
44 68
44 69
44 79
44 96
44 97
44 110
45 45
45 46
45 47
45 49
45 57
45 64
45 67
45 68
45 79
45 81
45 96
45 97
45 110
45 111
45 113
45 114
45 115
46 46
46 47
46 49
46 51
46 53
46 55
46 98
47 47
47 49
47 51
47 55
47 67
47 69
47 96
47 97
47 98
47 101
47 102
47 103
47 104
47 105
47 106
47 107
47 109
47 110
47 111
48 48
48 51
48 52
48 53
48 58
48 59
48 60
48 61
48 66
48 72
48 93
48 103
49 49
49 51
49 55
49 79
49 96
49 97
49 98
49 101
49 104
49 105
49 106
49 107
49 110
49 111
50 50
50 51
50 52
50 53
50 54
50 55
50 65
50 84
50 85
50 89
50 90
50 91
50 92
50 93
50 100
51 51
51 52
51 53
51 54
51 55
51 59
51 90
51 91
51 93
51 98
51 104
51 105
51 107
52 52
52 53
52 54
52 58
52 60
52 61
52 65
52 86
52 88
52 89
52 90
52 91
52 93
53 53
53 54
53 55
53 58
53 61
53 65
53 89
53 90
53 91
53 93
53 98
53 108
54 54
54 55
54 58
54 60
54 61
54 65
54 85
54 88
54 89
54 90
54 91
54 94
54 98
54 108
55 55
55 89
55 90
55 91
55 94
55 96
55 97
55 98
55 99
55 100
55 102
55 104
55 108
55 109
55 110
55 111
56 56
56 57
56 62
56 63
56 78
56 79
56 80
56 81
56 83
57 57
57 63
57 68
57 69
57 79
57 81
57 96
57 111
58 58
58 59
58 60
58 61
58 65
58 66
58 72
58 74
58 88
58 89
58 93
59 59
59 60
59 61
59 66
59 69
59 93
59 99
59 102
59 103
59 104
59 105
59 106
59 107
59 109
59 110
59 111
60 60
60 61
60 62
60 63
60 65
60 72
60 74
60 88
61 61
61 62
61 63
61 65
61 72
61 74
61 86
61 88
61 89
62 62
62 63
62 72
62 80
62 81
62 83
62 84
63 63
63 80
63 81
64 64
64 65
64 67
64 78
64 80
64 81
64 82
64 84
64 85
64 86
64 87
64 88
64 92
64 113
65 65
65 82
65 84
65 85
65 86
65 87
65 88
65 89
65 90
65 91
65 92
65 93
66 66
66 67
66 68
66 69
66 72
66 97
66 101
66 103
66 104
66 105
66 106
66 107
66 110
67 67
67 84
67 85
67 87
67 90
67 92
67 94
67 95
67 96
67 97
67 98
67 102
67 103
67 104
67 108
67 110
67 111
67 113
67 114
68 68
68 69
68 76
68 79
68 96
68 97
68 101
68 102
68 105
68 106
68 107
68 110
68 115
69 69
69 79
69 94
69 96
69 97
69 101
69 102
69 103
69 104
69 105
69 106
69 107
69 109
69 110
69 111
69 115
70 70
70 71
70 72
70 73
70 74
70 75
70 76
70 77
70 106
70 107
71 71
71 73
71 74
71 75
71 76
71 77
71 105
71 108
71 109
72 72
72 73
72 74
72 75
72 76
72 77
72 78
72 80
73 73
73 74
73 75
73 76
73 77
74 74
74 75
74 76
75 75
75 76
75 77
75 82
75 83
76 76
76 77
76 107
76 115
77 77
77 102
77 105
77 107
77 110
78 78
78 79
78 80
78 81
78 84
78 87
79 79
79 80
79 81
79 96
79 113
79 114
79 115
80 80
80 81
80 82
80 84
80 85
80 87
81 81
81 84
81 85
81 87
81 113
82 82
82 83
82 84
82 85
82 86
82 87
82 88
82 89
82 92
83 83
83 84
83 85
83 87
83 88
83 89
84 84
84 85
84 86
84 87
84 88
84 89
84 92
85 85
85 86
85 87
85 89
85 90
85 92
86 86
86 87
86 88
86 89
86 90
86 91
86 92
86 94
87 87
87 88
87 89
87 90
87 91
87 92
87 94
87 108
88 88
88 89
88 91
88 92
88 93
88 112
89 89
89 90
89 91
89 92
89 93
89 94
89 98
89 99
90 90
90 91
90 92
90 93
90 94
90 98
90 99
90 100
90 102
90 104
90 108
90 111
90 112
91 91
91 92
91 93
91 94
91 98
91 99
91 100
91 101
91 102
91 103
91 104
91 105
91 108
91 111
91 112
92 92
92 93
92 98
92 99
92 100
92 112
92 113
93 93
93 98
93 99
93 100
93 101
93 102
93 103
93 112
93 113
93 114
94 94
94 95
94 96
94 97
94 98
94 99
94 101
94 102
94 104
94 105
94 108
94 109
94 110
94 111
95 95
95 96
95 97
95 101
95 102
95 103
95 108
95 109
95 112
95 113
95 114
95 115
96 96
96 97
96 98
96 99
96 100
96 101
96 102
96 103
96 104
96 105
96 106
96 107
96 108
96 109
96 110
96 111
96 115
97 97
97 98
97 99
97 100
97 101
97 102
97 103
97 104
97 105
97 106
97 107
97 108
97 109
97 110
97 111
97 113
97 114
97 115
98 98
98 99
98 100
98 101
98 102
98 103
98 104
98 105
98 108
98 109
98 110
98 111
98 112
99 99
99 100
99 101
99 102
99 103
99 104
99 105
99 106
99 108
99 109
99 110
99 111
99 112
100 100
100 102
100 103
100 111
100 113
101 101
101 102
101 103
101 104
101 105
101 106
101 107
101 109
101 110
101 111
101 112
102 102
102 103
102 104
102 105
102 106
102 107
102 108
102 109
102 110
102 111
102 112
102 113
102 115
103 103
103 104
103 105
103 106
103 107
103 109
103 110
103 111
103 113
103 114
103 115
104 104
104 105
104 106
104 107
104 108
104 109
104 110
104 111
105 105
105 106
105 107
105 108
105 109
105 110
105 111
106 106
106 107
106 109
106 110
106 111
107 107
107 109
107 110
107 111
108 108
108 109
108 110
108 111
109 109
109 110
109 111
110 110
110 111
111 111
111 112
112 112
112 113
113 113
113 114
113 115
114 114
114 115
115 115
