0 0
0 1
0 16
0 18
0 28
0 32
0 41
0 56
0 57
0 58
0 60
0 62
0 72
0 74
0 76
0 78
0 80
0 81
0 82
0 83
0 101
0 103
1 1
1 11
1 16
1 17
1 18
1 19
1 29
1 32
1 33
1 56
1 57
1 61
1 63
1 68
1 72
1 73
1 74
1 75
1 76
1 78
1 79
1 80
1 81
1 87
2 2
2 3
2 4
2 5
2 6
2 18
2 22
2 23
2 24
2 25
2 26
2 30
2 31
2 38
2 40
2 70
2 81
2 82
2 83
2 86
2 114
3 3
3 4
3 5
3 6
3 7
3 8
3 9
3 14
3 15
3 22
3 23
3 25
3 26
3 27
3 30
3 31
3 33
3 64
3 65
3 70
3 71
3 77
3 88
3 92
3 93
3 106
4 4
4 5
4 6
4 8
4 9
4 10
4 12
4 14
4 15
4 22
4 23
4 26
4 27
4 40
4 64
4 70
4 82
4 91
4 92
4 93
4 100
4 115
5 5
5 6
5 9
5 14
5 15
5 22
5 23
5 27
5 31
5 36
5 70
5 91
5 92
5 93
5 99
5 100
5 101
5 104
5 105
5 107
5 115
6 6
6 7
6 8
6 9
6 10
6 11
6 12
6 14
6 15
6 18
6 22
6 23
6 30
6 60
6 64
6 70
6 74
6 82
6 93
7 7
7 9
7 10
7 11
7 12
7 13
7 15
7 23
7 30
7 31
7 33
7 41
7 64
7 70
7 71
7 72
7 73
7 74
7 75
7 76
7 77
7 92
8 8
8 9
8 12
8 14
8 15
8 22
8 23
8 24
8 25
8 26
8 27
8 30
8 40
8 64
8 65
8 68
8 74
8 82
8 83
8 84
8 86
8 88
8 92
8 93
9 9
9 10
9 11
9 12
9 13
9 14
9 15
9 22
9 23
9 28
9 30
9 31
9 36
9 40
9 64
9 70
9 72
9 74
9 76
9 82
9 83
9 91
9 92
9 93
10 10
10 11
10 12
10 13
10 14
10 16
10 28
10 60
10 62
10 64
10 76
10 84
11 11
11 12
11 13
11 15
11 28
11 61
11 64
11 65
11 71
11 73
11 74
11 75
11 76
11 77
11 79
11 92
12 12
12 13
12 14
12 15
12 23
12 28
12 64
12 74
12 76
12 82
12 84
12 86
13 13
13 15
13 28
13 29
13 30
13 31
13 33
13 36
13 37
13 40
13 41
13 71
13 72
13 73
13 74
13 75
13 76
13 77
13 79
13 92
13 95
13 109
14 14
14 15
14 22
14 23
14 28
14 30
14 31
14 36
14 40
14 64
14 74
14 82
14 84
14 92
14 93
15 15
15 18
15 19
15 22
15 23
15 25
15 28
15 29
15 30
15 31
15 36
15 40
15 69
15 71
15 72
15 74
15 75
15 76
15 80
15 82
15 83
15 87
15 95
16 16
16 17
16 18
16 19
16 28
16 29
16 32
16 40
16 56
16 57
16 62
16 63
16 72
16 73
16 74
16 75
16 76
16 78
16 79
16 80
16 81
16 83
16 101
17 17
17 28
17 29
17 39
17 56
17 57
17 62
17 63
17 72
17 73
17 74
17 75
17 76
17 77
17 78
17 79
17 80
17 81
17 85
17 89
18 18
18 19
18 22
18 28
18 29
18 30
18 31
18 32
18 33
18 41
18 57
18 71
18 72
18 73
18 74
18 75
18 76
18 77
18 78
18 79
18 81
18 82
18 83
19 19
19 28
19 29
19 32
19 33
19 36
19 37
19 57
19 68
19 69
19 71
19 72
19 73
19 74
19 75
19 76
19 77
19 79
19 80
19 81
19 83
19 87
19 91
19 93
19 95
19 104
19 105
19 111
20 20
20 21
20 26
20 27
20 38
20 39
20 43
20 45
20 47
20 49
20 50
20 51
20 52
20 53
20 55
20 58
20 59
20 82
20 84
20 88
20 89
20 90
20 98
20 99
20 100
20 101
20 102
20 103
20 107
20 113
21 21
21 24
21 25
21 26
21 27
21 36
21 40
21 82
21 83
21 97
21 103
21 108
21 110
21 114
22 22
22 23
22 24
22 25
22 26
22 27
22 30
22 31
22 38
22 40
22 64
22 82
22 83
22 84
22 86
22 88
22 93
23 23
23 25
23 26
23 27
23 30
23 31
23 36
23 40
23 64
23 68
23 69
23 70
23 71
23 77
23 82
23 83
23 88
23 92
23 93
23 108
24 24
24 25
24 26
24 27
24 34
24 35
24 37
24 38
24 43
24 50
24 53
24 73
24 85
24 108
24 110
24 111
24 113
25 25
25 26
25 27
25 30
25 31
25 34
25 35
25 36
25 38
25 40
25 74
25 85
25 87
25 108
25 110
25 113
26 26
26 27
26 38
26 50
26 53
26 64
26 65
26 82
26 84
26 86
26 88
26 101
26 102
26 106
27 27
27 34
27 35
27 36
27 38
27 40
27 50
27 53
27 64
27 82
27 84
27 85
27 86
27 88
27 93
27 113
28 28
28 29
28 30
28 31
28 36
28 37
28 40
28 41
28 56
28 57
28 71
28 72
28 73
28 74
28 75
28 76
28 77
28 78
28 79
28 80
28 81
28 82
28 83
28 87
28 95
28 104
28 105
28 109
28 111
29 29
29 30
29 36
29 37
29 40
29 41
29 56
29 57
29 71
29 72
29 73
29 74
29 75
29 76
29 77
29 78
29 79
29 80
29 81
29 83
29 87
29 95
29 109
29 110
30 30
30 31
30 33
30 36
30 40
30 41
30 57
30 64
30 68
30 70
30 71
30 72
30 73
30 74
30 75
30 76
30 77
30 79
30 81
30 83
30 87
31 31
31 33
31 35
31 36
31 40
31 41
31 70
31 71
31 72
31 74
31 75
31 76
31 77
31 83
31 87
31 92
31 115
32 32
32 33
32 56
32 57
32 60
32 62
32 63
32 66
32 79
32 85
33 33
33 34
33 35
33 41
33 56
33 57
33 60
33 61
33 62
33 64
33 65
33 68
33 72
33 73
33 75
33 76
33 77
33 79
33 83
34 34
34 35
34 45
34 50
34 60
34 64
34 65
34 85
35 35
35 38
35 42
35 44
35 45
35 64
35 65
36 36
36 37
36 40
36 41
36 56
36 68
36 69
36 70
36 72
36 75
36 80
36 83
36 92
36 99
36 104
36 105
36 107
36 110
36 111
36 115
37 37
37 39
37 41
37 54
37 71
37 73
37 75
37 76
37 77
37 85
37 94
37 95
37 96
37 104
37 108
37 110
37 111
37 113
38 38
38 39
38 52
38 53
38 55
38 64
38 82
38 86
38 114
39 39
39 41
39 59
39 66
39 94
39 96
39 98
39 104
39 105
39 113
39 114
39 115
40 40
40 41
40 56
40 57
40 62
40 70
40 72
40 76
40 77
40 80
40 81
40 82
40 83
40 104
40 105
41 41
41 70
41 71
41 72
41 73
41 74
41 75
41 76
41 77
41 83
41 103
41 104
41 105
42 42
42 43
42 44
42 45
42 46
42 47
42 48
42 49
42 50
42 51
42 52
42 53
42 54
42 55
42 90
42 96
42 97
42 98
42 99
42 110
42 111
43 43
43 44
43 45
43 46
43 47
43 48
43 49
43 50
43 51
43 52
43 53
43 54
43 55
43 58
43 59
43 85
43 89
43 90
43 96
43 98
43 99
43 110
43 111
44 44
44 45
44 46
44 47
44 48
44 49
44 50
44 51
44 52
44 53
44 54
44 55
44 58
44 59
44 66
44 67
44 89
44 90
44 96
44 98
44 99
44 102
44 112
45 45
45 46
45 47
45 48
45 49
45 50
45 51
45 52
45 53
45 54
45 55
45 58
45 59
45 65
45 66
45 67
45 85
45 89
45 90
45 96
45 98
45 102
46 46
46 47
46 48
46 49
46 50
46 51
46 52
46 53
46 54
46 55
46 58
46 85
46 89
46 96
46 98
46 99
46 110
46 111
46 112
47 47
47 48
47 49
47 50
47 51
47 52
47 53
47 54
47 55
47 58
47 59
47 89
47 90
47 96
47 97
47 98
47 99
47 110
48 48
48 49
48 50
48 51
48 52
48 53
48 54
48 55
48 58
48 59
48 66
48 67
48 89
48 90
48 96
48 98
48 102
49 49
49 50
49 51
49 52
49 53
49 54
49 55
49 58
49 59
49 61
49 65
49 66
49 89
49 90
49 96
49 98
49 102
50 50
50 51
50 52
50 53
50 54
50 55
50 58
50 59
50 65
50 84
50 85
50 89
50 90
50 96
50 97
50 98
51 51
51 52
51 53
51 54
51 55
51 58
51 59
51 65
51 66
51 89
51 90
51 96
51 98
51 99
51 102
52 52
52 53
52 54
52 55
52 58
52 59
52 85
52 89
52 90
52 96
52 98
52 99
52 102
53 53
53 54
53 55
53 58
53 59
53 85
53 89
53 90
53 96
53 98
53 113
54 54
54 55
54 58
54 59
54 85
54 89
54 90
54 96
54 97
54 98
54 107
54 110
54 111
55 55
55 58
55 59
55 66
55 85
55 89
55 90
55 96
55 97
55 98
55 99
55 111
56 56
56 57
56 60
56 62
56 63
56 72
56 78
56 79
56 80
56 81
56 83
56 101
57 57
57 60
57 62
57 63
57 68
57 72
57 74
57 76
57 78
57 79
57 80
57 81
57 82
57 83
57 85
57 87
58 58
58 59
58 60
58 61
58 62
58 63
58 65
58 66
58 89
58 98
58 101
58 102
59 59
59 61
59 63
59 66
59 67
59 89
59 90
59 96
59 98
59 101
59 102
59 104
60 60
60 61
60 62
60 63
60 64
60 65
60 66
60 101
61 61
61 63
61 64
61 65
61 66
61 100
61 101
61 102
61 106
62 62
62 63
62 66
62 78
62 80
62 81
62 83
62 85
62 101
62 103
62 115
63 63
63 65
63 66
63 78
63 80
63 81
63 82
63 83
63 89
63 101
63 102
63 106
64 64
64 65
64 88
64 93
65 65
65 66
65 88
65 92
65 100
65 101
65 102
65 106
66 66
66 67
66 89
66 96
66 101
66 102
66 106
67 67
67 69
67 85
67 90
67 96
67 98
67 102
67 104
67 105
67 107
67 110
68 68
68 69
68 71
68 74
68 79
69 69
69 71
69 77
69 79
69 87
69 103
69 105
69 110
70 70
70 71
70 77
70 83
70 91
70 92
70 93
70 104
70 105
70 115
71 71
71 72
71 73
71 74
71 75
71 76
71 77
71 79
71 83
71 87
71 92
71 93
71 94
71 95
71 104
71 105
71 108
71 109
72 72
72 73
72 74
72 75
72 76
72 77
72 78
72 79
72 80
72 81
72 83
72 87
72 95
72 109
72 110
73 73
73 74
73 75
73 76
73 77
73 78
73 79
73 81
73 87
73 109
74 74
74 75
74 76
74 77
74 78
74 79
74 80
74 81
74 83
74 109
75 75
75 76
75 77
75 79
75 80
75 81
75 83
75 87
75 95
75 108
75 109
75 110
76 76
76 77
76 78
76 79
76 80
76 81
76 83
76 87
77 77
77 78
77 79
77 83
77 87
77 92
77 94
77 104
77 109
78 78
78 79
78 80
78 81
78 83
78 87
78 91
78 101
78 109
79 79
79 80
79 81
79 86
79 87
80 80
80 81
80 82
80 83
80 84
80 86
80 87
80 101
80 103
80 105
81 81
81 83
81 84
81 85
81 86
81 87
82 82
82 83
82 84
82 86
82 88
82 91
82 101
82 103
83 83
83 86
83 87
83 101
83 103
84 84
84 86
84 87
84 88
85 85
85 87
85 89
85 96
85 108
85 110
86 86
86 87
86 88
86 91
87 87
87 110
87 111
88 88
88 106
89 89
89 96
89 98
89 102
90 90
90 91
90 92
90 93
90 98
90 99
90 102
90 103
90 104
90 105
91 91
91 92
91 93
91 99
91 100
91 101
91 104
91 105
92 92
92 93
92 94
92 100
92 102
92 108
92 113
93 93
93 99
93 100
93 101
93 102
93 105
93 107
93 108
93 113
94 94
94 95
94 96
94 108
94 109
94 111
94 112
94 113
95 95
95 96
95 97
95 108
95 109
95 110
95 111
96 96
96 97
96 98
96 99
96 110
97 97
97 98
97 99
97 107
97 108
97 109
97 110
97 111
98 98
98 99
98 102
98 111
98 112
98 113
99 99
99 100
99 102
99 104
99 105
99 107
99 111
99 112
99 113
99 115
100 100
100 101
100 102
100 112
100 113
101 101
101 102
101 103
101 105
101 106
101 113
102 102
102 103
102 104
102 106
102 107
102 113
103 103
103 105
103 107
103 115
104 104
104 105
104 111
104 113
104 114
104 115
105 105
105 107
105 111
105 114
105 115
106 106
107 107
107 110
107 111
107 115
108 108
108 109
108 110
108 111
109 109
109 110
110 110
110 111
111 111
111 112
111 113
111 115
112 112
113 113
113 114
114 114
115 115
