0 0
0 1
0 2
0 6
0 10
0 11
0 17
0 18
0 19
0 28
0 29
0 32
0 33
0 56
0 57
0 58
0 62
0 63
0 72
0 73
0 74
0 75
0 76
0 81
0 102
1 1
1 10
1 11
1 15
1 18
1 19
1 20
1 28
1 29
1 32
1 33
1 41
1 57
1 62
1 63
1 70
1 72
1 73
1 75
1 80
1 81
1 102
1 109
2 2
2 4
2 6
2 7
2 12
2 18
2 22
2 30
2 31
2 33
2 35
2 44
2 45
2 49
2 58
2 67
2 91
2 93
2 101
3 3
3 5
3 7
3 9
3 15
3 20
3 21
3 22
3 23
3 24
3 26
3 30
3 31
3 35
3 45
3 65
3 67
3 75
3 100
3 106
4 4
4 5
4 8
4 9
4 10
4 11
4 12
4 13
4 14
4 20
4 24
4 26
4 27
4 48
4 50
4 51
4 58
4 59
4 61
4 65
4 67
4 88
4 90
4 91
4 92
4 93
4 107
5 5
5 8
5 9
5 20
5 22
5 23
5 24
5 25
5 26
5 27
5 42
5 45
5 48
5 50
5 51
5 52
5 53
5 55
5 58
5 59
5 64
5 65
5 66
5 67
5 88
5 90
5 92
5 100
5 107
6 6
6 7
6 11
6 12
6 13
6 22
6 60
6 64
6 93
6 101
7 7
7 9
7 13
7 30
7 31
7 33
7 35
7 45
7 61
7 65
7 67
7 71
7 100
7 101
7 107
8 8
8 9
8 10
8 14
8 15
8 20
8 21
8 25
8 26
8 34
8 50
8 64
8 70
8 71
8 73
8 75
8 85
8 106
9 9
9 13
9 15
9 20
9 21
9 24
9 26
9 45
9 67
9 75
9 105
9 107
9 114
10 10
10 11
10 12
10 13
10 14
10 15
10 17
10 28
10 29
10 60
10 61
10 62
10 63
10 72
10 75
10 80
10 81
10 84
11 11
11 12
11 13
11 14
11 15
11 16
11 17
11 20
11 28
11 29
11 30
11 50
11 62
11 63
11 72
11 73
11 80
11 81
11 83
11 85
12 12
12 13
12 14
12 22
12 24
12 28
12 48
12 50
12 58
12 59
12 60
12 61
12 62
12 63
12 64
12 65
12 80
12 81
12 84
13 13
13 14
13 15
13 28
13 29
13 48
13 60
13 61
13 62
13 85
13 100
14 14
14 15
14 16
14 20
14 26
14 34
14 50
14 60
14 64
14 65
14 82
14 83
14 84
14 85
14 86
14 88
14 100
15 15
15 20
15 21
15 29
15 30
15 64
15 70
15 71
15 73
15 75
15 85
15 86
15 87
15 89
15 106
16 16
16 17
16 18
16 28
16 29
16 30
16 32
16 57
16 62
16 63
16 68
16 70
16 71
16 72
16 73
16 74
16 76
16 77
16 78
16 79
16 80
16 81
16 82
16 86
17 17
17 18
17 19
17 28
17 29
17 32
17 33
17 36
17 41
17 57
17 62
17 63
17 72
17 73
17 74
17 76
17 77
17 78
17 79
17 80
17 81
17 82
17 86
17 113
18 18
18 19
18 28
18 29
18 32
18 33
18 43
18 44
18 57
18 58
18 62
18 63
18 72
18 73
18 74
18 75
18 76
18 80
18 81
18 102
18 109
18 113
19 19
19 28
19 29
19 32
19 33
19 41
19 44
19 47
19 49
19 57
19 62
19 63
19 68
19 69
19 70
19 72
19 73
19 76
19 77
19 80
19 81
19 97
19 98
19 102
19 104
19 105
19 108
19 109
19 110
19 111
19 113
19 114
19 115
20 20
20 21
20 26
20 27
20 37
20 39
20 41
20 50
20 52
20 70
20 71
20 73
20 75
20 85
20 106
21 21
21 24
21 25
21 26
21 27
21 30
21 31
21 70
21 71
21 73
21 75
21 77
21 87
21 106
22 22
22 23
22 24
22 25
22 27
22 30
22 31
22 48
22 50
22 64
22 65
22 67
22 82
22 83
22 88
22 92
22 93
22 100
23 23
23 24
23 25
23 26
23 27
23 39
23 45
23 48
23 50
23 51
23 55
23 64
23 65
23 67
23 82
23 83
23 88
23 90
23 91
23 92
23 93
23 100
23 107
23 110
24 24
24 25
24 30
24 31
24 50
24 64
24 65
24 71
24 75
24 94
24 100
25 25
25 26
25 27
25 31
25 34
25 35
25 42
25 43
25 45
25 50
25 64
25 65
25 67
26 26
26 27
26 46
26 48
26 50
26 51
26 52
26 54
26 58
26 59
26 60
26 64
26 65
26 66
26 67
26 88
26 89
26 90
26 92
26 107
27 27
27 34
27 48
27 50
27 52
27 54
27 58
27 59
27 60
27 64
27 65
27 66
27 67
27 88
27 89
27 90
27 92
27 104
27 107
28 28
28 29
28 30
28 31
28 32
28 33
28 57
28 62
28 63
28 72
28 73
28 74
28 76
28 77
28 78
28 79
28 80
28 81
28 113
29 29
29 30
29 31
29 32
29 33
29 41
29 57
29 62
29 63
29 70
29 72
29 73
29 74
29 75
29 76
29 77
29 78
29 79
29 80
29 81
29 85
29 102
29 113
30 30
30 31
30 32
30 33
30 62
30 63
30 70
30 71
30 73
30 75
30 77
30 80
30 106
31 31
31 32
31 33
31 35
31 40
31 44
31 45
31 71
31 72
31 73
31 74
31 75
31 77
31 78
31 87
32 32
32 33
32 36
32 40
32 57
32 62
32 63
32 71
32 72
32 73
32 74
32 76
32 77
32 78
32 79
32 80
32 81
32 96
32 102
32 113
33 33
33 35
33 36
33 40
33 44
33 57
33 62
33 63
33 71
33 72
33 73
33 74
33 76
33 77
33 78
33 79
33 80
33 81
33 96
33 102
33 113
34 34
34 35
34 43
34 45
34 50
34 64
34 65
34 66
34 67
34 84
34 104
34 105
34 109
35 35
35 43
35 44
35 45
35 47
35 49
35 66
35 67
35 76
35 110
35 113
35 114
36 36
36 37
36 38
36 39
36 40
36 46
36 54
36 57
36 63
36 72
36 74
36 76
36 77
36 78
36 79
36 81
36 83
36 94
36 95
36 96
36 98
36 108
36 111
36 113
37 37
37 38
37 39
37 40
37 41
37 42
37 46
37 47
37 52
37 53
37 54
37 55
37 70
37 76
37 82
37 83
37 90
37 92
37 96
37 97
37 98
37 100
37 111
37 114
38 38
38 39
38 40
38 46
38 54
38 55
38 76
38 77
38 83
38 94
38 95
38 96
38 97
38 98
38 102
38 108
39 39
39 40
39 41
39 52
39 53
39 54
39 55
39 69
39 70
39 71
39 82
39 83
39 87
39 88
39 89
39 90
39 91
39 92
39 94
39 98
39 99
39 100
39 106
39 107
39 108
39 111
39 112
40 40
40 54
40 55
40 57
40 71
40 72
40 74
40 76
40 77
40 78
40 79
40 87
40 94
40 96
40 102
41 41
41 47
41 52
41 55
41 57
41 63
41 70
41 71
41 72
41 73
41 74
41 75
41 77
41 81
41 98
41 111
42 42
42 43
42 44
42 45
42 46
42 47
42 48
42 49
42 50
42 51
42 52
42 53
42 54
42 55
42 96
42 97
42 98
42 99
43 43
43 44
43 45
43 46
43 47
43 48
43 49
43 50
43 51
43 55
43 74
43 76
43 96
43 98
43 110
44 44
44 45
44 46
44 47
44 48
44 49
44 51
44 67
44 98
44 99
45 45
45 46
45 47
45 49
45 67
45 98
45 99
46 46
46 47
46 49
46 51
46 52
46 53
46 54
46 55
46 95
46 96
46 97
46 98
46 99
46 104
46 105
46 108
46 110
46 113
46 114
46 115
47 47
47 49
47 51
47 55
47 90
47 94
47 95
47 96
47 97
47 98
47 99
47 104
47 105
47 107
47 108
47 110
47 111
47 114
47 115
48 48
48 49
48 50
48 51
48 52
48 53
48 54
48 55
48 58
48 64
48 65
48 88
48 90
48 92
49 49
49 50
49 51
49 52
49 53
49 55
49 90
49 98
49 99
49 112
50 50
50 51
50 52
50 53
50 54
50 55
50 64
50 65
50 90
50 92
50 100
51 51
51 52
51 53
51 54
51 55
51 90
51 92
51 98
51 99
51 112
52 52
52 53
52 54
52 55
52 83
52 88
52 89
52 90
52 92
52 98
52 99
52 100
52 112
53 53
53 54
53 55
53 64
53 89
53 90
53 92
53 99
53 100
53 104
53 112
53 114
54 54
54 55
54 58
54 59
54 60
54 61
54 65
54 66
54 83
54 88
54 89
54 90
54 92
54 96
54 99
54 104
54 107
55 55
55 89
55 90
55 92
55 96
55 98
55 99
56 56
56 57
56 63
56 91
56 93
56 99
56 101
56 106
57 57
57 62
57 63
57 72
57 73
57 74
57 76
57 77
57 78
57 79
57 80
57 81
57 86
57 89
57 102
57 113
58 58
58 59
58 60
58 61
58 66
58 88
59 59
59 60
59 61
59 65
59 66
59 67
59 68
59 88
59 89
59 90
59 91
59 92
59 93
59 104
59 105
59 107
59 112
60 60
60 61
60 62
60 64
60 65
60 88
60 89
60 92
61 61
61 64
61 65
61 67
61 88
61 90
61 92
61 100
61 107
62 62
62 63
62 72
62 73
62 78
62 79
62 80
62 81
63 63
63 72
63 73
63 74
63 76
63 77
63 79
63 80
63 81
63 102
63 111
63 113
64 64
64 65
64 67
64 82
64 83
64 84
64 85
64 88
64 92
64 100
64 106
65 65
65 66
65 67
65 85
65 88
65 90
65 92
65 100
66 66
66 67
66 68
66 104
67 67
67 90
67 92
67 104
67 105
67 107
67 108
67 110
67 114
67 115
68 68
68 69
68 78
68 79
68 80
68 81
68 89
68 92
68 94
68 97
68 104
68 105
69 69
69 90
69 91
69 92
69 94
69 95
69 97
69 104
69 105
69 107
69 108
69 109
69 110
69 114
69 115
70 70
70 71
70 73
70 75
70 77
70 81
70 106
70 109
71 71
71 73
71 74
71 75
71 77
71 86
71 87
71 100
71 106
72 72
72 73
72 74
72 76
72 77
72 78
72 79
72 80
72 81
72 102
72 113
73 73
73 74
73 75
73 76
73 77
73 78
73 79
73 80
73 81
73 87
73 102
73 106
73 113
74 74
74 75
74 76
74 77
74 78
74 79
74 80
74 81
74 96
75 75
75 77
75 81
75 87
75 106
76 76
76 77
76 78
76 79
76 80
76 81
76 96
76 97
76 98
76 102
76 113
77 77
77 78
77 79
77 80
77 86
77 87
77 96
77 98
77 101
77 102
77 103
77 106
77 113
78 78
78 79
78 80
78 81
78 103
79 79
79 80
79 81
80 80
80 81
80 82
80 86
81 81
81 84
81 94
82 82
82 83
82 84
82 86
82 87
82 88
82 100
83 83
83 84
83 85
83 87
83 88
83 100
84 84
84 85
84 87
84 104
85 85
86 86
86 87
86 89
86 100
86 102
86 113
87 87
87 88
87 89
87 100
87 102
88 88
88 89
88 90
88 91
88 92
88 93
88 100
88 106
88 107
89 89
89 90
89 91
89 92
89 93
89 103
89 112
90 90
90 91
90 92
90 93
90 95
90 98
90 99
90 101
90 105
90 106
90 107
90 108
90 111
90 112
90 114
90 115
91 91
91 92
91 93
91 98
91 99
91 101
91 105
91 106
91 107
91 108
91 111
91 112
91 114
91 115
92 92
92 93
92 99
92 100
92 101
92 105
92 106
92 107
92 112
92 114
93 93
93 99
93 101
93 103
93 106
93 107
93 111
93 112
94 94
94 95
94 96
94 97
94 98
94 105
94 108
94 110
94 111
94 113
94 115
95 95
95 96
95 97
95 98
95 104
95 105
95 107
95 108
95 109
95 110
95 111
95 113
95 114
95 115
96 96
96 97
96 98
96 102
96 108
96 110
96 111
96 113
97 97
97 98
97 102
97 104
97 105
97 108
97 109
97 110
97 113
97 114
97 115
98 98
98 99
98 102
98 105
98 107
98 108
98 110
98 111
98 112
98 113
98 114
98 115
99 99
99 101
99 103
99 105
99 107
99 108
99 111
99 112
99 113
99 114
99 115
100 100
100 106
100 107
101 101
101 103
101 106
101 111
102 102
102 103
102 109
102 111
102 113
103 103
103 104
103 113
103 114
104 104
104 105
104 107
104 108
104 109
104 110
104 112
104 113
104 114
104 115
105 105
105 107
105 108
105 109
105 110
105 111
105 112
105 113
105 114
105 115
106 106
106 112
107 107
107 108
107 110
107 111
107 114
107 115
108 108
108 109
108 110
108 111
108 114
108 115
109 109
109 110
109 111
109 112
109 113
109 114
109 115
110 110
110 111
110 114
110 115
111 111
111 112
111 113
111 114
111 115
112 112
112 114
112 115
113 113
113 114
113 115
114 114
114 115
115 115
