0 0
0 1
0 6
0 10
0 11
0 12
0 14
0 16
0 17
0 18
0 19
0 28
0 56
0 57
0 63
0 68
0 69
0 72
0 81
0 82
0 83
0 84
0 99
0 101
0 102
0 103
1 1
1 10
1 11
1 16
1 17
1 18
1 19
1 28
1 29
1 33
1 56
1 57
1 61
1 63
1 68
1 69
1 72
1 78
1 81
1 82
1 83
1 84
1 99
1 100
1 101
1 102
1 103
1 106
1 112
2 2
2 4
2 6
2 8
2 12
2 14
2 15
2 18
2 22
2 26
2 30
2 60
2 64
2 88
2 91
2 93
2 105
3 3
3 5
3 7
3 20
3 21
3 23
3 24
3 25
3 27
3 30
3 31
3 34
3 35
3 39
3 45
3 65
3 67
3 71
3 87
3 92
4 4
4 6
4 8
4 9
4 12
4 14
4 15
4 22
4 26
4 28
4 29
4 31
4 58
4 60
4 62
4 64
4 72
4 75
4 83
4 91
4 93
5 5
5 20
5 21
5 23
5 24
5 25
5 26
5 27
5 30
5 34
5 35
5 37
5 38
5 39
5 41
5 45
5 48
5 49
5 50
5 51
5 65
5 66
5 67
5 70
5 71
5 77
5 87
5 92
5 108
5 109
5 113
6 6
6 8
6 9
6 10
6 12
6 13
6 14
6 15
6 22
6 26
6 28
6 58
6 60
6 62
6 64
6 72
6 83
6 88
6 91
6 93
6 98
6 105
6 111
7 7
7 9
7 31
7 35
7 45
7 65
7 66
7 67
7 70
7 71
7 89
7 90
7 92
8 8
8 9
8 10
8 12
8 14
8 15
8 22
8 26
8 58
8 60
8 62
8 64
8 88
8 91
8 93
9 9
9 13
9 15
9 58
9 60
9 61
9 62
9 64
9 65
9 90
9 92
10 10
10 11
10 12
10 13
10 14
10 16
10 17
10 19
10 22
10 26
10 28
10 29
10 72
10 74
10 75
10 76
10 81
10 82
10 83
10 84
10 86
10 88
10 93
10 101
10 111
11 11
11 12
11 13
11 14
11 15
11 28
11 29
11 40
11 41
11 64
11 72
11 73
11 75
11 82
11 83
11 84
11 85
11 112
12 12
12 13
12 14
12 15
12 22
12 26
12 28
12 54
12 58
12 60
12 64
12 72
12 75
12 76
12 82
12 83
12 84
12 88
12 91
12 93
12 98
12 101
13 13
13 14
13 15
13 28
13 29
13 41
13 58
13 60
13 61
13 64
13 65
13 75
13 82
13 83
13 84
13 90
13 112
14 14
14 15
14 22
14 26
14 28
14 41
14 64
14 72
14 73
14 74
14 75
14 76
14 82
14 83
14 84
14 86
14 87
14 88
14 91
14 93
14 111
15 15
15 20
15 22
15 23
15 26
15 41
15 50
15 64
15 65
15 73
15 74
15 75
15 82
15 83
15 88
15 92
16 16
16 17
16 19
16 28
16 29
16 56
16 57
16 62
16 63
16 72
16 76
16 78
16 79
16 80
16 81
16 82
16 84
16 99
16 101
16 102
16 112
17 17
17 18
17 19
17 28
17 29
17 33
17 56
17 57
17 60
17 61
17 62
17 63
17 68
17 72
17 78
17 79
17 80
17 81
17 83
17 98
17 99
17 100
17 101
17 102
17 111
17 112
18 18
18 19
18 28
18 30
18 32
18 56
18 57
18 63
18 68
18 72
18 102
18 106
19 19
19 28
19 29
19 33
19 56
19 57
19 61
19 63
19 68
19 69
19 72
19 78
19 80
19 81
19 82
19 83
19 84
19 97
19 99
19 100
19 101
19 102
19 103
19 106
19 107
19 112
19 115
20 20
20 21
20 22
20 23
20 24
20 25
20 27
20 30
20 31
20 34
20 35
20 37
20 40
20 41
20 45
20 64
20 65
20 71
20 75
20 77
20 87
20 92
21 21
21 23
21 24
21 25
21 27
21 30
21 31
21 34
21 35
21 37
21 39
21 40
21 42
21 44
21 45
21 49
21 51
21 56
21 65
21 66
21 67
21 69
21 71
21 77
21 78
21 87
21 94
21 96
21 108
21 109
21 110
21 114
22 22
22 23
22 24
22 25
22 26
22 27
22 30
22 34
22 35
22 38
22 50
22 64
22 73
22 74
22 75
22 76
22 82
22 87
22 88
22 91
22 93
22 113
23 23
23 24
23 25
23 26
23 27
23 30
23 31
23 34
23 35
23 37
23 41
23 43
23 45
23 50
23 64
23 65
23 67
23 71
23 73
23 74
23 75
23 77
23 87
23 88
23 92
24 24
24 25
24 26
24 27
24 30
24 31
24 34
24 35
24 37
24 38
24 39
24 40
24 45
24 50
24 64
24 71
24 87
24 88
24 113
25 25
25 27
25 30
25 31
25 34
25 35
25 37
25 38
25 39
25 40
25 42
25 43
25 45
25 48
25 50
25 51
25 65
25 66
25 67
25 71
25 77
25 85
25 87
25 96
25 108
25 109
25 110
25 113
26 26
26 27
26 34
26 35
26 38
26 54
26 64
26 74
26 75
26 76
26 88
26 91
26 113
27 27
27 30
27 34
27 35
27 37
27 38
27 39
27 41
27 43
27 45
27 48
27 50
27 51
27 65
27 67
27 71
27 85
27 87
27 88
27 108
27 113
28 28
28 29
28 33
28 41
28 62
28 63
28 72
28 76
28 80
28 81
28 82
28 83
28 84
28 98
28 99
28 100
28 101
28 111
28 112
29 29
29 31
29 32
29 33
29 40
29 41
29 62
29 63
29 72
29 73
29 74
29 75
29 76
29 80
29 81
29 82
29 83
29 99
29 111
29 112
30 30
30 31
30 32
30 34
30 35
30 37
30 38
30 40
30 41
30 64
30 71
30 87
31 31
31 32
31 33
31 34
31 35
31 45
31 64
31 65
31 71
31 77
32 32
32 33
32 39
32 57
32 62
32 63
32 68
32 71
32 72
32 81
32 102
32 109
33 33
33 56
33 63
33 68
33 72
33 76
33 77
33 78
33 79
33 80
33 81
33 83
33 102
33 107
33 109
33 110
34 34
34 35
34 37
34 38
34 40
34 41
34 45
34 50
34 64
34 65
34 67
34 71
34 73
34 74
34 75
34 76
34 77
34 87
34 88
34 113
35 35
35 37
35 40
35 41
35 42
35 43
35 44
35 45
35 49
35 50
35 51
35 65
35 67
35 71
35 73
35 76
35 77
35 87
35 92
35 113
36 36
36 37
36 38
36 39
36 40
36 41
36 70
36 73
36 74
36 76
36 77
36 95
36 97
36 108
36 109
36 115
37 37
37 38
37 39
37 40
37 41
37 67
37 70
37 71
37 73
37 74
37 75
37 77
37 87
37 96
37 97
37 108
37 109
37 110
37 115
38 38
38 39
38 54
38 71
38 75
38 77
38 88
38 89
38 95
38 109
39 39
39 55
39 56
39 57
39 67
39 68
39 69
39 71
39 78
39 85
39 89
39 96
39 97
39 99
39 107
39 108
39 109
39 110
40 40
40 41
40 73
40 74
40 77
40 87
40 94
40 108
41 41
41 70
41 72
41 73
41 74
41 75
41 76
41 83
41 115
42 42
42 43
42 44
42 45
42 46
42 47
42 49
42 51
42 53
42 55
42 71
42 77
42 86
42 87
42 90
42 94
42 96
42 110
43 43
43 44
43 45
43 46
43 47
43 48
43 49
43 51
43 53
43 55
43 75
43 76
43 77
43 86
43 87
43 96
43 110
44 44
44 45
44 46
44 47
44 48
44 49
44 51
44 55
44 59
44 67
44 96
44 110
44 113
45 45
45 46
45 47
45 48
45 49
45 50
45 51
45 55
45 65
45 66
45 67
45 71
45 77
45 85
45 87
45 92
45 96
45 108
45 110
45 113
46 46
46 47
46 49
46 51
46 52
46 53
46 55
46 86
46 94
46 96
46 98
47 47
47 49
47 51
47 53
47 55
47 59
47 81
47 86
47 90
47 91
47 96
47 97
47 98
47 100
47 102
47 103
47 104
47 105
47 107
47 110
47 111
48 48
48 49
48 50
48 51
48 52
48 53
48 54
48 55
48 58
48 59
48 60
48 65
48 66
48 67
48 88
48 89
48 90
48 91
48 92
48 93
49 49
49 50
49 51
49 53
49 55
49 58
49 59
49 66
49 67
49 96
50 50
50 51
50 52
50 53
50 54
50 55
50 58
50 59
50 64
50 65
50 66
50 67
50 88
50 89
50 90
50 91
50 92
51 51
51 52
51 53
51 54
51 55
51 58
51 59
51 65
51 66
51 67
51 89
51 92
51 94
51 96
51 98
52 52
52 53
52 54
52 55
52 58
52 59
52 61
52 70
52 89
52 98
53 53
53 54
53 55
53 58
53 86
53 89
53 90
53 91
53 98
54 54
54 55
54 58
54 59
54 60
54 62
54 66
54 88
54 89
54 98
55 55
55 59
55 89
55 96
55 98
55 99
55 109
56 56
56 57
56 63
56 68
56 69
56 78
56 79
56 80
56 81
56 84
56 87
56 94
56 96
56 97
56 99
56 101
56 102
56 106
56 107
56 109
57 57
57 61
57 63
57 68
57 69
57 78
57 79
57 84
57 85
57 99
57 102
57 103
57 106
57 107
58 58
58 59
58 60
58 61
58 62
58 66
58 89
58 91
58 98
58 101
59 59
59 60
59 61
59 62
59 66
59 67
59 89
59 96
59 98
59 100
59 101
59 102
59 103
59 106
59 107
60 60
60 61
60 62
60 63
60 66
60 88
60 89
60 98
60 100
60 101
61 61
61 62
61 63
61 89
61 99
61 100
61 101
61 102
61 106
61 112
62 62
62 63
62 72
62 76
62 80
62 81
62 98
62 99
62 100
62 101
62 111
63 63
63 68
63 72
63 80
63 81
63 98
63 99
63 100
63 101
63 102
63 106
63 111
63 112
64 64
64 65
64 75
64 88
64 91
64 92
64 93
64 95
65 65
65 66
65 67
65 85
65 89
65 92
65 108
65 114
66 66
66 67
66 70
66 89
66 92
66 94
66 96
66 97
66 103
66 107
67 67
67 70
67 71
67 77
67 85
67 89
67 92
67 96
67 104
67 108
67 110
67 113
68 68
68 69
68 78
68 79
68 80
68 84
68 85
68 87
68 97
68 99
68 102
68 103
68 106
68 107
68 109
68 115
69 69
69 78
69 79
69 85
69 87
69 97
69 99
69 102
69 106
69 107
69 108
69 115
70 70
70 71
70 73
70 74
70 75
70 77
71 71
71 75
71 77
71 109
71 110
71 113
72 72
72 73
72 74
72 75
72 76
72 80
72 81
72 82
72 83
72 84
72 111
73 73
73 74
73 75
73 76
73 77
74 74
74 75
74 76
74 77
74 82
74 86
74 88
75 75
75 76
75 77
75 83
75 88
76 76
76 77
76 79
76 81
76 82
76 83
76 84
76 87
76 88
77 77
77 79
77 87
77 97
77 109
77 110
77 113
78 78
78 79
78 80
78 81
78 85
78 86
78 87
78 94
78 96
78 97
78 99
78 102
78 107
78 110
79 79
79 80
79 81
79 84
79 95
79 107
80 80
80 81
80 82
80 84
80 86
80 97
80 99
80 100
80 101
80 102
80 111
80 112
81 81
81 82
81 83
81 84
81 86
81 99
81 100
81 101
81 102
81 107
81 110
81 111
81 112
82 82
82 83
82 84
82 86
82 87
82 88
82 111
83 83
83 84
83 111
83 112
84 84
84 85
84 86
84 87
84 88
84 95
85 85
85 87
85 89
85 95
85 108
85 115
86 86
86 87
87 87
87 94
87 113
88 88
88 89
88 91
88 93
89 89
90 90
90 91
90 92
90 93
90 98
90 100
90 104
90 105
90 110
91 91
91 92
91 93
91 95
91 97
91 101
91 103
91 104
91 105
92 92
92 93
93 93
93 95
93 101
93 103
93 104
93 105
93 111
93 113
93 115
94 94
94 96
94 102
94 104
94 110
94 115
95 95
95 97
95 105
95 108
95 114
95 115
96 96
96 97
96 99
96 102
96 103
96 107
96 108
96 109
96 110
97 97
97 99
97 100
97 102
97 104
97 105
97 107
97 108
97 109
97 110
97 115
98 98
98 99
98 100
98 101
98 102
98 111
98 112
99 99
99 100
99 101
99 102
99 103
99 106
99 107
99 108
99 109
99 111
99 112
99 115
100 100
100 101
100 102
100 103
100 104
100 106
100 111
100 112
101 101
101 102
101 103
101 104
101 106
101 111
101 112
102 102
102 103
102 104
102 106
102 107
102 109
102 111
102 112
103 103
103 104
103 105
103 106
103 107
103 112
103 115
104 104
104 105
104 107
104 110
104 112
105 105
105 107
105 110
106 106
106 107
106 109
106 112
107 107
107 108
107 109
107 110
107 114
107 115
108 108
108 109
108 110
108 114
108 115
109 109
109 110
109 115
110 110
110 113
111 111
111 112
111 113
112 112
113 113
113 114
114 114
114 115
115 115
