0 0
0 1
0 10
0 12
0 13
0 16
0 17
0 18
0 19
0 28
0 29
0 32
0 33
0 56
0 57
0 60
0 62
0 63
0 68
0 69
0 72
0 73
0 74
0 78
0 79
0 80
0 81
0 82
0 83
0 84
0 85
0 101
0 103
1 1
1 10
1 13
1 16
1 17
1 18
1 19
1 28
1 29
1 32
1 56
1 57
1 62
1 63
1 68
1 69
1 72
1 73
1 74
1 78
1 79
1 80
1 81
1 83
1 84
1 85
2 2
2 3
2 4
2 5
2 6
2 7
2 8
2 11
2 12
2 13
2 14
2 15
2 22
2 23
2 27
2 30
2 34
2 35
2 61
2 64
2 65
2 67
2 71
2 88
2 91
2 92
2 93
2 112
2 114
3 3
3 4
3 5
3 6
3 7
3 8
3 9
3 11
3 13
3 15
3 22
3 23
3 25
3 27
3 31
3 61
3 64
3 65
3 88
3 89
3 90
3 92
3 112
4 4
4 5
4 6
4 7
4 8
4 9
4 11
4 14
4 15
4 20
4 21
4 22
4 23
4 24
4 26
4 27
4 50
4 65
4 75
4 88
4 89
4 90
4 91
4 92
4 93
4 113
4 114
5 5
5 7
5 8
5 9
5 20
5 21
5 22
5 23
5 24
5 25
5 26
5 27
5 31
5 34
5 35
5 39
5 45
5 54
5 65
5 67
5 88
5 89
5 90
5 91
5 92
5 93
5 96
5 110
5 114
6 6
6 7
6 8
6 9
6 11
6 12
6 13
6 14
6 15
6 22
6 29
6 30
6 33
6 60
6 64
6 75
6 76
6 112
7 7
7 8
7 9
7 11
7 12
7 13
7 14
7 15
7 22
7 23
7 27
7 35
7 61
7 64
7 65
7 71
7 75
7 88
7 90
7 91
7 92
7 93
7 112
7 113
7 114
8 8
8 9
8 11
8 12
8 13
8 14
8 15
8 20
8 24
8 26
8 60
8 61
8 64
8 65
8 75
8 88
8 89
8 92
8 93
8 113
9 9
9 11
9 14
9 15
9 20
9 23
9 24
9 25
9 26
9 27
9 35
9 58
9 61
9 64
9 65
9 75
9 88
9 89
9 90
9 91
9 92
9 93
9 100
9 112
9 113
9 114
10 10
10 11
10 12
10 13
10 14
10 15
10 16
10 29
10 52
10 58
10 60
10 61
10 63
10 70
10 100
10 112
11 11
11 12
11 13
11 14
11 15
11 29
11 58
11 61
11 63
11 65
11 74
11 75
11 76
11 92
11 100
11 112
11 113
12 12
12 13
12 14
12 15
12 28
12 29
12 58
12 60
12 61
12 63
12 72
12 74
12 76
12 92
12 100
12 101
12 112
12 113
13 13
13 14
13 15
13 29
13 58
13 60
13 61
13 63
13 65
13 74
13 76
13 92
13 100
13 112
14 14
14 15
14 48
14 54
14 58
14 60
14 61
14 65
14 88
14 89
14 92
14 93
14 100
14 112
15 15
15 26
15 29
15 58
15 60
15 61
15 63
15 72
15 74
15 76
15 88
15 89
15 92
15 100
15 112
16 16
16 17
16 18
16 19
16 28
16 29
16 32
16 33
16 56
16 57
16 62
16 63
16 68
16 69
16 72
16 73
16 74
16 76
16 78
16 79
16 80
16 81
16 82
16 83
16 84
16 85
17 17
17 18
17 19
17 28
17 29
17 32
17 33
17 56
17 57
17 62
17 63
17 68
17 69
17 72
17 73
17 74
17 76
17 78
17 79
17 80
17 81
17 82
17 83
17 84
17 85
18 18
18 19
18 28
18 29
18 32
18 33
18 56
18 57
18 62
18 63
18 68
18 69
18 72
18 73
18 74
18 76
18 78
18 79
18 80
18 81
18 82
18 83
18 84
19 19
19 28
19 29
19 32
19 33
19 52
19 56
19 57
19 62
19 68
19 69
19 72
19 73
19 74
19 78
19 79
19 80
19 81
19 82
19 83
19 84
19 85
19 98
20 20
20 21
20 24
20 25
20 26
20 27
20 35
20 41
20 70
20 71
20 75
20 77
20 88
20 92
20 93
20 97
21 21
21 22
21 23
21 24
21 25
21 26
21 27
21 30
21 31
21 34
21 35
21 38
21 39
21 43
21 45
21 47
21 64
21 65
21 67
21 71
21 75
21 87
21 88
21 94
21 97
21 110
21 114
22 22
22 23
22 24
22 25
22 27
22 30
22 31
22 33
22 34
22 35
22 38
22 39
22 45
22 49
22 50
22 51
22 64
22 65
22 67
22 71
22 86
22 87
22 88
22 94
22 96
22 97
22 114
23 23
23 24
23 25
23 27
23 30
23 31
23 33
23 34
23 35
23 38
23 39
23 43
23 45
23 49
23 50
23 51
23 64
23 65
23 67
23 71
23 87
23 92
23 94
23 96
23 97
23 110
23 114
24 24
24 25
24 26
24 27
24 30
24 31
24 34
24 35
24 42
24 43
24 44
24 45
24 47
24 49
24 50
24 64
24 65
24 67
24 94
24 114
24 115
25 25
25 27
25 30
25 31
25 34
25 35
25 37
25 39
25 42
25 43
25 45
25 50
25 64
25 65
25 67
25 71
25 87
25 88
25 92
25 93
25 110
25 114
26 26
26 30
26 41
26 43
26 45
26 49
27 27
27 30
27 31
27 34
27 35
27 38
27 39
27 45
27 50
27 64
27 65
27 67
27 88
27 89
27 92
27 93
27 96
27 110
28 28
28 29
28 32
28 33
28 36
28 40
28 56
28 57
28 62
28 63
28 68
28 72
28 73
28 74
28 76
28 78
28 79
28 80
28 81
28 82
28 83
28 84
28 85
29 29
29 32
29 33
29 36
29 56
29 57
29 62
29 63
29 68
29 72
29 73
29 74
29 75
29 76
29 78
29 79
29 80
29 81
29 82
29 83
29 84
29 85
30 30
30 31
30 33
30 34
30 35
30 45
30 64
30 67
30 71
30 75
30 94
31 31
31 33
31 34
31 35
31 38
31 39
31 43
31 45
31 64
31 67
31 71
31 85
31 86
31 94
31 97
32 32
32 33
32 41
32 44
32 56
32 57
32 62
32 63
32 68
32 69
32 72
32 74
32 78
32 79
32 80
32 81
32 82
32 83
32 84
32 85
33 33
33 34
33 56
33 57
33 62
33 63
33 64
33 72
33 78
33 79
33 80
33 81
33 84
33 85
33 86
33 94
34 34
34 35
34 39
34 43
34 45
34 49
34 64
34 65
34 67
34 71
34 110
35 35
35 37
35 39
35 42
35 43
35 44
35 45
35 49
35 64
35 65
35 66
35 67
35 71
35 77
35 92
35 93
35 96
35 110
35 114
36 36
36 37
36 40
36 41
36 62
36 72
36 74
36 76
36 77
36 78
36 80
36 81
36 82
36 83
36 84
36 101
37 37
37 38
37 39
37 54
37 76
37 77
37 96
37 99
37 105
37 107
37 109
37 110
37 111
38 38
38 39
38 40
38 54
38 68
38 82
38 86
38 87
38 94
38 95
38 96
38 97
38 110
39 39
39 40
39 41
39 45
39 67
39 86
39 87
39 88
39 94
39 95
39 96
39 97
39 108
39 109
39 110
39 114
40 40
40 41
40 72
40 82
40 83
40 95
40 96
40 99
40 108
41 41
41 60
41 74
41 83
42 42
42 43
42 44
42 45
42 46
42 47
42 48
42 49
42 53
42 55
42 67
42 77
42 96
42 98
42 99
42 109
42 110
42 111
42 113
42 114
43 43
43 44
43 45
43 46
43 47
43 49
43 53
43 55
43 67
43 95
43 96
43 97
43 98
43 99
43 108
43 109
43 110
43 111
43 113
43 114
43 115
44 44
44 45
44 46
44 47
44 49
44 55
44 66
44 67
44 98
44 111
45 45
45 46
45 47
45 49
45 55
45 64
45 65
45 67
45 87
45 96
45 97
45 108
45 110
46 46
46 47
46 48
46 49
46 50
46 51
46 53
46 55
46 96
46 98
46 99
46 109
46 110
46 111
47 47
47 48
47 49
47 53
47 55
47 67
47 77
47 95
47 96
47 97
47 98
47 99
47 108
47 109
47 110
47 111
47 113
47 114
48 48
48 49
48 50
48 51
48 52
48 53
48 54
48 55
48 58
48 59
48 61
48 65
48 66
48 67
48 90
48 91
48 92
48 96
48 98
48 99
48 100
48 105
48 109
48 110
48 111
48 114
49 49
49 51
49 53
49 55
49 67
49 98
49 99
49 109
49 111
50 50
50 51
50 52
50 53
50 54
50 55
51 51
51 52
51 53
51 54
51 55
51 90
51 98
51 99
52 52
52 53
52 54
52 58
52 59
52 69
52 89
52 90
52 98
52 103
53 53
53 55
53 90
53 91
53 98
53 99
53 109
53 111
54 54
54 55
54 88
54 89
54 90
54 96
54 109
55 55
55 96
55 97
55 98
55 99
55 109
55 110
55 111
56 56
56 57
56 62
56 63
56 68
56 69
56 72
56 78
56 79
56 80
56 81
56 82
56 83
56 84
56 85
56 86
57 57
57 62
57 63
57 68
57 69
57 72
57 78
57 79
57 80
57 81
57 82
57 83
57 84
57 85
57 86
58 58
58 59
58 60
58 61
58 65
58 66
58 88
58 89
58 92
58 100
58 104
58 112
59 59
59 60
59 61
59 65
59 66
59 69
59 89
59 90
59 100
59 102
59 103
59 104
59 105
59 112
60 60
60 61
60 62
60 63
60 66
60 72
60 100
61 61
61 63
61 65
61 66
61 88
61 89
61 92
61 100
61 104
61 112
62 62
62 63
62 68
62 72
62 74
62 76
62 78
62 79
62 80
62 81
62 82
62 83
62 84
62 85
63 63
63 68
63 72
63 73
63 74
63 76
63 78
63 79
63 80
63 81
63 84
63 85
64 64
64 65
64 67
64 84
64 94
65 65
65 66
65 67
65 88
65 89
65 91
65 92
65 93
65 96
65 110
65 112
65 113
65 114
66 66
66 67
66 100
66 102
66 103
66 104
66 105
67 67
67 92
67 93
67 96
67 97
67 108
67 110
67 114
68 68
68 69
68 72
68 78
68 79
68 80
68 81
68 82
68 83
68 84
68 85
68 86
69 69
69 78
69 79
69 80
69 81
69 84
69 103
70 70
70 71
70 73
70 74
70 75
70 76
70 77
71 71
71 73
71 75
71 77
71 91
71 93
71 95
71 114
72 72
72 73
72 74
72 76
72 78
72 79
72 80
72 81
72 82
72 83
72 85
73 73
73 74
73 75
73 76
73 77
73 78
73 79
73 80
73 81
73 107
74 74
74 76
74 78
74 80
74 81
74 83
75 75
75 76
75 77
75 112
76 76
76 77
76 81
76 83
76 101
76 107
77 77
77 90
77 91
77 92
77 93
77 95
77 98
77 99
77 100
77 102
77 106
77 107
77 109
77 110
77 111
77 114
78 78
78 79
78 80
78 81
78 82
78 83
78 84
78 85
79 79
79 80
79 81
79 82
79 84
79 85
79 86
79 94
80 80
80 81
80 82
80 83
80 84
80 85
81 81
81 82
81 83
81 84
81 85
81 86
82 82
82 83
82 84
82 85
82 86
82 87
82 95
82 101
82 108
83 83
83 84
83 85
84 84
84 85
84 86
84 88
85 85
85 86
86 86
86 87
86 88
86 94
86 101
87 87
87 92
87 93
87 94
87 95
87 96
87 97
87 108
87 113
87 114
87 115
88 88
88 89
88 92
88 93
89 89
89 90
89 92
90 90
90 91
90 92
90 93
90 98
90 99
90 100
90 102
90 104
90 105
90 110
90 111
90 112
90 113
90 114
91 91
91 92
91 93
91 95
91 98
91 99
91 100
91 101
91 102
91 103
91 104
91 105
91 108
91 110
91 111
91 112
91 113
91 114
92 92
92 93
92 100
92 101
92 104
92 105
92 110
92 112
92 113
92 114
93 93
93 99
93 100
93 101
93 102
93 104
93 105
93 106
93 112
93 113
93 114
94 94
94 95
94 97
94 108
94 114
94 115
95 95
95 96
95 97
95 98
95 99
95 108
95 109
95 110
95 111
95 113
95 114
95 115
96 96
96 97
96 98
96 99
96 108
96 109
96 110
96 114
97 97
97 99
97 108
97 109
97 110
97 114
98 98
98 99
98 100
98 102
98 103
98 108
98 109
98 110
98 111
99 99
99 100
99 101
99 105
99 108
99 109
99 110
99 111
99 112
99 113
99 114
100 100
100 101
100 102
100 103
100 104
100 105
100 106
100 107
100 112
101 101
101 102
101 103
101 106
101 114
102 102
102 103
102 104
102 105
102 106
102 107
102 112
103 103
103 104
103 105
104 104
104 105
104 106
104 107
104 112
105 105
105 107
105 110
105 111
106 106
106 107
107 107
108 108
108 109
108 110
108 111
108 113
108 114
108 115
109 109
109 110
109 111
109 114
110 110
110 111
110 113
110 114
111 111
111 113
111 114
112 112
113 113
113 114
113 115
114 114
114 115
115 115
