0 0
0 1
0 10
0 12
0 16
0 17
0 18
0 19
0 20
0 28
0 29
0 36
0 50
0 56
0 57
0 62
0 63
0 66
0 68
0 72
0 73
0 74
0 78
0 79
0 80
0 81
0 84
1 1
1 16
1 17
1 19
1 28
1 32
1 33
1 36
1 51
1 52
1 53
1 56
1 57
1 63
1 68
1 72
1 74
1 79
1 80
1 98
1 112
2 2
2 3
2 4
2 5
2 6
2 7
2 8
2 12
2 14
2 15
2 18
2 21
2 22
2 24
2 25
2 26
2 27
2 30
2 33
2 48
2 54
2 58
2 60
2 64
2 65
2 66
2 69
2 86
2 88
2 89
2 93
2 101
2 103
3 3
3 4
3 5
3 6
3 7
3 8
3 9
3 14
3 15
3 21
3 22
3 23
3 24
3 25
3 26
3 27
3 30
3 31
3 33
3 34
3 35
3 58
3 64
3 65
3 69
3 71
3 88
3 89
3 92
3 93
3 103
3 114
4 4
4 5
4 6
4 7
4 8
4 9
4 14
4 15
4 20
4 21
4 22
4 23
4 24
4 25
4 26
4 27
4 30
4 31
4 34
4 38
4 54
4 58
4 60
4 64
4 69
4 82
4 86
4 88
4 89
4 93
5 5
5 6
5 7
5 8
5 9
5 12
5 14
5 15
5 20
5 21
5 22
5 24
5 25
5 26
5 27
5 30
5 31
5 48
5 54
5 58
5 60
5 64
5 66
5 82
5 86
5 88
5 89
5 93
6 6
6 7
6 8
6 10
6 12
6 14
6 15
6 21
6 22
6 24
6 26
6 27
6 30
6 48
6 54
6 58
6 60
6 64
6 65
6 66
6 86
6 88
6 89
6 93
6 101
7 7
7 9
7 13
7 15
7 31
7 58
7 60
7 61
7 62
7 65
7 66
7 67
7 86
7 89
7 92
7 103
7 113
7 114
8 8
8 9
8 12
8 14
8 15
8 21
8 22
8 23
8 24
8 25
8 26
8 27
8 30
8 31
8 35
8 38
8 48
8 54
8 58
8 60
8 64
8 69
8 82
8 86
8 88
8 89
8 93
9 9
9 14
9 15
9 21
9 22
9 23
9 24
9 26
9 31
9 54
9 61
9 65
9 88
9 89
9 92
9 93
9 113
9 114
10 10
10 11
10 12
10 13
10 16
10 18
10 28
10 52
10 54
10 56
10 60
10 62
10 72
10 74
10 78
10 84
10 85
10 97
10 101
10 108
11 11
11 13
11 16
11 17
11 29
11 32
11 36
11 37
11 41
11 45
11 49
11 61
11 62
11 63
11 72
11 78
11 79
11 80
11 81
11 85
11 90
11 92
11 95
11 98
11 99
11 100
11 102
11 112
11 113
12 12
12 13
12 14
12 20
12 21
12 22
12 26
12 28
12 52
12 54
12 58
12 60
12 62
12 72
12 74
12 84
12 86
12 89
12 101
12 108
13 13
13 16
13 17
13 28
13 29
13 36
13 60
13 61
13 62
13 63
13 72
13 75
13 80
13 102
13 108
14 14
14 15
14 20
14 21
14 22
14 23
14 24
14 25
14 26
14 27
14 28
14 30
14 31
14 34
14 35
14 38
14 54
14 64
14 69
14 70
14 82
14 84
14 86
14 88
14 89
14 93
14 101
15 15
15 21
15 22
15 23
15 24
15 25
15 26
15 27
15 30
15 31
15 34
15 35
15 38
15 54
15 64
15 70
15 71
15 82
15 86
15 88
15 89
15 93
15 107
15 114
16 16
16 17
16 19
16 28
16 29
16 36
16 37
16 40
16 49
16 51
16 56
16 57
16 63
16 68
16 72
16 73
16 74
16 78
16 79
16 80
16 81
16 85
16 98
16 99
16 112
17 17
17 28
17 29
17 36
17 37
17 39
17 40
17 41
17 46
17 56
17 57
17 61
17 62
17 63
17 72
17 73
17 74
17 75
17 76
17 77
17 78
17 79
17 80
17 81
17 83
17 90
17 98
17 99
17 109
17 111
17 112
18 18
18 19
18 28
18 30
18 32
18 33
18 40
18 56
18 58
18 60
18 62
18 64
18 66
18 72
18 74
19 19
19 28
19 32
19 33
19 34
19 36
19 41
19 56
19 57
19 68
19 69
19 72
19 73
19 79
19 80
19 83
19 84
19 85
20 20
20 21
20 25
20 26
20 27
20 28
20 38
20 39
20 40
20 41
20 54
20 56
20 70
20 72
20 73
20 74
20 80
20 82
20 84
20 86
21 21
21 22
21 23
21 24
21 25
21 26
21 27
21 33
21 38
21 48
21 52
21 54
21 88
21 89
21 114
22 22
22 23
22 24
22 25
22 26
22 27
22 30
22 31
22 34
22 35
22 38
22 54
22 64
22 69
22 82
22 84
22 86
22 87
22 88
22 89
22 93
22 94
23 23
23 24
23 25
23 26
23 27
23 30
23 31
23 34
23 35
23 38
23 64
23 71
23 87
23 88
23 93
23 94
23 105
23 106
23 107
23 114
24 24
24 25
24 26
24 27
24 30
24 31
24 34
24 35
24 38
24 58
24 64
24 71
24 82
24 86
24 88
24 93
25 25
25 26
25 27
25 30
25 31
25 34
25 35
25 38
25 48
25 50
25 64
25 71
25 87
25 88
25 93
25 94
26 26
26 27
26 30
26 31
26 38
26 48
26 54
26 64
26 69
26 70
26 71
26 82
26 84
26 86
26 87
26 88
26 89
27 27
27 30
27 31
27 34
27 35
27 38
27 48
27 50
27 64
27 82
27 84
27 87
27 88
27 93
27 94
28 28
28 29
28 30
28 31
28 32
28 33
28 36
28 40
28 41
28 56
28 57
28 60
28 62
28 63
28 68
28 70
28 72
28 73
28 74
28 75
28 79
28 80
28 82
29 29
29 36
29 37
29 40
29 41
29 56
29 57
29 61
29 62
29 63
29 72
29 73
29 75
29 76
29 77
29 78
29 79
29 80
29 81
29 83
29 99
29 112
30 30
30 31
30 34
30 35
30 58
30 64
30 65
30 71
30 82
30 86
30 88
31 31
31 34
31 35
31 64
31 65
31 71
31 82
31 83
31 86
31 88
32 32
32 33
32 40
32 41
32 60
32 62
32 72
33 33
33 34
33 35
33 60
33 71
33 72
33 107
34 34
34 35
34 41
34 64
34 71
34 77
34 82
34 83
34 84
34 87
34 88
34 94
34 105
34 107
35 35
35 71
35 77
35 82
35 83
35 87
35 88
35 105
35 107
36 36
36 37
36 38
36 39
36 40
36 41
36 56
36 57
36 63
36 70
36 72
36 73
36 74
36 76
36 77
36 78
36 79
36 80
36 81
36 82
36 83
36 87
37 37
37 38
37 39
37 40
37 41
37 46
37 47
37 53
37 55
37 63
37 70
37 73
37 75
37 76
37 77
37 78
37 79
37 80
37 81
37 83
37 90
37 96
37 98
37 99
37 105
37 109
37 110
37 112
38 38
38 39
38 40
38 41
38 54
38 70
38 73
38 76
38 82
38 84
38 86
38 87
38 88
38 89
38 93
38 96
38 106
38 107
39 39
39 40
39 41
39 46
39 53
39 55
39 70
39 71
39 73
39 77
39 79
39 80
39 81
39 82
39 83
39 87
39 94
39 96
39 105
39 109
39 110
40 40
40 41
40 70
40 72
40 73
40 74
40 75
40 76
40 78
40 80
40 82
40 83
40 96
40 106
41 41
41 70
41 71
41 73
41 76
41 77
41 78
41 79
41 80
41 81
41 82
41 83
41 87
41 96
41 105
42 42
42 43
42 44
42 45
42 46
42 47
42 49
42 51
42 53
42 55
42 90
42 91
42 92
42 96
42 97
42 98
42 99
42 109
42 110
42 111
42 112
43 43
43 44
43 45
43 46
43 47
43 49
43 51
43 53
43 55
43 90
43 96
43 97
43 98
43 99
43 109
43 110
43 111
43 112
44 44
44 45
44 46
44 47
44 48
44 49
44 50
44 51
44 53
44 55
44 66
44 67
44 90
44 96
44 97
44 98
44 99
44 102
44 111
44 112
44 115
45 45
45 46
45 47
45 49
45 51
45 55
45 66
45 67
45 78
45 80
45 90
45 96
45 98
45 99
45 111
45 112
46 46
46 47
46 49
46 51
46 53
46 55
46 79
46 80
46 81
46 90
46 96
46 98
46 99
46 109
46 110
46 111
46 112
47 47
47 49
47 53
47 55
47 77
47 90
47 91
47 96
47 98
47 99
47 109
47 110
47 111
48 48
48 50
48 51
48 52
48 58
48 66
48 89
48 93
48 103
48 115
49 49
49 51
49 53
49 55
49 80
49 81
49 90
49 96
49 98
49 99
49 100
49 102
49 110
49 111
49 112
50 50
50 51
50 52
50 56
50 68
50 84
50 85
51 51
51 52
51 53
51 55
51 56
51 57
51 78
51 80
51 85
51 90
51 98
51 99
51 102
51 111
51 112
52 52
52 53
52 54
52 55
52 85
52 89
52 99
53 53
53 55
53 79
53 80
53 81
53 87
53 90
53 98
53 99
53 110
53 111
53 112
54 54
54 58
54 60
54 84
54 86
54 88
54 89
54 93
54 101
54 114
55 55
55 79
55 80
55 81
55 90
55 96
55 97
55 98
55 99
55 110
55 111
55 112
56 56
56 57
56 62
56 63
56 68
56 69
56 72
56 73
56 74
56 78
56 79
56 80
56 81
56 84
56 85
57 57
57 59
57 62
57 63
57 68
57 69
57 72
57 74
57 78
57 79
57 80
57 81
57 86
58 58
58 59
58 60
58 61
58 62
58 64
58 65
58 66
58 67
58 86
58 88
58 89
58 101
58 103
59 59
59 60
59 61
59 62
59 63
59 66
59 67
59 86
59 103
60 60
60 61
60 62
60 64
60 65
60 66
60 67
60 86
60 89
60 101
60 103
61 61
61 62
61 63
61 65
61 75
61 77
61 92
62 62
62 63
62 66
62 72
62 78
63 63
63 72
63 73
63 75
63 76
63 77
63 79
63 80
63 81
63 83
63 98
63 99
63 100
63 111
63 112
64 64
64 65
64 68
64 69
64 71
64 82
64 84
64 86
64 88
64 89
64 93
64 94
64 101
65 65
65 66
65 67
65 84
65 88
65 92
65 94
66 66
66 67
66 101
66 103
66 115
67 67
67 103
68 68
68 69
68 78
68 79
68 80
68 84
68 85
68 88
68 89
69 69
69 84
69 86
69 88
69 89
70 70
70 73
70 76
70 77
70 78
70 81
70 82
70 83
70 109
71 71
71 73
71 77
71 82
71 83
71 94
71 105
71 107
71 110
72 72
72 73
72 74
72 75
72 76
72 78
72 79
72 80
72 81
72 85
72 99
72 112
73 73
73 74
73 75
73 76
73 77
73 78
73 79
73 80
73 81
73 83
73 87
73 99
73 109
73 112
74 74
74 75
74 76
74 78
74 80
74 81
74 99
74 109
74 111
75 75
75 76
75 77
75 81
75 108
75 109
75 111
76 76
76 77
76 79
76 81
76 96
76 99
76 104
76 109
76 110
76 113
77 77
77 79
77 82
77 83
77 87
77 105
77 107
77 110
78 78
78 79
78 80
78 81
78 85
78 97
78 98
78 99
78 112
79 79
79 80
79 81
79 83
79 98
79 99
79 110
79 112
80 80
80 81
80 83
80 85
80 98
80 99
80 112
81 81
81 83
81 85
81 95
81 96
81 97
81 98
81 99
81 108
81 109
81 111
81 112
82 82
82 83
82 84
82 86
82 87
82 88
82 107
83 83
83 87
84 84
84 85
84 86
84 87
84 88
84 94
85 85
85 87
85 108
86 86
86 88
86 89
87 87
87 88
87 109
87 110
88 88
88 89
88 93
88 101
89 89
89 93
89 101
90 90
90 91
90 92
90 98
90 99
90 100
90 102
90 110
90 111
91 91
91 92
91 93
91 98
91 100
91 102
91 109
91 110
91 115
92 92
92 93
92 95
92 97
92 100
92 102
92 103
92 104
92 105
92 113
92 114
92 115
93 93
93 100
93 101
93 103
93 104
93 113
93 114
94 94
94 95
94 105
94 108
94 109
94 110
95 95
95 97
95 99
95 108
95 109
95 111
95 112
95 113
95 115
96 96
96 97
96 98
96 99
96 104
96 109
96 110
96 111
96 112
97 97
97 99
97 102
97 104
97 108
97 109
97 111
97 112
97 113
97 114
97 115
98 98
98 99
98 102
98 110
98 111
98 112
99 99
99 100
99 102
99 108
99 109
99 110
99 111
99 112
99 113
99 115
100 100
100 101
100 102
100 103
100 115
101 101
101 103
101 106
102 102
102 103
102 104
102 112
102 113
102 115
103 103
103 104
104 104
104 105
104 106
104 107
104 113
104 114
104 115
105 105
105 106
105 107
105 110
105 114
106 106
106 107
107 107
108 108
108 109
108 111
108 115
109 109
109 110
109 111
110 110
110 111
111 111
111 112
112 112
112 113
113 113
113 114
113 115
114 114
114 115
115 115
