0 0
0 1
0 4
0 7
0 8
0 10
0 18
0 20
0 21
0 26
0 48
0 56
0 58
0 60
0 61
0 65
0 70
0 75
1 1
1 11
1 13
1 15
1 17
1 19
1 20
1 29
1 41
1 48
1 52
1 54
1 56
1 57
1 58
1 59
1 60
1 61
1 62
1 63
1 68
1 70
1 72
1 75
1 81
1 83
1 89
1 100
1 101
1 102
2 2
2 4
2 6
2 8
2 18
2 22
2 32
2 33
2 34
2 35
2 64
2 66
2 67
2 93
3 3
3 5
3 20
3 21
3 22
3 23
3 25
3 26
3 27
3 31
3 45
3 64
3 65
3 67
3 70
3 71
3 85
3 86
3 87
3 89
3 90
3 92
4 4
4 5
4 6
4 7
4 8
4 9
4 10
4 14
4 20
4 21
4 25
4 26
4 35
4 48
4 50
4 53
4 58
4 59
4 61
4 64
4 70
4 71
4 84
4 88
4 89
4 102
4 104
5 5
5 7
5 9
5 14
5 15
5 20
5 23
5 24
5 25
5 26
5 27
5 35
5 64
5 65
5 67
5 70
5 71
5 75
5 84
5 85
5 88
5 89
5 92
6 6
6 7
6 8
6 9
6 10
6 11
6 12
6 13
6 18
6 28
6 29
6 32
6 33
6 35
6 60
6 62
6 63
6 64
6 66
6 72
6 93
7 7
7 8
7 9
7 10
7 11
7 12
7 13
7 15
7 17
7 29
7 33
7 60
7 61
7 63
7 65
7 75
7 83
7 92
8 8
8 9
8 10
8 12
8 14
8 15
8 28
8 48
8 53
8 59
8 60
8 61
8 72
8 84
8 93
9 9
9 10
9 14
9 15
9 29
9 30
9 61
9 63
9 64
9 65
9 75
9 83
9 84
9 92
10 10
10 11
10 12
10 13
10 14
10 17
10 18
10 28
10 29
10 48
10 72
10 84
10 86
10 91
10 93
10 108
11 11
11 12
11 13
11 15
11 17
11 28
11 29
11 30
11 31
11 33
11 60
11 61
11 62
11 63
11 71
11 72
11 73
11 75
11 81
11 83
11 100
12 12
12 13
12 14
12 15
12 16
12 17
12 28
12 29
12 32
12 33
12 36
12 40
12 48
12 54
12 60
12 61
12 62
12 63
12 72
12 81
12 82
12 83
12 93
12 108
13 13
13 15
13 16
13 17
13 28
13 29
13 32
13 33
13 36
13 40
13 60
13 61
13 62
13 63
13 72
13 73
13 76
13 80
13 81
13 83
13 100
14 14
14 15
14 22
14 26
14 28
14 36
14 54
14 82
14 83
14 84
14 86
14 87
14 88
15 15
15 28
15 29
15 32
15 33
15 36
15 40
15 54
15 60
15 61
15 62
15 63
15 72
15 76
15 77
15 80
15 81
15 82
15 83
15 100
16 16
16 17
16 28
16 29
16 32
16 33
16 36
16 40
16 56
16 57
16 60
16 62
16 63
16 72
16 73
16 74
16 76
16 77
16 78
16 79
16 80
16 81
16 106
17 17
17 28
17 29
17 33
17 36
17 41
17 56
17 57
17 60
17 61
17 62
17 63
17 72
17 73
17 75
17 78
17 79
17 80
17 81
17 95
17 106
17 108
17 115
18 18
18 19
18 39
18 66
18 88
18 90
18 91
18 93
18 99
18 107
19 19
19 28
19 32
19 43
19 47
19 68
19 69
19 70
19 72
19 80
19 90
19 101
19 110
20 20
20 21
20 24
20 25
20 26
20 27
20 41
20 46
20 50
20 56
20 57
20 58
20 59
20 69
20 70
20 71
20 75
20 89
20 100
20 102
20 104
20 115
21 21
21 22
21 23
21 24
21 25
21 27
21 31
21 38
21 39
21 41
21 47
21 50
21 55
21 56
21 57
21 58
21 65
21 67
21 70
21 71
21 73
21 74
21 75
21 88
21 89
21 94
21 95
21 96
21 97
21 107
21 108
21 109
21 110
22 22
22 23
22 24
22 25
22 27
22 30
22 31
22 34
22 35
22 38
22 45
22 64
22 65
22 67
22 74
22 84
22 85
22 86
22 87
22 88
22 91
22 93
22 110
23 23
23 24
23 25
23 27
23 30
23 31
23 34
23 45
23 64
23 67
23 71
23 84
23 85
23 86
23 87
23 90
23 91
23 92
23 110
24 24
24 25
24 26
24 27
24 30
24 31
24 34
24 35
24 45
24 46
24 47
24 50
24 55
24 65
24 67
24 70
24 71
24 85
24 86
24 87
24 91
24 94
24 96
24 110
25 25
25 27
25 30
25 31
25 35
25 45
25 47
25 50
25 53
25 55
25 64
25 65
25 67
25 70
25 71
25 85
25 86
25 91
25 94
25 96
25 97
25 110
26 26
26 27
26 38
26 54
26 55
26 56
26 67
26 69
26 82
26 84
26 85
26 86
26 87
26 88
26 89
26 104
27 27
27 31
27 34
27 38
27 39
27 45
27 46
27 47
27 50
27 55
27 65
27 67
27 70
27 71
27 82
27 84
27 85
27 86
27 87
27 88
27 89
27 96
27 97
27 110
28 28
28 29
28 32
28 33
28 36
28 37
28 40
28 60
28 61
28 62
28 63
28 72
28 76
28 78
28 80
28 81
28 82
28 83
29 29
29 30
29 32
29 33
29 36
29 40
29 60
29 61
29 62
29 63
29 72
29 73
29 75
29 76
29 78
29 79
29 80
29 81
29 83
29 95
29 101
30 30
30 31
30 33
30 40
30 44
30 64
30 70
30 71
30 73
30 74
30 75
30 76
30 77
30 81
30 83
30 85
30 87
31 31
31 33
31 35
31 45
31 64
31 67
31 70
31 71
31 73
31 74
31 75
31 85
31 87
32 32
32 33
32 36
32 40
32 60
32 62
32 63
32 66
32 68
32 72
32 76
32 77
32 78
32 80
32 83
33 33
33 35
33 40
33 60
33 61
33 62
33 63
33 66
33 72
33 76
33 83
34 34
34 35
34 44
34 45
34 49
34 64
34 66
34 67
34 85
34 87
34 96
34 110
35 35
35 44
35 45
35 64
35 66
35 67
36 36
36 37
36 40
36 54
36 60
36 62
36 63
36 68
36 72
36 76
36 77
36 78
36 80
36 81
36 82
36 83
36 101
36 104
36 112
37 37
37 38
37 39
37 40
37 41
37 42
37 47
37 55
37 68
37 69
37 73
37 74
37 76
37 77
37 80
37 82
37 87
37 96
37 97
37 99
37 109
37 110
37 113
38 38
38 39
38 52
38 54
38 55
38 66
38 74
38 82
38 86
38 87
38 88
38 89
38 94
38 95
38 96
38 97
38 99
38 107
38 108
38 109
38 110
38 112
38 114
38 115
39 39
39 55
39 56
39 68
39 74
39 82
39 87
39 88
39 89
39 94
39 95
39 96
39 97
39 99
39 106
39 107
39 108
39 109
39 110
39 113
39 114
40 40
40 60
40 62
40 63
40 72
40 76
40 77
40 80
40 81
40 82
40 83
40 87
40 103
40 104
40 105
41 41
41 50
41 52
41 56
41 57
41 63
41 70
41 71
41 73
41 74
41 75
41 77
41 89
41 106
41 115
42 42
42 43
42 44
42 45
42 46
42 47
42 48
42 49
42 55
42 87
42 96
42 98
42 99
42 110
42 111
42 112
43 43
43 44
43 45
43 46
43 47
43 49
43 55
43 73
43 75
43 76
43 96
43 98
43 110
43 111
44 44
44 45
44 46
44 48
44 49
44 50
44 66
44 67
44 75
44 85
45 45
45 46
45 47
45 49
45 50
45 55
45 65
45 67
45 71
45 85
45 96
45 98
45 110
45 111
46 46
46 47
46 48
46 49
46 50
46 51
46 54
46 55
46 56
46 68
46 69
46 96
46 97
46 98
46 99
46 104
46 110
46 111
47 47
47 49
47 51
47 55
47 67
47 68
47 69
47 70
47 71
47 73
47 75
47 90
47 91
47 96
47 97
47 98
47 110
47 111
48 48
48 49
48 50
48 51
48 52
48 54
48 58
48 59
48 60
48 61
48 89
48 96
48 98
48 101
48 102
48 112
49 49
49 50
49 51
49 56
49 98
49 111
49 112
50 50
50 51
50 52
50 53
50 54
50 58
50 70
50 71
50 84
50 85
50 89
50 98
50 104
50 112
51 51
51 52
51 53
51 55
51 58
51 59
51 61
51 65
51 70
51 89
51 90
51 91
51 98
51 104
51 112
52 52
52 53
52 54
52 58
52 59
52 60
52 61
52 62
52 63
52 88
52 89
52 95
52 98
52 99
52 100
52 104
52 112
53 53
53 84
53 89
53 90
53 91
53 104
54 54
54 55
54 59
54 62
54 68
54 82
54 84
54 86
54 87
54 88
54 89
54 95
54 96
54 97
54 98
54 99
54 100
54 101
54 102
54 103
54 104
54 112
55 55
55 67
55 71
55 82
55 86
55 87
55 88
55 89
55 94
55 95
55 96
55 97
55 98
55 99
55 107
55 108
55 109
55 110
55 111
55 115
56 56
56 57
56 58
56 59
56 60
56 68
56 69
56 70
56 75
56 76
56 77
56 78
56 80
56 95
56 97
56 99
56 107
57 57
57 58
57 59
57 63
57 68
57 69
57 70
57 79
57 88
57 95
57 102
57 107
58 58
58 59
58 60
58 61
58 63
58 65
58 88
58 89
58 102
58 104
59 59
59 60
59 61
59 62
59 63
59 89
59 100
59 101
59 102
59 104
60 60
60 61
60 62
60 63
60 72
60 80
60 81
60 83
60 100
60 101
60 102
61 61
61 62
61 63
61 65
61 72
61 83
61 89
61 100
61 102
61 115
62 62
62 63
62 66
62 72
62 76
62 78
62 80
62 81
62 83
62 100
62 101
62 102
63 63
63 72
63 80
63 81
63 83
63 100
63 101
63 102
64 64
64 66
64 67
64 84
64 85
64 86
64 87
64 88
64 91
64 92
64 93
65 65
65 86
65 88
65 91
65 92
65 106
66 66
66 67
66 103
67 67
67 69
67 71
67 84
67 85
67 87
67 96
67 105
67 110
68 68
68 69
68 76
68 77
68 80
68 82
68 97
68 101
68 102
68 103
68 104
68 109
68 110
69 69
69 90
69 97
69 103
69 105
69 107
69 110
69 115
70 70
70 71
70 73
70 74
70 75
70 77
70 90
70 110
71 71
71 73
71 74
71 75
71 77
71 110
72 72
72 73
72 74
72 76
72 78
72 80
72 81
72 83
72 101
72 108
73 73
73 74
73 75
73 76
73 77
73 80
73 81
73 95
74 74
74 75
74 76
74 81
74 87
74 97
75 75
75 77
75 81
75 95
75 115
76 76
76 77
76 78
76 80
76 81
76 83
77 77
77 80
77 81
77 83
77 113
78 78
78 79
78 80
78 81
78 95
79 79
79 80
79 81
79 110
79 114
80 80
80 81
80 83
80 113
81 81
81 83
82 82
82 83
82 84
82 86
82 87
82 88
82 89
82 97
82 99
82 102
82 112
83 83
83 100
84 84
84 85
84 86
84 87
84 88
84 104
85 85
85 86
85 87
85 92
86 86
86 87
86 88
86 89
86 91
86 94
86 96
86 97
86 98
86 99
86 112
87 87
87 88
87 96
87 97
87 109
88 88
88 89
88 95
88 97
88 99
88 107
89 89
89 95
89 97
89 99
89 100
89 101
89 102
89 104
89 107
89 108
89 112
89 115
90 90
90 91
90 92
90 93
90 98
90 100
90 103
90 105
90 106
90 107
90 110
90 111
90 113
91 91
91 92
91 93
91 94
91 98
91 99
91 105
91 107
91 108
91 110
91 111
91 112
91 113
92 92
92 93
92 100
92 103
92 105
92 106
92 107
92 113
92 114
93 93
93 100
93 101
93 103
93 104
93 105
93 106
93 107
93 112
93 113
93 114
94 94
94 95
94 96
94 97
94 98
94 99
94 105
94 106
94 107
94 108
94 109
94 110
94 111
94 114
94 115
95 95
95 96
95 97
95 98
95 99
95 101
95 106
95 107
95 108
95 109
95 112
95 113
95 115
96 96
96 97
96 98
96 99
96 105
96 108
96 109
96 110
96 111
97 97
97 98
97 99
97 105
97 107
97 108
97 109
97 110
97 111
97 112
97 114
97 115
98 98
98 99
98 100
98 107
98 108
98 111
98 112
98 113
99 99
99 107
99 108
99 109
99 110
99 111
99 112
99 113
99 115
100 100
100 101
100 102
100 103
100 104
100 112
101 101
101 102
101 103
101 104
101 107
101 112
101 113
102 102
102 103
102 104
102 112
102 113
103 103
103 104
103 105
104 104
104 105
104 112
105 105
105 106
105 109
105 110
105 114
105 115
106 106
106 107
106 108
106 109
106 110
106 111
106 112
106 113
106 114
106 115
107 107
107 109
107 110
107 111
107 112
107 113
107 114
108 108
108 109
108 110
108 111
108 115
109 109
109 110
109 111
110 110
110 111
110 114
110 115
111 111
111 112
111 113
111 114
112 112
112 113
113 113
113 114
114 114
114 115
115 115
