0 0
0 1
0 10
0 16
0 18
0 19
0 28
0 32
0 54
0 56
0 57
0 58
0 59
0 60
0 61
0 62
0 63
0 69
0 78
0 79
0 80
0 81
0 89
1 1
1 10
1 12
1 16
1 18
1 28
1 32
1 33
1 54
1 55
1 56
1 57
1 59
1 60
1 61
1 62
1 63
1 68
1 69
1 78
1 79
1 80
1 81
1 83
1 84
1 85
1 89
2 2
2 4
2 5
2 6
2 21
2 22
2 23
2 24
2 25
2 27
2 30
2 31
2 65
2 67
2 71
2 91
2 92
2 93
2 114
3 3
3 7
3 18
3 22
3 23
3 31
3 35
3 64
3 83
4 4
4 5
4 6
4 8
4 9
4 14
4 22
4 23
4 24
4 26
4 27
4 30
4 35
4 42
4 43
4 64
4 65
4 70
4 71
4 87
4 91
4 92
4 93
4 107
4 110
4 114
5 5
5 9
5 21
5 22
5 23
5 24
5 25
5 26
5 27
5 31
5 34
5 35
5 50
5 64
5 65
5 66
5 67
5 71
5 90
5 91
5 92
5 93
5 94
5 97
5 106
5 110
5 111
5 114
6 6
6 7
6 8
6 9
6 10
6 11
6 12
6 13
6 14
6 15
6 42
6 43
6 60
6 65
6 73
6 74
6 75
6 76
6 88
6 92
6 93
6 101
6 107
6 112
6 114
7 7
7 8
7 9
7 11
7 12
7 13
7 14
7 15
7 29
7 31
7 33
7 35
7 41
7 60
7 61
7 65
7 71
7 72
7 73
7 75
7 88
7 92
7 107
7 112
8 8
8 9
8 11
8 12
8 13
8 14
8 15
8 20
8 30
8 31
8 35
8 42
8 43
8 65
8 70
8 71
8 73
8 74
8 75
8 76
8 77
8 90
8 91
8 92
8 93
8 100
8 101
8 110
8 112
8 114
9 9
9 11
9 14
9 15
9 20
9 21
9 23
9 24
9 25
9 30
9 31
9 35
9 37
9 42
9 43
9 45
9 64
9 65
9 70
9 71
9 73
9 75
9 77
9 87
9 90
9 91
9 92
9 93
9 94
9 100
9 101
9 110
9 112
9 113
9 114
10 10
10 11
10 12
10 13
10 14
10 16
10 28
10 56
10 58
10 60
10 72
10 74
10 82
10 88
10 89
11 11
11 12
11 13
11 14
11 15
11 17
11 28
11 29
11 31
11 32
11 33
11 41
11 60
11 65
11 72
11 73
11 74
11 76
11 83
11 88
12 12
12 13
12 14
12 15
12 16
12 17
12 28
12 29
12 32
12 33
12 56
12 60
12 61
12 72
12 74
12 76
12 88
12 101
13 13
13 14
13 15
13 17
13 28
13 29
13 32
13 33
13 41
13 60
13 61
13 65
13 72
13 73
13 88
13 100
13 101
14 14
14 15
14 20
14 29
14 38
14 41
14 42
14 43
14 60
14 72
14 73
14 74
14 76
14 82
14 83
14 87
14 88
14 93
14 101
14 107
14 110
14 114
15 15
15 17
15 20
15 28
15 29
15 41
15 42
15 43
15 44
15 46
15 60
15 72
15 73
15 74
15 76
15 83
15 100
15 101
16 16
16 17
16 28
16 29
16 32
16 33
16 54
16 56
16 57
16 60
16 61
16 62
16 63
16 69
16 72
16 78
16 79
16 80
16 81
16 82
16 83
16 84
17 17
17 28
17 29
17 32
17 33
17 54
17 56
17 57
17 60
17 61
17 62
17 63
17 72
17 78
17 79
17 80
17 81
17 82
17 103
17 104
17 105
18 18
18 19
18 32
18 57
18 62
18 63
18 68
18 69
18 76
18 80
18 81
18 83
18 98
18 99
18 102
19 19
19 36
19 47
19 57
19 68
19 69
19 83
19 84
19 99
20 20
20 21
20 26
20 30
20 31
20 35
20 36
20 37
20 38
20 39
20 41
20 42
20 43
20 70
20 71
20 73
20 74
20 75
20 76
20 77
20 87
20 93
20 94
20 99
20 110
20 111
20 112
20 114
21 21
21 23
21 24
21 25
21 26
21 27
21 30
21 31
21 34
21 35
21 38
21 41
21 65
21 67
21 70
21 71
21 73
21 75
21 77
21 87
21 91
21 92
21 106
21 108
21 113
21 114
22 22
22 23
22 24
22 25
22 26
22 27
22 30
22 31
22 34
22 35
22 50
22 51
22 64
22 65
22 71
22 86
22 87
22 91
22 92
22 93
22 113
22 114
23 23
23 24
23 25
23 26
23 27
23 30
23 31
23 34
23 35
23 42
23 64
23 65
23 67
23 70
23 71
23 75
23 86
23 90
23 91
23 92
23 93
23 94
23 105
23 108
23 110
23 111
23 113
23 114
24 24
24 25
24 26
24 27
24 30
24 31
24 34
24 35
24 50
24 65
24 66
24 67
24 70
24 71
24 75
24 90
24 91
24 93
24 100
24 106
24 110
24 113
24 114
25 25
25 27
25 30
25 31
25 34
25 35
25 37
25 42
25 43
25 45
25 47
25 65
25 66
25 67
25 71
25 77
25 94
25 96
25 97
25 104
25 106
25 108
25 109
25 110
25 111
25 114
26 26
26 27
26 34
26 39
26 41
26 64
26 70
26 71
26 75
26 90
26 91
26 95
26 108
26 114
27 27
27 30
27 34
27 35
27 64
27 65
27 66
27 67
27 70
27 71
27 91
27 93
27 94
27 108
27 110
27 111
27 114
28 28
28 29
28 32
28 33
28 36
28 40
28 41
28 56
28 57
28 60
28 61
28 62
28 63
28 72
28 73
28 74
28 76
28 78
28 80
28 81
28 82
28 83
28 102
29 29
29 32
29 33
29 40
29 41
29 60
29 61
29 62
29 72
29 73
29 74
29 76
29 83
30 30
30 31
30 35
30 42
30 43
30 64
30 65
30 70
30 71
30 73
30 75
30 76
30 77
30 93
30 94
30 108
30 110
30 114
31 31
31 34
31 35
31 42
31 45
31 64
31 65
31 70
31 71
31 73
31 75
31 77
31 92
31 106
31 108
31 110
31 113
31 114
32 32
32 33
32 55
32 56
32 57
32 60
32 61
32 62
32 63
32 72
32 76
32 78
32 79
32 80
32 81
32 83
33 33
33 41
33 56
33 60
33 61
33 62
33 63
33 72
33 76
33 78
33 80
33 83
33 115
34 34
34 35
34 50
34 64
34 65
34 66
34 67
34 90
34 106
35 35
35 42
35 43
35 45
35 64
35 65
35 67
35 70
35 71
35 75
35 77
35 87
35 90
35 91
35 92
35 93
35 94
35 106
35 109
35 110
35 111
35 112
35 114
36 36
36 37
36 38
36 39
36 40
36 41
36 72
36 74
36 76
36 82
36 83
36 84
36 97
36 115
37 37
37 38
37 39
37 40
37 41
37 42
37 43
37 47
37 65
37 70
37 71
37 73
37 75
37 76
37 77
37 93
37 94
37 95
37 96
37 97
37 107
37 109
37 110
37 111
37 112
37 114
37 115
38 38
38 39
38 40
38 41
38 87
38 88
38 96
38 97
38 114
38 115
39 39
39 40
39 41
39 65
39 70
39 88
39 89
39 92
39 94
39 95
39 96
39 97
39 99
39 107
39 108
39 109
39 110
39 111
39 112
39 114
39 115
40 40
40 41
40 72
40 74
40 82
40 83
40 84
40 94
40 115
41 41
41 70
41 72
41 73
41 74
41 75
41 76
41 83
41 115
42 42
42 43
42 44
42 45
42 46
42 47
42 70
42 71
42 73
42 74
42 75
42 76
42 77
42 87
42 93
42 94
42 97
42 109
42 110
42 111
42 112
42 113
42 114
43 43
43 44
43 45
43 46
43 47
43 70
43 71
43 73
43 74
43 75
43 76
43 77
43 94
43 97
43 109
43 110
43 111
43 112
43 114
44 44
44 45
44 46
44 47
44 48
44 49
44 50
44 51
44 90
45 45
45 46
45 47
45 48
45 49
45 65
45 67
45 77
45 85
45 94
45 96
45 97
45 109
45 110
45 111
46 46
46 47
46 48
46 49
46 50
46 51
46 53
46 76
46 77
46 83
46 109
46 110
47 47
47 48
47 49
47 77
47 94
47 95
47 96
47 97
47 109
47 110
47 111
48 48
48 49
48 50
48 51
48 52
48 53
48 55
48 68
48 90
48 98
48 106
49 49
49 50
49 51
49 52
49 53
49 55
49 68
49 82
50 50
50 51
50 52
50 53
50 54
50 55
50 57
50 59
50 62
50 63
50 66
50 68
50 69
50 79
50 80
50 81
50 84
50 85
50 98
51 51
51 52
51 53
51 55
51 98
52 52
52 53
52 54
52 55
52 58
52 59
52 66
52 84
52 88
52 89
52 98
53 53
53 54
53 55
53 57
53 59
53 62
53 66
53 68
53 84
53 85
53 98
54 54
54 55
54 56
54 57
54 59
54 62
54 63
54 66
54 69
54 80
54 81
54 84
54 85
54 88
54 89
54 98
55 55
55 59
55 62
55 63
55 66
55 80
55 81
55 84
55 85
55 89
55 96
55 98
56 56
56 57
56 59
56 60
56 61
56 62
56 63
56 68
56 69
56 78
56 79
56 80
56 81
56 84
56 89
57 57
57 59
57 61
57 62
57 63
57 66
57 68
57 69
57 78
57 79
57 80
57 81
57 84
57 85
58 58
58 59
58 60
58 61
58 66
58 88
58 89
59 59
59 61
59 62
59 63
59 66
59 69
59 80
59 81
59 84
59 85
59 89
59 98
60 60
60 61
60 62
60 63
60 72
60 78
60 80
60 88
60 107
61 61
61 62
61 63
61 72
61 78
61 79
61 80
61 81
61 88
61 89
62 62
62 63
62 66
62 69
62 72
62 78
62 79
62 80
62 81
62 82
62 83
62 84
62 85
62 98
62 103
63 63
63 66
63 68
63 69
63 72
63 78
63 79
63 80
63 81
63 84
63 85
63 98
63 103
64 64
64 65
64 71
64 86
64 87
64 91
64 92
64 93
64 114
65 65
65 67
65 70
65 71
65 75
65 87
65 92
65 93
65 94
65 97
65 100
65 110
65 111
65 113
65 114
66 66
66 67
66 68
66 69
66 79
66 80
66 81
66 84
66 85
66 98
66 103
67 67
67 71
67 85
67 94
67 96
67 97
67 110
67 111
68 68
68 69
68 79
68 80
68 81
68 84
68 85
68 98
68 102
69 69
69 78
69 79
69 80
69 81
69 84
69 85
69 98
69 103
70 70
70 71
70 73
70 74
70 75
70 76
70 77
70 91
70 92
70 93
70 94
70 95
70 99
70 108
70 110
70 111
70 112
70 114
71 71
71 73
71 74
71 75
71 76
71 77
71 87
71 90
71 91
71 92
71 93
71 94
71 99
71 110
71 111
71 112
71 113
71 114
72 72
72 73
72 74
72 76
72 83
73 73
73 74
73 75
73 76
73 77
73 87
73 114
74 74
74 75
74 76
74 87
74 114
75 75
75 76
75 77
75 91
75 92
75 93
75 106
75 112
75 114
76 76
76 77
76 112
77 77
77 94
77 95
77 97
77 106
77 108
77 109
77 110
77 111
78 78
78 79
78 80
78 81
79 79
79 80
79 81
80 80
80 81
80 82
80 83
80 84
80 85
80 98
80 102
81 81
81 82
81 83
81 84
81 85
81 98
81 103
82 82
82 83
82 84
82 86
82 87
82 88
83 83
83 84
83 109
84 84
84 85
84 89
84 98
85 85
85 89
85 98
86 86
86 87
86 88
86 91
86 100
86 113
86 114
87 87
87 92
87 114
88 88
88 89
88 107
89 89
89 107
90 90
90 91
90 92
90 93
90 98
90 100
90 101
90 106
91 91
91 92
91 93
91 98
91 99
91 100
91 101
91 106
91 108
91 111
91 113
91 114
92 92
92 93
92 94
92 99
92 100
92 101
92 105
92 107
92 108
92 110
92 111
92 112
92 113
92 114
93 93
93 94
93 99
93 100
93 101
93 105
93 107
93 108
93 110
93 111
93 112
93 113
93 114
94 94
94 95
94 96
94 97
94 99
94 105
94 107
94 108
94 109
94 110
94 111
94 114
94 115
95 95
95 96
95 97
95 99
95 108
95 109
95 110
95 111
95 114
95 115
96 96
96 97
96 98
96 99
96 108
96 109
96 110
96 111
97 97
97 99
97 108
97 109
97 110
97 111
97 112
97 115
98 98
98 99
98 102
98 103
98 106
99 99
99 101
99 108
99 111
99 112
99 113
99 114
100 100
100 101
100 104
100 105
100 106
100 112
100 113
100 114
101 101
101 102
101 105
101 106
101 112
101 113
101 114
102 102
102 103
102 106
103 103
103 104
103 105
104 104
104 105
105 105
105 107
105 108
105 111
105 114
106 106
106 108
106 111
107 107
107 110
107 111
107 112
108 108
108 109
108 110
108 111
108 113
108 114
108 115
109 109
109 110
109 111
110 110
110 111
110 112
110 114
111 111
111 112
111 113
111 114
112 112
112 113
113 113
113 114
114 114
114 115
115 115
