0 0
0 1
0 10
0 11
0 12
0 13
0 16
0 19
0 20
0 40
0 41
0 56
0 57
0 58
0 59
0 60
0 61
0 62
0 63
0 68
0 71
0 82
0 88
0 106
0 107
1 1
1 10
1 11
1 13
1 16
1 19
1 56
1 57
1 59
1 61
1 62
1 63
1 68
1 69
1 73
1 75
1 79
1 80
1 81
1 83
1 106
1 107
2 2
2 3
2 4
2 6
2 7
2 18
2 22
2 24
2 25
2 27
2 50
2 58
2 60
2 64
2 65
2 66
2 67
2 88
2 101
2 103
3 3
3 4
3 5
3 6
3 7
3 8
3 9
3 11
3 13
3 15
3 23
3 25
3 31
3 64
3 65
3 88
3 89
3 90
3 92
3 102
3 112
4 4
4 5
4 6
4 7
4 8
4 9
4 12
4 14
4 15
4 18
4 20
4 26
4 27
4 58
4 60
4 64
4 65
4 73
4 83
4 88
4 93
5 5
5 9
5 15
5 20
5 21
5 23
5 25
5 26
5 27
5 52
5 59
5 70
5 71
5 75
5 77
5 79
5 83
5 88
5 89
5 92
5 94
5 95
5 97
6 6
6 7
6 8
6 10
6 11
6 12
6 13
6 18
6 22
6 23
6 30
6 31
6 33
6 60
6 64
6 65
6 88
6 91
6 92
6 93
6 101
7 7
7 9
7 11
7 12
7 13
7 23
7 31
7 32
7 33
7 60
7 61
7 65
7 90
7 91
7 92
7 101
7 102
7 103
7 112
8 8
8 9
8 14
8 15
8 18
8 23
8 30
8 50
8 64
8 65
8 70
8 93
9 9
9 13
9 14
9 15
9 18
9 30
9 34
9 64
9 65
9 102
9 104
10 10
10 11
10 12
10 13
10 14
10 15
10 16
10 22
10 28
10 48
10 56
10 58
10 60
10 61
10 62
10 63
10 64
10 65
10 71
10 80
10 82
10 88
11 11
11 12
11 13
11 14
11 15
11 16
11 22
11 23
11 28
11 29
11 31
11 56
11 60
11 61
11 62
11 64
11 65
11 71
11 82
11 92
11 102
11 114
12 12
12 13
12 14
12 15
12 16
12 22
12 28
12 48
12 56
12 58
12 60
12 61
12 62
12 63
12 64
12 65
12 82
12 88
12 91
12 93
13 13
13 15
13 16
13 28
13 31
13 56
13 60
13 61
13 62
13 63
13 64
13 65
13 91
13 102
13 114
14 14
14 15
14 25
14 26
14 50
14 64
14 70
14 82
14 88
14 107
15 15
15 21
15 29
15 40
15 56
15 60
15 65
15 71
15 73
15 82
15 83
15 85
15 88
15 107
16 16
16 28
16 29
16 56
16 57
16 60
16 62
16 63
16 72
16 73
16 74
16 78
16 80
16 81
16 82
17 17
17 28
17 29
17 57
17 63
17 68
17 72
17 73
17 74
17 76
17 77
17 78
17 79
17 80
17 81
17 101
17 102
17 103
17 104
17 113
18 18
18 30
18 31
18 32
18 34
18 54
18 60
18 64
18 66
18 84
19 19
19 26
19 32
19 33
19 40
19 41
19 57
19 63
19 68
19 69
19 76
19 77
19 83
19 90
19 106
19 107
19 110
19 111
20 20
20 21
20 26
20 27
20 37
20 39
20 40
20 41
20 52
20 56
20 70
20 71
20 73
20 75
20 83
20 87
20 88
20 89
20 92
20 94
20 105
20 111
21 21
21 22
21 23
21 25
21 26
21 27
21 29
21 31
21 37
21 39
21 52
21 56
21 70
21 71
21 73
21 75
21 77
21 85
21 87
21 88
21 89
21 94
21 95
21 97
21 109
21 115
22 22
22 23
22 25
22 27
22 31
22 35
22 48
22 50
22 64
22 71
22 87
22 88
22 89
22 91
22 92
22 93
23 23
23 25
23 31
23 53
23 64
23 71
23 82
23 83
23 87
23 88
23 89
23 90
23 91
23 92
23 93
23 99
23 102
23 105
23 110
23 115
24 24
24 26
24 29
24 34
24 35
24 36
24 42
24 43
24 50
24 64
24 66
24 73
24 75
24 77
24 79
24 80
24 81
24 84
24 85
24 95
24 97
24 104
25 25
25 27
25 34
25 35
25 50
25 51
25 67
25 71
25 88
25 89
25 93
26 26
26 27
26 37
26 41
26 57
26 68
26 73
26 75
26 76
26 77
26 83
26 85
26 94
26 95
26 97
26 105
27 27
27 37
27 39
27 46
27 47
27 50
27 52
27 59
27 77
27 85
27 88
27 89
27 94
27 95
27 96
27 97
27 109
28 28
28 29
28 30
28 31
28 32
28 33
28 40
28 60
28 62
28 63
28 64
28 70
28 72
28 73
28 74
28 76
28 78
28 79
28 80
28 81
28 82
29 29
29 34
29 36
29 37
29 40
29 41
29 62
29 63
29 70
29 72
29 73
29 74
29 75
29 76
29 77
29 78
29 79
29 80
29 81
29 83
29 84
29 85
29 95
30 30
30 31
30 32
30 33
30 64
30 84
30 102
30 114
30 115
31 31
31 32
31 33
31 64
31 71
31 87
31 114
31 115
32 32
32 33
32 44
32 45
32 49
32 60
32 61
32 63
32 66
32 72
32 78
32 86
32 114
33 33
33 45
33 61
33 62
33 63
33 72
33 78
34 34
34 35
34 36
34 50
34 64
34 66
34 76
34 79
34 81
34 84
34 85
34 95
35 35
35 45
35 50
35 64
35 65
35 67
35 77
35 84
36 36
36 37
36 38
36 40
36 41
36 42
36 46
36 54
36 66
36 72
36 76
36 77
36 81
36 84
36 85
36 95
36 96
36 97
36 109
37 37
37 38
37 39
37 40
37 41
37 42
37 46
37 52
37 53
37 55
37 68
37 70
37 71
37 73
37 76
37 77
37 81
37 83
37 85
37 94
37 95
37 97
37 106
37 107
37 109
38 38
38 39
38 40
38 41
38 54
38 55
38 77
38 85
38 87
38 89
38 110
39 39
39 40
39 41
39 52
39 53
39 55
39 71
39 77
39 83
39 87
39 88
39 89
39 90
39 92
39 94
39 95
39 97
39 99
39 105
39 106
39 107
39 109
39 110
39 111
40 40
40 41
40 46
40 56
40 57
40 63
40 72
40 73
40 74
40 76
40 81
40 82
40 83
40 85
40 94
40 95
40 105
40 106
40 107
40 109
40 115
41 41
41 46
41 53
41 57
41 68
41 70
41 71
41 72
41 73
41 74
41 75
41 76
41 77
41 81
41 82
41 83
41 85
41 94
41 95
41 97
41 105
41 106
41 107
41 109
41 110
41 111
42 42
42 43
42 44
42 45
42 46
42 47
42 49
42 50
42 51
42 54
42 55
42 76
42 84
42 85
42 95
42 96
42 97
42 98
42 109
43 43
43 44
43 45
43 46
43 47
43 48
43 49
43 50
43 51
43 55
43 84
43 85
43 95
43 96
43 97
43 98
43 108
43 109
44 44
44 45
44 46
44 47
44 48
44 49
44 51
44 53
44 54
44 55
44 66
44 67
44 84
44 96
44 97
44 98
44 104
44 108
45 45
45 46
45 47
45 49
45 55
45 67
45 96
45 97
45 98
45 99
45 108
45 110
45 111
45 112
46 46
46 47
46 48
46 49
46 51
46 52
46 53
46 54
46 55
46 85
46 95
46 96
46 97
46 98
46 99
46 108
46 109
47 47
47 49
47 51
47 53
47 55
47 67
47 90
47 96
47 97
47 98
47 99
47 108
47 109
47 110
47 111
48 48
48 49
48 50
48 51
48 52
48 53
48 54
48 55
48 58
48 59
48 66
48 96
48 98
48 99
48 103
48 104
48 108
49 49
49 51
49 52
49 53
49 55
49 96
49 97
49 98
49 99
49 108
49 110
49 111
49 112
49 113
50 50
50 51
50 54
50 64
50 79
50 84
50 85
50 95
50 96
51 51
51 52
51 53
51 54
51 55
51 59
51 66
51 95
51 96
51 97
52 52
52 53
52 54
52 55
52 59
52 71
52 89
52 90
52 94
52 97
52 99
53 53
53 54
53 55
53 87
53 89
53 90
53 91
53 94
53 96
53 97
53 98
53 99
53 100
53 105
53 106
53 109
53 110
53 111
53 115
54 54
54 55
54 58
54 84
54 89
54 96
54 98
54 104
54 108
54 114
55 55
55 87
55 89
55 94
55 96
55 97
55 98
55 99
55 100
55 104
55 105
55 108
55 109
55 110
55 114
56 56
56 57
56 58
56 60
56 61
56 62
56 63
56 68
56 71
56 73
56 80
56 82
56 88
56 106
56 107
57 57
57 59
57 61
57 62
57 63
57 68
57 69
57 72
57 73
57 75
57 76
57 77
57 79
57 80
57 81
57 83
57 106
57 107
57 111
58 58
58 59
58 60
58 61
58 62
58 65
58 66
58 67
59 59
59 61
59 63
59 66
59 68
59 69
59 79
59 81
59 95
59 97
59 106
59 107
60 60
60 61
60 62
60 63
60 64
60 65
60 66
60 72
61 61
61 62
61 63
61 65
61 106
62 62
62 63
62 64
62 65
62 72
62 73
62 74
62 78
62 79
62 80
63 63
63 68
63 69
63 72
63 73
63 74
63 75
63 78
63 79
63 80
63 81
64 64
64 65
64 84
64 88
64 93
65 65
65 67
65 102
65 104
65 112
65 114
66 66
66 67
66 68
66 84
66 95
66 97
67 67
67 69
67 91
67 93
67 101
67 103
67 110
68 68
68 69
68 76
68 77
68 79
68 80
68 81
68 86
68 95
68 97
68 106
68 107
68 109
68 111
69 69
69 77
69 83
69 90
69 91
69 92
69 93
69 94
69 99
69 101
69 103
69 106
69 110
69 111
70 70
70 71
70 72
70 73
70 75
70 76
70 77
71 71
71 73
71 75
71 77
71 87
71 88
71 89
71 92
71 100
71 102
72 72
72 73
72 74
72 76
72 78
72 79
72 80
72 81
73 73
73 74
73 75
73 76
73 77
73 78
73 79
73 80
73 81
73 85
74 74
74 75
74 76
74 78
74 79
74 80
74 81
74 85
74 100
74 102
75 75
75 76
75 77
75 79
75 80
75 81
75 85
75 95
75 100
75 109
76 76
76 77
76 78
76 79
76 80
76 81
76 83
76 84
76 85
76 86
76 95
76 109
76 111
77 77
77 79
77 81
77 83
77 85
77 95
77 97
77 109
77 110
77 111
78 78
78 79
78 80
78 81
78 84
78 96
78 104
78 113
78 114
79 79
79 80
79 81
79 84
79 85
79 95
80 80
80 81
80 104
81 81
81 84
81 85
81 95
82 82
82 83
82 86
82 87
82 88
82 94
82 105
82 106
82 110
83 83
83 85
83 87
83 89
83 92
83 94
83 105
83 106
83 110
83 111
83 115
84 84
84 85
84 95
84 96
84 104
85 85
85 95
85 96
85 97
85 109
86 86
86 87
86 94
86 98
86 99
86 100
86 105
86 108
86 109
86 110
86 111
86 114
87 87
87 88
87 89
87 90
87 91
87 92
87 94
87 98
87 99
87 100
87 103
87 105
87 106
87 110
87 111
87 114
87 115
88 88
88 89
88 90
88 91
88 92
88 93
88 94
88 105
88 106
88 115
89 89
89 90
89 91
89 92
89 94
89 98
89 99
89 105
89 115
90 90
90 91
90 92
90 93
90 94
90 98
90 99
90 101
90 103
90 105
90 106
90 107
90 110
90 111
90 112
91 91
91 92
91 93
91 98
91 99
91 101
91 103
91 105
91 106
91 107
91 110
91 111
91 112
92 92
92 93
92 94
92 98
92 99
92 100
92 101
92 102
92 103
92 105
92 106
92 110
92 111
92 112
92 113
93 93
93 98
93 99
93 100
93 101
93 103
93 105
93 110
93 111
93 112
93 113
94 94
94 95
94 96
94 97
94 99
94 101
94 105
94 106
94 108
94 109
94 110
94 111
94 114
94 115
95 95
95 96
95 97
95 108
95 109
96 96
96 97
96 98
96 104
96 108
96 109
96 113
96 114
97 97
97 99
97 105
97 108
97 109
97 110
98 98
98 99
98 100
98 101
98 102
98 103
98 104
98 105
98 108
98 110
98 111
98 112
98 113
98 114
98 115
99 99
99 100
99 101
99 103
99 105
99 106
99 108
99 110
99 111
99 112
99 113
99 114
99 115
100 100
100 101
100 102
100 103
100 104
100 108
100 111
100 112
100 113
100 114
100 115
101 101
101 102
101 103
101 104
101 110
101 111
101 112
101 113
101 114
101 115
102 102
102 103
102 104
102 108
102 112
102 113
102 114
103 103
103 104
103 110
103 111
103 112
103 113
103 114
104 104
104 108
104 113
104 114
105 105
105 106
105 107
105 108
105 109
105 110
105 111
105 113
105 114
105 115
106 106
106 107
106 109
106 110
107 107
107 109
107 110
108 108
108 109
108 111
108 113
108 114
108 115
109 109
109 110
110 110
110 111
110 113
111 111
111 112
111 113
112 112
112 113
113 113
113 114
113 115
114 114
114 115
115 115
