0 0
0 1
0 16
0 19
0 28
0 38
0 40
0 44
0 56
0 57
0 62
0 63
0 68
0 72
0 78
0 80
0 81
0 82
0 84
1 1
1 10
1 11
1 13
1 16
1 17
1 19
1 29
1 38
1 46
1 51
1 52
1 54
1 56
1 57
1 59
1 61
1 62
1 63
1 68
1 69
1 74
1 79
1 80
1 81
1 84
1 85
1 89
1 100
2 2
2 3
2 4
2 6
2 7
2 8
2 9
2 12
2 14
2 18
2 22
2 23
2 30
2 31
2 32
2 33
2 35
2 64
2 65
2 67
2 87
2 92
2 93
2 96
2 97
3 3
3 5
3 6
3 7
3 9
3 11
3 20
3 21
3 22
3 23
3 25
3 30
3 31
3 33
3 34
3 35
3 64
3 65
3 67
3 71
3 77
3 83
3 87
3 88
3 92
3 96
3 97
4 4
4 5
4 6
4 7
4 8
4 9
4 12
4 13
4 26
4 58
4 60
4 61
4 64
4 65
4 76
4 88
4 90
4 91
4 92
4 93
4 108
4 112
5 5
5 6
5 7
5 9
5 20
5 21
5 22
5 23
5 26
5 31
5 35
5 48
5 64
5 65
5 82
5 83
5 88
5 90
5 91
5 92
5 99
5 104
6 6
6 7
6 8
6 9
6 11
6 12
6 13
6 14
6 15
6 22
6 28
6 30
6 31
6 33
6 44
6 60
6 64
6 65
6 72
6 83
6 92
6 93
7 7
7 9
7 11
7 12
7 13
7 15
7 22
7 31
7 33
7 64
7 65
7 83
7 90
7 92
7 93
8 8
8 9
8 12
8 14
8 15
8 18
8 22
8 26
8 27
8 50
8 58
8 64
8 88
8 93
9 9
9 14
9 15
9 18
9 26
9 65
9 92
10 10
10 11
10 12
10 13
10 14
10 15
10 16
10 17
10 18
10 28
10 29
10 50
10 52
10 54
10 58
10 60
10 61
10 62
10 63
10 72
10 79
10 80
10 81
10 85
10 101
10 107
11 11
11 12
11 13
11 15
11 29
11 60
11 61
11 65
11 76
11 83
11 85
11 89
11 92
12 12
12 13
12 14
12 15
12 16
12 17
12 28
12 29
12 52
12 58
12 60
12 61
12 62
12 64
12 65
12 72
12 93
13 13
13 15
13 16
13 17
13 28
13 29
13 52
13 54
13 60
13 61
13 62
13 63
13 72
13 74
13 78
13 79
13 80
13 81
13 100
13 101
14 14
14 15
14 18
14 22
14 26
14 27
14 50
14 52
14 54
14 58
14 60
14 64
14 65
14 83
14 88
14 89
14 93
15 15
15 18
15 29
15 54
15 65
15 83
15 89
15 92
16 16
16 17
16 28
16 29
16 36
16 38
16 56
16 57
16 60
16 61
16 62
16 63
16 68
16 72
16 78
16 79
16 80
16 81
16 101
16 107
17 17
17 18
17 28
17 29
17 32
17 38
17 46
17 50
17 52
17 54
17 56
17 57
17 60
17 61
17 62
17 63
17 68
17 72
17 73
17 74
17 78
17 79
17 80
17 81
17 85
17 107
18 18
18 19
18 28
18 29
18 30
18 32
18 66
18 78
19 19
19 28
19 29
19 41
19 57
19 63
19 68
19 69
19 79
19 80
19 81
19 98
20 20
20 21
20 22
20 23
20 31
20 35
20 39
20 70
20 71
20 76
20 77
20 82
20 83
20 87
20 88
20 90
20 91
20 92
20 94
20 97
20 99
20 108
20 110
20 111
20 113
21 21
21 23
21 24
21 25
21 27
21 31
21 34
21 35
21 37
21 39
21 41
21 42
21 43
21 47
21 55
21 67
21 70
21 76
21 77
21 92
21 99
21 104
21 109
21 110
22 22
22 23
22 24
22 25
22 27
22 30
22 31
22 33
22 35
22 64
22 65
22 67
22 71
22 75
22 82
22 83
22 86
22 87
22 88
22 91
22 92
22 93
22 96
22 97
22 108
22 114
22 115
23 23
23 25
23 27
23 30
23 31
23 33
23 35
23 39
23 40
23 64
23 65
23 70
23 71
23 75
23 82
23 83
23 86
23 87
23 88
23 90
23 91
23 92
23 93
23 96
23 97
23 99
23 108
23 110
23 113
23 114
23 115
24 24
24 25
24 27
24 34
24 35
24 47
24 50
24 67
24 77
24 104
24 105
24 106
24 110
25 25
25 27
25 30
25 31
25 34
25 35
25 37
25 41
25 50
25 55
25 67
25 77
25 84
25 85
25 86
25 88
25 89
25 96
25 110
26 26
26 51
26 52
26 54
26 58
26 59
26 60
26 61
26 89
26 104
27 27
27 31
27 34
27 35
27 39
27 41
27 50
27 58
27 67
27 84
27 86
27 88
27 89
27 91
27 96
27 104
27 110
27 114
28 28
28 29
28 32
28 36
28 38
28 44
28 56
28 57
28 60
28 62
28 63
28 68
28 72
28 78
28 79
28 80
28 81
28 101
29 29
29 32
29 36
29 38
29 61
29 62
29 63
29 72
29 74
29 78
29 79
29 80
29 81
29 85
30 30
30 31
30 32
30 33
30 35
30 40
30 64
30 65
30 67
30 71
30 75
30 82
30 83
30 87
30 96
30 97
31 31
31 32
31 33
31 34
31 35
31 40
31 64
31 65
31 67
31 71
31 75
31 77
31 82
31 83
31 87
31 88
31 92
31 93
31 96
31 97
31 108
31 110
31 114
32 32
32 33
32 40
32 56
32 63
32 66
32 68
32 72
32 78
32 79
32 81
32 87
32 96
33 33
33 35
33 40
33 45
33 64
33 65
33 67
33 71
33 72
33 75
33 78
33 82
33 83
33 87
33 96
33 97
33 108
33 115
34 34
34 35
34 45
34 66
34 67
34 77
34 85
34 96
34 109
34 110
35 35
35 64
35 65
35 67
35 71
35 77
35 82
35 83
35 87
35 88
35 91
35 92
35 93
35 96
35 97
35 108
35 110
35 114
36 36
36 37
36 38
36 39
36 40
36 56
36 57
36 62
36 63
36 68
36 69
36 71
36 72
36 78
36 79
36 80
36 81
36 84
36 86
37 37
37 38
37 39
37 41
37 46
37 47
37 53
37 55
37 68
37 69
37 70
37 76
37 77
37 91
37 96
37 98
37 99
37 100
37 104
37 105
37 109
37 110
37 111
37 112
38 38
38 39
38 44
38 46
38 50
38 51
38 52
38 53
38 55
38 56
38 57
38 62
38 63
38 68
38 69
38 72
38 78
38 79
38 80
38 81
38 84
38 85
39 39
39 40
39 41
39 47
39 55
39 69
39 71
39 82
39 94
39 95
39 96
39 97
39 98
39 99
39 104
39 108
39 109
39 110
39 111
40 40
40 56
40 64
40 71
40 72
40 75
40 78
40 82
40 83
40 87
40 88
40 94
40 96
40 97
40 99
40 108
40 113
40 115
41 41
41 46
41 47
41 53
41 55
41 69
41 76
41 77
41 91
41 98
41 99
41 104
41 105
41 110
41 111
41 114
42 42
42 43
42 44
42 45
42 46
42 47
42 48
42 49
42 51
42 53
42 59
42 70
42 77
42 98
42 105
42 106
42 107
42 109
42 111
42 112
43 43
43 44
43 45
43 46
43 47
43 49
43 51
43 77
43 98
43 109
43 110
43 111
43 112
44 44
44 45
44 46
44 47
44 48
44 49
44 51
44 64
45 45
45 46
45 47
45 49
45 67
46 46
46 47
46 48
46 49
46 51
46 52
46 53
46 55
46 59
46 66
46 85
46 98
46 107
47 47
47 49
47 51
47 53
47 55
47 59
47 68
47 69
47 77
47 98
47 104
47 105
47 106
47 107
47 109
47 110
47 111
48 48
48 49
48 50
48 51
48 52
48 53
48 54
48 55
48 58
48 98
48 105
49 49
49 51
49 53
49 55
49 109
49 111
50 50
50 51
50 52
50 53
50 54
50 58
50 61
50 63
50 81
50 84
50 85
50 89
51 51
51 52
51 53
51 54
51 55
51 59
51 61
51 89
51 90
51 98
51 111
51 112
52 52
52 53
52 54
52 58
52 59
52 60
52 61
52 62
52 63
52 66
52 85
52 89
52 107
53 53
53 54
53 55
53 59
53 61
53 89
53 98
53 105
54 54
54 60
54 61
54 62
54 63
54 81
54 84
54 85
54 89
55 55
55 84
55 85
55 96
56 56
56 57
56 60
56 62
56 63
56 68
56 69
56 72
56 78
56 79
56 80
56 81
56 84
56 101
57 57
57 59
57 62
57 63
57 68
57 69
57 78
57 79
57 80
57 81
57 84
57 94
58 58
58 59
58 60
58 61
58 66
58 89
58 91
58 104
58 105
59 59
59 61
59 63
59 66
59 68
59 69
59 80
59 98
59 100
59 104
59 105
59 106
59 107
59 109
59 111
59 112
60 60
60 61
60 62
60 63
60 64
60 72
60 78
60 101
61 61
61 62
61 63
61 80
61 89
61 100
62 62
62 63
62 72
62 74
62 78
62 79
62 80
62 81
62 101
62 106
62 107
63 63
63 68
63 72
63 74
63 78
63 79
63 80
63 81
63 101
64 64
64 65
64 71
64 82
64 83
64 87
64 88
64 92
64 93
64 97
65 65
65 67
65 83
65 87
65 88
65 92
65 93
66 66
66 67
66 68
66 104
66 106
66 107
66 109
67 67
67 96
67 97
67 103
67 104
67 110
68 68
68 69
68 78
68 79
68 80
68 81
68 84
68 107
69 69
69 79
69 80
69 81
69 102
69 103
69 104
69 105
69 110
69 111
70 70
70 71
70 73
70 74
70 76
70 77
70 90
70 91
70 92
70 95
70 98
70 99
70 100
70 102
70 104
70 108
70 109
70 110
70 111
70 112
70 113
71 71
71 73
71 74
71 75
71 77
71 82
71 83
71 86
71 87
71 88
71 90
71 91
71 92
71 93
71 96
71 97
71 99
71 100
71 102
71 103
71 108
71 110
71 113
72 72
72 73
72 74
72 75
72 78
72 79
72 80
72 81
72 101
73 73
73 74
73 75
73 76
73 77
73 79
73 86
73 95
73 100
73 102
73 112
74 74
74 75
74 76
74 95
74 100
74 102
74 112
75 75
75 76
75 82
75 83
75 86
75 87
75 90
75 95
75 96
75 97
75 101
75 102
75 103
75 108
75 115
76 76
76 77
76 90
76 91
76 92
76 95
76 99
76 108
76 110
76 111
76 113
76 114
77 77
77 90
77 91
77 92
77 95
77 99
77 100
77 102
77 103
77 104
77 106
77 108
77 109
77 110
77 111
77 112
77 113
77 114
78 78
78 79
78 80
78 81
78 84
79 79
79 80
79 81
79 84
79 85
79 107
80 80
80 81
80 84
80 85
80 107
81 81
81 84
81 85
81 101
82 82
82 83
82 86
82 87
82 88
82 90
82 91
82 92
82 93
82 96
82 97
82 99
82 103
82 108
82 113
82 115
83 83
83 87
83 88
83 90
83 91
83 92
83 93
83 97
83 99
83 108
83 115
84 84
84 85
84 86
84 87
84 88
84 89
85 85
85 89
86 86
86 87
86 88
86 89
87 87
87 88
87 92
87 93
87 96
87 97
87 99
87 108
87 114
87 115
88 88
88 89
88 91
88 92
88 93
88 97
88 99
88 113
88 114
88 115
89 89
90 90
90 91
90 92
90 93
90 94
90 95
90 97
90 98
90 99
90 100
90 102
90 103
90 104
90 105
90 108
90 109
90 111
90 112
90 113
90 115
91 91
91 92
91 93
91 97
91 98
91 99
91 103
91 104
91 105
91 108
91 109
91 110
91 111
91 112
91 113
91 114
91 115
92 92
92 93
92 95
92 97
92 99
92 100
92 103
92 108
92 112
92 113
92 114
92 115
93 93
93 97
93 99
93 108
93 112
93 113
93 114
93 115
94 94
94 95
94 96
94 97
94 99
94 104
94 108
94 110
94 113
95 95
95 97
95 99
95 100
95 102
95 108
95 109
95 113
96 96
96 97
96 99
96 103
96 108
96 110
96 113
97 97
97 99
97 102
97 103
97 108
97 110
97 111
97 113
97 115
98 98
98 99
98 102
98 103
98 104
98 105
98 106
98 109
98 110
98 111
98 112
99 99
99 102
99 103
99 104
99 105
99 108
99 109
99 110
99 111
99 112
99 113
99 114
99 115
100 100
100 101
100 102
100 112
101 101
101 102
101 103
101 106
101 107
102 102
102 103
102 105
102 106
102 108
102 109
102 110
102 111
102 112
103 103
103 104
103 105
103 106
103 108
103 109
103 110
103 111
103 112
103 113
104 104
104 105
104 108
104 109
104 110
104 111
104 112
104 113
105 105
105 106
105 107
105 109
105 110
105 111
105 112
106 106
106 107
106 109
106 110
106 111
107 107
107 109
108 108
108 110
108 111
108 112
108 113
108 115
109 109
109 110
109 111
109 112
110 110
110 111
110 113
110 114
111 111
111 112
111 113
111 114
112 112
112 113
113 113
114 114
114 115
115 115
