0 0
0 12
0 24
0 25
0 27
0 33
0 56
0 57
0 60
0 61
0 68
0 101
1 1
1 3
1 7
1 9
1 13
1 29
1 32
1 57
1 59
1 61
1 65
1 79
1 90
1 104
1 106
2 2
2 6
2 8
2 18
2 19
2 22
2 24
2 25
2 66
2 67
2 69
2 93
2 101
3 3
3 5
3 7
3 8
3 9
3 11
3 13
3 14
3 15
3 18
3 29
3 64
3 65
3 83
3 87
3 88
3 89
3 90
3 92
4 4
4 5
4 7
4 8
4 9
4 16
4 20
4 24
4 26
4 34
4 35
4 38
4 58
4 62
4 64
4 65
4 67
4 84
4 88
4 91
4 92
4 93
4 101
4 114
5 5
5 9
5 10
5 11
5 14
5 15
5 16
5 20
5 23
5 24
5 25
5 26
5 27
5 30
5 35
5 62
5 64
5 65
5 84
5 88
5 92
5 93
6 6
6 7
6 8
6 11
6 12
6 13
6 42
6 48
6 64
6 90
6 91
6 93
6 100
6 111
7 7
7 8
7 9
7 13
7 29
7 33
7 34
7 35
7 61
7 65
7 76
7 77
7 90
7 92
7 104
7 106
7 114
8 8
8 9
8 20
8 48
8 52
8 58
8 60
8 64
8 66
8 67
8 69
8 90
8 91
8 92
8 93
8 100
8 101
8 102
8 103
8 104
8 111
8 112
8 113
8 114
9 9
9 11
9 20
9 34
9 35
9 48
9 51
9 62
9 64
9 65
9 76
9 90
9 91
9 92
9 93
9 100
9 101
9 113
9 114
10 10
10 11
10 12
10 14
10 15
10 16
10 22
10 23
10 24
10 26
10 27
10 30
10 54
10 60
10 64
10 84
10 88
10 93
11 11
11 12
11 13
11 14
11 15
11 19
11 23
11 28
11 29
11 60
11 62
11 64
11 65
11 72
11 75
11 85
11 88
11 89
11 92
11 100
12 12
12 13
12 14
12 15
12 17
12 19
12 23
12 28
12 30
12 33
12 60
12 61
12 63
12 78
12 89
13 13
13 14
13 15
13 17
13 29
13 33
13 36
13 40
13 41
13 60
13 61
13 64
13 65
13 74
13 83
13 89
13 100
14 14
14 15
14 18
14 22
14 23
14 28
14 30
14 31
14 36
14 40
14 64
14 82
14 83
14 84
14 85
14 88
14 89
15 15
15 23
15 28
15 30
15 31
15 36
15 37
15 38
15 40
15 41
15 64
15 65
15 82
15 83
15 85
15 87
15 88
15 89
15 94
16 16
16 17
16 20
16 21
16 24
16 26
16 28
16 36
16 56
16 62
16 70
16 71
16 72
16 78
16 80
16 81
16 84
16 85
16 93
16 101
17 17
17 19
17 28
17 32
17 33
17 36
17 60
17 61
17 62
17 63
17 71
17 72
17 73
17 74
17 78
17 79
17 80
17 81
17 101
18 18
18 19
18 28
18 32
18 72
19 19
19 22
19 32
19 33
19 54
19 60
19 63
19 64
19 69
19 70
19 79
19 100
19 101
19 102
19 115
20 20
20 21
20 23
20 24
20 25
20 26
20 27
20 30
20 31
20 35
20 39
20 56
20 62
20 92
20 93
20 101
20 113
21 21
21 23
21 24
21 25
21 26
21 27
21 28
21 30
21 31
21 36
21 37
21 38
21 39
21 40
21 41
21 55
21 56
21 71
21 78
21 80
21 81
21 82
21 83
21 84
21 94
22 22
22 23
22 24
22 25
22 26
22 27
22 30
22 31
22 54
22 60
22 64
22 69
22 71
22 88
22 89
23 23
23 24
23 25
23 26
23 27
23 30
23 31
23 33
23 60
23 61
23 64
23 71
23 78
23 88
23 89
24 24
24 25
24 26
24 27
24 30
24 31
24 38
24 39
24 56
24 57
24 68
24 70
24 71
24 78
24 80
24 84
24 93
25 25
25 26
25 27
25 30
25 31
25 38
25 39
25 56
25 57
25 68
25 71
25 78
25 96
26 26
26 27
26 30
26 38
26 39
26 56
26 62
26 84
26 88
26 93
27 27
27 30
27 31
27 38
27 39
27 56
27 57
27 68
27 88
28 28
28 29
28 30
28 31
28 36
28 37
28 40
28 41
28 71
28 72
28 74
28 78
28 80
28 81
28 82
28 83
28 84
28 85
28 94
28 108
29 29
29 32
29 36
29 37
29 40
29 41
29 44
29 45
29 49
29 65
29 72
29 73
29 74
29 75
29 76
29 80
29 81
29 82
29 83
29 85
29 98
30 30
30 31
30 33
30 71
30 78
30 88
31 31
31 33
31 36
31 37
31 38
31 40
31 41
31 71
31 78
31 80
31 81
31 83
31 85
31 87
31 94
32 32
32 33
32 36
32 57
32 59
32 63
32 66
32 68
32 72
32 79
32 81
32 98
32 103
33 33
33 35
33 56
33 57
33 60
33 61
33 63
33 64
33 68
33 69
33 79
33 88
33 89
34 34
34 35
34 39
34 44
34 45
34 49
34 51
34 65
34 66
34 67
34 77
34 84
34 91
34 92
34 97
34 103
34 104
34 105
34 106
34 110
34 113
34 114
35 35
35 45
35 64
35 65
35 67
35 77
35 86
35 88
35 92
35 95
35 97
35 104
35 105
35 106
35 111
35 112
35 113
35 114
36 36
36 37
36 38
36 40
36 41
36 55
36 63
36 71
36 72
36 74
36 78
36 80
36 81
36 82
36 83
36 85
36 94
36 108
37 37
37 38
37 39
37 40
37 41
37 55
37 72
37 76
37 80
37 81
37 82
37 83
37 85
37 87
37 94
37 96
37 97
37 105
37 106
37 108
37 110
37 114
38 38
38 39
38 40
38 41
38 55
38 68
38 71
38 78
38 80
38 82
38 83
38 84
38 86
38 87
38 88
38 94
38 106
38 108
38 110
39 39
39 41
39 55
39 56
39 66
39 68
39 77
39 82
39 83
39 87
39 94
39 96
39 97
39 103
39 104
39 105
39 106
39 110
39 113
39 114
40 40
40 41
40 55
40 71
40 72
40 74
40 78
40 80
40 81
40 82
40 83
40 85
40 86
40 87
40 94
41 41
41 55
41 71
41 72
41 74
41 78
41 80
41 81
41 82
41 83
41 85
41 87
41 94
41 108
42 42
42 43
42 44
42 45
42 46
42 47
42 48
42 49
42 50
42 51
42 53
42 55
42 90
42 91
42 96
42 98
42 99
42 106
42 108
42 110
42 111
42 113
43 43
43 44
43 45
43 46
43 47
43 48
43 49
43 50
43 51
43 53
43 55
43 86
43 91
43 95
43 96
43 97
43 98
43 99
43 108
43 109
43 110
43 111
43 113
44 44
44 45
44 46
44 47
44 48
44 49
44 50
44 51
44 52
44 53
44 55
44 59
44 90
44 91
44 96
44 98
44 99
44 103
44 104
44 106
44 110
44 111
44 112
44 113
45 45
45 46
45 47
45 48
45 49
45 50
45 51
45 53
45 55
45 65
45 67
45 86
45 90
45 91
45 95
45 96
45 97
45 98
45 99
45 103
45 104
45 106
45 109
45 110
45 111
45 112
45 113
45 114
46 46
46 47
46 48
46 49
46 50
46 51
46 53
46 55
46 96
46 98
46 99
46 109
46 110
46 113
47 47
47 48
47 49
47 50
47 51
47 53
47 55
47 76
47 82
47 86
47 87
47 90
47 91
47 96
47 97
47 98
47 99
47 104
47 106
47 110
47 111
47 113
47 114
48 48
48 49
48 50
48 51
48 52
48 53
48 55
48 58
48 59
48 75
48 90
48 91
48 96
48 98
48 99
48 102
48 103
48 104
48 106
48 111
48 112
48 113
49 49
49 50
49 51
49 52
49 53
49 55
49 59
49 90
49 91
49 96
49 98
49 99
49 102
49 103
49 104
49 110
49 111
49 112
49 113
50 50
50 51
50 52
50 53
50 90
50 91
50 98
50 99
50 101
50 102
50 103
50 111
50 113
51 51
51 52
51 53
51 55
51 59
51 90
51 91
51 96
51 97
51 98
51 99
51 102
51 103
51 104
51 106
51 110
51 113
51 114
52 52
52 53
52 58
52 59
52 90
52 91
52 104
52 106
52 113
53 53
53 55
53 90
53 91
53 98
53 99
53 104
53 106
53 113
54 54
54 58
54 59
54 60
54 69
54 73
54 74
54 86
54 88
54 89
54 107
54 115
55 55
55 80
55 82
55 83
55 86
55 87
55 94
55 96
55 97
55 98
55 99
55 106
55 108
55 109
55 110
56 56
56 57
56 66
56 68
56 77
56 78
56 79
56 80
56 97
56 101
56 103
57 57
57 59
57 61
57 63
57 66
57 68
57 69
57 78
57 79
58 58
58 59
58 60
58 61
58 64
58 66
58 68
58 88
58 89
58 103
58 112
59 59
59 61
59 63
59 66
59 67
59 68
59 69
59 79
59 89
59 96
59 98
59 102
59 103
59 104
59 107
59 111
59 112
60 60
60 61
60 62
60 63
60 64
60 69
60 88
60 89
60 93
60 100
60 101
61 61
61 63
61 64
61 65
61 68
61 69
61 88
61 89
61 107
62 62
62 63
62 64
62 70
62 72
62 76
62 80
62 84
62 92
62 93
62 100
62 101
63 63
63 78
63 79
63 80
63 81
63 89
64 64
64 65
64 69
64 88
64 89
64 92
64 93
64 100
65 65
65 83
65 88
65 89
65 90
65 92
65 100
66 66
66 67
66 68
66 69
66 79
66 96
66 97
66 101
66 102
66 103
66 104
66 105
66 106
66 107
66 111
66 112
66 113
66 114
67 67
67 68
67 69
67 77
67 79
67 86
67 92
67 93
67 95
67 97
67 102
67 103
67 104
67 105
67 107
67 111
67 112
67 113
67 114
67 115
68 68
68 69
68 78
68 79
68 97
68 103
69 69
69 70
69 77
69 79
69 93
69 95
69 100
69 102
69 107
69 111
69 112
69 115
70 70
70 71
70 75
70 78
70 80
70 93
70 100
70 101
71 71
71 78
71 80
71 81
71 85
71 94
72 72
72 73
72 74
72 75
72 76
72 79
72 80
72 81
72 83
72 85
72 98
73 73
73 74
73 75
73 76
73 77
73 79
73 95
73 97
73 111
73 114
73 115
74 74
74 75
74 76
74 98
75 75
75 76
75 77
75 95
75 97
75 100
75 102
75 109
75 111
75 112
75 113
75 115
76 76
76 77
76 79
76 90
76 95
76 97
76 99
76 101
76 102
76 104
76 110
76 111
76 112
76 113
76 114
76 115
77 77
77 95
77 97
77 103
77 104
77 105
77 106
77 107
77 109
77 110
77 111
77 112
77 113
77 114
77 115
78 78
78 80
78 81
78 85
78 94
79 79
79 95
79 97
79 102
79 104
79 111
79 112
79 113
79 115
80 80
80 81
80 82
80 83
80 84
80 85
80 94
80 108
81 81
81 82
81 83
81 84
81 85
81 94
82 82
82 83
82 84
82 85
82 86
82 87
82 91
82 94
82 108
82 110
83 83
83 84
83 85
83 87
83 94
83 108
84 84
84 85
84 93
84 108
84 109
85 85
85 89
85 94
85 108
86 86
86 87
86 88
86 96
86 97
86 98
86 105
86 106
86 110
87 87
87 88
87 94
87 96
87 106
87 108
87 110
88 88
88 89
89 89
90 90
90 91
90 92
90 93
90 98
90 99
90 100
90 102
90 104
90 106
90 107
90 111
90 113
90 114
91 91
91 92
91 93
91 97
91 99
91 103
91 104
91 105
91 106
91 107
91 110
91 111
91 113
91 114
92 92
92 93
92 100
92 101
92 102
92 104
92 107
92 113
92 114
93 93
93 100
93 101
93 102
93 107
93 111
93 112
93 113
93 114
94 94
94 96
94 106
94 108
95 95
95 96
95 97
95 99
95 102
95 104
95 105
95 107
95 109
95 111
95 112
95 113
95 114
95 115
96 96
96 97
96 98
96 99
96 103
96 104
96 105
96 106
96 108
96 109
96 110
96 111
96 113
96 114
97 97
97 99
97 103
97 104
97 105
97 106
97 107
97 108
97 109
97 110
97 111
97 112
97 113
97 114
97 115
98 98
98 99
98 110
98 111
99 99
99 102
99 103
99 104
99 110
99 111
99 112
99 113
99 115
100 100
100 101
100 102
100 115
101 101
101 102
101 103
102 102
102 103
102 104
102 107
102 111
102 112
102 113
102 115
103 103
103 104
103 105
103 106
103 107
103 110
103 111
103 112
103 113
103 114
103 115
104 104
104 105
104 106
104 107
104 110
104 111
104 112
104 113
104 114
104 115
105 105
105 106
105 107
105 110
105 111
105 112
105 113
105 114
105 115
106 106
106 107
106 108
106 109
106 110
106 113
106 114
107 107
107 111
107 112
107 113
107 114
107 115
108 108
108 109
109 109
109 110
109 115
110 110
110 111
110 113
110 114
111 111
111 112
111 113
111 114
111 115
112 112
112 113
112 114
112 115
113 113
113 114
113 115
114 114
114 115
115 115
