0 0
0 1
0 2
0 6
0 8
0 10
0 12
0 18
0 19
0 32
0 33
0 54
0 56
0 57
0 58
0 59
0 60
0 61
0 63
0 68
0 69
0 86
0 88
0 101
1 1
1 19
1 20
1 32
1 51
1 52
1 53
1 56
1 57
1 58
1 59
1 60
1 61
1 63
1 68
1 69
1 100
1 101
1 102
1 107
1 112
2 2
2 3
2 4
2 6
2 7
2 8
2 18
2 19
2 22
2 23
2 30
2 31
2 34
2 35
2 64
2 88
2 90
2 91
2 93
2 101
2 102
2 103
2 113
2 114
3 3
3 5
3 18
3 21
3 22
3 23
3 24
3 25
3 27
3 31
3 42
3 43
3 45
3 67
3 69
3 71
3 85
3 87
3 90
3 91
3 92
3 94
3 96
3 97
3 99
3 109
3 110
3 113
3 114
3 115
4 4
4 5
4 6
4 7
4 8
4 9
4 12
4 13
4 14
4 15
4 23
4 24
4 25
4 26
4 34
4 35
4 64
4 73
4 82
4 83
4 88
4 90
4 93
4 100
4 101
4 106
5 5
5 20
5 21
5 22
5 23
5 24
5 25
5 26
5 27
5 34
5 39
5 45
5 56
5 57
5 66
5 67
5 68
5 69
5 79
5 84
5 87
5 88
5 90
6 6
6 7
6 8
6 9
6 10
6 11
6 12
6 14
6 18
6 19
6 23
6 28
6 30
6 32
6 60
6 64
6 76
6 88
6 91
6 93
6 101
6 114
7 7
7 9
7 11
7 12
7 13
7 15
7 23
7 30
7 33
7 35
7 44
7 64
7 65
7 67
7 90
7 92
8 8
8 9
8 10
8 12
8 13
8 14
8 15
8 16
8 17
8 26
8 28
8 29
8 41
8 58
8 60
8 64
8 72
8 73
8 74
8 78
8 81
8 82
8 83
8 88
8 93
9 9
9 10
9 11
9 12
9 13
9 14
9 15
9 23
9 26
9 29
9 64
9 65
9 83
9 92
10 10
10 11
10 12
10 13
10 14
10 15
10 16
10 17
10 28
10 29
10 30
10 32
10 33
10 41
10 48
10 49
10 58
10 60
10 61
10 62
10 63
10 64
10 72
10 73
10 74
10 75
10 76
10 77
10 82
11 11
11 12
11 13
11 15
11 17
11 28
11 29
11 32
11 41
11 48
11 49
11 60
11 62
11 64
11 72
11 73
11 75
11 76
11 77
11 83
11 109
12 12
12 13
12 14
12 15
12 16
12 28
12 29
12 32
12 33
12 36
12 41
12 58
12 60
12 61
12 62
12 63
12 64
12 65
12 72
12 73
12 74
12 76
12 78
13 13
13 14
13 15
13 17
13 28
13 29
13 36
13 41
13 48
13 49
13 60
13 61
13 62
13 64
13 65
13 72
13 73
13 75
13 76
13 77
13 83
13 109
14 14
14 15
14 16
14 26
14 27
14 28
14 41
14 58
14 60
14 64
14 72
14 73
14 74
14 78
14 82
14 83
14 84
14 88
14 93
15 15
15 16
15 17
15 26
15 28
15 29
15 36
15 41
15 48
15 60
15 62
15 64
15 65
15 72
15 73
15 75
15 76
15 77
15 78
15 81
15 82
15 83
15 109
16 16
16 17
16 28
16 29
16 32
16 36
16 38
16 39
16 40
16 41
16 56
16 57
16 58
16 60
16 62
16 63
16 68
16 72
16 73
16 74
16 78
16 79
16 80
16 81
17 17
17 21
17 28
17 29
17 36
17 43
17 44
17 48
17 62
17 63
17 70
17 72
17 73
17 74
17 76
17 78
17 79
17 80
17 81
17 83
17 109
18 18
18 19
18 22
18 30
18 31
18 32
18 88
18 90
18 91
18 93
18 95
18 98
18 99
18 101
18 102
18 103
18 108
18 109
18 112
18 113
18 114
19 19
19 28
19 30
19 32
19 56
19 57
19 68
19 69
19 82
19 91
19 95
19 97
19 99
19 101
19 108
20 20
20 21
20 27
20 33
20 38
20 40
20 70
20 71
20 75
20 106
20 114
21 21
21 22
21 24
21 25
21 26
21 27
21 31
21 34
21 35
21 38
21 41
21 45
21 70
21 71
21 73
21 75
21 77
21 78
21 81
21 83
21 84
21 85
21 94
21 103
21 106
21 109
21 113
22 22
22 23
22 24
22 25
22 26
22 27
22 34
22 53
22 56
22 57
22 68
22 69
22 84
22 87
22 88
22 89
22 90
22 91
22 92
22 93
22 94
22 103
22 110
22 113
23 23
23 24
23 25
23 30
23 31
23 35
23 45
23 64
23 65
23 67
23 71
23 77
23 87
23 90
23 91
23 92
23 108
23 110
23 114
24 24
24 25
24 26
24 27
24 34
24 39
24 43
24 45
24 47
24 50
24 56
24 57
24 67
24 68
24 69
24 80
24 84
24 94
25 25
25 26
25 27
25 34
25 35
25 44
25 45
25 50
25 56
25 65
25 67
25 68
25 69
25 71
25 80
25 84
25 85
25 90
25 94
25 100
25 103
25 109
26 26
26 27
26 34
26 56
26 57
26 58
26 65
26 68
26 83
26 84
26 88
26 93
26 94
26 103
26 106
27 27
27 34
27 38
27 39
27 45
27 50
27 56
27 57
27 65
27 68
27 70
27 71
27 78
27 84
27 85
27 88
27 94
28 28
28 29
28 32
28 36
28 41
28 44
28 48
28 49
28 60
28 62
28 63
28 64
28 70
28 72
28 73
28 74
28 75
28 76
28 77
28 78
28 80
28 81
28 82
28 83
28 109
29 29
29 36
29 41
29 44
29 48
29 49
29 60
29 62
29 63
29 72
29 73
29 74
29 75
29 76
29 77
29 78
29 79
29 80
29 81
29 82
29 83
29 109
30 30
30 31
30 32
30 33
30 61
30 71
30 75
30 76
30 77
30 98
31 31
31 33
31 45
31 71
31 75
31 77
31 90
31 91
31 98
31 105
31 114
32 32
32 33
32 59
32 60
32 61
32 62
32 63
32 66
32 72
32 75
33 33
33 35
33 58
33 59
33 60
33 61
33 63
33 66
33 67
33 75
33 105
34 34
34 35
34 45
34 64
34 66
34 67
34 68
34 69
34 88
34 93
34 94
35 35
35 44
35 45
35 64
35 65
35 66
35 67
35 90
35 100
35 103
35 106
35 109
36 36
36 37
36 38
36 39
36 40
36 41
36 43
36 46
36 47
36 54
36 55
36 62
36 63
36 72
36 74
36 76
36 78
36 80
36 81
36 82
36 84
36 85
36 86
36 96
37 37
37 38
37 39
37 40
37 42
37 43
37 46
37 47
37 50
37 55
37 74
37 80
37 84
37 85
37 96
37 97
37 110
38 38
38 39
38 40
38 41
38 42
38 43
38 46
38 47
38 50
38 54
38 55
38 72
38 74
38 80
38 84
38 85
38 86
38 87
38 96
38 97
38 110
38 111
39 39
39 40
39 46
39 47
39 54
39 55
39 56
39 68
39 78
39 80
39 85
39 86
39 87
39 88
39 89
39 95
39 96
39 97
39 110
40 40
40 42
40 43
40 44
40 47
40 62
40 63
40 72
40 74
40 78
40 79
40 80
40 81
40 82
40 84
40 85
40 107
41 41
41 60
41 63
41 70
41 72
41 73
41 74
41 75
41 76
41 77
41 83
41 84
41 113
41 114
42 42
42 43
42 44
42 45
42 46
42 47
42 50
42 53
42 55
42 79
42 80
42 81
42 84
42 85
42 96
42 97
42 98
42 99
42 110
42 111
43 43
43 44
43 45
43 46
43 47
43 48
43 49
43 50
43 53
43 55
43 79
43 80
43 81
43 84
43 85
43 96
43 98
43 99
43 110
43 111
43 114
44 44
44 45
44 46
44 47
44 48
44 49
44 67
44 79
44 80
44 81
44 83
44 85
44 98
44 109
45 45
45 46
45 47
45 49
45 67
45 79
45 80
45 81
45 83
45 84
45 85
45 106
45 109
46 46
46 47
46 48
46 50
46 53
46 54
46 55
46 71
46 80
46 81
46 85
46 86
46 87
46 95
46 96
46 97
46 98
46 99
46 110
46 111
47 47
47 54
47 55
47 80
47 84
47 85
47 86
47 87
47 95
47 96
47 97
47 98
47 99
47 110
47 111
48 48
48 49
48 50
48 51
48 52
48 53
48 72
48 73
48 98
48 109
48 112
49 49
49 50
49 51
49 52
49 53
49 72
49 83
49 98
49 100
49 102
49 112
50 50
50 51
50 52
50 53
50 54
50 55
50 70
50 74
50 78
50 80
50 81
50 84
50 85
50 86
50 89
50 96
50 97
50 98
50 111
51 51
51 52
51 53
51 54
51 58
51 59
51 61
51 73
51 89
51 98
51 109
51 112
52 52
52 53
52 54
52 55
52 58
52 59
52 61
52 86
52 89
52 95
52 98
52 99
52 100
52 101
52 102
52 108
52 111
52 112
53 53
53 54
53 55
53 79
53 89
53 91
53 95
53 97
53 98
53 99
53 108
53 111
53 112
54 54
54 55
54 86
54 87
54 88
54 89
54 95
54 96
54 97
54 98
54 99
54 108
54 110
54 111
55 55
55 71
55 86
55 87
55 89
55 95
55 96
55 97
55 98
55 99
55 108
55 110
55 111
56 56
56 57
56 63
56 68
56 69
56 78
56 79
56 80
56 81
57 57
57 63
57 68
57 69
57 78
57 79
57 80
57 81
58 58
58 59
58 60
58 61
58 64
58 65
58 66
58 88
58 89
58 93
59 59
59 60
59 61
59 63
59 66
59 100
59 104
59 105
59 107
60 60
60 61
60 62
60 63
60 64
60 66
60 72
61 61
61 63
61 89
61 100
61 105
62 62
62 63
62 72
62 74
62 75
62 76
62 78
62 79
62 80
62 81
62 82
63 63
63 72
63 74
63 75
63 76
63 78
63 79
63 80
63 81
64 64
64 65
64 83
64 88
64 92
64 93
64 109
65 65
65 66
65 67
65 84
65 85
65 88
65 89
65 92
65 109
66 66
66 67
66 68
66 69
66 87
66 103
66 104
66 105
66 107
67 67
67 85
67 90
67 92
67 104
67 105
67 110
68 68
68 69
68 78
68 79
68 80
68 81
68 84
68 88
68 94
68 97
68 103
69 69
69 79
69 80
69 87
69 94
69 95
69 97
69 107
69 115
70 70
70 71
70 73
70 74
70 75
70 76
70 77
70 78
71 71
71 73
71 75
71 77
71 92
71 96
71 98
71 99
71 108
71 110
71 111
72 72
72 73
72 74
72 75
72 76
72 78
72 79
72 80
72 81
72 82
72 83
73 73
73 74
73 75
73 76
73 77
73 78
73 83
73 109
74 74
74 75
74 76
74 78
74 79
74 80
74 81
74 82
75 75
75 76
75 77
75 114
76 76
76 77
76 79
76 81
76 109
77 77
77 83
77 93
77 100
77 102
77 106
77 109
77 113
77 114
78 78
78 79
78 80
78 81
78 83
78 84
79 79
79 80
79 81
79 83
79 109
79 111
80 80
80 81
80 82
80 83
80 84
80 85
81 81
81 82
81 83
81 84
81 85
81 109
82 82
82 83
82 84
82 85
82 86
82 94
82 100
82 101
82 112
83 83
83 84
83 85
83 94
83 109
84 84
84 85
84 88
84 94
85 85
85 94
85 96
85 97
85 110
86 86
86 87
86 88
86 89
86 91
86 95
86 96
86 97
86 98
86 99
86 101
86 108
86 110
86 111
86 112
87 87
87 88
87 89
87 90
87 92
87 95
87 96
87 97
87 99
87 108
87 110
88 88
88 89
88 91
88 92
88 93
89 89
89 95
89 97
89 99
89 108
90 90
90 91
90 92
90 93
90 98
90 99
90 100
90 101
90 102
90 103
90 104
90 110
90 112
90 113
90 114
90 115
91 91
91 92
91 93
91 94
91 98
91 99
91 101
91 102
91 103
91 104
91 110
91 111
91 112
91 113
91 114
91 115
92 92
92 93
92 105
92 110
92 114
93 93
93 100
93 101
93 102
93 103
93 104
93 106
93 112
93 113
93 114
94 94
94 103
94 109
94 113
94 115
95 95
95 96
95 97
95 98
95 99
95 108
95 110
95 111
96 96
96 97
96 98
96 99
96 108
96 110
96 111
97 97
97 98
97 99
97 108
97 110
97 111
97 115
98 98
98 99
98 101
98 102
98 108
98 110
98 111
98 112
98 113
99 99
99 101
99 108
99 110
99 111
99 112
100 100
100 101
100 102
100 103
100 104
100 109
100 112
100 113
101 101
101 102
101 103
101 104
101 112
101 113
102 102
102 103
102 104
102 105
102 106
102 109
102 112
102 113
103 103
103 104
103 105
103 106
103 109
103 113
104 104
104 105
104 106
104 107
104 113
105 105
105 106
105 107
105 113
105 115
106 106
106 107
106 109
106 112
106 113
106 114
107 107
107 109
108 108
108 110
108 111
109 109
109 113
110 110
110 111
110 113
110 114
110 115
111 111
111 112
112 112
112 113
113 113
113 114
114 114
114 115
115 115
