0 0
0 4
0 5
0 10
0 12
0 18
0 28
0 32
0 43
0 48
0 58
0 76
0 86
0 109
0 110
1 1
1 7
1 9
1 11
1 12
1 13
1 15
1 16
1 17
1 29
1 41
1 46
1 47
1 51
1 52
1 53
1 58
1 61
1 62
1 63
1 72
1 73
1 77
1 80
1 83
1 90
1 100
1 102
1 104
1 106
1 112
2 2
2 3
2 4
2 6
2 10
2 14
2 18
2 22
2 23
2 24
2 25
2 26
2 27
2 30
2 31
2 33
2 34
2 35
2 40
2 45
2 50
2 64
2 67
2 82
2 88
2 93
2 115
3 3
3 4
3 5
3 7
3 8
3 9
3 10
3 11
3 14
3 15
3 18
3 19
3 22
3 23
3 24
3 25
3 27
3 30
3 31
3 64
3 65
3 82
3 83
3 85
3 89
3 92
4 4
4 5
4 6
4 7
4 8
4 9
4 15
4 20
4 21
4 23
4 24
4 25
4 26
4 27
4 48
4 50
4 64
4 65
4 67
4 97
4 107
5 5
5 7
5 9
5 20
5 21
5 24
5 25
5 26
5 27
5 45
5 48
5 65
5 67
5 71
5 85
5 96
5 97
6 6
6 7
6 8
6 10
6 12
6 18
6 26
6 30
6 32
6 44
6 59
6 64
6 71
6 75
7 7
7 8
7 9
7 10
7 11
7 12
7 13
7 14
7 15
7 19
7 20
7 29
7 31
7 41
7 53
7 61
7 65
7 83
7 92
8 8
8 9
8 12
8 13
8 15
8 23
8 48
8 50
8 64
8 65
8 69
8 71
9 9
9 11
9 13
9 15
9 20
9 21
9 65
9 92
10 10
10 11
10 12
10 13
10 14
10 15
10 16
10 18
10 19
10 22
10 28
10 45
10 47
10 53
10 56
10 75
10 82
10 83
10 84
10 86
11 11
11 12
11 13
11 14
11 15
11 19
11 23
11 31
11 41
11 51
11 53
11 61
11 65
11 82
11 83
11 84
11 85
11 89
11 92
11 115
12 12
12 13
12 14
12 15
12 16
12 28
12 29
12 52
12 58
12 60
12 61
12 62
12 63
12 66
12 70
12 73
12 75
12 77
12 80
12 83
12 84
12 86
13 13
13 14
13 15
13 29
13 41
13 51
13 52
13 58
13 60
13 61
13 65
13 69
13 71
13 73
13 75
13 83
13 84
13 92
14 14
14 15
14 16
14 18
14 19
14 22
14 23
14 51
14 53
14 69
14 80
14 82
14 83
14 84
14 86
14 88
14 90
14 92
14 93
15 15
15 21
15 23
15 29
15 51
15 69
15 83
15 84
15 90
15 91
15 92
15 93
15 100
15 104
16 16
16 17
16 19
16 28
16 29
16 47
16 53
16 56
16 58
16 60
16 61
16 62
16 63
16 68
16 70
16 72
16 73
16 74
16 75
16 76
16 77
16 78
16 79
16 80
16 86
16 101
16 111
16 112
17 17
17 28
17 29
17 46
17 52
17 53
17 56
17 57
17 58
17 60
17 61
17 62
17 63
17 70
17 72
17 73
17 76
17 77
17 78
17 79
17 80
17 81
17 91
17 98
17 99
17 100
17 101
17 102
17 105
17 106
17 112
18 18
18 19
18 22
18 23
18 27
18 28
18 30
18 31
18 32
18 33
18 45
18 64
18 75
18 82
18 88
19 19
19 28
19 33
19 41
19 47
19 56
19 67
19 69
19 74
19 76
19 77
19 82
19 83
19 110
20 20
20 21
20 25
20 26
20 27
20 42
20 43
20 45
20 47
20 48
20 49
20 58
20 65
20 66
20 67
20 70
20 71
20 96
21 21
21 23
21 25
21 26
21 27
21 43
21 47
21 67
21 83
21 90
21 92
21 94
21 97
21 104
21 108
21 109
21 110
21 114
22 22
22 23
22 24
22 25
22 26
22 27
22 30
22 31
22 34
22 35
22 43
22 45
22 50
22 64
22 82
22 85
22 88
22 113
22 115
23 23
23 24
23 25
23 26
23 27
23 30
23 31
23 40
23 50
23 64
23 82
23 83
23 85
23 88
23 89
23 92
23 93
23 94
23 110
23 115
24 24
24 25
24 26
24 27
24 30
24 31
24 34
24 43
24 45
24 48
24 50
24 67
24 71
24 85
24 93
24 96
24 107
24 110
25 25
25 26
25 27
25 30
25 31
25 34
25 35
25 38
25 43
25 45
25 50
25 67
25 71
25 85
25 88
25 96
25 97
25 107
25 110
26 26
26 27
26 30
26 31
26 45
26 48
26 50
26 59
26 65
26 67
26 71
26 85
26 96
26 97
26 107
27 27
27 30
27 31
27 34
27 35
27 43
27 45
27 50
27 64
27 67
27 69
27 82
27 85
27 88
27 96
27 110
28 28
28 29
28 32
28 33
28 37
28 56
28 60
28 63
28 72
28 73
28 74
28 75
28 76
28 77
28 78
28 79
28 80
28 81
28 82
28 83
29 29
29 33
29 46
29 53
29 56
29 63
29 70
29 71
29 72
29 73
29 74
29 75
29 76
29 77
29 78
29 79
29 80
29 81
29 98
29 100
29 101
29 105
29 111
29 112
30 30
30 31
30 33
30 34
30 40
30 45
30 50
30 55
30 64
30 71
30 75
30 82
30 113
30 115
31 31
31 33
31 35
31 40
31 45
31 50
31 55
31 64
31 65
31 71
31 82
31 85
31 113
31 115
32 32
32 33
32 34
32 36
32 37
32 57
32 58
32 59
32 60
32 63
32 64
32 66
32 68
32 72
32 74
32 75
32 76
32 78
32 79
32 81
33 33
33 34
33 35
33 37
33 64
33 65
33 68
33 69
33 72
33 73
33 74
33 75
33 76
33 77
33 78
33 79
33 81
34 34
34 35
34 44
34 45
34 48
34 50
34 64
34 66
34 67
34 79
34 96
34 108
34 110
35 35
35 44
35 45
35 49
35 67
35 68
35 78
35 81
36 36
36 37
36 38
36 39
36 40
36 41
36 54
36 55
36 57
36 62
36 70
36 72
36 73
36 74
36 75
36 76
36 77
36 78
36 79
36 81
36 94
36 95
36 96
36 98
36 106
36 107
36 108
36 115
37 37
37 38
37 39
37 40
37 54
37 55
37 71
37 72
37 73
37 74
37 75
37 76
37 77
37 78
37 79
37 81
37 95
37 96
37 98
37 107
37 108
37 115
38 38
38 39
38 40
38 50
38 54
38 55
38 72
38 76
38 77
38 78
38 87
38 88
38 89
38 94
38 95
38 96
38 107
38 108
38 110
39 39
39 40
39 50
39 54
39 55
39 71
39 72
39 75
39 76
39 77
39 78
39 81
39 87
39 89
39 94
39 95
39 96
39 107
39 108
39 110
39 115
40 40
40 41
40 55
40 87
40 94
40 105
40 107
40 113
40 115
41 41
41 73
41 74
41 83
41 92
41 94
41 115
42 42
42 43
42 44
42 45
42 46
42 47
42 48
42 49
42 51
42 53
42 55
42 56
42 58
42 75
42 96
42 98
42 99
42 101
42 111
42 112
43 43
43 45
43 46
43 47
43 48
43 56
43 74
43 75
43 78
43 96
43 98
43 99
43 101
43 103
43 108
43 109
43 110
43 111
44 44
44 45
44 46
44 47
44 48
44 49
44 51
44 53
44 55
44 56
44 58
44 59
44 66
44 98
44 102
44 111
44 112
45 45
45 47
45 49
45 56
45 67
45 85
45 96
45 110
45 111
46 46
46 47
46 49
46 51
46 52
46 53
46 55
46 56
46 58
46 71
46 75
46 98
46 99
46 100
46 101
46 111
46 112
46 113
47 47
47 49
47 53
47 55
47 56
47 70
47 75
47 83
47 86
47 98
47 99
47 110
47 111
47 112
48 48
48 50
48 51
48 52
48 54
48 58
48 65
48 66
48 67
48 96
48 98
48 103
49 49
49 51
49 53
49 55
49 56
49 59
49 98
49 100
49 102
49 111
49 112
50 50
50 51
50 54
50 55
50 64
50 67
50 85
50 88
50 89
50 93
50 95
50 96
50 98
50 107
50 108
50 113
51 51
51 52
51 53
51 54
51 55
51 59
51 61
51 65
51 89
51 90
51 98
51 100
51 101
51 112
52 52
52 53
52 54
52 55
52 58
52 59
52 61
52 62
52 63
52 89
52 90
52 91
52 98
52 100
52 101
52 102
52 106
52 112
53 53
53 55
53 56
53 61
53 63
53 83
53 89
53 90
53 98
53 99
53 100
53 111
53 112
54 54
54 55
54 66
54 69
54 89
54 95
54 96
54 98
54 106
54 107
54 108
55 55
55 71
55 89
55 95
55 96
55 97
55 98
55 107
55 108
56 56
56 57
56 58
56 60
56 62
56 68
56 72
56 73
56 74
56 75
56 76
56 77
56 78
56 80
56 86
56 87
56 99
56 101
56 103
56 110
56 111
56 112
57 57
57 62
57 63
57 68
57 72
57 74
57 76
57 78
57 79
57 80
57 81
57 98
57 99
57 101
57 104
57 105
57 106
57 109
57 110
57 111
57 112
57 114
58 58
58 59
58 60
58 61
58 62
58 63
58 65
58 66
58 68
58 71
58 73
58 74
58 75
58 98
58 101
58 103
59 59
59 62
59 63
59 66
59 67
59 102
59 107
60 60
60 61
60 62
60 63
60 68
60 71
60 73
60 74
60 75
60 78
60 79
60 80
60 86
60 101
60 103
61 61
61 63
61 65
61 66
61 80
61 101
61 103
62 62
62 63
62 70
62 72
62 73
62 78
62 79
62 80
62 81
62 87
62 90
62 91
62 98
62 99
62 100
62 101
62 102
62 103
62 104
62 105
62 106
62 112
63 63
63 72
63 73
63 78
63 79
63 80
63 81
63 91
63 98
63 100
63 101
63 102
63 112
64 64
64 65
64 82
64 88
65 65
65 66
65 69
65 71
65 75
66 66
66 67
66 68
66 69
66 74
66 96
66 102
66 103
67 67
67 69
67 96
67 103
67 110
68 68
68 69
68 73
68 74
68 76
68 78
68 80
68 99
68 103
68 106
68 109
68 110
68 111
69 69
69 87
69 88
69 110
70 70
70 71
70 72
70 73
70 74
70 75
70 76
70 77
70 86
70 94
70 96
70 102
70 103
70 104
70 105
70 109
70 114
71 71
71 73
71 75
71 96
71 98
71 107
72 72
72 73
72 74
72 75
72 76
72 77
72 78
72 79
72 80
72 81
72 98
72 99
72 100
72 101
72 105
72 111
72 112
72 114
73 73
73 74
73 75
73 76
73 77
73 78
73 80
73 81
73 105
73 112
74 74
74 75
74 76
74 77
74 78
74 80
74 81
74 103
75 75
75 76
75 77
75 96
75 98
75 111
75 112
76 76
76 77
76 78
76 79
76 80
76 81
76 86
76 95
76 96
76 105
76 110
77 77
77 78
77 80
77 81
77 86
77 87
77 95
77 112
78 78
78 79
78 80
78 81
78 95
78 99
78 101
78 103
78 105
78 106
78 108
78 109
78 110
78 111
78 112
78 114
79 79
79 80
79 81
79 101
79 105
79 109
79 111
80 80
80 81
80 84
80 86
80 87
80 99
80 101
80 103
80 106
80 111
80 112
81 81
81 95
81 98
81 99
81 105
81 106
81 109
81 111
81 112
81 114
82 82
82 83
82 84
82 85
82 86
82 87
82 88
82 92
82 115
83 83
83 84
83 86
83 87
83 90
83 92
84 84
84 85
84 86
84 87
84 88
84 92
84 93
84 101
84 102
84 103
84 104
84 111
85 85
85 88
85 89
85 92
85 97
86 86
86 87
86 101
87 87
87 88
87 94
87 101
87 104
87 108
87 110
88 88
88 93
88 94
88 108
88 109
88 110
88 113
89 89
89 90
89 92
89 107
89 113
90 90
90 91
90 92
90 93
90 94
90 100
90 102
90 104
90 105
90 106
90 112
90 114
91 91
91 92
91 93
91 100
91 102
91 103
91 104
91 112
91 113
91 114
92 92
92 93
92 94
92 100
92 102
92 104
93 93
93 94
93 100
93 101
93 102
93 103
93 104
93 110
94 94
94 95
94 96
94 97
94 104
94 105
94 106
94 107
94 109
94 110
95 95
95 96
95 97
95 98
95 99
95 105
95 107
95 108
95 109
95 110
96 96
96 98
96 105
96 107
96 108
96 109
96 110
97 97
97 104
97 105
97 108
97 109
98 98
98 99
98 100
98 101
98 102
98 105
98 111
98 112
98 113
99 99
99 100
99 101
99 103
99 108
99 111
99 112
99 113
100 100
100 101
100 102
100 103
100 104
100 105
100 111
100 112
100 113
101 101
101 102
101 103
101 104
101 111
101 112
102 102
102 103
102 104
102 105
102 112
102 114
103 103
103 104
103 105
103 110
104 104
104 105
104 106
104 108
104 109
104 110
104 114
105 105
105 106
105 107
105 109
105 114
106 106
106 107
106 110
106 114
107 107
108 108
108 109
108 110
108 114
109 109
109 110
109 111
109 114
110 110
110 114
111 111
111 112
111 114
112 112
113 113
114 114
115 115
