0 0
0 1
0 2
0 6
0 8
0 10
0 11
0 14
0 18
0 19
0 32
0 56
0 57
0 60
0 61
0 63
0 64
0 65
0 69
0 70
0 73
0 74
0 76
0 84
0 88
1 1
1 8
1 9
1 10
1 11
1 12
1 13
1 14
1 15
1 16
1 17
1 18
1 28
1 52
1 57
1 58
1 60
1 61
1 63
1 64
1 65
1 69
1 83
1 90
1 113
2 2
2 3
2 5
2 6
2 7
2 8
2 9
2 10
2 11
2 14
2 15
2 21
2 22
2 23
2 24
2 25
2 26
2 27
2 34
2 35
2 39
2 48
2 50
2 64
2 65
2 69
2 70
2 74
2 76
2 88
2 89
2 93
3 3
3 5
3 7
3 9
3 11
3 15
3 20
3 22
3 23
3 24
3 25
3 26
3 27
3 30
3 31
3 34
3 35
3 39
3 50
3 67
3 69
3 70
3 71
3 85
3 87
3 88
3 89
3 92
4 4
4 5
4 6
4 8
4 9
4 12
4 14
4 15
4 16
4 18
4 19
4 20
4 28
4 29
4 33
4 69
4 82
4 83
4 86
5 5
5 7
5 9
5 20
5 21
5 22
5 23
5 24
5 25
5 26
5 27
5 30
5 31
5 34
5 35
5 39
5 50
5 69
5 70
5 71
6 6
6 7
6 8
6 9
6 10
6 11
6 12
6 13
6 14
6 18
6 20
6 22
6 30
6 34
6 48
6 50
6 60
6 64
6 65
6 73
6 76
6 88
6 93
7 7
7 9
7 11
7 13
7 15
7 23
7 26
7 30
7 31
7 34
7 35
7 45
7 60
7 64
7 65
7 67
7 71
7 75
7 92
8 8
8 9
8 10
8 11
8 12
8 13
8 14
8 15
8 16
8 17
8 18
8 19
8 20
8 28
8 48
8 52
8 58
8 60
8 61
8 64
8 65
8 69
8 72
8 91
9 9
9 11
9 12
9 13
9 14
9 15
9 16
9 18
9 20
9 58
9 60
9 61
9 63
9 64
9 65
9 75
9 100
10 10
10 11
10 12
10 14
10 15
10 22
10 28
10 48
10 50
10 57
10 64
10 74
10 76
10 82
10 86
10 88
10 93
11 11
11 12
11 13
11 14
11 15
11 16
11 64
11 65
11 75
11 92
11 102
12 12
12 13
12 14
12 15
12 16
12 17
12 18
12 28
12 29
12 33
12 48
12 49
12 52
12 60
12 62
12 72
12 82
12 83
12 86
13 13
13 14
13 15
13 16
13 17
13 28
13 29
13 33
13 48
13 52
13 58
13 60
13 61
13 62
13 63
13 65
13 72
13 80
13 83
13 90
13 102
14 14
14 15
14 18
14 19
14 22
14 23
14 48
14 50
14 64
14 69
14 70
14 74
14 82
14 88
14 93
15 15
15 16
15 23
15 48
15 65
15 69
15 82
15 83
15 90
15 92
15 93
15 111
16 16
16 17
16 18
16 28
16 29
16 32
16 33
16 41
16 48
16 49
16 52
16 60
16 62
16 68
16 72
16 73
16 75
16 80
16 81
16 83
16 84
17 17
17 28
17 29
17 32
17 36
17 41
17 52
17 54
17 58
17 59
17 60
17 61
17 62
17 63
17 65
17 66
17 72
17 80
17 81
17 83
17 90
17 102
17 108
17 112
17 114
17 115
18 18
18 19
18 28
18 29
18 33
18 41
18 52
18 58
18 60
18 61
18 62
18 69
18 72
18 73
18 82
18 83
18 91
19 19
19 20
19 28
19 29
19 32
19 33
19 41
19 57
19 68
19 69
19 70
19 72
19 80
19 82
19 83
19 86
19 91
19 109
20 20
20 21
20 23
20 25
20 26
20 27
20 30
20 39
20 60
20 65
20 69
20 70
20 71
20 75
20 91
21 21
21 24
21 25
21 26
21 27
21 38
21 39
21 50
21 69
21 70
21 71
21 74
21 75
21 105
22 22
22 23
22 24
22 25
22 26
22 27
22 30
22 34
22 35
22 39
22 46
22 50
22 53
22 55
22 64
22 69
22 70
22 74
22 82
22 85
22 86
22 88
22 93
22 107
23 23
23 24
23 25
23 26
23 27
23 30
23 31
23 34
23 35
23 39
23 50
23 69
23 70
23 85
23 87
23 88
23 89
23 92
23 93
23 107
24 24
24 25
24 26
24 27
24 34
24 35
24 38
24 39
24 43
24 46
24 50
24 55
24 69
24 70
24 74
24 85
24 87
24 88
24 89
24 93
24 94
24 96
24 107
24 110
25 25
25 26
25 27
25 30
25 31
25 34
25 35
25 38
25 39
25 40
25 43
25 45
25 46
25 50
25 55
25 67
25 70
25 78
25 85
25 87
25 88
25 89
25 96
25 107
25 110
26 26
26 27
26 38
26 39
26 50
26 55
26 56
26 69
26 70
26 71
26 74
26 87
26 88
26 92
26 93
26 103
27 27
27 30
27 35
27 39
27 43
27 50
27 55
27 69
27 70
27 71
27 85
27 87
27 88
27 92
27 93
27 101
27 103
28 28
28 29
28 32
28 33
28 36
28 41
28 44
28 49
28 52
28 57
28 62
28 68
28 72
28 73
28 80
28 81
28 82
28 83
28 84
28 86
28 108
28 112
29 29
29 31
29 32
29 33
29 36
29 40
29 41
29 44
29 49
29 52
29 62
29 68
29 72
29 73
29 75
29 78
29 80
29 81
29 82
29 83
29 84
29 90
29 95
29 102
29 108
29 112
30 30
30 31
30 33
30 34
30 35
30 40
30 43
30 45
30 71
30 75
30 77
31 31
31 33
31 34
31 35
31 36
31 40
31 44
31 45
31 49
31 67
31 71
31 77
32 32
32 33
32 36
32 40
32 41
32 56
32 57
32 68
32 72
32 73
32 74
32 75
32 78
32 80
32 81
32 83
32 84
33 33
33 36
33 40
33 41
33 44
33 49
33 62
33 68
33 72
33 77
33 80
33 81
33 82
33 83
33 86
34 34
34 35
34 43
34 45
34 50
34 64
34 67
34 76
34 77
34 79
34 88
34 110
35 35
35 43
35 44
35 45
35 47
35 50
35 67
35 77
35 96
35 110
36 36
36 38
36 40
36 41
36 46
36 49
36 53
36 54
36 55
36 57
36 68
36 72
36 73
36 78
36 79
36 80
36 81
36 82
36 83
36 84
36 85
36 86
36 87
36 94
36 95
36 96
36 97
36 98
36 107
36 108
37 37
37 39
37 40
37 41
37 42
37 46
37 47
37 51
37 53
37 55
37 75
37 77
37 85
37 97
37 98
37 99
37 100
37 106
37 111
38 38
38 39
38 46
38 53
38 54
38 55
38 57
38 68
38 70
38 73
38 74
38 81
38 86
38 88
38 89
38 95
38 96
38 97
38 103
38 104
38 105
38 108
38 114
38 115
39 39
39 46
39 50
39 54
39 65
39 69
39 70
39 74
39 88
39 89
39 97
39 113
39 115
40 40
40 41
40 55
40 68
40 71
40 77
40 78
40 79
40 80
40 81
40 82
40 83
40 85
40 86
40 87
40 94
40 95
40 96
40 97
40 99
40 107
40 108
40 110
41 41
41 52
41 59
41 62
41 68
41 72
41 73
41 74
41 75
41 78
41 80
41 81
41 82
41 83
41 90
41 95
41 97
41 99
41 100
41 108
41 113
42 42
42 43
42 44
42 45
42 46
42 47
42 49
42 51
42 53
42 55
42 56
42 57
42 68
42 81
42 85
42 98
42 99
42 101
42 103
42 104
42 110
42 111
42 112
42 114
43 43
43 45
43 46
43 47
43 49
43 50
43 55
43 56
43 67
43 79
43 85
43 96
43 98
43 99
43 104
43 110
43 111
44 44
44 45
44 47
44 48
44 49
44 51
44 52
44 62
44 66
44 67
44 68
44 72
44 80
44 81
44 86
44 90
44 95
44 99
44 105
44 108
44 114
45 45
45 47
45 49
45 67
45 77
45 85
45 96
45 99
45 110
45 111
46 46
46 47
46 50
46 51
46 53
46 54
46 55
46 57
46 78
46 79
46 85
46 94
46 97
46 98
46 99
46 104
46 109
46 110
46 111
46 112
46 114
46 115
47 47
47 49
47 51
47 55
47 56
47 68
47 98
47 99
47 110
47 111
47 112
48 48
48 50
48 51
48 52
48 54
48 58
48 66
48 93
48 100
48 105
48 108
48 114
49 49
49 51
49 52
49 62
49 66
49 67
49 68
49 72
49 80
49 81
49 83
49 86
49 99
49 111
49 112
49 114
50 50
50 55
50 64
50 67
50 74
50 85
50 88
50 89
50 93
50 104
50 110
51 51
51 52
51 53
51 55
51 66
51 90
51 91
51 98
51 99
51 104
51 111
51 112
51 114
52 52
52 53
52 54
52 57
52 58
52 60
52 61
52 62
52 63
52 65
52 66
52 68
52 72
52 80
52 83
52 90
52 91
52 102
52 113
52 114
52 115
53 53
53 54
53 55
53 57
53 66
53 68
53 91
53 93
53 98
53 102
53 103
53 104
53 105
53 107
53 112
53 114
53 115
54 54
54 55
54 57
54 58
54 59
54 61
54 66
54 69
54 74
54 89
54 90
54 91
54 94
54 95
54 96
54 97
54 104
54 105
54 108
54 109
54 114
54 115
55 55
55 57
55 70
55 78
55 79
55 85
55 86
55 87
55 94
55 96
55 98
55 99
55 103
55 104
55 107
55 110
56 56
56 58
56 60
56 71
56 79
56 99
56 111
57 57
57 68
57 69
57 70
57 72
57 73
57 74
57 78
57 79
57 81
57 82
57 84
57 91
57 97
57 98
57 104
57 109
57 113
57 114
57 115
58 58
58 60
58 61
58 62
58 63
58 65
58 66
58 90
58 91
58 100
58 102
58 105
58 113
58 114
58 115
59 59
59 61
59 66
59 67
59 69
59 80
59 81
59 89
59 90
59 97
59 108
59 112
59 113
59 115
60 60
60 61
60 62
60 63
60 64
60 65
60 90
60 100
61 61
61 62
61 63
61 64
61 65
61 66
61 89
61 90
61 97
61 102
61 108
61 109
61 113
61 115
62 62
62 63
62 65
62 68
62 72
62 80
62 81
62 83
62 84
62 90
62 100
62 102
62 113
63 63
63 64
63 65
63 89
63 90
63 113
63 115
64 64
64 65
64 76
64 88
64 89
65 65
65 89
65 100
66 66
66 68
66 90
66 91
66 95
66 97
66 102
66 103
66 104
66 105
66 112
66 113
66 114
66 115
67 67
67 85
67 89
67 106
67 110
68 68
68 72
68 78
68 80
68 81
68 83
68 90
68 91
68 95
68 99
68 112
69 69
69 70
69 79
69 82
69 88
69 91
69 97
70 70
70 71
70 73
70 74
70 75
70 76
70 77
70 82
70 88
70 91
70 93
70 94
70 107
70 109
71 71
71 75
71 76
71 77
71 107
72 72
72 73
72 75
72 80
72 81
72 82
72 83
72 84
72 90
72 91
72 102
72 112
73 73
73 74
73 75
73 76
73 78
73 95
73 108
73 109
74 74
74 75
74 76
74 78
74 88
74 109
75 75
75 76
75 77
75 100
76 76
76 77
76 88
76 93
76 98
77 77
77 96
77 110
78 78
78 79
78 80
78 81
78 82
78 83
78 84
78 85
78 94
78 95
78 96
78 107
78 108
78 110
79 79
79 85
79 87
79 98
79 110
80 80
80 81
80 83
80 84
80 90
80 102
80 112
81 81
81 83
81 84
81 94
81 95
81 97
81 108
81 112
81 114
82 82
82 83
82 86
82 88
82 93
82 94
82 95
82 96
82 97
82 107
82 109
83 83
83 86
83 87
83 90
83 112
84 84
84 85
84 86
84 112
85 85
85 87
85 88
85 89
85 94
85 96
85 98
85 99
85 103
85 107
85 110
86 86
86 93
86 94
86 95
86 96
86 97
86 104
86 105
87 87
87 92
87 96
87 107
88 88
88 89
88 93
88 94
89 89
89 92
89 96
89 106
89 115
90 90
90 91
90 92
90 100
90 102
90 106
90 112
90 113
90 114
91 91
91 93
91 97
91 98
91 99
91 105
91 109
92 92
92 93
92 100
92 102
92 106
93 93
93 101
93 103
93 107
94 94
94 95
94 96
94 97
94 107
94 108
94 109
94 110
94 111
95 95
95 96
95 97
95 105
95 107
95 108
95 109
95 110
96 96
96 97
96 98
96 106
96 107
96 108
96 110
96 115
97 97
97 98
97 108
97 109
97 110
97 115
98 98
98 99
98 107
98 109
98 110
98 111
98 112
98 115
99 99
99 110
99 111
99 112
100 100
100 101
100 102
100 103
100 113
101 101
101 102
101 103
101 104
102 102
102 103
102 104
102 115
103 103
103 104
103 105
103 114
104 104
104 105
104 114
104 115
105 105
105 114
105 115
106 106
107 107
107 109
108 108
108 109
108 110
108 114
109 109
109 110
109 111
110 110
110 111
111 111
111 112
112 112
113 113
113 114
113 115
114 114
114 115
115 115
