0 0
0 1
0 16
0 19
0 39
0 40
0 56
0 57
0 68
0 69
0 70
0 78
0 81
0 86
0 97
0 99
0 111
1 1
1 11
1 13
1 19
1 32
1 39
1 55
1 56
1 57
1 59
1 61
1 63
1 68
1 81
1 97
1 111
2 2
2 3
2 4
2 6
2 7
2 8
2 10
2 12
2 14
2 18
2 22
2 23
2 24
2 25
2 26
2 27
2 30
2 31
2 32
2 33
2 60
2 64
2 67
2 91
2 96
2 114
3 3
3 5
3 6
3 7
3 8
3 9
3 11
3 13
3 15
3 18
3 23
3 31
3 32
3 33
3 61
3 65
3 68
3 93
3 113
3 114
4 4
4 8
4 9
4 10
4 14
4 15
4 18
4 24
4 26
4 58
4 60
4 64
4 65
4 91
4 104
4 115
5 5
5 7
5 8
5 9
5 11
5 13
5 21
5 22
5 23
5 24
5 25
5 30
5 31
5 35
5 60
5 61
5 63
5 64
5 65
5 70
5 71
5 86
5 92
5 100
5 108
5 114
5 115
6 6
6 7
6 8
6 9
6 11
6 13
6 18
6 31
6 32
6 33
6 60
6 61
6 62
6 64
6 91
6 92
6 93
6 95
6 97
6 99
6 100
6 108
6 112
7 7
7 8
7 9
7 11
7 13
7 23
7 24
7 30
7 31
7 32
7 33
7 60
7 61
7 63
7 64
7 65
7 87
7 89
7 90
7 91
7 92
7 93
7 95
7 97
7 98
7 99
7 100
7 108
7 112
8 8
8 9
8 11
8 13
8 14
8 15
8 22
8 23
8 24
8 25
8 30
8 31
8 58
8 60
8 61
8 64
8 65
8 71
8 86
8 91
8 100
8 108
8 114
8 115
9 9
9 11
9 13
9 15
9 23
9 24
9 25
9 30
9 31
9 60
9 61
9 63
9 64
9 65
9 70
9 71
9 86
9 90
9 91
9 92
9 93
9 98
9 100
9 108
9 113
9 114
9 115
10 10
10 12
10 14
10 15
10 16
10 18
10 26
10 27
10 28
10 41
10 58
10 60
10 72
10 73
10 76
10 77
10 102
10 104
10 113
10 114
10 115
11 11
11 13
11 17
11 29
11 30
11 31
11 33
11 39
11 60
11 61
11 62
11 63
11 65
11 90
11 93
11 95
11 96
11 97
11 98
11 99
11 100
11 108
11 111
11 112
11 114
12 12
12 13
12 14
12 15
12 18
12 28
12 41
12 58
12 60
12 72
12 114
13 13
13 17
13 29
13 30
13 31
13 33
13 39
13 60
13 61
13 62
13 63
13 65
13 89
13 90
13 93
13 97
13 98
13 99
13 100
13 108
13 112
13 114
14 14
14 15
14 18
14 20
14 21
14 22
14 26
14 27
14 28
14 50
14 64
14 72
14 73
14 80
14 81
14 82
14 83
14 84
14 88
15 15
15 18
15 61
15 65
15 73
15 84
15 114
15 115
16 16
16 17
16 20
16 28
16 29
16 36
16 56
16 57
16 62
16 72
16 73
16 74
16 76
16 78
16 79
16 80
16 81
16 82
16 85
17 17
17 20
17 21
17 28
17 29
17 30
17 56
17 57
17 62
17 63
17 70
17 71
17 72
17 73
17 74
17 78
17 79
17 80
17 81
17 83
18 18
18 19
18 28
18 32
18 68
18 76
18 77
18 113
19 19
19 28
19 36
19 51
19 68
19 69
19 76
19 77
19 91
19 93
19 98
19 99
19 102
19 104
19 113
20 20
20 21
20 26
20 27
20 29
20 44
20 45
20 49
20 50
20 70
20 71
20 72
20 73
20 78
20 79
20 80
20 81
20 82
20 83
20 84
20 85
20 88
20 105
20 106
20 107
21 21
21 22
21 23
21 24
21 25
21 26
21 27
21 29
21 30
21 31
21 50
21 56
21 64
21 70
21 71
21 73
21 78
21 79
21 80
21 81
21 82
21 83
21 84
21 85
21 88
21 106
21 107
22 22
22 23
22 24
22 25
22 26
22 27
22 30
22 31
22 33
22 35
22 60
22 64
22 86
22 87
22 108
22 114
23 23
23 24
23 25
23 30
23 31
23 33
23 35
23 60
23 64
23 67
23 86
23 87
23 88
23 92
23 95
23 100
23 101
23 108
24 24
24 25
24 30
24 31
24 35
24 39
24 60
24 63
24 64
24 65
24 67
24 70
24 71
24 86
24 87
24 96
24 97
24 100
24 108
24 114
24 115
25 25
25 27
25 30
25 31
25 35
25 64
25 67
25 71
25 86
25 87
25 108
25 114
25 115
26 26
26 27
26 41
26 44
26 49
26 50
26 64
26 71
26 78
26 80
26 81
26 102
26 104
26 105
26 114
26 115
27 27
27 34
27 36
27 37
27 41
27 42
27 43
27 50
27 67
27 76
27 77
27 102
27 103
27 104
27 105
27 107
28 28
28 29
28 36
28 37
28 43
28 72
28 73
28 74
28 75
28 76
28 77
28 78
28 79
28 81
28 82
28 83
29 29
29 30
29 31
29 37
29 63
29 72
29 73
29 74
29 78
29 79
29 80
29 81
29 82
29 83
29 84
30 30
30 31
30 33
30 35
30 39
30 56
30 60
30 62
30 63
30 64
30 70
30 71
30 79
30 86
30 87
30 94
30 95
30 97
30 100
30 108
31 31
31 32
31 33
31 35
31 39
31 60
31 62
31 63
31 64
31 71
31 86
31 87
31 95
31 97
31 100
31 101
31 108
32 32
32 33
32 39
32 40
32 57
32 66
32 86
32 87
32 95
32 97
32 108
32 111
33 33
33 34
33 35
33 39
33 40
33 60
33 64
33 66
33 86
33 87
33 94
33 95
33 97
33 100
33 108
33 111
34 34
34 35
34 45
34 47
34 64
34 66
34 67
34 77
34 109
34 110
34 111
35 35
35 39
35 47
35 64
35 67
35 87
35 94
35 95
35 97
35 100
35 101
35 108
35 110
35 111
36 36
36 37
36 38
36 40
36 41
36 42
36 43
36 46
36 47
36 68
36 69
36 72
36 74
36 75
36 76
36 77
36 82
36 83
36 85
36 94
36 106
36 109
36 110
37 37
37 38
37 40
37 41
37 42
37 43
37 46
37 47
37 68
37 69
37 72
37 74
37 75
37 76
37 77
37 79
37 81
37 82
37 83
37 84
37 85
37 94
37 106
37 107
37 109
37 110
38 38
38 39
38 40
38 41
38 42
38 46
38 47
38 52
38 53
38 54
38 55
38 57
38 69
38 74
38 81
38 82
38 85
38 87
38 88
38 89
38 94
38 95
38 97
38 101
38 106
38 110
38 111
39 39
39 40
39 46
39 47
39 53
39 54
39 55
39 56
39 57
39 66
39 86
39 87
39 93
39 94
39 95
39 96
39 97
39 98
39 99
39 100
39 108
39 109
39 110
39 111
40 40
40 41
40 42
40 46
40 47
40 54
40 55
40 57
40 66
40 69
40 74
40 75
40 76
40 77
40 86
40 94
40 96
40 97
40 110
40 111
41 41
41 42
41 43
41 45
41 68
41 75
41 76
41 77
41 82
41 102
42 42
42 43
42 44
42 45
42 46
42 47
42 48
42 49
42 50
42 51
42 69
42 75
42 76
42 77
42 83
42 84
42 85
42 106
42 107
43 43
43 44
43 45
43 46
43 47
43 48
43 49
43 50
43 51
43 76
43 77
43 81
43 83
43 84
43 85
43 102
43 106
43 107
44 44
44 45
44 48
44 49
44 50
44 80
44 81
44 84
44 85
44 102
44 104
45 45
45 47
45 48
45 49
45 50
45 64
45 67
45 81
45 83
45 84
45 85
46 46
46 47
46 51
46 52
46 53
46 54
46 55
46 66
46 69
46 76
46 89
46 94
46 96
46 97
46 110
46 111
47 47
47 53
47 54
47 55
47 67
47 69
47 75
47 76
47 77
47 90
47 91
47 92
47 94
47 96
47 97
47 98
47 99
47 103
47 110
47 111
48 48
48 49
48 50
48 51
48 52
48 58
48 102
48 104
48 105
48 107
48 115
49 49
49 50
49 51
49 80
49 81
49 84
49 85
50 50
50 52
50 84
50 85
50 88
50 102
50 104
50 105
50 106
50 107
51 51
51 52
51 53
51 55
51 59
51 61
51 76
51 103
51 104
51 105
51 107
52 52
52 53
52 54
52 55
52 58
52 59
52 61
52 66
52 69
52 87
52 88
52 89
52 90
52 94
52 101
52 106
53 53
53 54
53 55
53 59
53 61
53 87
53 88
53 89
53 94
53 95
53 101
53 106
53 110
53 111
54 54
54 55
54 66
54 86
54 87
54 89
54 94
54 95
54 96
54 97
54 98
54 99
54 108
54 111
55 55
55 66
55 69
55 86
55 87
55 88
55 89
55 94
55 95
55 96
55 97
55 98
55 99
55 108
55 110
55 111
56 56
56 57
56 62
56 63
56 68
56 70
56 71
56 72
56 78
56 79
56 80
56 81
56 94
56 95
56 97
56 108
56 111
57 57
57 62
57 63
57 68
57 69
57 70
57 71
57 78
57 80
57 81
57 86
57 87
57 94
57 95
57 97
57 108
57 110
57 111
58 58
58 59
58 60
58 61
58 65
58 66
58 91
58 104
58 105
58 108
58 115
59 59
59 61
59 65
59 66
59 69
59 91
59 93
59 98
59 100
60 60
60 61
60 62
60 63
60 64
60 65
60 100
60 108
60 114
60 115
61 61
61 63
61 65
61 86
61 89
61 90
61 91
61 93
61 97
61 98
61 100
61 108
61 112
62 62
62 63
62 70
62 71
62 72
62 73
62 74
62 78
62 79
62 80
62 81
63 63
63 70
63 71
63 72
63 73
63 78
63 79
63 80
63 81
63 86
63 97
63 100
63 108
64 64
64 65
64 67
64 86
64 87
64 88
64 114
65 65
65 67
65 90
65 91
65 92
65 93
65 100
65 113
65 114
66 66
66 67
66 76
66 94
66 96
66 97
66 99
66 108
67 67
67 87
67 92
68 68
68 69
68 74
68 75
68 81
68 111
68 113
69 69
69 75
69 77
69 90
69 94
69 98
69 103
69 105
69 106
69 107
69 109
69 110
69 111
70 70
70 71
70 78
70 80
70 81
71 71
71 73
71 78
71 80
71 81
71 87
71 114
71 115
72 72
72 73
72 74
72 76
72 78
72 79
72 80
72 81
72 82
72 83
73 73
73 74
73 75
73 77
73 78
73 79
73 80
73 81
73 83
73 84
73 114
73 115
74 74
74 75
74 76
74 77
74 78
74 79
74 81
74 83
74 106
74 110
75 75
75 76
75 77
75 96
75 103
75 110
75 113
76 76
76 77
76 96
76 102
77 77
77 96
77 102
77 103
77 104
77 105
77 113
78 78
78 79
78 80
78 81
78 82
79 79
79 80
79 81
79 82
79 83
79 84
79 106
79 107
80 80
80 81
80 82
80 83
80 84
80 85
80 106
81 81
81 82
81 83
81 84
81 85
81 106
81 107
82 82
82 83
82 84
82 85
82 88
83 83
83 84
83 85
83 88
83 89
83 101
83 106
83 107
84 84
84 85
84 88
84 89
84 106
84 107
85 85
85 88
85 89
85 101
85 106
85 107
86 86
86 87
86 90
86 91
86 92
86 93
86 94
86 95
86 96
86 97
86 98
86 100
86 101
86 108
86 111
87 87
87 88
87 89
87 94
87 95
87 97
87 101
87 106
87 108
87 111
88 88
88 89
88 94
88 95
88 101
88 106
88 110
89 89
89 94
89 95
89 101
89 106
90 90
90 91
90 92
90 93
90 97
90 98
90 99
90 100
90 101
90 103
90 106
90 110
90 111
91 91
91 92
91 93
91 96
91 97
91 98
91 99
91 100
91 102
91 103
91 104
91 108
91 111
91 112
91 113
91 115
92 92
92 93
92 96
92 97
92 98
92 99
92 100
92 104
92 108
92 111
92 112
92 113
93 93
93 96
93 97
93 98
93 99
93 100
93 102
93 104
93 108
93 111
93 112
93 113
93 114
93 115
94 94
94 95
94 97
94 101
94 106
94 108
94 109
94 110
94 111
95 95
95 97
95 101
95 108
95 109
95 110
95 111
96 96
96 97
96 98
96 99
96 102
96 104
96 108
96 111
96 113
96 114
96 115
97 97
97 98
97 99
97 100
97 108
97 110
97 111
98 98
98 99
98 100
98 103
98 104
98 108
98 111
98 112
98 113
99 99
99 100
99 102
99 104
99 108
99 111
99 112
99 113
100 100
100 108
100 111
100 112
101 101
101 106
101 110
102 102
102 103
102 104
102 105
102 113
102 114
102 115
103 103
103 104
103 105
103 107
103 109
103 110
103 113
103 115
104 104
104 105
104 107
104 113
104 114
104 115
105 105
105 107
105 109
105 113
105 115
106 106
106 107
106 109
106 110
107 107
107 109
107 110
108 108
108 111
109 109
109 110
110 110
110 111
111 111
111 112
112 112
113 113
113 114
113 115
114 114
114 115
115 115
