0 0
0 1
0 10
0 16
0 17
0 18
0 50
0 51
0 52
0 53
0 56
0 57
0 58
0 60
0 61
0 62
0 63
0 64
0 82
0 84
1 1
1 11
1 16
1 17
1 18
1 19
1 28
1 29
1 37
1 41
1 51
1 52
1 53
1 56
1 57
1 59
1 60
1 61
1 62
1 63
1 70
1 72
1 73
1 74
1 75
1 77
1 83
1 86
1 89
1 100
1 102
1 112
2 2
2 3
2 4
2 5
2 6
2 8
2 12
2 14
2 20
2 21
2 22
2 23
2 24
2 25
2 26
2 27
2 34
2 35
2 64
2 67
2 88
2 94
2 110
2 114
3 3
3 4
3 5
3 6
3 7
3 8
3 9
3 10
3 11
3 14
3 15
3 21
3 22
3 23
3 25
3 26
3 27
3 30
3 31
3 34
3 64
3 65
3 71
3 85
3 87
3 88
3 92
3 94
4 4
4 5
4 8
4 14
4 19
4 20
4 21
4 22
4 23
4 24
4 25
4 26
4 27
4 33
4 34
4 35
4 67
4 68
4 69
4 71
4 91
4 93
4 94
4 106
4 110
5 5
5 7
5 8
5 9
5 14
5 20
5 21
5 22
5 23
5 24
5 25
5 26
5 27
5 34
5 35
5 42
5 47
5 50
5 67
5 68
5 69
5 87
5 88
5 94
5 96
5 110
6 6
6 7
6 10
6 12
6 14
6 15
6 30
6 50
6 64
6 83
6 94
6 106
7 7
7 9
7 11
7 12
7 13
7 14
7 15
7 23
7 30
7 31
7 45
7 64
7 65
7 71
7 92
7 94
8 8
8 14
8 19
8 20
8 21
8 22
8 23
8 24
8 25
8 26
8 27
8 33
8 34
8 35
8 67
8 68
8 69
8 71
8 91
8 93
8 94
8 106
9 9
9 11
9 13
9 15
9 23
9 42
9 43
9 44
9 47
9 50
9 64
9 65
9 88
9 92
10 10
10 11
10 12
10 14
10 15
10 22
10 30
10 64
10 82
10 84
10 85
10 86
10 87
10 88
11 11
11 12
11 13
11 15
11 30
11 31
11 42
11 43
11 44
11 46
11 47
11 49
11 61
11 64
11 65
11 71
11 75
11 86
11 87
11 107
12 12
12 13
12 14
12 15
12 16
12 17
12 39
12 60
12 61
12 65
12 88
12 94
13 13
13 15
13 17
13 39
13 49
13 60
13 61
13 65
13 86
13 88
13 107
14 14
14 15
14 19
14 20
14 21
14 22
14 23
14 24
14 25
14 26
14 27
14 39
14 64
14 69
14 71
14 82
14 84
14 87
14 88
14 94
15 15
15 21
15 30
15 31
15 41
15 61
15 64
15 65
15 71
15 73
15 82
15 83
15 86
15 87
15 88
16 16
16 17
16 18
16 28
16 29
16 32
16 37
16 52
16 53
16 56
16 57
16 58
16 60
16 61
16 62
16 63
16 70
16 72
16 73
16 74
16 75
16 76
16 78
16 79
16 80
16 81
16 83
16 101
16 109
17 17
17 18
17 28
17 29
17 36
17 37
17 40
17 51
17 52
17 53
17 56
17 57
17 58
17 59
17 60
17 61
17 62
17 63
17 72
17 73
17 75
17 78
17 80
17 81
17 83
17 95
17 100
17 101
17 102
17 107
17 112
17 115
18 18
18 19
18 28
18 32
18 52
18 56
18 58
18 60
18 62
18 63
18 66
18 68
18 70
18 72
18 73
18 74
18 82
18 83
18 89
19 19
19 20
19 23
19 26
19 28
19 40
19 52
19 57
19 62
19 68
19 69
19 70
19 73
19 80
19 82
19 83
19 89
19 91
20 20
20 21
20 22
20 23
20 24
20 25
20 26
20 27
20 30
20 31
20 36
20 38
20 39
20 40
20 41
20 68
20 69
20 70
20 71
20 73
20 74
20 75
20 80
20 83
20 85
20 87
20 94
20 95
20 96
20 108
20 110
20 111
21 21
21 22
21 23
21 24
21 25
21 26
21 27
21 31
21 35
21 36
21 38
21 39
21 41
21 69
21 70
21 71
21 87
21 88
21 94
21 96
21 108
21 110
22 22
22 23
22 24
22 25
22 26
22 27
22 30
22 31
22 34
22 35
22 38
22 64
22 82
22 84
22 85
22 87
22 88
22 94
22 110
23 23
23 24
23 25
23 26
23 27
23 30
23 31
23 33
23 34
23 35
23 64
23 67
23 69
23 71
23 84
23 85
23 87
23 88
23 92
23 94
23 110
24 24
24 25
24 26
24 27
24 30
24 31
24 34
24 35
24 67
24 69
24 84
24 85
24 87
24 88
24 94
24 96
24 109
24 110
25 25
25 26
25 27
25 30
25 31
25 34
25 35
25 38
25 39
25 45
25 67
25 68
25 69
25 71
25 84
25 85
25 87
25 88
25 94
25 96
25 109
25 110
26 26
26 27
26 34
26 35
26 39
26 68
26 69
26 91
26 94
26 96
26 108
26 110
26 111
27 27
27 34
27 35
27 38
27 39
27 42
27 68
27 69
27 71
27 84
27 87
27 88
27 91
27 94
27 96
27 110
27 111
28 28
28 29
28 30
28 31
28 33
28 36
28 40
28 41
28 52
28 53
28 60
28 61
28 62
28 63
28 72
28 73
28 74
28 75
28 78
28 80
28 81
28 82
28 83
28 86
28 101
28 107
29 29
29 33
29 36
29 37
29 40
29 41
29 53
29 56
29 57
29 62
29 63
29 72
29 73
29 74
29 75
29 76
29 78
29 79
29 80
29 81
29 83
29 100
29 101
29 102
29 112
30 30
30 31
30 34
30 41
30 64
30 70
30 71
30 72
30 73
30 75
30 82
30 83
30 85
30 86
30 87
31 31
31 33
31 64
31 71
31 83
31 85
31 87
32 32
32 33
32 54
32 60
32 62
32 99
32 103
33 33
33 35
33 45
33 67
33 83
33 106
34 34
34 35
34 42
34 44
34 45
34 47
34 50
34 64
34 67
34 69
34 71
34 76
34 77
34 84
34 87
34 92
34 110
35 35
35 42
35 43
35 44
35 45
35 47
35 67
35 87
35 96
35 109
35 110
35 111
36 36
36 38
36 39
36 40
36 41
36 72
36 73
36 78
36 79
36 80
36 81
36 83
36 87
36 94
36 96
36 97
36 104
36 115
37 37
37 46
37 61
37 63
37 70
37 71
37 72
37 73
37 74
37 75
37 76
37 77
37 81
37 85
37 95
37 102
37 115
38 38
38 39
38 54
38 55
38 69
38 80
38 82
38 84
38 86
38 87
38 88
38 96
38 97
38 104
38 108
38 110
38 111
39 39
39 40
39 54
39 55
39 71
39 87
39 89
39 94
39 96
39 97
39 110
39 115
40 40
40 41
40 72
40 79
40 80
40 81
40 82
40 83
40 89
40 94
40 95
40 96
40 97
40 102
40 115
41 41
41 72
41 73
41 74
41 75
41 80
41 83
41 85
41 87
41 105
42 42
42 43
42 44
42 45
42 46
42 47
42 48
42 50
42 55
42 65
42 96
42 98
42 99
42 110
42 113
43 43
43 44
43 45
43 46
43 47
43 48
43 49
43 50
43 51
43 55
43 65
43 86
43 92
43 97
43 98
43 99
43 105
43 108
43 112
43 113
43 114
44 44
44 45
44 46
44 47
44 48
44 49
44 50
44 51
44 55
44 65
44 67
44 90
44 92
44 96
44 97
44 98
44 99
44 100
44 113
45 45
45 46
45 47
45 48
45 49
45 55
45 65
45 67
45 92
45 98
45 100
45 110
45 113
46 46
46 47
46 48
46 49
46 50
46 51
46 54
46 55
46 65
46 77
46 90
46 96
46 97
46 98
46 99
46 108
46 111
46 113
47 47
47 48
47 49
47 55
47 65
47 67
47 87
47 90
47 96
47 97
47 98
47 99
47 108
47 110
47 111
47 113
48 48
48 49
48 50
48 51
48 54
48 55
48 58
48 66
48 98
48 99
48 100
49 49
49 51
49 55
49 61
49 65
49 86
49 90
49 97
49 98
49 99
49 100
49 102
49 107
49 112
49 113
50 50
50 51
50 52
50 53
50 54
50 56
50 92
50 98
50 99
50 100
50 113
51 51
51 52
51 53
51 54
51 55
51 56
51 58
51 61
51 98
51 99
51 100
51 102
51 112
52 52
52 53
52 54
52 56
52 57
52 58
52 59
52 60
52 61
52 62
52 63
52 83
52 89
52 101
52 106
52 112
53 53
53 56
53 57
53 72
53 73
53 74
53 75
53 76
53 99
53 100
54 54
54 55
54 56
54 57
54 58
54 66
54 68
54 90
54 95
54 96
54 97
54 98
54 99
54 102
54 103
54 104
54 108
54 110
54 111
55 55
55 65
55 86
55 87
55 95
55 96
55 97
55 98
55 99
55 102
55 107
55 108
55 112
56 56
56 57
56 58
56 60
56 61
56 62
56 63
56 68
56 72
56 78
56 80
56 81
56 99
56 101
56 112
57 57
57 58
57 59
57 60
57 61
57 62
57 63
57 68
57 72
57 78
57 79
57 80
57 81
57 89
57 91
57 93
57 95
57 99
57 100
57 101
57 102
57 103
57 106
57 111
57 112
58 58
58 59
58 60
58 61
58 62
58 63
58 66
58 81
58 90
58 98
58 100
58 102
58 103
58 106
59 59
59 60
59 61
59 62
59 63
59 66
59 81
59 89
59 90
59 91
59 100
59 101
59 102
59 103
59 107
59 109
59 112
60 60
60 61
60 62
60 63
60 81
60 89
61 61
61 62
61 63
61 65
61 72
61 86
61 89
61 100
61 102
61 107
62 62
62 63
62 66
62 72
62 78
62 79
62 80
62 81
62 89
62 101
63 63
63 72
63 78
63 79
63 80
63 81
63 89
63 102
63 103
63 112
64 64
64 71
64 75
64 76
64 77
64 82
64 84
64 85
64 87
64 88
65 65
65 75
65 86
65 107
66 66
66 67
66 103
66 109
67 67
67 69
67 90
67 91
67 92
67 93
67 110
68 68
68 69
68 70
68 73
68 74
68 80
68 82
68 89
68 91
68 95
68 96
68 97
68 103
68 110
68 111
69 69
69 70
69 80
69 82
69 84
69 87
69 89
69 90
69 91
69 110
69 111
70 70
70 71
70 73
70 74
70 75
70 76
70 77
70 82
70 83
70 95
70 109
71 71
71 73
71 74
71 75
71 76
71 77
71 83
71 85
71 87
72 72
72 73
72 74
72 75
72 76
72 78
72 79
72 80
72 81
72 83
72 86
72 100
72 101
72 102
72 112
73 73
73 74
73 75
73 76
73 77
73 80
73 83
73 95
74 74
74 75
74 76
74 77
74 80
75 75
75 76
75 77
75 83
75 95
76 76
76 77
76 80
76 95
76 111
77 77
77 95
77 110
78 78
78 79
78 80
78 81
78 101
78 106
78 108
78 112
79 79
79 80
79 81
79 82
79 83
79 95
79 106
79 109
79 115
80 80
80 81
80 83
80 84
80 91
80 95
80 98
80 99
80 101
80 103
80 108
80 111
80 112
81 81
81 83
81 100
81 101
81 102
81 103
81 106
81 109
81 112
82 82
82 83
82 84
82 86
82 87
82 88
82 89
82 95
82 107
82 109
83 83
83 85
83 89
84 84
84 85
84 87
84 88
85 85
85 87
86 86
86 87
86 97
86 107
86 108
86 112
87 87
87 88
87 94
87 96
87 97
87 108
87 110
88 88
88 89
89 89
89 95
89 102
90 90
90 91
90 92
90 93
90 98
90 99
90 100
90 101
90 102
90 103
90 104
91 91
91 92
91 93
91 98
91 99
91 101
91 102
91 103
91 104
91 105
91 111
91 112
92 92
92 93
92 94
92 100
92 101
92 104
92 113
93 93
93 100
93 101
93 102
93 103
93 104
93 105
93 106
93 111
93 112
93 113
94 94
94 96
94 97
94 104
94 105
94 106
94 114
94 115
95 95
95 96
95 97
95 98
95 99
95 108
95 109
95 110
95 111
95 115
96 96
96 97
96 98
96 99
96 108
96 110
96 111
96 113
97 97
97 98
97 99
97 102
97 105
97 107
97 108
97 109
97 110
97 111
97 112
97 113
98 98
98 99
98 100
98 102
98 103
98 105
98 108
98 111
98 112
98 113
99 99
99 101
99 102
99 103
99 104
99 105
99 108
99 111
99 112
99 113
100 100
100 101
100 102
100 103
100 104
100 105
100 107
100 112
100 113
101 101
101 102
101 103
101 104
101 105
101 106
101 107
101 111
101 112
101 113
102 102
102 103
102 104
102 105
102 107
102 111
102 112
103 103
103 104
103 105
103 106
103 111
103 112
103 113
103 114
104 104
104 105
104 106
104 112
104 113
104 114
105 105
105 106
105 111
105 112
105 113
105 114
106 106
106 109
106 112
107 107
108 108
108 110
108 111
109 109
109 110
109 115
110 110
110 111
111 111
111 112
111 113
112 112
112 113
112 114
112 115
113 113
113 114
113 115
114 114
114 115
115 115
