0 0
0 1
0 16
0 17
0 18
0 28
0 29
0 32
0 36
0 37
0 41
0 52
0 53
0 54
0 55
0 56
0 57
0 62
0 63
0 72
0 74
0 76
0 77
0 78
0 79
0 80
0 81
0 82
0 83
0 95
0 97
0 98
0 99
0 102
0 112
1 1
1 10
1 11
1 16
1 17
1 18
1 28
1 29
1 37
1 49
1 53
1 55
1 56
1 57
1 61
1 63
1 72
1 74
1 75
1 76
1 78
1 79
1 80
1 81
1 83
1 90
1 98
1 99
1 107
1 112
2 2
2 3
2 4
2 5
2 6
2 8
2 20
2 21
2 22
2 23
2 24
2 25
2 26
2 27
2 30
2 31
2 34
2 35
2 60
2 64
2 65
2 66
2 71
2 88
2 93
3 3
3 5
3 7
3 8
3 9
3 23
3 26
3 30
3 31
3 33
3 64
3 65
3 88
3 92
4 4
4 5
4 6
4 8
4 9
4 10
4 14
4 26
4 48
4 51
4 107
5 5
5 20
5 21
5 22
5 24
5 25
5 27
5 38
5 39
5 48
5 50
5 55
5 66
5 96
5 97
6 6
6 7
6 8
6 20
6 22
6 23
6 24
6 26
6 30
6 31
6 34
6 64
6 71
6 84
6 85
6 86
6 87
6 93
7 7
7 8
7 9
7 15
7 28
7 29
7 31
7 33
7 61
7 62
7 63
7 72
8 8
8 9
8 10
8 12
8 14
8 33
8 60
8 61
8 63
8 107
9 9
9 13
9 14
9 15
9 23
9 29
9 33
9 61
9 65
9 92
10 10
10 11
10 12
10 13
10 14
10 16
10 60
10 61
10 63
10 88
10 89
10 107
11 11
11 12
11 13
11 14
11 15
11 16
11 17
11 28
11 29
11 48
11 49
11 51
11 52
11 53
11 59
11 61
11 63
11 72
11 78
11 89
11 90
11 100
11 107
12 12
12 13
12 14
12 16
12 17
12 18
12 28
12 29
12 58
12 60
12 61
12 72
12 79
12 107
13 13
13 14
13 28
13 29
13 61
13 65
13 75
13 76
13 77
13 92
14 14
14 15
14 26
14 60
14 61
14 88
15 15
15 16
15 17
15 28
15 29
15 36
15 40
15 41
15 48
15 51
15 53
15 59
15 61
15 62
15 63
15 72
15 78
15 80
15 81
15 83
15 100
15 112
16 16
16 17
16 18
16 28
16 29
16 36
16 37
16 40
16 41
16 54
16 56
16 57
16 62
16 63
16 72
16 73
16 74
16 76
16 78
16 79
16 80
16 81
16 83
16 98
16 99
16 102
16 103
16 107
16 109
17 17
17 18
17 19
17 28
17 29
17 32
17 36
17 37
17 40
17 41
17 46
17 56
17 57
17 61
17 62
17 63
17 72
17 73
17 74
17 75
17 76
17 77
17 78
17 79
17 80
17 81
17 83
17 98
17 99
17 111
18 18
18 19
18 28
18 29
18 32
18 33
18 56
18 57
18 62
18 68
18 72
18 74
18 76
18 79
18 82
18 83
18 95
18 102
19 19
19 28
19 29
19 32
19 33
19 36
19 40
19 41
19 57
19 62
19 68
19 69
19 72
19 73
19 74
19 75
19 79
19 80
19 81
19 82
19 83
19 91
19 102
19 111
19 113
20 20
20 21
20 22
20 24
20 25
20 26
20 27
20 31
20 34
20 38
20 50
20 70
20 71
20 94
20 97
20 110
20 114
21 21
21 22
21 24
21 25
21 26
21 27
21 30
21 31
21 34
21 38
21 39
21 43
21 50
21 64
21 66
21 67
21 71
21 94
21 96
21 97
21 104
21 105
21 106
21 108
21 110
21 113
21 114
22 22
22 23
22 24
22 25
22 26
22 27
22 30
22 31
22 34
22 35
22 50
22 64
22 70
22 71
22 84
22 85
22 86
22 87
22 88
22 93
22 105
22 110
22 114
23 23
23 24
23 25
23 26
23 27
23 30
23 31
23 35
23 64
23 65
23 71
23 84
23 85
23 87
23 88
23 92
23 93
24 24
24 25
24 26
24 27
24 30
24 31
24 34
24 35
24 50
24 64
24 71
24 84
24 85
24 86
24 87
24 88
24 93
24 105
24 110
24 114
25 25
25 26
25 27
25 30
25 31
25 34
25 35
25 38
25 43
25 47
25 50
25 54
25 64
25 65
25 71
25 85
25 87
25 88
25 94
25 96
25 97
25 105
25 108
25 110
25 114
26 26
26 27
26 30
26 31
26 34
26 35
26 64
26 65
26 84
26 85
26 87
26 88
27 27
27 30
27 31
27 34
27 35
27 38
27 39
27 50
27 55
27 64
27 65
27 84
27 85
27 87
27 88
27 97
27 105
27 110
27 114
28 28
28 29
28 32
28 33
28 36
28 40
28 41
28 57
28 61
28 62
28 63
28 72
28 73
28 74
28 75
28 76
28 77
28 78
28 79
28 80
28 81
28 82
28 83
28 111
29 29
29 32
29 33
29 36
29 40
29 41
29 57
29 61
29 62
29 63
29 72
29 73
29 74
29 75
29 76
29 77
29 78
29 79
29 80
29 81
29 83
29 100
29 111
30 30
30 31
30 33
30 34
30 64
30 71
30 84
30 85
30 86
30 87
30 88
31 31
31 33
31 34
31 64
31 71
31 84
31 85
31 86
31 87
31 88
31 92
32 32
32 33
32 36
32 40
32 56
32 57
32 59
32 62
32 66
32 68
32 72
32 73
32 74
32 78
32 79
32 80
32 81
32 100
32 102
32 103
32 104
32 106
32 108
32 111
32 113
32 115
33 33
33 57
33 64
33 72
33 73
33 74
33 79
34 34
34 35
34 44
34 45
34 50
34 64
34 65
34 66
34 67
34 84
34 85
34 86
34 87
34 88
34 104
34 105
34 110
34 114
35 35
35 45
35 64
35 65
35 67
35 84
35 85
35 87
35 88
35 110
36 36
36 37
36 38
36 40
36 41
36 46
36 54
36 56
36 57
36 62
36 68
36 72
36 73
36 74
36 75
36 76
36 77
36 78
36 79
36 80
36 81
36 83
36 94
36 96
36 97
36 98
36 99
36 100
36 101
36 102
36 103
36 108
36 111
36 112
36 113
37 37
37 38
37 39
37 40
37 41
37 42
37 43
37 46
37 48
37 49
37 54
37 55
37 73
37 74
37 75
37 76
37 77
37 78
37 79
37 80
37 81
37 83
37 90
37 96
37 97
37 98
37 99
37 111
37 112
38 38
38 39
38 42
38 43
38 46
38 48
38 49
38 50
38 51
38 52
38 53
38 54
38 55
38 89
38 96
38 97
38 98
38 99
38 101
38 112
39 39
39 54
39 55
39 56
39 89
39 95
39 96
39 97
39 99
39 104
39 105
39 110
39 112
40 40
40 41
40 62
40 72
40 73
40 74
40 75
40 76
40 77
40 78
40 79
40 80
40 81
40 83
40 94
40 100
40 111
40 113
41 41
41 72
41 73
41 74
41 75
41 76
41 77
41 78
41 79
41 80
41 81
41 83
41 98
41 99
41 100
41 111
41 112
42 42
42 43
42 44
42 45
42 46
42 47
42 48
42 49
42 50
42 51
42 53
42 54
42 55
42 90
42 94
42 96
42 97
42 98
42 99
42 110
42 111
42 112
43 43
43 44
43 45
43 46
43 47
43 48
43 49
43 50
43 54
43 55
43 79
43 94
43 96
43 97
43 98
43 99
43 108
43 110
43 111
43 114
44 44
44 45
44 46
44 48
44 49
44 50
44 51
44 52
44 54
44 55
44 58
44 59
44 66
44 67
44 69
44 96
44 98
44 104
45 45
45 46
45 48
45 49
45 59
45 66
45 67
45 69
45 98
45 104
46 46
46 47
46 48
46 49
46 50
46 51
46 53
46 54
46 55
46 68
46 69
46 79
46 80
46 81
46 90
46 94
46 96
46 97
46 98
46 99
46 100
46 102
46 111
46 112
46 113
47 47
47 49
47 54
47 55
47 68
47 69
47 79
47 91
47 94
47 96
47 98
47 99
47 108
47 110
47 111
47 114
48 48
48 49
48 50
48 51
48 52
48 53
48 54
48 55
48 58
48 59
48 63
48 66
48 90
48 96
48 97
48 98
48 99
48 112
49 49
49 50
49 51
49 52
49 53
49 54
49 55
49 90
49 96
49 98
49 99
49 112
50 50
50 51
50 52
50 53
50 54
50 55
50 66
50 96
50 97
50 98
50 99
50 104
51 51
51 52
51 53
51 54
51 55
51 58
51 59
51 90
51 96
51 97
51 98
51 99
51 100
51 112
52 52
52 53
52 54
52 55
52 58
52 59
52 60
52 61
52 63
52 66
52 69
52 89
52 90
52 98
52 99
52 100
52 101
52 102
53 53
53 54
53 55
53 78
53 90
53 97
53 98
53 99
53 112
54 54
54 55
54 56
54 58
54 66
54 68
54 69
54 89
54 94
54 96
54 97
54 98
54 99
54 101
54 102
54 103
54 104
54 105
54 114
55 55
55 78
55 89
55 90
55 94
55 96
55 97
55 98
55 99
55 104
55 105
55 112
56 56
56 57
56 60
56 62
56 63
56 68
56 72
56 74
56 76
56 78
56 79
56 80
56 81
56 83
56 97
56 98
56 99
56 102
56 104
56 105
56 106
56 111
57 57
57 62
57 63
57 68
57 72
57 74
57 76
57 78
57 79
57 80
57 81
57 83
57 98
57 99
57 102
57 111
58 58
58 59
58 60
58 66
58 67
58 101
59 59
59 61
59 62
59 63
59 66
59 67
59 69
59 98
59 100
59 101
59 102
59 103
60 60
60 61
60 65
61 61
61 62
61 63
61 72
61 90
61 115
62 62
62 63
62 72
62 78
62 79
62 80
62 81
62 83
62 98
62 103
63 63
63 72
63 78
63 80
63 81
63 83
63 98
63 107
64 64
64 65
64 71
64 84
64 85
64 86
64 87
64 88
64 92
64 93
65 65
65 84
65 85
65 88
65 92
65 93
66 66
66 67
66 69
66 95
66 96
66 101
66 102
66 103
66 104
66 106
66 114
67 67
67 69
67 101
67 104
67 105
67 106
67 108
67 110
67 114
68 68
68 69
68 72
68 73
68 74
68 76
68 79
68 80
68 91
68 96
68 97
68 98
68 99
68 100
68 101
68 102
68 103
68 104
68 105
68 106
68 108
68 109
68 110
68 111
68 113
68 114
69 69
69 89
69 91
69 96
69 101
69 102
69 103
69 104
69 105
69 106
69 109
69 114
70 70
70 71
70 75
70 77
70 90
70 93
71 71
71 75
71 84
71 92
71 93
72 72
72 73
72 74
72 75
72 76
72 77
72 78
72 79
72 80
72 81
72 83
72 98
72 100
72 103
72 111
73 73
73 74
73 75
73 76
73 77
73 78
73 79
73 80
73 81
73 83
73 100
73 111
74 74
74 75
74 76
74 77
74 78
74 79
74 80
74 81
74 83
74 98
74 111
75 75
75 76
75 77
75 78
75 80
75 81
75 83
75 92
75 100
75 111
76 76
76 77
76 78
76 79
76 80
76 81
76 83
76 97
76 98
76 99
77 77
77 78
77 79
77 80
77 81
77 82
77 83
77 94
78 78
78 79
78 80
78 81
78 83
78 97
78 98
79 79
79 80
79 81
79 83
79 94
79 99
79 110
79 111
80 80
80 81
80 83
80 98
80 99
80 100
80 102
80 103
80 109
80 111
81 81
81 83
81 98
81 100
81 102
81 111
82 82
82 83
82 84
82 86
82 87
82 108
83 83
83 111
84 84
84 85
84 86
84 87
84 88
84 92
84 93
85 85
85 86
85 87
85 88
86 86
86 87
86 88
86 105
86 108
86 113
87 87
87 88
87 110
88 88
88 89
88 92
89 89
89 107
90 90
90 98
90 99
90 100
90 111
90 112
90 115
91 91
91 92
91 93
91 101
91 113
92 92
92 93
92 100
93 93
93 101
94 94
94 96
94 97
94 98
94 108
94 109
94 110
94 111
94 113
94 114
95 95
95 97
95 102
95 104
95 105
95 106
95 109
95 115
96 96
96 97
96 98
96 99
96 101
96 102
96 103
96 104
96 105
96 110
96 111
96 112
96 113
97 97
97 98
97 99
97 102
97 103
97 104
97 105
97 109
97 110
97 111
97 112
97 114
98 98
98 99
98 102
98 111
98 112
99 99
99 102
99 103
99 110
99 111
99 112
100 100
100 101
100 102
100 103
100 104
100 106
100 111
100 112
100 113
101 101
101 102
101 103
101 104
101 105
101 113
102 102
102 103
102 104
102 105
102 106
102 109
102 111
102 113
103 103
103 104
103 105
103 109
103 110
103 113
104 104
104 105
104 106
104 109
104 110
104 113
104 114
105 105
105 106
105 108
105 109
105 110
105 113
105 114
106 106
106 108
106 111
106 113
106 114
107 107
108 108
108 110
108 111
108 113
109 109
109 110
109 114
110 110
110 111
110 114
111 111
111 112
111 113
112 112
113 113
113 114
114 114
115 115
