0 0
0 1
0 10
0 11
0 12
0 14
0 16
0 17
0 18
0 28
0 29
0 32
0 52
0 56
0 57
0 58
0 59
0 60
0 61
0 62
0 63
0 68
0 69
0 72
0 73
0 74
0 76
0 89
1 1
1 12
1 14
1 16
1 17
1 18
1 19
1 28
1 29
1 32
1 37
1 52
1 53
1 56
1 57
1 58
1 59
1 61
1 62
1 63
1 68
1 69
1 72
1 73
1 74
1 76
1 77
1 99
1 102
2 2
2 5
2 6
2 22
2 23
2 24
2 25
2 26
2 27
2 34
2 35
2 50
2 64
2 67
2 88
2 91
2 93
2 110
3 3
3 7
3 9
3 11
3 15
3 23
3 24
3 25
3 31
3 51
3 59
3 64
3 65
3 70
3 71
3 75
3 88
3 89
3 92
3 104
4 4
4 5
4 6
4 7
4 8
4 9
4 13
4 18
4 19
4 20
4 24
4 26
4 48
4 51
4 61
4 70
4 71
4 73
4 74
4 75
4 76
4 77
4 90
4 91
4 94
4 108
4 109
5 5
5 9
5 20
5 22
5 23
5 24
5 25
5 26
5 27
5 31
5 34
5 35
5 45
5 47
5 50
5 64
5 65
5 66
5 67
5 71
5 91
5 109
5 110
6 6
6 8
6 10
6 12
6 14
6 33
6 91
6 92
6 93
6 94
6 111
6 112
7 7
7 9
7 11
7 13
7 31
7 61
7 65
7 70
7 75
7 90
7 92
7 100
8 8
8 9
8 10
8 11
8 12
8 14
8 15
8 22
8 23
8 50
8 51
8 53
8 56
8 64
8 91
8 93
8 94
8 104
9 9
9 11
9 13
9 15
9 19
9 23
9 24
9 25
9 61
9 64
9 65
9 70
9 71
9 75
9 88
9 89
9 91
9 92
9 93
9 101
9 104
10 10
10 11
10 12
10 13
10 14
10 15
10 18
10 48
10 54
10 56
10 58
10 60
10 61
10 62
10 88
10 89
10 93
10 94
10 106
10 107
10 113
10 114
11 11
11 12
11 13
11 14
11 15
11 18
11 48
11 51
11 52
11 61
11 62
11 65
11 71
11 73
11 75
11 89
11 92
11 104
11 105
11 107
11 113
11 114
12 12
12 13
12 14
12 15
12 16
12 18
12 48
12 52
12 54
12 56
12 57
12 58
12 60
12 61
12 62
12 68
12 69
12 93
13 13
13 15
13 18
13 29
13 48
13 49
13 51
13 52
13 58
13 61
13 62
13 65
13 70
13 71
13 72
13 74
13 92
14 14
14 15
14 22
14 53
14 56
14 57
14 60
14 62
14 64
14 68
14 69
14 91
14 93
14 111
14 112
15 15
15 16
15 18
15 28
15 29
15 48
15 51
15 52
15 53
15 56
15 61
15 62
15 90
15 92
15 93
15 104
16 16
16 17
16 18
16 28
16 29
16 32
16 36
16 37
16 40
16 52
16 53
16 56
16 57
16 58
16 60
16 62
16 63
16 72
16 74
16 76
16 79
16 80
16 81
16 111
17 17
17 21
17 28
17 29
17 32
17 36
17 37
17 40
17 41
17 42
17 46
17 52
17 53
17 57
17 62
17 63
17 72
17 73
17 74
17 76
17 78
17 79
17 80
17 81
17 83
17 87
17 102
18 18
18 19
18 32
18 48
18 52
18 56
18 59
18 61
18 62
18 63
18 68
18 70
18 71
18 73
18 74
18 75
18 76
18 77
18 89
19 19
19 20
19 23
19 56
19 57
19 68
19 69
19 70
19 71
19 73
19 75
19 76
19 77
19 90
19 91
19 93
20 20
20 21
20 24
20 25
20 26
20 28
20 29
20 30
20 36
20 37
20 38
20 41
20 47
20 53
20 70
20 71
20 72
20 73
20 75
20 76
20 77
20 90
20 97
20 108
20 109
21 21
21 22
21 25
21 26
21 28
21 42
21 43
21 44
21 49
21 50
21 51
21 53
21 78
21 79
21 80
21 81
21 82
21 83
21 90
21 101
21 111
21 112
22 22
22 23
22 24
22 25
22 26
22 27
22 34
22 35
22 38
22 47
22 50
22 54
22 64
22 67
22 69
22 86
22 88
22 93
22 110
23 23
23 24
23 25
23 26
23 27
23 31
23 34
23 35
23 47
23 64
23 65
23 67
23 69
23 70
23 71
23 77
23 88
23 89
23 93
23 103
23 110
24 24
24 25
24 26
24 27
24 30
24 31
24 34
24 35
24 45
24 47
24 50
24 65
24 67
24 70
24 71
24 73
24 75
24 77
24 109
24 110
25 25
25 26
25 27
25 30
25 31
25 34
25 35
25 45
25 47
25 50
25 64
25 67
25 78
25 87
25 109
25 110
26 26
26 27
26 34
26 35
26 45
26 47
26 50
26 64
26 66
26 67
26 69
26 91
26 94
26 103
26 110
27 27
27 30
27 31
27 34
27 35
27 38
27 47
27 50
27 64
27 66
27 67
27 68
27 69
27 87
27 88
27 110
28 28
28 29
28 32
28 33
28 36
28 37
28 40
28 41
28 46
28 49
28 52
28 53
28 61
28 62
28 63
28 72
28 73
28 74
28 78
28 79
28 80
28 81
28 82
28 83
28 111
28 112
29 29
29 32
29 33
29 36
29 37
29 40
29 41
29 46
29 48
29 49
29 51
29 52
29 53
29 61
29 62
29 63
29 72
29 73
29 74
29 75
29 76
29 79
29 80
29 81
29 83
29 95
29 98
29 108
29 111
30 30
30 31
30 34
30 35
30 36
30 37
30 38
30 40
30 41
30 47
30 70
30 71
30 72
30 73
30 75
30 77
30 87
30 97
30 109
30 110
31 31
31 34
31 35
31 47
31 70
31 71
31 73
31 75
31 76
31 77
31 96
31 98
32 32
32 33
32 40
32 52
32 56
32 57
32 62
32 63
32 68
32 72
32 74
32 78
32 79
32 80
32 81
33 33
33 40
33 41
33 42
33 43
33 44
33 45
33 68
33 72
33 78
33 79
33 80
33 81
33 83
33 84
33 86
33 96
33 108
33 110
33 111
34 34
34 35
34 38
34 45
34 47
34 50
34 64
34 66
34 67
34 77
34 84
34 85
34 86
34 87
34 88
34 109
34 110
35 35
35 38
35 39
35 45
35 47
35 50
35 54
35 64
35 65
35 66
35 67
35 71
35 75
35 76
35 77
35 85
35 86
35 88
35 110
36 36
36 37
36 38
36 39
36 40
36 41
36 47
36 53
36 55
36 72
36 78
36 79
36 80
36 81
36 82
36 83
36 84
36 86
36 87
36 90
36 97
36 99
36 109
36 110
36 111
37 37
37 38
37 41
37 46
37 51
37 52
37 53
37 63
37 70
37 71
37 72
37 73
37 74
37 75
37 76
37 77
37 96
37 98
37 99
37 102
37 108
37 109
38 38
38 39
38 40
38 41
38 47
38 54
38 55
38 86
38 87
38 96
38 97
38 99
38 108
38 109
38 110
39 39
39 40
39 41
39 47
39 54
39 55
39 85
39 86
39 87
39 88
39 97
39 109
39 110
40 40
40 41
40 43
40 47
40 55
40 72
40 78
40 79
40 80
40 81
40 82
40 83
40 84
40 85
40 86
40 87
40 97
40 109
40 110
41 41
41 43
41 47
41 55
41 72
41 76
41 78
41 79
41 80
41 81
41 82
41 83
41 84
41 86
41 87
41 95
41 97
41 109
41 110
42 42
42 43
42 44
42 45
42 46
42 47
42 49
42 55
42 72
42 80
42 81
42 86
42 94
42 95
42 96
42 98
42 100
42 108
42 111
42 113
43 43
43 44
43 45
43 46
43 47
43 49
43 55
43 67
43 78
43 79
43 80
43 81
43 82
43 83
43 84
43 86
43 87
43 94
43 96
43 98
43 110
44 44
44 45
44 46
44 48
44 49
44 50
44 51
44 61
44 94
44 95
44 96
44 98
44 99
44 100
44 105
44 107
44 108
44 111
44 112
44 114
44 115
45 45
45 46
45 47
45 49
45 50
45 65
45 66
45 67
45 86
45 94
45 96
45 98
45 110
46 46
46 47
46 48
46 49
46 51
46 52
46 53
46 55
46 72
46 73
46 74
46 76
46 77
46 86
46 96
46 98
46 99
46 108
46 109
46 111
46 113
47 47
47 55
47 67
47 71
47 77
47 81
47 86
47 87
47 96
47 97
47 109
47 110
48 48
48 49
48 50
48 51
48 52
48 53
48 58
48 59
48 61
48 62
48 63
48 65
48 94
48 98
48 100
48 105
48 107
48 112
48 114
48 115
49 49
49 51
49 53
49 55
49 61
49 72
49 78
49 82
49 83
49 90
49 94
49 95
49 98
49 99
49 100
49 108
49 111
49 112
49 115
50 50
50 51
50 54
50 64
50 65
50 67
50 78
50 94
51 51
51 52
51 53
51 55
51 61
51 73
51 90
51 99
51 100
51 112
51 115
52 52
52 53
52 54
52 58
52 59
52 61
52 62
52 63
52 72
52 73
52 74
52 76
52 89
52 100
52 102
52 112
53 53
53 55
53 72
53 73
53 74
53 90
53 99
53 111
53 112
54 54
54 55
54 57
54 58
54 59
54 60
54 66
54 68
54 69
54 85
54 86
54 88
54 89
55 55
55 76
55 77
55 85
55 86
55 87
55 96
55 97
55 98
55 109
55 110
55 113
56 56
56 57
56 58
56 60
56 62
56 68
56 69
57 57
57 60
57 62
57 68
57 69
57 74
57 76
58 58
58 59
58 60
58 61
58 62
58 63
58 66
58 100
58 101
58 102
58 103
58 104
58 105
58 106
58 107
58 112
58 114
58 115
59 59
59 60
59 61
59 62
59 63
59 65
59 66
59 89
59 100
59 101
59 102
59 103
59 104
59 105
59 107
59 115
60 60
60 62
60 63
60 64
60 66
60 68
60 69
60 88
60 103
60 104
60 106
60 107
61 61
61 62
61 63
61 65
61 73
61 74
61 101
61 104
61 105
61 107
61 114
61 115
62 62
62 63
62 72
62 80
62 102
62 107
62 114
62 115
63 63
63 72
63 73
63 74
63 76
63 102
63 107
64 64
64 65
64 66
64 67
64 88
64 93
64 103
64 104
64 105
64 106
65 65
65 67
65 88
65 89
65 104
65 105
66 66
66 67
66 69
66 88
66 94
66 103
66 105
66 106
66 110
67 67
67 84
67 85
67 86
67 88
67 94
67 110
68 68
68 69
68 88
68 89
69 69
69 88
69 91
69 103
70 70
70 71
70 73
70 74
70 75
70 76
70 77
70 109
71 71
71 73
71 74
71 75
71 76
71 77
71 109
72 72
72 73
72 74
72 75
72 76
72 77
72 79
72 80
72 81
72 98
72 99
72 108
72 109
72 111
73 73
73 74
73 75
73 76
73 77
74 74
74 75
74 76
74 77
74 96
74 98
75 75
75 76
75 77
75 92
75 109
76 76
76 77
76 98
76 109
77 77
77 96
77 98
77 109
78 78
78 79
78 80
78 81
78 82
78 83
78 84
78 87
79 79
79 80
79 81
79 82
79 83
79 84
79 87
80 80
80 81
80 82
80 83
80 84
80 87
80 90
80 111
81 81
81 82
81 83
81 84
81 86
81 87
81 111
82 82
82 83
82 84
82 87
82 90
83 83
83 84
83 87
83 90
83 100
84 84
84 85
84 86
84 87
84 110
85 85
85 86
85 87
85 88
85 89
85 110
86 86
86 87
86 97
86 110
87 87
87 89
87 97
87 110
88 88
88 89
88 103
88 104
88 105
88 106
88 107
88 114
89 89
89 104
90 90
90 91
90 92
90 93
90 99
90 100
90 101
90 102
90 103
90 108
90 111
90 112
91 91
91 92
91 93
91 101
91 103
91 104
91 105
91 106
91 112
92 92
92 93
92 100
92 101
92 103
92 104
93 93
93 101
93 103
93 104
93 106
94 94
94 95
94 96
94 98
94 99
94 105
94 106
94 107
94 108
94 111
94 112
94 113
94 114
94 115
95 95
95 96
95 97
95 98
95 99
95 108
95 109
95 110
95 111
95 112
96 96
96 97
96 98
96 99
96 108
96 109
96 110
96 111
96 113
97 97
97 99
97 108
97 109
97 110
97 111
98 98
98 99
98 102
98 108
98 109
98 111
98 112
98 113
98 114
98 115
99 99
99 102
99 108
99 109
99 111
99 112
99 115
100 100
100 101
100 102
100 108
100 111
100 112
100 115
101 101
101 102
101 103
101 104
101 105
101 106
101 107
101 111
101 112
102 102
102 103
102 107
102 112
102 113
102 114
102 115
103 103
103 104
103 105
103 106
103 107
104 104
104 105
104 106
104 107
104 114
105 105
105 106
105 107
105 113
105 114
105 115
106 106
106 107
106 113
106 114
106 115
107 107
107 113
107 114
107 115
108 108
108 109
108 111
108 112
109 109
109 110
109 111
110 110
111 111
111 112
112 112
112 113
112 114
112 115
113 113
113 114
113 115
114 114
114 115
115 115
