0 0
0 2
0 4
0 10
0 11
0 12
0 13
0 14
0 15
0 18
0 28
0 56
0 57
0 58
0 60
0 62
0 63
0 72
0 74
0 76
0 99
1 1
1 13
1 16
1 17
1 29
1 32
1 41
1 56
1 57
1 62
1 63
1 68
1 72
1 73
1 76
1 78
1 79
1 80
1 81
2 2
2 4
2 6
2 8
2 12
2 14
2 18
2 22
2 23
2 26
2 34
2 58
2 60
2 64
2 66
2 91
2 93
3 3
3 5
3 7
3 9
3 11
3 13
3 15
3 23
3 27
3 45
3 49
3 61
3 65
3 88
4 4
4 5
4 6
4 8
4 9
4 10
4 12
4 14
4 15
4 24
4 26
4 34
4 51
4 58
4 60
4 66
4 93
4 112
5 5
5 7
5 9
5 13
5 15
5 20
5 22
5 23
5 24
5 25
5 26
5 27
5 35
5 61
5 65
5 67
5 86
5 92
6 6
6 7
6 8
6 9
6 10
6 12
6 14
6 18
6 22
6 23
6 32
6 58
6 60
6 61
6 64
7 7
7 8
7 9
7 10
7 11
7 12
7 13
7 15
7 58
7 60
7 61
7 65
8 8
8 9
8 12
8 14
8 15
8 22
8 26
8 34
8 51
8 58
8 61
8 64
8 65
8 84
8 92
8 109
8 112
8 113
9 9
9 11
9 13
9 14
9 15
9 51
9 61
9 64
9 65
9 84
9 90
9 92
9 100
9 101
9 112
9 113
10 10
10 11
10 12
10 13
10 14
10 16
10 22
10 28
10 31
10 58
10 60
10 61
10 82
10 86
11 11
11 12
11 13
11 14
11 15
11 16
11 17
11 28
11 60
11 61
11 63
11 83
12 12
12 13
12 14
12 28
12 58
12 60
12 61
12 65
13 13
13 15
13 16
13 28
13 29
13 58
13 60
13 61
13 63
13 65
13 78
14 14
14 15
14 18
14 22
14 23
14 26
14 27
14 28
14 51
14 58
14 60
14 64
14 84
14 112
14 113
15 15
15 50
15 51
15 52
15 58
15 60
15 61
15 64
15 84
15 85
15 90
15 100
15 101
15 103
15 112
15 113
16 16
16 17
16 21
16 28
16 29
16 31
16 32
16 33
16 56
16 57
16 62
16 63
16 68
16 71
16 72
16 73
16 78
16 79
16 80
16 81
16 82
16 83
17 17
17 21
17 28
17 29
17 31
17 32
17 33
17 56
17 57
17 62
17 63
17 68
17 71
17 72
17 73
17 74
17 75
17 76
17 78
17 79
17 80
17 81
18 18
18 19
18 28
18 32
18 52
18 60
18 72
18 75
18 77
19 19
19 23
19 33
19 53
19 55
19 68
19 69
19 82
19 83
19 86
19 88
19 91
19 93
19 98
19 99
20 20
20 21
20 22
20 24
20 25
20 26
20 27
20 35
20 37
20 39
20 43
20 55
20 70
20 71
20 79
20 82
20 83
20 86
20 88
20 89
20 94
20 97
20 99
20 104
20 105
20 106
20 108
20 115
21 21
21 22
21 25
21 26
21 27
21 31
21 33
21 35
21 37
21 39
21 43
21 49
21 55
21 70
21 71
21 79
21 82
21 83
21 86
21 87
21 88
21 89
21 94
21 95
21 97
21 99
21 104
21 105
21 108
21 115
22 22
22 23
22 24
22 25
22 26
22 27
22 30
22 31
22 35
22 64
22 82
22 86
22 87
22 88
23 23
23 24
23 25
23 26
23 27
23 30
23 35
23 53
23 55
23 64
23 82
23 83
23 86
23 87
23 88
23 89
23 91
24 24
24 25
24 26
24 27
24 30
24 35
24 36
24 38
24 42
24 44
24 46
24 47
24 67
24 85
24 92
24 96
24 110
24 111
24 112
25 25
25 26
25 27
25 30
25 31
25 33
25 35
25 37
25 39
25 42
25 43
25 44
25 46
25 47
25 49
25 55
25 65
25 67
25 68
25 71
25 79
25 82
25 87
25 92
25 96
25 104
25 108
25 110
26 26
26 27
26 30
26 35
26 65
26 82
26 86
26 88
27 27
27 35
27 37
27 48
27 55
27 64
27 65
27 67
27 82
27 84
27 86
27 87
27 88
28 28
28 29
28 31
28 32
28 52
28 56
28 57
28 60
28 62
28 63
28 72
28 73
28 74
28 75
28 76
28 77
28 78
28 80
28 81
28 103
29 29
29 30
29 31
29 32
29 33
29 62
29 63
29 71
29 72
29 73
29 74
29 76
29 78
29 79
29 80
29 81
29 103
30 30
30 31
30 33
30 71
30 79
31 31
31 33
31 71
31 78
31 79
32 32
32 33
32 52
32 60
32 62
32 63
32 66
32 72
32 76
32 100
33 33
33 35
33 55
33 62
33 67
33 68
33 69
33 71
33 78
33 79
33 82
33 83
33 97
33 104
33 108
34 34
34 36
34 42
34 66
34 110
34 112
35 35
35 37
35 39
35 43
35 44
35 47
35 49
35 55
35 65
35 67
35 68
35 69
35 71
35 79
35 82
35 86
35 87
35 88
35 91
35 94
35 95
35 97
35 99
35 104
35 105
35 106
35 107
35 108
35 115
36 36
36 37
36 38
36 39
36 40
36 41
36 42
36 46
36 47
36 50
36 51
36 54
36 80
36 81
36 84
36 85
36 93
36 95
36 96
36 98
36 100
36 101
36 102
36 109
36 110
36 111
36 112
36 115
37 37
37 38
37 39
37 40
37 41
37 43
37 44
37 47
37 49
37 55
37 67
37 68
37 71
37 79
37 82
37 83
37 86
37 87
37 88
37 89
37 91
37 94
37 95
37 97
37 99
37 104
37 105
37 106
37 107
37 108
37 115
38 38
38 39
38 40
38 41
38 42
38 44
38 46
38 48
38 50
38 51
38 53
38 54
38 75
38 85
38 96
38 110
38 111
38 112
39 39
39 40
39 41
39 42
39 43
39 44
39 47
39 54
39 55
39 59
39 67
39 68
39 69
39 79
39 86
39 87
39 91
39 94
39 95
39 96
39 97
39 98
39 99
39 104
39 105
39 106
39 107
39 108
39 110
39 111
39 114
39 115
40 40
40 41
40 42
40 47
40 54
40 57
40 68
40 80
40 81
40 85
40 94
40 95
40 96
40 97
40 108
40 111
40 115
41 41
41 42
41 43
41 44
41 45
41 46
41 47
41 54
41 55
41 57
41 59
41 62
41 66
41 67
41 68
41 69
41 96
41 97
41 98
41 106
41 107
41 108
41 110
41 115
42 42
42 43
42 44
42 45
42 46
42 47
42 48
42 50
42 51
42 53
42 54
42 80
42 81
42 84
42 85
42 92
42 93
42 95
42 96
42 98
42 100
42 102
42 109
42 110
42 111
42 112
42 113
42 114
43 43
43 44
43 45
43 46
43 47
43 48
43 49
43 53
43 54
43 55
43 59
43 67
43 79
43 86
43 91
43 95
43 96
43 97
43 104
43 105
43 106
43 108
43 110
43 115
44 44
44 45
44 46
44 47
44 48
44 49
44 54
44 55
44 66
44 67
44 86
44 105
44 106
44 107
44 115
45 45
45 48
45 49
45 53
45 54
45 55
45 67
46 46
46 47
46 48
46 50
46 51
46 53
46 54
46 80
46 81
46 84
46 85
46 90
46 92
46 93
46 96
46 98
46 100
46 101
46 102
46 103
46 109
46 110
46 111
46 112
46 113
47 47
47 48
47 53
47 54
47 55
47 59
47 67
47 69
47 85
47 86
47 91
47 93
47 94
47 95
47 96
47 97
47 98
47 104
47 105
47 106
47 107
47 109
47 110
47 111
47 114
47 115
48 48
48 49
48 50
48 51
48 52
48 53
48 54
48 55
48 84
48 85
48 106
48 107
48 110
49 49
49 51
49 53
49 55
49 65
49 67
49 86
49 87
50 50
50 51
50 52
50 53
50 54
50 64
50 77
50 80
50 81
50 84
50 85
50 100
50 101
50 109
50 110
50 113
51 51
51 52
51 53
51 54
51 81
51 84
51 85
51 100
51 101
51 109
51 110
51 111
51 112
51 113
52 52
52 53
52 54
52 75
52 76
52 80
52 89
52 100
52 101
52 113
53 53
53 54
53 55
53 89
53 91
53 107
53 109
53 111
54 54
54 55
54 66
54 85
54 91
54 93
54 96
54 98
54 100
54 101
54 102
54 106
54 107
54 109
54 110
54 111
54 112
54 114
55 55
55 67
55 69
55 71
55 79
55 82
55 83
55 86
55 87
55 88
55 89
55 91
55 94
55 95
55 97
55 99
55 104
55 105
55 106
55 107
55 108
55 115
56 56
56 57
56 60
56 62
56 63
56 68
56 70
56 72
56 74
56 75
56 76
56 78
56 79
56 81
56 99
57 57
57 62
57 63
57 68
57 69
57 72
57 76
57 77
57 78
57 81
57 96
57 97
57 98
57 111
58 58
58 59
58 60
58 61
58 65
58 66
59 59
59 61
59 65
59 66
59 67
59 69
59 91
59 93
59 95
59 106
59 107
60 60
60 61
60 62
60 63
60 64
60 72
60 76
60 77
61 61
61 65
62 62
62 63
62 68
62 72
62 76
62 78
62 79
62 80
62 81
62 97
63 63
63 72
63 73
63 74
63 75
63 76
63 77
63 78
63 80
63 81
64 64
64 84
64 88
65 65
65 67
66 66
66 67
66 69
66 105
66 106
66 107
66 114
67 67
67 69
67 71
67 86
67 87
67 91
67 94
67 95
67 97
67 104
67 105
67 106
67 107
67 108
67 114
67 115
68 68
68 69
68 78
68 79
68 83
68 96
68 97
69 69
69 71
69 79
69 86
69 91
69 93
69 94
69 95
69 96
69 97
69 98
69 99
69 105
69 106
69 107
69 108
69 109
69 110
69 111
69 114
69 115
70 70
70 71
70 72
70 73
70 74
70 75
70 76
70 77
70 79
70 88
70 89
70 99
70 105
70 115
71 71
71 73
71 78
71 79
71 82
71 86
71 87
71 88
71 91
71 97
71 99
71 104
71 105
71 108
71 115
72 72
72 73
72 74
72 75
72 76
72 77
72 78
72 80
72 81
73 73
73 74
73 75
73 76
73 77
73 78
73 79
73 80
73 81
73 85
73 96
73 98
74 74
74 75
74 76
74 77
74 78
74 79
74 81
75 75
75 76
75 77
76 76
76 77
76 80
76 81
76 85
76 113
77 77
77 81
77 109
78 78
78 79
78 80
78 81
78 83
79 79
79 80
79 82
79 86
79 94
79 97
79 104
79 108
80 80
80 81
80 84
80 85
80 100
80 101
80 103
80 110
80 113
81 81
81 84
81 85
81 96
81 98
81 100
81 101
81 103
81 109
81 110
81 111
81 112
81 113
82 82
82 83
82 86
82 87
82 88
82 91
82 97
82 99
83 83
83 86
83 87
83 88
83 89
83 97
83 99
84 84
84 85
84 101
84 109
84 110
84 112
84 113
85 85
85 90
85 92
85 93
85 96
85 98
85 100
85 101
85 102
85 103
85 109
85 110
85 111
85 112
85 113
86 86
86 87
86 88
86 89
86 91
86 94
86 95
86 97
86 99
86 104
86 105
86 106
86 108
86 115
87 87
87 88
87 91
87 108
87 115
88 88
88 89
88 91
88 94
88 97
88 99
88 104
88 105
88 106
88 108
88 115
89 89
89 91
89 97
89 99
89 105
89 106
89 107
90 90
90 92
90 93
90 96
90 98
90 100
90 101
90 102
90 109
90 111
90 112
90 113
91 91
91 93
91 94
91 95
91 97
91 99
91 104
91 105
91 106
91 107
91 108
91 114
91 115
92 92
92 93
92 95
92 96
92 98
92 100
92 102
92 104
92 111
92 112
93 93
93 95
93 98
93 100
93 101
93 102
93 109
93 110
93 111
93 112
93 113
94 94
94 95
94 96
94 97
94 98
94 99
94 104
94 105
94 106
94 108
94 114
94 115
95 95
95 96
95 97
95 98
95 99
95 104
95 105
95 106
95 108
95 109
95 110
95 111
95 114
95 115
96 96
96 98
96 100
96 102
96 104
96 108
96 109
96 110
96 111
96 112
96 113
96 115
97 97
97 98
97 99
97 104
97 105
97 106
97 107
97 108
97 114
97 115
98 98
98 99
98 100
98 102
98 108
98 109
98 110
98 111
98 112
98 115
99 99
99 104
99 105
99 106
99 107
99 108
99 114
99 115
100 100
100 101
100 102
100 103
100 109
100 110
100 111
100 112
100 113
101 101
101 102
101 103
101 109
101 110
101 111
101 112
101 113
102 102
102 103
102 109
102 110
102 111
102 112
102 113
103 103
103 113
104 104
104 105
104 106
104 108
104 115
105 105
105 106
105 107
105 108
105 114
105 115
106 106
106 107
106 108
106 109
106 110
106 114
106 115
107 107
107 109
107 114
107 115
108 108
108 115
109 109
109 110
109 111
109 112
109 113
109 114
110 110
110 111
110 112
110 113
110 114
111 111
111 112
111 113
112 112
112 113
113 113
114 114
114 115
115 115
