0 0
0 1
0 6
0 7
0 10
0 12
0 16
0 17
0 18
0 19
0 28
0 29
0 32
0 37
0 56
0 57
0 58
0 60
0 61
0 63
0 72
0 73
0 75
0 76
0 90
0 91
0 93
0 100
0 101
0 106
0 111
1 1
1 7
1 9
1 10
1 11
1 16
1 17
1 18
1 19
1 28
1 29
1 32
1 37
1 56
1 57
1 61
1 63
1 72
1 75
1 76
1 77
1 85
1 90
1 91
1 93
1 94
1 99
1 100
1 103
1 108
1 111
1 113
2 2
2 4
2 6
2 10
2 12
2 14
2 22
2 24
2 25
2 26
2 30
2 34
2 35
2 53
2 60
2 64
2 74
2 86
2 88
2 91
3 3
3 5
3 7
3 8
3 9
3 15
3 21
3 22
3 23
3 24
3 25
3 26
3 27
3 30
3 31
3 35
3 40
3 50
3 64
3 65
3 67
3 82
3 83
3 86
3 87
3 88
3 89
3 92
4 4
4 5
4 6
4 8
4 9
4 10
4 12
4 14
4 18
4 32
4 51
4 54
4 60
4 64
4 72
4 74
4 75
4 93
4 106
4 113
5 5
5 7
5 8
5 9
5 21
5 22
5 23
5 27
5 39
5 65
5 69
5 87
5 92
5 115
6 6
6 7
6 8
6 9
6 10
6 12
6 14
6 18
6 28
6 30
6 44
6 49
6 58
6 60
6 64
6 72
6 83
6 88
6 106
7 7
7 8
7 9
7 11
7 13
7 29
7 33
7 58
7 60
7 61
7 64
7 65
7 66
7 83
7 85
7 89
7 95
8 8
8 9
8 27
8 30
8 31
8 44
8 51
8 64
8 83
8 86
9 9
9 22
9 23
9 27
9 31
9 51
9 56
9 64
9 82
9 83
9 86
9 87
9 88
9 90
9 92
10 10
10 11
10 12
10 13
10 14
10 15
10 16
10 18
10 28
10 29
10 51
10 54
10 58
10 60
10 75
10 82
10 84
10 95
11 11
11 13
11 15
11 16
11 17
11 28
11 29
11 37
11 50
11 51
11 52
11 61
11 63
11 83
11 85
11 89
12 12
12 13
12 14
12 16
12 17
12 18
12 19
12 28
12 29
12 54
12 58
12 60
12 63
12 72
12 75
12 80
12 91
12 93
12 106
12 111
13 13
13 15
13 17
13 28
13 29
13 61
13 63
13 80
13 83
13 84
13 108
13 112
14 14
14 28
14 34
14 49
14 54
14 58
14 60
14 64
14 66
14 82
14 86
14 88
14 93
14 106
15 15
15 23
15 25
15 29
15 31
15 50
15 52
15 63
15 65
15 80
15 83
15 87
15 89
15 92
16 16
16 17
16 18
16 28
16 29
16 32
16 37
16 52
16 56
16 57
16 59
16 60
16 61
16 62
16 63
16 72
16 78
16 79
16 80
16 81
16 84
16 85
16 101
17 17
17 18
17 19
17 28
17 29
17 32
17 37
17 56
17 57
17 60
17 61
17 62
17 63
17 72
17 75
17 79
17 80
17 81
17 85
17 94
18 18
18 19
18 28
18 29
18 32
18 37
18 56
18 57
18 60
18 61
18 63
18 72
18 73
18 74
18 75
18 76
18 77
18 91
18 93
18 94
18 100
18 101
18 103
18 105
18 106
18 111
18 113
18 114
19 19
19 28
19 29
19 32
19 33
19 37
19 56
19 57
19 61
19 63
19 68
19 69
19 70
19 71
19 72
19 73
19 75
19 76
19 77
19 90
19 91
19 93
19 94
19 97
19 100
19 101
19 103
19 104
19 105
19 106
19 107
19 111
19 113
19 114
19 115
20 20
20 21
20 22
20 23
20 24
20 25
20 26
20 27
20 30
20 31
20 35
20 38
20 39
20 40
20 41
20 48
20 50
20 52
20 53
20 67
20 70
20 77
20 86
20 87
20 88
20 89
20 91
20 94
20 97
20 103
20 109
21 21
21 22
21 23
21 24
21 25
21 26
21 27
21 30
21 31
21 34
21 35
21 36
21 38
21 39
21 40
21 45
21 47
21 48
21 50
21 54
21 55
21 65
21 67
21 89
21 96
21 97
21 103
21 104
21 115
22 22
22 23
22 24
22 25
22 26
22 27
22 30
22 31
22 34
22 35
22 40
22 46
22 50
22 51
22 53
22 54
22 64
22 65
22 82
22 83
22 86
22 87
22 88
22 92
22 115
23 23
23 24
23 25
23 26
23 27
23 30
23 31
23 35
23 39
23 40
23 46
23 48
23 50
23 51
23 52
23 53
23 54
23 64
23 65
23 67
23 82
23 83
23 86
23 87
23 88
23 89
23 92
24 24
24 25
24 26
24 27
24 30
24 31
24 34
24 35
24 38
24 40
24 50
24 64
24 65
24 67
24 86
24 88
24 109
24 112
25 25
25 26
25 27
25 30
25 31
25 34
25 35
25 38
25 39
25 40
25 48
25 50
25 54
25 55
25 64
25 65
25 67
25 86
25 87
25 88
25 89
25 92
25 96
25 109
26 26
26 27
26 30
26 34
26 35
26 38
26 40
26 50
26 65
26 67
26 86
26 88
26 109
26 115
27 27
27 30
27 31
27 35
27 40
27 48
27 50
27 51
27 52
27 53
27 54
27 64
27 65
27 67
27 86
27 87
27 88
27 89
27 92
28 28
28 29
28 32
28 36
28 37
28 56
28 58
28 60
28 63
28 72
28 73
28 74
28 75
28 76
28 80
28 81
28 82
28 83
28 90
28 101
28 102
28 106
29 29
29 32
29 33
29 37
29 56
29 61
29 62
29 63
29 72
29 73
29 75
29 76
29 80
29 81
29 83
29 90
29 91
29 101
29 108
29 111
29 113
30 30
30 31
30 34
30 35
30 40
30 50
30 64
30 65
30 82
30 83
30 86
30 87
30 88
31 31
31 35
31 36
31 40
31 50
31 64
31 65
31 71
31 76
31 82
31 83
31 86
31 87
31 88
31 89
31 92
32 32
32 33
32 36
32 37
32 56
32 57
32 60
32 70
32 72
32 73
32 74
32 75
32 76
32 81
32 101
32 103
32 106
32 111
33 33
33 34
33 35
33 70
33 71
33 72
33 73
33 75
33 95
33 101
33 108
33 111
34 34
34 35
34 39
34 45
34 65
34 66
34 67
34 88
34 104
34 110
35 35
35 45
35 50
35 58
35 64
35 65
35 66
35 67
35 86
35 87
35 88
36 36
36 37
36 40
36 41
36 52
36 62
36 63
36 73
36 74
36 75
36 76
36 77
36 82
36 83
36 101
37 37
37 40
37 41
37 52
37 53
37 55
37 56
37 63
37 72
37 73
37 74
37 75
37 76
37 77
37 82
37 95
37 100
37 101
37 103
37 113
37 114
38 38
38 39
38 41
38 50
38 52
38 53
38 54
38 55
38 59
38 73
38 74
38 77
38 78
38 79
38 94
38 96
38 101
38 103
38 105
38 107
38 108
38 109
39 39
39 40
39 41
39 50
39 55
39 68
39 69
39 89
39 92
39 94
39 96
39 97
39 99
39 103
39 104
39 105
39 107
39 109
39 110
39 115
40 40
40 41
40 55
40 71
40 73
40 74
40 75
40 76
40 77
40 89
41 41
41 52
41 55
41 70
41 73
41 74
41 75
41 76
41 77
41 89
41 96
41 103
41 107
41 108
41 113
41 114
42 42
42 43
42 44
42 45
42 46
42 47
42 48
42 49
42 50
42 51
42 53
42 55
42 86
42 96
42 99
43 43
43 44
43 45
43 46
43 47
43 48
43 49
43 50
43 51
43 53
43 55
43 62
43 86
43 96
43 98
43 99
43 109
44 44
44 45
44 46
44 47
44 48
44 49
44 50
44 51
44 62
44 86
44 96
45 45
45 46
45 47
45 48
45 49
45 50
45 51
45 62
45 65
45 66
45 67
45 87
45 96
46 46
46 47
46 48
46 49
46 50
46 51
46 53
46 55
46 86
46 87
46 96
46 98
46 99
46 110
47 47
47 48
47 49
47 51
47 53
47 55
47 69
47 86
47 96
47 97
47 98
47 99
47 104
47 105
47 110
47 111
48 48
48 49
48 50
48 51
48 52
48 54
48 55
48 67
48 86
48 87
48 96
49 49
49 50
49 51
49 53
49 54
49 55
49 86
49 90
49 96
49 98
49 99
50 50
50 51
50 52
50 53
50 54
50 55
50 65
50 67
50 86
50 87
50 89
50 96
50 109
51 51
51 52
51 53
51 55
51 83
51 86
51 98
52 52
52 53
52 54
52 55
52 63
52 76
52 83
52 89
52 101
52 103
52 107
52 113
52 114
53 53
53 55
53 56
53 74
53 75
53 76
53 82
53 86
53 87
53 91
53 96
53 98
53 99
53 103
53 108
53 109
53 114
54 54
54 55
54 86
54 89
54 96
54 98
55 55
55 94
55 96
55 97
55 98
55 99
55 103
55 105
55 108
55 109
55 110
55 112
55 113
56 56
56 57
56 61
56 63
56 72
56 75
56 78
56 79
56 81
56 85
56 99
56 111
57 57
57 61
57 62
57 63
57 68
57 69
57 72
57 78
57 79
57 80
57 81
57 84
57 85
57 91
57 93
57 94
57 100
57 102
57 104
57 106
57 111
57 115
58 58
58 59
58 60
58 66
58 68
58 106
59 59
59 60
59 61
59 66
59 67
59 70
59 94
59 101
59 107
60 60
60 61
60 62
60 64
60 66
60 72
60 84
60 101
60 106
61 61
61 63
61 68
61 72
61 80
61 81
61 84
61 91
61 94
61 101
61 105
61 108
61 113
62 62
62 63
62 79
62 80
62 81
62 83
62 102
62 113
63 63
63 69
63 72
63 77
63 79
63 80
63 81
63 83
63 90
63 113
64 64
64 65
64 82
64 83
64 86
64 87
64 88
64 92
65 65
65 67
65 85
65 88
65 89
66 66
66 67
66 68
66 70
66 88
66 106
67 67
67 85
67 87
67 88
67 89
67 96
68 68
68 69
68 78
68 79
68 80
68 81
68 84
68 91
68 93
68 94
68 97
68 100
68 101
68 103
68 104
68 105
68 106
68 110
68 111
68 115
69 69
69 79
69 80
69 81
69 84
69 90
69 91
69 92
69 93
69 97
69 104
69 105
69 106
69 107
69 110
69 111
69 115
70 70
70 71
70 73
70 76
70 77
70 91
70 94
70 97
70 101
70 103
70 104
70 105
70 107
70 110
70 114
70 115
71 71
71 72
71 73
71 74
71 76
71 77
71 94
71 97
71 101
71 105
71 115
72 72
72 73
72 74
72 75
72 76
72 90
72 91
72 94
72 101
72 105
72 106
72 111
72 113
73 73
73 74
73 75
73 76
73 77
73 95
73 101
73 105
74 74
74 75
74 76
74 95
74 101
75 75
75 76
75 77
75 95
75 100
76 76
76 77
76 91
76 93
76 94
76 95
76 100
76 101
76 102
76 103
76 105
76 107
76 108
76 109
76 114
77 77
77 91
77 94
77 97
77 101
77 103
77 104
77 105
77 107
77 114
78 78
78 79
78 80
78 81
78 84
78 85
78 98
78 101
79 79
79 80
79 81
79 84
79 85
79 97
80 80
80 81
80 84
80 85
81 81
81 84
81 85
81 111
82 82
82 83
82 86
82 87
82 88
82 98
83 83
83 87
83 88
84 84
84 85
84 92
85 85
85 89
86 86
86 87
86 88
87 87
87 88
87 89
87 92
87 97
88 88
89 89
89 96
90 90
90 91
90 92
90 93
90 98
90 99
90 106
90 107
90 109
90 110
90 111
90 115
91 91
91 93
91 94
91 97
91 98
91 99
91 100
91 101
91 103
91 104
91 105
91 106
91 107
91 108
91 109
91 111
91 113
91 115
92 92
92 102
92 104
92 115
93 93
93 94
93 97
93 99
93 100
93 103
93 104
93 105
93 106
93 107
93 108
93 109
93 110
93 111
93 113
93 115
94 94
94 97
94 99
94 101
94 103
94 104
94 105
94 107
94 108
94 109
94 111
94 113
94 114
94 115
95 95
95 101
95 113
96 96
96 97
96 98
96 99
96 107
96 109
96 110
97 97
97 98
97 99
97 103
97 104
97 105
97 107
97 108
97 109
97 110
97 111
97 114
97 115
98 98
98 99
98 100
98 103
98 109
98 110
98 111
98 115
99 99
99 103
99 105
99 107
99 108
99 109
99 110
99 111
99 112
100 100
100 102
100 103
100 104
100 105
100 111
100 114
101 101
101 103
101 105
101 106
101 108
101 113
102 102
103 103
103 104
103 105
103 107
103 108
103 109
103 110
103 111
103 113
103 114
104 104
104 105
104 110
104 111
104 114
104 115
105 105
105 107
105 108
105 110
105 111
105 114
105 115
106 106
106 107
106 110
106 111
106 113
106 115
107 107
107 108
107 109
107 110
107 111
107 114
107 115
108 108
108 109
108 111
108 113
108 114
109 109
109 113
109 115
110 110
110 111
110 115
111 111
111 112
111 115
112 112
113 113
114 114
115 115
