0 0
0 1
0 8
0 10
0 12
0 14
0 15
0 16
0 17
0 18
0 19
0 32
0 36
0 56
0 58
0 60
0 61
0 62
0 63
0 68
0 74
0 76
0 82
0 88
0 89
0 91
0 93
0 99
0 101
0 107
0 113
0 114
1 1
1 9
1 11
1 13
1 15
1 16
1 17
1 19
1 29
1 32
1 33
1 36
1 56
1 57
1 61
1 62
1 63
1 65
1 68
1 73
1 74
1 75
1 76
1 78
1 79
1 80
1 81
1 92
1 95
1 100
1 102
1 105
1 106
1 115
2 2
2 4
2 6
2 8
2 12
2 14
2 22
2 24
2 27
2 30
2 50
2 54
2 58
2 64
2 66
2 84
2 86
2 88
2 91
2 96
2 97
2 101
2 103
2 110
3 3
3 5
3 7
3 9
3 20
3 21
3 23
3 25
3 31
3 38
3 40
3 43
3 45
3 67
3 71
3 87
3 112
4 4
4 5
4 6
4 8
4 9
4 10
4 12
4 22
4 23
4 24
4 26
4 48
4 50
4 60
4 62
4 64
4 84
4 91
4 107
5 5
5 7
5 9
5 21
5 23
5 24
5 25
5 26
5 44
5 45
5 49
5 51
5 56
5 62
5 65
5 78
5 104
6 6
6 8
6 12
6 50
6 58
6 60
6 64
6 66
6 84
6 85
6 88
6 91
6 93
6 101
6 103
7 7
7 9
7 11
7 13
7 29
7 31
7 40
7 59
7 61
7 65
7 71
7 78
7 83
7 92
8 8
8 10
8 12
8 14
8 26
8 50
8 58
8 60
8 64
8 84
8 88
8 91
8 93
9 9
9 11
9 13
9 15
9 26
9 61
9 65
9 90
9 92
10 10
10 12
10 14
10 15
10 16
10 17
10 22
10 28
10 56
10 58
10 60
10 64
10 76
10 79
10 81
10 82
10 83
10 84
10 88
10 91
10 113
11 11
11 12
11 13
11 15
11 17
11 19
11 28
11 29
11 33
11 59
11 61
11 63
11 64
11 65
11 83
11 92
11 100
11 102
11 107
12 12
12 13
12 14
12 15
12 16
12 28
12 58
12 60
12 61
12 63
12 64
12 72
12 82
12 88
12 89
12 93
12 101
13 13
13 15
13 16
13 17
13 28
13 29
13 32
13 33
13 36
13 41
13 59
13 60
13 61
13 63
13 65
13 72
13 73
13 75
13 76
13 92
13 100
14 14
14 15
14 16
14 17
14 28
14 36
14 60
14 72
14 81
14 82
14 84
14 86
14 88
14 89
14 91
14 115
15 15
15 16
15 17
15 28
15 29
15 36
15 41
15 56
15 60
15 61
15 63
15 72
15 83
15 89
15 114
15 115
16 16
16 17
16 28
16 32
16 36
16 41
16 56
16 57
16 60
16 61
16 63
16 72
16 76
16 78
16 79
16 80
16 81
16 82
16 86
16 89
16 100
16 115
17 17
17 19
17 28
17 29
17 32
17 36
17 41
17 56
17 57
17 61
17 63
17 72
17 73
17 78
17 79
17 80
17 81
17 82
17 95
17 100
17 105
17 115
18 18
18 19
18 32
18 36
18 56
18 58
18 60
18 62
18 63
18 68
18 69
18 72
18 74
18 91
18 95
18 99
18 104
18 105
18 113
18 115
19 19
19 32
19 33
19 61
19 62
19 63
19 68
19 69
19 74
19 83
19 90
19 91
19 92
19 93
19 100
19 105
19 106
19 107
20 20
20 21
20 24
20 25
20 26
20 27
20 31
20 37
20 38
20 39
20 43
20 47
20 54
20 70
20 94
20 96
20 97
20 99
20 103
20 104
20 110
20 112
20 113
20 114
21 21
21 24
21 25
21 26
21 27
21 31
21 35
21 37
21 38
21 39
21 40
21 42
21 43
21 44
21 45
21 46
21 47
21 52
21 67
21 71
21 94
21 96
21 110
21 112
22 22
22 23
22 24
22 25
22 26
22 27
22 30
22 42
22 47
22 48
22 50
22 51
22 56
22 64
22 84
22 88
22 91
22 96
22 99
22 110
22 113
22 114
23 23
23 24
23 25
23 26
23 27
23 31
23 34
23 44
23 45
23 46
23 47
23 50
23 51
23 64
23 67
23 69
23 84
23 85
23 91
23 110
23 112
23 115
24 24
24 25
24 26
24 27
24 30
24 34
24 35
24 47
24 50
24 56
24 64
24 67
24 68
24 84
24 91
24 94
24 99
24 110
25 25
25 26
25 27
25 30
25 31
25 34
25 35
25 38
25 39
25 43
25 45
25 46
25 47
25 67
25 70
25 71
25 77
25 85
25 94
25 96
25 97
25 109
25 110
25 112
26 26
26 27
26 42
26 47
26 50
26 53
26 56
26 62
26 64
26 84
26 91
26 99
26 104
26 107
26 110
26 113
26 114
27 27
27 30
27 34
27 38
27 42
27 43
27 47
27 50
27 55
27 56
27 68
27 84
27 94
27 96
27 99
27 103
27 110
27 113
27 114
28 28
28 29
28 36
28 40
28 41
28 63
28 64
28 72
28 74
28 78
28 79
28 80
28 81
28 82
28 83
28 84
28 86
28 100
29 29
29 33
29 36
29 37
29 40
29 41
29 61
29 63
29 65
29 72
29 73
29 75
29 78
29 79
29 80
29 81
29 83
29 92
29 100
29 102
30 30
30 31
30 38
30 54
30 70
30 71
30 82
30 84
30 86
30 88
30 96
30 110
31 31
31 33
31 38
31 40
31 67
31 70
31 71
31 77
31 83
31 87
31 94
31 96
32 32
32 33
32 36
32 56
32 58
32 59
32 60
32 61
32 62
32 63
32 72
32 74
32 76
32 100
32 105
32 113
32 115
33 33
33 61
33 63
33 65
33 67
33 74
33 76
33 77
33 80
33 81
33 83
34 34
34 35
34 42
34 44
34 45
34 46
34 47
34 48
34 67
34 71
34 78
34 109
34 110
34 111
34 112
35 35
35 44
35 45
35 48
35 67
35 78
35 79
35 80
36 36
36 37
36 41
36 57
36 60
36 61
36 62
36 63
36 72
36 73
36 74
36 75
36 76
36 79
36 80
36 81
36 95
36 100
36 105
36 115
37 37
37 38
37 39
37 40
37 41
37 42
37 43
37 52
37 54
37 55
37 57
37 70
37 71
37 72
37 73
37 74
37 75
37 77
37 80
37 86
37 94
37 95
37 96
37 97
37 112
38 38
38 39
38 40
38 43
38 45
38 52
38 54
38 55
38 70
38 71
38 77
38 86
38 87
38 94
38 96
38 97
38 103
38 112
39 39
39 43
39 45
39 52
39 54
39 55
39 59
39 70
39 71
39 75
39 77
39 87
39 94
39 96
39 97
40 40
40 41
40 43
40 45
40 54
40 70
40 71
40 72
40 78
40 79
40 80
40 82
40 83
40 85
40 86
40 87
40 94
40 96
40 101
41 41
41 43
41 54
41 71
41 72
41 73
41 74
41 75
41 78
41 79
41 80
41 81
41 86
41 100
42 42
42 43
42 44
42 45
42 46
42 47
42 48
42 49
42 50
42 51
42 52
42 53
42 55
42 56
42 94
42 98
42 105
42 110
42 111
42 112
42 114
42 115
43 43
43 44
43 45
43 46
43 47
43 48
43 49
43 50
43 51
43 53
43 54
43 55
43 71
43 85
43 86
43 94
43 96
43 110
43 111
43 112
44 44
44 45
44 46
44 47
44 48
44 49
44 50
44 51
44 53
44 55
44 57
44 67
44 69
44 78
44 79
44 94
44 96
44 98
44 106
44 110
44 112
44 115
45 45
45 46
45 47
45 48
45 49
45 51
45 55
45 67
45 71
45 78
45 94
45 96
45 98
45 112
46 46
46 47
46 48
46 49
46 50
46 51
46 52
46 53
46 55
46 66
46 67
46 85
46 94
46 96
46 97
46 98
46 99
46 109
46 110
46 111
46 112
46 114
47 47
47 48
47 49
47 51
47 53
47 55
47 67
47 69
47 91
47 94
47 96
47 97
47 98
47 99
47 105
47 106
47 108
47 109
47 110
47 111
47 112
47 113
47 114
47 115
48 48
48 49
48 50
48 51
48 53
48 57
48 69
48 78
48 79
48 98
48 106
48 115
49 49
49 50
49 51
49 52
49 53
49 55
49 59
49 66
49 98
49 106
49 112
49 115
50 50
50 51
50 52
50 53
50 64
50 66
50 84
50 85
50 98
50 110
50 112
51 51
51 52
51 53
51 55
51 85
51 98
51 106
51 112
52 52
52 53
52 54
52 55
52 89
52 90
52 94
52 98
52 99
52 112
53 53
53 54
53 55
53 98
53 99
53 111
53 112
53 113
53 114
54 54
54 55
54 59
54 66
54 70
54 71
54 72
54 77
54 86
54 88
54 89
54 94
54 96
54 97
54 101
55 55
55 66
55 70
55 86
55 89
55 94
55 96
55 97
55 98
55 99
55 112
55 113
56 56
56 57
56 62
56 63
56 68
56 80
56 81
56 99
56 104
56 105
56 113
56 114
56 115
57 57
57 68
57 78
57 79
57 80
57 81
57 98
57 104
57 105
57 106
57 111
57 115
58 58
58 59
58 60
58 61
58 62
58 63
58 66
58 76
58 88
58 89
58 91
58 93
58 101
58 106
59 59
59 60
59 61
59 63
59 65
59 66
59 89
59 92
59 93
59 100
59 101
59 106
60 60
60 61
60 62
60 63
60 64
60 66
60 72
60 74
60 76
60 88
60 89
60 91
60 93
60 101
61 61
61 62
61 63
61 65
61 72
61 73
61 74
61 75
61 76
61 80
61 81
61 89
61 92
61 95
61 100
61 102
62 62
62 63
62 64
62 72
62 74
62 102
62 104
62 113
63 63
63 72
63 74
63 76
63 79
63 80
63 81
63 89
63 100
63 102
64 64
64 65
64 84
64 85
64 88
64 91
64 104
65 65
65 78
65 83
65 92
65 93
65 102
66 66
66 67
66 98
66 101
66 109
67 67
67 69
67 71
67 94
67 96
67 98
67 109
67 110
68 68
68 69
68 74
68 87
68 91
68 94
68 95
68 97
68 99
68 104
68 105
68 108
68 109
68 110
68 111
69 69
69 90
69 91
69 94
69 98
69 105
69 106
69 107
69 108
69 109
69 110
69 111
69 115
70 70
70 71
70 72
70 73
70 74
70 75
70 76
70 77
70 86
70 94
70 96
70 97
70 109
70 110
71 71
71 73
71 75
71 77
71 86
71 87
71 94
71 96
71 97
71 109
72 72
72 73
72 74
72 75
72 76
72 79
72 80
72 81
72 82
72 86
72 89
72 100
72 102
73 73
73 74
73 75
73 76
73 77
73 95
73 108
74 74
74 75
74 76
74 77
74 80
74 95
74 108
75 75
75 76
75 77
75 86
75 92
75 95
75 97
75 108
75 113
76 76
76 77
76 79
76 80
76 81
76 95
76 108
77 77
77 86
77 87
77 95
77 96
77 97
77 108
77 109
78 78
78 79
78 80
78 81
78 83
78 84
79 79
79 80
79 81
79 82
79 84
79 95
79 100
80 80
80 81
80 82
80 83
80 86
80 95
80 100
81 81
81 82
81 95
81 100
82 82
82 83
82 84
82 86
82 88
82 100
83 83
83 85
83 87
83 89
83 92
84 84
84 85
84 86
84 88
84 103
84 110
85 85
85 87
85 94
85 103
85 112
86 86
86 87
86 88
86 89
86 96
86 100
87 87
87 89
87 90
87 94
87 96
88 88
88 89
88 91
88 93
88 101
89 89
89 90
89 93
89 101
90 90
90 91
90 92
90 93
90 98
90 99
90 105
90 106
90 109
90 111
90 112
91 91
91 93
91 97
91 98
91 99
91 103
91 105
91 106
91 108
91 109
91 110
91 111
91 114
92 92
92 93
92 100
92 102
92 106
92 113
93 93
93 97
93 99
93 101
93 102
93 103
94 94
94 96
94 97
94 98
94 103
94 109
94 110
94 111
94 112
95 95
95 97
95 99
95 102
95 104
95 105
95 108
95 109
95 111
95 113
95 114
96 96
96 97
96 98
96 103
96 110
96 112
97 97
97 99
97 103
97 108
97 109
97 110
97 111
97 112
98 98
98 99
98 105
98 106
98 109
98 111
98 112
99 99
99 102
99 103
99 104
99 105
99 106
99 108
99 109
99 110
99 111
99 112
99 113
99 114
99 115
100 100
100 102
100 105
100 115
101 101
101 107
102 102
102 103
102 104
102 106
102 113
102 114
102 115
103 103
103 104
103 105
103 109
103 110
103 111
103 112
103 113
103 114
104 104
104 105
104 106
104 111
104 113
104 114
104 115
105 105
105 106
105 109
105 110
105 111
105 112
105 113
105 114
105 115
106 106
106 107
106 111
106 114
106 115
107 107
108 108
108 109
108 110
108 111
108 113
108 114
108 115
109 109
109 110
109 111
109 112
110 110
110 111
110 112
110 113
110 114
110 115
111 111
111 112
111 113
111 114
111 115
112 112
112 113
112 114
113 113
113 114
113 115
114 114
114 115
115 115
