0 0
0 1
0 10
0 16
0 18
0 19
0 28
0 29
0 56
0 60
0 61
0 62
0 63
0 73
0 78
0 80
0 82
0 100
1 1
1 16
1 17
1 19
1 32
1 52
1 56
1 57
1 58
1 59
1 61
1 62
1 63
1 68
1 69
1 78
1 79
1 80
1 81
1 85
1 89
1 98
1 99
1 102
1 112
2 2
2 3
2 6
2 7
2 8
2 12
2 13
2 14
2 15
2 18
2 22
2 23
2 30
2 31
2 34
2 35
2 60
2 64
2 67
2 70
2 71
2 77
2 86
2 88
2 91
2 92
2 93
2 101
2 102
2 103
2 104
2 105
3 3
3 6
3 7
3 8
3 14
3 18
3 22
3 23
3 25
3 31
3 60
3 64
3 84
3 86
3 88
3 92
3 93
3 100
3 101
3 103
3 113
4 4
4 5
4 6
4 8
4 9
4 10
4 12
4 14
4 15
4 21
4 23
4 25
4 26
4 27
4 28
4 30
4 31
4 60
4 70
4 75
4 82
4 83
4 86
4 101
5 5
5 16
5 22
5 26
5 27
5 41
5 44
5 56
5 62
5 78
5 80
5 81
5 82
5 84
5 98
6 6
6 7
6 8
6 9
6 11
6 12
6 13
6 14
6 15
6 22
6 23
6 25
6 30
6 31
6 34
6 35
6 60
6 64
6 65
6 67
6 70
6 77
6 86
6 88
6 91
6 92
6 93
6 101
6 103
6 106
7 7
7 8
7 9
7 11
7 12
7 13
7 15
7 20
7 23
7 25
7 31
7 35
7 65
7 67
7 70
7 71
7 77
7 87
7 90
7 91
7 92
7 93
7 100
7 102
7 104
8 8
8 9
8 12
8 13
8 14
8 15
8 22
8 35
8 60
8 64
8 65
8 67
8 86
8 88
8 90
8 91
8 92
8 93
8 100
8 101
8 102
8 104
8 106
9 9
9 11
9 13
9 20
9 23
9 24
9 25
9 26
9 31
9 35
9 42
9 43
9 45
9 51
9 65
9 70
9 75
9 90
9 92
9 100
10 10
10 11
10 12
10 13
10 14
10 15
10 16
10 17
10 20
10 28
10 29
10 33
10 41
10 60
10 61
10 62
10 63
10 72
10 73
10 74
10 75
10 76
10 78
10 80
10 82
10 83
11 11
11 12
11 13
11 15
11 20
11 23
11 25
11 29
11 30
11 31
11 33
11 35
11 37
11 61
11 65
11 71
11 72
11 73
11 74
11 75
11 76
11 77
11 87
11 94
11 100
11 110
12 12
12 13
12 14
12 15
12 17
12 28
12 29
12 30
12 31
12 33
12 35
12 36
12 60
12 62
12 64
12 72
12 73
12 74
12 75
12 76
12 77
12 82
12 83
12 88
13 13
13 15
13 20
13 23
13 25
13 29
13 30
13 31
13 33
13 35
13 60
13 61
13 65
13 70
13 71
13 75
13 77
13 87
13 110
14 14
14 15
14 18
14 22
14 23
14 26
14 28
14 30
14 60
14 62
14 64
14 82
14 83
14 86
14 88
14 93
14 101
15 15
15 26
15 27
15 28
15 29
15 33
15 60
15 62
15 63
15 76
15 82
15 83
15 86
15 88
16 16
16 17
16 19
16 28
16 29
16 32
16 46
16 52
16 56
16 57
16 60
16 62
16 63
16 68
16 72
16 78
16 79
16 80
16 81
16 84
16 85
16 98
16 99
16 112
17 17
17 28
17 29
17 32
17 33
17 36
17 37
17 56
17 57
17 62
17 63
17 72
17 73
17 74
17 75
17 76
17 78
17 79
17 80
17 81
17 83
18 18
18 19
18 22
18 28
18 32
18 41
18 60
18 62
18 73
18 74
18 75
18 76
18 78
18 81
18 82
18 83
18 84
18 85
18 88
18 89
18 114
19 19
19 28
19 32
19 62
19 68
19 78
19 80
19 81
19 82
19 83
19 102
19 103
20 20
20 23
20 24
20 25
20 29
20 30
20 31
20 33
20 61
20 64
20 65
20 73
20 87
20 100
21 21
21 23
21 24
21 25
21 27
21 28
21 30
21 31
21 36
21 40
21 54
21 71
21 76
21 83
21 86
21 87
21 96
21 106
21 107
21 108
22 22
22 23
22 25
22 27
22 64
22 82
22 84
22 86
22 87
22 88
22 89
22 92
22 93
22 101
22 103
22 107
23 23
23 25
23 26
23 27
23 30
23 31
23 35
23 41
23 64
23 65
23 67
23 70
23 71
23 77
23 82
23 84
23 86
23 87
23 88
23 91
23 92
23 93
23 101
23 103
23 113
24 24
24 25
24 27
24 30
24 31
24 34
24 35
24 39
24 42
24 44
24 46
24 47
24 64
24 65
24 67
24 87
24 95
24 96
24 110
24 113
24 115
25 25
25 26
25 27
25 30
25 31
25 34
25 35
25 37
25 64
25 65
25 67
25 70
25 71
25 77
25 86
25 87
25 91
25 92
25 94
25 100
25 106
25 110
25 115
26 26
26 27
26 30
26 41
26 70
26 82
26 83
26 86
26 88
27 27
27 30
27 31
27 41
27 53
27 64
27 70
27 71
27 86
27 87
27 92
27 93
28 28
28 29
28 30
28 32
28 33
28 36
28 37
28 40
28 41
28 60
28 62
28 63
28 72
28 73
28 74
28 75
28 76
28 78
28 79
28 80
28 81
28 82
28 83
29 29
29 31
29 32
29 33
29 36
29 37
29 39
29 41
29 62
29 63
29 72
29 73
29 74
29 75
29 76
29 77
29 78
29 79
29 81
29 83
30 30
30 31
30 33
30 35
30 41
30 64
30 70
30 71
30 72
30 73
30 74
30 75
30 76
30 77
30 83
30 87
31 31
31 33
31 35
31 36
31 37
31 39
31 64
31 65
31 67
31 70
31 71
31 72
31 73
31 74
31 75
31 76
31 77
31 83
31 87
31 110
32 32
32 33
32 36
32 40
32 54
32 55
32 56
32 57
32 60
32 62
32 63
32 68
32 72
32 73
32 74
32 75
32 76
32 78
32 79
32 80
32 81
32 83
32 85
32 99
33 33
33 35
33 36
33 37
33 39
33 40
33 60
33 70
33 71
33 72
33 73
33 74
33 75
33 76
33 77
33 79
33 83
33 95
33 109
34 34
34 35
34 47
34 64
34 65
34 66
34 67
34 77
34 91
34 95
34 104
34 105
34 110
35 35
35 42
35 47
35 64
35 65
35 66
35 67
35 70
35 71
35 77
35 91
35 92
35 104
35 105
35 108
35 110
36 36
36 37
36 38
36 39
36 40
36 54
36 55
36 71
36 72
36 73
36 74
36 75
36 76
36 77
36 79
36 81
36 83
36 89
36 95
36 96
36 108
36 110
36 114
36 115
37 37
37 38
37 39
37 40
37 41
37 54
37 55
37 71
37 72
37 73
37 74
37 75
37 76
37 77
37 79
37 94
37 95
37 96
37 97
37 105
37 109
37 110
37 114
37 115
38 38
38 39
38 40
38 54
38 55
38 68
38 71
38 72
38 89
38 95
38 96
38 97
38 104
38 107
38 108
38 109
38 110
38 114
38 115
39 39
39 40
39 54
39 55
39 71
39 72
39 74
39 76
39 77
39 94
39 95
39 97
39 104
39 105
39 108
39 109
39 110
39 114
39 115
40 40
40 54
40 55
40 68
40 72
40 83
40 106
40 107
40 108
40 109
40 114
41 41
41 70
41 72
41 73
41 74
41 75
41 76
41 78
41 82
41 83
41 94
41 97
42 42
42 43
42 44
42 45
42 46
42 47
42 48
42 49
42 65
42 67
42 70
42 96
42 110
43 43
43 44
43 45
43 46
43 47
43 48
43 49
43 51
43 55
43 67
43 96
43 98
43 99
43 112
44 44
44 45
44 46
44 47
44 48
44 49
44 56
44 59
44 66
44 69
44 80
44 98
44 99
44 111
44 112
45 45
45 46
45 47
45 48
45 49
45 50
45 51
45 59
45 66
45 67
45 69
45 80
45 98
45 112
46 46
46 47
46 48
46 49
46 55
46 56
46 57
46 79
46 80
46 81
46 85
46 96
46 98
46 99
46 112
47 47
47 48
47 49
47 51
47 53
47 59
47 65
47 67
47 69
47 91
47 105
47 110
47 111
47 112
48 48
48 49
48 50
48 51
48 52
48 53
48 56
48 58
48 59
48 61
48 69
48 90
48 98
48 99
48 100
48 111
48 112
49 49
49 50
49 51
49 53
49 59
49 61
49 65
49 69
49 90
49 98
49 99
49 111
49 112
50 50
50 51
50 52
50 53
50 58
50 59
50 61
50 63
50 69
50 98
50 102
50 112
51 51
51 52
51 53
51 58
51 59
51 61
51 65
51 69
51 90
51 91
51 100
51 102
51 105
51 106
51 111
51 112
52 52
52 53
52 54
52 56
52 57
52 58
52 59
52 61
52 62
52 63
52 69
52 85
52 89
52 98
52 102
52 112
53 53
53 59
53 69
53 87
53 96
53 112
54 54
54 55
54 71
54 85
54 89
54 95
54 96
54 99
54 107
54 108
54 110
54 115
55 55
55 56
55 57
55 68
55 79
55 81
55 85
55 89
55 95
55 96
55 98
55 99
55 107
55 108
55 110
55 112
55 115
56 56
56 57
56 58
56 59
56 61
56 62
56 63
56 68
56 78
56 79
56 80
56 81
56 84
56 85
56 89
56 96
56 98
56 99
56 112
57 57
57 58
57 59
57 62
57 63
57 68
57 78
57 79
57 80
57 81
57 84
57 85
57 89
57 96
57 98
57 99
57 112
58 58
58 59
58 61
58 62
58 66
58 68
58 69
58 89
58 90
58 98
58 102
58 103
59 59
59 61
59 69
59 90
59 98
59 100
59 102
59 103
59 111
59 112
60 60
60 62
60 63
60 64
60 66
60 72
60 76
60 82
60 83
60 84
60 88
60 101
61 61
61 63
61 65
61 98
61 100
62 62
62 63
62 68
62 72
62 78
62 79
62 80
62 81
62 82
62 83
62 84
62 85
62 98
63 63
63 68
63 72
63 78
63 79
63 80
63 81
63 83
63 85
63 98
64 64
64 65
64 67
64 84
64 86
64 88
65 65
65 67
65 77
65 87
65 91
65 92
65 94
65 100
65 110
66 66
66 67
66 84
66 86
66 101
66 103
67 67
67 77
67 87
67 91
67 92
67 93
67 104
67 105
67 110
68 68
68 69
68 78
68 80
68 81
68 89
68 96
68 98
68 99
68 103
68 107
68 112
69 69
69 90
69 98
69 102
69 111
69 112
70 70
70 71
70 73
70 74
70 75
70 77
70 87
70 92
70 94
70 105
71 71
71 74
71 75
71 76
71 77
71 87
71 94
71 97
71 104
71 105
71 108
71 110
71 114
72 72
72 73
72 74
72 75
72 76
72 77
72 78
72 79
72 81
72 83
72 109
73 73
73 74
73 75
73 76
73 77
73 78
73 79
73 83
73 94
73 97
73 113
74 74
74 75
74 76
74 77
74 78
74 79
74 83
74 94
74 97
74 109
75 75
75 76
75 77
75 79
75 83
75 94
76 76
76 77
76 78
76 79
76 81
76 82
76 83
76 113
76 114
77 77
77 83
77 87
77 94
77 95
77 97
77 104
77 105
77 110
77 114
78 78
78 79
78 80
78 81
78 82
78 84
78 85
78 98
79 79
79 80
79 81
79 84
79 85
79 96
79 98
79 99
79 112
80 80
80 81
80 82
80 84
80 85
80 98
80 99
80 112
81 81
81 82
81 83
81 84
81 85
81 98
81 99
82 82
82 83
82 84
82 86
82 88
82 93
82 101
82 103
83 83
84 84
84 85
84 86
84 88
84 89
84 113
85 85
85 89
85 96
85 98
85 99
85 112
86 86
86 87
86 88
86 93
86 101
86 103
86 106
86 107
87 87
87 104
87 105
88 88
88 89
88 92
88 93
88 101
88 103
88 107
89 89
89 96
89 98
89 99
89 107
89 108
90 90
90 91
90 92
90 100
90 101
90 102
90 103
90 106
90 112
91 91
91 92
91 93
91 100
91 101
91 102
91 103
91 104
91 105
91 111
92 92
92 93
92 100
92 101
92 102
92 103
92 104
92 106
92 113
93 93
93 100
93 101
93 102
93 103
93 104
93 113
94 94
94 95
94 97
94 105
94 114
95 95
95 97
95 104
95 105
95 108
95 109
95 110
95 114
95 115
96 96
96 98
96 99
96 107
96 108
96 109
96 110
96 112
96 115
97 97
97 105
97 109
97 114
97 115
98 98
98 99
98 111
98 112
99 99
99 107
99 108
99 111
99 112
99 115
100 100
100 101
100 102
100 113
101 101
101 102
101 103
101 113
102 102
102 103
102 104
102 111
103 103
104 104
104 105
104 108
104 110
104 111
104 115
105 105
105 110
105 114
105 115
106 106
106 107
106 108
106 115
107 107
107 108
107 110
107 115
108 108
108 110
108 115
109 109
110 110
110 115
111 111
111 112
112 112
113 113
114 114
114 115
115 115
