0 0
0 1
0 10
0 11
0 12
0 13
0 15
0 16
0 17
0 19
0 29
0 32
0 56
0 57
0 58
0 59
0 60
0 61
0 62
0 63
0 68
0 72
0 80
0 81
0 84
0 107
1 1
1 10
1 11
1 13
1 15
1 16
1 17
1 19
1 29
1 32
1 52
1 54
1 56
1 57
1 58
1 59
1 60
1 61
1 62
1 63
1 68
1 69
1 72
1 80
1 81
1 84
1 85
1 100
2 2
2 3
2 6
2 18
2 20
2 21
2 22
2 23
2 24
2 25
2 26
2 30
2 31
2 33
2 34
2 35
2 39
2 50
2 64
2 65
2 67
2 82
2 86
2 89
2 90
2 91
2 92
2 93
2 110
2 115
3 3
3 6
3 18
3 20
3 21
3 22
3 23
3 24
3 25
3 30
3 31
3 34
3 35
3 50
3 64
3 65
3 67
3 82
3 86
3 87
3 88
3 89
3 92
3 93
4 4
4 5
4 8
4 9
4 12
4 13
4 14
4 15
4 26
4 27
4 28
4 42
4 43
4 44
4 45
4 46
4 47
4 48
4 49
4 50
4 51
4 66
4 67
4 82
4 98
4 104
4 114
5 5
5 8
5 9
5 13
5 15
5 26
5 27
5 34
5 42
5 43
5 45
5 47
5 48
5 49
5 51
5 90
5 91
5 92
5 104
5 107
5 114
6 6
6 7
6 20
6 21
6 22
6 23
6 24
6 25
6 30
6 31
6 33
6 34
6 35
6 64
6 65
6 67
6 70
6 83
6 90
6 91
6 92
6 93
7 7
7 9
7 11
7 12
7 13
7 15
7 29
7 60
7 61
7 63
7 65
7 70
7 90
7 92
8 8
8 9
8 12
8 14
8 15
8 26
8 27
8 28
8 42
8 43
8 44
8 45
8 46
8 48
8 49
8 50
8 51
8 63
8 66
8 72
8 98
9 9
9 11
9 12
9 13
9 14
9 15
9 26
9 27
9 28
9 29
9 42
9 43
9 44
9 45
9 48
9 49
9 58
9 59
9 61
9 62
9 63
9 72
9 104
9 109
9 114
10 10
10 11
10 12
10 13
10 14
10 15
10 16
10 17
10 19
10 28
10 29
10 56
10 58
10 60
10 61
10 62
10 63
10 72
10 80
10 84
10 88
11 11
11 12
11 13
11 15
11 17
11 19
11 28
11 29
11 52
11 58
11 60
11 61
11 62
11 63
11 72
11 84
12 12
12 13
12 14
12 15
12 16
12 17
12 28
12 29
12 32
12 58
12 59
12 60
12 61
12 62
12 63
12 72
12 95
13 13
13 15
13 16
13 17
13 19
13 28
13 29
13 32
13 56
13 59
13 60
13 61
13 62
13 63
13 72
13 73
13 80
13 95
13 100
13 109
14 14
14 15
14 16
14 28
14 42
14 43
14 44
14 45
14 48
14 49
14 50
14 51
14 58
14 60
14 62
14 66
14 72
14 84
14 88
15 15
15 19
15 28
15 29
15 59
15 60
15 61
15 62
15 63
15 83
16 16
16 17
16 28
16 29
16 32
16 36
16 37
16 40
16 54
16 56
16 57
16 58
16 59
16 62
16 63
16 68
16 69
16 72
16 73
16 78
16 79
16 80
16 81
16 84
16 95
16 100
17 17
17 28
17 29
17 32
17 36
17 37
17 49
17 52
17 54
17 56
17 57
17 59
17 61
17 62
17 63
17 68
17 72
17 73
17 78
17 79
17 80
17 81
17 98
17 99
17 100
17 102
17 106
17 112
18 18
18 19
18 22
18 23
18 24
18 25
18 26
18 82
18 86
18 88
18 89
18 91
18 93
19 19
19 56
19 58
19 59
19 60
19 61
19 63
19 107
20 20
20 21
20 22
20 23
20 24
20 25
20 30
20 31
20 39
20 65
20 70
20 79
20 81
20 83
20 85
20 89
20 93
20 94
21 21
21 22
21 23
21 24
21 25
21 30
21 31
21 36
21 39
21 65
21 69
21 70
21 71
21 85
21 87
21 89
21 93
21 94
21 97
21 113
22 22
22 23
22 24
22 25
22 26
22 30
22 31
22 33
22 34
22 35
22 50
22 64
22 65
22 67
22 82
22 86
22 87
22 89
22 91
22 92
22 93
22 110
23 23
23 24
23 25
23 30
23 31
23 33
23 34
23 35
23 50
23 64
23 65
23 67
23 82
23 83
23 85
23 86
23 87
23 89
23 91
23 92
23 93
24 24
24 25
24 26
24 27
24 30
24 31
24 33
24 34
24 35
24 39
24 40
24 50
24 64
24 65
24 67
24 71
24 82
24 86
24 91
24 92
24 93
24 97
24 110
24 115
25 25
25 30
25 31
25 33
25 34
25 35
25 39
25 64
25 65
25 67
25 71
25 82
25 85
25 86
25 87
25 89
25 92
25 93
25 94
25 97
25 110
25 113
25 115
26 26
26 27
26 33
26 34
26 35
26 42
26 43
26 45
26 47
26 48
26 49
26 50
26 51
26 64
26 65
26 67
26 71
26 75
26 76
26 82
26 90
26 91
26 92
26 110
27 27
27 42
27 43
27 45
27 47
27 50
27 53
27 73
27 75
27 82
27 90
27 91
27 92
27 110
27 114
28 28
28 29
28 32
28 36
28 40
28 46
28 52
28 53
28 54
28 62
28 63
28 72
28 78
28 79
28 80
28 81
28 83
28 84
28 85
28 94
28 95
28 108
29 29
29 32
29 36
29 37
29 41
29 54
29 56
29 57
29 59
29 61
29 62
29 63
29 68
29 72
29 73
29 74
29 78
29 79
29 80
29 81
29 95
29 98
29 99
29 100
29 102
29 109
30 30
30 31
30 33
30 34
30 35
30 64
30 65
30 71
30 82
30 83
30 85
30 87
30 89
30 92
30 93
30 94
30 115
31 31
31 33
31 34
31 35
31 50
31 64
31 65
31 82
31 83
31 85
31 86
31 87
31 92
31 93
31 115
32 32
32 36
32 37
32 40
32 41
32 49
32 54
32 56
32 57
32 59
32 61
32 62
32 63
32 66
32 68
32 72
32 73
32 80
32 81
32 99
32 109
33 33
33 34
33 35
33 45
33 64
33 67
33 82
33 83
34 34
34 35
34 42
34 45
34 47
34 48
34 50
34 64
34 65
34 67
34 82
34 90
34 91
34 92
34 93
34 104
34 105
34 110
35 35
35 39
35 42
35 45
35 50
35 64
35 65
35 67
35 71
35 76
35 77
35 82
35 90
35 91
35 92
35 93
35 96
35 110
35 113
36 36
36 37
36 38
36 39
36 40
36 46
36 54
36 55
36 56
36 57
36 62
36 68
36 72
36 73
36 74
36 78
36 79
36 80
36 81
36 85
36 94
36 96
36 97
36 101
36 102
36 106
37 37
37 40
37 41
37 63
37 68
37 70
37 71
37 72
37 73
37 74
37 75
37 76
37 77
37 95
37 96
37 99
37 100
37 102
37 104
37 109
37 110
37 111
37 113
38 38
38 39
38 42
38 43
38 44
38 46
38 47
38 54
38 55
38 68
38 69
38 79
38 80
38 86
38 94
38 96
38 97
38 98
38 99
38 102
38 103
38 104
38 106
38 108
38 110
38 112
39 39
39 47
39 55
39 69
39 70
39 71
39 76
39 77
39 82
39 94
39 96
39 102
39 103
39 104
39 105
39 110
39 113
40 40
40 41
40 55
40 71
40 72
40 73
40 74
40 76
40 77
40 95
40 96
40 97
40 104
40 110
41 41
41 57
41 63
41 70
41 71
41 72
41 73
41 74
41 75
41 76
41 77
41 100
41 109
41 110
41 111
41 113
42 42
42 43
42 44
42 45
42 46
42 47
42 48
42 49
42 51
42 55
42 76
42 77
42 82
42 90
42 96
42 98
42 99
42 104
42 110
42 111
42 114
43 43
43 44
43 45
43 46
43 47
43 48
43 49
43 50
43 51
43 53
43 55
43 76
43 77
43 82
43 96
43 98
43 99
43 104
43 110
43 111
43 113
43 114
44 44
44 45
44 46
44 47
44 48
44 49
44 51
44 53
44 55
44 66
44 72
44 76
44 96
44 98
44 99
44 103
44 104
44 111
45 45
45 46
45 47
45 48
45 49
45 50
45 51
45 55
45 64
45 66
45 67
45 82
45 90
45 91
45 92
45 98
45 104
45 105
45 110
45 114
46 46
46 47
46 48
46 49
46 51
46 53
46 55
46 78
46 79
46 80
46 96
46 98
46 99
46 104
46 106
46 114
47 47
47 48
47 49
47 51
47 55
47 76
47 77
47 90
47 96
47 98
47 99
47 103
47 104
47 105
47 109
47 110
47 111
47 112
47 114
47 115
48 48
48 49
48 50
48 51
48 55
48 66
48 82
48 98
49 49
49 50
49 51
49 53
49 55
49 59
49 66
49 72
49 98
49 99
49 102
49 103
49 111
49 112
49 114
50 50
50 51
50 52
50 53
50 64
50 65
50 82
50 92
50 93
51 51
51 52
51 53
51 55
51 59
51 66
51 98
51 99
51 111
51 112
51 114
52 52
52 53
52 59
52 61
52 63
52 72
52 73
52 91
52 100
53 53
53 55
53 72
53 73
53 91
53 98
53 99
54 54
54 56
54 57
54 63
54 68
54 69
54 72
54 73
54 74
54 80
54 86
54 96
54 102
54 111
55 55
55 94
55 96
55 98
55 99
55 104
55 106
55 111
55 112
56 56
56 57
56 58
56 59
56 60
56 61
56 62
56 63
56 68
56 69
56 72
56 79
56 80
56 81
56 84
56 85
56 99
56 100
57 57
57 58
57 59
57 60
57 61
57 62
57 63
57 68
57 69
57 72
57 80
57 81
57 84
57 85
57 89
57 100
58 58
58 59
58 60
58 61
58 63
58 65
58 66
58 68
58 88
58 107
59 59
59 60
59 61
59 62
59 63
59 66
59 72
59 98
59 99
59 102
59 112
60 60
60 61
60 62
60 63
60 65
60 88
60 107
61 61
61 63
61 68
61 89
61 100
61 109
62 62
62 63
62 72
62 78
62 80
62 81
62 84
62 85
62 107
63 63
63 68
63 72
63 73
63 80
63 100
63 102
63 109
64 64
64 65
64 67
64 82
64 83
64 87
64 88
64 92
64 93
65 65
65 67
65 70
65 86
65 88
65 89
65 90
65 92
65 93
66 66
66 67
66 96
66 98
66 107
67 67
67 82
67 90
67 91
67 92
67 93
67 104
67 105
67 110
68 68
68 69
68 80
68 81
68 99
68 100
68 111
69 69
69 79
69 80
69 89
69 97
69 100
70 70
70 71
70 73
70 74
70 75
70 76
70 77
70 96
70 109
70 110
70 111
70 113
71 71
71 73
71 74
71 75
71 76
71 77
71 92
71 95
71 104
71 105
71 109
71 110
71 111
71 113
72 72
72 73
72 74
72 75
72 76
72 77
72 78
72 79
72 80
72 95
72 96
72 99
72 102
72 104
72 109
73 73
73 74
73 75
73 76
73 77
73 79
73 91
73 95
73 97
73 99
73 100
73 102
73 103
73 109
73 111
73 112
73 113
74 74
74 75
74 76
74 77
74 96
74 100
74 110
74 111
74 113
75 75
75 76
75 77
75 109
75 110
75 111
75 113
76 76
76 77
76 95
76 96
76 104
76 109
76 110
76 111
77 77
77 95
77 96
77 104
77 109
77 110
77 113
78 78
78 79
78 80
78 81
78 83
78 84
78 85
78 94
78 97
79 79
79 80
79 81
79 84
79 85
80 80
80 81
80 84
80 85
80 94
80 97
80 99
80 106
81 81
81 83
81 84
81 85
81 94
81 97
82 82
82 83
82 86
82 87
82 88
82 91
82 92
82 93
82 94
83 83
83 85
83 94
83 107
84 84
84 85
84 86
84 87
84 88
85 85
85 87
85 89
85 94
86 86
86 87
86 88
86 89
86 93
86 96
87 87
87 88
87 89
88 88
88 94
89 89
90 90
90 91
90 92
90 93
90 98
90 103
90 104
90 105
90 110
90 114
90 115
91 91
91 92
91 93
91 101
91 103
91 104
91 114
92 92
92 93
92 104
92 105
92 110
92 113
92 114
92 115
93 93
93 94
93 101
94 94
94 97
94 101
94 106
94 107
94 108
95 95
95 97
95 109
96 96
96 99
96 102
96 104
96 110
96 111
96 112
96 113
96 115
97 97
97 101
97 110
98 98
98 99
98 102
98 103
98 104
98 111
98 112
99 99
99 101
99 102
99 103
99 104
99 109
99 111
99 112
100 100
100 102
100 103
100 109
100 111
100 113
101 101
101 103
102 102
102 103
102 104
102 106
102 111
102 112
102 113
102 114
103 103
103 104
103 105
103 106
103 109
103 111
103 114
104 104
104 105
104 106
104 109
104 110
104 114
105 105
105 106
105 107
105 109
105 110
105 114
105 115
106 106
106 108
107 107
107 108
108 108
109 109
109 110
109 111
110 110
110 111
110 113
110 114
110 115
111 111
111 112
111 113
111 115
112 112
112 113
113 113
113 114
114 114
114 115
115 115
