0 0
0 1
0 10
0 14
0 16
0 17
0 18
0 20
0 28
0 56
0 57
0 60
0 72
0 74
0 78
0 96
0 99
0 108
0 111
0 114
0 115
1 1
1 10
1 11
1 13
1 16
1 17
1 19
1 56
1 57
1 61
1 63
1 78
1 80
1 90
1 98
2 2
2 4
2 5
2 6
2 8
2 14
2 18
2 22
2 23
2 24
2 25
2 26
2 27
2 38
2 64
2 67
2 82
2 84
2 86
2 88
2 93
3 3
3 4
3 5
3 6
3 7
3 9
3 11
3 13
3 15
3 21
3 22
3 23
3 24
3 25
3 26
3 27
3 30
3 31
3 65
3 83
3 85
3 92
4 4
4 5
4 6
4 7
4 8
4 9
4 12
4 13
4 14
4 15
4 20
4 21
4 22
4 23
4 24
4 25
4 26
4 27
4 30
4 31
4 38
4 53
4 64
4 70
4 71
4 88
5 5
5 6
5 7
5 8
5 9
5 15
5 20
5 21
5 22
5 23
5 24
5 25
5 26
5 27
5 30
5 31
5 38
5 39
5 53
5 64
5 65
5 67
5 85
5 86
5 88
6 6
6 7
6 8
6 12
6 13
6 14
6 15
6 21
6 22
6 23
6 24
6 25
6 26
6 30
6 31
6 64
6 83
7 7
7 9
7 11
7 13
7 23
7 61
7 65
7 85
7 90
7 92
7 104
8 8
8 9
8 12
8 14
8 21
8 22
8 23
8 24
8 25
8 26
8 27
8 30
8 34
8 38
8 40
8 64
8 73
8 86
8 88
8 108
9 9
9 11
9 13
9 15
9 21
9 24
9 25
9 26
9 27
9 41
9 53
9 61
9 65
9 92
10 10
10 11
10 12
10 13
10 14
10 16
10 17
10 28
10 29
10 56
10 58
10 60
10 61
10 72
10 78
10 82
11 11
11 12
11 13
11 15
11 29
11 51
11 52
11 58
11 59
11 61
11 65
11 75
11 90
12 12
12 13
12 14
12 15
12 28
12 29
12 60
12 61
12 70
12 71
12 72
12 75
12 112
13 13
13 15
13 29
13 51
13 58
13 59
13 61
13 65
13 70
13 71
13 75
13 90
13 112
14 14
14 15
14 20
14 21
14 22
14 24
14 26
14 28
14 29
14 30
14 38
14 53
14 64
14 70
14 71
14 73
14 75
14 82
14 84
14 86
14 88
15 15
15 17
15 20
15 21
15 24
15 25
15 26
15 27
15 29
15 30
15 31
15 36
15 37
15 38
15 39
15 41
15 55
15 70
15 71
15 72
15 73
15 74
15 75
15 83
15 95
15 108
16 16
16 17
16 28
16 32
16 33
16 56
16 57
16 60
16 62
16 63
16 72
16 78
16 80
16 81
16 82
16 98
16 99
16 101
16 111
17 17
17 20
17 21
17 28
17 29
17 30
17 31
17 36
17 37
17 41
17 46
17 55
17 56
17 57
17 70
17 71
17 72
17 73
17 74
17 75
17 76
17 77
17 79
17 81
17 94
17 95
17 96
17 97
17 99
17 108
17 109
17 115
18 18
18 19
18 32
18 33
18 58
18 59
18 60
18 62
18 63
18 66
18 83
18 86
18 102
19 19
19 32
19 33
19 48
19 49
19 52
19 54
19 56
19 57
19 59
19 62
19 63
19 66
19 68
19 69
19 80
19 81
19 91
19 93
19 98
19 99
19 100
19 101
19 102
19 103
19 111
20 20
20 21
20 22
20 24
20 25
20 26
20 27
20 29
20 30
20 31
20 36
20 37
20 38
20 39
20 41
20 55
20 70
20 71
20 72
20 73
20 74
20 75
20 82
20 86
20 94
20 95
20 108
21 21
21 22
21 23
21 24
21 25
21 26
21 27
21 29
21 30
21 31
21 36
21 37
21 38
21 39
21 40
21 41
21 70
21 71
21 72
21 73
21 74
21 75
21 108
22 22
22 23
22 24
22 25
22 26
22 27
22 30
22 31
22 34
22 35
22 38
22 53
22 64
22 67
22 70
22 71
22 82
22 84
22 85
22 86
22 88
22 95
23 23
23 24
23 25
23 26
23 27
23 30
23 31
23 34
23 35
23 38
23 64
23 67
23 82
23 84
23 85
23 86
23 88
23 105
24 24
24 25
24 26
24 27
24 29
24 30
24 31
24 34
24 35
24 37
24 38
24 39
24 40
24 41
24 53
24 64
24 67
24 70
24 71
24 73
24 74
24 75
24 84
24 85
24 86
24 88
24 95
24 108
25 25
25 26
25 27
25 30
25 31
25 34
25 35
25 38
25 39
25 41
25 64
25 67
25 71
25 73
25 84
25 85
25 86
25 88
26 26
26 27
26 29
26 30
26 31
26 34
26 37
26 38
26 39
26 41
26 43
26 70
26 71
26 73
26 82
26 84
26 86
26 88
26 108
27 27
27 30
27 31
27 34
27 35
27 37
27 38
27 39
27 41
27 67
27 71
27 73
27 74
27 84
27 85
27 86
27 88
27 108
28 28
28 29
28 36
28 37
28 40
28 55
28 60
28 63
28 70
28 71
28 72
28 73
28 74
28 75
28 76
28 77
28 79
28 81
28 83
28 95
28 96
28 99
28 109
28 111
29 29
29 30
29 31
29 36
29 37
29 38
29 39
29 40
29 41
29 46
29 55
29 70
29 71
29 72
29 73
29 74
29 75
29 76
29 77
29 79
29 83
29 95
29 96
29 97
29 99
29 108
29 109
29 112
30 30
30 31
30 34
30 36
30 37
30 38
30 39
30 40
30 41
30 55
30 64
30 70
30 71
30 72
30 73
30 74
30 75
30 77
30 84
30 85
30 86
30 88
30 95
30 96
30 108
30 109
31 31
31 34
31 36
31 37
31 38
31 39
31 41
31 55
31 70
31 71
31 72
31 73
31 74
31 75
31 77
31 85
31 88
31 94
31 95
31 108
31 109
32 32
32 33
32 44
32 45
32 48
32 56
32 60
32 62
32 63
32 66
32 76
32 80
32 100
32 101
32 102
33 33
33 44
33 45
33 48
33 56
33 60
33 62
33 63
33 66
33 80
33 93
33 98
33 101
33 102
33 111
34 34
34 35
34 45
34 64
34 67
34 84
34 88
34 95
34 114
35 35
35 44
35 45
35 64
35 67
35 84
35 105
35 110
35 114
36 36
36 37
36 38
36 40
36 41
36 54
36 55
36 70
36 71
36 72
36 73
36 74
36 75
36 76
36 77
36 79
36 94
36 95
36 96
36 97
36 99
36 107
36 109
36 112
37 37
37 38
37 39
37 41
37 42
37 43
37 45
37 46
37 55
37 70
37 71
37 72
37 73
37 74
37 75
37 76
37 77
37 79
37 95
37 96
37 97
37 108
37 109
38 38
38 39
38 40
38 41
38 55
38 70
38 71
38 73
38 74
38 75
38 82
38 84
38 86
38 88
38 108
39 39
39 41
39 42
39 55
39 71
39 73
39 83
39 86
40 40
40 41
40 72
40 73
40 74
40 75
40 76
40 94
40 108
41 41
41 43
41 55
41 70
41 71
41 72
41 73
41 74
41 75
41 76
41 78
41 79
41 95
41 97
41 108
41 109
42 42
42 43
42 44
42 45
42 46
42 47
42 49
42 55
42 87
42 96
42 109
43 43
43 44
43 45
43 46
43 47
43 48
43 49
43 55
43 71
43 96
43 97
43 109
44 44
44 45
44 46
44 47
44 48
44 49
44 55
44 96
44 97
44 98
44 109
44 110
44 111
45 45
45 46
45 47
45 48
45 49
45 55
45 67
45 87
45 96
45 98
45 109
45 110
45 111
46 46
46 47
46 49
46 55
46 70
46 71
46 72
46 96
46 109
47 47
47 48
47 49
47 51
47 55
47 96
47 97
47 109
47 110
48 48
48 49
48 51
48 52
48 54
48 58
48 59
48 60
48 61
48 63
48 66
48 68
48 90
48 98
48 100
48 101
48 102
48 104
48 106
48 107
49 49
49 51
49 52
49 54
49 55
49 63
49 96
49 97
49 98
49 104
49 111
50 50
50 51
50 52
50 53
50 85
50 90
50 92
50 105
50 115
51 51
51 52
51 53
51 54
51 58
51 59
51 61
51 66
51 68
51 69
51 90
51 92
51 100
51 104
51 106
52 52
52 53
52 54
52 58
52 59
52 60
52 61
52 62
52 63
52 68
52 90
52 98
52 100
52 101
52 104
52 106
53 53
53 55
53 85
54 54
54 55
54 59
54 63
54 68
54 72
54 89
54 90
54 91
54 94
54 96
54 98
54 104
54 107
55 55
55 70
55 71
55 72
55 73
55 74
55 75
55 76
55 79
55 94
55 95
55 96
55 97
55 98
55 109
56 56
56 57
56 60
56 62
56 63
56 78
56 79
56 80
56 81
56 98
56 99
56 101
56 108
56 111
56 114
56 115
57 57
57 62
57 78
57 79
57 80
57 81
57 87
57 98
57 99
57 102
57 103
57 111
58 58
58 59
58 60
58 61
58 62
58 63
58 66
58 68
58 90
58 91
58 100
58 106
59 59
59 60
59 61
59 62
59 63
59 66
59 68
59 90
59 100
59 102
59 104
59 106
59 107
60 60
60 61
60 62
60 63
60 72
60 74
60 76
60 77
60 79
60 91
60 99
60 112
60 113
61 61
61 63
61 65
61 80
61 90
61 92
61 100
61 104
61 106
61 113
62 62
62 63
62 66
62 76
62 80
62 81
62 90
62 91
62 93
62 98
62 99
62 100
62 101
62 102
62 103
62 106
62 110
62 111
62 113
63 63
63 66
63 72
63 76
63 80
63 90
63 91
63 98
63 99
63 100
63 101
63 102
63 106
63 111
64 64
64 65
64 67
64 84
64 85
64 88
64 110
65 65
65 67
65 85
65 90
65 92
66 66
66 67
66 68
66 69
66 87
66 89
66 90
66 91
66 92
66 93
66 100
66 101
66 102
66 103
66 104
66 106
66 110
67 67
67 69
67 84
67 85
67 86
67 87
67 88
67 92
67 93
67 105
67 110
68 68
68 69
68 89
68 90
68 91
68 102
68 103
69 69
69 80
69 82
69 87
69 89
69 90
69 91
69 92
69 93
69 100
69 101
69 102
69 103
69 104
69 105
69 106
70 70
70 71
70 72
70 73
70 74
70 75
70 76
70 77
70 81
70 83
70 95
70 109
71 71
71 72
71 73
71 74
71 75
71 76
71 77
71 79
71 94
71 95
71 96
71 97
71 108
71 109
72 72
72 73
72 74
72 75
72 76
72 77
72 79
72 81
72 94
72 95
72 96
72 97
72 99
72 108
72 109
72 112
73 73
73 74
73 75
73 76
73 77
73 79
73 81
73 94
73 95
73 96
73 108
73 109
74 74
74 75
74 76
74 77
74 79
74 94
74 95
74 96
74 97
74 108
74 109
75 75
75 76
75 77
75 79
75 94
75 95
75 96
75 97
75 108
75 109
75 112
76 76
76 77
76 79
76 81
76 94
76 95
76 96
76 97
76 99
76 107
76 109
76 112
77 77
77 79
77 81
77 95
77 96
77 97
77 109
77 112
78 78
78 80
78 81
78 99
78 108
78 111
78 114
79 79
79 81
79 94
79 95
79 96
79 97
79 99
79 108
79 109
79 112
80 80
80 81
80 90
80 91
80 92
80 93
80 98
80 99
80 100
80 101
80 102
80 103
80 106
80 111
81 81
81 83
81 93
81 98
81 99
81 101
81 103
81 111
81 115
82 82
82 84
82 86
82 88
82 91
82 93
82 101
82 103
83 83
84 84
84 85
84 86
84 88
84 89
84 93
84 115
85 85
85 88
85 115
86 86
86 88
86 108
86 115
87 87
87 89
87 102
87 103
87 105
87 107
87 110
88 88
88 89
89 89
89 91
89 100
89 102
89 107
90 90
90 91
90 92
90 93
90 100
90 101
90 102
90 103
90 104
90 106
91 91
91 93
91 98
91 99
91 100
91 101
91 102
91 103
91 106
91 107
91 110
91 111
91 112
92 92
92 100
92 103
92 104
92 106
93 93
93 101
93 102
93 103
93 106
93 110
93 111
94 94
94 95
94 96
94 99
94 108
94 109
94 115
95 95
95 96
95 97
95 99
95 108
95 109
95 112
95 114
95 115
96 96
96 97
96 98
96 99
96 107
96 108
96 109
96 111
97 97
97 98
97 99
97 107
97 108
97 109
97 111
97 112
98 98
98 99
98 100
98 101
98 102
98 104
98 106
98 107
98 109
98 111
98 112
98 113
99 99
99 101
99 107
99 109
99 111
99 112
99 113
99 114
99 115
100 100
100 101
100 102
100 103
100 104
100 106
100 107
100 111
101 101
101 102
101 103
101 106
101 110
101 111
102 102
102 103
102 104
102 106
102 107
102 110
102 111
103 103
103 104
103 105
103 111
104 104
104 105
104 106
105 105
105 111
105 114
106 106
106 107
106 110
106 113
107 107
107 111
107 113
108 108
108 109
108 114
108 115
109 109
109 111
110 110
110 111
111 111
111 114
112 112
112 113
113 113
113 114
113 115
114 114
114 115
115 115
