0 0
0 1
0 8
0 10
0 12
0 16
0 43
0 47
0 48
0 49
0 51
0 52
0 54
0 55
0 56
0 57
0 58
0 59
0 60
0 68
0 90
0 91
0 96
0 98
0 99
0 111
0 112
0 115
1 1
1 8
1 10
1 11
1 12
1 13
1 16
1 17
1 19
1 32
1 33
1 56
1 57
1 58
1 59
1 61
1 62
1 63
1 66
1 68
1 80
1 81
1 86
1 104
1 112
2 2
2 3
2 4
2 6
2 7
2 15
2 18
2 22
2 23
2 30
2 31
2 64
2 88
2 107
3 3
3 7
3 11
3 14
3 15
3 18
3 22
3 23
3 24
3 25
3 26
3 27
3 30
3 31
3 64
3 71
3 82
3 83
3 84
3 85
3 86
3 88
3 89
3 92
4 4
4 5
4 6
4 21
4 24
4 26
4 27
4 41
4 88
4 101
4 108
5 5
5 14
5 15
5 20
5 21
5 24
5 25
5 26
5 27
5 39
5 65
5 67
5 71
5 88
5 92
6 6
6 7
6 8
6 13
6 15
6 16
6 17
6 20
6 28
6 29
6 30
6 33
6 58
6 60
6 61
6 62
6 63
6 72
6 101
7 7
7 13
7 15
7 20
7 22
7 23
7 29
7 30
7 31
7 33
7 61
7 65
7 69
7 72
7 83
7 100
7 102
8 8
8 9
8 10
8 12
8 13
8 16
8 17
8 58
8 59
8 60
8 61
8 62
8 63
8 66
8 67
8 72
8 76
8 78
8 79
8 80
8 81
9 9
9 16
9 41
9 48
9 49
9 58
9 59
9 60
9 62
9 65
9 66
9 67
9 69
9 80
9 90
9 101
9 106
9 114
10 10
10 11
10 12
10 16
10 17
10 28
10 56
10 57
10 58
10 60
10 62
10 63
10 68
10 72
10 74
10 75
10 78
10 80
10 81
10 101
11 11
11 12
11 13
11 14
11 17
11 19
11 28
11 29
11 30
11 31
11 32
11 33
11 62
11 63
11 72
11 73
11 74
11 75
11 78
11 79
11 80
11 81
11 83
11 84
11 85
11 86
11 107
12 12
12 13
12 15
12 17
12 20
12 21
12 28
12 29
12 57
12 58
12 59
12 63
12 68
12 72
12 81
12 86
12 101
12 103
13 13
13 15
13 17
13 20
13 21
13 26
13 28
13 29
13 33
13 58
13 59
13 60
13 61
13 62
13 63
13 66
13 72
13 78
13 80
13 86
14 14
14 15
14 18
14 22
14 23
14 24
14 25
14 26
14 27
14 28
14 30
14 31
14 64
14 68
14 71
14 82
14 83
14 85
14 86
14 87
14 88
14 93
15 15
15 20
15 21
15 24
15 25
15 26
15 27
15 61
15 71
15 86
15 87
15 88
15 100
15 104
16 16
16 17
16 48
16 56
16 57
16 58
16 60
16 62
16 63
16 66
16 72
16 78
16 80
16 81
17 17
17 19
17 28
17 29
17 33
17 36
17 40
17 41
17 57
17 60
17 61
17 62
17 63
17 72
17 73
17 74
17 75
17 76
17 78
17 79
17 80
17 81
18 18
18 19
18 22
18 23
18 28
18 30
18 31
18 33
18 64
18 69
18 83
18 85
18 88
18 89
19 19
19 22
19 23
19 31
19 41
19 69
19 73
19 74
19 75
19 76
19 77
19 80
19 81
19 83
19 84
19 85
20 20
20 21
20 24
20 25
20 26
20 27
20 30
20 33
20 59
20 61
20 86
20 87
20 100
20 101
20 102
20 103
20 104
21 21
21 24
21 26
21 27
21 39
21 71
21 86
21 87
22 22
22 23
22 24
22 25
22 26
22 27
22 30
22 31
22 64
22 70
22 71
22 82
22 83
22 84
22 85
22 88
22 89
23 23
23 24
23 25
23 26
23 27
23 30
23 31
23 64
23 69
23 71
23 83
23 84
23 85
23 87
23 88
23 89
23 92
23 102
24 24
24 25
24 26
24 27
24 30
24 31
24 39
24 71
24 88
25 25
25 26
25 27
25 30
25 31
25 35
25 39
25 50
25 65
25 67
25 71
25 86
25 87
25 88
25 92
25 110
26 26
26 27
26 30
26 31
26 39
26 71
26 83
26 86
26 87
26 88
27 27
27 31
27 39
27 50
27 68
27 71
27 86
27 87
27 88
27 92
28 28
28 29
28 30
28 31
28 32
28 33
28 60
28 62
28 63
28 68
28 71
28 72
28 73
28 74
28 75
28 78
28 79
28 80
28 81
28 83
28 84
28 85
28 107
29 29
29 30
29 32
29 33
29 41
29 60
29 61
29 62
29 63
29 69
29 72
29 73
29 74
29 75
29 78
29 79
29 80
29 81
29 83
30 30
30 31
30 33
30 64
30 70
30 71
30 73
30 75
30 83
30 84
30 85
30 86
30 88
31 31
31 33
31 64
31 70
31 71
31 73
31 75
31 77
31 82
31 83
31 84
31 85
31 86
31 88
31 92
32 32
32 33
32 41
32 56
32 60
32 61
32 62
32 63
32 65
32 66
32 68
32 69
32 72
33 33
33 41
33 61
33 62
33 63
33 65
33 66
33 68
33 69
33 72
33 73
33 74
33 75
33 81
33 83
33 86
34 34
34 35
34 37
34 39
34 45
34 64
34 65
34 76
34 77
34 79
34 84
34 94
34 95
34 96
34 97
34 99
34 105
34 108
34 109
34 110
34 114
35 35
35 37
35 39
35 44
35 45
35 65
35 67
35 77
35 92
35 93
35 97
35 108
35 110
36 36
36 37
36 38
36 39
36 40
36 41
36 54
36 55
36 62
36 74
36 76
36 77
36 78
36 79
36 80
36 81
36 82
36 83
36 85
36 89
36 95
36 97
36 98
36 99
36 109
36 115
37 37
37 38
37 39
37 40
37 41
37 42
37 46
37 47
37 51
37 53
37 54
37 55
37 76
37 77
37 78
37 79
37 80
37 81
37 87
37 91
37 94
37 95
37 96
37 97
37 98
37 99
37 105
37 108
37 109
37 110
38 38
38 39
38 40
38 42
38 46
38 53
38 55
38 56
38 76
38 77
38 80
38 82
38 87
38 89
38 94
38 96
38 98
38 99
38 114
39 39
39 40
39 50
39 51
39 52
39 53
39 54
39 55
39 71
39 87
39 94
39 97
39 99
39 105
39 109
39 112
39 114
40 40
40 41
40 62
40 63
40 72
40 74
40 77
40 78
40 79
40 80
40 81
40 82
40 83
40 87
40 100
41 41
41 62
41 63
41 71
41 78
41 79
41 81
41 83
41 100
41 108
42 42
42 43
42 44
42 45
42 46
42 47
42 48
42 49
42 50
42 51
42 52
42 53
42 54
42 55
42 90
42 91
42 94
42 95
42 96
42 97
42 98
42 99
42 104
42 105
42 108
42 109
42 111
42 112
42 113
42 114
42 115
43 43
43 44
43 45
43 46
43 47
43 48
43 49
43 51
43 52
43 53
43 54
43 55
43 90
43 91
43 94
43 96
43 98
43 99
43 104
43 105
43 109
43 111
43 112
43 113
43 114
43 115
44 44
44 45
44 46
44 47
44 48
44 49
44 50
44 51
44 52
44 53
44 54
44 55
44 70
44 90
44 91
44 94
44 95
44 96
44 97
44 98
44 99
44 104
44 105
44 106
44 108
44 109
44 111
44 112
44 113
44 114
44 115
45 45
45 46
45 47
45 48
45 49
45 50
45 51
45 52
45 53
45 55
45 67
45 70
45 91
45 94
45 96
45 97
45 98
45 99
45 105
45 108
45 109
45 110
45 111
45 112
45 114
46 46
46 47
46 48
46 49
46 50
46 51
46 52
46 53
46 54
46 55
46 90
46 91
46 94
46 95
46 96
46 97
46 98
46 99
46 105
46 108
46 109
46 111
46 112
46 113
46 114
46 115
47 47
47 48
47 49
47 50
47 51
47 52
47 53
47 54
47 55
47 90
47 91
47 94
47 95
47 96
47 97
47 98
47 99
47 104
47 105
47 108
47 109
47 110
47 111
47 112
47 113
47 114
47 115
48 48
48 49
48 50
48 51
48 52
48 53
48 54
48 55
48 57
48 58
48 59
48 67
48 90
48 91
48 94
48 96
48 97
48 98
48 99
48 101
48 104
48 105
48 106
48 108
48 109
48 111
48 112
48 113
48 114
48 115
49 49
49 50
49 51
49 52
49 53
49 54
49 55
49 58
49 90
49 91
49 94
49 95
49 96
49 97
49 98
49 99
49 104
49 105
49 106
49 109
49 111
49 112
49 113
49 114
49 115
50 50
50 51
50 52
50 53
50 54
50 55
50 57
50 90
50 91
50 94
50 96
50 97
50 98
50 99
50 105
50 109
50 112
50 114
51 51
51 52
51 53
51 54
51 55
51 58
51 90
51 91
51 94
51 95
51 96
51 97
51 98
51 99
51 104
51 105
51 106
51 109
51 111
51 112
51 113
51 114
51 115
52 52
52 53
52 54
52 55
52 90
52 91
52 94
52 96
52 97
52 98
52 99
52 104
52 105
52 106
52 109
52 112
52 113
52 114
52 115
53 53
53 54
53 55
53 77
53 89
53 90
53 91
53 94
53 95
53 96
53 97
53 98
53 99
53 105
53 106
53 108
53 109
53 111
53 112
53 113
53 114
53 115
54 54
54 55
54 58
54 59
54 89
54 90
54 91
54 94
54 95
54 96
54 97
54 98
54 99
54 104
54 105
54 106
54 111
54 112
54 113
54 114
54 115
55 55
55 89
55 90
55 91
55 94
55 95
55 96
55 97
55 98
55 99
55 105
55 109
55 111
55 112
55 114
55 115
56 56
56 57
56 63
56 68
56 81
56 110
57 57
57 58
57 68
57 86
57 90
57 91
57 110
58 58
58 59
58 60
58 61
58 63
58 65
58 66
58 67
58 90
58 96
58 106
59 59
59 61
59 62
59 63
59 66
59 67
59 90
59 104
59 106
59 112
60 60
60 61
60 62
60 63
60 72
60 78
60 79
60 81
61 61
61 62
61 63
61 72
61 79
61 81
62 62
62 63
62 66
62 72
62 74
62 75
62 78
62 79
62 80
62 81
63 63
63 65
63 66
63 72
63 78
63 79
63 80
63 81
64 64
64 65
64 71
64 84
64 85
64 88
64 89
64 108
65 65
65 66
65 67
65 92
66 66
66 67
66 68
66 69
66 72
67 67
67 69
67 101
67 104
67 106
67 110
68 68
68 69
68 86
69 69
69 86
69 87
69 88
69 100
69 101
69 102
69 103
70 70
70 71
70 97
70 100
70 101
70 102
70 103
70 113
71 71
71 73
71 75
71 77
71 78
71 79
71 83
71 85
71 87
71 88
72 72
72 73
72 74
72 75
72 76
72 78
72 79
72 80
72 81
72 83
73 73
73 74
73 75
73 76
73 77
73 80
73 81
74 74
74 75
74 76
74 77
74 78
74 79
74 80
74 81
74 82
75 75
75 76
75 77
75 81
75 83
76 76
76 77
76 80
76 81
76 95
76 97
76 99
76 109
76 114
77 77
77 79
77 95
77 97
77 99
77 109
77 110
78 78
78 79
78 80
78 81
78 84
78 85
79 79
79 80
79 81
79 83
79 85
80 80
80 81
80 82
81 81
81 83
81 84
81 85
82 82
82 89
82 100
82 102
83 83
83 84
83 85
83 86
83 87
84 84
84 85
84 88
85 85
85 88
85 89
86 86
86 87
86 100
87 87
87 89
87 92
87 104
88 88
88 89
89 89
89 92
90 90
90 91
90 93
90 96
90 98
90 99
90 104
90 105
90 106
90 111
90 112
90 113
90 114
90 115
91 91
91 93
91 94
91 96
91 97
91 98
91 99
91 105
91 106
91 108
91 109
91 110
91 111
91 112
91 113
91 114
92 92
92 93
92 100
92 102
92 108
93 93
93 94
93 103
93 105
93 106
93 107
93 114
94 94
94 95
94 96
94 97
94 98
94 99
94 105
94 109
94 110
94 111
94 112
94 113
94 114
94 115
95 95
95 96
95 97
95 98
95 99
95 105
95 108
95 109
95 111
95 112
95 114
95 115
96 96
96 97
96 98
96 99
96 104
96 105
96 106
96 109
96 110
96 111
96 112
96 113
96 114
96 115
97 97
97 98
97 99
97 105
97 108
97 109
97 110
97 112
97 113
97 114
97 115
98 98
98 99
98 104
98 105
98 109
98 111
98 112
98 113
98 114
98 115
99 99
99 105
99 109
99 111
99 112
99 113
99 114
99 115
100 100
100 101
100 102
100 103
101 101
101 102
101 103
101 104
102 102
102 103
102 104
102 107
103 103
103 104
103 106
103 113
104 104
104 105
104 106
104 107
104 112
104 113
104 114
104 115
105 105
105 109
105 110
105 111
105 112
105 113
105 114
105 115
106 106
106 110
106 113
107 107
108 108
108 109
108 110
109 109
109 110
109 111
109 114
110 110
110 113
110 114
111 111
111 112
111 113
111 114
111 115
112 112
112 113
112 114
112 115
113 113
113 114
113 115
114 114
114 115
115 115
