0 0
0 1
0 10
0 11
0 18
0 56
0 57
0 58
0 62
0 68
0 73
0 76
0 94
0 96
0 115
1 1
1 10
1 11
1 13
1 15
1 16
1 17
1 18
1 28
1 29
1 30
1 32
1 40
1 41
1 56
1 57
1 62
1 63
1 68
1 70
1 72
1 73
1 74
1 75
1 76
1 78
1 79
1 80
2 2
2 3
2 4
2 5
2 6
2 7
2 8
2 9
2 12
2 18
2 19
2 22
2 23
2 58
2 59
2 60
2 66
2 67
2 69
2 89
2 90
2 91
2 92
2 93
2 99
2 101
2 102
2 103
3 3
3 4
3 5
3 6
3 7
3 8
3 9
3 19
3 22
3 23
3 27
3 69
3 89
3 90
3 92
3 111
3 112
4 4
4 5
4 6
4 7
4 8
4 9
4 12
4 14
4 22
4 23
4 24
4 25
4 26
4 27
5 5
5 7
5 8
5 9
5 14
5 21
5 22
5 23
5 24
5 25
5 26
5 27
5 30
5 61
5 81
6 6
6 7
6 8
6 9
6 12
6 13
6 18
6 22
6 23
6 59
6 60
6 89
6 90
6 91
6 92
6 101
7 7
7 8
7 9
7 19
7 22
7 23
7 27
7 33
7 59
7 61
7 89
7 90
7 92
7 100
7 101
7 103
7 111
8 8
8 9
8 12
8 14
8 22
8 23
8 25
8 26
8 27
8 52
8 99
8 101
8 103
9 9
9 12
9 14
9 22
9 23
9 25
9 26
9 27
9 59
9 61
9 89
9 92
9 101
10 10
10 11
10 12
10 13
10 14
10 15
10 17
10 28
10 29
10 41
10 60
10 61
10 62
10 72
10 73
10 74
10 75
10 76
11 11
11 12
11 13
11 15
11 17
11 28
11 29
11 30
11 31
11 40
11 41
11 61
11 62
11 63
11 70
11 72
11 73
11 74
11 75
11 76
11 84
11 85
12 12
12 13
12 15
12 22
12 28
12 29
12 48
12 51
12 60
12 61
13 13
13 15
13 17
13 28
13 29
13 30
13 31
13 32
13 41
13 61
13 63
13 70
13 72
13 73
13 74
13 75
14 14
14 22
14 23
14 24
14 25
14 26
14 27
14 30
14 82
15 15
15 28
15 29
15 30
15 31
15 41
15 61
15 64
15 65
15 72
15 74
15 75
15 82
15 83
15 84
16 16
16 17
16 20
16 21
16 24
16 26
16 28
16 29
16 36
16 40
16 56
16 57
16 63
16 70
16 72
16 73
16 74
16 76
16 77
16 78
16 79
16 80
16 81
16 84
17 17
17 20
17 28
17 29
17 30
17 31
17 40
17 46
17 54
17 56
17 57
17 62
17 63
17 70
17 72
17 73
17 74
17 75
17 76
17 78
17 79
17 80
17 81
17 84
17 107
17 113
18 18
18 19
18 32
18 62
18 63
18 68
18 75
18 94
18 106
19 19
19 23
19 33
19 34
19 35
19 45
19 47
19 49
19 58
19 59
19 66
19 67
19 69
19 83
19 90
19 91
19 92
19 93
19 94
19 97
19 101
19 103
19 105
19 111
19 114
20 20
20 21
20 24
20 25
20 26
20 27
20 28
20 29
20 30
20 31
20 36
20 37
20 38
20 39
20 40
20 54
20 56
20 57
20 72
20 73
20 74
20 76
20 78
20 79
20 80
20 84
20 86
20 87
20 88
20 96
20 113
21 21
21 24
21 25
21 26
21 27
21 29
21 30
21 31
21 37
21 39
21 40
21 54
21 56
21 57
21 61
21 65
21 72
21 73
21 74
21 76
21 78
21 84
21 96
21 104
21 113
21 115
22 22
22 23
22 24
22 25
22 26
22 27
22 30
22 31
22 57
22 81
22 85
22 92
22 107
23 23
23 25
23 27
23 31
23 35
23 67
23 89
23 90
23 91
23 92
23 93
23 101
23 112
24 24
24 25
24 26
24 27
24 28
24 29
24 30
24 31
24 57
24 72
24 73
24 74
24 78
24 80
24 81
24 84
24 96
24 104
24 113
25 25
25 26
25 27
25 29
25 30
25 31
25 81
26 26
26 27
26 30
26 54
26 56
26 57
26 73
26 84
26 85
26 96
26 104
26 106
26 114
26 115
27 27
27 30
27 57
27 81
27 104
27 114
28 28
28 29
28 30
28 31
28 32
28 33
28 36
28 40
28 41
28 46
28 57
28 61
28 62
28 63
28 70
28 71
28 72
28 73
28 74
28 75
28 76
28 78
28 79
28 80
28 81
28 84
29 29
29 30
29 31
29 32
29 33
29 40
29 41
29 46
29 54
29 57
29 61
29 62
29 63
29 70
29 72
29 73
29 74
29 75
29 76
29 78
29 79
29 80
29 81
29 96
29 100
29 113
30 30
30 31
30 32
30 33
30 40
30 41
30 57
30 61
30 63
30 70
30 71
30 72
30 73
30 74
30 75
30 76
30 78
30 79
30 81
30 113
31 31
31 32
31 33
31 40
31 41
31 61
31 72
31 73
31 74
31 75
31 113
32 32
32 33
32 40
32 41
32 55
32 62
32 63
32 72
32 75
33 33
33 75
34 34
34 35
34 44
34 45
34 47
34 49
34 50
34 58
34 59
34 64
34 65
34 66
34 67
34 83
34 88
34 91
34 93
34 99
34 101
34 103
34 105
34 107
34 108
34 110
35 35
35 44
35 45
35 47
35 48
35 49
35 50
35 58
35 59
35 66
35 67
35 69
35 77
35 83
35 90
35 91
35 93
35 95
35 105
35 108
35 110
35 111
36 36
36 37
36 38
36 39
36 40
36 41
36 42
36 43
36 54
36 55
36 70
36 71
36 72
36 73
36 74
36 75
36 76
36 77
36 80
36 82
36 83
36 84
36 86
36 87
36 106
37 37
37 38
37 39
37 40
37 41
37 43
37 44
37 47
37 54
37 55
37 65
37 71
37 75
37 76
37 77
37 86
37 87
37 96
37 109
37 110
38 38
38 39
38 40
38 42
38 43
38 44
38 54
38 55
38 75
38 76
38 77
38 82
38 83
38 86
38 87
38 88
38 97
39 39
39 40
39 41
39 43
39 54
39 55
39 65
39 70
39 72
39 73
39 74
39 75
39 76
39 77
39 86
39 87
39 88
40 40
40 41
40 44
40 54
40 55
40 62
40 63
40 70
40 72
40 73
40 74
40 75
40 76
40 77
40 78
40 79
40 80
40 81
40 82
40 83
40 84
40 85
40 87
41 41
41 62
41 63
41 70
41 71
41 72
41 73
41 74
41 75
41 76
41 77
41 82
41 83
41 96
42 42
42 43
42 44
42 46
42 47
42 50
42 51
42 52
42 53
42 54
42 72
42 73
42 76
42 77
42 78
42 79
42 80
42 84
42 109
43 43
43 44
43 46
43 47
43 51
43 53
43 55
43 76
43 77
43 78
43 80
43 81
43 85
43 109
44 44
44 45
44 46
44 47
44 48
44 49
44 50
44 55
44 65
44 66
44 67
44 77
44 78
44 109
44 110
45 45
45 47
45 48
45 49
45 50
45 51
45 58
45 59
45 66
45 67
45 69
45 77
45 90
45 91
45 94
45 98
45 105
45 108
45 110
45 111
46 46
46 47
46 50
46 52
46 53
46 54
46 57
46 63
46 72
46 73
46 74
46 76
46 78
46 79
46 80
46 96
46 98
46 109
46 111
46 112
47 47
47 49
47 53
47 59
47 66
47 67
47 69
47 77
47 90
47 91
47 93
47 95
47 97
47 98
47 99
47 102
47 103
47 104
47 105
47 108
47 109
47 110
47 111
47 112
47 114
47 115
48 48
48 49
48 50
48 51
48 52
48 58
48 59
48 60
48 66
48 67
48 88
48 91
48 98
48 99
48 110
49 49
49 50
49 51
49 52
49 53
49 58
49 59
49 66
49 67
49 69
49 90
49 91
49 98
49 99
49 108
49 110
49 111
50 50
50 51
50 52
50 58
50 64
50 65
50 66
50 67
50 77
50 88
50 110
51 51
51 52
51 58
51 59
51 95
52 52
52 53
52 54
52 56
52 69
52 90
52 98
52 99
52 103
52 105
52 111
53 53
53 54
53 55
53 98
53 99
53 111
53 112
53 113
54 54
54 55
54 56
54 57
54 72
54 73
54 74
54 76
54 78
54 79
54 80
54 84
54 86
54 87
54 88
54 96
54 109
54 115
55 55
55 75
55 76
55 77
55 87
55 95
55 96
55 97
56 56
56 57
56 73
56 74
56 76
56 78
56 79
56 84
56 94
56 96
56 98
56 99
56 104
56 105
56 115
57 57
57 63
57 68
57 72
57 73
57 74
57 76
57 78
57 79
57 80
57 84
57 87
57 96
57 98
57 104
58 58
58 59
58 60
58 65
58 66
58 67
58 69
58 88
58 89
58 90
58 91
58 93
58 98
58 99
58 101
58 102
58 103
58 108
59 59
59 60
59 61
59 66
59 67
59 69
59 89
59 90
59 91
59 93
59 95
59 98
59 99
59 103
59 108
59 111
60 60
60 61
60 62
60 64
60 66
60 88
60 91
60 93
61 61
61 62
61 63
61 72
61 73
61 74
62 62
62 63
62 70
62 72
62 73
62 74
62 75
62 76
62 77
62 79
63 63
63 70
63 72
63 73
63 74
63 75
63 76
63 78
63 79
63 80
63 81
64 64
64 65
64 82
64 83
64 84
64 85
64 88
64 91
64 93
64 107
65 65
65 66
65 67
65 82
65 84
65 86
65 88
65 89
66 66
66 67
66 69
66 88
66 89
66 90
66 91
66 93
66 95
66 98
66 99
66 101
66 103
66 104
66 105
66 108
66 110
66 111
66 115
67 67
67 69
67 88
67 89
67 90
67 91
67 93
67 95
67 99
67 101
67 103
67 104
67 105
67 108
67 110
67 111
67 115
68 68
68 69
68 73
68 75
68 77
68 79
68 86
68 94
68 97
68 106
69 69
69 77
69 90
69 91
69 93
69 94
69 97
69 110
69 111
70 70
70 71
70 72
70 73
70 74
70 75
70 76
70 77
70 79
70 80
70 84
70 87
71 71
71 72
71 73
71 74
71 75
71 76
71 77
72 72
72 73
72 74
72 75
72 76
72 77
72 78
72 79
72 80
72 81
72 84
72 87
73 73
73 74
73 75
73 76
73 77
73 78
73 79
73 80
73 84
73 87
74 74
74 75
74 76
74 77
74 78
74 79
74 80
74 81
74 84
74 87
75 75
75 76
75 77
75 78
75 79
75 80
75 83
75 87
76 76
76 77
76 78
76 79
76 80
76 84
76 86
76 87
77 77
77 79
77 82
77 83
77 86
77 87
77 88
77 97
77 110
78 78
78 79
78 80
78 81
78 84
78 85
78 87
78 106
78 109
78 113
79 79
79 80
79 81
79 84
79 87
79 109
80 80
80 81
80 84
80 85
80 87
80 109
81 81
81 85
81 112
81 113
82 82
82 83
82 84
82 86
82 87
82 94
83 83
83 86
83 87
83 88
83 94
83 114
84 84
84 85
84 86
84 87
84 88
85 85
86 86
86 87
86 88
86 110
86 115
87 87
87 88
87 109
88 88
88 89
88 91
88 95
88 97
88 99
88 108
88 109
88 110
88 115
89 89
89 91
89 99
90 90
90 91
90 92
90 93
90 98
90 99
90 100
90 101
90 102
90 103
90 104
90 105
90 107
90 108
90 110
90 111
90 112
91 91
91 92
91 93
91 95
91 98
91 99
91 101
91 102
91 103
91 104
91 105
91 108
91 110
91 111
91 115
92 92
92 93
92 98
92 100
92 101
92 102
92 103
92 111
92 113
93 93
93 98
93 99
93 100
93 101
93 102
93 103
93 105
93 107
93 110
93 111
93 113
93 114
94 94
94 96
94 97
94 104
94 105
94 106
94 114
94 115
95 95
95 97
95 99
95 108
95 109
95 110
96 96
96 97
96 98
96 102
96 104
96 105
96 106
96 110
96 113
96 114
96 115
97 97
97 98
97 99
97 103
97 104
97 105
97 106
97 108
97 109
97 110
97 114
97 115
98 98
98 99
98 100
98 101
98 102
98 103
98 104
98 105
98 108
98 110
98 111
98 113
98 115
99 99
99 101
99 102
99 103
99 104
99 105
99 108
99 110
99 111
99 113
99 114
99 115
100 100
100 101
100 102
100 103
100 104
100 107
100 113
101 101
101 102
101 103
101 104
101 105
101 107
101 108
101 113
101 114
102 102
102 103
102 104
102 105
102 107
102 113
102 114
103 103
103 104
103 105
103 107
103 108
103 110
103 111
103 113
103 114
103 115
104 104
104 105
104 106
104 107
104 108
104 110
104 113
104 114
104 115
105 105
105 106
105 108
105 110
105 111
105 114
105 115
106 106
106 107
106 114
106 115
107 107
107 113
107 114
108 108
108 109
108 110
108 111
108 113
108 114
108 115
109 109
109 110
110 110
110 111
110 115
111 111
111 112
111 113
112 112
112 113
113 113
113 114
114 114
114 115
115 115
