0 0
0 1
0 6
0 7
0 10
0 11
0 12
0 13
0 18
0 24
0 48
0 51
0 52
0 58
0 59
0 60
0 61
0 66
0 91
0 93
0 100
0 101
1 1
1 3
1 4
1 6
1 8
1 9
1 14
1 19
1 24
1 47
1 51
1 59
1 61
1 68
1 69
1 89
1 90
1 91
1 98
1 100
1 102
2 2
2 3
2 4
2 5
2 6
2 7
2 8
2 9
2 18
2 22
2 23
2 27
2 35
2 50
2 65
2 66
2 67
2 86
2 90
2 91
2 92
2 93
2 101
2 104
2 105
3 3
3 4
3 5
3 6
3 7
3 8
3 9
3 14
3 18
3 19
3 22
3 23
3 24
3 25
3 26
3 27
3 35
3 65
3 67
3 68
3 69
3 82
3 87
3 88
3 89
3 90
3 91
3 92
3 93
3 101
3 103
4 4
4 5
4 6
4 7
4 8
4 9
4 14
4 15
4 18
4 22
4 23
4 24
4 25
4 26
4 35
4 51
4 59
4 65
4 67
4 68
4 69
4 90
4 91
4 92
4 93
5 5
5 6
5 7
5 8
5 9
5 18
5 22
5 23
5 24
5 25
5 26
5 27
5 35
5 65
5 67
5 68
5 69
5 90
5 91
5 92
5 93
5 101
5 103
5 104
5 105
5 106
6 6
6 7
6 8
6 9
6 12
6 13
6 18
6 35
6 59
6 61
6 66
6 67
6 90
6 91
6 92
6 93
6 100
6 101
6 103
6 104
7 7
7 8
7 9
7 18
7 24
7 35
7 65
7 66
7 67
7 90
7 91
7 92
7 93
7 101
7 103
7 104
8 8
8 9
8 14
8 18
8 19
8 24
8 59
8 61
8 65
8 67
8 68
8 69
8 90
8 91
8 92
8 93
9 9
9 18
9 19
9 24
9 35
9 59
9 61
9 65
9 67
9 68
9 69
9 90
9 91
9 92
9 93
10 10
10 11
10 12
10 13
10 14
10 15
10 16
10 17
10 28
10 36
10 38
10 52
10 53
10 54
10 55
10 88
11 11
11 12
11 13
11 16
11 17
11 28
11 29
11 30
11 32
11 33
11 36
11 40
11 46
11 61
11 63
11 71
11 72
11 73
11 74
11 75
11 76
11 78
11 79
11 80
11 81
11 86
12 12
12 13
12 16
12 17
12 28
12 29
12 32
12 36
12 38
12 52
12 54
12 55
12 58
12 59
12 60
12 61
12 63
12 66
12 72
12 78
12 79
12 99
13 13
13 16
13 17
13 28
13 29
13 30
13 32
13 33
13 46
13 52
13 53
13 54
13 58
13 60
13 61
13 63
13 66
13 70
13 72
13 73
13 78
13 80
13 81
13 98
13 100
14 14
14 15
14 19
14 22
14 24
14 26
14 59
14 64
14 65
14 88
14 89
14 90
14 91
14 92
14 93
14 103
15 15
15 19
15 33
15 40
15 53
15 61
15 65
15 68
15 71
15 88
16 16
16 17
16 28
16 29
16 32
16 33
16 36
16 40
16 54
16 56
16 57
16 63
16 72
16 73
16 74
16 76
16 78
16 79
16 80
16 81
16 99
17 17
17 28
17 29
17 30
17 32
17 33
17 36
17 40
17 41
17 46
17 54
17 56
17 57
17 60
17 61
17 63
17 72
17 73
17 74
17 75
17 76
17 78
17 79
17 80
17 81
17 98
17 99
17 112
18 18
18 19
18 24
18 58
18 59
18 60
18 66
18 67
18 68
18 69
18 90
18 91
18 93
18 101
18 108
18 115
19 19
19 22
19 23
19 33
19 47
19 57
19 68
19 69
19 83
19 90
19 91
20 20
20 21
20 22
20 23
20 25
20 27
20 29
20 30
20 31
20 40
20 41
20 50
20 64
20 70
20 71
20 73
20 74
20 75
20 79
20 84
20 85
20 86
20 87
20 88
20 89
20 102
21 21
21 22
21 23
21 25
21 26
21 27
21 31
21 33
21 34
21 35
21 37
21 40
21 41
21 42
21 43
21 44
21 46
21 47
21 50
21 64
21 71
21 82
21 84
21 85
21 86
21 87
21 88
21 89
21 96
21 98
21 110
22 22
22 23
22 25
22 26
22 27
22 35
22 50
22 65
22 67
22 82
22 84
22 85
22 86
22 87
22 88
22 89
22 90
22 91
22 92
22 93
22 101
22 102
22 103
22 110
23 23
23 25
23 26
23 27
23 31
23 35
23 43
23 45
23 47
23 50
23 65
23 67
23 71
23 85
23 86
23 87
23 88
23 89
23 90
23 91
23 92
23 93
23 101
23 102
23 103
23 110
24 24
24 25
24 26
24 27
24 50
24 51
24 59
24 67
24 69
24 90
24 91
24 92
24 93
25 25
25 26
25 27
25 35
25 45
25 50
25 65
25 67
25 69
25 84
25 85
25 87
25 88
25 89
25 90
25 91
25 92
25 93
25 102
25 103
25 106
26 26
26 27
26 35
26 50
26 51
26 53
26 67
26 82
26 87
26 88
26 89
26 90
26 91
26 92
26 93
26 100
26 101
26 102
26 103
26 110
27 27
27 35
27 43
27 45
27 50
27 65
27 67
27 83
27 85
27 86
27 87
27 88
27 89
27 90
27 91
27 92
27 93
27 101
27 102
27 103
27 110
28 28
28 29
28 30
28 31
28 32
28 33
28 36
28 40
28 41
28 42
28 44
28 46
28 56
28 60
28 61
28 63
28 70
28 71
28 72
28 73
28 74
28 75
28 76
28 78
28 79
28 80
28 81
28 83
29 29
29 30
29 31
29 32
29 33
29 36
29 37
29 40
29 41
29 44
29 46
29 58
29 60
29 61
29 62
29 63
29 70
29 71
29 72
29 73
29 74
29 75
29 76
29 77
29 78
29 79
29 80
29 81
29 112
30 30
30 31
30 33
30 36
30 37
30 40
30 41
30 64
30 70
30 71
30 72
30 73
30 74
30 75
30 76
30 77
30 78
30 79
30 81
30 104
31 31
31 33
31 34
31 37
31 40
31 41
31 42
31 43
31 44
31 64
31 65
31 70
31 71
31 72
31 73
31 74
31 75
31 77
31 79
31 81
31 84
31 85
31 86
32 32
32 33
32 36
32 40
32 57
32 58
32 60
32 61
32 62
32 63
32 66
32 72
32 73
32 74
32 75
32 76
32 78
32 79
32 81
32 83
32 98
33 33
33 40
33 41
33 57
33 61
33 63
33 71
33 72
33 73
33 74
33 75
33 76
33 77
33 78
33 79
33 80
33 81
33 98
34 34
34 35
34 44
34 47
34 48
34 54
34 55
34 71
34 98
34 110
35 35
35 45
35 47
35 48
35 53
35 65
35 67
35 88
35 89
35 90
35 91
35 93
35 110
36 36
36 37
36 38
36 39
36 40
36 41
36 54
36 55
36 56
36 63
36 72
36 73
36 74
36 75
36 76
36 77
36 78
36 79
36 80
36 81
36 94
36 95
36 96
36 97
36 99
36 105
36 107
36 109
36 112
36 113
36 115
37 37
37 38
37 39
37 40
37 41
37 54
37 55
37 71
37 72
37 73
37 74
37 75
37 76
37 77
37 78
37 79
37 80
37 81
37 87
37 96
37 99
37 110
37 111
37 112
37 113
38 38
38 39
38 54
38 55
38 60
38 76
38 79
38 94
38 95
38 96
38 97
38 99
38 107
38 108
38 109
38 110
38 111
38 115
39 39
39 46
39 54
39 55
39 94
39 95
39 96
39 97
39 99
39 105
39 106
39 107
39 108
39 109
39 110
39 111
39 112
39 114
39 115
40 40
40 41
40 42
40 44
40 46
40 71
40 72
40 73
40 74
40 75
40 76
40 77
40 78
40 79
40 80
40 81
40 84
41 41
41 71
41 72
41 73
41 74
41 75
41 76
41 78
41 79
41 80
41 81
41 83
42 42
42 43
42 44
42 45
42 46
42 47
42 48
42 49
42 71
42 76
42 77
42 79
42 81
42 84
42 112
43 43
43 44
43 45
43 46
43 47
43 48
43 49
43 51
43 65
43 71
43 77
44 44
44 45
44 46
44 47
44 48
44 49
44 51
44 63
44 72
44 74
44 76
44 77
44 81
44 98
44 112
45 45
45 47
45 49
45 51
45 65
45 67
46 46
46 47
46 48
46 49
46 51
46 52
46 53
46 54
46 55
46 63
46 72
46 73
46 74
46 76
46 77
46 79
46 81
46 96
46 98
46 100
46 109
46 110
46 112
47 47
47 48
47 49
47 51
47 65
47 71
47 98
47 110
48 48
48 49
48 51
48 52
48 53
48 54
48 58
48 66
48 98
49 49
49 51
49 98
50 50
50 67
50 85
50 86
50 87
50 91
50 92
50 93
50 104
50 110
51 51
51 52
51 53
51 59
51 93
51 100
52 52
52 53
52 54
52 58
52 60
52 70
52 89
52 99
52 100
53 53
53 61
53 89
53 100
54 54
54 55
54 56
54 60
54 86
54 96
54 98
54 99
54 109
54 110
55 55
55 94
55 95
55 96
55 97
55 98
55 99
55 107
55 108
55 109
55 110
55 111
55 115
56 56
56 57
56 62
56 63
56 76
56 77
56 78
56 80
56 81
56 96
56 99
56 111
57 57
57 63
57 68
57 76
57 78
57 79
57 80
57 81
57 96
58 58
58 59
58 60
58 61
58 63
58 66
58 101
59 59
59 60
59 61
59 63
59 66
59 68
59 69
59 100
59 115
60 60
60 61
60 62
60 63
60 66
60 72
60 75
60 99
61 61
61 63
61 72
61 100
62 62
62 63
62 72
62 74
62 75
62 78
62 80
62 81
62 83
62 94
62 95
62 97
62 99
62 109
63 63
63 72
63 73
63 74
63 75
63 76
63 78
63 79
63 80
63 81
63 99
63 100
63 109
63 111
63 112
64 64
64 65
64 71
64 75
64 84
64 85
64 88
65 65
65 67
65 88
65 89
65 90
65 91
65 92
65 104
66 66
66 67
66 68
67 67
67 68
67 69
67 90
67 91
67 92
67 93
67 104
68 68
68 69
68 90
68 91
68 101
68 102
69 69
69 90
69 91
69 92
69 93
69 102
70 70
70 71
70 72
70 73
70 74
70 75
70 76
70 77
70 86
70 87
70 89
70 101
70 102
70 103
70 113
71 71
71 72
71 73
71 74
71 75
71 76
71 77
71 81
71 84
71 86
71 87
71 88
72 72
72 73
72 74
72 75
72 76
72 77
72 78
72 79
72 80
72 81
73 73
73 74
73 75
73 76
73 77
73 78
73 79
73 80
73 81
73 84
73 112
74 74
74 75
74 76
74 77
74 78
74 79
74 80
74 81
74 83
74 84
75 75
75 76
75 77
75 78
75 79
75 80
75 81
75 84
75 113
76 76
76 77
76 78
76 79
76 80
76 81
76 96
76 109
76 111
76 112
77 77
77 78
77 79
77 81
77 94
77 95
77 96
77 109
77 113
77 114
78 78
78 79
78 80
78 81
78 96
78 99
78 107
78 111
78 112
78 113
79 79
79 80
79 81
79 84
79 96
79 107
79 111
79 112
80 80
80 81
80 82
80 84
80 96
80 111
81 81
81 83
81 84
81 96
81 111
81 112
82 82
82 83
82 84
82 86
82 87
83 83
83 85
83 87
83 98
84 84
84 85
84 86
84 87
84 88
84 110
85 85
85 86
85 87
85 89
86 86
86 87
86 88
86 89
86 90
86 91
87 87
87 88
87 89
87 90
87 92
87 102
87 103
87 110
88 88
88 89
88 90
88 91
88 93
88 102
88 103
88 110
89 89
89 90
89 91
89 92
89 93
89 100
89 101
89 102
89 103
90 90
90 91
90 92
90 93
90 98
90 100
90 101
90 102
90 103
91 91
91 92
91 93
91 101
91 102
91 103
91 104
92 92
92 93
92 101
92 102
92 103
92 104
93 93
93 100
93 101
93 103
93 104
94 94
94 95
94 96
94 97
94 105
94 106
94 107
94 108
94 109
94 111
94 112
94 113
94 114
94 115
95 95
95 96
95 97
95 105
95 106
95 107
95 108
95 109
95 111
95 112
95 113
95 114
95 115
96 96
96 97
96 99
96 107
96 108
96 109
96 110
96 111
96 112
96 113
97 97
97 99
97 105
97 106
97 107
97 108
97 109
97 111
97 112
97 113
97 114
97 115
98 98
98 99
98 100
98 102
99 99
99 100
99 109
99 110
99 111
100 100
100 101
100 102
100 103
100 111
101 101
101 102
101 103
102 102
102 103
102 104
103 103
103 104
104 104
104 105
105 105
105 106
105 107
105 108
105 109
105 113
105 114
105 115
106 106
106 107
106 108
106 109
106 111
106 113
106 114
106 115
107 107
107 108
107 109
107 111
107 112
107 114
107 115
108 108
108 109
108 111
108 112
108 113
108 114
108 115
109 109
109 111
109 112
109 113
109 114
109 115
110 110
110 111
111 111
111 112
111 114
111 115
112 112
112 114
112 115
113 113
113 114
113 115
114 114
114 115
115 115
