0 0
0 2
0 6
0 10
0 16
0 18
0 32
0 56
0 60
0 62
1 1
1 3
1 5
1 7
1 9
1 15
1 18
1 19
1 24
1 25
1 26
1 27
1 32
1 33
1 48
1 57
1 59
1 68
1 69
1 83
2 2
2 3
2 4
2 6
2 7
2 8
2 9
2 12
2 14
2 18
2 19
2 22
2 23
2 24
2 25
2 26
2 30
2 31
2 32
2 33
2 68
2 70
2 71
3 3
3 4
3 5
3 6
3 7
3 8
3 9
3 13
3 14
3 15
3 18
3 19
3 20
3 21
3 22
3 23
3 24
3 25
3 26
3 27
3 30
3 31
3 32
3 33
3 45
3 49
3 68
3 70
3 71
3 92
4 4
4 5
4 6
4 8
4 9
4 12
4 14
4 15
4 18
4 19
4 20
4 21
4 22
4 23
4 24
4 25
4 26
4 27
4 30
4 31
4 68
4 70
4 71
4 82
4 86
4 93
4 101
5 5
5 7
5 8
5 9
5 14
5 15
5 18
5 19
5 20
5 21
5 22
5 23
5 24
5 25
5 26
5 27
5 30
5 31
5 33
5 68
5 69
5 71
6 6
6 8
6 10
6 12
6 14
6 18
6 22
6 23
6 28
6 30
6 31
6 70
6 72
6 91
6 93
6 101
7 7
7 9
7 11
7 13
7 15
7 18
7 19
7 21
7 22
7 23
7 24
7 25
7 27
7 30
7 31
7 32
7 33
7 45
7 49
7 71
7 92
8 8
8 9
8 12
8 14
8 15
8 18
8 19
8 20
8 21
8 22
8 23
8 24
8 25
8 26
8 27
8 30
8 31
8 68
8 70
8 71
8 82
8 86
8 101
8 103
9 9
9 13
9 14
9 15
9 18
9 19
9 20
9 21
9 22
9 23
9 24
9 25
9 26
9 27
9 30
9 31
9 68
9 71
9 73
9 87
10 10
10 12
10 16
10 28
10 36
10 40
10 70
10 72
10 74
10 78
10 80
10 82
10 89
10 91
10 93
11 11
11 13
11 15
11 17
11 29
11 41
11 71
11 73
11 75
11 81
11 83
11 87
12 12
12 14
12 20
12 21
12 22
12 23
12 26
12 27
12 28
12 30
12 31
12 40
12 70
12 71
12 72
12 74
12 82
12 86
12 93
12 101
13 13
13 15
13 17
13 21
13 29
13 30
13 31
13 41
13 71
13 73
13 75
13 83
13 87
14 14
14 15
14 18
14 19
14 20
14 21
14 22
14 23
14 24
14 25
14 26
14 27
14 28
14 30
14 31
14 40
14 68
14 70
14 71
14 72
14 74
14 82
14 86
15 15
15 17
15 20
15 21
15 23
15 24
15 25
15 26
15 27
15 29
15 30
15 31
15 41
15 57
15 71
15 73
15 75
15 83
15 87
16 16
16 28
16 34
16 36
16 37
16 38
16 40
16 54
16 55
16 56
16 60
16 62
16 72
16 74
16 76
16 78
16 79
16 80
16 81
16 84
16 85
16 88
16 89
16 94
16 95
16 96
16 97
16 109
17 17
17 29
17 37
17 39
17 41
17 57
17 61
17 62
17 63
17 64
17 73
17 79
17 80
17 81
17 83
17 84
17 85
17 87
17 88
17 89
18 18
18 19
18 22
18 23
18 24
18 25
18 26
18 30
18 31
18 32
18 33
18 45
18 68
18 69
18 71
19 19
19 22
19 23
19 24
19 25
19 26
19 27
19 30
19 31
19 32
19 33
19 44
19 45
19 49
19 57
19 68
19 69
19 71
20 20
20 21
20 22
20 23
20 24
20 25
20 26
20 27
20 28
20 30
20 31
20 40
20 41
20 70
20 71
20 72
20 73
20 74
20 75
20 82
20 86
20 101
21 21
21 22
21 23
21 24
21 25
21 26
21 27
21 28
21 29
21 30
21 31
21 41
21 70
21 71
21 72
21 73
21 74
21 75
21 82
21 86
21 101
22 22
22 23
22 24
22 25
22 26
22 27
22 30
22 31
22 32
22 33
22 68
22 70
22 71
23 23
23 24
23 25
23 26
23 27
23 30
23 31
23 32
23 33
23 45
23 68
23 70
23 71
24 24
24 25
24 26
24 27
24 30
24 31
24 33
24 68
24 69
24 71
24 86
25 25
25 26
25 27
25 30
25 31
25 68
25 69
25 70
25 71
25 73
25 86
26 26
26 27
26 30
26 31
26 68
26 69
26 70
26 71
26 86
27 27
27 30
27 31
27 68
27 69
27 70
27 71
27 86
28 28
28 36
28 38
28 40
28 70
28 72
28 74
28 76
28 78
28 80
28 82
28 84
28 101
29 29
29 37
29 39
29 41
29 57
29 63
29 71
29 73
29 75
29 79
29 81
29 83
29 87
30 30
30 31
30 33
30 68
30 70
30 71
30 72
30 73
30 75
30 93
30 101
30 112
31 31
31 32
31 33
31 70
31 71
31 73
31 75
31 92
32 32
32 33
32 43
32 44
32 45
32 47
32 49
32 68
32 69
32 71
32 77
33 33
33 43
33 44
33 45
33 47
33 49
33 68
33 69
33 70
33 71
33 77
34 34
34 35
34 36
34 37
34 38
34 39
34 40
34 50
34 54
34 58
34 60
34 62
34 64
34 66
34 67
34 69
34 76
34 77
34 78
34 79
34 80
34 84
34 88
34 94
34 95
34 96
34 97
34 108
34 109
34 110
35 35
35 36
35 37
35 38
35 39
35 40
35 50
35 54
35 58
35 59
35 60
35 62
35 64
35 66
35 67
35 69
35 76
35 77
35 78
35 80
35 84
35 88
35 94
35 95
35 96
35 108
35 109
35 110
36 36
36 37
36 38
36 39
36 40
36 41
36 54
36 58
36 60
36 61
36 62
36 64
36 66
36 67
36 72
36 74
36 76
36 77
36 78
36 79
36 80
36 81
36 84
36 88
36 94
36 95
36 96
36 108
36 109
37 37
37 38
37 39
37 40
37 41
37 54
37 61
37 62
37 63
37 64
37 73
37 74
37 75
37 76
37 77
37 78
37 79
37 80
37 81
37 83
37 84
37 85
37 87
37 88
37 89
37 94
37 95
37 96
37 97
37 108
37 109
37 114
38 38
38 39
38 40
38 41
38 54
38 58
38 59
38 60
38 61
38 64
38 66
38 67
38 72
38 74
38 76
38 77
38 78
38 79
38 80
38 82
38 84
38 88
38 94
38 95
38 96
38 108
38 109
38 115
39 39
39 40
39 41
39 54
39 58
39 59
39 60
39 61
39 62
39 63
39 64
39 65
39 75
39 76
39 77
39 78
39 79
39 80
39 81
39 83
39 84
39 87
39 88
39 94
39 95
39 96
39 108
39 109
39 115
40 40
40 41
40 54
40 58
40 70
40 72
40 74
40 75
40 76
40 77
40 78
40 80
40 82
40 84
40 88
40 94
40 95
41 41
41 71
41 73
41 74
41 75
41 76
41 77
41 79
41 81
41 83
41 87
41 94
41 95
42 42
42 43
42 44
42 45
42 46
42 47
42 48
42 49
42 50
42 51
42 52
42 53
42 92
42 98
42 110
42 111
42 112
43 43
43 44
43 45
43 46
43 47
43 48
43 49
43 51
43 53
43 99
43 110
43 111
43 112
44 44
44 45
44 46
44 47
44 48
44 49
44 50
44 51
44 68
44 111
45 45
45 46
45 47
45 48
45 49
45 51
45 68
45 111
46 46
46 47
46 48
46 50
46 52
46 53
46 54
46 90
46 92
46 96
46 97
46 98
46 99
46 100
46 102
46 109
46 110
46 111
46 112
46 113
47 47
47 49
47 51
47 53
47 55
47 90
47 91
47 92
47 97
47 98
47 99
47 100
47 110
47 111
47 112
47 113
48 48
48 49
48 50
48 51
48 52
48 57
48 69
49 49
49 51
49 68
49 86
50 50
50 52
50 54
50 60
50 63
50 64
50 84
51 51
51 53
51 65
52 52
52 54
52 84
52 90
52 92
52 96
52 98
52 111
53 53
53 55
53 91
53 92
53 93
53 97
53 99
53 100
53 105
53 110
53 111
53 112
53 113
53 114
54 54
54 58
54 60
54 61
54 62
54 63
54 64
54 65
54 66
54 67
54 76
54 78
54 79
54 80
54 81
54 84
54 85
54 88
54 90
54 94
54 95
54 96
54 97
54 98
54 102
54 108
54 109
54 115
55 55
55 85
55 89
55 91
55 93
55 94
55 95
55 96
55 97
55 99
55 100
55 101
55 105
55 108
55 109
55 110
55 111
55 112
55 113
55 114
55 115
56 56
56 60
56 61
56 62
56 63
56 64
56 65
56 78
56 80
56 85
56 89
57 57
57 59
57 61
57 63
57 68
57 69
57 83
57 87
58 58
58 59
58 60
58 61
58 64
58 66
58 67
58 84
58 88
58 94
58 95
58 96
58 106
58 108
58 109
58 115
59 59
59 60
59 61
59 65
59 66
59 67
59 69
59 83
59 88
59 106
60 60
60 61
60 62
60 63
60 64
60 65
60 66
60 67
60 78
60 79
60 80
60 81
60 84
60 85
60 88
60 89
60 96
60 106
60 107
60 108
61 61
61 62
61 63
61 64
61 65
61 79
61 80
61 81
61 83
61 84
61 85
61 87
61 88
61 89
61 106
61 107
62 62
62 63
62 64
62 65
62 78
62 79
62 80
62 81
62 84
62 85
62 88
62 89
62 96
62 107
62 109
63 63
63 64
63 65
63 79
63 80
63 81
63 83
63 84
63 85
63 87
63 88
63 89
64 64
64 65
64 66
64 67
64 78
64 79
64 80
64 81
64 84
64 85
64 88
64 94
64 96
64 107
64 108
65 65
65 78
65 79
65 80
65 81
65 84
65 85
65 88
65 89
65 107
66 66
66 67
66 68
66 69
66 76
66 77
66 94
66 95
66 96
66 108
66 109
66 110
67 67
67 69
67 76
67 77
67 94
67 95
67 96
67 97
67 108
67 109
67 110
68 68
68 69
68 86
69 69
70 70
70 71
70 72
70 74
70 75
70 86
70 91
70 93
70 101
70 103
70 112
71 71
71 73
71 74
71 75
71 86
72 72
72 74
72 75
72 76
72 78
72 80
72 82
72 101
73 73
73 75
73 77
73 83
73 87
74 74
74 75
74 76
74 77
74 78
74 86
74 95
74 101
74 108
74 114
75 75
75 76
75 77
75 83
75 87
76 76
76 77
76 78
76 80
76 84
76 88
76 94
76 95
76 96
76 108
76 109
77 77
77 78
77 94
77 95
77 96
77 108
77 109
77 110
78 78
78 79
78 80
78 81
78 84
78 85
78 88
78 89
78 94
78 95
78 96
78 108
78 109
79 79
79 80
79 81
79 83
79 84
79 85
79 87
79 88
79 89
79 94
79 95
79 96
79 108
79 109
80 80
80 81
80 82
80 84
80 85
80 88
80 89
80 94
80 96
80 109
81 81
81 83
81 84
81 85
81 87
81 88
81 89
81 96
82 82
82 84
82 88
83 83
83 87
84 84
84 85
84 88
84 89
84 94
84 95
84 96
84 98
84 107
84 108
84 109
85 85
85 88
85 89
85 107
86 86
87 87
88 88
88 89
88 94
88 95
88 96
89 89
89 91
89 93
89 101
89 105
89 107
90 90
90 91
90 92
90 93
90 96
90 98
90 99
90 100
90 102
90 104
90 106
90 110
90 111
90 112
90 113
91 91
91 92
91 93
91 97
91 99
91 100
91 101
91 103
91 105
91 111
91 112
91 113
91 114
91 115
92 92
92 93
92 98
92 99
92 100
92 101
92 102
92 103
92 104
92 111
92 112
92 113
93 93
93 97
93 99
93 100
93 101
93 103
93 104
93 105
93 111
93 112
93 113
93 114
94 94
94 95
94 96
94 97
94 104
94 105
94 108
94 109
94 110
94 114
94 115
95 95
95 96
95 97
95 105
95 108
95 109
95 110
95 114
95 115
96 96
96 97
96 98
96 102
96 104
96 108
96 109
96 110
96 114
96 115
97 97
97 98
97 99
97 100
97 102
97 103
97 104
97 105
97 108
97 109
97 110
97 111
97 112
97 113
97 114
97 115
98 98
98 99
98 100
98 102
98 104
98 105
98 106
98 109
98 110
98 111
98 112
98 113
98 114
99 99
99 100
99 101
99 102
99 103
99 104
99 105
99 110
99 111
99 112
99 113
99 114
99 115
100 100
100 101
100 102
100 103
100 104
100 105
100 111
100 112
100 113
100 114
101 101
101 103
101 105
101 112
101 113
101 114
102 102
102 103
102 104
102 105
102 111
102 112
102 113
102 114
103 103
103 104
103 105
103 112
103 113
103 114
104 104
104 105
104 106
104 112
104 113
104 114
105 105
105 108
105 111
105 112
105 113
105 114
105 115
106 106
107 107
107 115
108 108
108 109
108 110
108 113
108 114
108 115
109 109
109 110
109 114
109 115
110 110
110 111
110 114
110 115
111 111
111 112
111 113
111 114
112 112
112 113
112 114
113 113
113 114
113 115
114 114
114 115
115 115
