0 0
0 1
0 8
0 9
0 17
0 18
0 19
0 56
0 57
0 60
0 62
0 63
0 68
0 84
0 86
0 88
0 90
0 91
0 92
0 93
0 98
0 99
1 1
1 11
1 13
1 15
1 16
1 17
1 18
1 36
1 52
1 56
1 57
1 61
1 62
1 63
1 65
1 68
1 73
1 75
1 76
1 77
1 79
1 84
1 88
1 98
2 2
2 4
2 5
2 6
2 7
2 8
2 9
2 10
2 12
2 13
2 14
2 22
2 24
2 26
2 30
2 45
2 49
2 67
2 89
2 93
2 103
2 105
2 107
2 112
2 114
3 3
3 5
3 7
3 8
3 12
3 13
3 14
3 15
3 18
3 19
3 22
3 23
3 25
3 26
3 27
3 35
3 43
3 45
3 47
3 60
3 67
3 89
3 90
3 92
3 110
4 4
4 5
4 6
4 7
4 8
4 9
4 10
4 19
4 22
4 23
4 24
4 26
4 27
4 69
4 83
4 90
4 91
4 92
4 93
4 97
4 101
4 103
4 106
4 114
5 5
5 6
5 7
5 8
5 9
5 19
5 22
5 23
5 24
5 26
5 27
5 35
5 68
5 87
5 89
5 90
5 91
5 92
5 93
5 101
5 114
6 6
6 7
6 8
6 9
6 10
6 12
6 13
6 14
6 19
6 22
6 23
6 24
6 33
6 60
6 69
6 83
6 89
6 90
6 91
6 93
6 97
6 101
6 103
6 107
6 112
6 114
7 7
7 8
7 9
7 12
7 13
7 15
7 23
7 24
7 25
7 31
7 49
7 53
7 59
7 60
7 89
7 90
7 91
7 92
7 93
7 101
8 8
8 9
8 10
8 12
8 13
8 14
8 15
8 19
8 22
8 23
8 26
8 60
8 69
8 83
8 89
8 90
8 91
8 92
8 93
8 97
8 107
9 9
9 10
9 15
9 18
9 19
9 23
9 48
9 53
9 69
9 82
9 83
9 90
9 91
9 92
9 93
9 97
9 98
9 101
9 103
9 111
9 113
10 10
10 11
10 12
10 13
10 14
10 17
10 19
10 22
10 23
10 53
10 60
10 68
10 69
10 82
10 91
10 92
10 93
10 97
10 107
10 114
11 11
11 13
11 15
11 17
11 18
11 22
11 28
11 46
11 61
11 65
11 81
11 83
11 84
11 85
11 88
11 98
12 12
12 13
12 14
12 22
12 24
12 35
12 60
12 67
12 69
12 89
12 107
13 13
13 14
13 15
13 16
13 18
13 22
13 53
13 60
13 61
14 14
14 15
14 22
14 24
14 60
14 69
14 82
14 89
14 97
15 15
15 18
15 22
15 23
15 61
15 83
15 84
15 88
15 92
16 16
16 17
16 28
16 29
16 36
16 37
16 43
16 47
16 56
16 57
16 60
16 62
16 70
16 72
16 73
16 74
16 75
16 76
16 77
16 78
16 79
16 80
16 81
16 86
16 110
17 17
17 28
17 29
17 36
17 37
17 38
17 40
17 54
17 56
17 57
17 60
17 61
17 62
17 63
17 64
17 65
17 70
17 72
17 73
17 74
17 75
17 76
17 77
17 78
17 79
17 80
17 81
17 82
17 84
17 86
17 88
17 98
18 18
18 19
18 23
18 41
18 60
18 62
18 68
18 69
18 89
18 90
18 91
18 92
18 94
18 98
18 100
18 101
18 113
19 19
19 23
19 33
19 68
19 69
19 83
19 89
19 90
19 91
19 92
19 93
19 94
19 95
19 97
19 98
19 101
19 103
19 105
19 106
19 107
19 109
19 115
20 20
20 21
20 24
20 25
20 26
20 28
20 30
20 31
20 34
20 35
20 36
20 37
20 38
20 39
20 40
20 43
20 45
20 46
20 51
20 54
20 55
20 65
20 71
20 72
20 75
20 76
20 110
21 21
21 24
21 25
21 26
21 27
21 30
21 31
21 36
21 37
21 38
21 39
21 40
21 43
21 44
21 45
21 46
21 47
21 49
21 51
21 52
21 54
21 55
21 71
21 73
21 75
21 76
21 78
21 79
21 87
21 96
21 108
21 110
22 22
22 23
22 24
22 26
22 27
22 35
22 65
22 67
22 85
22 89
22 114
23 23
23 26
23 27
23 69
23 83
23 85
23 89
23 90
23 91
23 92
23 93
23 94
23 97
23 99
23 101
23 105
23 107
24 24
24 25
24 26
24 27
24 30
24 31
24 34
24 35
24 38
24 39
24 45
24 51
24 67
24 71
24 89
24 110
24 114
25 25
25 26
25 27
25 30
25 31
25 32
25 35
25 36
25 37
25 38
25 39
25 43
25 44
25 45
25 47
25 49
25 51
25 55
25 67
25 71
25 87
25 96
25 110
26 26
26 27
26 39
26 71
26 89
26 93
26 96
26 97
26 110
26 114
27 27
27 37
27 39
27 68
27 71
27 78
27 87
27 89
27 93
27 96
27 99
27 110
28 28
28 29
28 30
28 31
28 36
28 37
28 38
28 40
28 41
28 61
28 62
28 63
28 70
28 72
28 73
28 74
28 75
28 76
28 77
28 78
28 79
28 80
28 81
28 82
28 83
28 84
28 86
28 95
29 29
29 30
29 31
29 36
29 37
29 38
29 40
29 41
29 54
29 56
29 62
29 63
29 70
29 72
29 73
29 74
29 75
29 76
29 77
29 78
29 79
29 80
29 81
29 82
29 86
29 87
29 95
30 30
30 31
30 33
30 34
30 38
30 39
30 40
30 44
30 45
30 51
30 54
30 61
30 70
30 71
30 72
30 73
30 75
30 76
30 77
30 81
31 31
31 32
31 33
31 38
31 39
31 40
31 41
31 44
31 48
31 55
31 70
31 71
31 72
31 73
31 76
31 81
31 83
31 108
32 32
32 33
32 34
32 51
32 58
32 59
32 66
32 70
32 72
32 103
32 104
33 33
33 34
33 35
33 40
33 64
33 67
33 103
33 104
33 105
33 106
33 107
33 112
34 34
34 35
34 64
34 65
34 66
34 67
34 71
34 102
34 104
34 105
34 106
35 35
35 45
35 50
35 65
35 67
35 68
35 110
36 36
36 37
36 38
36 39
36 40
36 41
36 52
36 54
36 56
36 57
36 62
36 63
36 70
36 71
36 72
36 73
36 74
36 75
36 76
36 77
36 78
36 79
36 80
36 81
36 86
36 87
36 110
37 37
37 38
37 39
37 40
37 41
37 43
37 54
37 55
37 58
37 61
37 62
37 63
37 70
37 71
37 72
37 73
37 74
37 75
37 76
37 77
37 78
37 79
37 87
37 96
37 110
38 38
38 39
38 40
38 41
38 52
38 54
38 55
38 57
38 70
38 72
38 73
38 74
38 75
38 76
38 77
38 78
38 79
38 80
38 81
38 82
38 87
38 96
38 108
39 39
39 40
39 41
39 42
39 43
39 46
39 47
39 52
39 54
39 55
39 71
39 78
39 79
39 87
39 94
39 96
39 108
39 110
40 40
40 41
40 54
40 61
40 63
40 65
40 70
40 72
40 73
40 74
40 75
40 76
40 77
40 78
40 79
40 80
40 81
40 82
41 41
41 62
41 72
41 73
41 74
41 75
41 78
41 80
41 82
41 83
41 92
41 94
41 108
42 42
42 43
42 44
42 45
42 46
42 47
42 48
42 49
42 51
42 55
42 87
42 96
42 98
42 111
42 115
43 43
43 44
43 45
43 46
43 47
43 48
43 49
43 51
43 54
43 55
43 73
43 79
43 87
43 96
43 110
43 111
44 44
44 45
44 46
44 47
44 48
44 49
44 50
44 51
44 55
44 58
44 59
44 67
44 96
44 110
44 111
45 45
45 46
45 47
45 48
45 49
45 50
45 51
45 55
45 59
45 67
45 104
45 110
45 112
46 46
46 47
46 48
46 49
46 51
46 53
46 54
46 55
46 79
46 81
46 84
46 87
46 96
46 98
46 109
46 110
46 111
46 113
47 47
47 49
47 55
47 56
47 79
47 87
47 96
47 98
47 99
47 110
47 111
47 113
48 48
48 49
48 50
48 51
48 53
48 54
48 58
48 83
48 111
49 49
49 50
49 51
49 55
49 58
49 59
49 67
49 107
49 111
50 50
50 51
50 58
50 59
50 65
50 66
50 67
50 104
51 51
51 54
51 55
51 58
51 59
51 65
51 66
51 67
51 104
51 110
52 52
52 54
52 56
52 58
52 63
52 73
52 79
52 80
52 87
52 111
53 53
53 79
53 91
53 92
53 93
53 99
53 113
54 54
54 55
54 57
54 63
54 65
54 72
54 73
54 74
54 75
54 76
54 77
54 79
54 81
54 85
54 87
54 88
54 96
54 115
55 55
55 71
55 79
55 87
55 96
55 98
55 99
55 110
55 115
56 56
56 57
56 73
56 74
56 76
56 77
56 78
56 79
56 80
56 81
56 87
56 98
56 99
57 57
57 64
57 68
57 78
57 79
57 80
57 81
57 84
57 88
57 97
57 98
57 99
57 109
58 58
58 59
58 61
58 62
58 63
58 66
58 70
58 75
58 100
58 102
58 103
58 104
58 105
58 107
59 59
59 60
59 61
59 66
59 67
59 69
59 89
59 90
59 102
59 103
59 104
59 105
59 107
60 60
60 61
60 62
60 63
60 64
60 89
60 90
60 93
60 101
60 102
60 107
61 61
61 62
61 63
61 65
61 70
61 72
61 73
61 74
61 75
61 77
61 79
61 102
62 62
62 63
62 72
62 74
62 80
62 83
62 84
62 85
62 86
62 87
62 90
62 92
62 100
62 102
63 63
63 70
63 72
63 73
63 74
63 75
63 76
63 77
63 79
63 81
63 86
63 102
64 64
64 65
64 77
64 93
64 106
64 113
65 65
65 67
65 79
65 106
66 66
66 67
66 91
66 94
66 102
66 103
66 104
66 105
66 107
66 108
67 67
67 69
67 89
67 94
67 104
67 105
67 106
67 107
67 110
67 112
67 114
68 68
68 69
68 88
68 91
68 92
68 93
68 94
68 97
68 98
69 69
69 83
69 90
69 91
69 92
69 93
69 94
69 95
69 97
69 101
69 103
69 105
69 106
69 107
69 109
69 114
69 115
70 70
70 71
70 72
70 73
70 74
70 75
70 76
70 77
70 79
70 110
71 71
71 72
71 73
71 75
71 76
71 77
71 110
72 72
72 73
72 74
72 75
72 76
72 77
72 78
72 79
72 80
72 81
72 82
72 86
72 87
73 73
73 74
73 75
73 76
73 77
73 78
73 79
73 80
73 81
73 86
73 110
74 74
74 75
74 76
74 77
74 78
74 79
74 80
74 81
74 87
75 75
75 76
75 77
75 79
75 86
75 87
76 76
76 77
76 78
76 79
76 80
76 81
76 86
76 87
76 110
77 77
77 78
77 79
77 86
77 87
77 110
78 78
78 79
78 80
78 99
78 110
78 111
79 79
79 80
79 81
79 110
80 80
80 81
80 82
80 84
80 85
80 86
80 87
80 95
80 99
80 109
80 111
81 81
81 82
81 83
81 84
81 86
81 88
81 95
81 109
82 82
82 83
82 84
82 86
82 87
82 88
82 97
82 109
82 111
83 83
83 84
83 85
83 88
83 91
83 92
83 93
83 95
83 97
83 100
83 101
83 103
83 108
83 114
84 84
84 85
84 86
84 87
84 88
84 92
84 98
84 99
84 100
84 109
85 85
85 87
85 88
85 98
85 99
86 86
86 95
86 98
87 87
87 88
87 96
87 98
87 100
87 115
88 88
88 92
88 98
88 106
88 109
88 115
89 89
89 90
89 101
89 107
90 90
90 91
90 92
90 93
90 98
90 99
90 101
90 102
90 103
90 106
91 91
91 92
91 93
91 94
91 95
91 97
91 98
91 99
91 101
91 102
91 103
91 104
91 105
91 106
91 108
91 111
91 112
91 113
91 114
92 92
92 93
92 97
92 98
92 100
92 101
92 102
92 103
92 106
92 113
92 114
93 93
93 94
93 97
93 99
93 101
93 103
93 104
93 106
93 112
93 113
93 114
94 94
94 95
94 97
94 101
94 103
94 105
94 106
94 108
94 109
94 112
94 113
94 115
95 95
95 97
95 101
95 103
95 104
95 105
95 106
95 115
96 96
96 98
96 99
96 100
96 108
96 109
96 110
96 115
97 97
97 99
97 101
97 106
97 108
97 109
97 113
97 114
98 98
98 99
98 101
98 111
98 115
99 99
99 108
99 109
99 111
99 113
100 100
100 102
100 103
100 112
100 113
100 114
101 101
101 103
101 104
101 106
101 113
101 114
102 102
102 103
102 104
102 105
102 106
102 107
102 112
102 113
103 103
103 104
103 105
103 107
103 108
103 111
103 112
103 114
104 104
104 105
104 106
104 107
104 112
104 115
105 105
105 106
105 107
105 109
105 112
105 114
105 115
106 106
106 107
106 112
106 113
106 114
106 115
107 107
108 108
108 109
108 110
108 111
108 112
108 114
108 115
109 109
109 114
109 115
110 110
111 111
111 113
112 112
112 114
113 113
113 114
114 114
114 115
115 115
