0 0
0 1
0 2
0 3
0 6
0 10
0 16
0 18
0 19
0 32
0 33
0 56
0 60
0 61
0 62
0 64
0 78
0 80
1 1
1 3
1 7
1 10
1 11
1 13
1 17
1 18
1 19
1 33
1 57
1 61
1 63
1 77
1 81
2 2
2 3
2 6
2 7
2 10
2 12
2 18
2 19
2 22
2 23
2 24
2 25
2 32
2 33
3 3
3 5
3 6
3 7
3 9
3 10
3 11
3 13
3 15
3 17
3 18
3 19
3 22
3 23
3 25
3 30
3 31
3 33
3 70
3 71
3 83
4 4
4 5
4 8
4 9
4 12
4 14
4 15
4 20
4 21
4 22
4 23
4 24
4 25
4 26
4 27
4 30
4 31
4 38
4 39
4 41
4 59
4 70
4 82
4 83
4 106
5 5
5 8
5 9
5 14
5 15
5 20
5 21
5 22
5 23
5 24
5 25
5 26
5 27
5 59
5 82
5 83
6 6
6 7
6 10
6 12
6 14
6 16
6 18
6 19
6 22
6 23
6 28
6 33
6 70
6 78
7 7
7 10
7 11
7 12
7 13
7 17
7 18
7 19
7 22
7 23
7 30
7 31
7 33
7 70
7 71
7 73
7 75
7 83
8 8
8 9
8 14
8 15
8 20
8 21
8 22
8 23
8 24
8 25
8 26
8 27
8 30
8 38
8 59
8 69
8 70
9 9
9 14
9 15
9 20
9 21
9 24
9 25
9 26
9 27
9 83
10 10
10 12
10 16
10 18
10 19
10 22
10 23
10 28
10 33
10 52
10 70
10 71
10 72
10 76
10 77
10 78
10 80
10 84
10 88
10 110
11 11
11 13
11 17
11 22
11 23
11 29
11 30
11 31
11 33
11 37
11 70
11 71
11 73
11 74
11 75
11 77
11 79
11 81
11 85
12 12
12 14
12 16
12 20
12 21
12 22
12 23
12 28
12 30
12 31
12 36
12 40
12 70
12 71
12 72
12 74
12 76
12 80
12 84
12 88
13 13
13 17
13 22
13 23
13 29
13 30
13 31
13 37
13 41
13 70
13 71
13 73
13 74
13 75
13 81
13 83
14 14
14 15
14 20
14 21
14 22
14 23
14 24
14 25
14 26
14 27
14 30
14 38
14 40
14 70
14 82
14 83
14 88
14 106
15 15
15 20
15 21
15 24
15 25
15 26
15 27
15 39
15 59
15 83
16 16
16 18
16 19
16 28
16 32
16 33
16 52
16 62
16 64
16 72
16 76
16 77
16 78
16 80
16 84
16 88
16 110
17 17
17 29
17 30
17 31
17 33
17 37
17 63
17 71
17 73
17 75
17 77
17 79
17 81
17 85
18 18
18 19
18 22
18 23
18 32
18 33
18 56
18 60
18 62
18 64
19 19
19 22
19 32
19 33
19 56
19 60
19 62
19 64
20 20
20 21
20 24
20 25
20 26
20 27
20 29
20 30
20 31
20 36
20 37
20 38
20 39
20 40
20 41
20 54
20 55
20 70
20 71
20 72
20 73
20 74
20 75
20 82
20 83
20 88
20 89
20 95
20 106
20 107
21 21
21 22
21 23
21 24
21 25
21 26
21 27
21 29
21 30
21 31
21 36
21 38
21 39
21 40
21 41
21 55
21 70
21 72
21 73
21 74
21 75
21 82
21 83
21 106
21 107
21 108
22 22
22 23
22 24
22 25
22 26
22 27
22 30
22 31
22 33
22 70
22 71
22 75
22 83
23 23
23 24
23 25
23 30
23 31
23 33
23 70
23 71
24 24
24 25
24 26
24 27
24 59
24 69
24 83
25 25
25 26
25 27
25 30
25 59
25 70
25 82
25 83
26 26
26 27
26 39
26 41
26 58
26 59
26 66
26 69
26 82
26 83
26 87
26 107
26 108
27 27
27 30
27 31
27 39
27 41
27 58
27 59
27 66
27 82
27 83
27 87
27 107
28 28
28 30
28 33
28 36
28 38
28 40
28 54
28 70
28 71
28 72
28 74
28 76
28 77
28 78
28 80
28 84
28 88
28 96
28 102
28 113
29 29
29 30
29 31
29 37
29 39
29 40
29 41
29 55
29 70
29 71
29 72
29 73
29 74
29 75
29 79
29 81
29 83
29 85
29 87
29 89
29 95
29 108
30 30
30 31
30 37
30 40
30 41
30 70
30 71
30 72
30 73
30 74
30 75
30 77
30 83
31 31
31 33
31 37
31 41
31 70
31 71
31 72
31 73
31 74
31 75
31 77
31 81
31 83
32 32
32 33
32 42
32 44
32 45
32 48
32 49
32 50
32 56
32 60
32 62
32 64
32 80
33 33
33 62
33 71
33 76
33 77
33 80
34 34
34 35
34 42
34 43
34 44
34 45
34 46
34 48
34 49
34 50
34 51
34 56
34 58
34 59
34 60
34 64
34 65
34 66
34 67
34 69
34 111
34 112
35 35
35 42
35 43
35 45
35 47
35 61
35 65
35 67
35 91
35 110
36 36
36 37
36 38
36 39
36 40
36 41
36 54
36 55
36 70
36 72
36 74
36 76
36 80
36 82
36 84
36 88
36 92
36 93
36 94
36 95
36 96
36 97
36 98
36 99
36 100
36 101
36 102
36 103
36 104
36 105
36 106
36 107
36 108
36 111
36 112
36 113
37 37
37 39
37 40
37 41
37 55
37 71
37 73
37 74
37 75
37 77
37 79
37 81
37 85
37 87
37 89
37 95
37 96
37 97
37 99
37 100
37 105
37 108
37 115
38 38
38 39
38 40
38 41
38 54
38 55
38 70
38 72
38 74
38 82
38 88
38 92
38 94
38 95
38 96
38 97
38 98
38 100
38 101
38 102
38 103
38 104
38 105
38 106
38 107
38 108
38 111
38 112
38 113
39 39
39 40
39 41
39 54
39 55
39 73
39 75
39 82
39 83
39 87
39 89
39 95
39 96
39 97
39 99
39 100
39 101
39 103
39 104
39 105
39 106
39 107
39 108
39 115
40 40
40 41
40 54
40 55
40 70
40 71
40 72
40 74
40 75
40 76
40 82
40 84
40 88
40 92
40 96
40 100
40 102
40 106
41 41
41 55
41 59
41 70
41 73
41 74
41 75
41 82
41 83
41 85
41 87
41 89
41 95
41 97
41 100
41 101
41 104
41 105
41 106
41 107
41 108
41 115
42 42
42 43
42 44
42 45
42 46
42 47
42 48
42 49
42 50
42 51
42 52
42 53
42 56
42 60
42 62
42 64
42 65
42 66
42 67
42 111
42 112
43 43
43 44
43 45
43 46
43 47
43 48
43 49
43 50
43 51
43 53
43 56
43 60
43 62
43 64
43 65
43 66
43 67
43 69
43 111
43 112
44 44
44 45
44 46
44 48
44 49
44 50
44 51
44 56
44 58
44 59
44 60
44 61
44 62
44 64
44 65
44 66
44 67
44 69
45 45
45 47
45 48
45 49
45 50
45 51
45 56
45 58
45 59
45 60
45 64
45 65
45 66
45 67
45 68
45 69
46 46
46 47
46 48
46 49
46 50
46 51
46 52
46 53
46 54
46 84
46 91
46 92
46 93
46 96
46 97
46 98
46 99
46 109
46 110
46 111
46 112
46 113
47 47
47 51
47 52
47 53
47 67
47 90
47 91
47 93
47 98
47 99
47 110
47 111
47 112
48 48
48 49
48 50
48 51
48 56
48 58
48 59
48 60
48 61
48 62
48 64
48 65
48 66
48 67
48 68
48 69
49 49
49 50
49 51
49 56
49 58
49 59
49 60
49 61
49 62
49 64
49 65
49 66
49 67
49 69
50 50
50 51
50 56
50 60
50 62
50 64
50 65
50 66
50 67
51 51
51 53
51 56
51 58
51 59
51 60
51 61
51 65
51 66
51 67
51 68
51 69
52 52
52 53
52 76
52 78
52 80
52 84
52 90
52 91
52 92
52 93
52 98
52 110
52 111
52 113
53 53
53 55
53 67
53 85
53 91
53 99
53 111
53 115
54 54
54 55
54 72
54 74
54 76
54 77
54 78
54 79
54 80
54 84
54 88
54 89
54 90
54 92
54 93
54 94
54 95
54 96
54 97
54 98
54 99
54 100
54 101
54 102
54 103
54 104
54 105
54 106
54 107
54 110
54 111
54 112
54 113
55 55
55 73
55 74
55 79
55 85
55 89
55 92
55 93
55 95
55 96
55 97
55 98
55 99
55 100
55 101
55 102
55 104
55 105
55 107
55 108
55 112
55 113
55 115
56 56
56 58
56 59
56 60
56 61
56 62
56 64
56 65
56 66
56 67
56 68
57 57
57 59
57 63
57 68
57 69
58 58
58 59
58 60
58 61
58 65
58 66
58 67
58 68
58 69
58 87
58 100
58 104
58 105
58 107
58 112
59 59
59 61
59 65
59 66
59 67
59 68
59 69
59 87
59 105
59 107
59 109
59 112
60 60
60 61
60 62
60 64
60 65
60 66
60 67
61 61
61 65
61 66
62 62
62 64
62 78
62 80
63 63
63 79
63 81
63 85
64 64
64 65
64 66
64 78
64 80
65 65
65 66
65 67
65 68
65 69
66 66
66 67
66 68
66 69
66 86
66 87
66 105
66 107
66 112
66 115
67 67
67 68
67 69
67 91
67 105
68 68
68 69
68 86
69 69
69 105
69 107
70 70
70 71
70 72
70 73
70 74
70 75
70 76
70 77
70 83
70 88
70 106
71 71
71 72
71 73
71 74
71 75
71 76
71 77
71 79
71 81
71 85
72 72
72 73
72 74
72 75
72 76
72 77
72 78
72 80
72 84
72 88
72 94
72 96
72 113
73 73
73 74
73 75
73 77
73 79
73 81
73 83
73 85
73 87
73 89
73 95
74 74
74 75
74 76
74 77
74 79
74 81
74 82
74 84
74 87
74 88
74 94
74 95
74 96
74 108
74 113
75 75
75 77
75 79
75 81
75 83
75 85
75 87
75 89
75 95
76 76
76 77
76 78
76 79
76 80
76 84
76 88
76 94
76 96
76 110
76 113
77 77
77 78
77 79
77 80
77 81
77 84
77 88
77 94
77 96
77 110
78 78
78 80
78 84
78 88
78 94
78 96
78 110
78 113
79 79
79 81
79 84
79 85
79 89
79 96
79 97
80 80
80 84
80 88
80 94
80 96
80 110
80 113
81 81
81 85
82 82
82 83
82 87
82 106
82 107
83 83
83 106
84 84
84 88
84 92
84 96
84 110
84 111
84 113
85 85
85 89
85 95
85 97
86 86
86 87
87 87
87 89
87 95
87 100
87 104
87 105
87 106
87 107
87 108
87 115
88 88
88 90
88 92
88 93
88 94
88 96
88 98
88 101
88 102
88 103
88 104
88 106
89 89
89 90
89 91
89 92
89 93
89 95
89 96
89 97
89 98
89 99
89 100
89 101
89 104
89 105
89 106
89 107
89 108
89 109
89 112
89 115
90 90
90 91
90 92
90 93
90 96
90 97
90 98
90 99
90 100
90 101
90 102
90 103
90 104
90 106
90 110
90 111
90 114
91 91
91 92
91 93
91 97
91 98
91 99
91 101
91 104
91 106
91 108
91 111
91 112
92 92
92 93
92 94
92 96
92 97
92 98
92 99
92 100
92 101
92 102
92 103
92 104
92 105
92 106
92 110
92 111
92 112
92 113
92 114
93 93
93 94
93 96
93 97
93 98
93 99
93 100
93 101
93 102
93 103
93 104
93 105
93 106
93 107
93 108
93 111
93 112
93 113
93 114
93 115
94 94
94 95
94 96
94 97
94 98
94 99
94 105
94 108
94 113
95 95
95 96
95 97
95 99
95 100
95 104
95 105
95 107
95 108
95 109
95 113
95 115
96 96
96 97
96 98
96 99
96 100
96 101
96 102
96 103
96 104
96 105
96 106
96 110
96 111
96 112
96 113
96 115
97 97
97 98
97 99
97 101
97 104
97 105
97 106
97 108
97 109
97 110
97 111
97 112
97 113
97 114
97 115
98 98
98 99
98 100
98 101
98 102
98 103
98 104
98 105
98 110
98 111
98 112
98 113
99 99
99 100
99 101
99 102
99 103
99 104
99 105
99 107
99 108
99 110
99 111
99 112
99 113
99 114
99 115
100 100
100 101
100 102
100 103
100 104
100 105
100 106
100 107
100 108
100 113
100 115
101 101
101 102
101 103
101 104
101 105
101 106
101 107
101 108
101 111
101 112
101 113
101 114
101 115
102 102
102 103
102 104
102 106
102 112
103 103
103 104
103 105
103 106
103 107
103 108
103 111
103 112
103 113
103 114
104 104
104 105
104 106
104 107
104 108
104 111
104 112
104 113
104 114
104 115
105 105
105 106
105 107
105 108
105 109
105 111
105 112
105 113
105 114
105 115
106 106
106 107
106 112
107 107
107 108
107 109
107 111
107 112
107 115
108 108
108 113
108 115
109 109
109 111
109 112
110 110
110 111
110 112
110 113
111 111
111 112
111 113
111 115
112 112
112 115
113 113
113 114
113 115
114 114
115 115
