0 0
0 1
0 10
0 16
0 19
0 27
0 37
0 52
0 56
0 57
0 58
0 59
0 61
0 68
0 74
0 75
0 76
0 77
0 78
0 79
0 80
0 81
0 115
1 1
1 11
1 13
1 16
1 18
1 19
1 32
1 56
1 57
1 58
1 61
1 68
1 69
1 74
1 76
1 77
1 78
1 79
1 80
1 81
1 88
1 112
2 2
2 3
2 4
2 6
2 7
2 18
2 19
2 22
2 23
2 24
2 25
2 27
2 60
2 64
2 83
2 88
3 3
3 4
3 5
3 6
3 7
3 9
3 11
3 13
3 22
3 23
3 24
3 25
3 26
3 27
3 30
3 31
3 60
3 61
3 64
3 65
3 88
3 89
3 92
3 93
4 4
4 6
4 7
4 11
4 14
4 18
4 22
4 24
4 26
4 29
4 78
4 82
4 83
5 5
5 7
5 8
5 9
5 14
5 15
5 20
5 21
5 25
5 26
5 27
5 29
5 34
5 65
5 73
5 75
5 84
5 85
5 100
6 6
6 7
6 9
6 11
6 12
6 13
6 18
6 19
6 22
6 23
6 24
6 25
6 26
6 30
6 31
6 33
6 60
6 64
6 83
7 7
7 9
7 11
7 13
7 31
7 33
7 35
7 60
7 61
7 64
7 65
7 67
7 92
8 8
8 9
8 14
8 15
8 20
8 48
8 50
8 58
8 61
8 65
8 70
8 75
9 9
9 11
9 13
9 15
9 24
9 25
9 26
9 29
9 34
9 35
9 44
9 45
9 48
9 49
9 60
9 61
9 64
9 65
9 80
9 92
9 100
10 10
10 12
10 13
10 16
10 17
10 28
10 32
10 38
10 40
10 54
10 56
10 60
10 72
10 74
10 76
10 81
10 85
10 94
10 95
10 101
10 108
10 109
11 11
11 12
11 13
11 17
11 22
11 24
11 25
11 29
11 30
11 31
11 33
11 60
11 61
11 63
11 64
11 71
11 73
11 78
12 12
12 13
12 15
12 28
12 33
12 58
12 60
12 61
12 64
12 71
12 72
12 102
13 13
13 15
13 17
13 22
13 29
13 30
13 31
13 33
13 60
13 61
13 64
13 65
13 71
13 73
13 78
14 14
14 15
14 18
14 22
14 23
14 24
14 26
14 27
14 40
14 52
14 75
14 80
14 82
14 84
14 85
14 86
14 87
14 88
15 15
15 17
15 28
15 29
15 34
15 35
15 60
15 61
15 62
15 65
15 70
15 72
15 73
15 74
15 75
15 80
15 81
15 85
15 100
16 16
16 17
16 18
16 19
16 20
16 28
16 29
16 32
16 36
16 40
16 56
16 57
16 62
16 63
16 70
16 72
16 73
16 74
16 75
16 76
16 77
16 78
16 79
16 80
16 81
16 95
16 108
17 17
17 20
17 21
17 24
17 28
17 29
17 30
17 34
17 44
17 45
17 56
17 57
17 62
17 63
17 70
17 71
17 72
17 73
17 74
17 75
17 76
17 77
17 78
17 79
17 80
17 81
17 112
18 18
18 19
18 32
18 40
18 54
18 55
18 57
18 68
18 69
18 70
18 76
18 82
18 88
18 95
18 97
19 19
19 32
19 57
19 62
19 68
19 69
19 70
19 76
19 77
19 88
19 97
19 111
20 20
20 21
20 24
20 27
20 29
20 32
20 34
20 35
20 36
20 37
20 39
20 70
20 72
20 73
20 74
20 75
20 76
20 79
20 81
20 85
21 21
21 24
21 25
21 26
21 27
21 29
21 30
21 34
21 35
21 39
21 64
21 65
21 70
21 71
21 73
21 74
21 75
21 78
21 79
21 80
21 81
21 84
21 85
21 88
22 22
22 23
22 24
22 25
22 26
22 27
22 30
22 64
22 83
22 84
22 85
22 86
22 87
22 88
22 89
22 93
23 23
23 24
23 25
23 26
23 27
23 52
23 53
23 55
23 64
23 69
23 84
23 86
23 87
23 88
23 89
23 92
24 24
24 25
24 26
24 27
24 29
24 30
24 64
24 71
24 73
24 80
24 82
24 84
24 85
24 86
24 87
24 88
25 25
25 26
25 27
25 30
25 31
25 34
25 50
25 64
25 65
25 71
25 84
25 85
25 86
25 87
26 26
26 27
26 29
26 30
26 31
26 48
26 50
26 51
26 80
26 82
26 83
26 84
26 85
27 27
27 38
27 39
27 52
27 55
27 58
27 84
27 85
27 86
27 87
27 88
27 89
28 28
28 29
28 32
28 33
28 36
28 40
28 56
28 57
28 62
28 63
28 70
28 71
28 72
28 73
28 74
28 75
28 76
28 77
28 78
28 79
28 80
28 81
28 112
29 29
29 30
29 31
29 37
29 62
29 63
29 71
29 72
29 73
29 74
29 75
29 76
29 77
29 78
29 79
29 80
29 81
29 82
29 83
29 85
29 112
30 30
30 31
30 32
30 33
30 60
30 63
30 64
30 71
30 83
31 31
31 32
31 33
31 35
31 42
31 43
31 45
31 60
31 63
31 64
31 71
31 83
32 32
32 33
32 34
32 57
32 62
32 63
32 66
32 68
32 70
32 72
32 74
32 75
32 76
32 79
32 81
33 33
33 34
33 35
33 43
33 45
33 60
33 61
33 62
33 63
33 66
33 67
33 72
34 34
34 35
34 44
34 45
34 49
34 64
34 65
34 66
34 67
34 70
34 73
34 75
34 81
34 84
34 85
35 35
35 42
35 43
35 44
35 45
35 49
35 64
35 65
35 67
35 75
35 85
36 36
36 37
36 38
36 39
36 40
36 41
36 42
36 43
36 54
36 56
36 57
36 70
36 72
36 73
36 74
36 75
36 76
36 77
36 78
36 79
36 80
36 81
36 82
36 84
36 85
36 86
36 87
36 94
36 95
36 99
36 108
36 109
37 37
37 38
37 39
37 40
37 41
37 54
37 55
37 56
37 57
37 70
37 72
37 73
37 74
37 75
37 76
37 77
37 79
37 81
37 82
37 85
37 94
37 95
37 96
37 106
37 108
37 109
37 110
37 111
38 38
38 39
38 40
38 41
38 54
38 55
38 74
38 82
38 83
38 84
38 85
38 86
38 87
38 88
38 89
38 94
38 95
38 96
38 106
38 108
38 109
38 111
39 39
39 41
39 54
39 55
39 68
39 70
39 86
39 88
39 89
39 95
39 96
39 97
39 108
39 109
39 110
39 111
40 40
40 41
40 54
40 55
40 56
40 57
40 68
40 72
40 74
40 76
40 77
40 79
40 80
40 81
40 82
40 83
40 86
40 94
40 95
40 96
40 109
40 115
41 41
41 47
41 54
41 57
41 72
41 74
41 76
41 82
41 83
41 94
41 95
41 106
41 107
41 109
41 110
41 111
41 115
42 42
42 43
42 44
42 45
42 46
42 47
42 49
42 71
42 82
42 106
42 109
43 43
43 44
43 45
43 46
43 47
43 49
43 67
43 106
43 109
44 44
44 45
44 46
44 47
44 48
44 49
44 51
44 67
44 78
45 45
45 46
45 47
45 48
45 49
45 67
45 78
46 46
46 47
46 48
46 49
46 51
46 53
46 55
46 96
46 98
46 106
46 107
46 108
46 109
46 110
46 111
46 113
47 47
47 49
47 53
47 55
47 67
47 69
47 82
47 90
47 91
47 95
47 96
47 97
47 98
47 99
47 103
47 104
47 105
47 106
47 107
47 108
47 109
47 110
47 111
47 113
47 114
48 48
48 49
48 50
48 51
48 52
48 53
48 55
48 98
48 100
48 105
48 107
49 49
49 51
49 53
49 55
49 99
49 104
49 106
49 107
50 50
50 51
50 52
50 53
50 55
50 58
50 59
50 60
50 80
50 84
50 85
50 89
50 100
51 51
51 52
51 53
51 55
51 59
51 98
52 52
52 53
52 54
52 55
52 56
52 58
52 59
52 69
52 88
52 89
52 90
52 91
52 92
52 93
52 96
52 97
52 98
52 99
52 100
52 101
52 103
52 104
52 105
52 111
53 53
53 55
53 69
53 89
53 90
53 91
53 97
53 98
53 99
53 103
53 104
53 105
53 107
53 108
53 110
53 111
54 54
54 55
54 68
54 87
54 88
54 89
54 91
54 93
54 94
54 95
54 96
54 97
54 98
54 99
54 101
54 102
54 103
54 104
54 106
54 107
54 108
54 109
54 110
54 111
54 112
54 113
55 55
55 68
55 88
55 89
55 91
55 93
55 95
55 96
55 97
55 98
55 99
55 104
55 105
55 106
55 107
55 108
55 110
55 111
56 56
56 57
56 59
56 62
56 68
56 70
56 72
56 73
56 74
56 75
56 76
56 77
56 78
56 79
56 80
56 81
56 85
56 98
56 99
56 115
57 57
57 59
57 62
57 68
57 69
57 70
57 72
57 73
57 74
57 75
57 76
57 77
57 78
57 79
57 80
57 81
57 95
57 97
57 98
57 99
57 108
57 111
57 115
58 58
58 59
58 60
58 61
58 65
58 66
58 84
58 88
58 89
58 91
58 92
58 93
59 59
59 61
59 66
59 69
59 89
59 90
59 97
59 98
59 103
59 105
59 114
59 115
60 60
60 61
60 62
60 63
60 64
60 65
60 83
61 61
61 63
61 65
61 92
61 114
62 62
62 63
62 70
62 72
62 73
62 74
62 76
62 78
62 79
62 80
62 81
63 63
63 71
63 72
63 73
63 74
63 79
63 81
64 64
64 65
64 67
64 84
64 85
64 86
64 87
64 88
65 65
65 67
65 84
65 85
65 88
66 66
66 67
66 68
66 69
66 91
66 103
67 67
67 90
67 91
67 92
67 105
67 107
67 108
67 109
67 114
68 68
68 69
68 74
68 76
68 77
68 79
68 87
68 88
68 89
68 96
68 97
68 99
68 107
68 108
68 110
68 111
69 69
69 89
69 90
69 92
69 93
69 96
69 97
69 103
69 104
69 105
69 107
69 110
69 111
70 70
70 71
70 72
70 73
70 74
70 75
70 76
70 77
70 79
70 81
71 71
71 72
71 73
71 74
71 75
71 76
71 77
71 78
71 79
71 80
71 81
71 112
72 72
72 73
72 74
72 75
72 76
72 77
72 78
72 79
72 80
72 81
72 82
72 109
72 112
73 73
73 74
73 75
73 76
73 77
73 78
73 79
73 80
73 81
73 85
74 74
74 75
74 76
74 77
74 78
74 79
74 80
74 81
74 85
74 109
75 75
75 76
75 77
75 78
75 79
75 80
75 81
75 85
75 99
76 76
76 77
76 78
76 79
76 80
76 81
76 99
76 112
77 77
77 78
77 79
77 80
77 81
77 98
77 99
77 111
77 112
78 78
78 79
78 80
78 81
78 112
79 79
79 80
79 81
79 99
79 112
80 80
80 81
80 84
80 85
80 112
81 81
81 85
81 112
82 82
82 83
82 84
82 86
82 87
82 94
82 95
82 106
82 109
83 83
83 84
83 85
83 109
83 114
84 84
84 85
84 86
84 87
84 88
85 85
85 87
85 88
86 86
86 87
86 88
86 89
87 87
87 88
87 91
87 96
88 88
88 89
88 95
88 97
88 108
88 111
89 89
89 92
89 93
89 95
89 97
89 98
89 99
89 108
89 111
90 90
90 91
90 92
90 93
90 98
90 99
90 100
90 101
90 102
90 103
90 104
90 105
90 110
90 111
90 113
90 114
90 115
91 91
91 92
91 93
91 96
91 98
91 99
91 100
91 101
91 102
91 103
91 104
91 106
91 111
91 113
91 114
92 92
92 93
92 98
92 100
92 101
92 102
92 103
92 104
92 105
92 111
92 112
92 113
92 114
93 93
93 99
93 100
93 101
93 102
93 103
93 104
93 105
93 112
93 113
94 94
94 95
94 97
94 106
94 108
94 109
94 115
95 95
95 97
95 99
95 106
95 107
95 108
95 109
95 110
95 111
95 115
96 96
96 97
96 98
96 99
96 103
96 104
96 105
96 106
96 107
96 109
96 110
96 111
96 113
97 97
97 98
97 99
97 104
97 105
97 106
97 107
97 108
97 109
97 110
97 111
98 98
98 99
98 100
98 101
98 102
98 103
98 104
98 105
98 108
98 110
98 111
98 112
98 113
99 99
99 100
99 101
99 102
99 103
99 107
99 108
99 110
99 111
99 112
99 113
100 100
100 101
100 102
100 103
100 104
100 111
100 112
100 113
101 101
101 102
101 103
101 104
101 106
101 111
101 112
101 113
102 102
102 103
102 104
102 105
102 111
102 112
102 113
102 114
103 103
103 104
103 105
103 106
103 107
103 110
103 111
103 113
103 114
103 115
104 104
104 105
104 106
104 107
104 110
104 111
104 113
104 114
105 105
105 107
105 110
105 111
105 113
105 114
105 115
106 106
106 107
106 108
106 109
106 110
106 111
107 107
107 108
107 110
107 111
108 108
108 109
108 110
108 111
108 115
109 109
109 110
109 115
110 110
110 111
110 115
111 111
111 112
111 113
112 112
112 113
113 113
113 114
113 115
114 114
114 115
115 115
