0 0
0 1
0 17
0 18
0 28
0 29
0 32
0 36
0 40
0 41
0 56
0 57
0 60
0 61
0 62
0 63
0 68
0 70
0 72
0 73
0 74
0 75
0 76
0 78
0 80
0 81
0 83
0 99
0 107
1 1
1 11
1 13
1 16
1 17
1 37
1 39
1 40
1 48
1 51
1 52
1 54
1 56
1 57
1 58
1 59
1 60
1 61
1 63
1 68
1 69
1 79
1 80
1 81
1 87
1 89
1 96
1 99
1 100
1 102
1 112
1 114
2 2
2 6
2 9
2 12
2 18
2 28
2 29
2 30
2 31
2 32
2 33
2 34
2 35
2 60
2 64
2 72
2 77
2 81
2 83
2 107
3 3
3 7
3 10
3 15
3 20
3 21
3 22
3 23
3 25
3 26
3 27
3 37
3 50
3 51
3 66
3 67
3 68
3 85
3 87
3 88
3 89
3 92
3 94
3 103
3 104
3 105
4 4
4 5
4 8
4 14
4 20
4 21
4 23
4 24
4 25
4 26
4 27
4 49
4 50
4 54
4 55
4 69
4 89
4 104
4 105
4 108
4 115
5 5
5 7
5 9
5 21
5 27
5 44
5 48
5 49
5 51
5 53
5 58
5 66
5 105
5 114
6 6
6 7
6 9
6 18
6 22
6 28
6 29
6 30
6 31
6 32
6 33
6 34
6 35
6 44
6 64
6 72
6 81
6 82
6 83
6 84
7 7
7 9
7 10
7 21
7 23
7 25
7 27
7 64
7 65
7 67
7 88
7 90
7 92
7 93
7 95
7 101
7 103
7 104
7 105
7 115
8 8
8 12
8 13
8 14
8 19
8 24
8 42
8 43
8 45
8 46
8 47
8 49
8 53
8 55
8 69
9 9
9 13
9 42
9 44
9 45
9 46
9 47
9 48
9 49
9 58
9 60
9 66
9 90
9 114
10 10
10 12
10 14
10 16
10 20
10 21
10 22
10 26
10 27
10 50
10 65
10 82
10 84
10 86
10 92
10 93
10 101
10 102
10 103
10 104
10 113
10 115
11 11
11 12
11 13
11 14
11 15
11 16
11 17
11 39
11 48
11 52
11 54
11 57
11 59
11 61
11 65
11 75
11 78
11 79
11 89
11 102
11 104
11 105
11 106
11 112
11 114
12 12
12 13
12 14
12 15
12 22
12 48
12 49
12 53
12 111
13 13
13 14
13 15
13 29
13 48
13 52
13 53
13 57
13 61
13 65
13 73
13 75
13 112
13 114
14 14
14 15
14 19
14 22
14 23
14 26
14 82
14 89
15 15
15 23
15 29
15 53
15 75
15 83
16 16
16 17
16 20
16 21
16 26
16 48
16 52
16 56
16 57
16 59
16 60
16 61
16 62
16 63
16 68
16 78
16 79
16 80
16 81
16 82
16 86
16 96
16 97
16 99
16 102
16 103
16 104
16 105
16 107
16 109
16 113
16 115
17 17
17 19
17 28
17 29
17 32
17 36
17 39
17 40
17 41
17 56
17 57
17 59
17 60
17 61
17 62
17 63
17 68
17 69
17 72
17 73
17 74
17 75
17 76
17 78
17 79
17 80
17 81
17 83
17 100
18 18
18 19
18 28
18 29
18 30
18 31
18 32
18 33
18 62
18 63
18 64
18 72
18 73
18 74
18 76
18 80
18 81
18 83
18 101
19 19
19 23
19 28
19 29
19 30
19 31
19 32
19 36
19 40
19 41
19 69
19 72
19 73
19 74
19 81
19 83
19 100
20 20
20 21
20 24
20 25
20 26
20 27
20 38
20 39
20 50
20 68
20 82
20 86
20 94
20 96
20 97
20 102
20 103
20 104
20 105
20 113
20 115
21 21
21 23
21 24
21 25
21 26
21 27
21 38
21 39
21 48
21 50
21 51
21 52
21 54
21 55
21 58
21 59
21 66
21 67
21 86
21 89
21 93
21 94
21 96
21 97
21 102
21 103
21 104
21 105
21 108
21 113
21 114
21 115
22 22
22 23
22 24
22 25
22 30
22 31
22 33
22 64
22 84
22 85
22 94
23 23
23 24
23 25
23 26
23 27
23 30
23 31
23 33
23 50
23 67
23 85
23 91
24 24
24 25
24 26
24 27
24 31
24 38
24 50
24 54
24 69
24 94
24 96
24 98
24 103
24 113
24 115
25 25
25 26
25 27
25 31
25 38
25 50
25 51
25 52
25 65
25 67
25 89
25 92
25 94
25 95
25 97
25 103
25 104
25 105
25 113
26 26
26 27
26 38
26 39
26 48
26 50
26 51
26 52
26 54
26 58
26 59
26 65
26 66
26 67
26 68
26 69
26 86
26 88
26 89
26 91
26 92
26 93
26 94
26 95
26 96
26 97
26 102
26 103
26 104
26 105
26 108
26 113
26 114
26 115
27 27
27 38
27 50
27 51
27 52
27 54
27 58
27 59
27 65
27 66
27 67
27 68
27 86
27 87
27 88
27 89
27 91
27 92
27 93
27 94
27 95
27 97
27 101
27 102
27 103
27 104
27 105
27 106
27 108
27 113
27 114
27 115
28 28
28 29
28 30
28 31
28 32
28 33
28 36
28 40
28 41
28 62
28 63
28 70
28 72
28 73
28 74
28 75
28 76
28 78
28 79
28 80
28 81
28 82
28 83
29 29
29 30
29 31
29 32
29 33
29 40
29 41
29 63
29 72
29 73
29 74
29 75
29 76
29 77
29 78
29 80
29 81
29 82
29 83
30 30
30 31
30 32
30 33
30 41
30 64
30 70
30 72
30 73
30 74
30 75
30 81
30 83
31 31
31 32
31 33
31 35
31 64
31 70
31 71
31 72
31 75
31 77
31 82
31 83
32 32
32 33
32 36
32 40
32 41
32 62
32 63
32 64
32 72
32 73
32 74
32 76
32 77
32 78
32 80
32 81
32 83
32 84
33 33
33 34
33 35
33 64
33 70
33 72
33 73
33 74
33 75
33 76
33 77
33 81
33 83
33 84
34 34
34 35
34 64
34 65
34 66
34 67
34 76
34 77
34 84
34 85
34 88
34 91
34 93
35 35
35 64
35 65
35 67
35 77
35 84
35 85
35 90
35 91
35 92
35 93
35 109
35 110
35 113
35 114
36 36
36 37
36 38
36 40
36 41
36 56
36 57
36 60
36 63
36 70
36 72
36 73
36 74
36 76
36 77
36 78
36 79
36 80
36 81
36 83
36 84
36 87
36 88
36 96
37 37
37 38
37 39
37 40
37 41
37 50
37 51
37 54
37 57
37 59
37 63
37 68
37 73
37 74
37 75
37 76
37 77
37 79
37 85
37 87
37 89
37 96
37 112
38 38
38 39
38 54
38 55
38 58
38 59
38 66
38 68
38 69
38 87
38 88
38 89
38 91
38 93
38 94
38 95
38 96
38 97
38 102
38 103
38 104
38 105
38 108
38 110
38 114
38 115
39 39
39 40
39 41
39 54
39 55
39 56
39 57
39 58
39 59
39 68
39 87
39 94
39 96
39 97
39 108
40 40
40 41
40 56
40 57
40 60
40 61
40 62
40 63
40 68
40 70
40 72
40 73
40 74
40 75
40 76
40 77
40 78
40 79
40 80
40 81
40 83
41 41
41 63
41 70
41 72
41 73
41 74
41 75
41 76
41 77
41 78
41 79
41 80
41 81
41 83
41 87
42 42
42 43
42 44
42 45
42 46
42 47
42 48
42 49
42 52
42 53
42 55
42 98
42 111
43 43
43 44
43 45
43 46
43 47
43 49
43 50
43 52
43 53
43 55
43 96
43 98
43 111
44 44
44 45
44 46
44 47
44 48
44 49
44 53
44 55
44 98
44 111
45 45
45 46
45 47
45 49
45 53
45 55
45 98
45 111
46 46
46 47
46 48
46 49
46 50
46 52
46 53
46 55
46 96
46 98
46 111
47 47
47 49
47 53
47 55
47 96
47 98
47 111
48 48
48 49
48 50
48 51
48 52
48 53
48 54
48 55
48 58
48 59
48 60
48 61
48 66
48 97
48 102
48 104
49 49
49 51
49 53
49 55
49 98
49 111
50 50
50 51
50 52
50 53
50 54
50 55
50 58
50 66
50 67
50 86
50 87
50 89
50 98
50 101
50 103
50 104
50 113
50 115
51 51
51 52
51 54
51 55
51 58
51 59
51 61
51 66
51 67
51 89
51 91
51 92
51 97
51 102
51 103
51 104
51 113
52 52
52 53
52 54
52 58
52 59
52 98
52 104
52 106
53 53
53 98
54 54
54 55
54 58
54 59
54 66
54 68
54 69
54 86
54 87
54 88
54 89
54 96
54 98
54 102
54 104
54 115
55 55
55 59
55 68
55 69
55 87
55 96
55 98
55 99
55 104
55 111
56 56
56 57
56 58
56 59
56 60
56 61
56 62
56 63
56 68
56 69
56 78
56 80
56 81
56 89
56 99
57 57
57 58
57 59
57 60
57 61
57 63
57 68
57 69
57 78
57 79
57 80
57 81
57 87
57 100
57 112
58 58
58 59
58 60
58 61
58 66
58 67
58 68
58 69
58 87
58 89
58 97
58 104
58 108
58 114
58 115
59 59
59 60
59 61
59 62
59 63
59 66
59 68
59 69
59 89
59 95
59 96
59 97
59 99
59 103
59 104
59 109
59 115
60 60
60 61
60 62
60 63
60 65
60 66
60 74
60 78
60 79
60 80
60 81
60 88
61 61
61 62
61 63
61 65
61 66
61 68
61 78
61 79
61 90
61 95
61 97
61 105
61 112
62 62
62 63
62 72
62 74
62 76
62 78
62 80
62 81
62 102
62 103
63 63
63 68
63 72
63 73
63 74
63 78
63 79
63 80
63 81
63 83
64 64
64 65
64 67
64 72
64 76
64 77
64 83
64 84
64 88
64 93
64 101
65 65
65 66
65 67
65 84
65 85
65 88
65 89
65 90
65 91
65 92
65 93
65 95
65 97
65 103
65 104
65 105
66 66
66 67
66 68
66 69
66 88
66 89
66 93
66 97
66 103
66 104
66 107
66 108
66 109
66 114
66 115
67 67
67 69
67 85
67 88
67 89
67 90
67 91
67 92
67 93
67 97
67 101
67 103
67 104
67 105
67 110
68 68
68 69
68 78
68 87
68 88
68 89
68 94
68 96
68 97
68 99
68 103
68 104
68 108
68 114
69 69
69 87
69 96
69 112
70 70
70 71
70 72
70 73
70 74
70 75
70 76
70 77
70 83
71 71
71 73
71 74
71 75
71 76
71 77
71 88
71 100
71 114
72 72
72 73
72 74
72 75
72 76
72 77
72 78
72 79
72 80
72 81
72 83
73 73
73 74
73 75
73 76
73 77
73 78
73 79
73 81
73 83
73 84
74 74
74 75
74 76
74 77
74 79
74 81
74 83
74 84
74 88
75 75
75 76
75 77
75 78
75 79
75 81
75 83
75 84
75 99
75 100
76 76
76 77
76 79
76 80
76 81
76 83
76 84
76 88
77 77
77 81
77 82
77 83
77 84
77 111
78 78
78 79
78 80
78 81
78 83
79 79
79 80
79 81
79 83
79 84
79 100
80 80
80 81
80 82
80 83
80 107
81 81
81 83
81 84
82 82
82 84
82 86
82 94
82 101
83 83
84 84
84 85
84 86
84 88
84 93
84 101
85 85
85 87
85 88
85 89
85 91
85 113
86 86
86 88
86 101
86 102
86 103
86 104
86 113
86 115
87 87
87 88
87 89
88 88
88 89
88 92
88 93
88 95
88 102
88 106
88 108
88 114
88 115
89 89
89 91
89 92
89 93
89 95
89 97
89 102
89 103
89 104
89 105
89 113
89 114
90 90
90 91
90 92
90 93
90 100
90 102
90 109
90 113
90 114
91 91
91 92
91 93
91 97
91 102
91 114
92 92
92 93
92 97
92 100
92 102
92 103
92 104
92 105
92 112
92 113
92 114
92 115
93 93
93 94
93 95
93 97
93 101
93 102
93 103
93 104
93 105
93 108
93 110
93 113
93 114
93 115
94 94
94 96
94 97
94 103
94 104
94 105
94 108
94 110
94 113
94 115
95 95
95 97
95 99
95 106
95 108
95 109
95 114
95 115
96 96
96 98
96 99
96 102
96 104
96 110
96 111
96 115
97 97
97 99
97 103
97 104
97 105
97 107
97 108
97 109
97 113
97 114
97 115
98 98
98 99
98 100
98 110
98 111
99 99
99 100
99 102
99 104
99 106
99 110
99 111
99 112
100 100
100 102
100 112
100 113
101 101
101 103
102 102
102 103
102 104
102 105
102 106
102 112
102 113
102 114
102 115
103 103
103 104
103 105
103 107
103 108
103 109
103 113
103 115
104 104
104 105
104 106
104 112
104 113
104 114
104 115
105 105
105 107
105 108
105 113
105 114
105 115
106 106
106 114
106 115
107 107
107 109
107 114
108 108
108 109
108 114
108 115
109 109
109 114
110 110
110 111
110 112
110 113
111 111
111 112
112 112
113 113
113 114
113 115
114 114
114 115
115 115
