0 0
0 2
0 4
0 19
0 30
0 34
0 76
0 87
0 90
1 1
1 13
1 19
1 49
1 51
1 52
1 53
1 57
1 58
1 59
1 61
1 63
1 68
1 69
1 82
1 89
1 98
1 100
1 104
1 106
2 2
2 3
2 4
2 6
2 7
2 8
2 18
2 22
2 24
2 25
2 30
2 31
2 34
2 64
2 66
2 67
2 84
2 86
2 87
2 88
2 110
2 113
3 3
3 5
3 6
3 7
3 9
3 23
3 25
3 26
3 27
3 38
3 39
3 64
3 67
3 81
3 83
3 84
3 85
3 88
3 89
3 92
3 108
3 111
3 114
4 4
4 5
4 7
4 8
4 9
4 20
4 21
4 22
4 23
4 24
4 25
4 26
4 27
4 30
4 31
4 34
4 35
4 64
4 65
4 67
4 70
4 71
4 84
4 85
4 86
4 88
4 91
4 93
4 108
4 110
5 5
5 7
5 8
5 9
5 15
5 20
5 21
5 23
5 24
5 25
5 26
5 27
5 31
5 34
5 56
5 70
5 71
5 73
5 75
5 76
5 81
5 85
5 88
5 92
6 6
6 7
6 8
6 18
6 22
6 24
6 30
6 31
6 38
6 64
6 70
6 84
6 87
6 88
6 93
6 101
6 102
6 113
6 114
7 7
7 8
7 9
7 22
7 23
7 24
7 25
7 31
7 64
7 65
7 67
7 70
7 84
7 85
7 88
7 92
8 8
8 9
8 20
8 21
8 22
8 23
8 24
8 25
8 26
8 27
8 30
8 31
8 33
8 34
8 35
8 64
8 65
8 67
8 70
8 71
8 84
8 86
8 88
8 93
8 109
8 110
9 9
9 15
9 20
9 23
9 24
9 25
9 26
9 27
9 31
9 34
9 56
9 65
9 78
9 84
9 85
9 88
9 92
10 10
10 11
10 12
10 13
10 14
10 15
10 16
10 17
10 28
10 36
10 38
10 42
10 46
10 48
10 49
10 50
10 51
10 52
10 53
10 54
10 55
10 60
10 61
10 63
10 73
10 74
10 76
10 99
10 101
10 112
11 11
11 12
11 13
11 14
11 15
11 20
11 21
11 42
11 43
11 48
11 49
11 50
11 51
11 58
11 73
11 92
11 95
11 115
12 12
12 13
12 14
12 15
12 17
12 20
12 21
12 26
12 29
12 36
12 48
12 50
12 51
12 52
12 53
12 54
12 60
12 61
12 63
12 70
12 71
12 73
12 80
12 82
12 89
12 91
12 92
12 95
12 100
12 101
12 112
12 114
13 13
13 14
13 15
13 20
13 21
13 43
13 47
13 48
13 49
13 51
13 52
13 53
13 56
13 57
13 58
13 59
13 60
13 61
13 63
13 69
13 73
13 82
13 92
13 98
13 99
13 100
13 106
14 14
14 15
14 17
14 20
14 21
14 26
14 27
14 48
14 50
14 57
14 58
14 61
14 70
14 71
14 73
14 82
14 91
14 92
14 95
14 100
14 106
14 112
15 15
15 17
15 20
15 21
15 26
15 27
15 48
15 53
15 56
15 71
15 73
15 75
15 80
15 85
15 90
15 92
15 100
15 106
16 16
16 17
16 28
16 29
16 36
16 37
16 38
16 40
16 41
16 54
16 56
16 60
16 62
16 72
16 73
16 74
16 78
16 79
16 80
16 81
16 84
16 85
16 97
16 105
16 111
17 17
17 28
17 29
17 36
17 37
17 38
17 39
17 40
17 41
17 54
17 60
17 63
17 72
17 73
17 78
17 79
17 80
17 81
17 95
17 97
17 99
17 111
17 112
18 18
18 19
18 22
18 30
18 33
18 40
18 62
18 64
18 66
18 67
18 70
18 77
18 83
18 102
18 103
18 104
18 105
18 109
18 113
19 19
19 32
19 33
19 44
19 45
19 47
19 49
19 53
19 58
19 59
19 62
19 66
19 69
19 77
19 82
19 90
19 98
19 102
19 103
19 106
20 20
20 21
20 23
20 24
20 25
20 26
20 27
20 31
20 56
20 57
20 61
20 68
20 70
20 71
20 88
20 89
20 92
20 100
20 106
21 21
21 23
21 24
21 26
21 27
21 31
21 35
21 70
21 71
21 82
21 90
21 91
21 92
21 93
21 106
22 22
22 24
22 25
22 30
22 31
22 33
22 34
22 35
22 64
22 67
22 70
22 84
22 88
22 110
23 23
23 25
23 26
23 27
23 31
23 65
23 67
23 70
23 81
23 84
23 85
23 88
23 89
23 92
23 105
23 114
24 24
24 25
24 30
24 31
24 33
24 34
24 35
24 64
24 70
24 71
24 88
24 93
24 108
24 109
24 110
24 113
25 25
25 26
25 27
25 30
25 31
25 33
25 34
25 35
25 64
25 65
25 66
25 67
25 71
25 84
25 85
25 88
25 109
25 110
26 26
26 27
26 31
26 65
26 70
26 71
26 83
26 85
26 88
26 89
26 90
26 91
26 92
26 93
26 106
26 114
27 27
27 31
27 34
27 50
27 65
27 67
27 81
27 83
27 85
27 88
27 90
27 92
27 114
28 28
28 29
28 36
28 37
28 38
28 40
28 41
28 54
28 62
28 63
28 72
28 73
28 74
28 75
28 76
28 78
28 79
28 80
28 81
28 87
28 89
28 99
28 101
28 104
28 111
28 112
28 114
29 29
29 36
29 37
29 38
29 40
29 41
29 54
29 55
29 60
29 62
29 63
29 72
29 73
29 74
29 75
29 76
29 77
29 78
29 79
29 80
29 81
29 93
29 95
29 97
29 99
29 100
29 101
29 111
29 112
30 30
30 31
30 33
30 34
30 35
30 59
30 64
30 66
30 67
30 71
30 75
30 77
30 88
30 109
30 110
31 31
31 33
31 34
31 35
31 64
31 65
31 67
31 70
31 71
31 75
31 83
31 84
31 85
31 87
31 88
31 109
31 110
32 32
32 33
32 39
32 55
32 66
32 67
32 78
32 94
32 96
32 97
32 102
33 33
33 34
33 35
33 66
33 67
33 69
33 71
33 77
33 83
33 103
33 109
33 110
34 34
34 35
34 64
34 65
34 66
34 67
34 84
34 86
34 88
34 109
34 110
35 35
35 44
35 45
35 66
35 67
35 68
35 71
35 109
35 110
36 36
36 37
36 38
36 40
36 41
36 52
36 54
36 55
36 62
36 63
36 72
36 73
36 74
36 75
36 76
36 78
36 79
36 80
36 81
36 89
36 95
36 97
36 99
36 100
36 101
36 104
36 108
36 111
36 112
36 113
36 114
36 115
37 37
37 38
37 40
37 41
37 54
37 56
37 62
37 72
37 73
37 74
37 75
37 76
37 77
37 78
37 80
37 81
37 89
37 95
37 97
37 99
37 100
37 104
37 108
37 111
37 112
38 38
38 39
38 40
38 41
38 52
38 54
38 55
38 62
38 72
38 74
38 75
38 76
38 79
38 80
38 81
38 89
38 97
38 99
38 100
38 111
38 112
38 113
39 39
39 40
39 62
39 75
39 81
39 83
39 94
39 96
39 97
39 109
40 40
40 41
40 53
40 54
40 62
40 72
40 74
40 75
40 76
40 78
40 79
40 80
40 81
40 97
40 99
40 100
40 109
40 111
40 112
41 41
41 52
41 53
41 54
41 62
41 63
41 72
41 73
41 74
41 75
41 76
41 78
41 80
41 81
41 89
41 93
41 100
41 101
41 111
41 112
41 113
41 114
42 42
42 43
42 44
42 45
42 46
42 47
42 48
42 49
42 51
42 53
42 55
42 94
42 96
42 97
42 98
42 99
42 112
42 115
43 43
43 44
43 45
43 46
43 47
43 48
43 49
43 51
43 55
43 58
43 94
43 96
43 97
43 98
43 99
44 44
44 45
44 46
44 47
44 48
44 49
44 51
44 55
44 58
44 59
44 86
44 94
44 96
44 97
44 98
44 99
44 102
45 45
45 46
45 47
45 48
45 49
45 51
45 55
45 58
45 59
45 94
45 96
45 97
45 98
45 99
45 102
45 107
46 46
46 47
46 48
46 49
46 51
46 52
46 53
46 54
46 55
46 94
46 96
46 97
46 98
46 99
46 111
47 47
47 48
47 49
47 51
47 53
47 55
47 58
47 59
47 94
47 96
47 97
47 98
47 99
47 108
47 109
47 115
48 48
48 49
48 50
48 51
48 53
48 55
48 58
48 90
48 94
48 95
48 96
48 98
48 99
48 112
49 49
49 51
49 53
49 55
49 58
49 59
49 96
49 97
49 98
49 99
49 101
49 112
50 50
50 51
50 52
50 65
50 85
50 86
50 87
50 99
50 104
50 112
50 114
51 51
51 52
51 53
51 54
51 55
51 58
51 61
51 73
51 96
51 98
51 99
51 101
51 112
52 52
52 53
52 54
52 61
52 63
52 89
52 98
52 99
52 100
52 101
52 112
52 113
53 53
53 54
53 60
53 62
53 63
53 73
53 75
53 98
53 99
53 100
53 101
53 111
53 112
54 54
54 55
54 63
54 72
54 73
54 74
54 76
54 79
54 80
54 89
54 95
54 96
54 97
54 98
54 99
54 101
54 104
54 111
54 112
54 113
55 55
55 58
55 72
55 78
55 94
55 96
55 97
55 98
55 99
55 111
56 56
56 57
56 58
56 68
56 69
56 78
56 80
56 89
56 97
57 57
57 58
57 59
57 61
57 66
57 68
57 69
57 79
57 89
57 92
58 58
58 59
58 61
58 68
58 69
58 82
58 98
58 103
58 106
59 59
59 61
59 63
59 66
59 68
59 69
59 71
59 77
59 82
59 102
59 106
60 60
60 61
60 62
60 63
60 71
60 73
60 75
60 82
60 101
61 61
61 63
61 68
61 71
61 82
61 89
61 100
61 101
61 106
62 62
62 63
62 72
62 73
62 74
62 75
62 76
62 77
62 78
62 80
62 89
62 100
62 103
62 104
62 105
62 111
62 112
63 63
63 75
63 82
63 89
63 92
63 100
63 101
63 106
64 64
64 65
64 66
64 67
64 84
64 86
64 87
64 88
64 105
64 110
65 65
65 67
65 84
65 85
65 86
65 87
65 88
66 66
66 67
66 68
66 69
66 102
66 104
66 107
66 110
67 67
67 68
67 83
67 85
67 88
67 102
67 103
67 107
67 110
68 68
68 69
68 70
68 71
68 77
68 82
68 88
68 89
68 92
68 106
69 69
69 82
69 106
70 70
70 71
70 73
70 76
70 77
70 88
70 89
70 91
70 92
70 100
70 101
70 106
71 71
71 75
71 77
71 91
71 92
71 93
71 106
72 72
72 73
72 74
72 75
72 76
72 78
72 80
72 81
72 94
72 95
72 96
72 97
72 99
72 100
72 101
72 104
72 108
72 111
72 112
72 113
72 114
72 115
73 73
73 74
73 75
73 76
73 80
73 81
73 91
73 92
73 98
73 99
73 100
73 101
73 111
73 112
74 74
74 75
74 76
74 80
74 81
74 84
74 85
74 87
74 99
74 111
75 75
75 76
75 77
75 83
75 89
75 92
75 100
76 76
76 77
76 80
76 81
76 91
76 95
76 99
76 100
76 101
76 112
76 113
76 114
77 77
77 89
77 100
77 106
77 109
78 78
78 80
78 81
78 94
78 97
78 111
79 79
79 80
79 81
79 84
79 86
79 88
79 95
80 80
80 81
80 94
80 95
80 97
80 99
80 111
80 112
81 81
81 85
81 91
81 94
81 95
81 110
81 111
81 114
82 82
82 87
82 90
82 103
82 106
82 107
83 83
83 85
83 87
83 90
84 84
84 85
84 86
84 87
84 88
85 85
85 87
85 88
85 90
85 92
85 114
86 86
86 87
86 97
86 104
86 107
86 110
86 113
87 87
87 107
88 88
88 89
89 89
89 92
89 100
90 90
90 91
90 92
90 107
91 91
91 92
91 93
91 95
91 101
91 107
91 108
91 112
91 113
91 114
91 115
92 92
92 100
92 106
92 114
93 93
93 95
93 100
93 101
93 102
93 107
93 110
93 113
93 114
93 115
94 94
94 95
94 96
94 97
94 98
94 99
94 103
94 108
94 109
94 110
94 111
94 113
94 115
95 95
95 96
95 99
95 101
95 104
95 108
95 112
95 114
95 115
96 96
96 97
96 98
96 99
96 108
96 111
96 113
96 115
97 97
97 98
97 99
97 104
97 108
97 109
97 111
97 113
97 115
98 98
98 99
98 108
98 112
98 115
99 99
99 101
99 104
99 111
99 112
99 113
99 115
100 100
100 101
100 106
100 112
100 113
100 115
101 101
101 104
101 112
101 113
101 114
101 115
102 102
102 103
102 104
102 107
102 108
102 110
102 113
103 103
103 104
103 105
103 107
103 110
103 113
104 104
104 105
104 107
104 108
104 112
104 113
104 114
105 105
105 107
105 111
105 114
106 106
107 107
107 110
107 113
107 114
108 108
108 109
108 113
108 115
109 109
109 110
109 113
110 110
110 113
111 111
111 112
111 114
111 115
112 112
112 113
112 114
112 115
113 113
113 114
114 114
115 115
