0 0
0 1
0 2
0 3
0 6
0 7
0 10
0 18
0 19
0 22
0 52
0 56
0 57
0 64
0 68
0 69
0 88
0 89
0 90
1 1
1 2
1 3
1 4
1 6
1 7
1 11
1 18
1 19
1 57
1 68
1 69
1 83
1 90
1 91
1 92
1 112
1 113
2 2
2 3
2 6
2 7
2 12
2 18
2 19
2 22
2 23
2 24
2 58
2 60
2 62
2 64
2 66
2 68
2 69
2 88
2 89
2 108
3 3
3 5
3 7
3 11
3 18
3 19
3 22
3 23
3 26
3 27
3 31
3 68
3 85
3 87
3 88
3 89
3 92
4 4
4 7
4 8
4 9
4 13
4 14
4 15
4 20
4 21
4 24
4 26
4 61
4 65
4 71
4 72
4 82
4 83
4 95
4 100
4 108
5 5
5 10
5 11
5 14
5 21
5 23
5 25
5 26
5 27
5 40
5 48
5 50
5 52
5 75
5 77
5 85
5 88
5 89
5 92
5 107
5 113
5 114
5 115
6 6
6 7
6 12
6 18
6 19
6 22
6 58
6 59
6 60
6 61
6 62
6 63
6 64
6 66
6 68
6 89
6 90
6 100
7 7
7 9
7 18
7 19
7 22
7 60
7 64
7 65
7 68
7 69
7 83
7 92
7 100
7 102
8 8
8 9
8 13
8 14
8 15
8 20
8 24
8 29
8 32
8 61
8 65
8 71
8 72
8 83
8 100
8 102
9 9
9 13
9 14
9 15
9 20
9 24
9 26
9 29
9 32
9 61
9 65
9 71
9 72
9 82
9 83
10 10
10 11
10 12
10 13
10 14
10 22
10 28
10 30
10 31
10 33
10 35
10 48
10 60
10 64
10 67
10 82
10 93
11 11
11 13
11 26
11 27
11 33
11 35
11 83
11 92
11 93
11 96
11 103
11 104
11 105
11 106
11 107
11 110
11 114
12 12
12 13
12 35
12 48
12 58
12 60
12 61
12 64
12 66
12 111
13 13
13 15
13 16
13 17
13 28
13 29
13 32
13 33
13 35
13 37
13 39
13 55
13 59
13 60
13 61
13 63
13 65
13 70
13 71
13 72
13 77
13 96
13 97
13 100
13 101
13 102
13 103
13 104
13 105
14 14
14 15
14 20
14 23
14 24
14 25
14 26
14 27
14 28
14 29
14 42
14 43
14 44
14 49
14 69
14 72
14 80
14 82
14 83
14 84
14 115
15 15
15 20
15 24
15 28
15 29
15 32
15 44
15 45
15 49
15 61
15 65
15 69
15 71
15 72
15 80
15 81
15 82
15 83
16 16
16 17
16 28
16 29
16 30
16 36
16 37
16 38
16 39
16 44
16 46
16 49
16 55
16 56
16 61
16 62
16 63
16 71
16 72
16 78
16 79
16 80
16 81
16 94
16 96
16 97
17 17
17 19
17 29
17 36
17 38
17 39
17 41
17 54
17 61
17 62
17 63
17 68
17 71
17 72
17 73
17 74
17 79
17 80
17 81
17 91
17 94
17 97
17 109
17 112
18 18
18 19
18 22
18 23
18 31
18 62
18 68
18 85
18 87
18 88
18 89
18 105
18 109
19 19
19 36
19 57
19 68
19 69
19 83
19 90
19 108
19 112
20 20
20 21
20 23
20 24
20 25
20 26
20 27
20 34
20 35
20 37
20 40
20 67
20 69
20 70
20 72
20 73
20 76
20 80
20 82
20 83
20 84
20 91
20 92
20 95
20 108
20 115
21 21
21 23
21 24
21 25
21 26
21 27
21 38
21 67
21 76
21 84
21 95
21 109
22 22
22 23
22 27
22 31
22 50
22 64
22 66
22 88
22 89
23 23
23 24
23 25
23 27
23 31
23 34
23 50
23 69
23 84
23 87
23 92
23 95
23 115
24 24
24 25
24 29
24 31
24 32
24 33
24 62
24 64
24 65
24 66
24 67
24 71
24 72
24 82
24 83
25 25
25 26
25 27
25 28
25 31
25 34
25 35
25 37
25 38
25 40
25 48
25 50
25 51
25 53
25 71
25 79
25 82
25 84
25 85
25 86
25 87
25 93
25 110
25 115
26 26
26 27
26 40
26 75
26 77
26 107
26 114
26 115
27 27
27 28
27 34
27 40
27 43
27 48
27 50
27 67
27 69
27 77
27 82
27 84
27 85
27 87
27 88
27 92
27 95
27 106
27 107
27 113
27 114
27 115
28 28
28 29
28 30
28 31
28 33
28 40
28 44
28 49
28 72
28 78
28 80
28 81
28 82
28 83
28 84
28 87
29 29
29 30
29 31
29 32
29 33
29 36
29 37
29 40
29 41
29 44
29 45
29 49
29 62
29 63
29 70
29 71
29 72
29 74
29 75
29 78
29 79
29 80
29 81
29 82
29 83
30 30
30 31
30 33
30 39
30 41
30 49
30 64
30 74
30 75
30 77
30 82
30 83
31 31
31 33
31 34
31 38
31 39
31 41
31 50
31 62
31 64
31 74
31 75
31 79
31 82
31 83
31 84
31 85
31 86
31 87
31 109
31 110
32 32
32 33
32 34
32 35
32 44
32 45
32 60
32 61
32 63
32 67
32 70
32 71
32 72
32 77
32 80
32 100
32 101
32 102
32 103
32 106
33 33
33 34
33 35
33 39
33 41
33 60
33 61
33 63
33 64
33 67
33 74
33 76
33 77
33 79
33 82
33 83
33 101
33 103
33 104
33 106
33 107
33 110
34 34
34 35
34 40
34 50
34 67
34 70
34 76
34 77
34 83
34 84
34 85
34 87
34 92
34 100
34 106
34 107
34 114
34 115
35 35
35 37
35 38
35 39
35 65
35 67
35 70
35 76
35 77
35 93
35 103
35 104
35 105
35 110
35 114
36 36
36 37
36 38
36 39
36 40
36 41
36 46
36 54
36 55
36 68
36 73
36 74
36 76
36 78
36 79
36 81
36 87
36 91
36 94
36 96
36 97
36 109
36 110
36 112
37 37
37 38
37 39
37 41
37 46
37 51
37 53
37 54
37 55
37 71
37 73
37 74
37 75
37 76
37 77
37 79
37 86
37 87
37 91
37 94
37 96
37 97
37 99
37 103
37 104
37 105
37 109
37 110
37 111
38 38
38 39
38 41
38 46
38 53
38 54
38 55
38 71
38 73
38 74
38 76
38 77
38 79
38 86
38 87
38 94
38 96
38 97
38 104
38 105
38 109
38 110
38 111
39 39
39 41
39 46
39 54
39 55
39 59
39 63
39 65
39 71
39 74
39 76
39 77
39 79
39 86
39 94
39 96
39 97
39 103
39 104
39 105
39 109
39 110
39 111
40 40
40 53
40 56
40 57
40 70
40 72
40 75
40 76
40 77
40 80
40 81
40 83
40 84
40 87
40 93
40 95
40 101
40 106
40 107
40 108
40 113
40 114
40 115
41 41
41 46
41 53
41 55
41 63
41 74
41 76
41 79
41 85
41 94
41 96
41 97
41 103
41 104
41 105
41 109
41 110
42 42
42 43
42 44
42 45
42 46
42 47
42 49
42 50
42 51
42 55
42 82
42 83
42 84
42 96
42 98
42 99
42 114
43 43
43 44
43 45
43 46
43 47
43 49
43 50
43 51
43 55
43 80
43 82
43 84
43 85
43 87
43 98
43 99
43 111
44 44
44 45
44 46
44 47
44 49
44 50
44 51
44 62
44 67
44 70
44 72
44 78
44 80
44 81
44 82
44 83
44 84
44 98
44 99
44 115
45 45
45 46
45 47
45 49
45 51
45 55
45 62
45 67
45 80
45 81
45 82
45 83
45 96
45 97
45 98
45 99
45 110
45 112
46 46
46 47
46 49
46 51
46 53
46 54
46 55
46 74
46 76
46 79
46 94
46 96
46 97
46 98
46 99
46 104
46 105
46 109
46 110
46 111
46 112
47 47
47 49
47 55
47 87
47 96
47 98
47 99
47 111
47 112
48 48
48 50
48 51
48 52
48 54
48 58
48 70
48 85
48 88
48 90
49 49
49 50
49 51
49 53
49 55
49 72
49 78
49 80
49 81
49 83
49 96
49 98
49 99
49 112
50 50
50 51
50 52
50 53
50 84
50 85
50 90
51 51
51 52
51 53
51 54
51 55
51 70
51 71
51 78
51 90
51 91
51 98
51 99
52 52
52 53
52 54
52 56
52 58
52 59
52 66
52 73
52 76
52 88
52 89
52 90
52 91
52 103
53 53
53 54
53 55
53 56
53 57
53 71
53 74
53 75
53 76
53 77
53 79
53 87
53 91
53 99
53 104
53 105
53 107
53 109
53 114
54 54
54 55
54 59
54 73
54 74
54 76
54 79
54 86
54 91
54 94
54 96
54 97
54 98
54 99
54 104
54 105
54 109
54 110
54 111
54 112
55 55
55 74
55 76
55 79
55 87
55 94
55 96
55 97
55 98
55 99
55 103
55 104
55 105
55 109
55 110
55 111
55 112
56 56
56 57
56 59
56 63
56 70
56 75
56 78
56 89
56 90
56 106
56 107
56 113
56 114
56 115
57 57
57 63
57 68
57 69
57 75
57 78
57 80
57 81
57 90
57 99
57 106
57 113
57 115
58 58
58 59
58 60
58 61
58 63
58 64
58 65
58 66
58 69
58 70
58 72
58 73
58 88
58 89
58 90
58 100
58 102
59 59
59 60
59 61
59 63
59 66
59 68
59 73
59 89
59 90
59 102
60 60
60 61
60 62
60 63
60 64
60 65
60 66
60 67
60 72
60 100
60 101
60 102
60 106
61 61
61 63
61 65
61 66
61 72
61 76
61 80
61 100
61 101
61 102
61 103
61 104
61 106
62 62
62 63
62 64
62 65
62 66
62 68
63 63
63 65
63 66
63 72
63 101
63 102
64 64
64 65
64 66
64 88
65 65
65 94
65 96
65 97
65 100
65 102
65 109
66 66
66 67
66 88
66 89
66 102
67 67
67 69
67 71
67 82
67 83
67 84
67 93
67 106
67 107
67 114
67 115
68 68
68 69
68 90
68 91
68 94
68 112
69 69
69 70
69 72
69 78
69 80
69 81
69 84
69 90
69 91
69 92
69 95
69 108
69 115
70 70
70 71
70 72
70 73
70 75
70 77
70 78
70 80
70 102
70 115
71 71
71 72
71 73
71 77
71 79
71 80
71 81
71 83
71 87
72 72
72 73
72 78
72 79
72 80
72 81
72 82
72 83
72 84
72 95
72 115
73 73
73 74
73 79
73 90
73 91
73 92
73 94
73 100
73 102
73 108
73 109
73 111
74 74
74 76
74 77
74 79
74 86
74 87
74 94
74 96
74 97
74 104
74 105
74 109
74 110
74 112
75 75
75 76
75 77
75 89
75 100
75 101
75 104
75 105
76 76
76 77
76 97
76 101
76 103
76 104
76 105
76 106
76 107
76 109
76 110
76 114
77 77
77 100
77 101
77 102
77 103
77 104
77 105
77 106
77 107
77 114
78 78
78 79
78 80
78 81
78 84
78 90
78 115
79 79
79 81
79 87
79 94
79 96
79 97
79 109
79 110
79 111
80 80
80 81
80 82
80 83
80 84
80 95
80 108
80 112
80 115
81 81
81 82
81 83
81 84
81 94
81 95
81 99
81 108
81 112
81 115
82 82
82 83
82 84
82 86
82 87
82 115
83 83
83 84
83 87
83 95
84 84
84 85
84 86
84 87
84 88
84 115
85 85
85 86
85 87
85 88
85 89
85 110
86 86
86 87
86 88
86 96
86 97
86 98
86 109
86 110
87 87
87 88
87 98
87 107
87 109
87 110
87 111
88 88
88 89
88 111
89 89
89 104
89 105
90 90
90 91
90 92
90 95
90 98
90 99
90 112
90 113
90 115
91 91
91 92
91 94
91 95
91 98
91 99
91 111
91 112
91 113
91 114
92 92
92 93
92 100
92 102
92 107
92 111
92 113
92 114
92 115
93 93
93 100
93 101
93 103
93 106
93 107
93 113
93 114
94 94
94 96
94 97
94 98
94 99
94 109
94 110
94 111
94 112
95 95
95 108
95 113
95 115
96 96
96 97
96 98
96 99
96 103
96 104
96 105
96 109
96 110
96 111
97 97
97 98
97 99
97 103
97 104
97 105
97 109
97 110
97 111
97 112
98 98
98 99
98 109
98 110
98 111
98 112
99 99
99 110
99 111
99 112
99 113
99 114
100 100
100 101
100 102
100 103
100 104
100 106
100 107
100 113
101 101
101 102
101 103
101 104
101 105
101 106
101 107
101 108
101 113
101 114
102 102
102 103
102 104
102 105
102 106
102 107
102 113
102 114
103 103
103 104
103 105
103 106
103 107
103 109
103 110
103 113
103 114
104 104
104 105
104 106
104 107
104 109
104 110
104 114
105 105
105 106
105 109
105 110
105 114
106 106
106 107
106 113
106 114
106 115
107 107
107 113
107 114
107 115
108 108
108 115
109 109
109 110
109 111
110 110
110 111
111 111
111 112
112 112
113 113
113 114
113 115
114 114
114 115
115 115
