0 0
0 1
0 18
0 19
0 32
0 33
0 56
0 57
0 58
0 59
0 60
0 61
0 62
0 63
0 65
0 66
0 68
0 86
0 88
0 90
0 100
0 101
0 102
0 103
0 104
0 106
0 107
0 108
1 1
1 18
1 32
1 33
1 44
1 48
1 49
1 51
1 52
1 57
1 58
1 59
1 60
1 61
1 62
1 63
1 66
1 68
1 86
1 90
1 91
1 99
1 100
1 102
1 106
1 113
2 2
2 4
2 5
2 6
2 8
2 22
2 23
2 24
2 25
2 26
2 27
2 34
2 35
2 45
2 60
2 64
2 65
2 67
2 93
2 94
2 101
2 103
2 105
2 106
2 107
2 109
3 3
3 5
3 7
3 14
3 15
3 22
3 23
3 25
3 26
3 27
3 31
3 35
3 64
3 65
3 87
3 88
3 89
3 92
4 4
4 5
4 6
4 12
4 24
4 48
4 60
4 64
4 65
4 90
4 101
4 107
4 108
4 113
4 114
4 115
5 5
5 9
5 14
5 15
5 19
5 22
5 23
5 24
5 25
5 26
5 27
5 64
5 68
5 69
5 82
5 83
5 84
5 86
5 88
5 89
5 108
5 114
6 6
6 7
6 8
6 22
6 35
6 50
6 64
6 65
6 93
6 94
6 100
6 101
6 104
6 105
6 106
6 107
6 115
7 7
7 8
7 9
7 22
7 23
7 35
7 45
7 50
7 64
7 65
7 92
7 93
7 100
7 107
8 8
8 9
8 14
8 15
8 25
8 27
8 34
8 35
8 41
8 50
8 52
8 53
8 65
8 67
8 68
8 69
8 90
8 91
8 92
8 93
8 101
8 112
8 114
9 9
9 11
9 12
9 13
9 15
9 25
9 34
9 41
9 45
9 50
9 51
9 52
9 53
9 65
9 67
9 69
9 81
9 92
9 93
9 114
10 10
10 11
10 12
10 13
10 15
10 16
10 17
10 28
10 48
10 50
10 51
10 52
10 53
10 78
11 11
11 12
11 13
11 15
11 17
11 28
11 29
11 36
11 52
11 53
11 72
11 73
11 78
11 80
11 81
11 83
11 84
11 85
11 89
12 12
12 13
12 15
12 16
12 17
12 28
12 36
12 42
12 48
12 50
12 51
12 52
12 53
12 78
12 80
12 81
12 92
12 110
13 13
13 15
13 16
13 17
13 28
13 29
13 36
13 51
13 52
13 53
13 72
13 73
13 74
13 78
13 80
13 81
14 14
14 15
14 19
14 22
14 23
14 24
14 25
14 27
14 31
14 35
14 53
14 64
14 82
14 83
14 84
14 85
14 86
14 88
14 89
14 114
15 15
15 17
15 25
15 28
15 29
15 36
15 50
15 51
15 52
15 53
15 78
15 80
15 81
15 84
15 85
15 92
16 16
16 17
16 28
16 29
16 36
16 37
16 40
16 41
16 56
16 57
16 62
16 63
16 72
16 73
16 74
16 78
16 79
16 80
16 81
16 112
17 17
17 24
17 28
17 29
17 36
17 37
17 40
17 52
17 56
17 62
17 63
17 72
17 73
17 74
17 78
17 79
17 80
17 81
17 83
17 84
17 85
17 98
17 99
18 18
18 19
18 20
18 21
18 26
18 30
18 31
18 38
18 39
18 56
18 57
18 58
18 59
18 60
18 64
18 66
18 68
18 71
18 76
18 77
18 82
18 83
18 86
18 87
18 88
18 89
18 94
18 95
18 96
18 97
18 106
18 109
18 113
19 19
19 24
19 30
19 31
19 40
19 57
19 68
19 69
19 82
19 83
19 84
19 86
19 87
19 88
19 90
20 20
20 21
20 22
20 24
20 26
20 29
20 30
20 31
20 37
20 38
20 39
20 40
20 41
20 70
20 71
20 73
20 74
20 76
20 77
20 80
20 82
20 83
20 84
20 85
20 86
20 87
20 88
20 95
20 96
20 109
21 21
21 22
21 24
21 26
21 27
21 29
21 30
21 31
21 36
21 37
21 38
21 39
21 40
21 70
21 71
21 73
21 74
21 76
21 80
21 82
21 83
21 86
21 87
21 88
21 95
21 96
21 109
22 22
22 23
22 24
22 25
22 26
22 27
22 30
22 31
22 35
22 64
22 86
22 88
23 23
23 24
23 25
23 26
23 27
23 30
23 31
23 35
23 64
23 84
23 85
23 88
23 89
24 24
24 25
24 27
24 28
24 29
24 30
24 31
24 35
24 36
24 40
24 64
24 70
24 80
24 82
24 83
24 84
24 85
24 86
24 88
25 25
25 26
25 27
25 31
25 34
25 35
25 43
25 50
25 64
25 67
25 69
25 84
25 85
25 86
25 88
25 92
25 114
26 26
26 27
26 30
26 31
26 32
26 58
26 60
26 64
26 82
26 86
26 88
26 89
26 106
27 27
27 31
27 34
27 35
27 43
27 50
27 64
27 84
27 86
27 88
27 89
28 28
28 29
28 30
28 36
28 37
28 40
28 41
28 42
28 72
28 73
28 74
28 76
28 78
28 79
28 80
28 81
28 82
28 83
28 84
28 85
28 98
28 99
29 29
29 30
29 31
29 36
29 37
29 38
29 39
29 40
29 41
29 71
29 72
29 73
29 74
29 76
29 78
29 79
29 80
29 81
29 82
29 83
29 84
29 85
29 98
29 99
29 111
30 30
30 31
30 37
30 38
30 39
30 40
30 70
30 71
30 73
30 74
30 76
30 80
30 82
30 83
30 84
30 86
30 87
30 88
31 31
31 37
31 38
31 39
31 70
31 71
31 73
31 74
31 76
31 80
31 82
31 83
31 84
31 85
31 86
31 87
31 88
31 89
32 32
32 33
32 57
32 58
32 59
32 60
32 61
32 62
32 63
32 66
32 68
32 96
32 100
32 101
32 102
32 103
32 106
33 33
33 39
33 56
33 57
33 58
33 60
33 61
33 62
33 63
33 64
33 65
33 76
33 94
33 100
33 101
33 102
33 103
33 106
33 115
34 34
34 35
34 42
34 43
34 44
34 45
34 50
34 67
34 69
34 101
34 103
35 35
35 43
35 45
35 50
35 64
35 65
35 67
35 88
35 93
35 105
35 110
36 36
36 37
36 38
36 39
36 40
36 41
36 71
36 72
36 73
36 74
36 78
36 79
36 80
36 81
36 83
36 84
36 85
36 99
37 37
37 38
37 39
37 40
37 41
37 46
37 47
37 54
37 55
37 70
37 71
37 72
37 73
37 74
37 76
37 78
37 80
37 81
37 82
37 83
37 84
37 85
37 87
37 96
37 98
37 99
37 111
38 38
38 39
38 40
38 41
38 54
38 55
38 70
38 71
38 72
38 74
38 76
38 80
38 86
38 87
38 96
38 98
38 109
39 39
39 46
39 54
39 55
39 70
39 71
39 74
39 87
39 94
39 96
39 98
39 109
40 40
40 41
40 68
40 72
40 73
40 74
40 75
40 76
40 78
40 79
40 80
40 81
40 82
40 83
40 84
40 85
40 95
41 41
41 52
41 68
41 72
41 73
41 74
41 75
41 79
41 80
41 81
41 83
41 84
41 85
41 91
41 112
42 42
42 43
42 44
42 45
42 46
42 47
42 48
42 49
42 50
42 51
42 54
42 55
42 92
42 98
42 99
42 111
43 43
43 44
43 45
43 46
43 47
43 49
43 50
43 51
43 55
43 67
43 98
43 110
44 44
44 45
44 46
44 48
44 49
44 50
44 51
44 52
44 53
44 54
44 55
44 58
44 69
44 90
44 98
44 99
44 100
44 106
45 45
45 46
45 47
45 48
45 49
45 50
45 51
45 65
45 66
45 67
45 69
45 92
45 105
45 107
46 46
46 47
46 49
46 54
46 55
46 70
46 71
46 77
46 92
46 96
46 98
46 99
46 111
46 112
47 47
47 49
47 54
47 55
47 77
47 96
47 98
47 99
47 111
47 112
48 48
48 49
48 50
48 51
48 52
48 53
48 54
48 58
48 59
48 60
48 61
48 62
48 65
48 66
48 90
48 100
48 101
48 102
48 103
48 104
48 105
48 106
48 107
49 49
49 50
49 51
49 53
49 54
49 55
49 58
49 59
49 66
49 90
49 98
49 99
50 50
50 51
50 52
50 53
50 65
50 67
50 69
50 92
50 100
50 101
50 103
51 51
51 52
51 53
51 54
51 90
51 91
51 98
51 99
52 52
52 53
52 54
52 79
52 90
52 91
52 92
53 53
53 54
53 79
53 91
53 92
54 54
54 55
54 71
54 91
54 96
54 98
54 99
55 55
55 70
55 71
55 77
55 96
55 97
55 98
55 99
55 109
55 111
56 56
56 57
56 60
56 62
56 63
56 74
56 76
56 81
56 87
56 102
56 113
57 57
57 58
57 59
57 60
57 61
57 62
57 63
57 66
57 68
57 69
57 87
57 90
57 95
57 97
57 101
57 102
57 103
57 106
57 108
57 113
57 114
57 115
58 58
58 59
58 60
58 61
58 62
58 63
58 65
58 66
58 68
58 69
58 90
58 94
58 97
58 100
58 101
58 102
58 103
58 106
58 107
58 109
58 115
59 59
59 60
59 61
59 63
59 65
59 66
59 67
59 68
59 69
59 90
59 94
59 95
59 97
59 100
59 101
59 102
59 103
59 106
59 107
59 108
59 114
59 115
60 60
60 61
60 62
60 63
60 64
60 65
60 66
60 68
60 86
60 90
60 94
60 97
60 100
60 101
60 102
60 103
60 104
60 106
60 107
60 113
60 115
61 61
61 62
61 63
61 65
61 66
61 67
61 90
61 94
61 95
61 97
61 100
61 101
61 102
61 103
61 106
61 107
61 108
61 114
61 115
62 62
62 63
62 74
62 102
62 103
62 104
62 106
63 63
63 66
63 102
63 103
63 106
63 108
63 115
64 64
64 65
64 86
64 88
64 100
64 101
64 102
64 103
64 105
64 106
64 107
64 108
64 115
65 65
65 66
65 67
65 88
65 94
65 100
65 101
65 102
65 103
65 104
65 105
65 106
65 107
65 108
65 114
65 115
66 66
66 67
66 68
66 69
66 90
66 94
66 95
66 97
66 100
66 101
66 102
66 103
66 106
66 107
66 108
66 109
66 115
67 67
67 69
67 92
67 94
67 101
67 107
67 108
68 68
68 69
68 82
68 86
68 88
68 89
68 90
68 91
68 95
68 100
68 102
68 113
68 114
69 69
69 90
69 92
69 114
70 70
70 71
70 73
70 75
70 76
70 77
70 87
70 92
70 93
70 94
70 97
70 109
71 71
71 74
71 76
71 77
71 87
71 94
71 95
71 96
71 97
71 98
71 109
72 72
72 73
72 74
72 75
72 76
72 78
72 79
72 80
72 81
72 83
72 85
73 73
73 74
73 76
73 77
73 78
73 79
73 80
73 81
73 82
73 83
73 84
73 85
74 74
74 76
74 78
74 80
74 81
74 82
74 83
74 84
74 85
75 75
75 76
75 77
75 91
75 93
75 97
75 109
75 112
76 76
76 77
76 80
76 82
76 83
76 85
76 87
76 95
76 96
77 77
77 82
77 83
77 87
77 93
77 94
77 95
77 96
77 97
77 109
78 78
78 79
78 80
78 81
78 83
78 84
78 85
79 79
79 81
79 112
80 80
80 81
80 82
80 83
80 84
80 85
80 87
80 98
80 99
80 111
81 81
81 83
81 84
81 85
81 99
82 82
82 83
82 84
82 85
82 86
82 87
82 88
82 89
82 95
83 83
83 84
83 85
83 86
83 87
83 89
83 95
84 84
84 85
84 86
84 88
84 89
85 85
85 87
85 89
85 95
86 86
86 87
86 88
86 89
86 95
86 109
87 87
87 88
87 89
87 94
87 95
87 96
87 97
87 109
87 111
87 113
88 88
88 89
89 89
90 90
90 91
90 92
90 93
90 97
90 99
90 100
90 102
90 106
90 111
90 112
90 115
91 91
91 92
91 93
91 98
91 99
91 110
91 111
91 112
92 92
92 93
92 112
92 114
93 93
93 94
93 97
93 101
93 104
93 105
93 109
93 112
93 114
94 94
94 95
94 97
94 101
94 103
94 105
94 106
94 107
94 108
94 109
94 114
94 115
95 95
95 97
95 101
95 108
95 109
95 113
95 114
96 96
96 97
96 98
96 99
96 109
96 111
96 113
97 97
97 99
97 100
97 101
97 102
97 108
97 109
97 112
97 114
97 115
98 98
98 99
98 111
98 113
99 99
99 111
99 112
99 113
100 100
100 101
100 102
100 103
100 106
100 107
100 113
100 114
100 115
101 101
101 102
101 103
101 104
101 105
101 106
101 107
101 108
101 109
101 114
101 115
102 102
102 103
102 104
102 106
102 107
102 113
102 115
103 103
103 104
103 105
103 106
103 107
103 109
103 115
104 104
104 105
104 106
104 107
104 109
105 105
105 106
105 107
105 109
106 106
106 107
106 115
107 107
107 108
107 114
108 108
108 114
108 115
109 109
109 111
109 112
110 110
110 111
110 112
111 111
111 112
112 112
113 113
113 114
113 115
114 114
115 115
