0 0
0 10
0 11
0 16
0 17
0 18
0 20
0 28
0 29
0 30
0 31
0 32
0 33
0 36
0 37
0 40
0 41
0 54
0 56
0 60
0 62
0 63
0 64
0 72
0 73
0 74
0 75
0 76
0 79
0 80
0 81
0 84
0 85
0 86
0 88
0 89
1 1
1 11
1 17
1 20
1 29
1 32
1 33
1 37
1 54
1 56
1 57
1 63
1 73
1 75
1 76
1 79
1 81
1 87
2 2
2 4
2 6
2 8
2 18
2 22
2 23
2 35
2 88
2 112
3 3
3 5
3 7
3 9
3 15
3 22
3 23
3 24
3 25
3 26
3 27
3 34
3 35
3 39
3 61
3 64
3 65
3 68
3 77
3 78
3 83
3 84
3 85
3 87
3 88
3 89
4 4
4 5
4 6
4 8
4 12
4 26
4 44
4 45
4 47
4 48
4 49
4 51
4 53
4 58
4 66
4 67
4 69
4 70
4 90
4 91
4 93
4 99
4 100
4 101
4 103
4 104
4 105
4 107
4 110
4 111
4 112
5 5
5 9
5 15
5 22
5 23
5 24
5 25
5 26
5 27
5 34
5 39
5 61
5 64
5 87
5 90
5 92
5 105
5 107
5 114
5 115
6 6
6 8
6 12
6 14
6 16
6 28
6 60
6 82
6 99
6 111
6 112
7 7
7 23
7 25
7 34
7 50
7 52
7 59
7 65
7 88
7 105
7 107
8 8
8 12
8 14
8 53
8 58
8 67
8 69
8 82
8 90
8 91
8 93
8 94
8 99
8 101
8 103
8 104
8 110
9 9
9 23
9 24
9 25
9 26
9 27
9 34
9 35
9 61
9 90
9 91
9 92
9 93
9 105
9 107
9 113
9 114
9 115
10 10
10 11
10 12
10 13
10 14
10 15
10 17
10 20
10 21
10 28
10 29
10 30
10 31
10 32
10 55
10 62
10 63
10 71
10 72
10 73
10 75
10 83
10 84
10 85
10 109
11 11
11 13
11 15
11 17
11 20
11 21
11 29
11 30
11 31
11 41
11 61
11 62
11 63
11 65
11 73
11 75
11 76
11 77
11 79
11 84
11 85
12 12
12 14
12 16
12 28
12 29
12 44
12 45
12 48
12 49
12 51
12 58
12 60
12 62
12 70
12 72
13 13
13 14
13 15
13 17
13 21
13 25
13 27
13 30
13 31
13 61
13 65
13 71
13 73
13 75
13 77
13 83
13 84
13 85
14 14
14 15
14 21
14 23
14 28
14 30
14 31
14 71
14 82
14 83
14 84
14 97
14 115
15 15
15 16
15 17
15 20
15 21
15 22
15 23
15 25
15 27
15 28
15 30
15 31
15 41
15 61
15 63
15 64
15 65
15 71
15 74
15 75
15 77
15 78
15 79
15 83
15 84
15 85
15 97
16 16
16 17
16 28
16 29
16 30
16 31
16 32
16 33
16 36
16 41
16 56
16 60
16 62
16 63
16 72
16 73
16 74
16 75
16 76
16 77
16 79
16 80
16 81
16 85
17 17
17 20
17 28
17 29
17 30
17 31
17 32
17 33
17 36
17 41
17 56
17 57
17 60
17 62
17 63
17 72
17 73
17 74
17 75
17 76
17 77
17 79
17 80
17 81
17 84
17 85
17 109
18 18
18 19
18 20
18 29
18 30
18 31
18 32
18 33
18 41
18 54
18 60
18 63
18 72
18 74
18 75
18 76
18 81
18 88
19 19
19 38
19 39
19 40
19 68
19 69
19 80
19 82
19 86
19 87
19 94
19 96
19 98
20 20
20 21
20 29
20 30
20 31
20 32
20 39
20 41
20 50
20 60
20 62
20 63
20 64
20 65
20 71
20 75
20 84
20 85
20 88
21 21
21 27
21 28
21 30
21 31
21 41
21 64
21 71
21 83
21 84
21 85
22 22
22 23
22 24
22 25
22 26
22 27
22 30
22 31
22 34
22 35
22 40
22 64
22 65
22 71
22 78
22 83
22 84
22 85
22 88
22 89
22 113
23 23
23 24
23 25
23 26
23 27
23 31
23 34
23 35
23 64
23 65
23 77
23 78
23 82
23 83
23 84
23 85
23 88
23 97
23 105
23 113
23 114
23 115
24 24
24 25
24 26
24 27
24 34
24 38
24 61
24 65
24 90
25 25
25 26
25 27
25 30
25 31
25 34
25 35
25 37
25 41
25 61
25 64
25 65
25 77
25 78
25 79
25 83
25 84
25 85
25 88
25 89
26 26
26 27
26 34
26 39
26 64
26 90
26 92
26 105
26 107
26 114
27 27
27 34
27 39
27 61
27 64
27 65
27 78
27 83
27 84
27 85
27 87
27 89
27 92
27 113
28 28
28 29
28 30
28 31
28 32
28 33
28 36
28 40
28 41
28 60
28 62
28 63
28 71
28 72
28 73
28 74
28 75
28 76
28 78
28 79
28 80
28 81
28 82
28 83
28 85
28 95
28 97
28 109
29 29
29 30
29 31
29 32
29 33
29 36
29 37
29 40
29 41
29 56
29 60
29 62
29 63
29 72
29 73
29 74
29 75
29 76
29 77
29 79
29 80
29 81
29 84
29 85
30 30
30 31
30 32
30 33
30 36
30 40
30 41
30 60
30 62
30 63
30 64
30 65
30 72
30 73
30 74
30 75
30 76
30 77
30 78
30 79
30 80
30 81
30 83
30 84
30 85
30 88
30 95
30 109
31 31
31 32
31 33
31 36
31 37
31 40
31 41
31 60
31 63
31 64
31 65
31 72
31 73
31 74
31 75
31 76
31 77
31 78
31 79
31 81
31 83
31 84
31 85
31 88
31 95
31 109
32 32
32 33
32 36
32 41
32 56
32 57
32 60
32 62
32 63
32 72
32 73
32 74
32 75
32 76
32 79
32 80
32 81
32 109
33 33
33 36
33 37
33 41
33 54
33 56
33 57
33 60
33 62
33 63
33 72
33 73
33 74
33 75
33 76
33 79
33 80
33 81
34 34
34 35
34 39
34 50
34 64
34 65
34 78
34 88
34 105
34 114
35 35
35 64
35 65
35 84
35 88
36 36
36 37
36 38
36 40
36 41
36 54
36 56
36 60
36 62
36 63
36 72
36 73
36 74
36 75
36 76
36 79
36 80
36 81
36 82
36 83
36 84
36 85
36 86
36 87
36 95
37 37
37 38
37 40
37 41
37 54
37 61
37 63
37 72
37 73
37 74
37 75
37 76
37 77
37 78
37 79
37 81
37 85
37 86
37 87
37 89
38 38
38 39
38 40
38 41
38 54
38 55
38 56
38 57
38 82
38 86
38 87
38 89
38 94
39 39
39 52
39 59
39 69
39 82
39 89
39 92
39 94
39 101
39 104
39 107
40 40
40 41
40 54
40 55
40 72
40 74
40 75
40 78
40 79
40 80
40 81
40 82
40 83
40 84
40 85
40 86
41 41
41 63
41 64
41 72
41 73
41 74
41 75
41 76
41 77
41 78
41 79
41 80
41 81
41 83
41 84
41 85
41 88
41 89
42 42
42 43
42 44
42 45
42 46
42 47
42 49
42 51
42 55
42 66
42 67
42 69
42 96
42 98
42 102
42 108
42 110
43 43
43 44
43 45
43 46
43 47
43 49
43 55
43 58
43 66
43 67
43 96
43 102
43 108
43 110
44 44
44 45
44 46
44 47
44 48
44 49
44 51
44 58
44 60
44 62
44 66
44 96
44 108
44 110
45 45
45 46
45 47
45 48
45 49
45 51
45 58
45 66
45 67
45 69
45 91
45 96
45 99
45 102
45 108
45 110
46 46
46 47
46 49
46 55
46 66
46 80
46 96
46 98
46 99
46 102
46 108
46 110
47 47
47 48
47 49
47 51
47 53
47 59
47 66
47 67
47 69
47 90
47 91
47 93
47 96
47 98
47 100
47 101
47 102
47 103
47 104
47 105
47 110
48 48
48 49
48 50
48 51
48 52
48 53
48 58
48 59
48 66
48 67
48 69
48 90
48 91
48 93
48 101
48 102
48 103
48 104
48 106
48 107
49 49
49 51
49 53
49 58
49 59
49 66
49 67
49 69
49 90
49 91
49 93
49 99
49 101
49 102
49 103
49 104
49 106
49 107
49 110
50 50
50 51
50 52
50 65
50 84
50 104
50 106
50 107
50 109
50 111
50 113
50 114
51 51
51 53
51 58
51 66
51 90
51 91
51 93
51 99
51 101
51 102
51 103
51 104
51 105
51 106
51 107
51 111
51 113
51 114
52 52
52 53
52 59
52 93
52 94
52 103
52 104
52 105
52 106
52 107
53 53
53 58
53 67
53 68
53 69
53 90
53 91
53 93
53 100
53 102
53 103
53 104
53 105
53 107
54 54
54 55
54 57
54 75
54 76
54 77
54 86
54 88
54 89
54 96
55 55
55 86
55 89
55 96
56 56
56 57
56 60
56 62
56 63
56 74
56 76
56 79
56 80
56 81
57 57
57 63
57 68
57 76
57 79
57 88
58 58
58 59
58 60
58 66
58 67
58 108
59 59
59 66
59 67
59 69
59 90
59 91
59 92
59 93
59 98
59 100
59 101
59 102
59 103
59 104
59 106
59 107
60 60
60 62
60 63
60 72
60 73
60 74
60 75
60 76
60 80
60 81
61 61
61 63
61 64
61 65
61 84
61 85
61 88
61 89
62 62
62 63
62 72
62 73
62 74
62 75
62 76
62 79
62 80
62 81
63 63
63 72
63 73
63 74
63 75
63 76
63 77
63 79
63 81
63 84
63 85
64 64
64 65
64 75
64 77
64 78
64 81
64 83
64 84
64 85
64 88
64 89
65 65
65 75
65 79
65 84
65 85
65 88
65 89
66 66
66 67
66 69
66 91
66 96
66 98
66 101
66 102
66 103
66 104
66 110
67 67
67 69
67 90
67 91
67 93
67 96
67 100
67 101
67 102
67 103
67 104
67 105
67 107
67 110
68 68
68 69
68 90
68 98
68 106
69 69
69 90
69 91
69 92
69 93
69 94
69 96
69 98
69 99
69 100
69 101
69 102
69 103
69 104
69 105
69 107
69 110
70 70
70 71
70 91
70 93
70 101
71 71
71 78
71 83
72 72
72 73
72 74
72 75
72 76
72 77
72 78
72 79
72 80
72 81
72 84
72 85
72 109
73 73
73 74
73 75
73 76
73 77
73 79
73 80
73 81
73 85
74 74
74 75
74 76
74 77
74 79
74 80
74 81
74 84
74 85
74 86
74 95
75 75
75 76
75 77
75 78
75 79
75 80
75 81
75 83
75 84
75 85
75 86
75 88
75 95
76 76
76 77
76 79
76 80
76 81
76 84
76 85
76 86
76 88
76 95
77 77
77 78
77 79
77 81
77 83
77 84
77 85
77 87
77 95
78 78
78 79
78 81
78 82
78 83
78 84
78 85
79 79
79 80
79 81
79 84
79 85
79 86
80 80
80 81
80 82
80 86
80 97
80 108
81 81
81 84
81 85
81 86
81 88
81 95
81 109
82 82
82 83
82 114
83 83
83 84
83 85
83 87
83 95
83 97
83 115
84 84
84 85
84 88
84 89
84 109
85 85
85 88
85 89
85 95
85 109
86 86
86 87
86 89
86 96
87 87
87 98
88 88
88 89
89 89
90 90
90 91
90 92
90 93
90 94
90 98
90 99
90 100
90 101
90 102
90 103
90 104
90 105
90 107
90 110
90 111
90 113
90 114
90 115
91 91
91 92
91 93
91 94
91 98
91 99
91 100
91 101
91 102
91 103
91 104
91 105
91 106
91 107
91 110
91 111
91 112
91 113
91 114
91 115
92 92
92 93
92 98
92 99
92 100
92 101
92 102
92 103
92 104
92 105
92 106
92 107
92 111
92 112
92 113
92 114
92 115
93 93
93 94
93 98
93 99
93 100
93 101
93 102
93 103
93 104
93 105
93 106
93 107
93 111
93 112
93 113
93 114
93 115
94 94
94 96
94 98
94 101
94 102
94 103
94 104
94 105
94 107
94 110
95 95
95 97
95 108
95 109
95 115
96 96
96 98
96 102
96 110
97 97
97 99
97 109
97 111
97 113
97 114
97 115
98 98
98 99
98 101
98 102
98 103
98 112
99 99
99 101
99 102
99 103
99 104
99 105
99 107
99 111
99 112
99 113
99 114
99 115
100 100
100 102
100 103
100 104
100 105
100 106
100 107
100 112
100 114
101 101
101 102
101 103
101 104
101 105
101 107
101 110
102 102
102 103
102 104
102 105
102 106
102 107
102 110
102 112
103 103
103 104
103 105
103 106
103 107
103 110
103 111
103 113
103 114
103 115
104 104
104 105
104 106
104 107
104 111
104 112
104 113
104 114
104 115
105 105
105 106
105 107
105 111
105 113
105 114
105 115
106 106
106 107
106 112
106 114
107 107
107 113
107 114
107 115
108 108
108 109
108 110
109 109
109 111
109 113
109 114
109 115
110 110
111 111
111 112
111 113
111 114
111 115
112 112
112 113
112 114
113 113
113 114
113 115
114 114
114 115
115 115
