0 0
0 1
0 10
0 16
0 17
0 18
0 19
0 56
0 57
0 62
0 63
0 68
0 70
0 72
0 75
0 76
0 78
0 79
0 80
0 81
0 93
0 99
0 100
0 101
0 102
0 103
1 1
1 11
1 17
1 18
1 32
1 37
1 56
1 57
1 60
1 62
1 63
1 68
1 69
1 78
1 79
1 81
1 98
1 99
1 102
1 103
1 104
1 112
2 2
2 3
2 6
2 7
2 9
2 13
2 14
2 15
2 22
2 23
2 26
2 30
2 31
2 87
2 88
2 92
2 100
3 3
3 6
3 7
3 9
3 10
3 13
3 21
3 22
3 23
3 25
3 31
3 41
3 48
3 51
3 52
3 53
3 71
3 82
3 83
3 89
3 92
4 4
4 8
4 11
4 13
4 14
4 15
4 35
4 40
4 41
4 53
4 65
4 68
4 89
4 92
4 94
4 103
4 105
4 107
5 5
5 8
5 9
5 20
5 21
5 22
5 24
5 25
5 26
5 27
5 41
5 71
5 87
5 104
5 105
5 107
5 108
5 110
5 111
6 6
6 7
6 9
6 10
6 13
6 14
6 22
6 23
6 31
6 41
6 48
6 52
6 92
6 100
7 7
7 9
7 10
7 12
7 13
7 20
7 22
7 23
7 25
7 26
7 27
7 31
7 41
7 44
7 45
7 48
7 49
7 87
7 92
7 100
8 8
8 13
8 14
8 15
8 19
8 28
8 33
8 40
8 60
8 68
8 69
8 78
8 80
8 91
8 92
8 93
8 94
9 9
9 12
9 20
9 21
9 22
9 23
9 24
9 25
9 26
9 27
9 41
9 44
9 45
9 49
9 83
9 87
9 112
10 10
10 11
10 12
10 13
10 14
10 17
10 22
10 23
10 25
10 31
10 45
10 48
10 49
10 51
10 53
10 72
10 82
11 11
11 12
11 13
11 16
11 17
11 29
11 51
11 53
11 56
11 58
11 60
11 61
11 63
11 65
11 66
11 101
11 106
12 12
12 13
12 20
12 21
12 22
12 24
12 25
12 27
12 43
12 51
12 58
12 59
12 61
12 65
12 70
12 83
13 13
13 14
13 15
13 17
13 23
13 29
13 52
13 53
13 60
13 61
13 65
13 92
13 100
13 114
14 14
14 15
14 23
14 30
14 33
14 40
14 80
15 15
15 28
15 29
15 33
15 40
15 60
15 62
15 72
15 81
15 92
15 93
16 16
16 17
16 18
16 19
16 28
16 29
16 32
16 43
16 56
16 62
16 63
16 68
16 69
16 70
16 72
16 73
16 74
16 75
16 76
16 78
16 79
16 80
16 81
16 86
16 100
16 109
17 17
17 28
17 29
17 56
17 62
17 63
17 70
17 72
17 73
17 74
17 75
17 76
17 77
17 78
17 79
17 80
17 81
17 85
17 100
17 101
17 102
17 109
18 18
18 19
18 28
18 32
18 37
18 57
18 62
18 63
18 66
18 68
18 69
18 70
18 72
18 73
18 74
18 75
18 76
18 77
18 78
18 79
18 80
18 81
18 91
18 93
18 96
18 97
18 99
18 101
18 106
18 108
18 109
18 115
19 19
19 28
19 29
19 32
19 62
19 68
19 69
19 70
19 72
19 73
19 74
19 75
19 76
19 78
19 79
19 80
19 81
19 91
19 95
19 97
19 99
19 108
19 115
20 20
20 21
20 22
20 24
20 25
20 26
20 27
20 41
20 43
20 45
20 59
20 70
20 71
20 75
20 82
20 83
20 87
20 108
20 111
21 21
21 22
21 24
21 25
21 27
21 34
21 41
21 48
21 55
21 61
21 65
21 70
21 71
21 83
21 97
21 105
21 107
21 108
21 111
21 115
22 22
22 23
22 24
22 25
22 26
22 27
22 31
22 34
22 41
22 48
22 71
22 92
23 23
23 25
23 30
23 31
23 48
23 52
23 71
23 92
24 24
24 25
24 26
24 27
24 35
24 38
24 41
24 43
24 45
24 55
24 59
24 71
24 87
24 91
24 97
24 104
24 105
24 108
24 110
24 111
24 115
25 25
25 27
25 31
25 38
25 41
25 42
25 43
25 44
25 45
25 48
25 49
25 51
25 55
25 64
25 65
25 71
25 82
25 111
26 26
26 27
26 38
26 40
26 41
26 43
26 44
26 71
26 86
26 87
26 104
26 105
26 108
26 110
26 111
27 27
27 38
27 41
27 43
27 44
27 45
27 48
27 49
27 50
27 51
27 55
27 59
27 71
27 82
27 83
27 108
27 111
28 28
28 29
28 30
28 32
28 33
28 60
28 62
28 63
28 68
28 69
28 70
28 72
28 73
28 74
28 75
28 76
28 77
28 78
28 79
28 80
28 81
28 82
28 85
29 29
29 32
29 33
29 60
29 62
29 63
29 68
29 70
29 72
29 73
29 74
29 75
29 76
29 78
29 79
29 80
29 81
29 83
29 85
29 86
29 109
30 30
30 31
30 33
30 40
30 44
30 64
30 71
30 72
30 73
30 74
30 75
30 80
30 84
30 85
31 31
31 44
31 45
31 48
31 49
31 51
31 64
31 71
31 82
32 32
32 33
32 34
32 57
32 60
32 62
32 63
32 66
32 68
32 69
32 72
32 73
32 74
32 75
32 76
32 78
32 79
32 80
32 81
32 85
32 96
32 106
32 109
32 115
33 33
33 34
33 35
33 40
33 57
33 60
33 63
33 64
33 65
33 66
33 67
33 78
33 79
33 81
33 85
34 34
34 35
34 39
34 40
34 94
34 96
34 104
34 105
34 113
35 35
35 36
35 37
35 38
35 39
35 40
35 41
35 47
35 55
35 66
35 67
35 77
35 91
35 96
35 97
35 105
35 107
35 110
36 36
36 37
36 38
36 39
36 40
36 41
36 42
36 46
36 54
36 55
36 57
36 76
36 77
36 84
36 86
36 88
36 94
36 95
36 96
36 97
36 98
36 104
36 105
36 108
36 109
36 110
36 115
37 37
37 38
37 39
37 40
37 41
37 42
37 54
37 55
37 57
37 76
37 77
37 78
37 89
37 95
37 96
37 97
37 108
37 109
37 110
37 115
38 38
38 39
38 40
38 41
38 42
38 47
38 54
38 55
38 86
38 87
38 88
38 94
38 95
38 96
38 97
38 104
38 105
38 108
38 110
39 39
39 40
39 41
39 47
39 53
39 54
39 55
39 67
39 88
39 94
39 95
39 96
39 97
39 104
39 105
39 110
40 40
40 42
40 77
40 78
40 79
40 80
40 81
40 84
40 86
40 94
40 96
40 97
40 104
40 105
40 108
40 109
40 110
41 41
41 55
41 59
41 71
41 83
41 105
41 107
41 108
41 110
41 111
42 42
42 43
42 44
42 45
42 46
42 47
42 48
42 49
42 51
42 55
42 71
42 76
42 77
42 82
42 107
42 110
42 111
43 43
43 44
43 45
43 46
43 49
43 51
43 86
43 87
43 99
43 107
43 108
43 115
44 44
44 45
44 46
44 48
44 49
44 50
44 51
44 59
44 64
44 67
44 87
45 45
45 47
45 48
45 49
45 51
45 59
45 67
45 83
45 87
46 46
46 47
46 48
46 49
46 50
46 51
46 52
46 54
46 55
46 57
46 84
46 85
46 89
46 96
46 98
46 99
46 105
46 106
46 109
46 111
46 112
46 113
46 114
47 47
47 53
47 55
47 67
47 90
47 91
47 96
47 97
47 98
47 99
47 103
47 104
47 105
47 107
47 110
47 111
47 112
48 48
48 49
48 50
48 51
48 52
48 53
48 55
48 59
48 61
48 65
48 82
48 89
49 49
49 50
49 51
49 58
49 59
49 82
49 112
50 50
50 51
50 52
50 54
50 57
50 58
50 59
50 61
50 82
50 84
50 85
50 109
50 114
51 51
51 53
51 54
51 55
51 59
51 61
51 64
51 65
51 82
51 89
51 114
52 52
52 53
52 54
52 84
52 88
52 89
52 90
52 92
52 93
52 100
52 101
52 102
52 114
53 53
53 54
53 55
53 65
53 88
53 89
53 90
53 94
54 54
54 55
54 56
54 58
54 84
54 86
54 88
54 89
54 95
54 96
54 97
54 98
54 112
55 55
55 59
55 65
55 89
55 94
55 95
55 96
55 97
55 98
55 99
55 104
55 105
55 108
55 110
55 111
55 112
55 115
56 56
56 57
56 58
56 62
56 63
56 75
56 76
56 79
56 81
56 98
56 99
56 100
56 101
56 102
56 103
57 57
57 62
57 63
57 68
57 69
57 79
57 80
57 81
57 85
57 96
57 98
57 99
57 102
57 104
57 105
57 115
58 58
58 59
58 60
58 61
58 65
58 66
58 67
58 84
59 59
59 61
59 65
59 66
59 67
59 83
60 60
60 61
60 62
60 63
60 64
60 65
60 66
60 67
60 79
60 81
60 85
61 61
61 63
61 65
61 66
61 83
61 106
62 62
62 63
62 66
62 68
62 69
62 70
62 72
62 74
62 75
62 76
62 78
62 79
62 80
62 81
62 96
62 97
62 99
62 102
62 103
62 106
62 107
62 109
62 110
62 115
63 63
63 66
63 68
63 69
63 72
63 74
63 75
63 76
63 78
63 79
63 81
63 85
63 99
63 102
63 104
63 106
63 108
63 109
63 115
64 64
64 65
64 84
64 85
64 106
64 114
65 65
65 66
65 67
65 89
66 66
66 67
66 68
66 69
66 106
66 107
67 67
67 90
67 91
67 104
67 107
67 110
67 112
68 68
68 69
68 70
68 72
68 74
68 75
68 76
68 78
68 79
68 80
68 81
68 91
68 94
68 95
68 96
68 97
68 99
68 101
68 103
68 104
68 107
68 108
68 109
68 115
69 69
69 70
69 79
69 81
69 91
69 93
69 97
69 101
69 103
69 104
69 107
69 108
69 115
70 70
70 71
70 72
70 73
70 74
70 75
70 76
70 83
70 93
70 101
71 71
71 73
71 74
71 75
71 76
71 77
71 82
72 72
72 73
72 74
72 75
72 76
72 77
72 78
72 79
72 80
72 81
72 82
72 84
72 85
72 86
72 106
72 109
73 73
73 74
73 75
73 76
73 77
73 79
73 80
73 82
73 84
73 85
73 86
73 95
73 109
74 74
74 75
74 76
74 77
74 78
74 79
74 80
74 84
74 85
74 96
74 108
74 109
74 115
75 75
75 76
75 77
75 79
75 80
75 81
75 82
75 102
75 109
76 76
76 77
76 78
76 79
76 80
76 81
76 84
76 85
76 86
76 95
76 96
76 97
76 98
76 99
76 108
76 109
76 115
77 77
77 78
77 79
77 80
77 81
77 84
77 88
77 95
77 96
77 97
77 109
77 110
78 78
78 79
78 80
78 81
78 84
78 85
78 95
78 96
78 97
78 99
78 106
78 109
78 113
78 114
78 115
79 79
79 80
79 81
79 84
79 85
79 86
79 96
79 102
79 109
80 80
80 81
80 82
80 85
80 86
80 94
80 96
81 81
81 84
81 85
81 86
81 96
81 102
81 106
82 82
82 83
82 86
83 83
83 101
84 84
84 85
84 88
84 89
84 95
84 96
84 109
84 114
85 85
85 89
85 95
85 96
85 109
85 114
86 86
86 87
86 95
86 96
86 98
86 99
86 104
86 108
86 115
87 87
87 91
87 104
87 110
87 112
88 88
88 89
88 90
88 92
88 95
88 97
88 114
89 89
89 95
89 109
89 113
89 114
90 90
90 91
90 92
90 93
90 98
90 100
90 101
90 102
90 103
90 106
90 112
91 91
91 93
91 97
91 98
91 99
91 101
91 103
91 104
91 107
91 110
91 115
92 92
92 93
92 100
92 101
92 102
92 103
92 106
92 113
92 114
93 93
93 100
93 101
93 102
93 103
93 106
93 113
94 94
94 95
94 96
94 97
94 99
94 104
94 105
94 110
94 115
95 95
95 96
95 97
95 98
95 99
95 105
95 108
95 109
95 110
95 111
95 113
95 115
96 96
96 97
96 98
96 99
96 104
96 105
96 108
96 109
96 110
96 111
96 113
96 114
96 115
97 97
97 98
97 99
97 104
97 105
97 107
97 108
97 109
97 110
97 111
97 112
97 115
98 98
98 99
98 101
98 102
98 103
98 104
98 105
98 106
98 109
98 110
98 111
98 112
98 113
98 115
99 99
99 101
99 103
99 104
99 105
99 107
99 108
99 109
99 110
99 111
99 112
99 113
99 114
99 115
100 100
100 101
100 102
100 103
100 106
100 113
101 101
101 102
101 103
101 106
101 107
102 102
102 103
102 106
102 113
102 114
103 103
103 104
103 106
103 107
103 113
104 104
104 105
104 108
104 110
104 111
104 112
104 115
105 105
105 107
105 108
105 110
105 111
105 112
105 113
105 115
106 106
106 107
106 109
106 114
106 115
107 107
107 110
107 115
108 108
108 109
108 110
108 111
108 115
109 109
109 111
109 113
109 114
109 115
110 110
110 111
110 115
111 111
111 112
111 113
111 114
111 115
112 112
112 113
113 113
113 114
114 114
114 115
115 115
