0 0
0 1
0 8
0 10
0 11
0 12
0 13
0 14
0 16
0 18
0 19
0 52
0 57
0 58
0 59
0 60
0 61
0 63
0 65
0 76
0 82
0 86
0 90
0 91
0 92
0 93
0 95
0 102
0 103
0 107
1 1
1 10
1 11
1 12
1 13
1 14
1 15
1 16
1 17
1 19
1 56
1 57
1 58
1 59
1 60
1 61
1 62
1 63
1 65
1 68
1 69
1 75
1 80
1 82
1 83
1 90
1 92
1 93
1 102
1 106
1 107
1 112
2 2
2 4
2 5
2 6
2 7
2 18
2 21
2 22
2 23
2 24
2 25
2 26
2 27
2 30
2 31
2 32
2 33
2 34
2 35
2 43
2 44
2 45
2 48
2 66
2 67
2 94
2 110
3 3
3 5
3 7
3 11
3 18
3 19
3 23
3 33
3 67
3 90
3 92
3 102
3 103
3 112
3 113
4 4
4 5
4 6
4 7
4 8
4 9
4 12
4 20
4 21
4 22
4 24
4 25
4 27
4 35
4 48
4 51
4 67
4 79
4 89
4 108
5 5
5 7
5 21
5 22
5 23
5 24
5 25
5 26
5 27
5 30
5 31
5 34
5 35
5 42
5 43
5 45
5 48
5 49
5 50
5 51
5 66
5 67
5 88
5 89
6 6
6 7
6 8
6 9
6 16
6 32
6 44
6 60
6 64
6 66
6 67
6 79
6 101
7 7
7 9
7 11
7 13
7 45
7 49
7 51
7 60
7 61
7 64
7 65
7 67
7 83
8 8
8 9
8 10
8 12
8 13
8 14
8 15
8 16
8 48
8 52
8 54
8 58
8 61
8 64
8 65
8 82
8 83
8 89
8 93
8 94
8 115
9 9
9 11
9 13
9 15
9 29
9 45
9 49
9 51
9 60
9 61
9 64
9 65
9 67
9 80
9 83
9 89
9 93
10 10
10 11
10 12
10 13
10 14
10 15
10 18
10 23
10 38
10 50
10 52
10 54
10 57
10 82
10 84
10 85
10 86
10 93
10 98
10 100
11 11
11 12
11 13
11 14
11 15
11 49
11 51
11 61
11 65
11 83
11 84
11 85
11 89
11 92
11 93
12 12
12 13
12 14
12 15
12 17
12 38
12 48
12 50
12 52
12 54
12 82
12 86
12 89
12 92
12 93
13 13
13 14
13 15
13 16
13 17
13 29
13 36
13 49
13 65
13 83
13 85
13 89
13 90
13 92
13 93
13 102
14 14
14 15
14 20
14 23
14 28
14 38
14 50
14 52
14 53
14 54
14 55
14 82
14 84
14 85
14 86
14 87
14 88
14 89
14 91
14 92
14 93
14 98
14 100
15 15
15 16
15 17
15 28
15 29
15 36
15 37
15 49
15 60
15 61
15 64
15 65
15 80
15 82
15 83
15 85
15 87
15 89
15 92
15 93
15 100
16 16
16 17
16 28
16 29
16 36
16 56
16 58
16 60
16 61
16 62
16 63
16 64
16 72
16 74
16 75
16 78
16 79
16 80
16 81
16 82
16 83
16 101
16 106
16 107
17 17
17 28
17 29
17 36
17 39
17 53
17 56
17 61
17 62
17 63
17 65
17 71
17 72
17 78
17 79
17 80
17 81
17 83
17 92
18 18
18 19
18 22
18 23
18 48
18 50
18 52
18 57
18 90
18 91
19 19
19 32
19 33
19 56
19 57
19 59
19 62
19 63
19 68
19 69
19 73
19 76
19 77
19 80
19 81
19 82
19 90
19 91
19 92
19 93
19 101
19 102
19 109
19 111
19 112
20 20
20 21
20 22
20 24
20 26
20 27
20 30
20 31
20 38
20 39
20 41
20 50
20 52
20 53
20 55
20 57
20 70
20 71
20 73
20 75
20 97
21 21
21 22
21 23
21 24
21 25
21 26
21 27
21 30
21 31
21 34
21 35
21 38
21 39
21 41
21 43
21 48
21 50
21 51
21 54
21 55
21 70
21 71
21 88
21 89
21 94
21 97
22 22
22 23
22 24
22 25
22 26
22 27
22 30
22 31
22 34
22 35
22 38
22 39
22 48
22 50
22 51
22 52
22 67
22 71
22 84
22 88
22 94
23 23
23 24
23 25
23 26
23 27
23 30
23 31
23 34
23 35
23 38
23 39
23 48
23 50
23 51
23 52
23 53
23 54
23 55
23 71
23 84
23 87
23 88
23 89
23 94
24 24
24 25
24 26
24 27
24 30
24 31
24 34
24 35
24 38
24 39
24 42
24 43
24 48
24 50
24 51
24 67
24 71
24 84
24 88
24 94
24 108
24 110
25 25
25 26
25 27
25 30
25 31
25 33
25 34
25 35
25 40
25 42
25 43
25 44
25 45
25 48
25 50
25 51
25 67
25 71
25 84
25 88
25 94
25 110
26 26
26 27
26 30
26 31
26 34
26 35
26 38
26 39
26 42
26 43
26 46
26 48
26 50
26 51
26 52
26 55
26 70
26 71
26 88
26 89
26 94
26 97
26 108
27 27
27 30
27 31
27 34
27 35
27 38
27 39
27 42
27 43
27 48
27 50
27 51
27 52
27 67
27 70
27 71
27 88
27 89
27 94
27 97
28 28
28 29
28 36
28 37
28 40
28 60
28 62
28 63
28 64
28 72
28 74
28 76
28 77
28 78
28 79
28 80
28 81
28 82
28 83
29 29
29 36
29 37
29 40
29 53
29 56
29 61
29 62
29 63
29 65
29 71
29 72
29 73
29 74
29 75
29 78
29 79
29 80
29 81
29 83
30 30
30 31
30 32
30 33
30 34
30 35
30 40
30 43
30 50
30 70
30 71
30 84
30 88
31 31
31 33
31 34
31 35
31 40
31 42
31 43
31 48
31 70
31 71
31 84
31 88
31 96
32 32
32 33
32 45
32 56
32 57
32 60
32 62
32 64
32 66
32 68
32 72
32 76
32 78
32 80
32 103
32 106
32 107
33 33
33 34
33 35
33 43
33 45
33 66
33 67
33 68
33 69
33 76
33 103
34 34
34 35
34 43
34 44
34 45
34 48
34 51
34 66
34 67
34 94
34 110
35 35
35 39
35 40
35 43
35 44
35 45
35 48
35 49
35 51
35 66
35 67
35 94
35 108
35 110
36 36
36 37
36 40
36 41
36 56
36 62
36 63
36 72
36 73
36 74
36 75
36 76
36 77
36 78
36 79
36 80
36 81
36 82
36 83
36 84
36 85
36 95
37 37
37 38
37 39
37 40
37 41
37 53
37 55
37 72
37 73
37 74
37 75
37 76
37 77
37 78
37 81
37 82
37 84
37 85
37 86
37 95
37 96
37 97
37 106
37 107
37 109
38 38
38 39
38 41
38 48
38 52
38 53
38 54
38 55
38 71
38 77
38 82
38 84
38 85
38 86
38 87
38 88
38 89
38 91
38 94
38 95
38 96
38 97
38 98
38 99
38 104
38 108
38 109
38 110
38 115
39 39
39 41
39 52
39 53
39 54
39 55
39 70
39 71
39 79
39 87
39 88
39 89
39 94
39 96
39 97
39 98
39 99
39 104
39 105
39 108
39 109
39 110
39 114
39 115
40 40
40 41
40 72
40 73
40 74
40 76
40 84
40 96
41 41
41 53
41 55
41 70
41 71
41 73
41 74
41 75
41 77
41 82
41 84
41 85
41 86
41 91
41 95
41 98
41 105
41 109
42 42
42 43
42 44
42 46
42 47
42 70
42 71
42 77
42 96
42 97
42 99
42 109
42 110
42 111
43 43
43 44
43 45
43 46
43 47
43 51
43 66
43 67
43 96
43 97
43 103
43 110
43 111
43 113
44 44
44 45
44 48
44 66
44 67
44 110
45 45
45 49
45 51
45 66
45 67
46 46
46 47
46 53
46 55
46 56
46 70
46 71
46 96
46 97
46 98
46 99
46 109
46 111
46 112
46 113
47 47
47 55
47 77
47 92
47 93
47 96
47 97
47 99
47 109
47 110
47 111
47 112
47 113
48 48
48 49
48 50
48 51
48 52
48 67
48 88
48 89
48 94
48 108
49 49
49 51
49 61
49 65
49 67
49 83
49 89
49 92
49 108
50 50
50 51
50 52
50 53
50 54
50 55
50 71
50 84
50 85
50 88
50 89
51 51
51 65
51 67
51 88
51 89
52 52
52 53
52 54
52 55
52 88
52 89
52 90
52 91
52 92
52 98
52 105
52 115
53 53
53 54
53 55
53 71
53 86
53 88
53 90
53 91
53 96
53 98
53 99
54 54
54 55
54 82
54 86
54 87
54 88
54 89
54 90
54 91
54 94
54 96
54 97
54 98
54 99
54 100
54 105
54 115
55 55
55 70
55 71
55 86
55 87
55 89
55 90
55 91
55 94
55 96
55 97
55 98
55 99
56 56
56 57
56 58
56 60
56 61
56 62
56 63
56 68
56 72
56 75
56 76
56 77
56 78
56 80
56 81
56 106
56 107
56 109
56 111
57 57
57 59
57 62
57 63
57 68
57 69
57 70
57 73
57 75
57 76
57 80
57 81
57 82
57 84
57 85
57 86
57 102
57 113
58 58
58 59
58 60
58 61
58 62
58 63
58 65
58 66
58 68
58 80
58 93
58 95
58 99
58 101
58 102
58 106
58 107
59 59
59 60
59 61
59 62
59 63
59 66
59 69
59 80
59 90
59 91
59 98
59 101
59 102
59 106
59 111
60 60
60 61
60 62
60 63
60 64
60 65
60 69
60 72
60 80
60 83
60 101
60 102
60 106
60 107
61 61
61 62
61 63
61 64
61 65
61 69
61 80
61 83
61 89
61 90
61 102
61 105
61 106
61 107
62 62
62 63
62 64
62 68
62 72
62 73
62 74
62 75
62 76
62 77
62 78
62 79
62 80
62 81
62 83
62 101
62 102
62 106
62 107
62 111
62 112
63 63
63 65
63 68
63 72
63 74
63 75
63 78
63 79
63 80
63 81
63 82
63 86
63 102
63 106
63 107
64 64
64 65
64 66
64 72
64 80
64 83
64 106
65 65
65 83
65 89
65 92
65 93
65 106
66 66
66 67
66 68
66 101
66 103
66 106
67 67
67 69
67 103
67 110
68 68
68 69
68 77
68 78
68 80
68 81
68 95
68 106
68 107
69 69
69 80
69 90
69 93
69 100
69 101
69 102
69 103
69 105
69 106
69 110
69 111
69 112
69 114
69 115
70 70
70 71
70 72
70 73
70 75
70 76
70 77
70 81
70 84
70 97
70 113
71 71
71 73
71 75
71 77
71 97
71 104
72 72
72 73
72 74
72 75
72 76
72 77
72 78
72 79
72 80
72 81
72 83
72 101
72 106
73 73
73 74
73 75
73 76
73 77
73 81
73 85
73 91
73 102
74 74
74 75
74 76
74 86
75 75
75 76
75 77
75 84
75 85
75 95
76 76
76 77
76 78
76 86
76 95
76 96
76 103
76 111
77 77
77 78
77 82
77 84
77 92
77 94
77 95
77 96
77 110
77 111
78 78
78 79
78 80
78 81
79 79
79 80
79 81
79 101
79 104
79 108
80 80
80 81
80 83
80 85
80 102
81 81
81 84
81 85
81 105
81 109
82 82
82 83
82 84
82 85
82 86
82 87
82 90
82 91
82 93
82 95
82 98
82 100
82 107
82 109
82 114
83 83
83 92
84 84
84 85
84 86
84 87
84 88
84 95
85 85
85 87
85 114
85 115
86 86
86 87
86 88
86 91
86 93
86 95
86 96
86 98
86 99
86 102
86 107
86 111
87 87
87 88
87 89
87 94
87 98
87 105
87 114
88 88
88 89
88 94
89 89
89 90
90 90
90 91
90 92
90 93
90 98
90 99
90 102
90 104
90 105
90 108
90 112
90 114
90 115
91 91
91 92
91 93
91 95
91 98
91 99
91 101
91 103
91 105
91 108
91 109
91 111
91 112
91 114
91 115
92 92
92 98
92 99
92 101
92 105
92 112
92 115
93 93
93 99
93 100
93 102
93 104
93 111
93 112
93 113
94 94
94 96
94 97
94 99
94 104
94 105
94 108
94 110
94 114
94 115
95 95
95 99
95 107
95 108
95 109
96 96
96 97
96 98
96 99
96 109
96 110
96 111
96 113
97 97
97 98
97 99
97 102
97 109
97 110
97 111
97 112
97 113
98 98
98 99
98 100
98 111
98 114
98 115
99 99
99 101
99 102
99 103
99 104
99 109
99 110
99 111
99 112
99 113
99 115
100 100
100 113
101 101
101 102
101 103
101 104
101 105
101 110
101 111
101 112
101 114
101 115
102 102
102 103
102 107
102 111
102 112
102 113
103 103
103 106
103 110
103 111
103 112
103 113
103 114
104 104
104 105
104 108
104 110
104 111
104 112
104 114
104 115
105 105
105 108
105 109
105 112
105 114
105 115
106 106
106 107
107 107
107 109
107 112
108 108
108 109
108 115
109 109
109 110
109 111
109 112
110 110
110 111
110 112
110 113
111 111
111 112
111 113
111 114
112 112
112 113
113 113
113 114
114 114
114 115
115 115
