0 0
0 1
0 4
0 6
0 10
0 12
0 16
0 18
0 19
0 20
0 21
0 28
0 42
0 43
0 44
0 56
0 57
0 62
0 70
0 72
0 74
0 76
0 78
0 80
0 90
0 99
0 101
1 1
1 4
1 6
1 10
1 11
1 19
1 26
1 29
1 41
1 42
1 43
1 46
1 51
1 56
1 57
1 61
1 63
1 70
1 72
1 73
1 74
1 75
1 76
1 80
1 82
1 86
2 2
2 3
2 4
2 6
2 7
2 8
2 9
2 18
2 22
2 108
3 3
3 5
3 7
3 9
3 15
3 22
3 23
3 24
3 25
3 27
3 30
3 31
3 33
3 64
3 65
3 70
3 74
3 88
3 89
3 92
4 4
4 5
4 6
4 7
4 8
4 18
4 24
4 25
4 26
4 56
4 57
4 60
4 62
4 63
4 70
4 72
4 74
4 75
4 78
4 80
4 100
4 107
5 5
5 7
5 8
5 9
5 14
5 15
5 26
5 27
5 30
5 50
5 65
5 85
5 88
5 89
5 92
5 104
6 6
6 7
6 10
6 11
6 12
6 13
6 16
6 28
6 29
6 32
6 33
6 44
6 60
6 61
6 62
6 72
6 83
7 7
7 8
7 9
7 11
7 12
7 13
7 15
7 29
7 32
7 33
7 35
7 60
7 61
7 65
7 67
7 72
8 8
8 9
8 12
8 14
8 15
8 22
8 24
8 25
8 30
8 31
8 60
8 61
8 64
8 65
8 75
8 85
8 88
8 89
8 107
8 108
9 9
9 11
9 13
9 14
9 15
9 30
9 33
9 60
9 61
9 64
9 65
9 89
10 10
10 11
10 12
10 16
10 19
10 20
10 21
10 28
10 56
10 57
10 60
10 62
10 63
10 70
10 71
10 72
10 74
10 78
10 80
10 82
10 84
10 86
11 11
11 12
11 13
11 16
11 28
11 29
11 33
11 41
11 60
11 61
11 62
11 63
11 72
11 73
11 76
11 80
11 81
11 83
11 85
11 95
12 12
12 13
12 14
12 15
12 16
12 28
12 60
12 61
12 62
12 72
12 80
13 13
13 15
13 28
13 29
13 41
13 61
13 73
13 79
13 81
13 85
13 95
13 113
14 14
14 15
14 22
14 23
14 24
14 25
14 26
14 27
14 30
14 34
14 37
14 38
14 50
14 64
14 65
14 82
14 84
14 85
14 88
14 109
15 15
15 22
15 27
15 30
15 32
15 61
15 65
15 88
16 16
16 17
16 28
16 29
16 41
16 43
16 44
16 45
16 56
16 57
16 62
16 63
16 68
16 72
16 73
16 76
16 79
16 80
16 81
16 83
17 17
17 19
17 28
17 29
17 34
17 68
17 73
17 77
17 79
17 81
17 85
17 91
17 95
17 100
17 102
17 109
17 114
18 18
18 19
18 20
18 26
18 34
18 43
18 68
18 70
18 76
18 91
18 93
18 98
18 99
18 101
18 102
19 19
19 20
19 23
19 26
19 28
19 53
19 68
19 69
19 70
19 71
19 73
19 76
19 77
19 82
19 84
19 91
19 99
19 102
19 111
19 113
19 114
20 20
20 21
20 26
20 35
20 40
20 41
20 56
20 62
20 70
20 71
20 72
20 77
20 80
20 82
20 86
20 90
20 91
20 92
20 93
20 98
20 99
20 100
20 105
20 108
20 111
20 112
20 114
20 115
21 21
21 23
21 24
21 25
21 26
21 31
21 39
21 41
21 53
21 64
21 70
21 71
21 75
21 77
21 80
21 82
21 86
21 87
21 88
21 89
21 91
21 94
21 99
21 100
21 105
21 111
21 114
21 115
22 22
22 23
22 24
22 25
22 26
22 27
22 30
22 31
22 37
22 50
22 64
22 73
22 82
22 84
22 86
22 88
23 23
23 24
23 25
23 26
23 27
23 30
23 31
23 50
23 53
23 64
23 70
23 71
23 82
23 84
23 86
23 87
23 88
23 92
23 105
23 110
23 115
24 24
24 25
24 26
24 27
24 30
24 31
24 39
24 50
24 55
24 57
24 59
24 64
24 70
24 71
24 74
24 75
24 78
24 80
24 82
24 84
24 87
24 88
24 89
24 94
24 96
24 100
24 105
24 107
24 110
24 115
25 25
25 27
25 30
25 31
25 39
25 50
25 64
25 65
25 69
25 70
25 71
25 75
25 84
25 87
25 88
25 89
25 92
25 94
25 100
25 105
25 107
25 110
25 114
25 115
26 26
26 27
26 34
26 49
26 51
26 59
26 70
26 79
26 82
26 84
26 91
26 93
26 114
27 27
27 34
27 35
27 37
27 38
27 40
27 50
27 59
27 69
27 84
27 88
27 91
27 92
27 93
27 99
27 109
27 114
28 28
28 29
28 32
28 33
28 34
28 36
28 42
28 43
28 56
28 60
28 62
28 63
28 68
28 72
28 73
28 74
28 76
28 79
28 80
28 81
28 83
29 29
29 33
29 34
29 36
29 41
29 44
29 61
29 63
29 72
29 73
29 76
29 77
29 79
29 81
29 83
29 85
29 95
30 30
30 31
30 33
30 64
30 75
30 82
30 83
30 84
31 31
31 33
31 40
31 41
31 64
31 65
31 70
31 71
31 74
31 75
31 77
31 84
31 88
31 92
31 100
32 32
32 33
32 36
32 37
32 38
32 42
32 46
32 60
32 61
32 63
32 66
32 72
32 78
32 83
32 96
32 104
33 33
33 35
33 36
33 37
33 60
33 61
33 63
33 64
33 65
33 72
33 78
33 81
34 34
34 35
34 36
34 66
34 68
34 69
34 76
34 77
34 79
34 93
34 95
34 109
34 114
35 35
35 41
35 44
35 45
35 65
35 66
35 67
35 76
35 77
35 79
35 90
35 91
35 92
35 93
35 106
35 114
36 36
36 37
36 38
36 40
36 41
36 42
36 81
36 83
36 85
36 96
36 97
36 109
37 37
37 38
37 39
37 41
37 50
37 55
37 81
37 84
37 85
37 94
37 96
37 97
37 107
37 108
37 109
37 110
38 38
38 39
38 40
38 46
38 50
38 52
38 53
38 54
38 55
38 85
38 88
38 89
38 94
38 96
38 97
38 109
38 110
39 39
39 52
39 53
39 54
39 58
39 69
39 75
39 86
39 87
39 88
39 89
39 91
39 94
39 97
39 105
39 106
39 109
39 110
39 112
39 114
39 115
40 40
40 41
40 82
40 96
40 99
40 108
40 109
40 111
41 41
41 57
41 63
41 71
41 73
41 76
41 77
41 80
41 81
41 82
41 83
42 42
42 43
42 44
42 45
42 46
42 47
42 48
42 49
42 51
42 55
42 76
42 98
42 101
42 104
42 111
43 43
43 44
43 45
43 46
43 47
43 48
43 49
43 51
43 55
43 56
43 57
43 76
43 98
43 101
43 103
43 104
43 111
44 44
44 45
44 46
44 47
44 48
44 49
44 51
44 56
44 62
44 66
44 67
44 98
44 111
45 45
45 46
45 47
45 48
45 49
45 55
45 66
45 67
45 98
45 111
46 46
46 47
46 48
46 49
46 51
46 52
46 53
46 54
46 55
46 57
46 66
46 86
46 87
46 96
46 97
46 98
46 104
46 111
47 47
47 48
47 49
47 55
47 56
47 57
47 78
47 96
47 97
47 98
47 101
47 103
47 104
47 105
47 106
47 107
47 110
47 111
48 48
48 49
48 50
48 51
48 52
48 53
48 54
48 55
48 58
48 59
48 66
48 98
48 106
49 49
49 51
49 55
49 66
49 98
50 50
50 51
50 52
50 53
50 54
50 55
50 66
50 67
50 84
50 85
50 89
50 94
50 95
50 96
50 97
50 109
50 110
51 51
51 52
51 53
51 54
51 55
51 59
51 85
51 86
51 89
51 95
51 98
51 109
51 113
52 52
52 53
52 54
52 55
52 58
52 59
52 61
52 66
52 89
52 94
52 96
52 97
52 112
53 53
53 54
53 55
53 59
53 69
53 71
53 82
53 89
53 90
53 91
53 94
53 97
53 98
53 99
53 100
53 105
53 106
53 108
53 111
53 112
53 113
53 114
53 115
54 54
54 55
54 58
54 59
54 75
54 86
54 88
54 89
54 94
54 95
54 96
54 97
54 98
54 99
54 106
54 108
54 110
54 112
55 55
55 59
55 75
55 86
55 87
55 89
55 94
55 96
55 97
55 98
55 99
55 106
55 107
55 108
55 109
55 110
55 111
56 56
56 57
56 60
56 62
56 63
56 72
56 74
56 76
56 78
56 80
56 90
56 99
56 101
56 103
57 57
57 62
57 63
57 72
57 74
57 75
57 76
57 78
57 80
57 81
57 82
57 83
57 87
57 101
58 58
58 59
58 60
58 61
58 66
58 75
58 88
58 91
58 94
58 104
58 106
58 107
58 115
59 59
59 61
59 66
59 79
59 89
59 95
59 104
60 60
60 61
60 62
60 63
60 64
60 66
60 72
60 74
60 78
60 80
60 88
60 104
60 107
61 61
61 63
61 65
61 72
61 95
62 62
62 63
62 72
62 74
62 78
62 80
62 81
63 63
63 72
63 73
63 74
63 78
63 79
63 80
63 81
63 83
64 64
64 65
64 70
64 71
64 75
64 82
64 83
64 84
64 88
64 89
64 94
64 105
64 107
64 115
65 65
65 67
65 84
65 85
65 88
65 89
65 92
65 94
66 66
66 67
66 95
66 96
66 101
66 103
66 104
67 67
67 69
67 90
67 92
67 103
67 105
67 106
67 110
68 68
68 69
68 82
68 91
68 99
68 103
68 105
68 111
68 112
69 69
69 71
69 90
69 91
69 93
69 94
69 96
69 97
69 103
69 105
69 106
69 108
69 110
69 112
69 114
69 115
70 70
70 71
70 72
70 73
70 74
70 75
70 76
70 77
70 80
70 82
70 87
70 91
70 92
70 100
70 105
70 111
70 112
70 114
70 115
71 71
71 74
71 75
71 77
71 80
71 82
71 87
71 88
71 89
71 91
71 99
71 100
71 105
71 107
71 111
71 114
71 115
72 72
72 73
72 74
72 75
72 76
72 78
72 80
72 81
72 83
73 73
73 74
73 75
73 76
73 77
73 79
73 81
73 83
73 85
74 74
74 75
74 76
74 78
74 80
74 83
74 87
74 104
74 107
75 75
75 78
75 80
75 86
75 87
75 88
75 89
75 94
75 100
75 107
75 115
76 76
76 77
76 79
76 81
76 83
76 95
77 77
77 79
77 90
77 91
77 92
77 95
77 99
77 100
77 111
77 113
77 114
78 78
78 80
78 81
78 101
78 107
78 108
78 110
79 79
79 81
79 95
79 109
79 114
80 80
80 81
80 107
80 115
81 81
81 83
81 85
81 95
82 82
82 83
82 84
82 86
82 87
82 105
82 111
82 112
82 115
83 83
83 84
83 85
83 87
84 84
84 85
84 86
84 87
84 88
84 89
85 85
85 87
85 89
85 109
86 86
86 87
86 88
86 89
86 94
86 97
86 105
86 112
86 115
87 87
87 88
87 89
87 115
88 88
88 89
88 94
88 100
88 105
88 107
88 108
88 115
89 89
89 94
89 97
89 100
89 105
89 106
89 107
89 108
89 110
89 112
89 115
90 90
90 91
90 92
90 93
90 98
90 99
90 100
90 101
90 102
90 103
90 105
90 106
90 108
90 111
90 112
90 114
90 115
91 91
91 92
91 93
91 94
91 98
91 99
91 100
91 101
91 102
91 103
91 105
91 106
91 107
91 108
91 110
91 111
91 112
91 113
91 114
91 115
92 92
92 93
92 99
92 100
92 101
92 102
92 103
92 105
92 106
92 113
92 114
92 115
93 93
93 94
93 99
93 100
93 101
93 102
93 103
93 104
93 105
93 106
93 111
93 113
93 114
93 115
94 94
94 96
94 97
94 100
94 105
94 106
94 107
94 108
94 110
94 112
94 115
95 95
95 99
95 109
95 113
95 114
96 96
96 97
96 104
96 107
96 108
96 109
96 110
97 97
97 99
97 105
97 107
97 108
97 109
97 110
97 111
97 112
97 115
98 98
98 99
98 101
98 103
98 105
98 106
98 108
98 110
98 111
99 99
99 100
99 101
99 102
99 103
99 105
99 106
99 107
99 108
99 109
99 110
99 111
99 112
99 114
99 115
100 100
100 102
100 105
100 106
100 107
100 113
100 115
101 101
101 102
101 103
101 104
101 105
101 107
101 110
101 111
102 102
102 103
102 104
102 105
102 106
102 111
102 113
103 103
103 104
103 105
103 106
103 107
103 108
103 110
103 111
103 113
104 104
104 107
104 113
105 105
105 106
105 107
105 108
105 110
105 111
105 112
105 114
105 115
106 106
106 107
106 108
106 110
106 112
106 114
106 115
107 107
107 108
107 110
107 111
107 115
108 108
108 109
108 110
108 111
108 115
109 109
109 110
109 114
110 110
110 111
110 112
110 115
111 111
111 112
111 113
111 114
111 115
112 112
112 114
112 115
113 113
113 114
114 114
114 115
115 115
