0 0
0 1
0 2
0 3
0 5
0 6
0 7
0 15
0 18
0 19
0 20
0 21
0 26
0 27
0 52
0 54
0 56
0 57
0 58
0 59
0 60
0 83
0 88
0 89
0 106
1 1
1 3
1 4
1 9
1 18
1 19
1 20
1 52
1 53
1 54
1 56
1 57
1 58
1 59
1 68
1 69
1 75
1 88
1 89
1 90
2 2
2 3
2 4
2 5
2 6
2 7
2 15
2 18
2 19
2 20
2 23
2 26
2 27
2 52
2 54
2 58
2 59
2 60
2 83
2 88
2 89
2 90
2 92
2 99
2 106
2 108
3 3
3 4
3 5
3 6
3 7
3 15
3 18
3 19
3 20
3 21
3 23
3 26
3 27
3 34
3 52
3 54
3 56
3 57
3 58
3 59
3 75
3 83
3 88
3 89
3 90
3 92
3 106
3 107
3 108
4 4
4 14
4 18
4 19
4 20
4 47
4 57
4 58
4 59
4 69
4 75
4 77
4 82
4 88
4 90
4 91
4 92
4 95
4 104
4 110
5 5
5 6
5 7
5 15
5 23
5 26
5 27
5 54
5 58
5 59
5 88
5 89
5 90
5 92
5 104
5 105
5 106
5 108
6 6
6 7
6 15
6 22
6 23
6 26
6 27
6 54
6 58
6 60
6 61
6 64
6 83
6 88
6 89
6 92
6 106
7 7
7 15
7 21
7 22
7 23
7 26
7 27
7 34
7 41
7 54
7 58
7 60
7 61
7 88
7 89
7 92
7 106
7 112
8 8
8 10
8 12
8 14
8 24
8 28
8 44
8 50
8 72
8 84
8 85
8 96
9 9
9 13
9 14
9 15
9 25
9 75
9 90
9 102
10 10
10 11
10 12
10 13
10 16
10 17
10 22
10 23
10 28
10 29
10 30
10 31
10 32
10 48
10 50
10 60
10 61
10 62
10 63
10 64
10 65
10 72
10 78
10 79
10 80
10 84
10 86
11 11
11 12
11 13
11 16
11 17
11 22
11 23
11 25
11 28
11 29
11 30
11 31
11 33
11 40
11 42
11 43
11 49
11 61
11 62
11 63
11 64
11 65
11 71
11 72
11 73
11 74
11 78
11 79
11 80
11 81
11 84
12 12
12 13
12 16
12 17
12 22
12 23
12 28
12 29
12 30
12 31
12 32
12 33
12 48
12 50
12 60
12 61
12 62
12 63
12 64
12 65
12 72
12 78
12 79
12 80
12 84
12 85
12 86
12 96
13 13
13 16
13 17
13 22
13 23
13 24
13 25
13 28
13 29
13 30
13 31
13 33
13 42
13 44
13 46
13 48
13 50
13 61
13 62
13 63
13 64
13 65
13 70
13 71
13 72
13 73
13 74
13 78
13 79
13 80
13 84
13 85
13 96
14 14
14 15
14 18
14 19
14 20
14 26
14 27
14 54
14 82
14 84
14 85
14 88
14 90
14 102
14 113
15 15
15 18
15 19
15 20
15 21
15 23
15 26
15 27
15 39
15 41
15 54
15 56
15 58
15 83
15 88
15 89
16 16
16 17
16 22
16 24
16 25
16 28
16 29
16 30
16 31
16 32
16 33
16 40
16 42
16 44
16 49
16 50
16 62
16 63
16 64
16 65
16 70
16 72
16 73
16 74
16 78
16 79
16 80
16 81
16 84
16 85
16 86
16 94
16 96
17 17
17 23
17 28
17 29
17 30
17 31
17 32
17 33
17 42
17 43
17 44
17 45
17 49
17 62
17 63
17 64
17 72
17 73
17 74
17 78
17 79
17 80
17 81
17 84
18 18
18 19
18 20
18 26
18 27
18 56
18 57
18 58
18 59
18 68
18 69
18 75
18 83
18 88
18 89
18 90
18 101
19 19
19 20
19 26
19 27
19 34
19 54
19 56
19 57
19 58
19 59
19 68
19 69
19 75
19 83
19 88
19 89
19 90
19 101
19 104
19 107
19 108
20 20
20 21
20 26
20 27
20 34
20 41
20 57
20 59
20 75
20 83
20 88
20 101
20 102
20 104
20 105
20 107
20 108
20 115
21 21
21 23
21 26
21 56
21 71
21 81
21 83
21 101
21 102
22 22
22 23
22 28
22 29
22 31
22 48
22 62
22 64
22 65
22 72
22 84
22 86
22 92
23 23
23 26
23 27
23 31
23 62
23 64
23 65
23 94
24 24
24 25
24 28
24 30
24 31
24 42
24 43
24 44
24 45
24 46
24 47
24 49
24 50
24 53
24 67
24 68
24 70
24 74
24 78
24 80
24 81
24 84
24 85
24 96
24 100
24 111
24 113
25 25
25 30
25 31
25 35
25 42
25 43
25 46
25 70
25 74
25 75
25 78
25 80
25 81
25 84
25 85
25 96
25 100
25 111
25 113
26 26
26 27
26 34
26 54
26 58
26 83
26 88
26 89
26 104
26 105
26 108
27 27
27 52
27 54
27 56
27 58
27 59
27 83
27 88
27 89
27 92
27 104
27 105
27 108
28 28
28 29
28 30
28 31
28 32
28 33
28 36
28 38
28 40
28 42
28 43
28 44
28 45
28 46
28 49
28 62
28 63
28 64
28 65
28 70
28 72
28 73
28 74
28 76
28 78
28 79
28 80
28 81
28 84
28 85
28 86
28 96
29 29
29 30
29 31
29 32
29 33
29 36
29 37
29 40
29 42
29 43
29 44
29 45
29 49
29 62
29 63
29 65
29 70
29 71
29 72
29 73
29 74
29 76
29 78
29 79
29 80
29 81
29 84
29 96
29 111
30 30
30 31
30 32
30 33
30 40
30 42
30 43
30 44
30 45
30 49
30 62
30 63
30 65
30 70
30 72
30 73
30 74
30 78
30 79
30 80
30 81
30 84
30 86
30 96
30 97
30 111
30 113
30 114
30 115
31 31
31 32
31 33
31 40
31 42
31 43
31 44
31 45
31 49
31 62
31 63
31 64
31 65
31 70
31 71
31 72
31 73
31 74
31 78
31 79
31 80
31 81
31 84
31 94
31 96
31 113
31 114
32 32
32 33
32 38
32 40
32 42
32 44
32 45
32 49
32 62
32 63
32 64
32 72
32 73
32 78
32 79
32 80
32 81
32 84
32 86
32 96
32 97
33 33
33 35
33 40
33 43
33 44
33 45
33 49
33 62
33 63
33 64
33 65
33 67
33 72
33 73
33 78
33 79
33 80
33 95
33 96
33 97
33 109
34 34
34 35
34 66
34 75
34 106
35 35
35 43
35 44
35 45
35 47
35 66
35 67
35 79
35 110
36 36
36 37
36 40
36 41
36 70
36 72
36 73
36 74
36 75
36 76
36 77
36 81
36 82
36 93
37 37
37 39
37 40
37 41
37 72
37 73
37 74
37 75
37 76
37 77
37 82
37 95
37 96
37 97
37 109
37 110
37 111
38 38
38 39
38 40
38 41
38 46
38 55
38 72
38 82
38 83
38 84
38 85
38 86
38 96
38 97
38 98
38 111
39 39
39 40
39 41
39 54
39 55
39 82
39 83
39 86
39 87
39 88
39 95
39 96
39 97
39 99
39 104
39 108
39 110
40 40
40 41
40 72
40 73
40 74
40 76
40 78
40 79
40 82
40 86
40 87
40 95
40 96
40 97
40 114
41 41
41 55
41 73
41 76
41 77
41 83
41 92
41 95
41 97
41 99
41 104
41 105
41 108
41 112
42 42
42 43
42 44
42 45
42 46
42 47
42 49
42 70
42 72
42 73
42 74
42 76
42 78
42 79
42 80
42 81
42 96
42 111
42 113
43 43
43 44
43 45
43 46
43 47
43 49
43 70
43 72
43 73
43 74
43 75
43 76
43 77
43 78
43 79
43 80
43 81
43 111
43 113
44 44
44 45
44 46
44 47
44 48
44 49
44 62
44 64
44 66
44 67
44 72
44 78
44 79
44 80
44 96
44 110
44 111
45 45
45 46
45 47
45 49
45 67
45 72
45 78
45 79
45 96
45 109
45 110
45 111
46 46
46 47
46 49
46 50
46 53
46 55
46 84
46 85
46 96
46 98
46 110
46 111
47 47
47 49
47 55
47 57
47 67
47 68
47 69
47 96
47 97
47 110
47 111
48 48
48 50
48 51
48 52
48 53
48 54
48 58
48 61
48 62
48 64
48 65
48 66
48 67
48 86
48 87
48 96
48 98
49 49
49 72
49 78
49 79
49 80
49 81
49 96
50 50
50 51
50 52
50 53
50 54
50 62
50 63
50 64
50 65
50 80
50 84
50 85
50 86
50 87
50 96
50 98
51 51
51 52
51 53
51 55
51 59
51 66
51 90
51 91
51 96
51 98
51 99
51 100
51 103
52 52
52 53
52 54
52 55
52 58
52 59
52 61
52 85
52 88
52 89
52 90
52 98
52 99
53 53
53 54
53 55
53 85
53 90
53 96
53 98
53 99
53 111
54 54
54 55
54 58
54 59
54 88
54 89
54 90
54 92
54 98
54 99
54 108
55 55
55 82
55 87
55 90
55 96
55 97
55 98
55 99
55 108
55 110
55 111
56 56
56 57
56 58
56 60
56 68
56 69
56 78
56 80
56 81
56 83
56 88
56 89
57 57
57 58
57 59
57 66
57 68
57 69
57 75
57 78
57 79
57 80
57 81
57 88
58 58
58 59
58 60
58 61
58 66
58 69
58 88
58 89
58 90
58 92
58 106
58 107
59 59
59 61
59 66
59 67
59 69
59 88
59 89
59 90
59 91
59 92
59 98
59 99
59 103
59 104
59 105
59 106
59 107
59 108
60 60
60 61
60 62
60 63
60 64
60 65
60 66
60 88
60 89
60 106
61 61
61 62
61 63
61 65
61 89
61 92
61 106
62 62
62 63
62 64
62 65
62 72
62 78
62 79
62 80
62 84
63 63
63 64
63 65
63 72
63 78
63 79
63 80
63 81
63 84
63 85
64 64
64 65
64 72
64 84
64 86
65 65
65 84
65 86
66 66
66 67
66 68
66 69
66 106
67 67
67 68
67 69
67 95
67 104
67 107
67 110
67 111
68 68
68 69
68 78
68 79
68 80
68 81
69 69
69 88
69 104
69 107
69 110
70 70
70 71
70 72
70 73
70 74
70 75
70 76
70 77
70 78
70 79
70 81
70 93
70 94
70 101
70 113
71 71
71 73
71 74
71 77
71 79
72 72
72 73
72 74
72 76
72 78
72 79
72 80
72 81
72 84
72 86
72 94
72 96
73 73
73 74
73 75
73 76
73 77
73 78
73 79
73 80
73 81
73 113
74 74
74 75
74 76
74 78
74 79
74 80
74 81
74 84
74 85
74 113
75 75
75 76
75 77
75 79
75 81
75 88
75 93
75 100
75 101
75 115
76 76
76 77
76 79
76 81
76 93
77 77
77 91
77 92
77 93
77 95
77 99
77 101
77 103
77 104
77 105
77 106
77 107
77 109
77 112
78 78
78 79
78 80
78 81
78 84
78 85
78 86
79 79
79 80
79 81
79 94
80 80
80 81
80 82
80 84
80 85
80 96
81 81
81 84
81 85
81 113
82 82
82 84
82 86
82 87
82 96
82 97
83 83
83 88
83 101
83 108
84 84
84 85
84 86
84 87
84 96
85 85
85 86
85 96
85 111
86 86
86 87
86 96
86 97
87 87
87 96
87 98
87 113
87 114
88 88
88 89
88 90
88 92
88 99
88 106
88 107
88 108
89 89
89 90
89 92
89 99
89 106
89 108
90 90
90 91
90 92
90 93
90 98
90 99
90 100
90 101
90 102
90 103
90 104
90 108
90 112
91 91
91 92
91 93
91 95
91 98
91 99
91 100
91 101
91 102
91 103
91 104
91 105
91 108
91 109
91 112
91 113
91 114
91 115
92 92
92 93
92 95
92 99
92 103
92 104
92 105
92 106
92 107
92 108
92 109
92 112
93 93
93 94
93 99
93 100
93 101
93 102
93 103
93 104
93 105
93 109
93 113
93 114
93 115
94 94
94 100
94 101
94 102
94 103
94 113
94 114
94 115
95 95
95 96
95 97
95 99
95 103
95 104
95 105
95 108
95 109
95 110
95 111
95 112
95 114
95 115
96 96
96 97
96 98
96 110
96 111
96 113
97 97
97 99
97 104
97 105
97 108
97 109
97 110
97 111
97 113
97 114
98 98
98 99
98 100
98 101
98 102
98 103
98 111
99 99
99 101
99 103
99 104
99 105
99 108
99 109
99 111
99 112
99 114
100 100
100 101
100 102
100 103
100 112
100 113
101 101
101 102
101 103
101 109
101 112
101 113
102 102
102 103
102 112
102 113
102 114
103 103
103 104
103 105
103 106
103 108
103 109
103 112
103 113
103 114
103 115
104 104
104 105
104 106
104 107
104 108
104 110
104 112
104 114
104 115
105 105
105 106
105 107
105 108
105 110
105 112
105 114
105 115
106 106
106 107
107 107
107 115
108 108
108 110
108 112
108 114
108 115
109 109
109 110
109 111
109 112
109 113
109 115
110 110
110 111
111 111
111 113
112 112
112 113
112 114
113 113
113 114
113 115
114 114
114 115
115 115
