0 0
0 1
0 5
0 17
0 18
0 19
0 37
0 41
0 52
0 56
0 57
0 68
0 76
0 99
0 111
1 1
1 18
1 19
1 32
1 37
1 52
1 56
1 57
1 63
1 68
1 76
1 77
1 87
1 100
1 102
1 111
2 2
2 3
2 6
2 7
2 9
2 10
2 11
2 12
2 13
2 14
2 15
2 22
2 23
2 24
2 25
2 30
2 33
2 34
2 35
2 37
2 41
2 60
2 64
2 65
2 67
2 70
2 71
2 73
2 75
2 76
2 77
2 82
2 84
2 85
2 86
2 88
2 95
2 109
3 3
3 6
3 7
3 9
3 11
3 13
3 14
3 15
3 22
3 23
3 24
3 25
3 26
3 30
3 33
3 35
3 37
3 64
3 65
3 71
3 75
3 77
3 82
3 84
3 85
3 86
3 89
3 92
4 4
4 5
4 8
4 21
4 26
4 27
4 43
4 44
4 45
4 46
4 47
4 48
4 53
4 62
4 111
5 5
5 9
5 17
5 19
5 21
5 26
5 27
5 43
5 44
5 45
5 46
5 55
5 71
5 72
5 81
5 101
5 112
6 6
6 7
6 8
6 9
6 10
6 11
6 12
6 13
6 14
6 15
6 22
6 24
6 30
6 31
6 32
6 33
6 34
6 35
6 41
6 60
6 61
6 64
6 65
6 67
6 70
6 71
6 73
6 74
6 75
6 76
6 77
6 84
6 86
6 88
6 95
6 109
7 7
7 8
7 9
7 10
7 11
7 12
7 13
7 14
7 15
7 22
7 23
7 24
7 30
7 31
7 33
7 35
7 37
7 41
7 60
7 61
7 64
7 65
7 67
7 70
7 71
7 73
7 75
7 76
7 77
7 82
7 84
7 86
7 88
7 95
7 109
8 8
8 9
8 10
8 11
8 12
8 13
8 14
8 15
8 28
8 30
8 31
8 60
8 62
8 84
8 85
8 86
9 9
9 10
9 11
9 13
9 14
9 15
9 24
9 30
9 33
9 35
9 41
9 60
9 61
9 64
9 65
9 71
9 73
9 82
9 88
10 10
10 11
10 12
10 13
10 14
10 15
10 16
10 22
10 28
10 30
10 31
10 33
10 41
10 58
10 60
10 61
10 62
10 63
10 65
10 72
10 74
10 75
10 78
10 80
10 82
10 84
10 85
10 86
10 88
10 109
11 11
11 12
11 13
11 14
11 15
11 22
11 23
11 30
11 33
11 41
11 60
11 61
11 63
11 64
11 65
11 74
11 75
11 76
11 77
11 82
11 88
11 89
12 12
12 13
12 14
12 15
12 16
12 28
12 29
12 30
12 31
12 33
12 60
12 61
12 62
12 63
12 65
12 72
12 74
12 75
12 78
12 79
12 80
12 81
12 85
12 109
13 13
13 14
13 15
13 16
13 28
13 29
13 30
13 31
13 33
13 36
13 41
13 60
13 61
13 62
13 63
13 65
13 70
13 72
13 73
13 74
13 75
13 79
13 80
13 81
13 85
13 88
14 14
14 15
14 22
14 23
14 24
14 28
14 30
14 31
14 33
14 54
14 60
14 61
14 64
14 65
14 74
14 79
14 82
14 84
14 86
14 88
15 15
15 22
15 28
15 29
15 30
15 31
15 36
15 39
15 60
15 61
15 63
15 65
15 72
15 73
15 74
15 75
15 79
15 83
15 89
16 16
16 17
16 28
16 29
16 30
16 31
16 36
16 40
16 41
16 57
16 58
16 60
16 62
16 63
16 72
16 74
16 75
16 78
16 79
16 80
16 81
16 85
16 109
17 17
17 29
17 32
17 36
17 37
17 40
17 41
17 55
17 56
17 57
17 62
17 63
17 71
17 72
17 73
17 74
17 75
17 76
17 79
17 80
17 81
17 83
17 89
18 18
18 19
18 26
18 32
18 33
18 37
18 56
18 57
18 58
18 59
18 63
18 66
18 68
18 69
18 73
18 76
18 77
18 102
18 103
18 111
19 19
19 52
19 53
19 56
19 57
19 68
19 69
19 90
19 91
19 99
19 100
19 103
19 105
19 111
19 113
19 114
19 115
20 20
20 21
20 29
20 36
20 38
20 39
20 58
20 59
20 66
20 68
20 69
20 83
20 87
20 90
20 93
20 94
20 96
20 97
20 98
20 99
20 100
20 101
20 102
20 103
20 104
20 105
20 106
20 108
21 21
21 27
21 31
21 43
21 44
21 78
21 80
21 81
21 83
21 90
21 94
21 96
21 97
21 99
21 100
21 101
21 103
21 105
21 106
21 108
21 115
22 22
22 23
22 24
22 25
22 30
22 35
22 37
22 50
22 54
22 64
22 65
22 71
22 82
22 84
22 85
22 86
22 88
22 89
22 110
23 23
23 24
23 25
23 31
23 35
23 64
23 65
23 67
23 82
23 84
23 85
23 87
23 89
23 91
23 92
23 100
23 115
24 24
24 25
24 26
24 27
24 30
24 33
24 34
24 35
24 40
24 41
24 50
24 64
24 65
24 67
24 71
24 76
24 77
24 82
24 84
24 86
24 88
24 95
24 110
24 113
25 25
25 30
25 33
25 34
25 35
25 50
25 64
25 67
25 82
25 110
25 115
26 26
26 27
26 35
26 66
26 71
26 84
26 88
26 95
26 103
26 110
26 111
26 113
27 27
27 35
27 64
27 67
27 84
27 88
27 89
27 107
27 111
27 114
27 115
28 28
28 29
28 30
28 31
28 36
28 55
28 62
28 72
28 74
28 78
28 79
28 80
28 81
28 82
28 83
28 84
28 85
28 88
29 29
29 31
29 36
29 38
29 39
29 62
29 63
29 70
29 72
29 73
29 74
29 75
29 76
29 79
29 80
29 81
29 83
30 30
30 31
30 33
30 35
30 41
30 60
30 64
30 65
30 70
30 71
30 72
30 73
30 74
30 75
30 77
30 84
30 85
31 31
31 62
31 72
31 74
31 78
31 79
31 80
31 81
31 83
31 85
32 32
32 33
32 37
32 38
32 56
32 57
32 59
32 63
32 66
32 68
32 70
32 72
32 73
32 75
32 76
32 77
32 95
32 102
32 109
33 33
33 35
33 41
33 60
33 61
33 63
33 64
33 65
33 67
33 73
33 75
33 76
33 77
33 85
33 89
34 34
34 35
34 38
34 40
34 64
34 67
34 71
34 73
34 76
34 77
34 91
34 93
34 110
34 111
34 113
35 35
35 41
35 50
35 60
35 64
35 65
35 67
35 77
35 82
35 84
35 86
35 88
35 89
35 95
35 109
35 110
35 111
35 113
36 36
36 37
36 38
36 39
36 40
36 55
36 58
36 72
36 74
36 80
36 83
36 94
36 96
36 97
36 108
37 37
37 38
37 39
37 40
37 41
37 56
37 57
37 61
37 63
37 65
37 68
37 73
37 74
37 75
37 76
37 77
37 89
37 95
37 109
37 110
37 113
38 38
38 39
38 58
38 59
38 83
38 87
38 96
38 100
38 102
38 106
39 39
39 55
39 70
39 73
39 74
39 79
39 83
39 87
39 94
39 96
39 97
39 106
39 108
40 40
40 41
40 57
40 70
40 71
40 72
40 73
40 74
40 76
40 77
40 86
40 95
40 109
41 41
41 56
41 60
41 61
41 63
41 71
41 72
41 73
41 74
41 75
41 76
41 77
41 82
41 86
41 89
41 95
41 109
41 111
41 113
42 42
42 43
42 44
42 45
42 46
42 47
42 48
42 49
42 51
42 52
42 53
42 55
42 83
42 90
42 91
42 96
42 98
42 99
42 110
42 112
43 43
43 44
43 45
43 46
43 47
43 48
43 49
43 51
43 53
43 55
43 90
43 96
43 98
43 99
44 44
44 45
44 46
44 47
44 48
44 49
44 51
44 53
44 55
44 90
44 98
44 99
44 112
45 45
45 46
45 47
45 48
45 49
45 51
45 53
45 55
45 90
45 110
46 46
46 47
46 48
46 49
46 51
46 52
46 53
46 55
46 83
46 90
46 96
46 98
46 99
46 104
46 106
46 112
47 47
47 48
47 49
47 51
47 52
47 53
47 55
47 83
47 87
47 90
47 91
47 96
47 98
47 99
47 104
47 105
47 106
47 108
47 110
48 48
48 49
48 50
48 51
48 52
48 53
48 54
48 55
48 90
48 96
48 98
48 99
48 104
48 112
49 49
49 51
49 53
49 55
49 83
49 90
49 94
49 96
49 98
49 99
49 104
49 108
49 112
50 50
50 51
50 52
50 53
50 54
50 64
50 65
50 67
50 84
50 88
50 110
51 51
51 52
51 53
51 54
51 55
51 90
51 98
51 99
51 112
52 52
52 53
52 56
52 57
52 68
52 90
52 91
52 93
52 98
52 111
53 53
53 55
53 56
53 68
53 90
53 91
53 98
53 99
53 106
54 54
54 55
54 71
54 78
54 79
54 82
54 84
54 86
54 88
54 89
54 104
55 55
55 78
55 79
55 80
55 81
55 83
55 94
55 96
55 97
55 98
55 99
55 106
55 108
56 56
56 57
56 68
56 76
56 99
56 111
57 57
57 63
57 68
57 77
57 99
57 102
57 111
58 58
58 59
58 60
58 61
58 63
58 66
58 69
58 72
58 80
58 96
58 102
59 59
59 61
59 63
59 66
59 69
59 80
59 94
59 96
59 97
59 101
59 102
60 60
60 61
60 62
60 63
60 64
60 65
60 67
60 75
60 76
60 77
60 85
60 88
60 89
60 109
61 61
61 63
61 65
61 73
61 75
61 89
61 109
62 62
62 63
62 72
62 75
62 78
62 80
62 81
62 85
62 97
63 63
63 65
63 72
63 73
63 74
63 75
63 79
63 89
63 109
64 64
64 65
64 67
64 71
64 82
64 84
64 85
64 86
64 88
64 89
64 110
65 65
65 67
65 75
65 76
65 82
65 84
65 85
65 88
65 89
65 110
66 66
66 67
66 68
66 69
66 96
66 101
66 102
66 103
66 107
67 67
67 69
67 84
67 85
67 88
67 105
67 107
67 110
68 68
68 69
68 75
68 76
68 77
68 87
68 90
68 91
68 98
68 99
68 102
68 103
68 106
68 111
68 112
68 113
69 69
69 90
69 91
69 94
69 96
69 97
69 100
69 102
69 103
69 104
69 105
69 107
69 108
69 114
70 70
70 71
70 72
70 73
70 74
70 75
70 76
70 77
70 95
71 71
71 72
71 73
71 75
71 76
71 77
71 88
71 89
71 95
71 109
71 115
72 72
72 73
72 74
72 75
72 76
72 78
72 79
72 80
72 81
72 83
73 73
73 74
73 75
73 76
73 77
73 89
73 95
73 109
74 74
74 75
74 76
74 77
74 79
74 80
74 81
74 83
75 75
75 76
75 77
75 79
75 80
75 85
75 95
76 76
76 77
76 89
76 95
76 109
76 113
77 77
77 95
77 109
77 110
77 111
77 113
78 78
78 79
78 80
78 81
78 83
78 85
78 94
78 96
78 97
78 98
79 79
79 80
79 81
79 83
79 85
79 96
79 97
79 106
80 80
80 81
80 83
80 85
80 94
80 96
80 97
80 98
81 81
81 83
81 85
81 97
82 82
82 84
82 86
82 88
82 89
82 110
83 83
83 87
83 90
83 94
83 96
83 97
83 98
83 106
83 108
84 84
84 85
84 86
84 88
84 89
84 93
84 107
85 85
85 88
85 89
85 107
86 86
86 88
86 110
86 113
87 87
87 90
87 92
87 94
87 96
87 100
87 102
87 106
88 88
88 89
88 95
89 89
89 113
89 115
90 90
90 91
90 92
90 93
90 94
90 96
90 98
90 99
90 100
90 101
90 102
90 103
90 104
90 105
90 106
90 108
90 111
90 114
90 115
91 91
91 92
91 93
91 99
91 100
91 101
91 102
91 103
91 104
91 105
91 111
91 113
91 114
91 115
92 92
92 93
92 100
92 101
92 102
92 103
92 104
92 112
93 93
93 100
93 101
93 102
93 103
93 104
93 107
93 109
93 111
93 112
94 94
94 96
94 97
94 98
94 101
94 102
94 103
94 104
94 105
94 106
94 107
94 108
94 114
94 115
95 95
95 109
95 111
96 96
96 97
96 98
96 102
96 106
96 108
97 97
97 98
97 101
97 102
97 103
97 104
97 105
97 106
97 107
97 108
97 114
97 115
98 98
98 99
98 101
98 102
98 103
98 104
98 108
98 112
98 115
99 99
99 100
99 101
99 102
99 103
99 104
99 109
99 111
99 112
99 113
100 100
100 101
100 102
100 103
100 104
100 111
101 101
101 102
101 103
101 104
101 111
101 112
102 102
102 103
102 104
102 111
102 112
103 103
103 104
103 105
103 107
103 108
103 111
103 112
103 114
104 104
104 105
104 111
104 112
104 114
104 115
105 105
105 106
105 107
105 114
105 115
106 106
106 107
106 108
107 107
107 111
108 108
108 114
109 109
109 111
109 112
109 113
110 110
110 111
110 113
111 111
111 112
111 113
111 114
111 115
112 112
112 113
113 113
114 114
114 115
115 115
