0 0
0 1
0 10
0 11
0 13
0 16
0 18
0 19
0 29
0 32
0 56
0 57
0 58
0 59
0 60
0 61
0 62
0 63
0 68
0 78
0 79
0 80
0 87
1 1
1 11
1 13
1 16
1 17
1 29
1 32
1 33
1 52
1 56
1 57
1 59
1 60
1 61
1 62
1 63
1 68
1 78
1 79
1 80
1 81
1 87
2 2
2 3
2 4
2 6
2 8
2 12
2 14
2 18
2 22
2 23
2 24
2 25
2 27
2 30
2 34
2 42
2 44
2 48
2 50
2 58
2 64
2 66
2 67
2 82
2 90
2 91
2 93
2 94
2 95
2 101
2 108
2 110
2 111
2 113
3 3
3 6
3 7
3 9
3 15
3 22
3 23
3 30
3 31
3 61
3 64
3 65
3 83
3 88
3 90
3 91
3 92
4 4
4 6
4 8
4 9
4 12
4 14
4 15
4 19
4 20
4 24
4 26
4 28
4 34
4 40
4 41
4 44
4 48
4 58
4 66
4 69
4 92
4 95
4 101
4 102
4 108
5 5
5 19
5 21
5 25
5 26
5 27
5 43
5 58
5 59
5 69
5 87
5 88
5 89
5 114
6 6
6 7
6 8
6 9
6 12
6 14
6 15
6 22
6 44
6 48
6 58
6 60
6 64
6 90
6 91
6 92
6 93
6 101
7 7
7 9
7 11
7 13
7 15
7 29
7 31
7 60
7 61
7 64
7 65
7 71
7 83
7 88
7 90
7 92
7 93
8 8
8 9
8 12
8 14
8 15
8 20
8 24
8 26
8 28
8 34
8 40
8 42
8 44
8 47
8 48
8 58
8 66
8 77
8 92
8 93
8 94
8 95
8 97
8 102
8 104
8 108
8 109
8 110
8 111
8 112
8 113
9 9
9 13
9 14
9 15
9 20
9 61
9 65
9 83
9 90
9 92
9 100
10 10
10 11
10 12
10 13
10 14
10 16
10 28
10 40
10 58
10 77
10 82
10 83
10 84
10 85
10 86
10 87
11 11
11 12
11 13
11 15
11 17
11 29
11 31
11 60
11 65
11 71
11 75
11 79
11 83
11 85
11 87
12 12
12 13
12 14
12 15
12 26
12 28
12 34
12 40
12 42
12 44
12 47
12 48
12 50
12 58
12 66
12 72
12 74
12 77
12 93
12 95
12 102
12 108
12 113
13 13
13 15
13 29
13 61
13 65
13 71
13 73
13 75
13 83
13 87
13 93
14 14
14 15
14 22
14 24
14 26
14 27
14 28
14 34
14 40
14 42
14 44
14 48
14 50
14 58
14 66
14 74
14 82
14 91
14 93
14 94
14 95
14 104
14 108
14 110
14 111
14 112
14 113
15 15
15 29
15 60
15 61
15 65
15 83
15 92
15 100
15 102
16 16
16 17
16 20
16 28
16 29
16 36
16 40
16 51
16 56
16 57
16 60
16 62
16 63
16 70
16 72
16 73
16 74
16 75
16 76
16 77
16 78
16 79
16 80
16 81
16 99
16 106
17 17
17 28
17 29
17 31
17 33
17 40
17 41
17 56
17 57
17 60
17 62
17 63
17 72
17 73
17 74
17 75
17 76
17 77
17 78
17 79
17 80
17 81
18 18
18 19
18 21
18 24
18 68
18 69
18 82
18 88
18 105
18 107
19 19
19 26
19 41
19 57
19 58
19 68
19 69
19 90
19 101
19 105
19 114
20 20
20 21
20 26
20 36
20 37
20 38
20 39
20 40
20 41
20 54
20 56
20 57
20 62
20 70
20 72
20 78
20 80
20 89
20 103
21 21
21 23
21 25
21 29
21 30
21 31
21 36
21 38
21 39
21 51
21 54
21 62
21 70
21 71
21 75
21 76
21 80
21 84
21 85
21 87
21 88
21 89
21 106
22 22
22 23
22 24
22 25
22 27
22 30
22 31
22 34
22 42
22 48
22 50
22 64
22 67
22 74
22 82
22 84
22 91
22 93
22 108
22 110
22 113
23 23
23 24
23 25
23 27
23 30
23 31
23 67
23 71
23 82
23 84
23 85
24 24
24 25
24 26
24 30
24 34
24 37
24 38
24 40
24 50
24 66
24 67
24 68
24 74
24 77
24 82
24 84
24 86
24 91
24 93
24 94
24 95
24 97
24 109
24 110
25 25
25 27
25 30
25 31
25 50
25 67
25 70
25 71
25 82
25 84
25 85
25 91
25 94
25 106
25 110
26 26
26 27
26 38
26 40
26 41
26 68
26 82
26 89
26 105
27 27
27 43
27 45
27 48
27 50
27 58
27 67
27 68
27 69
27 82
27 84
27 85
27 88
27 89
27 91
27 93
27 94
28 28
28 29
28 30
28 38
28 40
28 41
28 46
28 55
28 56
28 60
28 62
28 72
28 74
28 76
28 77
28 78
28 80
28 81
28 83
28 95
28 97
29 29
29 31
29 36
29 37
29 56
29 60
29 61
29 62
29 63
29 70
29 71
29 72
29 73
29 75
29 76
29 77
29 78
29 79
29 80
29 81
29 83
30 30
30 31
30 33
30 70
30 71
30 72
30 73
30 82
30 83
30 113
31 31
31 33
31 62
31 64
31 70
31 71
31 73
31 75
31 83
32 32
32 33
32 40
32 56
32 57
32 60
32 62
32 63
32 66
32 68
32 72
32 78
32 81
32 95
32 96
32 97
32 113
33 33
33 57
33 60
33 62
33 63
33 64
33 71
34 34
34 35
34 42
34 43
34 44
34 45
34 47
34 48
34 66
34 67
34 82
34 91
34 93
34 94
34 95
34 97
34 104
34 108
34 109
34 110
34 111
34 112
34 113
35 35
35 43
35 44
35 45
35 47
35 48
35 49
35 67
35 69
35 90
35 91
35 93
35 94
35 95
35 104
35 108
35 109
35 110
35 111
35 112
36 36
36 37
36 38
36 39
36 41
36 46
36 53
36 54
36 55
36 56
36 62
36 70
36 71
36 72
36 74
36 75
36 76
36 78
36 80
36 81
36 84
36 86
36 96
36 99
36 105
36 106
37 37
37 38
37 39
37 40
37 41
37 46
37 50
37 51
37 52
37 53
37 54
37 55
37 70
37 72
37 74
37 76
37 77
37 80
37 81
37 85
37 96
37 97
37 99
37 109
37 110
38 38
38 39
38 40
38 41
38 46
38 53
38 54
38 55
38 72
38 74
38 80
38 82
38 86
38 96
38 99
38 103
38 105
38 106
38 114
39 39
39 41
39 51
39 54
39 55
39 56
39 62
39 71
39 75
39 76
39 80
39 87
39 89
39 96
39 99
39 103
39 105
39 106
39 107
39 115
40 40
40 41
40 46
40 48
40 50
40 56
40 57
40 66
40 68
40 72
40 74
40 77
40 78
40 82
40 86
40 95
40 96
40 97
40 102
40 108
40 110
41 41
41 54
41 55
41 56
41 70
41 72
41 73
41 74
41 75
41 76
41 78
41 80
41 81
41 89
41 96
41 103
41 115
42 42
42 43
42 44
42 45
42 46
42 47
42 48
42 53
42 66
42 93
42 94
42 95
42 96
42 97
42 104
42 108
42 109
42 110
42 111
42 112
42 113
43 43
43 44
43 45
43 46
43 47
43 48
43 49
43 55
43 66
43 67
43 94
43 96
43 97
43 98
43 104
43 108
43 109
43 110
43 111
43 112
43 113
44 44
44 45
44 46
44 47
44 48
44 49
44 66
44 67
44 93
44 94
44 95
44 96
44 101
44 104
44 108
44 109
44 110
44 111
44 112
44 113
44 115
45 45
45 46
45 47
45 48
45 49
45 67
45 91
45 93
45 94
45 95
45 96
45 97
45 98
45 104
45 108
45 109
45 110
45 111
45 112
45 113
46 46
46 47
46 49
46 50
46 51
46 52
46 53
46 54
46 55
46 72
46 76
46 95
46 96
46 97
46 98
46 99
46 110
47 47
47 48
47 49
47 53
47 55
47 66
47 67
47 87
47 94
47 96
47 97
47 98
47 99
47 104
47 108
47 109
47 110
47 111
47 112
47 113
47 114
47 115
48 48
48 50
48 58
48 66
48 67
48 90
48 91
48 93
48 94
48 95
48 97
48 98
48 102
48 104
48 108
48 109
48 110
48 111
48 112
48 113
49 49
49 51
49 53
49 54
49 55
49 59
49 96
49 98
49 99
50 50
50 51
50 52
50 53
50 58
50 64
50 67
50 77
50 84
50 85
50 90
50 92
50 95
50 97
50 100
50 102
51 51
51 52
51 53
51 54
51 55
51 59
51 62
51 71
51 76
51 78
51 80
51 98
51 106
52 52
52 53
52 55
52 61
52 106
53 53
53 54
53 55
53 76
53 97
53 99
53 109
54 54
54 55
54 56
54 62
54 76
54 78
54 80
54 86
54 87
54 89
54 96
54 98
54 99
54 103
54 105
54 115
55 55
55 62
55 72
55 76
55 81
55 96
55 97
55 98
55 99
56 56
56 57
56 59
56 60
56 62
56 63
56 68
56 72
56 73
56 74
56 75
56 76
56 77
56 78
56 80
56 81
56 86
56 88
56 99
57 57
57 59
57 62
57 63
57 68
57 69
57 74
57 78
57 79
57 80
57 81
57 86
57 88
57 95
57 99
58 58
58 59
58 60
58 61
58 65
58 66
58 68
58 88
58 89
58 91
58 93
58 101
59 59
59 60
59 61
59 62
59 63
59 66
59 67
59 68
59 69
59 80
59 98
59 100
59 101
59 102
59 106
60 60
60 61
60 62
60 63
60 64
60 72
60 75
60 78
60 80
60 81
60 102
61 61
61 62
61 63
61 65
61 75
61 102
61 106
62 62
62 63
62 64
62 71
62 72
62 75
62 76
62 78
62 79
62 80
62 81
62 83
62 87
62 106
63 63
63 66
63 78
63 79
63 80
63 81
64 64
64 65
64 71
64 84
64 91
65 65
65 76
65 84
65 85
65 88
65 89
65 92
66 66
66 68
66 94
66 95
66 96
66 97
66 101
66 104
66 108
66 109
66 110
66 111
66 112
66 113
67 67
67 69
67 82
67 90
67 91
67 92
67 93
67 94
67 95
67 104
67 108
67 109
67 110
67 111
67 112
67 114
68 68
68 69
68 74
68 78
68 79
68 80
68 81
68 97
68 101
68 102
68 109
69 69
69 88
69 90
69 91
69 92
69 94
69 100
69 101
69 103
69 105
69 107
69 108
69 109
69 114
70 70
70 71
70 72
70 73
70 74
70 75
70 76
70 77
70 78
70 80
70 84
70 114
71 71
71 73
71 75
71 76
71 78
71 79
71 83
71 84
71 87
72 72
72 73
72 74
72 76
72 77
72 78
72 80
72 81
72 95
72 96
72 97
73 73
73 74
73 75
73 76
73 77
73 78
73 79
73 81
73 109
73 113
74 74
74 75
74 76
74 77
74 78
74 80
74 81
74 86
74 96
74 97
75 75
75 76
75 78
75 79
75 80
75 81
75 83
75 85
75 88
76 76
76 77
76 78
76 79
76 80
76 81
76 96
76 99
76 106
77 77
77 78
77 80
77 81
77 95
78 78
78 79
78 80
78 81
79 79
79 80
79 81
79 83
80 80
80 81
80 83
80 84
80 106
81 81
81 83
82 82
82 84
82 86
82 91
82 93
82 94
82 108
83 83
83 84
83 85
84 84
84 85
84 87
84 88
84 106
85 85
85 87
85 89
86 86
86 87
86 88
86 90
86 91
86 98
86 99
86 100
86 101
87 87
87 89
87 103
87 105
87 115
88 88
88 89
88 90
88 106
89 89
89 103
89 105
89 106
89 107
89 115
90 90
90 91
90 92
90 93
90 95
90 98
90 100
90 102
90 108
91 91
91 92
91 93
91 94
91 100
91 104
91 108
91 110
91 111
91 112
91 113
91 114
92 92
92 93
92 98
92 100
92 102
93 93
93 94
93 95
93 101
93 104
93 108
93 110
93 111
93 112
93 113
93 114
93 115
94 94
94 95
94 96
94 97
94 101
94 103
94 104
94 108
94 109
94 110
94 111
94 112
94 113
94 114
94 115
95 95
95 97
95 98
95 99
95 102
95 104
95 108
95 109
95 110
95 111
95 112
95 113
96 96
96 97
96 98
96 99
96 103
96 110
96 111
96 113
96 115
97 97
97 98
97 99
97 102
97 104
97 108
97 109
97 110
97 111
97 112
97 113
98 98
98 99
99 99
99 101
99 103
99 107
99 108
99 111
99 115
100 100
100 102
101 101
101 102
101 103
101 104
101 108
101 113
101 114
101 115
102 102
102 104
103 103
103 104
103 105
103 107
103 111
103 112
103 113
103 114
103 115
104 104
104 108
104 109
104 110
104 111
104 112
104 113
104 114
104 115
105 105
105 106
105 107
105 114
105 115
106 106
106 107
107 107
107 108
107 114
107 115
108 108
108 109
108 110
108 111
108 112
108 113
108 114
108 115
109 109
109 110
109 111
109 112
109 113
110 110
110 111
110 112
110 113
110 114
110 115
111 111
111 112
111 113
111 114
111 115
112 112
112 113
112 114
112 115
113 113
113 114
113 115
114 114
114 115
115 115
