0 0
0 1
0 10
0 12
0 13
0 14
0 16
0 17
0 18
0 19
0 32
0 46
0 48
0 49
0 52
0 53
0 55
0 56
0 57
0 60
0 61
0 62
0 63
0 68
0 79
0 80
0 81
0 82
0 83
0 84
0 85
0 86
1 1
1 10
1 12
1 16
1 17
1 18
1 19
1 28
1 32
1 46
1 48
1 49
1 51
1 52
1 53
1 55
1 56
1 57
1 61
1 62
1 63
1 68
1 69
1 79
1 80
1 81
1 84
1 85
1 86
1 98
2 2
2 3
2 4
2 6
2 7
2 8
2 22
2 23
2 30
2 48
2 64
2 67
2 88
2 89
2 91
2 102
2 103
3 3
3 6
3 7
3 9
3 11
3 13
3 15
3 21
3 23
3 61
3 64
3 65
3 89
3 92
3 100
4 4
4 5
4 8
4 9
4 14
4 15
4 19
4 20
4 21
4 24
4 26
4 27
4 28
4 30
4 31
4 38
4 39
4 54
4 71
4 83
4 88
4 89
5 5
5 8
5 9
5 14
5 15
5 20
5 21
5 25
5 26
5 27
5 31
5 38
5 39
5 41
5 54
5 71
5 82
5 83
5 88
6 6
6 7
6 8
6 11
6 12
6 13
6 14
6 22
6 23
6 60
6 64
6 88
6 89
6 91
7 7
7 9
7 11
7 13
7 15
7 21
7 23
7 61
7 64
7 65
7 89
7 92
7 100
7 102
8 8
8 9
8 14
8 22
8 26
8 28
8 30
8 38
8 40
8 58
8 60
8 72
8 88
8 115
9 9
9 11
9 13
9 15
9 21
9 29
9 35
9 61
9 62
9 63
9 65
9 83
9 92
10 10
10 11
10 12
10 13
10 16
10 18
10 19
10 28
10 32
10 40
10 48
10 49
10 52
10 56
10 57
10 58
10 60
10 61
10 62
10 63
10 68
10 72
10 80
10 81
10 83
10 86
11 11
11 12
11 13
11 15
11 21
11 23
11 29
11 60
11 61
11 63
11 64
11 65
11 73
11 77
11 92
11 100
12 12
12 13
12 14
12 16
12 18
12 28
12 32
12 48
12 49
12 51
12 55
12 56
12 57
12 58
12 59
12 60
12 62
12 63
12 68
12 82
12 84
12 85
12 86
12 87
13 13
13 14
13 15
13 18
13 21
13 28
13 52
13 56
13 58
13 60
13 61
13 62
13 63
13 64
13 65
13 82
13 83
13 85
14 14
14 15
14 18
14 21
14 26
14 27
14 28
14 30
14 38
14 40
14 64
14 79
14 82
14 83
14 84
14 85
14 87
14 88
14 89
15 15
15 20
15 21
15 23
15 26
15 27
15 28
15 30
15 54
15 60
15 61
15 62
15 63
15 65
15 71
15 82
15 83
15 88
15 89
16 16
16 17
16 18
16 19
16 28
16 29
16 32
16 40
16 46
16 49
16 52
16 53
16 55
16 56
16 57
16 60
16 61
16 62
16 63
16 68
16 72
16 78
16 79
16 80
16 81
16 83
16 85
16 98
16 115
17 17
17 28
17 29
17 32
17 35
17 40
17 44
17 46
17 49
17 55
17 56
17 57
17 62
17 63
17 68
17 72
17 79
17 80
17 81
17 83
17 85
17 98
18 18
18 19
18 28
18 30
18 54
18 56
18 58
18 59
18 60
18 62
18 63
18 68
18 69
18 72
18 79
18 84
18 85
18 86
18 87
18 88
18 89
19 19
19 28
19 30
19 56
19 68
19 69
19 72
19 80
19 81
19 83
20 20
20 21
20 25
20 26
20 27
20 30
20 31
20 37
20 38
20 39
20 41
20 45
20 67
20 71
20 73
20 75
20 88
20 91
20 93
20 94
20 103
20 105
20 106
20 109
20 110
21 21
21 25
21 26
21 27
21 30
21 31
21 35
21 38
21 54
21 65
21 71
21 82
21 83
21 88
22 22
22 23
22 24
22 64
22 84
22 88
22 89
22 91
22 93
22 103
22 104
23 23
23 25
23 26
23 27
23 64
23 65
23 84
23 89
23 90
23 91
23 92
23 93
23 100
23 102
24 24
24 25
24 26
24 27
24 30
24 31
24 39
24 45
24 47
24 70
24 88
24 91
24 93
24 104
24 105
24 109
24 110
24 112
24 113
25 25
25 26
25 27
25 31
25 38
25 39
25 70
25 88
25 90
25 92
25 93
25 110
26 26
26 27
26 30
26 31
26 38
26 39
26 54
26 71
26 83
26 87
26 88
27 27
27 31
27 38
27 39
27 54
27 71
27 82
27 83
27 87
27 88
28 28
28 29
28 30
28 36
28 38
28 40
28 60
28 62
28 63
28 72
28 79
28 80
28 81
28 82
28 83
28 85
29 29
29 34
29 35
29 37
29 41
29 61
29 62
29 63
29 70
29 71
29 72
29 73
29 74
29 76
29 77
29 79
29 83
30 30
30 31
30 72
30 83
30 88
31 31
31 33
31 34
31 47
31 71
31 75
31 91
31 92
31 93
31 104
31 105
31 109
31 110
32 32
32 33
32 43
32 46
32 49
32 56
32 57
32 62
32 63
32 68
32 79
32 80
32 81
32 87
33 33
33 34
33 42
33 43
33 69
33 78
33 104
33 114
34 34
34 35
34 42
34 43
34 44
34 45
34 47
34 67
34 71
34 78
34 105
34 106
34 109
34 110
35 35
35 39
35 41
35 67
35 70
35 71
35 73
35 75
35 77
35 79
36 36
36 37
36 38
36 39
36 40
36 41
36 54
36 72
36 74
36 75
36 76
36 80
36 81
36 82
36 83
36 86
36 87
36 94
36 96
36 97
36 99
36 115
37 37
37 38
37 39
37 41
37 47
37 70
37 71
37 73
37 74
37 75
37 76
37 77
37 90
37 91
37 93
37 94
37 95
37 96
37 97
37 101
37 102
37 103
37 105
37 106
37 107
37 108
37 109
37 110
37 111
37 112
37 113
38 38
38 39
38 40
38 41
38 54
38 72
38 74
38 82
38 83
38 87
38 88
38 89
38 94
38 96
39 39
39 41
39 54
39 72
39 87
39 88
39 91
39 93
39 94
39 96
39 97
39 108
39 110
39 111
39 112
40 40
40 41
40 54
40 55
40 56
40 57
40 62
40 68
40 69
40 72
40 74
40 76
40 79
40 80
40 81
40 82
40 83
40 85
40 86
40 87
40 96
40 98
40 115
41 41
41 54
41 73
41 74
41 75
41 76
41 80
41 94
41 102
41 108
42 42
42 43
42 44
42 45
42 46
42 47
42 48
42 49
42 50
42 51
42 53
42 55
42 57
42 78
42 81
42 95
42 96
42 105
42 110
42 111
42 112
42 114
43 43
43 44
43 45
43 46
43 47
43 49
43 51
43 55
43 68
43 79
43 96
43 105
43 110
44 44
44 45
44 46
44 47
44 48
44 49
44 51
44 55
44 57
44 81
44 96
44 109
44 111
44 112
45 45
45 47
45 67
45 75
45 91
45 93
45 96
45 103
45 104
45 105
45 106
45 109
45 110
45 111
45 112
46 46
46 47
46 48
46 49
46 50
46 51
46 52
46 53
46 55
46 56
46 57
46 68
46 69
46 78
46 79
46 80
46 81
46 96
46 98
46 99
46 111
46 115
47 47
47 67
47 70
47 73
47 75
47 77
47 90
47 91
47 93
47 96
47 97
47 100
47 101
47 103
47 105
47 108
47 109
47 110
47 111
47 112
47 113
48 48
48 49
48 50
48 51
48 52
48 53
48 56
48 57
48 58
48 60
48 61
48 62
48 115
49 49
49 50
49 51
49 52
49 53
49 55
49 56
49 57
49 63
49 68
49 69
49 80
49 81
49 84
49 86
49 96
49 98
49 99
50 50
50 51
50 52
50 53
50 55
50 56
50 57
50 64
50 65
50 68
50 84
50 85
50 86
50 98
51 51
51 52
51 53
51 55
51 57
51 59
51 68
51 85
51 98
52 52
52 53
52 56
52 57
52 58
52 59
52 60
52 61
52 62
52 63
52 68
52 85
52 86
52 98
52 115
53 53
53 55
53 56
53 57
53 68
53 69
53 81
53 90
53 98
53 99
54 54
54 86
54 87
54 88
54 89
54 94
54 96
54 98
55 55
55 56
55 57
55 68
55 69
55 72
55 79
55 80
55 81
55 84
55 85
55 96
55 98
55 99
56 56
56 57
56 61
56 62
56 63
56 68
56 69
56 79
56 80
56 81
56 83
56 84
56 85
56 86
56 98
56 115
57 57
57 62
57 63
57 68
57 69
57 79
57 80
57 81
57 84
57 86
57 98
57 99
58 58
58 59
58 60
58 61
58 62
58 66
58 69
59 59
59 60
59 62
59 63
59 66
59 69
59 85
59 86
60 60
60 61
60 62
60 63
60 66
60 72
60 79
61 61
61 62
61 63
61 64
61 65
61 79
61 83
61 115
62 62
62 63
62 66
62 68
62 72
62 79
62 83
62 85
63 63
63 68
63 72
63 79
63 80
63 81
63 83
64 64
64 65
64 84
64 88
64 89
64 92
65 65
65 92
65 100
66 66
66 67
66 69
66 72
66 103
66 107
67 67
67 71
67 77
67 91
67 93
67 94
67 102
67 103
67 104
67 105
67 106
67 107
67 108
67 110
68 68
68 69
68 78
68 79
68 80
68 81
68 84
68 85
68 86
68 87
68 96
68 98
68 99
69 69
69 72
69 78
69 80
69 81
69 86
69 95
69 96
69 97
69 99
69 111
70 70
70 71
70 73
70 74
70 75
70 76
70 77
70 90
70 92
70 93
70 108
70 109
70 110
71 71
71 73
71 75
71 76
71 77
71 91
71 92
71 93
71 109
71 110
72 72
72 74
72 76
72 78
72 79
72 80
72 81
72 83
72 87
72 96
72 115
73 73
73 74
73 75
73 76
73 77
73 90
73 91
73 92
73 93
73 94
73 100
73 101
73 102
73 103
73 105
73 108
73 109
73 110
73 112
73 113
74 74
74 75
74 76
74 77
74 78
74 95
74 97
74 101
74 103
74 109
74 114
74 115
75 75
75 76
75 77
75 90
75 91
75 92
75 93
75 94
75 100
75 101
75 102
75 103
75 105
75 108
75 109
75 110
75 112
75 113
76 76
76 77
76 86
76 90
76 92
76 94
76 97
76 100
76 101
76 105
76 108
76 109
76 110
76 114
77 77
77 90
77 91
77 92
77 93
77 94
77 100
77 101
77 102
77 103
77 105
77 108
77 109
77 110
77 112
78 78
78 80
78 81
78 95
78 96
78 97
78 104
78 109
78 110
78 111
78 112
79 79
79 81
79 82
79 83
80 80
80 81
80 83
80 84
80 85
80 98
81 81
81 84
81 86
81 96
81 98
81 99
82 82
82 83
82 84
82 85
82 87
82 88
83 83
83 85
83 87
84 84
84 85
84 86
84 87
84 88
85 85
85 86
85 87
85 89
85 98
86 86
86 87
86 89
87 87
87 88
87 89
87 96
88 88
88 89
89 89
89 91
89 94
89 102
90 90
90 91
90 92
90 93
90 98
90 99
90 100
90 101
90 102
90 103
90 107
90 109
90 110
90 111
90 112
90 113
91 91
91 92
91 93
91 94
91 95
91 97
91 100
91 101
91 102
91 103
91 104
91 105
91 106
91 107
91 108
91 109
91 110
91 111
91 112
91 113
92 92
92 93
92 94
92 100
92 101
92 102
92 103
92 112
92 113
93 93
93 94
93 95
93 100
93 101
93 102
93 103
93 104
93 105
93 106
93 107
93 108
93 109
93 110
93 111
93 112
93 113
94 94
94 95
94 96
94 97
94 101
94 102
94 103
94 105
94 106
94 107
94 108
94 109
94 110
94 111
94 112
94 113
95 95
95 96
95 97
95 99
95 101
95 103
95 104
95 105
95 107
95 108
95 109
95 110
95 111
95 112
95 113
95 114
96 96
96 97
96 98
96 99
96 105
96 108
96 109
96 110
96 111
96 112
96 113
96 114
96 115
97 97
97 99
97 101
97 103
97 105
97 108
97 109
97 110
97 111
97 112
97 113
98 98
98 99
98 115
99 99
99 111
99 112
99 113
99 114
99 115
100 100
100 101
100 102
100 103
100 112
100 113
101 101
101 102
101 103
101 105
101 108
101 109
101 110
101 111
101 112
101 113
102 102
102 103
102 106
102 107
102 108
102 110
102 112
102 113
103 103
103 104
103 105
103 106
103 107
103 108
103 109
103 110
103 111
103 112
103 113
103 114
104 104
104 105
104 106
104 107
104 109
104 110
104 111
104 113
104 114
105 105
105 106
105 107
105 108
105 109
105 110
105 111
105 112
105 113
105 114
105 115
106 106
106 107
106 109
106 110
106 111
106 112
106 113
106 114
107 107
107 111
107 112
107 113
107 114
108 108
108 109
108 110
108 111
108 112
108 113
109 109
109 110
109 111
109 112
109 113
109 114
110 110
110 111
110 112
110 113
110 114
111 111
111 112
111 113
111 114
112 112
112 113
112 114
113 113
113 114
114 114
114 115
115 115
