0 0
0 1
0 10
0 12
0 16
0 17
0 37
0 41
0 51
0 54
0 56
0 57
0 61
0 62
0 68
0 73
0 74
0 76
0 77
0 78
0 79
0 80
0 81
0 98
0 99
0 111
0 112
1 1
1 5
1 10
1 16
1 17
1 37
1 41
1 51
1 52
1 55
1 56
1 57
1 61
1 68
1 76
1 81
1 96
1 97
1 111
2 2
2 6
2 7
2 8
2 9
2 12
2 14
2 24
2 25
2 30
2 31
2 32
2 33
2 35
2 60
2 66
2 67
2 69
2 70
2 93
2 102
2 110
3 3
3 5
3 7
3 9
3 11
3 13
3 14
3 15
3 22
3 23
3 26
3 27
3 34
3 37
3 38
3 39
3 50
3 52
3 54
3 65
3 67
3 77
3 85
3 88
3 89
3 90
3 92
3 104
3 113
3 114
4 4
4 5
4 8
4 22
4 23
4 24
4 26
4 27
4 34
4 35
4 38
4 47
4 48
4 50
4 54
4 64
4 65
4 67
4 68
4 69
4 84
4 85
4 88
4 89
4 91
4 92
4 93
4 103
4 104
4 105
4 109
4 110
4 113
5 5
5 8
5 9
5 11
5 12
5 13
5 21
5 22
5 23
5 26
5 27
5 34
5 50
5 54
5 65
5 67
5 68
5 88
5 89
5 92
5 96
5 97
5 103
5 108
5 113
6 6
6 7
6 9
6 18
6 19
6 28
6 29
6 30
6 31
6 32
6 33
6 35
6 60
6 63
6 66
6 70
6 72
6 83
6 102
7 7
7 9
7 11
7 13
7 15
7 25
7 30
7 31
7 33
7 59
7 60
7 61
7 63
7 66
7 92
7 101
7 108
8 8
8 9
8 11
8 12
8 14
8 15
8 22
8 23
8 26
8 34
8 60
8 64
8 65
8 67
8 88
8 89
8 91
8 92
8 93
8 103
8 108
9 9
9 11
9 13
9 15
9 25
9 61
9 64
9 65
9 67
9 69
9 90
9 92
10 10
10 12
10 13
10 14
10 16
10 19
10 22
10 34
10 50
10 56
10 58
10 65
10 68
10 69
10 82
10 84
10 85
10 87
10 88
10 89
10 90
10 91
10 92
10 93
10 103
10 104
10 105
10 109
10 115
11 11
11 13
11 14
11 15
11 16
11 37
11 60
11 61
11 64
11 65
11 92
12 12
12 13
12 14
12 15
12 35
12 54
12 58
12 60
12 61
12 65
12 69
12 91
12 92
12 93
12 102
12 115
13 13
13 15
13 16
13 37
13 60
13 61
13 63
13 65
13 92
14 14
14 15
14 18
14 19
14 22
14 23
14 50
14 64
14 69
14 82
14 84
14 85
14 88
14 89
14 91
14 93
14 104
14 115
15 15
15 16
15 28
15 60
15 61
15 65
15 92
15 115
16 16
16 17
16 18
16 19
16 28
16 29
16 32
16 36
16 40
16 41
16 56
16 60
16 61
16 62
16 63
16 72
16 73
16 74
16 75
16 76
16 78
16 79
16 80
16 81
16 82
16 83
16 86
17 17
17 28
17 29
17 32
17 36
17 41
17 51
17 55
17 56
17 57
17 61
17 62
17 63
17 72
17 73
17 74
17 75
17 76
17 78
17 79
17 80
17 81
17 83
17 86
17 98
18 18
18 19
18 28
18 29
18 30
18 31
18 32
18 33
18 62
18 63
18 64
18 66
18 70
18 72
18 73
18 74
18 75
18 76
18 82
18 83
18 99
18 101
19 19
19 28
19 29
19 30
19 33
19 62
19 64
19 69
19 70
19 72
19 74
19 75
19 76
19 78
19 82
19 83
20 20
20 21
20 24
20 25
20 30
20 31
20 38
20 39
20 41
20 94
20 96
20 97
20 106
20 108
21 21
21 39
21 41
21 45
21 56
21 57
21 70
21 71
21 75
21 77
21 94
21 96
21 106
21 110
22 22
22 23
22 24
22 26
22 27
22 34
22 38
22 50
22 64
22 65
22 67
22 68
22 69
22 82
22 84
22 85
22 87
22 88
22 89
22 91
22 93
22 103
22 104
22 105
22 109
22 110
22 113
22 114
23 23
23 24
23 25
23 26
23 27
23 34
23 38
23 50
23 64
23 65
23 67
23 69
23 82
23 84
23 85
23 87
23 88
23 89
23 90
23 91
23 92
23 93
23 103
23 104
23 105
23 110
23 113
23 114
24 24
24 25
24 26
24 27
24 30
24 31
24 34
24 35
24 38
24 39
24 45
24 66
24 67
24 69
24 94
24 96
24 103
24 105
24 110
25 25
25 27
25 30
25 31
25 33
25 34
25 35
25 38
25 39
25 66
25 67
25 94
25 102
26 26
26 27
26 34
26 37
26 38
26 42
26 43
26 46
26 47
26 48
26 50
26 54
26 64
26 65
26 67
26 68
26 84
26 85
26 87
26 88
26 89
26 90
26 92
26 93
26 103
26 104
26 105
26 110
26 111
26 113
27 27
27 34
27 37
27 38
27 43
27 47
27 48
27 50
27 54
27 65
27 67
27 68
27 84
27 85
27 87
27 88
27 89
27 90
27 91
27 92
27 93
27 94
27 95
27 103
27 104
27 105
27 109
27 110
27 113
27 114
28 28
28 29
28 30
28 31
28 32
28 33
28 36
28 41
28 60
28 62
28 63
28 70
28 72
28 73
28 74
28 75
28 76
28 78
28 79
28 80
28 81
28 82
28 83
28 86
29 29
29 32
29 33
29 36
29 41
29 56
29 62
29 63
29 70
29 72
29 73
29 74
29 75
29 76
29 77
29 78
29 79
29 80
29 81
29 83
29 86
29 95
29 98
29 99
30 30
30 31
30 32
30 33
30 35
30 64
30 66
30 70
31 31
31 32
31 33
31 63
31 66
31 70
31 71
31 72
31 83
31 108
32 32
32 33
32 41
32 60
32 62
32 63
32 66
32 70
32 71
32 72
32 73
32 74
32 75
32 76
32 77
32 78
32 79
32 80
32 81
32 83
33 33
33 35
33 60
33 63
33 66
33 69
33 70
33 71
33 72
33 73
33 74
33 75
33 79
33 81
33 83
34 34
34 35
34 50
34 64
34 65
34 67
34 68
34 69
34 84
34 85
34 87
34 88
34 89
34 104
34 105
34 109
34 110
35 35
35 44
35 45
35 60
35 66
35 67
35 69
35 102
35 110
36 36
36 40
36 41
36 62
36 72
36 73
36 74
36 76
36 80
36 82
36 86
36 98
36 113
37 37
37 38
37 39
37 41
37 47
37 48
37 50
37 51
37 52
37 54
37 55
37 56
37 57
37 65
37 73
37 74
37 76
37 89
37 90
37 92
37 95
37 98
37 104
37 105
37 106
37 109
37 110
37 111
37 112
37 113
37 114
37 115
38 38
38 39
38 48
38 50
38 52
38 54
38 65
38 67
38 69
38 88
38 89
38 91
38 94
38 96
38 105
38 110
38 113
38 114
39 39
39 41
39 50
39 55
39 57
39 65
39 67
39 94
39 96
39 106
39 108
40 40
40 73
40 74
40 79
40 82
40 85
40 86
40 87
40 94
40 109
40 112
40 114
40 115
41 41
41 55
41 56
41 57
41 62
41 70
41 72
41 73
41 74
41 75
41 76
41 78
41 79
41 80
41 81
41 83
41 86
41 94
41 96
41 97
41 98
41 106
41 108
42 42
42 43
42 44
42 45
42 46
42 47
42 48
42 49
42 51
42 53
42 55
42 98
42 99
42 111
42 112
43 43
43 44
43 45
43 46
43 47
43 48
43 49
43 51
43 53
43 55
43 57
43 96
43 98
43 111
43 112
44 44
44 45
44 46
44 47
44 48
44 49
44 51
44 55
44 57
44 96
44 98
44 111
45 45
45 46
45 47
45 48
45 49
45 55
45 57
45 67
45 96
46 46
46 47
46 48
46 49
46 51
46 52
46 53
46 55
46 80
46 86
46 98
46 99
46 111
47 47
47 48
47 49
47 51
47 53
47 55
47 90
47 95
47 96
47 98
47 99
47 110
47 111
47 112
48 48
48 49
48 50
48 51
48 52
48 53
48 54
48 55
48 98
48 111
48 112
48 113
49 49
49 51
49 53
49 55
49 57
49 98
49 111
49 112
50 50
50 51
50 52
50 53
50 54
50 55
50 58
50 64
50 65
50 67
50 84
50 85
50 87
50 88
50 89
50 91
50 93
50 103
50 104
50 105
50 110
50 113
50 114
51 51
51 52
51 53
51 55
51 56
51 57
51 87
51 98
51 111
52 52
52 53
52 54
52 55
52 88
52 89
52 90
52 91
52 96
52 98
52 106
52 111
52 114
53 53
53 55
53 84
53 87
53 99
53 111
53 114
54 54
54 55
54 58
54 65
54 67
54 89
54 91
54 94
54 96
54 98
54 103
54 105
54 106
54 110
54 112
54 113
54 114
55 55
55 57
55 96
55 98
55 106
55 111
55 112
56 56
56 57
56 59
56 61
56 62
56 63
56 68
56 73
56 74
56 75
56 76
56 77
56 78
56 79
56 80
56 81
56 86
56 87
56 98
56 99
57 57
57 59
57 81
57 94
57 96
57 98
57 105
58 58
58 59
58 60
58 66
58 69
58 88
58 102
58 103
58 106
59 59
59 61
59 62
59 63
59 66
59 79
59 83
59 100
59 102
59 106
59 107
60 60
60 61
60 63
60 66
60 72
60 92
60 107
61 61
61 63
61 65
61 79
61 107
62 62
62 63
62 72
62 73
62 74
62 75
62 76
62 77
62 78
62 79
62 80
62 81
62 82
62 83
62 86
62 98
62 99
62 100
62 101
63 63
63 72
63 73
63 74
63 75
63 76
63 78
63 79
63 80
63 81
63 83
63 101
64 64
64 65
64 67
64 69
64 82
64 84
64 88
64 91
64 93
64 104
65 65
65 67
65 88
65 89
65 92
65 96
65 103
65 104
65 105
65 110
65 113
65 114
66 66
66 67
66 69
66 70
66 102
66 103
67 67
67 69
67 85
67 88
67 89
67 92
67 93
67 96
67 102
67 103
67 104
67 105
67 110
67 114
68 68
68 69
68 74
68 76
68 84
68 85
68 88
68 89
68 92
68 97
68 103
68 104
68 105
68 109
69 69
69 88
69 93
69 105
69 110
69 115
70 70
70 71
70 72
70 73
70 74
70 75
70 76
70 77
70 79
70 81
70 83
70 94
70 95
70 99
71 71
71 73
71 74
71 75
71 76
71 77
72 72
72 73
72 74
72 75
72 76
72 77
72 78
72 79
72 80
72 81
72 83
72 98
72 99
72 100
72 101
73 73
73 74
73 75
73 76
73 77
73 78
73 79
73 80
73 81
73 98
73 99
73 111
74 74
74 75
74 76
74 77
74 78
74 79
74 80
74 81
74 98
74 99
74 109
75 75
75 76
75 77
75 78
75 79
75 81
76 76
76 77
76 78
76 79
76 95
76 98
76 99
76 111
77 77
77 95
77 98
77 99
77 111
77 113
78 78
78 79
78 80
78 81
78 83
78 86
78 99
78 100
78 111
79 79
79 80
79 81
79 83
79 95
80 80
80 81
80 83
80 86
80 99
80 100
81 81
81 83
81 86
81 100
82 82
82 83
82 84
82 85
82 86
82 87
82 88
82 91
82 99
82 111
82 113
83 83
83 86
83 100
84 84
84 85
84 86
84 87
84 88
84 89
84 91
84 92
84 93
84 104
84 105
84 109
84 113
85 85
85 87
85 88
85 89
85 90
85 91
85 92
85 93
85 103
85 104
85 105
85 109
85 113
85 114
86 86
86 87
86 99
86 101
86 107
86 111
87 87
87 88
87 89
87 90
87 91
87 93
87 94
87 99
87 104
87 105
87 109
87 111
87 113
88 88
88 89
88 91
88 92
88 93
88 103
88 104
88 105
88 109
88 113
89 89
89 90
89 91
89 92
89 93
89 103
89 104
89 105
89 109
89 113
89 114
90 90
90 91
90 92
90 93
90 98
90 99
90 100
90 104
90 106
90 107
90 111
90 113
90 114
91 91
91 92
91 93
91 99
91 103
91 104
91 105
91 109
91 110
91 113
91 114
92 92
92 93
92 100
92 101
92 103
92 104
92 106
92 107
92 110
92 113
92 114
92 115
93 93
93 103
93 104
93 105
93 109
93 110
93 113
93 114
94 94
94 97
94 105
94 106
94 108
94 115
95 95
95 97
95 98
95 109
95 110
95 111
95 115
96 96
96 98
96 106
96 110
97 97
97 108
97 109
98 98
98 99
98 106
98 111
98 113
99 99
99 101
99 111
99 112
99 113
100 100
100 101
100 102
100 107
101 101
101 102
101 103
101 107
102 102
102 103
102 107
103 103
103 104
103 105
103 113
104 104
104 105
104 109
104 110
104 112
104 114
104 115
105 105
105 109
105 110
105 112
105 113
105 114
105 115
106 106
106 107
106 110
106 115
107 107
108 108
109 109
109 114
109 115
110 110
110 113
110 114
111 111
111 112
112 112
112 114
113 113
113 114
114 114
114 115
115 115
