0 0
0 1
0 16
0 17
0 18
0 28
0 32
0 36
0 38
0 48
0 52
0 54
0 56
0 57
0 58
0 59
0 60
0 61
0 62
0 63
0 66
0 69
0 72
0 74
0 76
0 79
0 80
0 81
0 82
0 84
0 90
0 93
0 100
0 102
0 109
1 1
1 16
1 17
1 19
1 28
1 29
1 37
1 39
1 41
1 52
1 56
1 57
1 61
1 62
1 63
1 68
1 72
1 73
1 74
1 76
1 79
1 80
1 81
1 85
1 90
1 91
1 92
1 95
1 100
2 2
2 3
2 4
2 5
2 6
2 8
2 9
2 10
2 12
2 14
2 18
2 20
2 22
2 23
2 24
2 25
2 26
2 27
2 30
2 31
2 34
2 50
2 64
2 86
2 88
2 94
2 101
2 104
2 111
2 114
3 3
3 5
3 6
3 7
3 9
3 10
3 11
3 12
3 13
3 15
3 23
3 35
3 50
3 64
3 65
3 67
3 87
3 88
3 89
4 4
4 5
4 8
4 9
4 10
4 11
4 12
4 14
4 20
4 21
4 22
4 23
4 24
4 25
4 26
4 27
4 30
4 31
4 35
4 43
4 47
4 50
4 70
4 71
4 77
4 88
4 93
4 96
4 101
4 103
4 105
4 110
4 111
5 5
5 7
5 8
5 9
5 20
5 21
5 22
5 23
5 24
5 25
5 26
5 27
5 30
5 31
5 34
5 35
5 42
5 43
5 45
5 46
5 47
5 50
5 71
5 77
5 88
5 105
5 110
5 111
6 6
6 7
6 8
6 9
6 10
6 12
6 23
6 30
6 31
6 60
6 64
6 65
6 67
7 7
7 8
7 9
7 11
7 13
7 15
7 25
7 31
7 33
7 35
7 45
7 64
7 65
7 67
7 71
7 87
7 89
8 8
8 9
8 10
8 11
8 12
8 13
8 14
8 20
8 22
8 25
8 48
8 50
8 58
8 60
8 61
8 64
8 65
8 70
8 71
8 101
8 114
9 9
9 10
9 11
9 12
9 13
9 14
9 15
9 25
9 26
9 27
9 31
9 35
9 64
9 65
9 67
9 70
9 71
9 77
9 88
10 10
10 11
10 12
10 13
10 14
10 15
10 17
10 22
10 48
10 60
10 61
10 64
10 65
10 88
10 90
10 113
11 11
11 12
11 13
11 14
11 15
11 17
11 48
11 58
11 60
11 61
11 65
11 90
11 107
12 12
12 13
12 14
12 15
12 16
12 17
12 48
12 52
12 58
12 60
12 61
12 64
12 65
12 69
12 90
12 104
12 107
12 113
12 114
13 13
13 14
13 15
13 16
13 17
13 52
13 58
13 60
13 61
13 65
13 107
14 14
14 15
14 18
14 22
14 23
14 28
14 40
14 64
14 74
14 76
14 82
14 84
14 86
14 88
14 113
15 15
15 29
15 33
15 37
15 41
15 65
15 72
15 77
15 80
15 83
15 87
15 89
15 95
16 16
16 17
16 28
16 29
16 36
16 41
16 48
16 52
16 56
16 57
16 58
16 59
16 60
16 61
16 62
16 63
16 66
16 69
16 72
16 74
16 76
16 78
16 79
16 80
16 81
16 109
17 17
17 20
17 28
17 29
17 37
17 38
17 41
17 48
17 52
17 56
17 57
17 58
17 59
17 60
17 61
17 62
17 63
17 66
17 68
17 70
17 72
17 73
17 74
17 75
17 76
17 78
17 79
17 80
17 81
17 90
17 109
18 18
18 19
18 22
18 23
18 28
18 40
18 64
18 68
18 74
18 82
18 84
18 86
18 88
18 91
19 19
19 28
19 29
19 32
19 33
19 53
19 55
19 56
19 72
19 80
19 82
19 83
19 85
19 87
19 91
19 92
19 100
20 20
20 21
20 24
20 25
20 26
20 70
20 71
20 73
20 74
20 75
20 76
20 77
20 79
20 93
20 109
20 110
21 21
21 24
21 25
21 26
21 27
21 31
21 70
21 71
21 73
21 74
21 75
21 76
21 77
21 78
21 79
21 93
21 94
21 95
21 97
21 105
21 109
21 110
21 111
22 22
22 23
22 24
22 25
22 26
22 27
22 30
22 31
22 34
22 50
22 57
22 64
22 68
22 71
22 82
22 86
22 88
22 94
22 104
22 111
23 23
23 24
23 25
23 26
23 27
23 30
23 31
23 34
23 45
23 50
23 64
23 68
23 82
23 86
23 87
23 88
23 89
23 111
24 24
24 25
24 26
24 27
24 30
24 31
24 34
24 35
24 42
24 43
24 45
24 46
24 47
24 70
24 71
24 77
24 86
24 88
24 105
24 110
24 111
25 25
25 26
25 27
25 30
25 31
25 33
25 34
25 35
25 42
25 43
25 45
25 46
25 47
25 50
25 64
25 70
25 71
25 77
25 88
25 94
25 105
25 111
26 26
26 27
26 30
26 31
26 34
26 35
26 42
26 43
26 46
26 47
26 50
26 53
26 70
26 71
26 77
26 88
26 94
26 96
26 105
26 110
26 111
27 27
27 30
27 31
27 34
27 35
27 42
27 43
27 45
27 46
27 47
27 50
27 57
27 71
27 88
27 94
27 96
27 103
27 105
27 110
27 111
28 28
28 29
28 32
28 36
28 38
28 40
28 41
28 52
28 53
28 56
28 62
28 63
28 66
28 68
28 72
28 73
28 74
28 76
28 78
28 79
28 80
28 81
28 82
28 83
28 84
28 85
29 29
29 32
29 33
29 36
29 37
29 38
29 40
29 41
29 49
29 51
29 53
29 56
29 65
29 70
29 72
29 73
29 74
29 75
29 76
29 77
29 78
29 79
29 80
29 81
29 82
29 83
29 85
29 95
30 30
30 31
30 33
30 34
30 35
30 42
30 43
30 45
30 47
30 51
30 53
30 71
30 82
30 86
30 88
30 111
31 31
31 33
31 34
31 35
31 42
31 43
31 45
31 47
31 64
31 71
31 77
31 87
31 88
31 111
32 32
32 33
32 36
32 39
32 41
32 62
32 66
32 72
32 80
32 81
32 82
32 83
32 84
32 85
32 87
32 108
33 33
33 35
33 45
33 80
33 83
33 87
34 34
34 35
34 42
34 43
34 44
34 45
34 50
34 64
34 88
34 111
35 35
35 42
35 43
35 44
35 45
35 47
35 49
35 50
35 51
35 65
35 67
35 71
35 77
35 88
35 110
35 111
36 36
36 37
36 38
36 40
36 41
36 46
36 52
36 54
36 56
36 58
36 62
36 66
36 68
36 72
36 73
36 74
36 76
36 78
36 79
36 80
36 81
36 82
36 83
36 84
36 108
36 113
36 115
37 37
37 38
37 39
37 40
37 41
37 53
37 54
37 56
37 57
37 68
37 72
37 73
37 74
37 75
37 76
37 77
37 78
37 79
37 80
37 81
37 83
37 95
37 108
38 38
38 39
38 40
38 41
38 46
38 54
38 55
38 56
38 58
38 59
38 62
38 63
38 66
38 68
38 72
38 73
38 74
38 75
38 76
38 78
38 79
38 80
38 81
38 85
38 90
38 95
38 96
38 97
38 98
38 103
38 108
38 109
38 112
39 39
39 41
39 55
39 83
39 85
39 87
39 89
39 94
39 95
39 97
39 103
39 108
40 40
40 41
40 54
40 56
40 58
40 66
40 68
40 72
40 73
40 74
40 76
40 80
40 81
40 82
40 84
41 41
41 56
41 68
41 70
41 72
41 73
41 74
41 75
41 76
41 78
41 80
41 81
41 95
41 108
42 42
42 43
42 44
42 45
42 46
42 47
42 49
42 51
42 53
42 55
42 99
42 111
43 43
43 44
43 45
43 46
43 47
43 49
43 50
43 51
43 53
43 55
43 67
43 88
43 96
43 99
43 111
44 44
44 45
44 48
44 49
44 51
44 65
44 66
44 67
44 83
45 45
45 46
45 47
45 49
45 50
45 51
45 53
45 55
45 64
45 65
45 67
45 111
46 46
46 47
46 51
46 53
46 55
46 96
46 98
46 99
46 108
46 111
47 47
47 51
47 53
47 55
47 92
47 96
47 97
47 98
47 99
47 110
47 111
48 48
48 49
48 51
48 58
48 59
48 60
48 61
48 62
48 65
48 66
48 90
48 98
48 110
49 49
49 51
49 65
49 67
49 83
50 50
50 64
50 88
51 51
51 53
51 55
51 65
51 82
51 91
51 99
52 52
52 54
52 58
52 59
52 60
52 61
52 62
52 63
52 66
52 69
52 72
52 74
52 79
52 80
52 81
52 85
52 90
52 98
52 109
53 53
53 55
53 57
53 68
53 81
53 82
53 83
53 91
53 92
53 99
53 108
53 111
53 112
54 54
54 58
54 59
54 60
54 61
54 62
54 66
54 69
54 76
54 84
54 85
54 90
54 102
54 115
55 55
55 83
55 87
55 91
55 92
55 95
55 96
55 97
55 98
55 99
55 108
55 111
55 112
56 56
56 57
56 58
56 59
56 62
56 63
56 66
56 68
56 69
56 72
56 73
56 74
56 76
56 78
56 79
56 80
56 81
56 84
56 85
56 92
56 93
56 100
56 102
56 108
56 109
57 57
57 68
57 73
57 74
57 76
57 78
57 79
57 81
57 84
57 91
57 92
57 95
57 99
57 101
57 103
57 108
57 111
57 112
58 58
58 59
58 60
58 61
58 62
58 63
58 66
58 69
58 72
58 79
58 80
58 81
58 90
58 100
58 109
59 59
59 60
59 61
59 62
59 63
59 66
59 67
59 69
59 72
59 79
59 80
59 81
59 90
59 100
59 102
59 104
59 112
59 114
59 115
60 60
60 61
60 62
60 63
60 66
60 69
60 72
60 79
60 80
60 90
60 100
60 102
60 104
60 107
60 109
60 114
60 115
61 61
61 62
61 63
61 65
61 66
61 69
61 72
61 76
61 79
61 80
61 90
61 102
61 107
61 109
61 114
61 115
62 62
62 63
62 66
62 69
62 72
62 79
62 80
62 81
62 85
62 102
62 109
63 63
63 66
63 69
63 72
63 76
63 78
63 79
63 80
63 81
63 90
63 100
63 102
63 109
63 112
63 114
64 64
64 65
64 82
64 84
64 86
64 88
64 89
65 65
65 67
65 89
66 66
66 69
66 72
66 79
66 80
66 81
66 84
66 85
67 67
67 69
67 110
68 68
68 72
68 73
68 74
68 76
68 78
68 79
68 81
68 84
68 86
68 99
68 112
68 113
69 69
69 79
69 102
69 104
69 110
69 114
70 70
70 71
70 72
70 73
70 74
70 75
70 76
70 77
70 78
70 109
71 71
71 73
71 75
71 76
71 77
72 72
72 73
72 74
72 75
72 76
72 78
72 79
72 80
72 81
72 82
72 83
72 84
72 85
73 73
73 74
73 75
73 76
73 77
73 78
73 79
73 80
73 81
73 95
74 74
74 75
74 76
74 78
74 79
74 80
74 81
74 82
74 84
75 75
75 76
75 77
75 78
75 109
76 76
76 77
76 78
76 79
76 80
76 81
76 101
76 102
76 109
77 77
77 95
77 97
77 109
77 110
78 78
78 79
78 80
78 81
78 84
78 103
79 79
79 80
79 81
79 84
79 93
79 103
79 112
80 80
80 81
80 83
80 84
80 85
80 108
81 81
81 82
81 84
81 85
81 108
82 82
82 83
82 84
82 86
82 87
82 88
82 91
83 83
83 84
83 85
83 87
83 89
83 95
84 84
84 85
84 86
84 88
84 89
85 85
85 87
85 89
85 95
86 86
86 87
86 88
86 89
86 94
87 87
87 88
87 89
87 94
87 95
87 108
88 88
88 89
89 89
89 95
90 90
90 91
90 92
90 93
90 96
90 97
90 98
90 99
90 109
90 110
90 113
91 91
91 92
91 93
91 99
91 100
91 105
91 109
91 111
91 112
92 92
92 93
92 94
92 99
92 100
92 108
92 111
92 112
93 93
93 94
93 97
93 100
93 101
93 102
93 103
93 104
93 105
93 109
93 110
93 111
93 112
93 114
94 94
94 96
94 106
94 108
94 111
94 113
95 95
95 97
95 108
95 109
96 96
96 97
96 98
96 99
96 103
96 104
96 105
96 106
96 110
96 111
96 112
96 113
96 114
96 115
97 97
97 98
97 103
97 104
97 105
97 109
97 110
97 111
97 112
97 114
98 98
98 99
98 110
98 111
98 113
99 99
99 103
99 104
99 105
99 111
99 112
99 113
99 114
100 100
100 101
100 102
100 104
100 105
100 112
100 114
101 101
101 102
101 103
101 104
101 105
102 102
102 103
102 104
102 109
102 112
102 113
102 114
102 115
103 103
103 104
103 105
103 110
103 111
103 112
103 113
103 114
104 104
104 105
104 107
104 109
104 110
104 112
104 113
104 114
104 115
105 105
105 107
105 110
105 111
105 112
105 113
105 114
106 106
106 108
107 107
107 114
108 108
108 113
109 109
109 110
109 114
110 110
110 111
110 114
111 111
111 112
112 112
112 113
112 114
112 115
113 113
113 114
114 114
114 115
115 115
