0 0
0 1
0 10
0 11
0 12
0 13
0 14
0 16
0 17
0 28
0 29
0 32
0 33
0 36
0 56
0 57
0 60
0 62
0 63
0 68
0 72
0 78
0 80
0 81
0 83
0 85
1 1
1 11
1 13
1 16
1 17
1 19
1 28
1 32
1 34
1 56
1 57
1 59
1 60
1 61
1 62
1 63
1 65
1 68
1 78
1 80
1 81
1 85
1 106
2 2
2 3
2 6
2 18
2 22
2 23
2 31
2 35
2 36
2 42
2 43
2 44
2 47
2 48
2 50
2 58
2 60
2 64
2 67
2 76
2 93
2 100
2 102
2 103
2 110
2 113
3 3
3 7
3 19
3 22
3 23
3 31
3 35
3 64
3 65
3 79
3 100
4 4
4 5
4 15
4 20
4 21
4 26
4 27
4 44
4 46
4 47
4 49
4 55
4 61
4 66
4 82
4 87
4 94
4 95
4 97
4 99
4 102
4 103
4 104
4 105
4 107
4 108
4 112
4 113
4 114
4 115
5 5
5 15
5 20
5 21
5 26
5 27
5 54
5 55
5 82
5 83
5 86
5 89
5 96
5 98
5 104
5 105
6 6
6 7
6 8
6 18
6 22
6 23
6 31
6 33
6 35
6 42
6 43
6 44
6 45
6 48
6 49
6 64
6 100
6 102
6 103
6 113
7 7
7 9
7 13
7 19
7 31
7 61
7 63
7 65
7 67
7 83
7 100
7 102
7 112
8 8
8 9
8 11
8 12
8 13
8 17
8 25
8 27
8 30
8 52
8 64
8 65
8 71
8 78
8 81
8 106
9 9
9 11
9 15
9 17
9 20
9 21
9 24
9 25
9 30
9 62
9 65
9 70
9 71
9 73
9 75
9 80
9 81
9 85
9 86
9 89
9 106
10 10
10 12
10 13
10 14
10 27
10 28
10 29
10 30
10 56
10 62
10 64
10 72
10 84
10 85
11 11
11 12
11 13
11 16
11 17
11 28
11 30
11 32
11 56
11 62
11 63
11 70
11 71
11 72
11 73
11 78
11 79
11 80
11 81
11 85
12 12
12 13
12 14
12 17
12 25
12 27
12 28
12 30
12 62
12 64
12 70
12 71
12 73
12 75
12 78
12 79
12 81
12 85
12 86
12 89
13 13
13 15
13 16
13 17
13 28
13 29
13 32
13 60
13 61
13 62
13 63
13 72
13 78
13 79
13 80
13 81
13 85
14 14
14 15
14 18
14 22
14 23
14 28
14 29
14 36
14 40
14 56
14 72
14 74
14 76
14 84
14 87
14 88
14 101
15 15
15 20
15 26
15 29
15 36
15 41
15 60
15 74
15 83
15 84
15 87
15 97
15 102
15 113
15 114
15 115
16 16
16 17
16 29
16 32
16 41
16 56
16 57
16 60
16 62
16 63
16 72
16 78
16 79
16 80
16 81
16 85
16 87
17 17
17 28
17 30
17 39
17 57
17 62
17 63
17 70
17 71
17 72
17 73
17 75
17 78
17 79
17 80
17 81
17 85
17 86
17 89
17 106
18 18
18 19
18 22
18 23
18 36
18 44
18 48
18 58
18 60
18 61
18 66
18 76
18 83
18 97
18 100
18 102
18 103
18 108
18 111
18 113
19 19
19 56
19 57
19 59
19 63
19 66
19 68
19 69
19 82
19 83
20 20
20 21
20 24
20 26
20 36
20 46
20 52
20 54
20 55
20 70
20 72
20 73
20 74
20 75
20 77
20 86
20 89
20 91
20 94
20 95
20 97
20 99
20 102
20 103
20 104
20 105
20 107
20 108
20 109
20 111
20 112
20 114
20 115
21 21
21 24
21 25
21 26
21 27
21 30
21 37
21 38
21 40
21 54
21 55
21 70
21 71
21 72
21 73
21 74
21 75
21 77
21 83
21 86
21 89
21 95
21 104
21 105
21 107
21 108
21 109
21 111
21 112
21 115
22 22
22 23
22 27
22 31
22 35
22 36
22 42
22 43
22 44
22 47
22 48
22 50
22 58
22 64
22 67
22 76
22 93
22 100
22 103
22 110
22 113
23 23
23 25
23 27
23 31
23 35
23 36
23 42
23 43
23 44
23 46
23 47
23 48
23 50
23 64
23 88
23 93
23 100
23 101
23 102
23 103
23 110
23 111
23 112
23 113
23 114
24 24
24 25
24 26
24 27
24 30
24 34
24 37
24 40
24 46
24 53
24 55
24 70
24 73
24 74
24 75
24 77
24 85
24 86
24 89
24 91
24 92
24 93
24 96
24 98
24 104
24 105
24 109
25 25
25 27
25 30
25 31
25 35
25 37
25 38
25 46
25 50
25 51
25 53
25 70
25 71
25 73
25 75
25 77
25 79
25 85
25 86
25 92
25 96
25 114
26 26
26 27
26 34
26 40
26 46
26 66
26 82
26 88
26 89
26 96
26 98
26 100
26 102
26 103
26 104
26 105
26 108
26 109
26 112
26 115
27 27
27 30
27 54
27 64
27 82
27 88
27 89
27 96
27 104
27 109
28 28
28 29
28 30
28 32
28 34
28 40
28 62
28 63
28 68
28 72
28 73
28 74
28 77
28 78
28 80
28 81
28 84
28 85
28 109
29 29
29 36
29 51
29 56
29 72
29 73
29 74
29 78
29 80
29 83
29 84
29 85
29 87
30 30
30 31
30 62
30 64
30 70
30 71
30 73
30 75
30 77
30 78
30 79
30 80
30 81
30 85
30 86
30 89
30 109
31 31
31 33
31 35
31 43
31 44
31 45
31 64
31 71
31 79
32 32
32 33
32 34
32 41
32 56
32 57
32 59
32 61
32 63
32 66
32 68
32 78
32 80
32 81
33 33
33 35
33 60
33 63
33 65
33 67
34 34
34 37
34 61
34 63
34 65
34 66
34 68
34 85
34 96
35 35
35 44
35 45
35 46
35 47
35 48
35 50
35 58
35 64
35 65
35 67
35 110
35 113
35 114
36 36
36 40
36 41
36 48
36 54
36 56
36 60
36 66
36 84
36 88
36 93
36 94
36 97
36 99
36 100
36 101
36 102
36 103
36 108
36 110
36 111
36 112
36 113
37 37
37 38
37 39
37 40
37 52
37 70
37 73
37 75
37 76
37 77
37 86
37 89
37 91
37 92
37 93
37 96
37 98
37 109
38 38
38 39
38 40
38 54
38 55
38 71
38 77
38 78
38 86
38 88
38 89
38 90
38 92
38 95
38 96
38 98
38 105
38 107
38 115
39 39
39 40
39 54
39 55
39 62
39 71
39 89
39 95
39 96
39 98
39 106
39 107
40 40
40 54
40 55
40 72
40 73
40 74
40 76
40 77
40 84
40 86
40 88
40 90
40 94
40 95
40 98
40 108
40 109
40 115
41 41
41 66
41 72
41 74
41 87
41 95
41 97
41 103
41 107
41 115
42 42
42 43
42 44
42 45
42 46
42 47
42 48
42 49
42 50
42 51
42 53
42 76
42 110
42 113
42 114
43 43
43 44
43 45
43 46
43 47
43 48
43 49
43 50
43 51
43 53
43 67
43 76
43 99
43 110
43 111
43 113
43 114
44 44
44 45
44 46
44 47
44 48
44 49
44 50
44 51
44 53
44 99
44 100
44 102
44 103
44 110
44 111
44 112
44 113
44 114
45 45
45 46
45 47
45 48
45 49
45 51
45 53
45 67
45 99
45 110
45 113
46 46
46 47
46 48
46 49
46 51
46 53
46 55
46 90
46 91
46 96
46 98
46 99
46 103
46 104
46 105
46 108
46 109
46 110
46 111
46 112
46 113
46 114
47 47
47 48
47 49
47 50
47 51
47 53
47 67
47 99
47 100
47 102
47 103
47 108
47 110
47 111
47 113
48 48
48 49
48 50
48 51
48 52
48 58
48 60
48 65
48 66
48 67
48 99
48 110
48 113
49 49
49 51
49 53
49 67
49 82
49 110
49 113
50 50
50 51
50 58
50 67
50 76
51 51
51 52
51 53
51 55
51 61
51 65
51 98
52 52
52 53
52 55
52 70
52 73
52 75
52 86
52 89
52 91
52 92
52 93
52 100
52 111
52 112
52 114
53 53
53 55
53 91
53 93
53 98
53 99
53 100
53 104
53 109
53 111
53 112
53 114
54 54
54 55
54 84
54 86
54 88
54 89
54 90
54 91
54 92
54 95
54 96
54 98
54 99
54 105
54 107
54 108
54 109
54 115
55 55
55 70
55 74
55 78
55 80
55 82
55 83
55 85
55 86
55 87
55 89
55 95
55 96
55 98
55 99
55 104
55 109
55 115
56 56
56 57
56 60
56 62
56 63
56 68
56 72
56 80
56 81
56 83
56 84
56 88
57 57
57 58
57 59
57 60
57 61
57 63
57 66
57 68
57 69
57 78
57 80
58 58
58 59
58 60
58 61
58 65
58 66
58 67
58 69
59 59
59 60
59 61
59 63
59 66
59 67
59 68
59 69
59 97
60 60
60 61
60 65
60 66
60 97
60 102
61 61
61 63
61 65
61 66
61 69
62 62
62 63
62 68
62 70
62 71
62 73
62 78
62 79
62 80
62 81
62 85
62 89
62 106
63 63
63 65
63 68
63 72
63 78
63 79
63 80
63 81
63 85
64 64
64 65
64 84
65 65
65 67
66 66
66 67
66 68
66 69
66 97
66 102
66 103
67 67
67 69
67 97
67 103
67 110
68 68
68 72
68 78
68 80
68 89
69 69
69 82
69 90
69 91
69 97
69 107
69 110
70 70
70 71
70 73
70 74
70 75
70 77
70 79
70 81
70 85
70 86
70 89
70 91
70 93
70 106
71 71
71 73
71 74
71 75
71 77
71 78
71 79
71 80
71 81
71 86
71 106
72 72
72 73
72 74
72 75
72 76
72 78
72 80
72 81
72 83
72 84
72 85
72 86
72 95
72 97
72 104
72 106
72 115
73 73
73 74
73 75
73 76
73 77
73 78
73 79
73 80
73 81
73 85
73 86
73 89
73 106
74 74
74 75
74 76
74 77
74 78
74 83
74 86
74 87
74 89
74 95
74 97
74 104
74 106
74 107
74 108
74 115
75 75
75 76
75 77
75 79
75 81
75 86
75 106
76 76
76 77
77 77
77 79
77 86
77 90
77 91
77 92
77 93
77 94
77 98
77 106
77 109
78 78
78 79
78 80
78 81
78 85
78 96
79 79
79 80
79 81
79 85
79 106
80 80
80 81
80 84
80 85
80 86
80 96
81 81
81 85
81 89
81 106
82 82
82 83
82 87
82 89
82 95
82 104
82 105
83 83
83 89
83 97
83 99
83 100
83 102
83 108
83 112
84 84
84 85
84 86
84 88
84 92
84 94
85 85
85 86
85 89
85 96
86 86
86 87
86 89
86 94
86 95
86 96
86 98
86 104
86 105
86 109
86 114
86 115
87 87
87 95
87 97
87 103
87 104
87 105
87 107
87 108
87 114
87 115
88 88
88 90
88 91
88 92
88 93
88 95
88 99
88 101
88 103
88 105
88 108
88 112
88 114
88 115
89 89
89 90
89 91
89 92
89 96
89 98
89 104
89 109
90 90
90 91
90 92
90 93
90 94
90 95
90 98
90 99
90 101
90 105
90 107
90 108
90 109
90 110
90 111
90 112
90 114
90 115
91 91
91 92
91 93
91 94
91 95
91 98
91 99
91 100
91 101
91 103
91 104
91 105
91 107
91 108
91 109
91 110
91 111
91 112
91 113
91 114
91 115
92 92
92 93
92 94
92 98
92 100
92 101
92 103
92 105
92 109
92 111
92 112
92 113
92 114
92 115
93 93
93 94
93 100
93 101
93 103
93 109
93 110
93 111
93 112
93 113
93 114
94 94
94 95
94 97
94 101
94 103
94 104
94 105
94 108
94 111
94 112
94 114
94 115
95 95
95 97
95 98
95 99
95 103
95 104
95 105
95 107
95 108
95 110
95 114
95 115
96 96
96 98
96 104
96 105
96 109
97 97
97 99
97 102
97 107
97 108
97 110
97 111
97 112
98 98
98 99
98 104
98 105
98 109
99 99
99 101
99 102
99 103
99 104
99 105
99 107
99 108
99 109
99 110
99 111
99 112
99 113
99 114
99 115
100 100
100 101
100 102
100 103
100 110
100 111
100 112
100 113
100 114
101 101
101 103
101 104
101 105
101 108
101 111
101 112
101 113
101 114
101 115
102 102
102 103
102 104
102 108
102 110
102 111
102 112
102 113
103 103
103 104
103 105
103 108
103 110
103 111
103 112
103 113
103 114
103 115
104 104
104 105
104 107
104 108
104 111
104 112
104 113
104 114
104 115
105 105
105 107
105 108
105 114
105 115
106 106
106 107
107 107
107 108
107 110
107 111
107 115
108 108
108 109
108 110
108 111
108 112
108 115
109 109
109 111
109 112
110 110
110 111
110 112
110 113
110 114
110 115
111 111
111 112
111 113
111 114
111 115
112 112
112 113
112 114
113 113
113 114
113 115
114 114
114 115
115 115
