0 0
0 1
0 10
0 11
0 12
0 16
0 17
0 48
0 49
0 54
0 57
0 58
0 59
0 60
0 61
0 62
0 63
0 65
0 66
0 68
0 69
0 76
0 77
0 82
0 98
1 1
1 10
1 11
1 12
1 13
1 15
1 17
1 57
1 58
1 60
1 61
1 64
1 65
1 69
1 89
1 100
1 102
1 104
2 2
2 4
2 6
2 22
2 24
2 26
2 30
2 34
2 35
2 48
2 50
2 67
2 88
2 93
2 101
3 3
3 4
3 5
3 7
3 14
3 15
3 19
3 20
3 21
3 22
3 23
3 24
3 25
3 27
3 30
3 31
3 34
3 35
3 42
3 43
3 46
3 50
3 67
3 71
3 85
3 88
3 92
3 93
3 100
3 102
4 4
4 5
4 6
4 7
4 8
4 14
4 15
4 23
4 26
4 67
4 88
4 92
4 93
5 5
5 9
5 14
5 19
5 20
5 21
5 22
5 23
5 24
5 25
5 26
5 27
5 30
5 31
5 34
5 35
5 42
5 43
5 45
5 50
5 51
5 67
5 70
5 71
5 84
5 88
5 92
6 6
6 7
6 8
6 12
6 13
6 52
6 64
6 65
6 83
6 101
7 7
7 13
7 15
7 26
7 31
7 64
7 65
7 67
7 92
7 93
7 100
7 101
7 102
7 103
7 104
7 105
7 113
8 8
8 14
8 18
8 22
8 26
8 35
8 50
8 84
8 85
8 88
8 89
9 9
9 10
9 19
9 22
9 23
9 24
9 25
9 36
9 39
9 41
9 68
9 70
9 74
9 77
9 82
9 84
9 87
9 109
10 10
10 11
10 12
10 14
10 26
10 39
10 48
10 66
10 75
10 76
10 77
10 82
10 84
10 87
11 11
11 12
11 14
11 17
11 26
11 57
11 64
11 65
11 69
11 84
11 85
12 12
12 13
12 16
12 17
12 28
12 57
12 58
12 59
12 60
12 61
12 62
12 63
12 64
12 65
12 66
12 76
12 106
13 13
13 15
13 17
13 29
13 33
13 57
13 58
13 59
13 60
13 61
13 62
13 63
13 64
13 65
13 69
13 101
13 102
13 103
13 104
13 113
14 14
14 15
14 18
14 19
14 22
14 23
14 25
14 26
14 27
14 30
14 31
14 34
14 37
14 39
14 41
14 50
14 75
14 76
14 82
14 83
14 84
14 85
14 88
15 15
15 26
15 31
15 33
15 64
15 65
15 83
15 88
15 100
15 101
15 102
15 103
15 104
16 16
16 17
16 28
16 29
16 32
16 36
16 37
16 40
16 41
16 52
16 54
16 56
16 57
16 58
16 59
16 60
16 61
16 62
16 63
16 65
16 68
16 69
16 72
16 73
16 74
16 76
16 78
16 79
16 80
16 81
16 108
17 17
17 28
17 29
17 33
17 56
17 57
17 58
17 59
17 60
17 61
17 62
17 63
17 64
17 65
17 69
17 73
17 76
17 77
17 79
17 81
17 108
18 18
18 19
18 22
18 23
18 24
18 25
18 30
18 31
18 33
18 41
18 50
18 75
18 82
18 83
18 84
18 88
19 19
19 21
19 22
19 23
19 24
19 25
19 30
19 31
19 33
19 34
19 35
19 47
19 50
19 70
19 74
19 82
19 83
19 84
19 110
20 20
20 21
20 22
20 24
20 25
20 27
20 30
20 31
20 33
20 34
20 35
20 38
20 41
20 42
20 43
20 47
20 50
20 67
20 70
20 71
20 88
20 96
20 97
20 110
21 21
21 22
21 23
21 24
21 25
21 27
21 30
21 31
21 33
21 34
21 35
21 42
21 43
21 46
21 47
21 50
21 67
21 71
21 96
21 110
22 22
22 23
22 24
22 25
22 26
22 27
22 30
22 31
22 34
22 35
22 41
22 43
22 50
22 70
22 71
22 75
22 84
22 85
22 88
23 23
23 24
23 25
23 27
23 30
23 31
23 34
23 35
23 42
23 43
23 45
23 50
23 84
23 85
23 88
23 90
23 91
23 92
23 93
24 24
24 25
24 27
24 30
24 31
24 33
24 34
24 35
24 42
24 43
24 46
24 47
24 50
24 67
24 70
24 71
24 75
24 77
24 88
24 96
24 110
25 25
25 27
25 30
25 31
25 34
25 35
25 42
25 43
25 45
25 46
25 47
25 50
25 67
25 71
25 84
25 85
25 88
25 92
26 26
26 27
26 35
26 50
26 67
26 88
27 27
27 30
27 31
27 34
27 35
27 42
27 43
27 46
27 50
27 67
27 71
27 75
27 84
27 85
27 88
27 96
28 28
28 29
28 32
28 33
28 36
28 40
28 41
28 56
28 57
28 59
28 60
28 62
28 63
28 68
28 69
28 72
28 73
28 74
28 75
28 76
28 77
28 78
28 79
28 80
28 81
28 83
29 29
29 32
29 33
29 40
29 56
29 57
29 59
29 60
29 61
29 62
29 63
29 69
29 72
29 73
29 74
29 76
29 77
29 78
29 79
29 80
29 81
30 30
30 31
30 33
30 34
30 35
30 42
30 43
30 46
30 47
30 50
30 67
30 70
30 71
30 75
30 83
30 84
30 85
31 31
31 33
31 34
31 35
31 42
31 43
31 46
31 50
31 67
31 71
31 83
31 85
32 32
32 33
32 40
32 47
32 56
32 57
32 59
32 60
32 63
32 68
32 69
32 72
32 73
32 74
32 76
32 77
32 78
32 79
32 80
32 81
32 96
32 98
33 33
33 35
33 71
33 72
33 74
33 75
33 76
33 77
33 78
33 79
33 80
33 81
33 83
34 34
34 35
34 38
34 41
34 42
34 43
34 44
34 45
34 46
34 50
34 55
34 67
34 70
34 71
34 78
34 84
34 96
35 35
35 38
35 41
35 42
35 43
35 44
35 45
35 46
35 47
35 50
35 67
35 71
35 88
35 96
35 110
36 36
36 37
36 38
36 39
36 40
36 41
36 54
36 55
36 56
36 70
36 72
36 73
36 74
36 75
36 76
36 77
36 78
36 79
36 80
36 81
36 87
36 94
36 95
36 96
36 97
36 108
36 109
37 37
37 38
37 39
37 40
37 41
37 53
37 54
37 55
37 72
37 74
37 75
37 76
37 77
37 78
37 79
37 81
37 87
37 89
37 94
37 95
37 97
37 109
38 38
38 39
38 40
38 41
38 54
38 55
38 85
38 86
38 87
38 89
38 95
38 97
39 39
39 40
39 41
39 54
39 55
39 72
39 86
39 87
39 89
39 94
39 95
39 97
39 108
39 109
40 40
40 41
40 55
40 56
40 57
40 59
40 62
40 63
40 70
40 72
40 73
40 74
40 75
40 76
40 77
40 78
40 79
40 80
40 81
40 82
40 87
40 94
40 97
40 108
40 109
41 41
41 55
41 70
41 72
41 73
41 74
41 75
41 76
41 77
41 78
41 79
41 81
41 87
41 95
41 109
42 42
42 43
42 44
42 45
42 46
42 47
42 50
42 67
42 70
42 71
42 96
42 97
42 99
42 110
42 111
43 43
43 44
43 45
43 46
43 47
43 50
43 53
43 67
43 70
43 71
43 75
43 96
43 97
43 99
43 110
43 111
44 44
44 45
44 46
44 47
44 49
44 55
44 66
44 71
44 96
44 97
44 98
44 99
44 110
44 111
44 112
45 45
45 46
45 47
45 49
45 66
45 67
45 71
45 90
45 91
45 97
45 99
45 105
45 107
45 110
45 111
45 112
46 46
46 47
46 53
46 55
46 71
46 72
46 78
46 96
46 97
46 99
46 110
46 111
47 47
47 49
47 53
47 70
47 71
47 74
47 75
47 77
47 96
47 97
47 98
47 99
47 109
47 110
47 111
48 48
48 49
48 50
48 51
48 58
48 60
48 66
48 73
48 75
48 76
48 77
48 90
48 106
49 49
49 51
49 53
49 57
49 58
49 59
49 60
49 61
49 66
49 68
49 69
49 90
49 91
49 97
49 98
49 99
49 111
49 112
50 50
50 51
50 67
50 71
50 84
50 85
50 88
50 92
50 110
51 51
51 65
51 67
51 90
51 92
51 106
51 114
52 52
52 53
52 54
52 57
52 58
52 59
52 60
52 61
52 62
52 63
52 64
52 65
52 68
52 87
52 89
52 90
52 91
53 53
53 55
53 99
53 111
53 112
54 54
54 55
54 57
54 58
54 59
54 60
54 62
54 63
54 66
54 83
54 86
54 87
54 89
55 55
55 83
55 86
55 87
55 89
55 95
55 96
55 97
55 109
56 56
56 57
56 59
56 60
56 61
56 62
56 63
56 68
56 69
56 72
56 73
56 74
56 76
56 77
56 78
56 79
56 80
56 81
56 98
56 99
56 111
56 113
57 57
57 58
57 59
57 60
57 61
57 62
57 63
57 65
57 68
57 69
57 73
57 74
57 76
57 77
57 79
57 81
57 98
57 108
58 58
58 59
58 60
58 61
58 62
58 63
58 65
58 66
58 68
58 69
58 76
58 91
58 98
58 106
59 59
59 60
59 61
59 62
59 63
59 65
59 66
59 69
59 72
59 98
59 99
59 113
60 60
60 61
60 62
60 63
60 64
60 65
60 66
60 69
60 98
60 103
60 106
61 61
61 62
61 63
61 65
61 66
61 68
61 69
61 98
61 99
61 102
61 103
61 104
61 106
61 113
61 114
62 62
62 63
62 64
62 65
62 68
62 69
62 79
62 80
62 81
62 89
63 63
63 65
63 69
63 72
63 79
63 80
63 81
63 89
63 98
64 64
64 65
64 83
64 85
64 89
64 100
64 101
64 102
65 65
65 69
65 89
65 101
65 102
65 103
65 104
65 106
66 66
66 69
66 90
66 91
66 98
66 99
66 105
66 106
66 107
66 111
66 112
67 67
67 71
67 88
67 92
67 93
67 100
67 101
67 105
68 68
68 69
68 73
68 74
68 76
68 77
68 98
69 69
69 73
69 76
69 79
69 98
70 70
70 71
70 72
70 73
70 74
70 75
70 76
70 77
70 82
70 94
70 95
70 96
70 97
70 99
70 108
70 109
70 110
70 111
71 71
71 73
71 75
71 77
71 96
71 110
71 111
72 72
72 73
72 74
72 75
72 76
72 77
72 78
72 79
72 80
72 81
72 96
72 97
72 109
73 73
73 74
73 75
73 76
73 77
73 78
73 79
73 81
73 95
73 97
73 109
73 111
74 74
74 75
74 76
74 77
74 78
74 79
74 80
74 81
75 75
75 76
75 77
75 94
75 96
75 97
75 109
76 76
76 77
76 78
76 79
76 81
76 96
77 77
77 78
77 79
77 81
77 96
77 109
77 110
78 78
78 79
78 80
78 81
78 96
79 79
79 80
79 81
79 108
80 80
80 81
80 83
81 81
82 82
82 83
82 84
82 85
82 86
82 87
83 83
83 84
83 85
83 87
84 84
84 85
84 86
84 87
84 88
85 85
85 86
85 87
85 88
85 89
86 86
86 87
86 89
86 91
86 103
86 106
86 107
87 87
87 89
88 88
88 89
89 89
89 107
89 115
90 90
90 91
90 92
90 93
90 94
90 98
90 99
90 102
90 103
90 104
90 105
90 106
90 107
90 109
90 110
90 111
90 112
90 113
90 114
90 115
91 91
91 92
91 93
91 94
91 95
91 97
91 98
91 99
91 103
91 104
91 105
91 106
91 107
91 109
91 110
91 111
91 112
91 114
91 115
92 92
92 93
92 100
92 101
92 102
92 103
92 104
92 105
92 106
92 107
92 112
92 113
92 114
92 115
93 93
93 99
93 100
93 101
93 102
93 103
93 104
93 105
93 107
93 112
93 113
93 114
93 115
94 94
94 95
94 96
94 97
94 98
94 99
94 107
94 108
94 109
94 110
94 111
94 112
94 113
94 114
94 115
95 95
95 97
95 107
95 108
95 109
95 110
95 112
95 113
95 114
95 115
96 96
96 97
96 98
96 99
96 108
96 109
96 110
96 111
97 97
97 98
97 99
97 108
97 109
97 110
97 111
97 112
97 113
97 114
97 115
98 98
98 99
98 103
98 104
98 110
98 111
98 113
98 114
99 99
99 101
99 103
99 104
99 105
99 107
99 109
99 110
99 111
99 112
99 113
99 114
100 100
100 101
100 102
100 103
100 104
100 105
100 107
100 113
100 114
100 115
101 101
101 102
101 103
101 104
101 105
101 106
101 107
101 113
101 114
101 115
102 102
102 103
102 104
102 105
102 106
102 107
102 113
102 114
102 115
103 103
103 104
103 105
103 106
103 107
103 112
103 113
103 114
103 115
104 104
104 105
104 106
104 107
104 113
104 114
104 115
105 105
105 106
105 107
105 112
105 113
105 114
105 115
106 106
106 107
106 113
106 114
107 107
107 108
107 112
107 113
107 114
107 115
108 108
108 109
108 113
108 114
108 115
109 109
109 110
109 111
109 112
110 110
110 111
110 112
110 113
111 111
111 112
111 113
111 114
112 112
112 113
112 114
112 115
113 113
113 114
113 115
114 114
114 115
115 115
