0 0
0 1
0 10
0 16
0 18
0 19
0 28
0 32
0 56
0 57
0 58
0 60
0 61
0 65
0 68
0 74
0 76
0 77
0 79
0 82
0 83
0 84
0 86
0 88
0 93
0 111
0 112
1 1
1 10
1 11
1 14
1 17
1 18
1 19
1 20
1 28
1 29
1 32
1 41
1 57
1 58
1 60
1 61
1 62
1 65
1 68
1 69
1 70
1 72
1 73
1 76
1 80
1 83
1 102
2 2
2 6
2 7
2 8
2 10
2 12
2 22
2 23
2 31
2 33
2 35
2 50
2 58
2 60
2 64
2 65
2 67
2 71
2 86
2 88
2 93
3 3
3 6
3 7
3 9
3 11
3 22
3 23
3 30
3 31
3 33
3 42
3 44
3 45
3 49
3 50
3 51
3 52
3 53
3 64
3 67
4 4
4 5
4 6
4 7
4 8
4 9
4 12
4 13
4 15
4 24
4 26
4 27
4 35
4 45
4 51
4 64
4 65
5 5
5 9
5 10
5 12
5 15
5 24
5 25
5 26
5 27
5 35
5 57
5 70
5 85
6 6
6 7
6 8
6 9
6 10
6 11
6 12
6 13
6 22
6 33
6 60
6 64
6 65
6 86
6 88
6 91
6 92
6 93
7 7
7 8
7 9
7 11
7 13
7 15
7 33
7 45
7 60
7 61
7 64
7 65
7 71
7 75
7 90
7 91
7 92
7 100
7 102
8 8
8 9
8 10
8 11
8 12
8 13
8 14
8 15
8 35
8 48
8 60
8 64
8 65
8 75
8 86
8 87
8 88
8 93
8 113
9 9
9 11
9 13
9 15
9 35
9 44
9 45
9 49
9 51
9 64
9 65
9 70
9 71
9 73
9 75
9 90
9 92
9 100
10 10
10 11
10 12
10 13
10 14
10 15
10 16
10 17
10 18
10 19
10 28
10 58
10 60
10 61
10 65
10 70
10 72
10 73
10 75
10 76
10 80
10 86
10 87
10 88
10 112
11 11
11 12
11 13
11 15
11 17
11 19
11 28
11 29
11 33
11 60
11 61
11 65
11 70
11 72
11 73
11 75
11 90
11 92
11 100
12 12
12 13
12 14
12 23
12 24
12 25
12 26
12 27
12 30
12 35
12 46
12 48
12 50
12 58
12 60
12 64
12 65
12 84
12 86
12 87
12 88
12 93
13 13
13 15
13 33
13 35
13 64
13 65
13 71
13 75
13 90
13 92
13 93
13 100
14 14
14 17
14 19
14 22
14 24
14 26
14 27
14 28
14 40
14 50
14 54
14 62
14 72
14 80
14 82
14 83
14 84
14 85
14 88
15 15
15 29
15 35
15 45
15 65
15 73
15 75
15 92
15 100
16 16
16 17
16 18
16 19
16 28
16 29
16 32
16 56
16 57
16 62
16 63
16 68
16 70
16 72
16 74
16 75
16 76
16 78
16 79
16 80
16 81
16 82
16 83
16 112
16 113
17 17
17 18
17 19
17 20
17 28
17 29
17 32
17 38
17 40
17 41
17 52
17 57
17 61
17 62
17 63
17 70
17 72
17 73
17 74
17 75
17 76
17 78
17 79
17 80
17 81
17 83
17 85
18 18
18 19
18 28
18 29
18 32
18 38
18 41
18 57
18 60
18 61
18 66
18 68
18 72
18 73
18 74
18 76
18 78
18 82
18 83
18 102
18 106
18 108
18 112
19 19
19 28
19 29
19 41
19 57
19 62
19 69
19 70
19 72
19 73
19 74
19 76
19 77
19 80
19 81
19 82
19 83
19 90
19 91
20 20
20 21
20 36
20 37
20 38
20 41
20 58
20 59
20 69
20 70
20 72
20 73
20 74
20 75
20 80
20 81
20 85
20 89
20 103
20 104
20 105
21 21
21 23
21 24
21 25
21 27
21 30
21 31
21 35
21 36
21 37
21 38
21 39
21 47
21 54
21 67
21 71
21 86
21 87
21 89
21 103
21 109
21 110
22 22
22 23
22 24
22 25
22 27
22 30
22 31
22 33
22 34
22 48
22 50
22 55
22 64
22 67
22 86
22 88
22 93
22 96
23 23
23 24
23 25
23 27
23 30
23 31
23 33
23 34
23 35
23 39
23 43
23 47
23 48
23 50
23 55
23 64
23 67
23 71
23 86
23 87
23 88
23 93
23 94
23 96
23 109
23 110
24 24
24 25
24 26
24 27
24 30
24 34
24 35
24 42
24 43
24 44
24 46
24 48
24 49
24 50
24 51
24 52
24 59
24 67
24 80
24 86
24 87
24 89
24 96
24 110
25 25
25 26
25 27
25 30
25 31
25 34
25 35
25 36
25 39
25 42
25 43
25 46
25 47
25 48
25 50
25 54
25 66
25 67
25 71
25 84
25 86
25 87
25 88
25 94
25 96
25 109
25 110
26 26
26 27
26 30
26 34
26 42
26 46
26 48
26 50
26 56
26 57
26 85
27 27
27 30
27 32
27 34
27 35
27 38
27 40
27 42
27 46
27 48
27 50
27 52
27 53
27 54
27 56
27 57
27 66
27 67
27 84
27 86
27 88
27 89
27 96
27 98
27 110
28 28
28 29
28 32
28 40
28 41
28 52
28 54
28 57
28 61
28 62
28 63
28 72
28 73
28 74
28 76
28 78
28 79
28 80
28 81
28 82
28 83
28 106
29 29
29 32
29 38
29 41
29 61
29 62
29 63
29 72
29 73
29 74
29 75
29 76
29 77
29 78
29 79
29 81
29 83
29 100
29 102
29 106
29 108
30 30
30 31
30 42
30 43
30 44
30 46
30 49
30 50
30 51
30 52
30 53
30 67
30 80
30 81
30 85
30 96
31 31
31 33
31 34
31 43
31 44
31 45
31 49
31 55
31 67
31 71
32 32
32 33
32 38
32 40
32 52
32 56
32 57
32 62
32 63
32 66
32 68
32 72
32 78
32 79
32 82
32 83
32 106
32 111
33 33
33 45
33 63
34 34
34 35
34 43
34 50
34 53
34 54
34 55
34 56
34 66
34 67
34 94
34 95
34 96
34 97
34 99
35 35
35 43
35 45
35 49
35 64
35 65
35 67
35 86
35 87
35 93
36 36
36 37
36 38
36 39
36 40
36 41
36 47
36 52
36 54
36 55
36 59
36 76
36 79
36 82
36 83
36 94
36 95
36 96
36 97
36 98
36 99
36 103
36 104
36 105
36 106
36 107
36 109
36 110
36 111
36 114
36 115
37 37
37 38
37 39
37 40
37 41
37 47
37 54
37 59
37 68
37 69
37 77
37 79
37 83
37 95
37 97
37 99
37 104
37 105
37 106
37 107
37 108
37 109
37 110
37 111
37 115
38 38
38 40
38 41
38 52
38 54
38 57
38 59
38 68
38 69
38 73
38 74
38 76
38 78
38 79
38 83
38 95
38 97
38 106
38 107
38 108
38 111
38 115
39 39
39 47
39 54
39 55
39 63
39 71
39 82
39 86
39 87
39 88
39 93
39 94
39 95
39 96
39 97
39 99
39 105
39 109
39 110
39 111
39 112
39 114
40 40
40 41
40 47
40 52
40 53
40 54
40 57
40 59
40 62
40 63
40 72
40 79
40 82
40 83
40 94
40 96
40 97
40 98
40 99
40 106
40 107
40 110
40 111
41 41
41 52
41 69
41 72
41 73
41 74
41 77
41 78
41 79
41 83
41 106
41 107
41 111
42 42
42 43
42 44
42 45
42 46
42 47
42 48
42 49
42 50
42 51
42 52
42 53
42 78
42 79
42 96
42 98
42 113
43 43
43 44
43 45
43 46
43 47
43 48
43 49
43 50
43 51
43 55
43 67
43 86
43 96
43 98
43 113
44 44
44 45
44 46
44 47
44 48
44 49
44 50
44 51
44 55
44 67
44 80
44 81
44 98
45 45
45 49
45 51
45 55
45 59
45 64
45 67
46 46
46 47
46 48
46 49
46 50
46 51
46 52
46 53
46 54
46 55
46 96
46 97
46 98
46 109
46 110
46 113
47 47
47 48
47 49
47 53
47 54
47 55
47 59
47 67
47 82
47 94
47 96
47 97
47 98
47 99
47 103
47 104
47 105
47 109
47 110
47 111
47 114
48 48
48 49
48 50
48 58
48 86
48 88
48 93
48 96
48 98
48 110
49 49
49 51
49 53
49 55
49 59
49 67
49 81
49 98
49 99
50 50
50 51
50 52
50 53
50 54
50 55
50 64
50 67
50 84
50 86
50 88
50 96
50 98
51 51
51 52
51 53
51 55
51 59
51 85
51 103
51 104
51 105
52 52
52 53
52 54
52 55
52 62
52 72
52 79
52 81
52 83
52 85
52 89
52 98
52 106
52 107
53 53
53 55
53 59
53 67
53 96
53 98
53 99
53 106
53 111
54 54
54 55
54 82
54 83
54 89
54 94
54 95
54 96
54 97
54 98
54 99
54 103
54 105
54 106
54 109
54 110
54 111
54 112
54 114
54 115
55 55
55 67
55 87
55 94
55 95
55 96
55 97
55 98
55 99
55 103
55 104
55 105
55 109
55 110
55 111
55 114
55 115
56 56
56 57
56 60
56 63
56 68
56 78
56 79
56 83
56 99
56 112
56 113
57 57
57 59
57 62
57 63
57 66
57 68
57 69
57 72
57 73
57 80
57 81
57 83
57 111
58 58
58 60
58 61
58 65
58 66
58 70
58 86
58 87
58 88
58 89
58 91
58 93
58 115
59 59
59 62
59 67
59 69
59 89
59 103
59 104
59 105
59 106
59 107
60 60
60 61
60 63
60 64
60 65
60 70
60 88
60 92
60 95
60 102
60 112
60 115
61 61
61 62
61 63
61 65
61 66
61 70
61 72
61 92
61 100
61 102
61 108
62 62
62 63
62 72
62 78
62 80
62 81
62 83
62 85
63 63
63 70
63 72
63 74
63 78
63 79
63 80
63 81
63 83
63 112
64 64
64 65
64 67
64 86
64 88
64 93
65 65
65 70
65 75
65 92
65 93
65 100
65 102
65 108
66 66
66 68
66 86
66 108
67 67
67 93
67 110
68 68
68 69
68 72
68 73
68 74
68 76
68 78
68 79
68 85
69 69
69 73
69 90
69 91
69 103
69 104
69 105
69 106
69 107
70 70
70 71
70 72
70 73
70 74
70 75
70 76
70 77
70 78
70 80
70 81
70 90
70 91
71 71
71 73
71 75
71 86
71 87
71 88
71 90
71 92
71 93
71 109
72 72
72 73
72 74
72 75
72 76
72 78
72 79
72 80
72 81
72 83
72 85
73 73
73 74
73 75
73 76
73 77
73 78
73 80
73 81
73 83
73 85
73 90
74 74
74 75
74 76
74 77
74 78
74 79
74 81
74 83
74 85
75 75
75 76
75 77
75 78
75 81
75 92
75 113
76 76
76 77
76 78
76 83
76 100
76 108
76 113
77 77
77 90
77 92
77 102
78 78
78 79
78 80
78 81
78 83
78 101
78 113
79 79
79 81
79 83
79 106
80 80
80 81
80 83
80 84
80 85
80 98
80 113
81 81
81 83
81 84
81 85
82 82
82 83
82 84
82 86
82 88
82 94
82 96
82 97
82 99
82 109
82 110
82 111
82 114
83 83
83 85
83 98
83 109
83 111
84 84
84 85
84 86
84 87
84 88
85 85
85 89
86 86
86 87
86 88
86 93
86 94
86 96
86 99
86 110
86 112
86 113
86 114
86 115
87 87
87 88
87 89
87 93
87 94
87 95
87 109
87 110
87 112
87 113
87 114
87 115
88 88
88 89
88 93
88 115
89 89
90 90
90 91
90 92
90 93
90 100
90 102
90 104
90 105
91 91
91 92
91 93
91 100
91 101
91 102
91 103
91 104
91 105
91 107
92 92
92 93
92 100
92 101
92 102
93 93
93 94
93 95
93 100
93 101
93 102
93 110
94 94
94 95
94 96
94 97
94 98
94 99
94 101
94 109
94 110
94 111
94 112
94 114
95 95
95 96
95 97
95 99
95 105
95 108
95 109
95 110
95 111
95 114
95 115
96 96
96 97
96 98
96 99
96 109
96 110
96 111
96 112
96 113
96 114
97 97
97 98
97 99
97 103
97 104
97 105
97 106
97 107
97 109
97 110
97 111
97 112
97 114
97 115
98 98
98 99
98 110
98 111
98 112
98 113
98 114
99 99
99 100
99 101
99 102
99 108
99 110
99 111
99 112
99 113
99 114
99 115
100 100
100 101
100 102
100 108
100 113
101 101
101 102
101 103
101 108
101 113
102 102
102 108
102 111
102 112
102 113
103 103
103 104
103 105
103 106
103 107
103 109
103 110
103 111
103 115
104 104
104 105
104 106
104 107
104 110
104 111
104 115
105 105
105 106
105 107
105 109
105 110
105 111
105 114
105 115
106 106
106 107
106 108
106 115
107 107
107 110
107 111
107 115
108 108
109 109
109 110
109 111
109 114
110 110
110 111
110 112
110 114
110 115
111 111
111 112
111 114
111 115
112 112
112 113
112 114
112 115
113 113
113 114
114 114
114 115
115 115
