0 0
0 1
0 16
0 17
0 20
0 21
0 32
0 36
0 40
0 41
0 56
0 68
0 69
0 78
0 80
0 81
0 84
0 85
0 87
0 99
0 101
0 102
1 1
1 16
1 17
1 33
1 36
1 40
1 41
1 48
1 56
1 57
1 62
1 63
1 69
1 74
1 80
1 81
1 83
1 84
2 2
2 6
2 7
2 8
2 12
2 14
2 18
2 22
2 30
2 58
2 59
2 60
2 61
2 64
2 70
2 72
2 93
2 94
2 102
3 3
3 5
3 7
3 9
3 13
3 22
3 23
3 25
3 26
3 27
3 34
3 45
3 61
3 64
3 65
3 67
3 85
3 87
3 88
3 90
3 92
3 93
3 94
3 95
3 97
3 100
3 107
3 109
4 4
4 5
4 7
4 8
4 9
4 13
4 14
4 15
4 23
4 24
4 25
4 26
4 38
4 39
4 71
4 90
4 91
4 92
4 93
4 95
4 100
4 104
4 105
4 114
4 115
5 5
5 7
5 8
5 9
5 13
5 15
5 20
5 21
5 22
5 23
5 24
5 25
5 26
5 27
5 38
5 39
5 61
5 65
5 90
5 92
5 94
5 95
5 96
5 97
5 100
5 105
5 107
5 109
5 114
6 6
6 7
6 8
6 10
6 12
6 14
6 18
6 22
6 28
6 29
6 30
6 58
6 60
6 61
6 64
6 70
6 72
6 82
6 91
6 93
6 102
6 106
7 7
7 8
7 9
7 11
7 13
7 15
7 23
7 35
7 61
7 64
7 65
7 90
7 92
7 93
7 100
7 106
8 8
8 9
8 12
8 14
8 15
8 22
8 24
8 26
8 28
8 29
8 30
8 53
8 58
8 61
8 64
8 70
8 71
8 73
8 82
8 90
8 91
8 93
8 114
9 9
9 12
9 13
9 14
9 15
9 22
9 23
9 24
9 25
9 26
9 35
9 39
9 61
9 64
9 65
9 71
9 90
9 92
9 93
9 100
9 114
10 10
10 12
10 14
10 16
10 17
10 18
10 19
10 22
10 28
10 36
10 37
10 40
10 60
10 62
10 64
10 70
10 72
10 73
10 74
10 75
10 76
10 78
10 81
10 82
10 83
10 84
10 86
10 113
11 11
11 13
11 60
11 62
11 63
11 65
11 66
11 67
11 75
11 77
11 85
11 87
11 89
11 92
11 95
11 100
11 109
11 113
12 12
12 14
12 15
12 18
12 22
12 28
12 29
12 37
12 58
12 60
12 61
12 62
12 64
12 70
12 72
12 73
12 82
12 83
12 91
12 93
12 101
12 112
13 13
13 15
13 23
13 25
13 26
13 39
13 60
13 61
13 65
13 67
13 71
13 92
13 95
13 100
13 104
13 107
13 109
14 14
14 15
14 18
14 19
14 22
14 26
14 28
14 29
14 30
14 37
14 53
14 58
14 60
14 64
14 70
14 72
14 73
14 82
14 83
14 86
14 91
14 93
15 15
15 23
15 24
15 26
15 38
15 39
15 48
15 60
15 62
15 63
15 70
15 73
15 83
15 90
15 91
15 93
15 100
15 104
15 105
15 114
16 16
16 17
16 28
16 29
16 36
16 37
16 38
16 40
16 41
16 52
16 54
16 56
16 60
16 62
16 63
16 72
16 73
16 74
16 75
16 76
16 77
16 78
16 80
16 81
16 83
16 86
16 101
16 102
16 112
16 113
17 17
17 28
17 36
17 37
17 38
17 40
17 41
17 52
17 54
17 56
17 57
17 72
17 73
17 74
17 76
17 78
17 80
17 81
17 84
17 99
18 18
18 19
18 28
18 29
18 30
18 31
18 32
18 33
18 51
18 53
18 59
18 64
18 70
18 72
18 73
18 74
18 76
18 78
18 81
18 82
18 84
18 86
19 19
19 28
19 29
19 32
19 33
19 35
19 49
19 51
19 52
19 53
19 57
19 69
19 70
19 72
19 73
19 74
19 81
19 82
20 20
20 21
20 23
20 24
20 25
20 26
20 27
20 36
20 38
20 39
20 40
20 41
20 52
20 56
20 68
20 69
20 79
20 80
20 86
20 87
20 96
20 99
20 103
20 105
21 21
21 23
21 24
21 25
21 26
21 27
21 31
21 36
21 38
21 39
21 40
21 43
21 56
21 65
21 68
21 71
21 78
21 79
21 80
21 86
21 87
21 94
21 96
21 97
21 105
21 110
22 22
22 23
22 30
22 34
22 35
22 50
22 58
22 64
22 82
22 88
22 92
22 93
22 94
23 23
23 24
23 25
23 26
23 27
23 39
23 45
23 50
23 65
23 67
23 92
23 94
23 96
23 97
23 100
23 105
23 107
23 109
23 114
23 115
24 24
24 25
24 26
24 37
24 38
24 39
24 41
24 46
24 54
24 55
24 69
24 73
24 79
24 90
24 96
24 104
24 111
24 114
24 115
25 25
25 26
25 27
25 31
25 39
25 65
25 68
25 79
25 87
25 92
25 96
25 97
25 104
25 105
25 109
26 26
26 27
26 38
26 39
26 65
26 87
26 90
26 92
26 95
26 96
26 100
26 104
26 105
26 107
26 109
26 114
27 27
27 39
27 50
27 56
27 65
27 68
27 79
27 87
27 92
27 94
27 96
27 97
27 105
27 107
27 108
27 109
28 28
28 29
28 30
28 31
28 32
28 33
28 36
28 37
28 40
28 41
28 52
28 53
28 60
28 62
28 70
28 72
28 73
28 74
28 75
28 76
28 77
28 78
28 80
28 81
28 82
28 83
28 86
28 102
28 112
29 29
29 30
29 31
29 32
29 33
29 36
29 37
29 40
29 41
29 51
29 52
29 53
29 60
29 62
29 63
29 70
29 72
29 73
29 74
29 75
29 76
29 77
29 81
29 82
29 104
29 111
29 112
29 113
29 114
30 30
30 31
30 34
30 53
30 64
30 72
30 78
30 79
30 81
30 82
31 31
31 32
31 33
31 36
31 53
31 56
31 68
31 71
31 74
31 76
31 78
31 79
31 80
31 81
31 87
32 32
32 33
32 36
32 51
32 52
32 53
32 68
32 69
32 72
32 73
32 74
32 76
32 77
32 78
32 79
32 80
32 81
32 99
32 103
33 33
33 52
33 53
33 63
33 68
33 69
33 70
33 71
33 72
33 74
33 77
33 78
33 80
33 81
33 103
34 34
34 35
34 45
34 47
34 50
34 64
34 65
34 67
34 84
34 87
34 88
34 110
35 35
35 44
35 46
35 47
35 49
35 50
35 51
35 58
35 61
35 64
35 111
36 36
36 37
36 38
36 40
36 41
36 52
36 53
36 56
36 62
36 68
36 70
36 72
36 73
36 74
36 75
36 76
36 77
36 78
36 79
36 80
36 81
36 82
36 83
36 103
36 112
37 37
37 38
37 39
37 40
37 41
37 52
37 54
37 62
37 72
37 73
37 74
37 75
37 76
37 77
37 79
37 80
37 82
37 86
37 96
37 103
37 104
37 105
37 111
37 112
37 113
37 114
38 38
38 39
38 40
38 41
38 52
38 54
38 57
38 62
38 63
38 69
38 80
38 86
38 105
39 39
39 54
39 79
39 86
39 87
39 89
39 92
39 96
39 100
39 104
39 105
39 109
39 112
39 113
39 114
40 40
40 41
40 42
40 52
40 54
40 56
40 68
40 72
40 73
40 74
40 75
40 76
40 78
40 79
40 80
40 81
40 82
40 83
40 86
40 96
40 99
41 41
41 52
41 54
41 56
41 62
41 72
41 73
41 74
41 75
41 76
41 77
41 78
41 79
41 80
41 81
41 83
41 86
41 96
41 99
41 103
41 105
41 111
41 112
41 113
41 114
42 42
42 43
42 44
42 45
42 46
42 47
42 48
42 49
42 50
42 55
42 57
42 94
42 96
42 97
42 98
42 99
42 110
43 43
43 44
43 45
43 46
43 47
43 48
43 49
43 50
43 51
43 55
43 96
43 98
43 99
43 107
43 110
44 44
44 45
44 46
44 47
44 48
44 49
44 51
44 55
44 57
44 58
44 59
44 90
44 98
44 110
45 45
45 46
45 47
45 48
45 49
45 50
45 55
45 65
45 67
45 88
45 94
45 96
45 97
45 98
45 99
45 107
45 110
46 46
46 47
46 48
46 49
46 51
46 55
46 58
46 59
46 96
46 98
46 111
47 47
47 48
47 49
47 50
47 51
47 55
47 58
47 59
47 96
47 98
47 99
47 110
47 111
48 48
48 49
48 51
48 52
48 54
48 55
48 57
48 58
48 59
48 60
48 62
48 63
48 66
48 69
48 89
48 98
48 110
48 111
49 49
49 51
49 57
49 58
49 59
49 90
49 98
49 110
49 111
50 50
50 55
50 58
50 61
50 65
50 88
50 94
50 96
50 98
50 107
50 110
51 51
51 52
51 53
51 57
51 59
51 69
51 70
51 73
51 74
51 76
51 90
51 111
52 52
52 54
52 59
52 62
52 63
52 69
52 70
52 72
52 73
52 74
52 75
52 76
52 77
52 80
52 81
52 103
53 53
53 68
53 72
53 73
53 74
53 75
53 76
53 78
53 79
53 80
53 81
53 82
53 83
54 54
54 55
54 60
54 62
54 63
54 66
54 75
54 89
54 96
54 98
54 101
54 105
54 112
55 55
55 66
55 96
55 97
55 98
55 99
55 104
55 105
55 110
56 56
56 68
56 78
56 79
56 80
56 81
56 84
56 85
56 87
56 96
56 99
56 102
57 57
57 63
57 69
57 81
57 84
57 86
58 58
58 59
58 60
58 61
58 64
58 89
58 90
58 98
59 59
59 66
59 89
59 90
60 60
60 62
60 63
60 70
60 72
60 83
60 89
60 91
60 93
60 100
60 101
60 102
60 112
61 61
61 63
61 64
61 65
61 107
62 62
62 63
62 69
62 70
62 72
62 73
62 75
62 77
62 80
62 81
62 82
62 83
62 91
62 95
62 101
62 102
62 104
62 111
62 112
62 113
63 63
63 69
63 70
63 72
64 64
64 82
64 88
64 92
64 93
64 94
65 65
65 67
65 85
65 87
65 88
65 92
65 94
65 97
65 100
65 107
65 109
66 66
66 67
66 85
66 89
66 99
66 104
66 115
67 67
67 85
67 87
67 89
67 92
67 95
67 97
67 100
67 109
67 115
68 68
68 71
68 74
68 78
68 79
68 80
68 84
68 87
68 103
69 69
69 98
70 70
70 71
70 72
70 73
70 74
70 75
70 76
70 77
70 91
70 111
71 71
71 75
71 76
71 77
71 78
71 103
71 105
72 72
72 73
72 74
72 75
72 76
72 77
72 78
72 80
72 81
72 82
72 91
72 101
72 102
72 103
72 111
72 112
72 113
73 73
73 74
73 75
73 76
73 77
73 78
73 80
73 81
73 82
73 83
73 111
73 112
73 113
74 74
74 75
74 76
74 77
74 78
74 79
74 80
74 81
74 82
74 86
75 75
75 76
75 77
75 78
75 81
75 111
75 112
75 113
76 76
76 77
76 78
76 80
76 81
76 82
76 111
76 113
77 77
77 78
77 80
77 81
77 95
77 103
77 111
77 112
77 113
77 114
78 78
78 79
78 80
78 81
78 82
78 83
78 84
78 86
79 79
79 80
79 82
79 86
79 105
79 114
80 80
80 81
80 82
80 83
80 86
80 103
81 81
81 82
81 83
81 86
82 82
82 83
82 84
82 86
83 83
83 86
83 87
84 84
84 85
84 87
84 88
85 85
85 87
85 88
85 92
85 95
85 99
85 102
85 115
86 86
86 87
87 87
87 95
87 100
87 109
88 88
88 94
88 107
88 110
89 89
89 92
89 95
89 100
89 102
89 105
89 109
89 111
89 112
89 115
90 90
90 91
90 92
90 93
90 100
90 103
91 91
91 92
91 93
91 101
91 102
91 103
91 105
91 112
91 114
91 115
92 92
92 93
92 95
92 97
92 100
92 101
92 102
92 103
92 104
92 105
92 107
92 109
92 114
92 115
93 93
93 95
93 100
93 101
93 102
93 103
93 105
93 109
93 112
93 114
94 94
94 96
94 97
94 108
94 110
95 95
95 97
95 100
95 101
95 105
95 108
95 109
95 112
95 114
95 115
96 96
96 97
96 98
96 99
96 105
96 107
96 109
96 110
97 97
97 105
97 107
97 108
97 109
97 110
97 115
98 98
98 99
98 110
99 99
99 101
99 102
99 103
99 106
99 110
99 115
100 100
100 101
100 105
100 109
100 112
101 101
101 102
101 103
101 105
101 109
101 112
101 113
102 102
102 103
102 105
102 106
102 107
102 109
102 112
102 113
103 103
103 104
103 105
103 111
103 112
103 113
103 114
103 115
104 104
104 105
104 111
104 112
104 113
104 114
104 115
105 105
105 107
105 109
105 112
105 114
105 115
106 106
106 107
106 114
106 115
107 107
107 109
108 108
108 109
109 109
109 112
109 114
110 110
111 111
111 112
111 113
111 114
112 112
112 113
112 114
112 115
113 113
113 114
114 114
114 115
115 115
