0 0
0 1
0 6
0 18
0 44
0 45
0 52
0 56
0 58
0 59
0 60
0 62
0 63
0 68
0 72
0 76
0 80
0 81
0 102
0 103
0 106
0 107
1 1
1 16
1 17
1 28
1 29
1 52
1 56
1 57
1 59
1 62
1 63
1 66
1 68
1 72
1 76
1 78
1 79
1 80
1 81
1 101
1 106
1 107
2 2
2 4
2 5
2 6
2 7
2 8
2 9
2 12
2 14
2 15
2 22
2 26
2 58
2 60
2 61
2 64
2 65
2 69
2 88
2 89
2 91
2 93
2 106
3 3
3 5
3 7
3 9
3 15
3 18
3 19
3 22
3 23
3 25
3 26
3 27
3 35
3 50
3 52
3 65
3 83
3 87
3 88
3 89
4 4
4 6
4 8
4 9
4 11
4 14
4 15
4 26
4 58
4 59
4 60
4 64
4 90
4 91
4 105
4 109
5 5
5 7
5 9
5 15
5 18
5 19
5 23
5 24
5 25
5 26
5 27
5 34
5 37
5 38
5 39
5 48
5 65
5 67
5 82
5 85
5 87
5 88
5 89
5 102
6 6
6 7
6 8
6 9
6 10
6 11
6 12
6 13
6 14
6 15
6 22
6 58
6 60
6 61
6 64
6 69
6 106
7 7
7 9
7 13
7 15
7 22
7 23
7 24
7 25
7 27
7 61
7 65
7 87
7 89
8 8
8 9
8 10
8 11
8 12
8 13
8 14
8 15
8 58
8 60
8 61
8 64
8 83
8 89
8 91
8 106
9 9
9 13
9 14
9 15
9 18
9 19
9 24
9 26
9 27
9 34
9 39
9 48
9 58
9 60
9 61
9 64
9 65
9 82
9 88
9 89
9 91
10 10
10 11
10 12
10 13
10 14
10 16
10 17
10 22
10 28
10 29
10 30
10 62
10 64
10 71
10 72
10 73
10 75
10 76
10 77
10 78
10 79
10 80
10 81
10 84
10 85
10 95
10 96
10 97
10 115
11 11
11 12
11 13
11 14
11 15
11 16
11 17
11 22
11 28
11 29
11 61
11 63
11 64
11 72
11 73
11 74
11 75
11 76
11 77
11 79
11 84
11 85
11 106
12 12
12 13
12 14
12 15
12 16
12 17
12 22
12 28
12 29
12 54
12 60
12 61
12 63
12 64
12 72
12 73
12 75
12 76
12 77
12 78
12 79
12 95
12 106
12 115
13 13
13 14
13 15
13 28
13 61
13 63
13 75
13 76
13 77
13 83
13 85
13 106
14 14
14 15
14 19
14 22
14 24
14 27
14 60
14 61
14 64
14 65
14 82
14 83
14 85
14 88
14 89
15 15
15 19
15 22
15 24
15 27
15 31
15 33
15 60
15 61
15 64
15 65
15 82
15 83
15 85
15 87
15 88
15 89
16 16
16 17
16 28
16 29
16 42
16 43
16 44
16 45
16 46
16 47
16 49
16 51
16 56
16 57
16 62
16 63
16 68
16 70
16 72
16 73
16 74
16 75
16 76
16 77
16 78
16 79
16 80
16 81
16 95
16 97
16 99
16 104
16 105
16 108
16 111
16 114
16 115
17 17
17 28
17 29
17 42
17 46
17 56
17 57
17 62
17 63
17 72
17 73
17 74
17 75
17 76
17 77
17 78
17 79
17 80
17 81
17 95
17 99
17 114
17 115
18 18
18 26
18 39
18 48
18 50
18 58
18 59
18 60
18 61
18 63
18 77
19 19
19 24
19 27
19 33
19 34
19 35
19 38
19 39
19 40
19 65
19 67
19 69
19 82
19 83
19 87
19 88
19 89
19 90
19 91
19 92
19 100
19 102
19 109
20 20
20 21
20 22
20 23
20 24
20 25
20 26
20 27
20 30
20 31
20 34
20 35
20 36
20 37
20 38
20 39
20 40
20 41
20 50
20 51
20 54
20 55
20 67
20 71
20 82
20 84
20 85
20 87
20 88
20 96
21 21
21 23
21 24
21 25
21 27
21 31
21 34
21 35
21 37
21 38
21 39
21 40
21 55
21 67
21 71
21 87
21 88
21 90
21 94
21 96
21 112
22 22
22 23
22 24
22 25
22 26
22 27
22 30
22 31
22 33
22 35
22 64
22 65
22 71
22 82
22 84
22 85
22 88
22 110
23 23
23 24
23 25
23 26
23 27
23 30
23 31
23 34
23 35
23 38
23 53
23 65
23 67
23 82
23 83
23 87
23 88
23 89
23 90
24 24
24 25
24 26
24 27
24 30
24 31
24 33
24 34
24 35
24 64
24 65
24 67
24 82
24 84
24 85
24 87
24 88
24 110
25 25
25 26
25 27
25 30
25 31
25 33
25 34
25 35
25 37
25 38
25 41
25 65
25 67
25 71
25 82
25 84
25 85
25 87
25 88
25 110
26 26
26 27
26 31
26 34
26 38
26 39
26 50
26 64
26 65
26 84
26 85
26 87
26 88
27 27
27 30
27 31
27 33
27 34
27 35
27 37
27 38
27 39
27 40
27 50
27 55
27 64
27 65
27 67
27 82
27 85
27 86
27 87
27 88
27 89
27 110
28 28
28 29
28 42
28 47
28 62
28 63
28 72
28 73
28 74
28 75
28 76
28 77
28 78
28 79
28 80
28 81
28 84
28 99
28 108
28 114
28 115
29 29
29 30
29 36
29 41
29 46
29 47
29 54
29 56
29 57
29 62
29 63
29 71
29 72
29 73
29 74
29 75
29 76
29 77
29 78
29 79
29 80
29 81
29 84
29 85
29 97
29 108
29 115
30 30
30 31
30 33
30 35
30 36
30 41
30 64
30 71
30 73
30 82
30 84
30 85
30 97
30 108
30 110
30 115
31 31
31 33
31 34
31 35
31 43
31 64
31 67
31 71
31 82
31 83
31 84
31 85
31 96
31 110
32 32
32 33
32 40
32 66
32 78
32 84
33 33
33 34
33 35
33 60
33 61
33 64
33 65
33 67
33 82
33 86
33 87
34 34
34 35
34 37
34 38
34 39
34 40
34 66
34 67
34 82
34 87
34 88
34 89
34 94
34 100
34 109
35 35
35 37
35 41
35 65
35 67
35 82
35 83
35 87
35 88
35 110
36 36
36 37
36 41
36 51
36 56
36 62
36 70
36 72
36 73
36 74
36 75
36 84
36 95
36 98
36 99
36 108
36 111
36 113
37 37
37 38
37 39
37 40
37 41
37 55
37 67
37 82
37 87
37 88
37 89
37 90
37 94
37 96
37 109
38 38
38 39
38 40
38 41
38 54
38 55
38 82
38 87
38 88
38 89
38 90
38 91
38 92
38 94
38 95
38 96
38 109
39 39
39 40
39 55
39 67
39 82
39 87
39 88
39 89
39 90
39 91
39 94
39 96
39 102
39 109
40 40
40 41
40 54
40 55
40 67
40 82
40 86
40 87
40 88
40 89
40 94
40 96
40 109
41 41
41 56
41 57
41 62
41 67
41 70
41 71
41 73
41 74
41 82
41 97
41 98
41 110
42 42
42 43
42 44
42 45
42 46
42 47
42 48
42 49
42 50
42 51
42 55
42 62
42 71
42 72
42 75
42 76
42 77
42 79
42 96
42 98
42 104
42 110
42 111
42 114
43 43
43 44
43 45
43 46
43 47
43 49
43 50
43 51
43 55
43 96
43 98
43 110
43 111
44 44
44 45
44 46
44 47
44 48
44 49
44 50
44 51
44 52
44 58
44 62
44 70
44 72
44 74
44 75
44 76
44 77
45 45
45 47
45 49
45 50
45 51
45 67
45 70
46 46
46 47
46 48
46 49
46 50
46 51
46 52
46 53
46 55
46 62
46 72
46 73
46 74
46 75
46 76
46 77
46 79
46 84
46 85
46 98
46 105
46 111
46 114
47 47
47 49
47 51
47 68
47 70
47 71
47 72
47 73
47 74
47 75
47 76
47 77
47 97
47 104
47 105
47 110
47 111
48 48
48 49
48 50
48 51
48 52
48 58
48 60
48 61
48 87
49 49
49 50
49 51
49 52
49 53
49 55
49 68
49 70
49 90
49 98
49 103
49 104
49 105
49 107
49 108
49 111
49 113
49 114
50 50
50 51
50 52
50 55
50 64
50 65
50 68
50 77
50 85
50 114
51 51
51 52
51 53
51 55
51 68
51 70
51 73
51 74
51 75
51 76
51 98
51 104
51 108
51 111
51 114
52 52
52 53
52 56
52 58
52 75
52 93
52 100
52 103
52 107
53 53
53 55
53 89
53 90
53 98
53 103
53 111
54 54
54 55
54 86
54 88
54 89
54 92
54 95
54 96
54 99
54 100
55 55
55 88
55 89
55 90
55 94
55 96
55 99
55 104
55 113
55 114
56 56
56 57
56 62
56 63
56 66
56 68
56 72
56 73
56 74
56 76
56 78
56 79
56 80
56 81
56 97
56 98
56 101
56 103
56 111
57 57
57 59
57 62
57 63
57 66
57 68
57 72
57 73
57 78
57 79
57 80
57 81
57 96
57 97
57 98
57 99
57 101
57 103
57 104
57 110
57 111
58 58
58 59
58 60
58 61
58 66
58 69
58 87
58 91
58 100
58 106
58 107
59 59
59 61
59 63
59 66
59 67
59 69
59 78
59 80
59 81
59 91
59 93
59 99
59 101
59 103
59 107
60 60
60 61
60 64
60 65
60 87
60 106
61 61
61 63
61 64
61 65
61 87
61 106
62 62
62 63
62 68
62 70
62 72
62 73
62 74
62 75
62 76
62 77
62 79
62 80
62 81
62 97
62 98
62 106
62 108
62 110
62 111
62 115
63 63
63 66
63 72
63 73
63 74
63 75
63 76
63 78
63 79
63 80
63 81
63 99
63 106
64 64
64 65
64 76
64 85
64 106
65 65
65 67
65 87
65 106
66 66
66 67
66 69
66 80
66 81
66 86
66 99
66 101
67 67
67 69
67 82
67 87
67 109
67 110
68 68
68 70
68 72
68 73
68 76
68 97
68 98
68 101
68 104
68 110
68 111
69 69
69 88
69 89
69 90
69 91
69 92
69 93
69 100
69 102
69 103
69 106
69 107
69 112
70 70
70 72
70 73
70 74
70 75
70 76
70 97
70 98
70 104
70 108
70 110
70 111
70 115
71 71
71 72
71 73
71 75
71 77
71 82
71 84
71 85
72 72
72 73
72 74
72 75
72 76
72 77
72 78
72 79
72 80
72 81
72 84
72 97
72 108
72 115
73 73
73 74
73 75
73 76
73 77
73 78
73 79
73 81
73 84
73 85
73 97
73 108
73 110
73 111
73 114
73 115
74 74
74 75
74 76
74 77
74 78
74 79
74 80
74 81
74 84
74 97
74 106
74 108
74 114
74 115
75 75
75 76
75 77
75 78
75 79
75 80
75 81
75 84
75 85
75 97
75 108
75 111
75 115
76 76
76 77
76 78
76 79
76 81
76 85
76 97
76 108
76 115
77 77
77 78
77 79
77 84
77 85
77 110
78 78
78 79
78 80
78 81
78 96
78 99
79 79
79 80
79 81
79 84
79 85
79 95
79 99
79 105
79 114
79 115
80 80
80 81
80 96
80 97
80 98
80 99
80 101
80 103
80 104
81 81
81 97
81 98
81 99
81 101
81 103
81 104
81 111
81 115
82 82
82 83
82 84
82 85
82 87
82 88
82 89
82 109
83 83
83 87
83 90
83 102
84 84
84 85
84 95
84 96
84 108
84 114
84 115
85 85
86 86
86 95
87 87
87 88
87 102
88 88
88 89
88 90
88 91
88 92
88 94
88 100
88 112
89 89
89 90
89 91
89 92
89 93
89 100
90 90
90 91
90 92
90 93
90 98
90 100
90 101
90 103
90 104
90 105
90 109
90 112
90 113
91 91
91 92
91 93
91 94
91 99
91 100
91 102
91 103
91 104
91 105
91 107
91 109
91 112
91 113
92 92
92 93
92 94
92 100
92 101
92 103
92 105
92 107
92 112
92 113
93 93
93 99
93 100
93 101
93 103
93 104
93 105
93 111
93 112
93 113
94 94
94 96
94 99
94 109
94 112
95 95
95 97
95 99
95 104
95 105
95 108
95 109
95 113
95 114
95 115
96 96
96 97
96 98
96 99
96 104
96 105
96 110
96 114
97 97
97 98
97 99
97 104
97 105
97 108
97 109
97 110
97 111
97 113
97 114
97 115
98 98
98 99
98 101
98 103
98 104
98 105
98 108
98 110
98 111
98 113
98 114
98 115
99 99
99 101
99 103
99 104
99 105
99 111
99 112
99 113
99 114
99 115
100 100
100 102
100 103
100 112
101 101
101 103
101 104
101 105
101 108
101 111
102 102
103 103
103 104
103 105
103 107
103 108
103 111
103 112
103 113
104 104
104 105
104 109
104 110
104 111
104 112
104 113
104 114
104 115
105 105
105 108
105 109
105 111
105 112
105 113
105 114
105 115
106 106
106 107
107 107
107 108
108 108
108 111
108 114
108 115
109 109
109 113
110 110
110 111
111 111
111 113
111 114
111 115
112 112
113 113
113 114
114 114
114 115
115 115
