0 0
0 1
0 6
0 10
0 11
0 12
0 13
0 14
0 15
0 16
0 19
0 50
0 51
0 52
0 53
0 54
0 56
0 57
0 58
0 59
0 61
0 65
0 68
0 75
0 89
0 90
0 99
0 100
0 111
0 112
1 1
1 11
1 12
1 13
1 15
1 16
1 17
1 19
1 50
1 51
1 52
1 53
1 54
1 56
1 57
1 58
1 59
1 61
1 63
1 65
1 68
1 75
1 89
1 90
1 100
1 112
2 2
2 3
2 4
2 6
2 8
2 10
2 12
2 14
2 18
2 20
2 21
2 22
2 23
2 24
2 25
2 30
2 64
2 66
2 67
2 74
2 84
2 91
2 93
3 3
3 4
3 5
3 6
3 7
3 9
3 10
3 20
3 21
3 22
3 23
3 24
3 25
3 26
3 27
3 30
3 31
3 34
3 44
3 50
3 53
3 64
3 65
3 84
3 88
3 110
3 114
4 4
4 5
4 6
4 8
4 10
4 12
4 14
4 18
4 20
4 22
4 25
4 26
4 30
4 31
4 35
4 42
4 44
4 45
4 46
4 47
4 64
4 67
4 82
4 84
4 91
4 93
4 103
4 105
4 114
5 5
5 6
5 7
5 8
5 9
5 11
5 13
5 14
5 15
5 20
5 27
5 31
5 33
5 34
5 35
5 44
5 45
5 61
5 64
5 65
5 92
5 105
6 6
6 7
6 8
6 9
6 10
6 11
6 12
6 13
6 14
6 15
6 18
6 19
6 20
6 21
6 22
6 30
6 70
6 71
6 90
6 91
6 92
6 93
7 7
7 8
7 9
7 11
7 12
7 13
7 15
7 33
7 35
7 59
7 61
7 65
7 73
7 83
7 90
7 100
8 8
8 9
8 10
8 12
8 14
8 15
8 22
8 33
8 34
8 35
8 42
8 45
8 47
8 64
8 91
8 92
8 93
8 94
8 107
8 114
9 9
9 11
9 12
9 13
9 14
9 15
9 19
9 35
9 61
9 64
9 65
9 71
9 90
9 92
10 10
10 11
10 12
10 14
10 18
10 22
10 23
10 30
10 51
10 53
10 64
10 65
10 84
10 91
10 92
10 93
10 96
10 109
10 112
11 11
11 12
11 13
11 14
11 15
11 52
11 58
11 59
11 60
11 61
11 63
11 65
11 83
11 89
11 90
11 92
11 100
11 102
12 12
12 13
12 14
12 15
12 19
12 52
12 53
12 58
12 60
12 61
12 65
12 72
12 73
12 83
12 90
12 91
12 93
12 100
12 112
13 13
13 14
13 15
13 16
13 17
13 19
13 29
13 52
13 56
13 58
13 59
13 60
13 61
13 63
13 65
13 68
13 71
13 73
13 83
13 89
13 90
13 100
13 102
13 112
14 14
14 15
14 19
14 22
14 23
14 30
14 52
14 53
14 64
14 65
14 84
14 88
14 90
14 91
14 92
14 93
14 100
14 112
15 15
15 19
15 35
15 61
15 65
15 69
15 70
15 71
15 83
15 90
15 91
15 92
15 93
15 100
16 16
16 17
16 28
16 29
16 36
16 37
16 40
16 41
16 53
16 56
16 57
16 59
16 61
16 62
16 63
16 68
16 72
16 73
16 78
16 79
16 80
16 81
16 82
16 89
16 99
16 106
16 112
17 17
17 28
17 29
17 36
17 37
17 40
17 52
17 53
17 54
17 56
17 57
17 58
17 59
17 61
17 62
17 63
17 69
17 72
17 73
17 78
17 79
17 80
17 81
17 86
17 87
17 89
17 111
17 113
18 18
18 19
18 21
18 22
18 30
18 48
18 51
18 70
18 71
18 74
18 75
18 91
18 93
18 100
18 101
18 113
19 19
19 33
19 41
19 57
19 58
19 60
19 61
19 63
19 65
19 68
19 69
19 70
19 71
19 73
19 74
19 75
19 90
19 91
19 93
19 99
19 102
19 112
20 20
20 21
20 24
20 25
20 26
20 27
20 42
20 43
20 44
20 45
20 46
20 47
20 48
20 49
20 83
20 85
21 21
21 24
21 25
21 26
21 27
21 35
21 66
21 71
21 90
21 91
21 97
21 102
21 103
21 105
21 110
21 115
22 22
22 23
22 24
22 25
22 26
22 27
22 30
22 31
22 46
22 50
22 51
22 53
22 64
22 70
22 71
22 74
22 84
22 88
22 91
22 93
22 94
22 110
22 114
23 23
23 24
23 25
23 26
23 27
23 30
23 31
23 34
23 50
23 51
23 64
23 65
23 84
23 85
23 88
23 92
23 93
23 94
23 110
24 24
24 25
24 26
24 27
24 30
24 31
24 34
24 35
24 50
24 51
24 64
24 65
24 71
24 88
24 94
24 97
24 105
24 110
24 115
25 25
25 26
25 27
25 30
25 31
25 34
25 35
25 38
25 39
25 50
25 64
25 65
25 67
25 84
25 88
25 96
25 105
25 110
25 115
26 26
26 27
26 30
26 34
26 50
26 51
26 64
26 65
26 67
26 84
26 85
26 88
26 94
26 97
26 104
26 105
26 110
27 27
27 30
27 64
27 65
27 66
27 67
27 85
27 88
27 92
27 97
27 102
27 104
27 105
27 110
28 28
28 29
28 31
28 33
28 40
28 49
28 60
28 62
28 63
28 72
28 80
28 81
28 82
28 83
28 98
28 108
29 29
29 36
29 37
29 39
29 40
29 41
29 56
29 57
29 59
29 60
29 61
29 62
29 63
29 68
29 72
29 73
29 74
29 75
29 76
29 77
29 78
29 79
29 80
29 81
29 83
29 95
29 101
29 106
29 107
29 108
29 111
30 30
30 31
30 51
30 64
30 70
30 78
30 84
30 88
30 91
30 93
30 94
30 110
30 114
31 31
31 34
31 35
31 42
31 43
31 44
31 45
31 46
31 47
31 49
31 64
31 79
31 82
31 84
31 88
31 94
31 96
31 109
31 114
32 32
32 33
32 37
32 40
32 42
32 43
32 44
32 45
32 47
32 49
32 60
32 62
32 63
32 68
32 72
32 75
32 76
32 77
32 80
32 87
32 95
32 96
32 98
32 99
32 111
32 113
32 115
33 33
33 34
33 35
33 44
33 45
33 60
33 64
33 115
34 34
34 35
34 38
34 39
34 41
34 44
34 45
34 64
34 65
34 67
34 84
34 88
34 92
34 104
34 105
34 107
34 110
34 115
35 35
35 44
35 45
35 64
35 65
35 67
35 77
35 91
35 92
35 93
35 105
35 107
35 110
35 115
36 36
36 37
36 38
36 39
36 40
36 41
36 56
36 72
36 73
36 74
36 76
36 77
36 79
36 80
36 82
36 83
36 87
36 95
36 96
36 106
36 108
37 37
37 38
37 39
37 40
37 41
37 54
37 57
37 72
37 73
37 74
37 76
37 77
37 78
37 79
37 80
37 81
37 87
37 89
37 94
37 95
37 96
38 38
38 39
38 40
38 41
38 82
38 87
38 97
38 108
38 115
39 39
39 40
39 41
39 54
39 74
39 83
39 87
39 89
39 96
39 97
39 106
39 108
39 110
39 115
40 40
40 41
40 57
40 63
40 70
40 72
40 73
40 74
40 76
40 77
40 79
40 80
40 83
40 87
40 95
40 96
40 106
41 41
41 53
41 56
41 57
41 70
41 72
41 73
41 74
41 75
41 99
41 106
41 107
41 112
42 42
42 43
42 44
42 45
42 46
42 47
42 48
42 49
42 55
42 79
42 82
42 95
42 96
42 98
42 109
42 114
43 43
43 44
43 45
43 46
43 47
43 48
43 49
43 55
43 79
43 80
43 82
43 86
43 94
43 95
43 96
43 98
43 109
43 113
43 114
44 44
44 45
44 46
44 47
44 48
44 49
44 55
44 64
44 79
44 82
44 96
44 98
44 105
44 109
45 45
45 46
45 47
45 48
45 49
45 55
45 64
45 67
45 79
45 85
45 96
45 98
45 105
45 109
46 46
46 47
46 48
46 49
46 50
46 55
46 79
46 80
46 81
46 95
46 96
46 98
46 99
46 109
46 111
46 113
46 114
47 47
47 48
47 49
47 55
47 70
47 79
47 82
47 94
47 95
47 96
47 98
47 106
47 109
47 113
47 114
48 48
48 49
48 50
48 51
48 54
48 55
48 66
48 79
48 95
48 96
48 98
48 99
48 109
48 111
48 113
48 114
49 49
49 55
49 66
49 79
49 82
49 96
49 98
49 109
49 111
49 114
50 50
50 51
50 52
50 53
50 54
50 55
50 56
50 64
50 65
50 84
50 88
50 89
50 110
51 51
51 52
51 53
51 54
51 55
51 56
51 89
51 104
51 112
52 52
52 53
52 54
52 56
52 57
52 58
52 59
52 61
52 63
52 65
52 71
52 75
52 88
52 89
52 90
52 100
52 112
53 53
53 54
53 56
53 57
53 58
53 59
53 81
53 89
53 90
53 112
54 54
54 55
54 56
54 58
54 59
54 63
54 76
54 86
54 87
54 88
54 89
54 95
54 109
55 55
55 76
55 79
55 95
55 96
55 98
55 109
55 111
56 56
56 57
56 58
56 61
56 63
56 68
56 69
56 72
56 73
56 74
56 75
56 76
56 78
56 80
56 81
56 89
56 99
56 111
56 112
57 57
57 58
57 59
57 61
57 63
57 68
57 69
57 75
57 78
57 80
57 81
57 87
57 89
57 99
57 104
57 111
57 113
58 58
58 59
58 60
58 61
58 62
58 63
58 66
58 68
58 69
58 89
58 90
58 91
58 97
58 100
58 102
58 103
58 104
58 115
59 59
59 60
59 61
59 62
59 63
59 66
59 68
59 69
59 83
59 87
59 89
59 90
59 100
59 102
59 103
59 104
59 115
60 60
60 61
60 62
60 63
60 68
60 69
60 72
60 80
60 82
60 83
60 100
60 102
60 103
60 115
61 61
61 62
61 63
61 65
61 68
61 69
61 83
61 89
61 90
61 100
61 102
61 115
62 62
62 63
62 68
62 72
62 80
62 83
62 87
62 98
62 103
63 63
63 68
63 69
63 72
63 77
63 80
63 81
63 83
63 87
63 89
63 95
63 102
63 104
63 111
64 64
64 65
64 67
64 84
64 88
64 91
64 92
64 93
64 105
64 110
65 65
65 84
65 85
65 88
65 89
65 90
65 91
65 92
65 97
65 100
65 110
66 66
66 67
66 68
66 74
66 82
66 85
66 86
66 87
66 97
66 98
66 100
66 103
66 104
67 67
67 84
67 85
67 91
67 92
67 93
67 103
67 105
67 108
67 110
68 68
68 69
68 72
68 73
68 74
68 75
68 76
68 80
68 87
68 90
68 99
68 101
68 102
68 103
68 106
69 69
69 73
69 78
69 80
69 90
69 91
69 93
69 97
69 99
69 101
69 102
69 103
70 70
70 71
70 72
70 73
70 74
70 75
70 76
70 77
70 78
70 93
70 112
71 71
71 73
71 74
71 75
71 76
71 77
71 90
72 72
72 73
72 74
72 75
72 76
72 77
72 80
72 81
72 82
72 83
72 95
72 98
72 99
72 101
73 73
73 74
73 75
73 76
73 77
73 89
73 95
73 99
73 106
73 107
74 74
74 75
74 76
74 77
74 89
74 101
74 106
74 107
75 75
75 76
75 77
75 95
75 99
75 112
76 76
76 77
76 95
76 98
76 106
76 107
76 108
76 111
76 113
77 77
77 82
77 83
77 87
77 95
77 96
77 98
77 108
77 109
78 78
78 79
78 80
78 81
78 101
78 106
78 114
79 79
79 80
79 81
79 96
79 98
79 106
79 111
80 80
80 81
80 82
80 87
80 95
80 96
80 98
80 99
80 111
81 81
81 96
81 98
81 99
81 110
81 111
82 82
82 83
82 98
82 101
82 109
83 83
83 87
83 108
84 84
84 85
84 88
84 91
84 93
84 94
84 109
84 110
85 85
85 87
85 88
85 92
85 96
85 97
85 104
85 109
86 86
86 101
87 87
87 89
87 96
87 98
87 104
88 88
88 89
88 91
88 94
88 105
88 109
88 110
88 114
89 89
89 90
89 100
89 112
90 90
90 91
90 92
90 93
90 100
90 102
90 103
90 104
90 112
91 91
91 92
91 93
91 100
91 101
91 103
91 110
92 92
92 93
92 97
92 100
92 102
92 103
93 93
93 97
93 101
93 103
93 110
94 94
94 95
94 96
94 97
94 105
94 107
94 109
94 110
94 113
94 114
95 95
95 96
95 108
95 109
95 113
96 96
96 98
96 109
96 110
96 113
97 97
97 104
97 105
97 110
97 115
98 98
98 99
98 102
98 103
98 109
98 111
99 99
99 102
99 103
99 111
99 112
99 113
100 100
100 102
100 103
100 112
101 101
101 103
101 106
101 107
101 109
102 102
102 103
102 104
102 112
103 103
103 104
104 104
104 105
104 113
104 115
105 105
105 107
105 110
105 114
106 106
106 107
106 108
107 107
107 108
108 108
109 109
109 110
109 113
110 110
110 113
111 111
111 113
112 112
113 113
113 114
114 114
115 115
