0 0
0 1
0 10
0 12
0 13
0 19
0 32
0 48
0 56
0 57
0 58
0 59
0 60
0 61
0 62
0 63
0 66
0 69
0 93
0 112
1 1
1 11
1 12
1 13
1 18
1 19
1 32
1 33
1 48
1 49
1 56
1 57
1 58
1 59
1 60
1 61
1 63
1 65
1 66
1 72
1 102
1 106
1 112
2 2
2 3
2 6
2 7
2 11
2 18
2 22
2 23
2 25
2 30
2 31
2 33
2 35
2 44
2 64
2 93
3 3
3 7
3 11
3 18
3 22
3 23
3 31
3 35
3 50
3 64
3 65
3 67
3 83
3 85
3 88
3 89
3 90
3 92
3 106
3 107
4 4
4 5
4 8
4 9
4 14
4 15
4 24
4 25
4 27
4 29
4 30
4 36
4 38
4 42
4 46
4 53
4 64
4 71
4 73
4 74
4 75
4 76
4 82
4 97
4 109
4 110
4 111
5 5
5 9
5 15
5 20
5 21
5 23
5 24
5 25
5 26
5 27
5 46
5 47
5 75
5 82
5 83
5 86
5 88
5 89
5 97
5 110
6 6
6 7
6 11
6 12
6 13
6 18
6 23
6 30
6 31
6 32
6 33
6 35
6 44
6 60
6 62
6 64
6 65
6 83
6 92
6 93
7 7
7 11
7 13
7 18
7 22
7 23
7 31
7 33
7 35
7 64
7 65
7 67
7 83
7 89
7 90
7 92
7 102
7 103
7 106
7 107
8 8
8 9
8 10
8 13
8 14
8 15
8 24
8 25
8 29
8 30
8 36
8 42
8 46
8 53
8 64
8 71
8 73
8 75
8 76
8 82
8 93
8 109
8 111
9 9
9 10
9 13
9 14
9 15
9 16
9 24
9 25
9 29
9 30
9 31
9 46
9 64
9 71
9 73
9 75
9 82
10 10
10 12
10 13
10 14
10 15
10 16
10 19
10 25
10 28
10 29
10 30
10 40
10 42
10 60
10 62
10 71
10 73
10 74
10 76
10 82
10 91
10 93
10 96
10 108
10 109
10 113
11 11
11 12
11 13
11 18
11 23
11 48
11 50
11 64
11 65
11 83
11 102
11 106
11 107
12 12
12 13
12 16
12 28
12 29
12 48
12 60
12 61
12 62
12 63
12 66
12 101
12 103
13 13
13 15
13 28
13 29
13 48
13 60
13 61
13 64
13 65
13 72
13 75
14 14
14 15
14 16
14 24
14 25
14 28
14 29
14 30
14 36
14 38
14 40
14 42
14 46
14 53
14 64
14 71
14 73
14 74
14 75
14 76
14 82
14 94
14 97
14 109
14 110
14 111
14 113
15 15
15 20
15 24
15 25
15 26
15 28
15 29
15 30
15 36
15 46
15 64
15 71
15 73
15 75
15 76
15 82
16 16
16 17
16 24
16 28
16 29
16 30
16 40
16 44
16 46
16 47
16 56
16 57
16 62
16 68
16 71
16 72
16 73
16 76
16 78
16 79
16 80
16 81
17 17
17 28
17 29
17 32
17 33
17 34
17 57
17 60
17 62
17 63
17 68
17 72
17 78
17 79
17 80
17 81
17 83
18 18
18 19
18 22
18 33
18 53
18 68
18 83
18 90
18 92
18 93
18 100
18 107
19 19
19 28
19 32
19 33
19 37
19 41
19 56
19 57
19 59
19 61
19 72
19 74
19 79
19 80
19 81
19 101
19 109
19 111
19 112
19 114
20 20
20 21
20 26
20 27
20 29
20 35
20 45
20 70
20 71
20 73
20 74
20 75
20 76
20 77
20 79
20 80
20 86
20 100
20 101
21 21
21 23
21 26
21 27
21 39
21 40
21 45
21 70
21 71
21 75
21 85
21 86
21 89
21 90
22 22
22 23
22 25
22 27
22 31
22 34
22 35
22 50
22 53
22 71
22 82
22 84
22 85
22 88
22 90
22 92
22 93
22 103
22 107
22 110
23 23
23 25
23 27
23 31
23 35
23 50
23 64
23 67
23 83
23 84
23 85
23 88
23 89
23 90
23 91
23 92
23 93
23 103
23 105
23 107
24 24
24 25
24 29
24 30
24 31
24 36
24 38
24 40
24 42
24 46
24 53
24 71
24 73
24 74
24 75
24 76
24 82
24 86
24 94
24 95
24 96
24 97
24 109
24 110
25 25
25 27
25 30
25 31
25 35
25 42
25 46
25 53
25 70
25 71
25 73
25 75
25 82
25 90
25 91
25 93
25 97
25 105
25 109
25 110
25 111
26 26
26 27
26 43
26 45
26 59
26 86
26 89
26 100
27 27
27 39
27 43
27 46
27 47
27 50
27 84
27 85
27 88
27 89
27 90
27 97
28 28
28 29
28 30
28 36
28 37
28 40
28 44
28 60
28 62
28 63
28 70
28 72
28 73
28 74
28 75
28 76
28 78
28 79
28 80
28 81
29 29
29 30
29 31
29 36
29 40
29 62
29 70
29 71
29 72
29 73
29 74
29 75
29 76
29 78
29 79
29 81
29 83
29 104
29 114
30 30
30 31
30 35
30 36
30 40
30 42
30 46
30 53
30 64
30 70
30 71
30 73
30 74
30 75
30 76
30 82
30 104
30 105
30 109
31 31
31 33
31 34
31 35
31 44
31 53
31 64
31 67
31 71
31 73
31 75
31 84
31 85
31 92
31 103
31 105
32 32
32 33
32 45
32 49
32 56
32 57
32 59
32 60
32 61
32 62
32 63
32 66
32 68
32 72
32 81
32 102
32 112
33 33
33 35
33 44
33 60
33 61
33 62
33 63
33 65
33 68
33 92
33 101
34 34
34 35
34 38
34 42
34 44
34 45
34 71
34 76
34 77
34 79
34 80
34 84
34 85
34 95
34 101
34 104
34 108
34 115
35 35
35 44
35 45
35 51
35 53
35 64
35 65
35 67
35 71
35 76
35 77
35 85
35 92
35 100
35 103
36 36
36 37
36 38
36 39
36 40
36 41
36 42
36 46
36 53
36 54
36 55
36 71
36 72
36 73
36 74
36 75
36 76
36 82
36 83
36 85
36 87
36 94
36 95
36 96
36 97
36 104
36 108
36 109
36 110
36 111
36 113
37 37
37 38
37 39
37 40
37 41
37 52
37 54
37 70
37 72
37 74
37 76
37 77
37 80
37 94
37 95
37 97
37 104
37 108
37 109
37 110
37 112
37 113
37 114
37 115
38 38
38 40
38 41
38 42
38 46
38 53
38 54
38 55
38 72
38 74
38 76
38 79
38 80
38 81
38 82
38 83
38 87
38 95
38 96
38 97
38 98
38 100
38 101
38 104
38 108
38 109
38 110
38 114
38 115
39 39
39 40
39 41
39 54
39 55
39 70
39 71
39 82
39 85
39 86
39 87
39 89
39 90
39 94
39 95
39 97
39 99
39 109
39 111
39 113
40 40
40 41
40 42
40 46
40 47
40 54
40 55
40 70
40 71
40 72
40 73
40 74
40 75
40 76
40 82
40 86
40 87
40 95
40 96
40 97
40 98
40 99
40 101
40 109
40 110
40 111
40 113
40 114
41 41
41 52
41 54
41 55
41 74
41 76
41 77
41 87
41 89
41 90
41 94
41 95
41 97
41 99
41 105
41 109
41 110
41 111
41 112
42 42
42 43
42 44
42 46
42 47
42 51
42 53
42 55
42 78
42 82
42 84
42 96
42 98
42 99
42 108
42 109
42 110
42 111
42 113
43 43
43 44
43 45
43 46
43 47
43 49
43 51
43 55
43 56
43 57
43 59
43 80
43 81
43 96
43 98
43 99
44 44
44 45
44 47
44 49
44 51
44 111
45 45
45 47
45 49
45 51
45 55
45 56
45 57
45 59
45 67
45 80
45 96
45 98
46 46
46 47
46 51
46 52
46 53
46 54
46 55
46 71
46 73
46 82
46 84
46 85
46 96
46 97
46 98
46 99
46 108
46 110
46 111
46 113
47 47
47 49
47 51
47 55
47 56
47 81
47 82
47 91
47 96
47 98
47 99
47 109
47 110
47 111
47 113
48 48
48 50
48 51
48 52
48 54
48 58
48 59
48 60
48 61
48 66
48 88
48 96
48 100
48 101
48 114
49 49
49 51
49 55
49 56
49 57
49 58
49 59
49 68
49 96
49 98
49 99
49 102
50 50
50 51
50 52
50 64
50 65
50 67
50 84
50 85
50 89
51 51
51 52
51 53
51 55
51 65
51 96
51 98
52 52
52 53
52 54
52 55
52 58
52 89
52 99
53 53
53 55
53 71
53 82
53 84
53 85
53 90
53 97
53 99
53 110
53 111
54 54
54 55
54 82
54 86
54 87
54 88
54 89
54 91
54 94
54 95
54 96
54 97
54 98
54 99
54 104
54 108
54 109
54 110
54 111
54 113
54 114
55 55
55 82
55 86
55 87
55 89
55 95
55 96
55 97
55 98
55 99
55 108
55 110
55 111
55 113
56 56
56 57
56 58
56 59
56 60
56 61
56 62
56 63
56 66
56 68
56 69
56 78
56 79
56 80
56 81
56 99
57 57
57 58
57 59
57 61
57 63
57 66
57 68
57 69
57 78
57 79
57 80
57 81
58 58
58 59
58 60
58 61
58 63
58 66
58 69
58 88
58 89
58 102
59 59
59 60
59 61
59 62
59 63
59 66
59 69
59 79
59 80
59 81
59 88
59 98
59 102
60 60
60 61
60 62
60 63
60 64
60 65
60 66
60 69
60 101
60 102
61 61
61 62
61 63
61 65
61 66
61 69
61 79
61 80
61 81
61 100
61 101
61 102
62 62
62 63
62 66
62 72
62 78
62 79
62 80
62 81
62 96
62 100
62 101
62 108
63 63
63 65
63 66
63 68
63 69
63 72
63 78
63 79
63 80
63 81
63 102
64 64
64 65
64 84
64 85
64 92
64 93
65 65
65 67
65 102
65 106
66 66
66 67
66 69
66 81
66 88
66 102
66 115
67 67
67 85
67 92
67 103
67 105
67 106
67 107
68 68
68 69
68 78
68 79
68 80
68 81
69 69
70 70
70 71
70 73
70 74
70 75
70 76
70 77
70 91
70 103
70 105
70 107
70 109
70 113
71 71
71 73
71 74
71 75
71 76
71 77
71 82
71 90
71 97
71 103
71 104
71 105
71 109
71 111
72 72
72 74
72 76
72 78
72 79
72 80
72 81
72 114
73 73
73 74
73 75
73 76
73 77
73 82
73 94
73 95
73 97
73 104
73 109
73 111
74 74
74 75
74 76
74 77
74 78
74 80
74 82
74 95
74 104
74 105
74 108
74 109
74 110
74 113
74 114
74 115
75 75
75 76
75 77
75 82
75 103
75 104
75 105
76 76
76 77
76 80
76 82
76 92
76 94
76 95
76 97
76 101
76 103
76 104
76 108
76 109
76 110
76 111
76 114
76 115
77 77
77 91
77 92
77 94
77 95
77 97
77 101
77 103
77 107
77 108
77 109
77 114
78 78
78 79
78 80
78 81
79 79
79 80
79 81
79 95
79 101
80 80
80 81
80 95
80 101
80 108
81 81
81 95
81 108
82 82
82 83
82 84
82 85
82 86
82 87
82 95
82 97
82 98
82 99
82 104
82 108
82 109
82 110
82 111
82 113
82 114
82 115
83 83
83 85
83 87
83 89
83 100
84 84
84 85
84 111
85 85
85 87
85 89
86 86
86 87
86 89
86 96
86 98
86 99
86 113
87 87
87 88
87 89
87 90
87 97
87 99
87 110
88 88
88 89
88 92
88 107
89 89
89 90
90 90
90 91
90 92
90 97
90 100
90 103
90 104
90 105
90 106
90 107
90 109
90 110
90 111
90 112
91 91
91 92
91 93
91 94
91 96
91 97
91 98
91 99
91 103
91 105
91 107
91 109
91 110
91 111
91 113
91 115
92 92
92 93
92 100
92 101
92 103
92 104
92 106
92 107
92 109
92 111
92 114
92 115
93 93
93 103
93 110
93 111
93 113
94 94
94 95
94 96
94 97
94 105
94 108
94 109
94 110
94 111
95 95
95 96
95 97
95 98
95 100
95 101
95 104
95 108
95 109
95 110
95 111
95 113
95 114
96 96
96 97
96 98
96 99
96 101
96 108
96 109
96 110
96 111
96 113
97 97
97 98
97 99
97 100
97 101
97 103
97 104
97 108
97 109
97 110
97 111
97 113
97 114
98 98
98 99
98 101
98 108
98 109
98 110
98 111
98 112
99 99
99 105
99 111
99 112
99 113
100 100
100 101
100 103
100 104
100 114
101 101
101 103
101 104
101 108
101 109
101 114
101 115
102 102
102 106
102 113
103 103
103 104
103 105
103 106
103 107
103 109
103 114
104 104
104 108
104 109
104 111
104 114
104 115
105 105
105 106
105 107
105 110
105 111
105 112
105 114
105 115
106 106
106 107
107 107
107 115
108 108
108 109
108 113
108 114
108 115
109 109
109 110
109 111
109 112
109 113
109 114
110 110
110 111
110 112
110 113
111 111
111 112
111 113
111 114
112 112
112 113
112 114
112 115
113 113
113 114
113 115
114 114
114 115
115 115
