0 0
0 27
0 48
0 54
0 56
0 58
0 60
0 88
0 89
0 91
0 93
0 99
0 101
1 1
1 16
1 17
1 18
1 19
1 28
1 29
1 32
1 33
1 36
1 37
1 40
1 53
1 54
1 55
1 56
1 57
1 59
1 62
1 63
1 68
1 69
1 72
1 73
1 74
1 78
1 79
1 80
1 81
1 87
1 97
1 98
1 99
1 100
1 101
1 102
1 103
1 111
2 2
2 3
2 4
2 5
2 6
2 7
2 8
2 9
2 10
2 11
2 14
2 15
2 20
2 22
2 23
2 24
2 25
2 26
2 27
2 30
2 31
2 34
2 48
2 50
2 64
2 65
2 70
2 82
2 84
2 88
2 90
2 93
3 3
3 4
3 5
3 6
3 7
3 8
3 9
3 10
3 11
3 14
3 15
3 20
3 21
3 22
3 23
3 24
3 25
3 26
3 27
3 30
3 31
3 64
3 70
3 71
3 75
3 82
3 83
3 84
3 85
3 86
3 88
3 92
4 4
4 5
4 6
4 7
4 8
4 9
4 10
4 11
4 13
4 14
4 15
4 20
4 21
4 22
4 23
4 24
4 25
4 26
4 27
4 30
4 31
4 48
4 50
4 64
4 65
4 70
4 71
4 82
4 84
4 88
4 92
4 93
5 5
5 6
5 7
5 8
5 9
5 10
5 11
5 13
5 14
5 15
5 20
5 21
5 22
5 23
5 24
5 25
5 26
5 27
5 30
5 31
5 48
5 64
5 65
5 70
5 71
5 88
5 92
5 93
6 6
6 7
6 8
6 9
6 12
6 14
6 15
6 18
6 20
6 22
6 23
6 24
6 25
6 30
6 31
6 60
6 64
6 66
6 70
6 75
6 88
6 93
7 7
7 8
7 9
7 11
7 15
7 20
7 21
7 22
7 23
7 24
7 25
7 26
7 30
7 31
7 50
7 64
7 65
7 70
7 71
7 83
7 84
7 88
7 92
7 93
8 8
8 9
8 10
8 11
8 12
8 13
8 14
8 15
8 20
8 22
8 23
8 24
8 25
8 26
8 30
8 31
8 48
8 60
8 64
8 65
8 70
8 71
8 88
8 90
8 92
8 93
9 9
9 11
9 15
9 20
9 21
9 23
9 24
9 25
9 26
9 30
9 31
9 34
9 35
9 48
9 49
9 60
9 61
9 64
9 65
9 66
9 67
9 88
9 92
9 93
10 10
10 11
10 12
10 13
10 14
10 15
10 18
10 22
10 23
10 48
10 50
10 64
10 82
10 83
10 84
10 88
10 91
11 11
11 13
11 14
11 15
11 23
11 25
11 26
11 27
11 50
11 64
11 65
11 82
11 83
11 84
11 85
11 88
11 92
12 12
12 13
12 14
12 15
12 29
12 48
12 52
12 54
12 58
12 60
12 61
12 66
12 90
13 13
13 14
13 15
13 48
13 58
13 60
13 61
13 65
13 90
14 14
14 15
14 18
14 22
14 23
14 24
14 26
14 27
14 48
14 50
14 64
14 82
14 83
14 84
14 88
14 90
15 15
15 20
15 22
15 23
15 25
15 26
15 27
15 31
15 48
15 50
15 60
15 64
15 65
15 82
15 83
15 84
15 88
15 90
15 93
16 16
16 17
16 19
16 28
16 29
16 32
16 36
16 40
16 41
16 52
16 54
16 56
16 59
16 62
16 63
16 72
16 73
16 74
16 75
16 76
16 78
16 79
16 80
16 81
16 85
16 98
16 99
16 101
16 103
16 113
17 17
17 19
17 28
17 29
17 32
17 33
17 36
17 40
17 52
17 53
17 54
17 57
17 59
17 62
17 63
17 68
17 69
17 72
17 74
17 78
17 79
17 80
17 81
17 98
17 99
17 100
17 101
17 102
17 103
17 104
17 111
17 112
17 113
18 18
18 19
18 22
18 28
18 32
18 33
18 54
18 68
18 72
18 73
18 75
18 82
18 83
18 84
18 86
18 101
19 19
19 28
19 29
19 32
19 33
19 36
19 37
19 40
19 53
19 57
19 59
19 62
19 63
19 68
19 69
19 72
19 73
19 77
19 78
19 79
19 80
19 81
19 95
19 97
19 98
19 101
19 102
19 103
19 104
19 109
19 111
19 113
19 115
20 20
20 21
20 22
20 23
20 24
20 25
20 26
20 27
20 30
20 31
20 34
20 41
20 64
20 75
20 88
20 93
21 21
21 24
21 25
21 26
21 30
21 31
21 34
21 35
21 42
21 43
21 44
21 47
21 49
21 71
21 75
21 110
22 22
22 23
22 24
22 25
22 26
22 27
22 30
22 31
22 50
22 64
22 82
22 83
22 84
22 86
22 88
22 93
23 23
23 24
23 25
23 26
23 27
23 30
23 31
23 50
23 64
23 70
23 71
23 82
23 83
23 84
23 85
23 86
23 87
23 88
23 92
23 93
24 24
24 25
24 26
24 27
24 30
24 31
24 50
24 64
24 70
24 71
24 86
24 88
24 92
24 93
25 25
25 26
25 27
25 30
25 31
25 34
25 45
25 50
25 64
25 65
25 67
25 70
25 71
25 84
25 88
25 92
25 93
26 26
26 27
26 30
26 31
26 48
26 50
26 64
26 71
26 88
26 93
27 27
27 45
27 50
27 71
27 83
27 85
27 86
27 87
27 88
27 92
27 93
28 28
28 29
28 32
28 33
28 36
28 40
28 52
28 53
28 54
28 57
28 59
28 62
28 63
28 68
28 72
28 73
28 74
28 76
28 77
28 78
28 79
28 80
28 81
28 98
28 101
28 111
28 112
29 29
29 32
29 33
29 36
29 40
29 62
29 63
29 68
29 72
29 73
29 74
29 75
29 76
29 79
29 80
29 81
30 30
30 31
30 33
30 34
30 64
30 70
30 71
30 75
30 88
31 31
31 34
31 64
31 65
31 70
31 71
31 75
31 84
31 88
32 32
32 33
32 36
32 40
32 53
32 57
32 59
32 62
32 63
32 68
32 69
32 72
32 73
32 74
32 78
32 79
32 80
32 81
32 97
32 100
32 101
32 102
32 103
32 104
32 111
33 33
33 57
33 59
33 62
33 63
33 68
33 69
33 72
33 78
33 79
33 81
34 34
34 35
34 44
34 49
34 58
34 61
34 65
34 66
34 67
34 88
34 93
34 110
35 35
35 44
35 45
35 49
35 58
35 61
35 65
35 66
35 67
35 84
35 105
35 110
36 36
36 37
36 38
36 40
36 41
36 53
36 56
36 57
36 62
36 63
36 68
36 69
36 72
36 73
36 74
36 76
36 78
36 79
36 80
36 81
36 85
36 87
36 98
36 99
36 100
36 103
36 107
37 37
37 38
37 39
37 40
37 41
37 45
37 53
37 55
37 56
37 57
37 68
37 73
37 74
37 77
37 78
37 80
37 81
37 85
37 86
37 87
37 96
37 97
37 98
37 99
37 100
37 103
37 105
37 111
37 112
37 113
37 115
38 38
38 39
38 40
38 54
38 55
38 96
38 98
38 99
38 105
38 107
38 115
39 39
39 42
39 43
39 45
39 47
39 77
39 80
39 87
39 94
39 95
39 96
39 97
39 98
39 99
39 103
39 104
39 105
39 108
39 109
39 113
39 114
39 115
40 40
40 53
40 55
40 56
40 57
40 59
40 62
40 63
40 68
40 72
40 78
40 79
40 80
40 81
40 97
40 98
40 99
40 100
40 102
40 103
40 111
40 112
41 41
41 73
41 74
41 75
41 76
41 85
41 92
41 107
42 42
42 43
42 44
42 45
42 46
42 47
42 49
42 50
42 51
42 53
42 96
42 97
42 99
42 105
42 109
42 111
42 112
43 43
43 44
43 45
43 46
43 47
43 49
43 51
43 77
43 96
43 97
43 99
43 105
43 109
43 110
43 111
43 112
43 113
43 114
44 44
44 45
44 46
44 47
44 48
44 49
44 50
44 51
44 67
44 96
44 97
44 105
44 109
44 110
45 45
45 46
45 47
45 49
45 50
45 67
45 85
45 94
45 96
45 97
45 105
45 108
45 109
45 110
45 111
45 112
46 46
46 47
46 49
46 51
46 53
46 55
46 77
46 78
46 80
46 81
46 96
46 97
46 98
46 99
46 109
46 110
46 111
46 112
47 47
47 49
47 51
47 53
47 77
47 96
47 97
47 99
47 105
47 109
47 110
47 111
47 112
47 113
47 114
47 115
48 48
48 50
48 51
48 52
48 54
48 58
48 60
48 61
48 65
48 89
48 90
48 93
49 49
49 51
49 59
49 67
49 96
49 97
49 105
49 109
49 110
49 112
50 50
50 51
50 64
50 82
50 83
50 84
50 88
50 90
50 93
51 51
51 52
51 53
51 55
51 58
51 61
51 96
51 97
51 99
51 109
51 112
52 52
52 54
52 57
52 58
52 59
52 60
52 61
52 62
52 63
52 68
52 69
52 72
52 79
52 89
52 90
52 91
52 98
52 100
52 101
53 53
53 55
53 56
53 78
53 79
53 80
53 81
53 87
53 97
53 99
53 112
54 54
54 55
54 58
54 60
54 62
54 63
54 74
54 89
54 91
54 98
54 101
54 102
55 55
55 78
55 96
55 98
55 99
56 56
56 62
56 63
56 76
56 78
56 80
56 89
56 98
56 99
56 101
56 103
56 112
57 57
57 59
57 62
57 63
57 68
57 69
57 79
57 81
57 97
57 98
57 100
57 101
57 102
57 103
57 104
57 106
57 111
57 115
58 58
58 60
58 61
58 65
58 66
58 67
58 89
58 98
59 59
59 61
59 62
59 63
59 66
59 68
59 69
59 72
59 73
59 78
59 79
59 81
59 100
59 101
59 102
59 103
59 104
60 60
60 61
60 63
60 64
60 65
60 66
60 89
60 90
60 91
60 93
60 101
61 61
61 63
61 65
61 66
61 89
61 110
62 62
62 63
62 68
62 69
62 72
62 73
62 74
62 76
62 78
62 79
62 80
62 81
62 89
62 98
62 100
62 101
62 102
62 103
62 104
63 63
63 66
63 68
63 69
63 72
63 73
63 78
63 79
63 80
63 81
63 89
63 98
63 100
63 101
63 102
63 103
63 104
64 64
64 65
64 82
64 83
64 84
64 88
64 90
64 93
65 65
65 66
65 67
65 88
65 89
65 93
65 110
66 66
66 67
66 69
66 93
66 100
66 101
66 110
67 67
67 69
67 84
67 110
68 68
68 69
68 72
68 76
68 78
68 79
68 80
68 81
68 97
68 100
68 101
68 102
68 103
68 104
68 106
68 111
69 69
69 72
69 79
69 81
69 97
69 100
69 101
69 102
69 103
69 104
69 106
69 109
69 110
69 111
70 70
70 71
70 73
70 75
70 76
70 90
70 92
70 93
71 71
71 73
71 75
71 77
71 83
71 92
71 95
71 114
71 115
72 72
72 73
72 74
72 75
72 76
72 79
72 80
72 81
72 100
72 101
72 103
72 104
72 111
73 73
73 74
73 75
73 76
73 77
73 79
73 83
73 100
73 101
73 104
74 74
74 75
74 76
74 79
74 83
74 85
74 87
74 101
75 75
75 76
75 92
76 76
76 84
76 89
76 91
76 92
76 101
77 77
77 80
77 95
77 96
77 97
77 105
77 109
77 110
77 111
77 112
77 114
78 78
78 79
78 80
78 81
78 97
78 98
78 99
78 102
78 111
78 112
79 79
79 80
79 81
79 87
79 98
79 104
79 111
79 113
80 80
80 81
80 87
80 98
80 99
80 103
80 104
80 111
80 114
81 81
81 87
81 98
81 102
81 103
81 104
81 111
81 113
82 82
82 83
82 84
82 85
82 86
82 87
82 88
83 83
83 84
83 85
83 86
83 87
83 92
84 84
84 85
84 86
84 88
84 92
85 85
85 86
85 87
85 92
86 86
86 87
86 88
86 92
87 87
87 113
88 88
88 89
88 90
88 91
88 92
88 93
89 89
89 91
89 93
89 100
89 101
89 102
90 90
90 91
90 93
91 91
91 92
91 93
91 100
91 101
92 92
92 93
92 95
93 93
93 101
94 94
94 95
94 105
94 108
94 110
94 113
94 114
94 115
95 95
95 97
95 105
95 108
95 109
95 110
95 114
95 115
96 96
96 97
96 98
96 99
96 105
96 107
96 108
96 109
96 110
96 111
96 112
96 113
96 114
97 97
97 99
97 105
97 109
97 110
97 111
97 112
97 113
97 115
98 98
98 99
98 101
98 102
98 103
98 111
98 112
98 113
99 99
99 103
99 111
99 112
99 113
100 100
100 101
100 102
100 103
100 104
100 115
101 101
101 102
101 103
101 104
102 102
102 103
102 115
103 103
103 104
103 106
103 107
103 108
103 111
103 113
103 114
103 115
104 104
104 106
104 108
105 105
105 108
105 109
105 110
105 115
106 106
106 107
106 108
107 107
108 108
108 109
108 110
108 113
109 109
109 110
109 111
109 112
109 113
109 115
110 110
110 111
110 113
110 115
111 111
111 112
111 113
112 112
113 113
113 114
114 114
114 115
115 115
