0 0
0 1
0 16
0 18
0 19
0 32
0 33
0 34
0 56
0 57
0 58
0 59
0 62
0 63
0 66
0 68
0 76
0 79
0 81
0 91
0 98
0 99
0 101
0 103
0 104
0 105
0 113
1 1
1 16
1 18
1 19
1 32
1 33
1 56
1 57
1 58
1 59
1 61
1 62
1 63
1 66
1 68
1 69
1 76
1 79
1 96
1 98
1 101
1 106
2 2
2 3
2 4
2 6
2 7
2 8
2 9
2 10
2 11
2 12
2 13
2 14
2 15
2 22
2 23
2 24
2 25
2 30
2 31
2 50
2 52
2 64
2 65
2 70
2 71
3 3
3 5
3 6
3 7
3 8
3 9
3 10
3 11
3 12
3 13
3 14
3 15
3 20
3 22
3 23
3 27
3 30
3 31
3 41
3 65
3 75
3 92
3 100
4 4
4 5
4 8
4 9
4 10
4 26
4 35
4 54
4 58
4 64
4 65
4 67
4 84
4 85
4 88
4 92
4 93
4 113
4 114
5 5
5 7
5 9
5 14
5 15
5 20
5 21
5 23
5 25
5 26
5 27
5 35
5 45
5 65
5 87
5 89
5 92
5 114
6 6
6 7
6 8
6 9
6 10
6 12
6 13
6 14
6 15
6 22
6 25
6 28
6 29
6 30
6 31
6 64
6 70
6 71
6 72
6 73
6 74
6 75
7 7
7 8
7 9
7 11
7 12
7 13
7 14
7 15
7 20
7 23
7 24
7 25
7 30
7 31
7 64
7 65
7 70
7 71
7 75
7 83
7 92
7 100
8 8
8 9
8 10
8 11
8 12
8 13
8 14
8 15
8 20
8 22
8 29
8 30
8 70
8 72
8 73
8 74
8 86
8 87
8 88
9 9
9 10
9 11
9 12
9 13
9 14
9 15
9 20
9 26
9 27
9 29
9 30
9 64
9 65
9 83
9 87
9 92
9 100
10 10
10 11
10 12
10 13
10 14
10 15
10 22
10 28
10 70
10 82
11 11
11 12
11 13
11 14
11 15
11 29
11 49
11 61
11 65
11 72
11 73
11 74
11 75
12 12
12 13
12 14
12 15
12 20
12 22
12 24
12 28
12 29
12 30
12 31
12 40
12 52
12 65
12 70
12 71
12 72
12 73
12 74
12 75
12 82
12 86
12 112
13 13
13 14
13 15
13 17
13 20
13 21
13 28
13 29
13 30
13 31
13 40
13 49
13 51
13 61
13 70
13 71
13 72
13 73
13 74
13 75
13 86
13 112
14 14
14 15
14 20
14 21
14 22
14 24
14 25
14 26
14 27
14 28
14 29
14 30
14 31
14 38
14 40
14 41
14 50
14 70
14 71
14 72
14 73
14 74
14 75
14 82
14 83
14 86
14 87
14 112
15 15
15 20
15 21
15 22
15 26
15 27
15 28
15 29
15 30
15 31
15 40
15 41
15 70
15 71
15 72
15 73
15 75
15 82
15 83
15 86
15 87
15 112
16 16
16 17
16 18
16 19
16 28
16 29
16 32
16 33
16 40
16 56
16 57
16 62
16 63
16 68
16 72
16 78
16 79
16 80
16 81
16 82
17 17
17 28
17 29
17 30
17 32
17 40
17 56
17 57
17 62
17 63
17 70
17 72
17 73
17 74
17 75
17 78
17 79
17 80
17 81
17 86
18 18
18 19
18 32
18 33
18 56
18 57
18 58
18 62
18 63
18 66
18 67
18 68
18 69
18 79
19 19
19 32
19 33
19 34
19 56
19 57
19 58
19 62
19 63
19 66
19 67
19 68
19 69
19 76
19 78
19 79
19 81
19 90
19 91
19 93
19 98
19 99
19 101
19 102
19 103
19 104
19 105
19 106
19 109
19 110
20 20
20 21
20 26
20 27
20 29
20 30
20 36
20 37
20 39
20 40
20 41
20 70
20 71
20 72
20 73
20 74
20 75
20 83
20 86
20 87
20 89
20 92
20 112
21 21
21 24
21 26
21 27
21 28
21 29
21 30
21 31
21 37
21 40
21 41
21 42
21 44
21 51
21 53
21 70
21 71
21 72
21 73
21 74
21 75
21 82
21 83
21 86
21 87
21 112
22 22
22 23
22 24
22 25
22 26
22 27
22 30
22 31
22 38
22 40
22 50
22 64
22 70
22 71
22 72
22 73
22 82
22 86
22 88
23 23
23 24
23 25
23 30
23 31
23 34
23 35
23 38
23 50
23 64
23 82
24 24
24 25
24 26
24 27
24 29
24 30
24 31
24 40
24 45
24 49
24 50
24 70
24 71
24 73
24 75
24 82
24 86
24 112
25 25
25 27
25 30
25 31
25 35
25 38
25 50
25 70
25 71
26 26
26 27
26 30
26 31
26 37
26 38
26 40
26 71
26 82
26 83
26 87
26 89
26 92
26 114
27 27
27 29
27 30
27 31
27 37
27 38
27 39
27 40
27 41
27 42
27 43
27 50
27 71
27 73
27 75
27 86
27 87
27 89
27 92
27 112
28 28
28 29
28 30
28 31
28 40
28 70
28 71
28 72
28 73
28 74
28 75
28 78
28 79
28 80
28 81
28 82
28 83
28 86
28 112
29 29
29 30
29 31
29 37
29 40
29 41
29 49
29 51
29 53
29 70
29 71
29 72
29 73
29 74
29 75
29 79
29 81
29 83
29 86
29 87
29 112
30 30
30 31
30 40
30 41
30 50
30 70
30 71
30 72
30 73
30 74
30 75
30 83
30 86
30 112
31 31
31 40
31 50
31 70
31 71
31 72
31 73
31 75
31 82
31 83
31 86
31 112
32 32
32 33
32 44
32 45
32 55
32 56
32 57
32 59
32 66
32 68
32 76
32 78
32 79
32 81
32 96
33 33
33 35
33 56
33 57
33 62
33 63
33 66
33 67
33 68
33 78
33 79
33 80
33 81
33 102
34 34
34 35
34 60
34 64
34 68
34 77
34 84
34 88
34 90
34 91
34 92
34 93
34 101
34 102
34 103
34 104
34 105
34 109
34 110
34 113
34 114
35 35
35 43
35 45
35 64
35 65
35 67
35 76
35 77
35 84
35 88
35 91
35 92
35 93
35 94
35 103
35 104
35 105
35 107
35 109
35 110
35 113
35 114
36 36
36 37
36 38
36 40
36 41
36 54
36 73
36 74
36 76
36 78
36 83
36 87
36 95
37 37
37 38
37 39
37 40
37 41
37 42
37 43
37 47
37 70
37 71
37 73
37 74
37 75
37 83
37 92
37 107
37 111
38 38
38 39
38 40
38 41
38 78
38 81
38 82
38 84
38 87
38 88
38 94
39 39
39 41
39 68
39 69
39 84
39 87
39 88
39 89
39 91
39 92
39 93
39 94
39 110
40 40
40 41
40 50
40 70
40 71
40 72
40 73
40 74
40 75
40 80
40 81
40 82
40 83
40 86
40 87
40 112
41 41
41 42
41 70
41 71
41 72
41 73
41 74
41 75
41 83
41 86
41 87
41 92
41 112
42 42
42 43
42 44
42 45
42 46
42 47
42 48
42 49
42 51
42 53
42 76
42 77
42 90
42 91
42 92
42 93
42 95
42 96
42 98
42 103
42 105
42 109
42 111
42 112
42 113
43 43
43 44
43 45
43 46
43 47
43 48
43 49
43 51
43 55
43 77
43 95
43 96
43 98
43 103
43 104
43 105
43 107
43 109
43 110
43 111
43 112
43 113
44 44
44 45
44 46
44 47
44 48
44 49
44 50
44 51
44 53
44 55
44 95
44 96
44 98
44 111
44 112
45 45
45 46
45 47
45 48
45 49
45 50
45 51
45 53
45 55
45 96
45 98
46 46
46 47
46 48
46 49
46 51
46 53
46 55
46 77
46 90
46 95
46 96
46 98
46 105
46 109
46 110
46 111
46 112
47 47
47 48
47 49
47 51
47 53
47 55
47 76
47 77
47 90
47 91
47 96
47 98
47 99
47 103
47 104
47 105
47 107
47 109
47 110
47 111
48 48
48 49
48 50
48 51
48 52
48 53
48 55
48 96
48 98
48 107
49 49
49 50
49 51
49 52
49 53
49 55
49 59
49 70
49 72
49 73
49 74
49 86
49 98
49 112
50 50
50 51
50 52
50 53
50 55
50 70
50 71
50 73
50 75
50 85
50 86
50 112
51 51
51 52
51 53
51 55
51 59
51 70
51 72
51 73
51 74
51 86
51 98
51 112
52 52
52 53
52 54
52 90
52 91
52 93
52 98
52 99
52 111
52 112
53 53
53 55
53 72
53 73
53 86
53 90
53 98
53 99
53 112
54 54
54 55
54 57
54 58
54 62
54 68
54 69
54 78
54 84
54 88
54 89
54 91
54 93
54 96
54 98
54 101
54 103
54 104
55 55
55 59
55 78
55 89
55 96
55 98
55 99
55 111
56 56
56 57
56 61
56 62
56 63
56 66
56 68
56 78
56 79
56 80
56 81
56 97
57 57
57 59
57 62
57 63
57 68
57 69
57 78
57 79
57 80
57 81
57 96
57 98
57 99
58 58
58 59
58 60
58 61
58 62
58 63
58 66
58 67
58 69
58 91
58 97
58 101
58 102
58 103
58 104
58 106
58 109
59 59
59 61
59 62
59 63
59 66
59 67
59 69
59 96
60 60
60 61
60 62
60 63
60 64
60 65
60 66
60 84
60 88
60 100
60 101
60 102
60 103
60 104
60 106
61 61
61 62
61 63
61 66
61 69
61 89
61 102
62 62
62 63
62 66
62 68
62 69
62 78
62 79
62 80
62 81
62 84
62 101
62 102
63 63
63 66
63 68
63 69
63 78
63 79
63 80
63 81
63 99
63 102
64 64
64 65
64 77
64 84
64 85
64 88
64 92
64 93
64 114
65 65
65 67
65 85
65 88
65 92
65 100
65 114
66 66
66 67
66 68
66 69
66 102
66 103
66 104
67 67
67 68
67 69
67 84
67 96
67 100
67 102
67 103
67 104
67 105
67 106
67 109
67 110
68 68
68 69
68 78
68 79
68 80
68 81
68 84
68 89
68 103
68 113
69 69
69 89
69 90
69 91
69 93
69 94
69 96
69 97
69 98
69 99
69 100
69 101
69 102
69 103
69 104
69 105
69 106
69 109
69 110
70 70
70 71
70 72
70 73
70 74
70 75
70 82
70 83
70 86
70 112
71 71
71 72
71 73
71 74
71 75
71 82
71 83
71 86
71 112
72 72
72 73
72 74
72 75
72 79
72 81
72 82
72 83
72 86
72 87
72 112
73 73
73 74
73 75
73 83
73 86
73 87
73 112
74 74
74 75
74 76
74 86
74 87
74 95
74 108
74 112
75 75
75 83
75 86
75 87
75 112
76 76
76 77
76 78
76 91
76 93
76 95
76 100
76 102
76 103
76 104
76 108
76 109
76 113
76 114
77 77
77 90
77 91
77 92
77 93
77 95
77 100
77 102
77 103
77 104
77 105
77 107
77 108
77 109
77 110
77 113
77 114
78 78
78 79
78 80
78 81
78 103
79 79
79 80
79 81
80 80
80 81
80 83
80 84
81 81
81 82
81 83
82 82
82 83
82 86
82 94
83 83
83 85
83 86
83 87
83 92
84 84
84 85
84 88
84 93
84 94
84 101
84 102
85 85
85 87
85 92
85 93
85 114
86 86
86 87
86 112
87 87
87 88
87 89
87 92
87 112
88 88
88 93
88 101
89 89
89 92
89 99
89 111
90 90
90 91
90 92
90 93
90 94
90 97
90 98
90 99
90 100
90 101
90 102
90 103
90 104
90 105
90 106
90 109
90 110
90 111
91 91
91 92
91 93
91 94
91 98
91 99
91 100
91 101
91 102
91 103
91 104
91 105
91 106
91 107
91 109
91 110
91 111
91 113
92 92
92 93
92 100
92 102
92 104
92 111
92 113
92 114
93 93
93 94
93 99
93 100
93 101
93 102
93 103
93 104
93 105
93 107
93 109
93 110
93 111
93 113
93 114
94 94
94 96
94 97
94 98
94 102
94 107
94 109
94 110
95 95
95 102
95 103
95 105
95 108
95 109
95 114
95 115
96 96
96 97
96 98
96 99
96 104
96 106
96 107
96 109
96 110
97 97
97 99
97 104
97 105
97 107
97 108
97 109
97 110
97 113
97 114
98 98
98 99
98 104
98 107
98 109
98 110
98 111
99 99
99 101
99 103
99 104
99 105
99 110
99 111
99 112
99 115
100 100
100 102
100 103
100 104
100 105
100 106
100 113
101 101
101 102
101 103
101 104
101 105
101 106
101 109
101 110
101 113
102 102
102 103
102 104
102 105
102 106
102 109
102 115
103 103
103 104
103 105
103 106
103 109
103 113
103 114
103 115
104 104
104 105
104 106
104 107
104 109
104 110
104 113
104 114
104 115
105 105
105 106
105 107
105 108
105 109
105 111
105 113
105 114
105 115
106 106
106 109
106 115
107 107
107 110
107 115
108 108
108 109
108 113
108 114
109 109
109 110
110 110
111 111
111 112
111 113
112 112
113 113
113 114
113 115
114 114
115 115
