0 0
0 1
0 10
0 16
0 18
0 19
0 48
0 52
0 53
0 54
0 55
0 56
0 57
0 58
0 71
0 73
0 90
0 91
0 98
0 99
0 105
0 111
0 112
1 1
1 3
1 10
1 11
1 16
1 17
1 19
1 37
1 52
1 53
1 57
1 58
1 59
1 61
1 62
1 63
1 90
1 91
1 92
1 102
1 112
2 2
2 4
2 6
2 7
2 18
2 24
2 26
2 30
2 31
2 32
2 58
2 59
2 60
2 62
2 66
2 67
2 72
2 101
2 102
2 103
3 3
3 18
3 19
3 20
3 22
3 23
3 30
3 31
3 69
3 83
3 90
3 92
4 4
4 5
4 6
4 7
4 8
4 9
4 12
4 13
4 14
4 15
4 20
4 21
4 22
4 23
4 24
4 25
4 26
4 27
4 30
4 60
4 64
4 65
4 74
4 75
4 93
4 100
5 5
5 9
5 20
5 21
5 22
5 23
5 24
5 25
5 26
5 27
5 30
5 42
5 43
5 47
5 64
5 67
5 69
5 88
5 96
5 103
5 105
5 110
6 6
6 7
6 8
6 9
6 10
6 11
6 12
6 13
6 14
6 15
6 22
6 23
6 24
6 26
6 28
6 30
6 31
6 34
6 60
6 64
6 65
6 70
6 71
6 82
6 92
6 93
7 7
7 8
7 9
7 11
7 12
7 13
7 15
7 24
7 29
7 31
7 60
7 61
7 65
7 67
7 83
7 92
7 100
8 8
8 9
8 11
8 12
8 13
8 14
8 15
8 17
8 20
8 21
8 24
8 26
8 29
8 30
8 34
8 60
8 64
8 65
8 70
8 75
8 83
8 92
8 93
8 100
9 9
9 11
9 12
9 13
9 14
9 15
9 23
9 24
9 25
9 26
9 44
9 48
9 60
9 64
9 65
9 75
9 92
9 93
9 100
10 10
10 11
10 12
10 13
10 14
10 15
10 16
10 17
10 20
10 22
10 23
10 28
10 37
10 52
10 53
10 61
10 65
10 75
10 82
10 84
10 90
10 91
10 93
11 11
11 12
11 13
11 14
11 15
11 17
11 23
11 28
11 65
11 75
11 83
11 92
11 93
11 100
12 12
12 13
12 14
12 15
12 22
12 23
12 24
12 34
12 50
12 60
12 64
12 65
12 71
12 75
12 76
12 87
12 88
12 89
12 92
12 93
13 13
13 14
13 15
13 17
13 28
13 29
13 45
13 60
13 61
13 65
13 75
13 83
13 92
13 93
13 100
14 14
14 15
14 17
14 20
14 22
14 26
14 28
14 60
14 64
14 70
14 75
14 82
14 83
14 84
14 93
15 15
15 17
15 26
15 28
15 29
15 60
15 61
15 65
15 82
15 83
15 92
15 93
15 100
15 114
16 16
16 17
16 19
16 28
16 37
16 40
16 41
16 56
16 57
16 62
16 63
16 72
16 73
16 74
16 75
16 80
16 81
16 84
16 85
16 109
16 111
17 17
17 28
17 29
17 37
17 40
17 41
17 56
17 57
17 63
17 71
17 72
17 73
17 74
17 75
17 77
17 78
17 80
17 81
17 82
17 83
18 18
18 19
18 20
18 30
18 32
18 46
18 55
18 57
18 58
18 59
18 62
18 63
18 66
18 68
18 69
18 73
18 79
18 91
18 99
18 101
18 102
18 105
18 106
18 111
19 19
19 20
19 21
19 30
19 33
19 41
19 56
19 57
19 62
19 63
19 68
19 69
19 71
19 73
19 74
19 81
19 83
19 86
19 94
19 105
19 106
19 107
19 108
19 110
19 111
20 20
20 21
20 22
20 25
20 26
20 27
20 30
20 31
20 32
20 37
20 53
20 54
20 57
20 69
20 74
20 75
20 105
21 21
21 23
21 25
21 26
21 27
21 30
21 31
21 37
21 39
21 52
21 53
21 69
21 71
21 74
21 75
21 94
21 105
21 114
22 22
22 23
22 25
22 26
22 27
22 30
22 31
22 34
22 42
22 43
22 44
22 47
22 50
22 53
22 54
22 64
22 75
22 84
22 85
22 88
22 89
22 91
22 93
22 110
23 23
23 25
23 27
23 34
23 38
23 39
23 42
23 43
23 44
23 47
23 48
23 50
23 53
23 54
23 64
23 69
23 71
23 75
23 84
23 85
23 88
23 89
23 93
23 110
24 24
24 25
24 26
24 27
24 30
24 31
24 32
24 46
24 51
24 64
24 65
24 67
24 96
25 25
25 26
25 27
25 30
25 31
25 34
25 43
25 47
25 64
25 65
25 69
25 88
25 89
25 115
26 26
26 27
26 30
26 31
26 64
26 69
26 74
26 101
26 103
26 104
26 105
27 27
27 30
27 39
27 43
27 44
27 47
27 48
27 50
27 54
27 64
27 68
27 88
27 89
27 94
27 96
27 103
27 104
27 105
27 110
27 111
27 115
28 28
28 29
28 32
28 33
28 40
28 45
28 62
28 70
28 72
28 78
28 80
28 81
28 82
28 83
29 29
29 36
29 57
29 59
29 60
29 61
29 62
29 63
29 70
29 72
29 77
29 79
29 80
29 81
29 82
29 83
29 95
29 97
29 102
30 30
30 31
30 33
30 42
30 66
30 67
30 69
30 70
30 71
30 74
30 94
31 31
31 32
31 33
31 34
31 70
31 71
31 72
31 74
31 75
31 82
32 32
32 33
32 35
32 44
32 45
32 46
32 47
32 54
32 62
32 66
32 67
32 72
32 78
32 80
32 81
32 96
33 33
33 34
33 35
33 45
33 62
33 67
33 68
33 72
33 78
33 79
33 80
33 81
33 86
33 96
33 110
34 34
34 35
34 38
34 44
34 64
34 70
34 71
34 76
34 77
34 84
34 85
34 88
34 89
34 110
34 111
35 35
35 40
35 43
35 44
35 45
35 47
35 51
35 65
35 67
35 78
35 80
35 84
35 88
35 96
36 36
36 38
36 55
36 62
36 68
36 70
36 72
36 77
36 79
36 80
36 81
36 82
36 86
36 95
36 97
36 99
36 108
36 109
37 37
37 39
37 40
37 41
37 53
37 54
37 57
37 71
37 74
37 75
37 76
37 77
37 78
37 84
37 94
37 113
37 114
38 38
38 39
38 41
38 42
38 43
38 46
38 47
38 50
38 54
38 55
38 56
38 68
38 70
38 71
38 73
38 76
38 77
38 84
38 85
38 86
38 87
38 88
38 89
38 94
38 95
38 96
38 97
38 98
38 99
38 106
38 107
38 108
38 110
38 111
38 113
39 39
39 41
39 42
39 43
39 46
39 47
39 50
39 53
39 54
39 55
39 68
39 71
39 76
39 77
39 84
39 85
39 86
39 87
39 88
39 89
39 94
39 96
39 98
39 99
39 110
39 111
40 40
40 41
40 44
40 45
40 72
40 73
40 78
40 79
40 80
40 81
40 85
41 41
41 56
41 57
41 71
41 73
41 74
41 75
41 76
41 78
41 109
42 42
42 43
42 46
42 47
42 53
42 54
42 55
42 68
42 69
42 74
42 76
42 79
42 84
42 85
42 86
42 88
42 89
42 94
42 96
42 98
42 99
42 110
42 111
43 43
43 44
43 45
43 46
43 47
43 50
43 51
43 54
43 55
43 56
43 64
43 67
43 68
43 84
43 85
43 88
43 89
43 94
43 96
43 110
43 111
44 44
44 45
44 47
44 48
44 49
44 50
44 51
44 67
44 75
44 78
44 84
44 85
44 88
45 45
45 47
45 49
45 51
45 66
45 67
45 78
45 80
45 85
46 46
46 47
46 50
46 51
46 53
46 54
46 55
46 66
46 96
46 97
46 98
46 99
46 110
46 111
47 47
47 50
47 51
47 54
47 55
47 64
47 67
47 68
47 69
47 74
47 84
47 85
47 86
47 88
47 89
47 96
47 98
47 99
47 110
47 111
48 48
48 49
48 50
48 51
48 52
48 53
48 58
48 59
48 65
48 89
48 91
48 92
48 93
48 100
48 112
48 113
48 115
49 49
49 50
49 51
49 52
49 53
49 58
49 59
49 95
49 100
49 101
49 103
49 104
49 112
49 113
49 115
50 50
50 51
50 52
50 53
50 54
50 55
50 64
50 65
50 84
50 85
50 88
50 89
50 93
50 96
50 110
51 51
51 55
51 65
51 67
51 96
51 97
51 98
51 99
52 52
52 53
52 55
52 58
52 59
52 61
52 63
52 89
52 90
52 91
52 98
52 99
52 105
53 53
53 54
53 57
53 58
53 71
53 75
53 76
53 88
53 89
53 90
53 91
53 93
53 98
53 99
53 101
53 110
53 111
53 112
53 113
54 54
54 55
54 68
54 69
54 76
54 85
54 86
54 87
54 88
54 89
54 91
54 96
54 98
54 99
54 110
54 111
55 55
55 56
55 68
55 69
55 77
55 79
55 86
55 89
55 95
55 96
55 97
55 98
55 99
55 106
55 108
55 110
55 111
56 56
56 57
56 68
56 71
56 72
56 73
56 74
56 79
56 80
56 81
56 95
56 97
56 98
56 99
56 108
56 110
56 111
57 57
57 62
57 63
57 68
57 71
57 73
57 74
57 78
57 79
57 80
57 81
57 91
57 97
57 98
57 99
57 109
57 110
57 111
58 58
58 59
58 60
58 61
58 62
58 63
58 66
58 90
58 91
58 98
58 99
58 100
58 101
58 102
58 105
58 115
59 59
59 60
59 61
59 62
59 63
59 66
59 81
59 90
59 91
59 100
59 101
59 102
59 103
59 104
59 105
59 114
59 115
60 60
60 61
60 62
60 63
60 64
60 65
60 92
60 100
60 105
60 114
60 115
61 61
61 62
61 63
61 65
61 83
61 90
61 91
61 92
61 100
61 102
61 105
61 114
62 62
62 63
62 66
62 72
62 79
62 80
62 81
62 83
62 101
62 102
62 103
62 104
63 63
63 66
63 72
63 80
63 81
63 90
63 91
63 101
63 102
64 64
64 65
64 84
64 85
64 88
64 89
64 93
64 110
65 65
65 88
65 92
65 93
65 100
66 66
66 67
66 72
66 80
66 81
66 101
66 102
66 103
66 104
67 67
67 69
67 80
67 85
68 68
68 69
68 73
68 74
68 79
68 85
68 86
68 88
68 97
68 99
68 106
68 110
68 111
69 69
69 86
69 88
69 105
69 106
69 110
70 70
70 71
70 72
70 73
70 75
70 76
70 77
70 79
70 92
70 93
70 107
71 71
71 73
71 74
71 75
71 76
71 77
71 89
71 93
71 94
71 106
71 107
71 110
71 111
72 72
72 74
72 78
72 79
72 80
72 81
72 82
72 83
72 102
73 73
73 74
73 75
73 76
73 77
73 79
73 91
73 93
73 95
73 97
73 99
73 109
73 110
73 111
74 74
74 75
74 76
74 111
75 75
75 76
75 77
75 92
75 93
75 111
76 76
76 77
76 79
76 86
76 87
76 89
76 93
76 94
76 98
76 99
76 107
76 108
76 110
76 111
76 113
77 77
77 79
77 86
77 87
77 93
77 94
77 95
77 97
77 98
77 99
77 107
77 108
77 110
77 111
77 114
78 78
78 79
78 80
78 81
78 103
79 79
79 80
79 81
79 86
79 95
79 97
79 99
79 106
79 108
79 109
80 80
80 81
80 82
80 83
80 104
81 81
81 83
81 102
81 109
82 82
82 83
82 84
82 87
82 103
82 114
82 115
83 83
83 84
83 87
83 92
83 94
83 107
83 108
83 114
84 84
84 85
84 87
84 88
84 89
84 93
84 94
84 107
84 110
85 85
85 87
85 88
85 89
85 94
85 107
85 108
85 110
86 86
86 88
86 89
86 97
86 99
86 106
86 110
87 87
87 88
87 89
87 94
87 107
87 108
88 88
88 89
88 93
88 96
88 110
89 89
89 93
89 94
89 106
89 107
89 110
90 90
90 91
90 92
90 98
90 100
90 105
90 112
91 91
91 93
91 98
91 99
91 101
91 102
91 105
91 111
91 112
92 92
92 93
92 100
92 102
93 93
93 100
93 101
93 107
93 112
93 113
94 94
94 106
94 107
94 108
94 110
94 113
94 114
94 115
95 95
95 97
95 99
95 108
95 109
95 115
96 96
96 97
96 98
96 99
96 109
96 110
96 111
97 97
97 98
97 99
97 108
97 109
97 110
97 111
97 113
98 98
98 99
98 110
98 111
98 112
99 99
99 101
99 110
99 111
99 112
100 100
100 101
100 102
101 101
101 102
101 103
101 104
101 111
101 112
101 113
102 102
102 103
102 104
102 105
102 112
102 114
103 103
103 104
103 105
103 109
103 112
103 115
104 104
104 105
104 109
104 112
104 113
104 114
104 115
105 105
105 106
105 107
105 112
105 114
105 115
106 106
106 107
106 108
106 110
106 115
107 107
107 108
107 114
107 115
108 108
108 110
108 111
108 113
108 114
108 115
109 109
109 111
109 112
109 113
110 110
110 111
111 111
111 112
111 113
112 112
112 113
112 114
112 115
113 113
113 114
114 114
114 115
115 115
