0 0
0 1
0 4
0 8
0 12
0 13
0 16
0 17
0 28
0 29
0 32
0 56
0 58
0 59
0 60
0 61
0 62
0 63
0 66
0 68
0 72
0 73
0 74
0 75
0 76
0 78
0 79
0 80
0 101
1 1
1 13
1 16
1 17
1 18
1 19
1 28
1 29
1 32
1 41
1 52
1 56
1 57
1 58
1 59
1 60
1 61
1 62
1 63
1 66
1 68
1 70
1 71
1 72
1 73
1 74
1 75
1 76
1 78
1 79
1 80
1 81
1 98
1 101
1 103
1 106
2 2
2 3
2 4
2 6
2 7
2 10
2 12
2 13
2 22
2 23
2 34
2 35
2 44
2 45
2 48
2 64
2 65
2 67
3 3
3 5
3 6
3 7
3 11
3 14
3 15
3 22
3 23
3 25
3 27
3 34
3 35
3 64
3 65
3 67
3 84
3 87
3 91
3 92
3 93
3 113
4 4
4 5
4 6
4 8
4 9
4 12
4 17
4 24
4 36
4 38
4 39
4 54
4 55
4 58
4 59
4 60
4 61
4 63
4 88
4 89
4 101
4 108
5 5
5 8
5 9
5 22
5 23
5 25
5 36
5 37
5 91
5 92
5 93
5 95
5 104
5 105
5 107
5 113
5 114
6 6
6 7
6 8
6 10
6 12
6 22
6 23
6 34
6 35
6 48
6 64
6 65
7 7
7 10
7 11
7 12
7 13
7 14
7 15
7 18
7 22
7 35
7 64
7 65
7 67
7 83
7 92
8 8
8 9
8 16
8 24
8 36
8 38
8 39
8 54
8 55
8 58
8 59
8 60
8 61
8 63
8 66
8 88
8 89
8 104
8 108
9 9
9 17
9 24
9 36
9 58
9 59
9 61
9 65
9 66
9 88
9 89
9 100
9 101
9 104
10 10
10 11
10 12
10 13
10 16
10 17
10 22
10 48
10 58
10 65
10 88
10 89
10 91
11 11
11 12
11 13
11 15
11 16
11 17
11 28
11 29
11 61
11 65
11 70
11 72
11 73
11 74
11 75
11 83
12 12
12 13
12 16
12 17
12 28
12 29
12 35
12 48
12 58
12 60
12 61
12 65
12 72
13 13
13 15
13 16
13 17
13 28
13 29
13 41
13 58
13 60
13 61
13 65
13 70
13 72
13 73
13 74
13 75
14 14
14 15
14 18
14 20
14 21
14 22
14 23
14 25
14 27
14 28
14 30
14 31
14 33
14 64
14 71
14 82
14 83
14 84
14 85
14 87
14 92
14 93
14 106
15 15
15 18
15 19
15 21
15 25
15 26
15 27
15 28
15 29
15 30
15 31
15 33
15 35
15 41
15 64
15 65
15 70
15 71
15 72
15 73
15 74
15 75
15 82
15 83
15 84
15 85
15 87
15 92
15 106
16 16
16 17
16 28
16 29
16 32
16 41
16 52
16 56
16 57
16 58
16 59
16 60
16 61
16 62
16 63
16 72
16 73
16 74
16 75
16 76
16 78
16 79
16 80
16 81
16 98
16 101
17 17
17 19
17 28
17 29
17 32
17 41
17 56
17 57
17 58
17 59
17 60
17 61
17 62
17 63
17 72
17 73
17 74
17 75
17 76
17 78
17 79
17 80
17 81
17 98
17 101
17 112
18 18
18 20
18 21
18 27
18 28
18 29
18 30
18 31
18 32
18 33
18 35
18 40
18 60
18 64
18 70
18 71
18 72
18 73
18 74
18 75
18 76
18 82
18 83
18 84
19 19
19 28
19 29
19 30
19 31
19 33
19 41
19 53
19 69
19 70
19 71
19 72
19 73
19 74
19 75
19 77
19 83
19 98
19 101
19 103
19 111
20 20
20 21
20 24
20 25
20 26
20 27
20 30
20 31
20 39
20 64
20 66
20 84
20 87
20 96
21 21
21 25
21 26
21 27
21 30
21 31
21 33
21 34
21 50
21 64
21 71
21 77
21 82
21 83
21 84
21 85
21 86
21 87
21 96
21 109
22 22
22 23
22 24
22 25
22 27
22 34
22 35
22 42
22 48
22 64
22 67
22 82
22 85
22 87
22 91
22 92
22 93
23 23
23 25
23 27
23 31
23 34
23 35
23 47
23 64
23 67
23 82
23 83
23 84
23 85
23 86
23 87
23 91
23 92
23 93
23 110
23 113
24 24
24 25
24 26
24 34
24 36
24 38
24 39
24 43
24 44
24 45
24 49
24 54
24 55
24 64
24 67
24 94
24 95
24 96
24 105
25 25
25 26
25 27
25 31
25 33
25 34
25 35
25 42
25 64
25 67
25 82
25 83
25 84
25 85
25 86
25 87
25 92
25 93
25 96
25 109
25 110
25 113
26 26
26 27
26 30
26 31
26 33
26 64
26 71
26 84
27 27
27 30
27 31
27 33
27 34
27 35
27 64
27 67
27 71
27 82
27 83
27 84
27 85
27 86
27 87
27 92
27 93
27 110
27 113
28 28
28 29
28 30
28 31
28 32
28 33
28 41
28 50
28 51
28 52
28 57
28 60
28 62
28 70
28 71
28 72
28 73
28 74
28 75
28 76
28 80
28 81
28 82
28 83
28 98
28 106
29 29
29 30
29 31
29 32
29 33
29 41
29 50
29 52
29 57
29 60
29 61
29 62
29 63
29 70
29 71
29 72
29 73
29 74
29 75
29 76
29 77
29 78
29 79
29 80
29 81
29 83
29 98
30 30
30 31
30 32
30 33
30 50
30 64
30 70
30 71
30 72
30 73
30 75
30 77
30 82
30 83
30 84
30 86
30 106
31 31
31 32
31 33
31 34
31 35
31 50
31 64
31 70
31 71
31 72
31 73
31 75
31 82
31 83
31 84
31 85
31 86
31 87
32 32
32 33
32 40
32 41
32 58
32 59
32 60
32 61
32 62
32 63
32 66
32 68
32 71
32 72
32 73
32 74
32 75
32 76
32 79
32 80
32 81
32 98
33 33
33 34
33 35
33 50
33 64
33 70
33 71
33 72
33 73
33 74
33 75
33 76
33 77
33 81
33 82
33 83
33 84
33 85
33 86
33 87
33 106
34 34
34 35
34 44
34 45
34 48
34 51
34 64
34 67
34 82
34 87
34 96
35 35
35 42
35 43
35 44
35 45
35 47
35 64
35 67
35 82
35 110
36 36
36 37
36 38
36 39
36 40
36 54
36 55
36 59
36 66
36 88
36 89
36 94
36 95
36 96
36 97
36 104
36 105
36 108
36 109
36 114
36 115
37 37
37 38
37 39
37 46
37 54
37 55
37 88
37 89
37 94
37 95
37 96
37 97
37 99
37 104
37 105
37 108
37 109
37 114
37 115
38 38
38 39
38 40
38 54
38 55
38 58
38 59
38 66
38 88
38 89
38 94
38 95
38 96
38 97
38 104
38 105
38 108
38 109
38 114
38 115
39 39
39 46
39 54
39 55
39 59
39 88
39 89
39 94
39 95
39 96
39 97
39 104
39 105
39 108
39 109
39 114
39 115
40 40
40 50
40 54
40 66
40 72
40 82
40 109
41 41
41 50
41 51
41 52
41 57
41 61
41 63
41 70
41 71
41 72
41 73
41 74
41 75
41 76
41 77
41 78
41 79
41 81
41 82
41 83
41 98
42 42
42 43
42 44
42 45
42 46
42 47
42 48
42 49
42 51
42 67
42 96
42 110
42 111
43 43
43 44
43 45
43 46
43 47
43 49
43 55
43 67
43 96
43 111
44 44
44 45
44 46
44 47
44 48
44 49
44 51
44 55
44 96
44 98
45 45
45 46
45 47
45 48
45 49
45 67
45 96
46 46
46 47
46 48
46 49
46 51
46 53
46 55
46 57
46 94
46 95
46 96
46 97
46 98
46 104
46 105
46 109
46 110
46 111
46 112
46 115
47 47
47 67
47 90
47 91
47 92
47 93
47 96
47 99
47 100
47 104
47 107
47 110
47 111
47 113
48 48
48 49
48 50
48 51
48 52
48 53
49 49
49 51
49 55
49 96
49 98
50 50
50 51
50 52
50 53
50 57
50 72
50 75
50 78
50 81
50 83
50 85
50 86
51 51
51 52
51 53
51 55
51 57
51 85
52 52
52 53
52 57
52 58
52 61
52 69
52 72
52 78
52 79
52 81
52 89
53 53
53 57
53 83
53 85
53 89
54 54
54 55
54 58
54 59
54 66
54 88
54 89
54 94
54 95
54 96
54 97
54 104
54 105
54 108
54 109
54 114
54 115
55 55
55 59
55 88
55 89
55 94
55 95
55 96
55 97
55 104
55 105
55 108
55 109
55 114
55 115
56 56
56 57
56 58
56 60
56 62
56 63
56 68
56 73
56 74
56 75
56 76
56 78
56 80
56 81
56 89
56 99
56 101
57 57
57 62
57 63
57 72
57 73
57 74
57 75
57 76
57 78
57 79
57 80
57 81
57 98
57 111
57 112
58 58
58 59
58 60
58 61
58 62
58 63
58 66
58 68
58 69
58 79
58 80
58 88
58 89
58 99
58 100
58 101
58 102
58 103
59 59
59 60
59 61
59 62
59 63
59 66
59 79
59 80
59 88
59 89
59 98
59 100
59 101
59 102
59 103
59 104
59 108
60 60
60 61
60 62
60 63
60 65
60 66
60 72
60 73
60 74
60 75
60 76
60 79
60 80
60 81
61 61
61 62
61 63
61 65
61 66
61 68
61 73
61 74
61 78
61 79
61 80
61 81
61 88
61 89
61 100
61 101
62 62
62 63
62 66
62 68
62 72
62 73
62 74
62 75
62 76
62 78
62 79
62 80
62 81
62 98
62 101
63 63
63 66
63 68
63 72
63 73
63 74
63 76
63 78
63 79
63 80
63 81
63 98
63 101
64 64
64 65
64 67
64 82
64 83
64 84
64 85
64 86
64 87
64 92
65 65
65 67
65 92
66 66
66 68
66 79
67 67
67 91
67 92
67 93
67 102
67 110
68 68
68 69
68 80
68 81
68 99
68 101
68 103
69 69
69 90
69 97
69 101
69 102
69 103
69 104
70 70
70 71
70 72
70 73
70 74
70 75
70 77
70 80
70 81
70 83
70 103
70 106
71 71
71 72
71 73
71 74
71 75
71 77
71 81
71 82
71 83
71 84
71 85
71 86
71 87
71 98
71 106
71 107
72 72
72 73
72 74
72 75
72 76
72 77
72 79
72 80
72 81
72 82
72 83
72 98
73 73
73 74
73 75
73 76
73 77
73 79
73 80
73 81
73 83
73 84
73 98
74 74
74 75
74 76
74 77
74 78
74 79
74 80
74 81
74 98
75 75
75 76
75 77
75 79
75 80
75 81
75 83
75 84
75 85
75 98
76 76
76 77
76 78
76 79
76 81
76 98
77 77
77 81
77 82
77 87
77 96
77 97
77 106
77 109
77 111
78 78
78 79
78 80
78 81
78 101
78 105
79 79
79 80
79 81
79 98
80 80
80 81
80 98
80 101
80 103
81 81
81 98
82 82
82 83
82 84
82 85
82 86
82 87
82 106
83 83
83 84
83 85
83 86
83 87
83 92
83 106
84 84
84 85
84 86
84 87
84 92
85 85
85 86
85 87
85 92
86 86
86 87
86 113
87 87
87 92
87 93
87 112
87 113
88 88
88 89
88 95
88 108
88 115
89 89
89 90
89 91
89 95
89 97
89 100
89 101
89 102
89 104
89 108
89 114
89 115
90 90
90 91
90 92
90 93
90 99
90 100
90 101
90 102
90 103
90 104
90 110
90 111
90 113
91 91
91 92
91 93
91 99
91 100
91 101
91 102
91 103
91 104
91 108
91 110
91 113
92 92
92 93
92 102
92 103
92 104
92 110
92 113
92 114
93 93
93 100
93 101
93 102
93 103
93 104
93 110
93 113
94 94
94 95
94 96
94 97
94 99
94 100
94 104
94 105
94 108
94 109
94 110
94 112
94 113
94 114
94 115
95 95
95 96
95 97
95 104
95 105
95 108
95 109
95 110
95 112
95 113
95 114
95 115
96 96
96 97
96 98
96 104
96 105
96 108
96 109
96 110
96 111
96 112
96 113
96 114
96 115
97 97
97 99
97 104
97 105
97 107
97 108
97 109
97 110
97 111
97 112
97 113
97 114
97 115
98 98
98 111
98 112
99 99
99 100
99 101
99 102
99 103
99 104
99 107
99 108
99 110
99 111
99 113
99 115
100 100
100 101
100 102
100 103
100 104
100 106
100 108
100 110
100 111
100 112
100 113
101 101
101 102
101 103
101 104
101 105
101 112
102 102
102 103
102 104
102 106
102 110
102 111
103 103
103 104
103 106
103 107
103 111
104 104
104 105
104 108
104 109
104 110
104 111
104 112
104 113
104 114
104 115
105 105
105 108
105 112
105 113
105 114
105 115
106 106
106 107
106 110
107 107
107 110
107 113
108 108
108 109
108 110
108 111
108 113
108 114
108 115
109 109
109 110
109 114
109 115
110 110
110 111
110 113
110 114
110 115
111 111
111 112
111 113
112 112
112 113
112 114
112 115
113 113
113 114
113 115
114 114
114 115
115 115
