0 0
0 1
0 10
0 12
0 16
0 52
0 56
0 57
0 58
0 60
0 61
0 62
0 63
0 68
0 80
0 89
1 1
1 17
1 19
1 56
1 57
1 58
1 59
1 61
1 62
1 63
1 68
1 69
1 80
1 81
1 83
2 2
2 3
2 4
2 6
2 7
2 12
2 14
2 18
2 20
2 21
2 22
2 23
2 24
2 26
2 30
2 31
2 48
2 82
2 104
3 3
3 4
3 6
3 7
3 9
3 14
3 15
3 18
3 19
3 21
3 22
3 23
3 25
3 26
3 27
3 30
3 31
3 82
3 90
3 91
3 92
3 103
3 104
3 105
3 106
4 4
4 5
4 6
4 8
4 9
4 19
4 23
4 24
4 25
4 26
4 27
4 69
4 90
4 91
4 92
4 103
4 105
5 5
5 8
5 9
5 23
5 24
5 25
5 26
5 27
5 39
5 90
5 91
5 92
5 105
5 114
6 6
6 7
6 10
6 12
6 18
6 20
6 21
6 22
6 30
6 31
6 44
6 48
6 104
7 7
7 9
7 15
7 18
7 19
7 21
7 23
7 30
7 31
7 33
7 91
7 103
8 8
8 19
8 23
8 24
8 25
8 26
8 27
8 34
8 58
8 64
8 68
8 69
8 82
8 88
8 89
8 90
8 91
8 92
8 105
9 9
9 23
9 25
9 31
9 64
9 65
10 10
10 11
10 12
10 13
10 14
10 15
10 16
10 20
10 21
10 22
10 28
10 29
10 30
10 31
10 32
10 33
10 48
10 50
10 53
10 60
10 62
10 70
10 71
10 72
10 73
10 112
11 11
11 12
11 13
11 15
11 16
11 17
11 20
11 22
11 28
11 29
11 32
11 36
11 53
11 54
11 63
11 71
11 72
11 73
11 74
11 75
11 76
11 83
11 85
12 12
12 13
12 14
12 15
12 18
12 20
12 21
12 22
12 28
12 29
12 30
12 31
12 48
12 50
12 51
12 52
12 60
12 72
12 73
12 74
12 82
12 86
13 13
13 14
13 15
13 16
13 20
13 21
13 22
13 28
13 29
13 30
13 31
13 32
13 48
13 71
13 72
13 73
13 74
13 112
14 14
14 15
14 16
14 18
14 20
14 21
14 22
14 26
14 27
14 28
14 30
14 31
14 36
14 40
14 70
14 71
14 72
14 73
14 75
14 82
14 83
14 84
15 15
15 16
15 20
15 21
15 22
15 28
15 29
15 30
15 31
15 36
15 56
15 70
15 71
15 72
15 73
15 83
15 112
16 16
16 17
16 20
16 28
16 29
16 30
16 31
16 32
16 33
16 53
16 56
16 57
16 60
16 62
16 63
16 70
16 72
16 73
16 74
16 75
16 76
16 77
16 78
16 79
16 80
16 81
16 83
16 84
17 17
17 28
17 29
17 32
17 34
17 36
17 38
17 46
17 51
17 53
17 54
17 55
17 56
17 57
17 60
17 61
17 62
17 63
17 72
17 73
17 74
17 75
17 76
17 77
17 78
17 79
17 80
17 81
17 84
17 85
17 101
18 18
18 19
18 22
18 23
18 30
18 31
18 33
18 64
18 70
18 71
18 73
18 75
18 76
18 82
18 88
18 106
18 107
19 19
19 23
19 25
19 33
19 47
19 57
19 68
19 69
19 80
19 82
19 83
19 90
19 91
19 92
19 102
19 103
19 104
19 105
19 107
19 110
20 20
20 21
20 22
20 24
20 26
20 27
20 28
20 29
20 30
20 31
20 36
20 37
20 40
20 41
20 50
20 53
20 54
20 70
20 71
20 72
20 73
20 74
20 75
20 84
20 86
20 112
21 21
21 22
21 24
21 25
21 26
21 27
21 30
21 31
21 50
22 22
22 23
22 24
22 26
22 27
22 28
22 30
22 31
22 36
22 40
22 70
22 71
22 72
22 73
22 74
22 75
22 82
22 84
22 86
22 88
23 23
23 24
23 25
23 26
23 27
23 31
23 67
23 69
23 82
23 83
23 88
23 90
23 91
23 92
23 103
23 104
23 105
24 24
24 25
24 26
24 27
24 35
24 37
24 38
24 41
24 82
24 86
24 87
24 88
25 25
25 26
25 27
25 34
25 35
25 38
25 39
25 82
25 87
25 88
25 110
26 26
26 27
26 38
26 39
26 82
26 86
26 87
26 88
26 89
26 114
27 27
27 34
27 38
27 39
27 82
27 85
27 86
27 87
27 88
27 89
27 110
28 28
28 29
28 30
28 31
28 32
28 36
28 38
28 40
28 41
28 53
28 54
28 56
28 63
28 70
28 71
28 72
28 73
28 74
28 75
28 76
28 78
28 79
28 81
28 83
28 84
28 85
28 86
28 95
28 109
29 29
29 30
29 31
29 32
29 36
29 37
29 40
29 41
29 42
29 44
29 46
29 53
29 54
29 55
29 56
29 62
29 63
29 71
29 72
29 73
29 74
29 75
29 76
29 78
29 79
29 81
29 83
29 84
29 85
29 95
29 112
29 113
30 30
30 31
30 32
30 33
30 36
30 40
30 70
30 71
30 72
30 73
30 74
30 75
30 83
31 31
31 32
31 33
31 40
31 70
31 71
31 72
31 73
31 74
31 75
31 76
31 82
31 83
32 32
32 33
32 36
32 37
32 40
32 41
32 42
32 44
32 55
32 56
32 60
32 62
32 63
32 72
32 73
32 74
32 75
32 76
32 77
32 78
32 79
32 85
32 95
33 33
33 70
33 71
33 72
33 73
33 75
33 76
33 77
33 79
33 80
33 82
33 83
34 34
34 35
34 38
34 39
34 64
34 65
34 77
34 79
34 84
34 85
34 86
34 87
34 88
34 89
34 101
34 110
35 35
35 38
35 39
35 47
35 65
35 67
35 77
35 87
35 91
35 110
36 36
36 37
36 38
36 39
36 40
36 41
36 54
36 55
36 70
36 71
36 72
36 73
36 74
36 75
36 76
36 77
36 78
36 79
36 81
36 83
36 84
36 85
36 87
36 94
36 95
36 96
36 101
36 115
37 37
37 38
37 39
37 40
37 41
37 54
37 55
37 60
37 72
37 73
37 74
37 75
37 76
37 77
37 84
37 85
37 86
37 87
37 88
37 89
37 95
37 96
37 97
37 99
37 115
38 38
38 39
38 40
38 41
38 54
38 55
38 72
38 73
38 74
38 75
38 76
38 77
38 79
38 82
38 84
38 85
38 86
38 87
38 88
38 89
38 95
38 96
38 97
38 108
38 110
38 115
39 39
39 40
39 41
39 54
39 55
39 73
39 74
39 75
39 76
39 77
39 82
39 84
39 85
39 86
39 87
39 88
39 89
39 94
39 95
39 96
39 97
39 99
39 101
39 110
39 115
40 40
40 41
40 54
40 55
40 70
40 71
40 72
40 73
40 74
40 75
40 76
40 83
40 85
40 87
40 94
40 95
40 97
40 115
41 41
41 54
41 55
41 70
41 72
41 73
41 74
41 75
41 76
41 77
41 82
41 83
41 84
41 86
41 87
41 88
41 89
41 95
41 96
41 97
41 115
42 42
42 43
42 44
42 45
42 46
42 47
42 48
42 49
42 50
42 51
42 52
42 53
42 55
42 112
43 43
43 44
43 45
43 46
43 47
43 48
43 49
43 50
43 51
43 53
43 55
43 66
43 67
43 110
44 44
44 45
44 46
44 47
44 48
44 49
44 50
44 51
44 67
44 112
45 45
45 46
45 47
45 48
45 49
45 51
45 66
45 67
45 102
46 46
46 47
46 48
46 49
46 50
46 51
46 52
46 53
46 54
46 55
46 66
46 96
46 98
46 111
46 112
47 47
47 49
47 58
47 59
47 66
47 67
47 68
47 69
47 90
47 91
47 92
47 98
47 100
47 102
47 103
47 105
47 110
48 48
48 49
48 50
48 51
48 52
48 53
48 58
48 59
48 66
48 98
48 112
49 49
49 50
49 51
49 53
49 66
49 67
49 98
49 102
49 112
50 50
50 51
50 52
50 53
50 58
50 61
50 64
50 66
50 112
50 113
51 51
51 52
51 53
51 55
51 58
51 61
51 63
51 66
51 98
51 111
52 52
52 53
52 58
52 60
52 61
52 62
52 98
52 111
52 112
52 113
53 53
53 54
53 55
53 61
53 74
53 111
53 112
53 113
54 54
54 55
54 60
54 72
54 73
54 74
54 75
54 76
54 77
54 78
54 79
54 84
54 85
54 86
54 87
54 88
54 89
54 95
54 96
54 97
54 113
54 115
55 55
55 60
55 61
55 73
55 74
55 76
55 77
55 84
55 85
55 86
55 87
55 89
55 95
55 96
55 97
55 99
55 111
55 113
55 115
56 56
56 57
56 62
56 63
56 68
56 72
56 73
56 74
56 75
56 76
56 77
56 78
56 79
56 80
56 81
56 83
56 99
56 112
56 113
57 57
57 59
57 61
57 62
57 63
57 66
57 68
57 69
57 78
57 79
57 80
57 81
57 93
57 98
57 101
57 102
57 103
58 58
58 59
58 60
58 61
58 62
58 66
58 67
58 68
58 69
58 98
59 59
59 61
59 62
59 66
59 67
59 68
59 69
59 90
59 91
59 98
59 102
59 103
59 104
59 105
60 60
60 61
60 62
60 63
60 64
60 66
60 72
60 73
60 74
60 76
60 77
60 78
60 79
60 85
60 89
60 101
61 61
61 62
61 63
61 64
61 65
61 85
61 89
61 111
62 62
62 63
62 72
62 76
62 77
62 78
62 79
62 80
62 81
63 63
63 72
63 74
63 76
63 78
63 79
63 81
63 85
64 64
64 65
64 82
64 84
64 87
64 88
64 89
65 65
65 85
65 89
65 110
65 111
66 66
66 67
66 68
66 69
66 90
66 91
66 98
66 102
66 103
66 105
66 110
67 67
67 69
67 90
67 91
67 92
67 102
67 103
67 104
67 105
67 110
68 68
68 69
68 79
68 80
68 81
68 90
68 91
68 92
68 93
68 98
68 101
68 102
68 103
68 105
68 110
69 69
69 90
69 91
69 92
69 98
69 102
69 103
69 104
69 105
69 107
69 110
70 70
70 71
70 72
70 73
70 74
70 75
70 76
70 77
70 80
70 82
70 83
71 71
71 72
71 73
71 74
71 75
71 76
71 77
71 82
71 83
72 72
72 73
72 74
72 75
72 76
72 77
72 78
72 79
72 83
72 84
72 85
72 95
73 73
73 74
73 75
73 76
73 77
73 78
73 79
73 82
73 83
73 84
73 85
73 86
73 87
73 95
73 96
74 74
74 75
74 76
74 77
74 78
74 79
74 84
74 85
74 86
74 87
74 95
74 96
74 97
74 115
75 75
75 76
75 77
75 78
75 79
75 80
75 81
75 82
75 83
75 84
75 85
75 86
75 87
75 95
75 115
76 76
76 77
76 78
76 79
76 80
76 81
76 82
76 83
76 84
76 85
76 86
76 87
76 88
76 89
76 95
76 96
76 97
76 101
76 113
77 77
77 78
77 79
77 80
77 83
77 84
77 85
77 87
77 88
77 89
77 95
77 96
77 97
77 101
77 110
78 78
78 79
78 80
78 81
78 83
78 84
78 85
78 96
79 79
79 80
79 81
79 84
79 85
79 95
79 99
79 101
79 109
80 80
80 81
80 83
80 101
81 81
81 83
81 85
81 101
81 109
82 82
82 83
82 84
82 86
82 87
82 88
83 83
83 94
84 84
84 85
84 86
84 87
84 88
84 89
85 85
85 86
85 87
85 88
85 89
85 95
85 96
85 101
85 115
86 86
86 87
86 88
86 89
86 96
86 97
87 87
87 88
87 89
87 96
87 110
88 88
88 89
88 110
88 115
89 89
89 95
89 96
89 97
89 108
89 110
89 114
89 115
90 90
90 91
90 92
90 93
90 98
90 100
90 102
90 103
90 104
90 105
90 107
90 110
91 91
91 92
91 93
91 98
91 100
91 102
91 103
91 104
91 105
91 110
92 92
92 93
92 98
92 100
92 101
92 102
92 103
92 104
92 105
93 93
93 98
93 99
93 101
93 103
93 105
93 111
93 112
93 113
94 94
94 95
94 97
94 103
94 104
94 105
94 107
94 109
94 114
94 115
95 95
95 96
95 97
95 99
95 101
95 108
95 109
95 115
96 96
96 97
96 98
96 101
96 108
96 110
96 113
96 114
96 115
97 97
97 99
97 106
97 107
97 108
97 109
97 114
97 115
98 98
98 99
98 100
98 101
98 102
98 103
98 105
98 110
98 111
98 113
99 99
99 101
99 110
99 111
99 112
99 113
99 115
100 100
100 101
100 102
101 101
101 102
101 110
101 111
101 113
102 102
102 103
102 104
102 105
103 103
103 104
103 105
103 106
103 107
103 114
104 104
104 105
104 106
104 107
104 114
105 105
105 106
105 107
106 106
106 107
106 108
106 114
107 107
107 108
107 114
107 115
108 108
108 114
108 115
109 109
109 110
109 115
110 110
110 111
111 111
111 112
111 113
112 112
112 113
113 113
114 114
114 115
115 115
