0 0
0 2
0 6
0 18
0 32
0 48
0 50
0 52
0 56
0 60
0 62
0 64
0 91
1 1
1 19
1 35
1 68
1 69
1 91
1 92
1 93
2 2
2 4
2 5
2 6
2 7
2 8
2 9
2 23
2 24
2 25
2 26
2 35
2 48
2 50
2 56
2 60
2 64
2 67
2 68
2 69
2 90
2 91
2 92
2 93
2 100
2 101
2 102
2 103
2 104
3 3
3 7
3 10
3 11
3 12
3 13
3 14
3 15
3 20
3 21
3 22
3 23
3 27
3 28
3 29
3 30
3 31
3 36
3 37
3 38
3 39
3 40
3 41
3 54
3 70
3 71
3 72
3 73
3 74
3 75
3 79
3 87
3 95
3 114
3 115
4 4
4 5
4 6
4 7
4 8
4 9
4 14
4 23
4 24
4 25
4 26
4 27
4 48
4 50
4 58
4 59
4 67
4 68
4 69
4 86
4 88
4 90
4 91
4 92
4 93
4 100
4 101
4 102
4 103
4 104
5 5
5 7
5 8
5 9
5 14
5 15
5 23
5 24
5 25
5 26
5 27
5 35
5 48
5 58
5 59
5 66
5 67
5 68
5 69
5 90
5 91
5 92
5 93
5 100
5 101
5 102
5 103
5 104
5 106
6 6
6 7
6 8
6 9
6 23
6 35
6 50
6 62
6 67
6 91
6 92
6 93
7 7
7 9
7 23
7 35
7 67
7 90
7 92
7 93
7 100
7 103
8 8
8 9
8 14
8 23
8 24
8 25
8 26
8 27
8 35
8 58
8 66
8 67
8 68
8 69
8 88
8 90
8 91
8 92
8 93
8 100
8 101
8 102
8 103
8 104
8 106
9 9
9 14
9 15
9 23
9 24
9 48
9 58
9 67
9 68
9 69
9 90
9 91
9 92
9 93
9 100
9 103
10 10
10 11
10 12
10 13
10 15
10 16
10 17
10 22
10 28
10 29
10 30
10 31
10 36
10 37
10 41
10 55
10 70
10 71
10 72
10 73
10 74
10 75
10 76
10 77
10 78
10 79
10 80
10 81
10 95
10 97
10 114
10 115
11 11
11 12
11 13
11 17
11 28
11 29
11 30
11 31
11 37
11 41
11 55
11 65
11 70
11 71
11 72
11 73
11 74
11 75
11 76
11 77
11 79
11 81
11 83
11 85
11 87
11 95
11 97
11 109
11 114
11 115
12 12
12 13
12 15
12 16
12 17
12 20
12 21
12 22
12 28
12 29
12 30
12 31
12 36
12 37
12 39
12 41
12 70
12 71
12 72
12 73
12 74
12 75
12 76
12 77
12 79
12 81
12 83
12 107
12 114
12 115
13 13
13 15
13 17
13 22
13 29
13 30
13 31
13 37
13 39
13 41
13 65
13 70
13 71
13 72
13 73
13 74
13 75
13 76
13 77
13 79
13 81
13 83
13 87
13 95
13 107
13 114
13 115
14 14
14 15
14 19
14 23
14 24
14 25
14 26
14 27
14 38
14 54
14 58
14 64
14 68
14 82
14 86
14 88
14 90
14 92
14 103
14 104
14 106
15 15
15 20
15 21
15 22
15 29
15 30
15 31
15 36
15 37
15 39
15 40
15 41
15 70
15 71
15 72
15 73
15 79
15 82
15 83
15 97
15 107
15 114
16 16
16 17
16 28
16 29
16 30
16 31
16 36
16 53
16 62
16 63
16 72
16 73
16 74
16 76
16 78
16 79
16 80
16 81
16 84
16 99
17 17
17 22
17 28
17 29
17 30
17 31
17 36
17 37
17 41
17 46
17 49
17 53
17 55
17 57
17 63
17 65
17 70
17 71
17 72
17 73
17 74
17 75
17 76
17 77
17 78
17 79
17 80
17 81
17 85
17 95
17 96
17 97
17 99
17 109
17 111
17 112
17 114
17 115
18 18
18 19
18 32
18 50
18 56
18 60
18 62
18 64
19 19
19 35
19 38
19 50
19 52
19 54
19 56
19 62
19 68
19 69
19 82
19 84
19 86
19 88
19 90
19 110
20 20
20 21
20 22
20 25
20 26
20 27
20 29
20 30
20 31
20 36
20 37
20 41
20 70
20 71
20 72
20 73
20 74
20 75
20 83
20 106
21 21
21 22
21 25
21 26
21 27
21 30
21 38
21 40
21 41
21 70
21 71
21 83
22 22
22 23
22 27
22 28
22 29
22 30
22 31
22 36
22 37
22 38
22 39
22 41
22 70
22 71
22 72
22 73
22 74
22 75
22 79
22 106
22 114
23 23
23 24
23 25
23 35
23 68
23 90
23 92
23 110
24 24
24 25
24 26
24 58
24 67
24 69
24 88
24 93
25 25
25 26
25 27
25 35
25 38
25 48
25 50
25 68
25 69
25 88
25 90
25 100
25 102
25 104
25 110
26 26
26 27
26 38
26 58
26 86
26 88
26 90
26 100
26 101
26 102
26 103
26 104
27 27
27 38
27 50
27 54
27 56
27 86
27 88
27 90
27 102
27 104
28 28
28 29
28 30
28 31
28 33
28 36
28 37
28 40
28 41
28 53
28 55
28 57
28 63
28 70
28 71
28 72
28 73
28 74
28 75
28 76
28 77
28 78
28 79
28 80
28 81
28 95
28 97
28 99
28 114
28 115
29 29
29 30
29 31
29 34
29 36
29 37
29 39
29 40
29 41
29 55
29 63
29 70
29 71
29 72
29 73
29 74
29 75
29 76
29 77
29 78
29 79
29 80
29 81
29 83
29 85
29 95
29 96
29 97
29 99
29 109
29 111
29 114
29 115
30 30
30 31
30 36
30 37
30 41
30 70
30 71
30 72
30 73
30 74
30 75
30 76
30 77
30 79
30 81
30 83
30 114
30 115
31 31
31 36
31 37
31 41
31 45
31 70
31 71
31 72
31 73
31 74
31 75
31 76
31 77
31 79
31 80
31 81
31 83
31 99
31 114
32 32
32 33
32 42
32 43
32 44
32 46
32 47
32 50
32 60
32 62
32 78
33 33
33 34
33 35
33 76
33 78
33 95
33 110
34 34
34 35
34 37
34 39
34 73
34 76
34 79
34 95
34 96
34 111
34 114
35 35
35 48
35 67
35 68
35 69
35 90
35 91
35 92
35 93
35 102
35 103
35 108
35 110
36 36
36 37
36 38
36 39
36 40
36 41
36 54
36 55
36 70
36 71
36 72
36 73
36 74
36 75
36 76
36 77
36 79
36 80
36 81
36 82
36 83
36 95
36 96
36 97
36 114
36 115
37 37
37 39
37 40
37 41
37 55
37 70
37 71
37 72
37 73
37 74
37 75
37 76
37 77
37 79
37 81
37 83
37 85
37 87
37 95
37 96
37 97
37 99
37 105
37 108
37 109
37 111
37 113
37 114
37 115
38 38
38 39
38 54
38 66
38 88
38 90
38 96
38 104
38 106
39 39
39 41
39 54
39 55
39 66
39 71
39 73
39 83
39 87
39 94
39 95
39 96
39 104
39 105
39 108
39 114
39 115
40 40
40 55
40 72
40 74
40 75
40 82
40 83
40 89
40 95
40 97
40 108
40 109
41 41
41 55
41 70
41 71
41 72
41 73
41 74
41 75
41 76
41 77
41 79
41 81
41 82
41 83
41 95
41 96
41 97
41 98
41 111
41 114
41 115
42 42
42 43
42 44
42 45
42 46
42 47
42 48
42 49
42 98
42 99
42 111
42 112
43 43
43 44
43 45
43 46
43 47
43 49
43 51
43 53
43 63
43 98
43 99
43 111
43 112
44 44
44 45
44 46
44 47
44 48
44 49
44 51
44 59
44 61
44 98
44 111
44 112
45 45
45 46
45 47
45 49
45 51
45 59
45 61
45 65
45 67
45 98
45 111
45 112
46 46
46 47
46 49
46 53
46 63
46 72
46 73
46 74
46 76
46 77
46 79
46 96
46 98
46 99
46 111
46 112
47 47
47 48
47 49
47 51
47 53
47 98
47 99
48 48
48 50
48 52
48 58
48 59
48 60
48 67
48 69
48 90
48 91
48 92
48 93
48 100
48 101
48 102
48 103
48 104
49 49
49 51
49 53
49 61
49 63
49 65
49 72
49 73
49 75
49 76
49 79
49 98
49 99
49 111
49 112
50 50
50 52
50 56
50 60
50 62
50 64
50 68
50 69
50 86
50 88
50 90
50 91
50 92
50 93
50 100
50 102
50 103
50 104
50 110
51 51
51 53
51 59
51 61
51 63
51 65
51 85
51 89
51 99
51 112
52 52
52 56
52 60
52 62
52 64
52 88
52 91
52 110
53 53
53 62
53 63
53 72
53 74
53 76
53 78
53 80
53 81
53 85
53 99
54 54
54 55
54 87
54 88
54 94
54 95
54 96
54 104
54 105
54 114
55 55
55 71
55 72
55 73
55 74
55 75
55 76
55 79
55 81
55 83
55 85
55 87
55 89
55 94
55 95
55 96
55 97
55 99
55 105
55 108
55 109
55 111
55 114
55 115
56 56
56 60
56 62
56 64
56 68
56 86
56 88
56 90
56 91
57 57
57 63
57 75
57 78
57 81
57 87
57 99
57 115
58 58
58 59
58 60
58 66
58 67
58 68
58 86
58 87
58 89
58 90
58 93
58 100
58 101
58 102
58 103
58 104
59 59
59 61
59 66
59 67
59 68
59 86
59 91
59 92
59 93
59 100
59 101
59 102
59 103
60 60
60 62
60 64
60 86
61 61
61 63
61 65
61 101
62 62
62 63
62 64
62 78
62 80
62 84
63 63
63 65
63 72
63 73
63 74
63 75
63 76
63 77
63 78
63 79
63 80
63 81
63 99
63 112
63 115
64 64
64 88
64 90
65 65
65 75
65 79
65 85
65 89
66 66
66 67
66 68
66 87
66 100
66 102
66 103
66 104
67 67
67 68
67 69
67 90
67 91
67 92
67 93
67 100
67 101
67 102
67 103
67 104
68 68
68 69
68 86
68 90
68 91
68 92
68 93
68 100
68 101
68 102
68 103
68 104
68 110
69 69
69 90
69 91
69 92
69 93
69 100
69 101
69 102
69 103
69 104
69 110
70 70
70 71
70 72
70 73
70 74
70 75
70 76
70 77
70 79
70 83
70 114
71 71
71 72
71 73
71 74
71 75
71 76
71 77
71 79
71 81
71 83
71 85
71 96
71 97
71 114
71 115
72 72
72 73
72 74
72 75
72 76
72 77
72 78
72 79
72 80
72 81
72 83
72 85
72 97
72 99
72 114
72 115
73 73
73 74
73 75
73 76
73 77
73 78
73 79
73 80
73 81
73 83
73 95
73 96
73 97
73 99
73 111
73 112
73 114
73 115
74 74
74 75
74 76
74 77
74 78
74 79
74 80
74 81
74 83
74 97
74 99
74 111
74 114
74 115
75 75
75 76
75 77
75 78
75 79
75 80
75 81
75 83
75 85
75 97
75 99
75 109
75 111
75 112
75 114
75 115
76 76
76 77
76 78
76 79
76 80
76 81
76 85
76 95
76 96
76 97
76 99
76 109
76 111
76 112
76 114
76 115
77 77
77 78
77 79
77 80
77 81
77 82
77 83
77 95
77 96
77 97
77 109
77 111
77 112
77 114
77 115
78 78
78 79
78 80
78 81
78 84
78 95
78 97
78 99
78 109
78 114
78 115
79 79
79 80
79 81
79 85
79 95
79 97
79 99
79 109
79 111
79 114
79 115
80 80
80 81
80 82
80 84
80 96
80 97
81 81
81 85
81 95
81 97
81 99
81 109
81 115
82 82
82 83
82 84
82 96
83 83
83 87
83 95
83 97
83 107
83 108
84 84
85 85
85 89
85 97
86 86
86 87
86 88
86 90
86 91
86 93
86 101
87 87
87 89
87 95
87 96
87 97
87 105
87 107
87 109
88 88
88 90
88 104
89 89
90 90
90 91
90 92
90 93
90 100
90 102
90 103
90 104
90 110
91 91
91 92
91 93
91 100
91 101
91 102
91 103
91 104
91 110
92 92
92 93
92 100
92 101
92 102
92 103
92 104
92 110
93 93
93 100
93 101
93 102
93 103
93 104
94 94
94 95
94 96
94 97
94 105
94 107
94 108
94 109
94 110
94 113
94 114
94 115
95 95
95 96
95 97
95 99
95 105
95 107
95 108
95 109
95 110
95 113
95 114
95 115
96 96
96 97
96 98
96 99
96 108
96 109
96 110
96 111
96 114
96 115
97 97
97 99
97 107
97 108
97 109
97 110
97 113
97 114
97 115
98 98
98 99
98 111
98 112
99 99
99 109
99 111
99 112
99 115
100 100
100 101
100 102
100 103
100 104
101 101
101 102
101 103
102 102
102 103
102 104
102 106
103 103
103 104
103 105
103 106
103 107
104 104
104 105
104 106
104 107
105 105
105 107
105 108
105 114
105 115
106 106
107 107
107 108
107 109
107 115
108 108
108 109
108 110
108 113
108 114
108 115
109 109
109 113
109 114
109 115
110 110
111 111
111 112
112 112
112 115
113 113
113 114
113 115
114 114
114 115
115 115
