0 0
0 1
0 18
0 19
0 47
0 48
0 49
0 50
0 51
0 52
0 53
0 54
0 55
0 56
0 57
0 58
0 59
0 60
0 63
0 66
0 68
0 69
0 79
0 81
0 87
0 89
0 96
0 106
0 110
1 1
1 16
1 17
1 18
1 19
1 48
1 49
1 50
1 51
1 52
1 53
1 54
1 56
1 57
1 58
1 59
1 60
1 63
1 66
1 68
1 69
1 79
1 80
1 81
1 84
1 96
1 106
2 2
2 3
2 4
2 5
2 6
2 7
2 8
2 9
2 10
2 14
2 15
2 22
2 23
2 25
2 30
2 31
2 33
2 34
2 64
2 65
2 67
2 70
2 82
2 83
2 91
2 92
2 93
2 100
2 101
2 102
3 3
3 4
3 5
3 6
3 7
3 8
3 9
3 10
3 11
3 13
3 14
3 15
3 22
3 23
3 28
3 29
3 30
3 31
3 33
3 64
3 65
3 70
3 72
3 77
3 82
3 83
3 86
3 91
3 92
3 93
3 100
3 113
4 4
4 5
4 6
4 7
4 8
4 9
4 12
4 14
4 15
4 20
4 21
4 23
4 26
4 28
4 64
4 65
4 82
4 83
4 86
4 100
5 5
5 6
5 7
5 8
5 9
5 11
5 13
5 14
5 15
5 23
5 25
5 26
5 28
5 29
5 30
5 31
5 33
5 61
5 65
5 70
5 72
5 77
5 82
5 83
5 92
5 100
5 102
6 6
6 7
6 8
6 9
6 11
6 12
6 13
6 14
6 15
6 23
6 28
6 29
6 30
6 31
6 32
6 33
6 64
6 65
6 72
6 74
6 76
6 77
6 82
6 83
6 92
6 93
6 100
6 102
7 7
7 8
7 9
7 10
7 11
7 12
7 13
7 14
7 15
7 23
7 28
7 29
7 30
7 31
7 61
7 64
7 65
7 77
7 82
7 83
7 92
7 100
8 8
8 9
8 10
8 11
8 12
8 13
8 14
8 15
8 22
8 23
8 28
8 29
8 30
8 31
8 33
8 64
8 65
8 70
8 72
8 73
8 75
8 76
8 77
8 82
8 83
8 86
8 91
8 92
8 93
8 100
8 102
8 113
9 9
9 11
9 12
9 13
9 14
9 15
9 23
9 25
9 28
9 29
9 30
9 31
9 33
9 61
9 64
9 65
9 72
9 74
9 75
9 76
9 77
9 82
9 83
9 86
9 92
9 100
9 102
9 113
10 10
10 11
10 12
10 13
10 14
10 15
10 18
10 22
10 23
10 64
10 76
10 82
10 83
10 91
10 92
10 93
10 113
11 11
11 12
11 13
11 14
11 15
11 16
11 17
11 23
11 28
11 29
11 31
11 61
11 64
11 65
11 74
11 75
11 76
11 82
11 83
11 84
11 85
11 86
11 92
12 12
12 13
12 14
12 15
12 58
12 60
12 64
12 65
12 76
12 82
12 83
13 13
13 14
13 15
13 16
13 23
13 28
13 29
13 31
13 61
13 64
13 65
13 72
13 74
13 76
13 77
13 82
13 83
13 84
13 85
13 92
13 100
13 109
14 14
14 15
14 22
14 23
14 30
14 31
14 33
14 64
14 65
14 72
14 75
14 76
14 77
14 82
14 83
14 86
14 92
14 100
15 15
15 22
15 23
15 28
15 29
15 30
15 31
15 33
15 61
15 64
15 65
15 70
15 72
15 74
15 75
15 76
15 77
15 82
15 83
15 86
15 92
15 100
15 113
16 16
16 17
16 28
16 29
16 51
16 54
16 57
16 59
16 61
16 63
16 68
16 69
16 78
16 79
16 80
16 81
16 84
16 85
16 88
17 17
17 20
17 28
17 29
17 38
17 49
17 50
17 51
17 54
17 56
17 57
17 59
17 61
17 63
17 68
17 78
17 79
17 80
17 81
17 84
17 85
17 106
18 18
18 19
18 22
18 68
18 69
18 88
18 91
18 101
19 19
19 52
19 56
19 57
19 59
19 63
19 68
19 69
19 79
19 80
19 81
19 106
20 20
20 21
20 24
20 25
20 26
20 27
20 36
20 38
20 39
20 40
20 44
20 50
20 54
20 55
20 56
20 86
20 96
21 21
21 23
21 24
21 25
21 26
21 27
21 28
21 31
21 38
21 40
21 44
21 86
22 22
22 23
22 24
22 25
22 27
22 30
22 31
22 34
22 64
22 70
22 71
22 77
22 82
22 83
22 86
22 88
22 91
22 92
22 93
22 101
22 103
22 104
22 105
23 23
23 25
23 27
23 30
23 31
23 64
23 65
23 70
23 73
23 74
23 76
23 77
23 82
23 83
23 86
23 88
23 91
23 92
23 93
23 100
23 103
23 104
23 105
24 24
24 25
24 26
24 27
24 30
24 34
24 38
24 39
24 42
24 45
24 46
24 70
24 71
24 95
25 25
25 27
25 30
25 31
25 33
25 40
25 45
25 67
25 71
25 92
25 93
25 100
25 102
26 26
26 27
26 38
26 39
26 54
26 86
26 87
27 27
27 30
27 31
27 67
27 86
28 28
28 29
28 30
28 31
28 64
28 72
28 78
28 80
28 82
28 83
28 86
28 100
28 113
29 29
29 30
29 31
29 33
29 61
29 70
29 71
29 72
29 73
29 74
29 75
29 78
29 80
29 82
29 83
29 92
29 100
29 113
30 30
30 31
30 32
30 33
30 34
30 64
30 70
30 71
30 72
30 73
30 75
30 76
30 77
30 82
30 83
30 92
30 93
30 100
31 31
31 33
31 64
31 65
31 70
31 71
31 72
31 73
31 74
31 75
31 76
31 77
31 82
31 83
31 86
31 92
31 93
31 100
31 113
32 32
32 33
32 34
32 35
32 56
32 57
32 60
32 62
32 63
32 66
32 72
32 76
32 114
33 33
33 34
33 35
33 61
33 64
33 65
33 72
33 74
33 75
33 76
33 77
33 82
33 83
33 114
34 34
34 35
34 64
34 67
34 103
34 105
34 110
34 114
34 115
35 35
35 65
35 67
35 76
35 103
35 104
35 105
35 107
35 110
35 115
36 36
36 37
36 38
36 39
36 41
36 54
36 56
36 62
36 72
36 73
36 74
36 76
36 80
36 81
36 95
36 96
36 108
37 37
37 39
37 57
37 71
37 73
37 79
37 80
37 81
37 95
37 96
37 97
37 99
37 104
37 105
37 115
38 38
38 39
38 40
38 41
38 50
38 54
38 55
38 56
38 57
38 59
38 66
38 68
38 69
38 79
38 86
38 87
38 88
38 89
38 106
39 39
39 42
39 46
39 47
39 50
39 54
39 55
39 56
39 57
39 59
39 66
39 68
39 69
39 79
39 81
39 87
39 89
39 95
39 96
39 97
39 99
39 103
39 104
39 105
39 106
39 110
40 40
40 41
40 57
40 79
41 41
41 73
41 74
41 75
41 90
41 91
41 92
41 93
41 111
42 42
42 43
42 44
42 45
42 46
42 47
42 48
42 49
42 50
42 51
42 53
42 55
42 56
42 94
42 95
42 96
42 97
42 98
42 99
42 111
43 43
43 44
43 45
43 46
43 47
43 48
43 49
43 50
43 51
43 53
43 55
43 94
43 95
43 96
43 97
43 98
43 99
43 111
44 44
44 45
44 46
44 47
44 48
44 49
44 50
44 51
44 52
44 53
44 54
44 55
44 56
44 59
44 66
44 68
44 81
44 94
44 96
44 97
44 98
44 99
44 106
45 45
45 46
45 47
45 48
45 49
45 50
45 51
45 65
45 67
45 94
45 95
45 96
45 98
46 46
46 47
46 48
46 49
46 50
46 51
46 52
46 53
46 55
46 56
46 59
46 94
46 96
46 97
46 98
46 99
46 111
47 47
47 48
47 49
47 50
47 51
47 53
47 55
47 90
47 91
47 94
47 95
47 96
47 97
47 98
47 99
47 103
47 104
47 105
47 109
47 110
47 111
48 48
48 49
48 50
48 51
48 52
48 53
48 54
48 55
48 56
48 57
48 58
48 59
48 60
48 66
48 68
48 87
48 89
48 94
48 96
48 98
48 99
48 106
48 107
49 49
49 50
49 51
49 52
49 53
49 54
49 55
49 56
49 57
49 58
49 59
49 63
49 66
49 68
49 69
49 81
49 94
49 96
49 98
49 99
49 106
49 111
50 50
50 51
50 52
50 53
50 54
50 55
50 56
50 57
50 58
50 59
50 63
50 66
50 68
50 81
50 87
50 89
50 94
50 96
50 98
50 99
50 106
51 51
51 52
51 53
51 54
51 55
51 56
51 57
51 58
51 59
51 63
51 66
51 68
51 69
51 79
51 81
51 89
51 94
51 96
51 98
51 99
51 106
51 111
52 52
52 53
52 54
52 55
52 56
52 57
52 58
52 59
52 60
52 63
52 66
52 68
52 69
52 80
52 81
52 84
52 89
52 96
52 98
52 99
52 106
52 107
53 53
53 54
53 55
53 56
53 57
53 59
53 66
53 68
53 81
53 87
53 89
53 94
53 96
53 97
53 98
53 99
53 106
53 111
54 54
54 55
54 56
54 57
54 58
54 59
54 60
54 63
54 66
54 68
54 69
54 80
54 81
54 87
54 88
54 89
54 96
54 99
54 106
55 55
55 56
55 57
55 58
55 59
55 60
55 62
55 66
55 68
55 69
55 87
55 89
55 94
55 96
55 97
55 98
55 99
55 106
56 56
56 57
56 58
56 59
56 60
56 62
56 63
56 66
56 68
56 69
56 78
56 79
56 80
56 81
56 96
56 106
57 57
57 58
57 59
57 60
57 63
57 66
57 68
57 69
57 78
57 79
57 80
57 81
57 84
57 87
57 89
57 96
57 106
58 58
58 59
58 60
58 66
58 68
58 69
58 89
58 96
59 59
59 60
59 62
59 63
59 66
59 68
59 69
59 80
59 81
59 89
59 96
59 106
60 60
60 61
60 62
60 63
60 66
60 68
60 69
60 80
61 61
61 63
61 65
61 72
61 85
62 62
62 63
62 66
62 72
62 76
62 80
63 63
63 66
63 68
63 69
63 78
63 79
63 80
63 81
63 84
64 64
64 65
64 72
64 74
64 76
64 77
64 82
64 83
64 86
64 92
64 93
65 65
65 67
65 76
65 92
65 100
66 66
66 67
66 68
66 69
66 81
66 89
66 96
66 106
66 107
67 67
67 103
67 104
67 105
67 107
67 110
67 115
68 68
68 69
68 78
68 79
68 80
68 81
68 88
68 89
68 96
69 69
69 80
69 81
69 84
69 88
69 89
70 70
70 71
70 72
70 73
70 74
70 75
70 77
70 82
70 83
70 90
70 91
70 92
70 93
70 101
70 102
71 71
71 72
71 73
71 74
71 75
71 77
71 83
71 90
71 91
71 92
71 93
71 95
71 103
71 111
72 72
72 73
72 74
72 75
72 76
72 78
72 80
72 83
73 73
73 74
73 75
73 76
73 77
73 83
73 90
73 91
73 92
73 93
73 100
74 74
74 75
74 76
74 77
74 83
74 91
74 92
74 93
74 100
75 75
75 76
75 77
75 82
75 83
75 90
75 91
75 92
75 93
75 109
75 113
76 76
76 77
76 92
76 93
77 77
77 82
77 83
77 86
77 90
77 91
77 92
77 93
77 100
77 101
77 103
77 104
77 105
77 109
77 110
78 78
78 79
78 80
78 81
79 79
79 80
79 81
79 84
79 85
79 97
80 80
80 81
80 84
81 81
81 84
81 96
81 97
81 106
82 82
82 83
82 84
82 86
82 88
82 92
82 93
82 100
82 113
83 83
83 86
83 92
83 93
83 100
83 113
84 84
84 85
84 86
84 88
85 85
85 86
85 87
85 88
86 86
86 87
86 88
86 92
87 87
87 88
87 89
87 96
87 106
88 88
88 89
89 89
89 99
89 106
90 90
90 91
90 92
90 93
90 98
90 99
90 101
90 103
90 104
90 105
90 110
91 91
91 92
91 93
91 98
91 99
91 101
91 102
91 103
91 104
91 105
91 109
91 110
91 111
91 113
91 114
91 115
92 92
92 93
92 100
92 101
92 102
92 113
93 93
93 100
93 101
93 102
93 103
93 105
93 113
93 114
93 115
94 94
94 95
94 96
94 97
94 98
94 99
94 109
94 111
94 112
95 95
95 97
95 99
95 101
95 103
95 104
95 105
95 109
95 110
95 111
95 112
95 115
96 96
96 97
96 98
96 99
96 106
96 110
96 111
97 97
97 99
97 103
97 104
97 105
97 109
97 110
97 111
97 115
98 98
98 99
98 106
98 111
98 112
99 99
99 103
99 110
99 111
99 112
99 114
99 115
100 100
100 101
100 102
101 101
101 102
101 103
101 104
101 105
101 108
102 102
102 113
103 103
103 104
103 105
103 107
103 109
103 110
103 115
104 104
104 105
104 107
104 109
104 110
104 115
105 105
105 109
105 110
105 114
105 115
106 106
106 107
107 107
107 110
107 115
108 108
108 112
108 115
109 109
109 110
110 110
110 115
111 111
111 112
111 113
111 114
111 115
112 112
112 113
113 113
114 114
114 115
115 115
