0 0
0 1
0 16
0 18
0 32
0 56
0 57
0 58
0 59
0 60
0 61
0 62
0 63
0 66
0 68
0 72
0 87
0 99
0 102
0 103
0 107
0 108
0 109
0 113
0 114
0 115
1 1
1 11
1 13
1 16
1 17
1 18
1 56
1 57
1 58
1 59
1 60
1 61
1 62
1 63
1 66
1 68
1 80
1 87
1 102
2 2
2 4
2 5
2 6
2 7
2 9
2 12
2 18
2 22
2 24
2 25
2 26
2 30
2 34
2 38
2 60
2 64
2 66
2 67
2 70
2 71
2 73
2 74
2 86
2 91
2 92
2 93
2 106
2 108
3 3
3 4
3 5
3 6
3 7
3 9
3 11
3 13
3 15
3 19
3 23
3 31
3 33
3 61
3 63
3 65
3 83
3 90
3 92
3 100
4 4
4 5
4 6
4 7
4 8
4 9
4 14
4 15
4 20
4 23
4 24
4 26
4 31
4 38
4 53
4 64
4 65
4 82
4 83
4 86
4 90
4 91
4 92
4 93
4 98
4 106
4 107
5 5
5 9
5 14
5 15
5 19
5 21
5 23
5 25
5 27
5 31
5 38
5 45
5 48
5 49
5 50
5 83
5 98
5 104
5 106
5 107
6 6
6 7
6 8
6 9
6 12
6 13
6 19
6 22
6 23
6 24
6 30
6 31
6 33
6 36
6 60
6 64
6 67
6 71
6 73
6 83
6 90
6 91
6 92
6 93
6 100
6 102
6 103
6 105
6 106
6 114
6 115
7 7
7 8
7 9
7 13
7 15
7 23
7 30
7 31
7 45
7 61
7 65
7 73
7 83
7 90
7 91
7 92
7 93
7 100
7 102
8 8
8 11
8 12
8 14
8 24
8 35
8 64
8 67
8 76
8 77
8 89
8 90
8 91
8 92
8 93
8 102
8 103
8 108
8 114
9 9
9 15
9 23
9 28
9 31
9 45
9 73
9 74
9 75
9 83
9 90
9 91
9 92
9 93
9 98
9 100
9 102
9 111
10 10
10 11
10 12
10 14
10 16
10 22
10 24
10 36
10 43
10 54
10 64
10 74
10 76
10 82
10 84
10 85
10 87
10 91
10 93
10 94
10 95
10 96
10 97
10 99
10 109
10 110
11 11
11 13
11 14
11 15
11 16
11 17
11 19
11 23
11 61
11 63
11 65
11 82
11 86
11 87
11 89
11 92
11 102
11 109
11 111
11 114
11 115
12 12
12 14
12 16
12 18
12 19
12 22
12 24
12 33
12 34
12 36
12 64
12 67
12 73
12 76
12 82
12 84
12 85
12 91
12 93
12 95
12 97
12 101
12 103
12 104
12 105
12 106
12 110
12 114
12 115
13 13
13 15
13 23
13 29
13 60
13 61
13 62
13 63
13 65
13 72
13 83
13 86
13 89
13 92
13 93
13 100
13 102
13 103
13 113
13 114
14 14
14 15
14 19
14 20
14 21
14 22
14 23
14 26
14 27
14 36
14 38
14 54
14 57
14 64
14 65
14 82
14 85
14 86
14 88
14 89
14 91
14 93
14 104
14 105
14 114
15 15
15 19
15 23
15 28
15 29
15 39
15 41
15 46
15 54
15 61
15 65
15 82
15 83
15 85
15 88
15 89
15 90
15 92
15 98
16 16
16 17
16 28
16 32
16 56
16 57
16 62
16 63
16 68
16 72
16 80
16 81
16 87
16 97
16 109
16 114
17 17
17 19
17 41
17 44
17 48
17 53
17 62
17 64
17 68
17 78
17 79
17 80
17 81
17 82
17 83
17 86
17 87
17 90
18 18
18 19
18 32
18 33
18 62
18 70
18 72
18 73
18 80
18 91
19 19
19 23
19 73
19 83
19 88
19 90
19 91
19 92
19 93
19 103
19 104
19 105
19 106
19 115
20 20
20 21
20 22
20 25
20 26
20 27
20 35
20 38
20 54
20 57
20 64
20 65
20 69
20 82
20 85
20 88
20 89
20 96
20 104
21 21
21 22
21 23
21 25
21 26
21 27
21 28
21 29
21 30
21 33
21 38
21 41
21 50
21 54
21 57
21 64
21 69
21 70
21 71
21 75
21 78
21 81
21 88
21 104
21 105
21 110
22 22
22 23
22 24
22 25
22 26
22 27
22 30
22 34
22 35
22 36
22 38
22 39
22 54
22 64
22 67
22 70
22 71
22 74
22 82
22 84
22 85
22 88
22 93
22 94
22 97
22 110
23 23
23 25
23 27
23 30
23 31
23 33
23 35
23 38
23 65
23 67
23 71
23 78
23 83
23 92
23 93
23 105
23 110
24 24
24 25
24 30
24 31
24 34
24 45
24 47
24 64
24 67
24 71
24 73
24 74
24 76
24 77
24 86
24 93
24 97
24 106
24 110
24 112
25 25
25 27
25 30
25 31
25 33
25 34
25 35
25 37
25 38
25 39
25 45
25 50
25 54
25 64
25 67
25 69
25 71
25 77
25 78
25 96
25 97
25 110
26 26
26 27
26 38
26 50
26 52
26 54
26 58
26 59
26 64
26 66
26 67
26 86
26 88
26 89
27 27
27 35
27 38
27 39
27 52
27 54
27 57
27 64
27 65
27 67
27 69
27 82
27 85
27 88
27 89
28 28
28 29
28 30
28 31
28 32
28 33
28 37
28 39
28 40
28 41
28 62
28 70
28 71
28 72
28 74
28 75
28 78
28 80
28 81
28 83
29 29
29 31
29 32
29 37
29 62
29 70
29 72
29 73
29 74
29 75
29 78
29 79
29 80
29 81
29 83
29 111
30 30
30 31
30 32
30 33
30 34
30 35
30 41
30 45
30 67
30 70
30 71
30 72
30 74
30 75
30 78
30 108
30 110
31 31
31 33
31 45
31 70
31 71
31 72
31 73
31 74
31 75
31 77
31 78
31 83
31 92
31 93
31 105
31 106
31 110
31 114
32 32
32 33
32 37
32 39
32 41
32 55
32 56
32 60
32 61
32 62
32 66
32 68
32 70
32 72
32 80
32 81
33 33
33 34
33 35
33 36
33 60
33 62
33 63
33 67
33 70
33 78
33 80
33 81
33 93
33 105
33 110
33 114
33 115
34 34
34 35
34 36
34 41
34 64
34 66
34 67
34 76
34 97
34 110
35 35
35 38
35 65
35 67
35 71
35 76
35 77
35 93
35 96
35 97
35 109
35 110
36 36
36 38
36 41
36 54
36 64
36 71
36 73
36 74
36 76
36 82
36 84
36 85
36 91
36 93
36 95
36 104
37 37
37 39
37 41
37 42
37 43
37 46
37 50
37 55
37 70
37 71
37 72
37 77
37 79
37 81
37 94
37 96
37 98
37 110
38 38
38 39
38 41
38 54
38 55
38 57
38 66
38 71
38 78
38 81
38 84
38 88
38 96
39 39
39 40
39 41
39 42
39 46
39 52
39 54
39 55
39 66
39 71
39 77
39 78
39 80
39 81
39 83
39 84
39 88
39 94
39 96
39 110
40 40
40 41
40 81
40 84
40 94
41 41
41 46
41 54
41 55
41 71
41 77
41 78
41 79
41 80
41 81
41 84
41 85
41 88
41 94
41 96
41 98
42 42
42 43
42 44
42 45
42 46
42 47
42 48
42 49
42 50
42 51
42 52
42 53
42 55
42 76
42 77
42 83
42 87
42 90
42 94
42 96
42 98
42 111
43 43
43 44
43 45
43 46
43 47
43 48
43 49
43 50
43 51
43 52
43 53
43 55
43 75
43 76
43 77
43 90
43 96
43 98
43 110
43 111
44 44
44 45
44 46
44 47
44 48
44 49
44 50
44 51
44 52
44 53
44 55
44 77
44 90
44 94
44 96
44 98
44 111
44 112
45 45
45 46
45 47
45 48
45 49
45 50
45 51
45 71
45 77
45 78
45 110
46 46
46 47
46 48
46 49
46 50
46 51
46 52
46 53
46 55
46 77
46 82
46 83
46 90
46 94
46 96
46 98
46 111
47 47
47 48
47 49
47 50
47 51
47 52
47 53
47 55
47 76
47 77
47 87
47 90
47 96
47 98
47 111
47 112
48 48
48 49
48 50
48 51
48 52
48 53
48 55
48 66
48 79
48 90
48 98
48 111
48 112
49 49
49 50
49 51
49 53
49 55
49 59
49 66
49 96
49 98
49 112
50 50
50 51
50 52
50 53
50 54
50 55
50 79
50 98
51 51
51 52
51 53
51 55
51 59
51 66
51 98
52 52
52 53
52 58
52 79
52 84
52 87
52 88
52 90
52 98
53 53
53 55
53 76
53 87
53 88
53 90
53 91
53 98
53 111
54 54
54 55
54 57
54 64
54 80
54 81
54 82
54 84
54 85
54 88
54 94
54 96
54 98
54 99
55 55
55 57
55 66
55 87
55 89
55 94
55 96
55 97
55 98
56 56
56 57
56 58
56 59
56 60
56 61
56 62
56 63
56 66
56 68
56 69
56 72
56 79
56 80
56 81
56 99
56 101
56 102
56 107
56 113
57 57
57 59
57 62
57 66
57 68
57 69
57 80
57 81
57 88
58 58
58 59
58 60
58 61
58 62
58 63
58 66
58 68
58 79
58 80
58 86
58 95
58 101
58 103
58 107
58 113
59 59
59 60
59 61
59 62
59 63
59 66
59 68
59 79
59 81
59 101
59 107
60 60
60 61
60 62
60 63
60 65
60 66
60 72
60 86
60 93
60 100
60 101
60 102
60 103
60 107
60 113
61 61
61 62
61 63
61 65
61 72
61 86
61 100
61 102
62 62
62 63
62 66
62 68
62 72
62 78
62 79
62 80
62 81
62 101
62 113
63 63
63 65
63 68
63 72
63 80
63 99
63 100
63 101
63 102
63 103
63 107
63 113
63 114
63 115
64 64
64 67
64 74
64 82
64 84
64 85
64 89
64 91
64 93
64 104
64 105
64 106
64 108
64 110
65 65
65 67
65 89
65 92
65 93
65 100
65 114
66 66
66 67
66 68
66 69
66 79
66 80
66 81
66 87
66 95
66 96
66 97
67 67
67 69
67 70
67 93
67 95
67 105
67 110
68 68
68 69
68 72
68 79
68 80
68 81
68 99
69 69
69 70
69 88
69 101
69 104
69 105
69 106
69 107
70 70
70 71
70 72
70 75
70 77
70 78
70 106
70 110
71 71
71 73
71 75
71 76
71 77
71 84
71 92
71 94
71 96
71 110
72 72
72 74
72 75
72 79
72 80
72 81
72 86
72 109
72 111
73 73
73 74
73 75
73 76
73 77
73 79
73 91
73 92
73 93
73 95
73 102
73 103
73 104
73 105
73 106
73 113
73 115
74 74
74 75
74 76
74 86
74 98
74 111
75 75
75 77
75 78
75 95
75 109
75 110
75 111
76 76
76 77
76 90
76 91
76 93
76 97
76 98
76 99
76 102
76 109
76 110
76 111
76 112
77 77
77 79
77 90
77 94
77 95
77 96
77 109
77 110
78 78
78 79
78 80
78 81
78 95
78 101
79 79
79 80
79 81
79 95
79 101
79 113
80 80
80 81
80 84
80 85
80 95
81 81
82 82
82 83
82 84
82 85
82 86
82 87
82 89
83 83
83 85
83 87
83 90
83 91
83 92
84 84
84 85
84 87
84 88
84 110
85 85
85 87
85 89
86 86
86 87
86 89
86 111
87 87
87 89
87 90
87 96
87 98
88 88
88 89
88 90
89 89
89 92
89 93
90 90
90 91
90 92
90 98
90 111
90 112
91 91
91 92
91 93
91 99
91 100
91 102
91 103
91 104
91 105
91 106
91 107
91 108
91 111
91 113
91 114
91 115
92 92
92 93
92 100
92 102
93 93
93 97
93 99
93 100
93 101
93 102
93 103
93 104
93 105
93 106
93 107
93 108
93 110
93 113
93 114
93 115
94 94
94 96
94 97
94 98
94 109
94 111
95 95
95 97
95 101
95 103
95 109
96 96
96 97
96 98
96 109
96 110
97 97
97 99
97 101
97 106
97 108
97 109
97 110
97 115
98 98
98 99
98 111
99 99
99 102
99 103
99 104
99 106
99 107
99 111
99 113
99 115
100 100
100 102
100 103
100 106
100 107
100 108
100 109
100 113
100 114
101 101
101 102
101 103
101 104
101 105
101 106
101 107
101 108
101 112
101 113
101 115
102 102
102 103
102 104
102 106
102 107
102 108
102 109
102 111
102 112
102 113
102 114
102 115
103 103
103 104
103 105
103 106
103 107
103 108
103 109
103 111
103 112
103 113
103 114
103 115
104 104
104 105
104 106
104 107
104 108
104 109
104 111
104 112
104 113
104 114
104 115
105 105
105 106
105 107
105 110
105 114
105 115
106 106
106 107
106 108
106 109
106 111
106 113
106 114
106 115
107 107
107 108
107 113
107 114
107 115
108 108
108 109
108 112
108 113
108 114
108 115
109 109
109 111
109 112
109 113
109 114
109 115
110 110
111 111
111 112
111 113
111 114
112 112
112 113
112 114
112 115
113 113
113 114
113 115
114 114
114 115
115 115
