0 0
0 1
0 16
0 17
0 18
0 19
0 32
0 33
0 56
0 57
0 60
0 61
0 62
0 63
0 68
0 69
0 76
0 79
0 80
0 99
0 101
1 1
1 16
1 17
1 18
1 19
1 32
1 33
1 56
1 57
1 59
1 61
1 62
1 63
1 68
1 76
1 78
1 79
1 80
1 81
1 99
2 2
2 4
2 6
2 7
2 8
2 12
2 14
2 22
2 23
2 24
2 25
2 30
2 31
2 58
2 60
2 64
2 71
2 88
3 3
3 7
3 11
3 13
3 15
3 22
3 23
3 25
3 30
3 31
3 71
3 73
3 85
3 88
3 89
3 92
4 4
4 5
4 8
4 9
4 15
4 20
4 24
4 26
4 27
4 30
4 41
4 52
4 70
4 71
4 83
4 87
4 90
4 92
4 100
5 5
5 8
5 9
5 15
5 20
5 21
5 24
5 25
5 26
5 27
5 30
5 31
5 37
5 38
5 41
5 70
5 71
5 73
5 75
5 83
5 87
6 6
6 7
6 8
6 9
6 11
6 12
6 13
6 17
6 18
6 22
6 28
6 29
6 30
6 31
6 60
6 70
6 71
6 72
6 73
6 75
7 7
7 9
7 11
7 12
7 13
7 14
7 15
7 18
7 22
7 23
7 29
7 30
7 31
7 71
7 73
7 89
7 92
8 8
8 9
8 15
8 20
8 24
8 26
8 27
8 28
8 29
8 30
8 31
8 52
8 70
8 71
9 9
9 15
9 20
9 24
9 26
9 28
9 29
9 30
9 31
9 41
9 70
9 71
9 72
9 73
9 90
9 100
9 102
10 10
10 12
10 13
10 14
10 16
10 17
10 22
10 28
10 30
10 31
10 34
10 62
10 71
10 76
10 77
10 78
10 82
10 95
11 11
11 12
11 13
11 14
11 15
11 17
11 28
11 29
11 30
11 31
11 40
11 70
11 71
11 72
11 73
11 74
11 75
11 76
11 77
11 78
11 81
11 83
12 12
12 13
12 14
12 15
12 16
12 17
12 21
12 22
12 27
12 28
12 29
12 30
12 31
12 40
12 70
12 71
12 72
12 73
12 74
12 75
12 76
12 77
12 78
12 82
12 83
12 95
12 106
13 13
13 14
13 15
13 16
13 17
13 28
13 29
13 30
13 31
13 70
13 71
13 72
13 73
13 74
13 75
13 83
13 106
14 14
14 15
14 16
14 21
14 22
14 24
14 25
14 26
14 27
14 28
14 29
14 30
14 31
14 36
14 40
14 71
14 72
14 82
14 86
14 88
14 95
14 109
14 114
15 15
15 17
15 22
15 23
15 24
15 25
15 26
15 27
15 28
15 29
15 30
15 31
15 70
15 71
15 73
15 75
15 83
15 92
16 16
16 17
16 19
16 28
16 29
16 32
16 36
16 40
16 56
16 57
16 62
16 63
16 72
16 74
16 75
16 76
16 77
16 78
16 79
16 80
16 81
16 82
17 17
17 21
17 28
17 29
17 31
17 36
17 37
17 40
17 41
17 56
17 57
17 62
17 63
17 70
17 71
17 72
17 73
17 74
17 75
17 76
17 77
17 78
17 79
17 80
17 81
17 83
18 18
18 19
18 32
18 33
18 56
18 57
18 62
18 63
18 68
18 80
18 98
18 100
18 102
19 19
19 32
19 56
19 57
19 62
19 63
19 68
19 69
19 80
19 90
19 91
19 98
19 101
19 102
19 103
19 111
20 20
20 21
20 26
20 27
20 28
20 29
20 36
20 37
20 38
20 39
20 40
20 41
20 70
20 71
20 72
20 73
20 74
20 75
20 83
20 85
20 86
20 87
20 104
20 105
20 107
21 21
21 26
21 27
21 28
21 29
21 31
21 37
21 38
21 39
21 40
21 41
21 70
21 71
21 72
21 73
21 74
21 75
21 78
21 79
21 81
21 83
21 85
21 86
21 87
21 95
21 107
21 114
22 22
22 23
22 24
22 25
22 26
22 27
22 30
22 31
22 34
22 50
22 58
22 60
22 64
22 71
22 84
22 88
22 89
23 23
23 24
23 25
23 26
23 27
23 30
23 31
23 34
23 50
23 64
23 65
23 84
23 85
23 88
23 89
23 92
23 93
23 110
24 24
24 25
24 26
24 27
24 30
24 31
24 50
24 60
24 64
24 71
24 84
24 88
25 25
25 26
25 27
25 30
25 31
25 50
25 64
25 71
25 84
25 88
26 26
26 27
26 30
26 31
26 38
26 50
26 71
26 84
26 88
26 92
26 110
27 27
27 30
27 31
27 37
27 38
27 41
27 50
27 70
27 71
27 83
27 86
27 87
27 88
28 28
28 29
28 30
28 31
28 36
28 37
28 38
28 40
28 41
28 62
28 70
28 71
28 72
28 73
28 74
28 75
28 76
28 77
28 78
28 79
28 80
28 81
28 82
28 83
28 86
28 87
28 95
28 107
28 109
29 29
29 30
29 31
29 37
29 40
29 41
29 70
29 71
29 72
29 73
29 74
29 75
29 76
29 77
29 78
29 79
29 80
29 81
29 83
29 87
29 95
29 106
29 107
30 30
30 31
30 41
30 64
30 70
30 71
30 72
30 73
30 74
30 75
30 77
31 31
31 40
31 41
31 70
31 71
31 72
31 73
31 74
31 75
31 77
32 32
32 33
32 35
32 56
32 57
32 61
32 62
32 63
32 66
32 68
32 69
32 79
32 80
32 103
33 33
33 34
33 35
33 56
33 57
33 62
33 63
33 66
33 67
33 68
33 76
33 79
33 80
34 34
34 35
34 54
34 58
34 64
34 65
34 66
34 67
34 69
34 84
34 88
34 110
35 35
35 54
35 58
35 59
35 64
35 65
35 66
35 67
35 68
35 69
35 84
35 85
35 88
35 103
35 110
36 36
36 37
36 38
36 39
36 40
36 41
36 55
36 70
36 71
36 72
36 73
36 74
36 75
36 76
36 77
36 78
36 79
36 81
36 84
36 85
36 86
36 88
36 89
36 94
36 95
36 96
36 97
36 104
36 105
36 108
36 109
36 114
36 115
37 37
37 38
37 39
37 40
37 41
37 55
37 70
37 71
37 72
37 73
37 74
37 75
37 76
37 77
37 78
37 79
37 81
37 83
37 84
37 85
37 86
37 87
37 95
37 97
37 104
37 105
37 107
37 109
37 114
37 115
38 38
38 39
38 40
38 41
38 54
38 55
38 70
38 71
38 72
38 74
38 84
38 85
38 86
38 87
38 88
38 94
38 95
38 96
38 97
38 104
38 105
38 107
38 108
38 109
38 114
38 115
39 39
39 40
39 41
39 54
39 74
39 83
39 85
39 86
39 87
39 89
39 94
39 95
39 96
39 97
39 103
39 104
39 105
39 107
39 108
39 109
39 114
39 115
40 40
40 41
40 70
40 71
40 72
40 73
40 74
40 75
40 76
40 77
40 78
40 79
40 81
40 82
40 83
40 86
40 87
40 95
40 107
40 109
41 41
41 70
41 71
41 72
41 73
41 74
41 75
41 77
41 79
41 81
41 83
41 86
41 87
41 107
41 109
42 42
42 43
42 44
42 45
42 46
42 47
42 48
42 49
42 50
42 51
42 52
42 53
42 59
42 63
42 80
42 83
42 98
42 111
43 43
43 44
43 45
43 46
43 47
43 48
43 49
43 51
43 53
43 55
43 57
43 59
43 63
43 98
43 111
43 112
44 44
44 45
44 46
44 47
44 48
44 49
44 50
44 51
44 53
44 59
44 66
44 67
44 98
44 111
45 45
45 46
45 47
45 48
45 49
45 51
45 53
45 59
45 66
45 67
45 91
45 98
45 111
46 46
46 47
46 48
46 49
46 50
46 51
46 52
46 53
46 59
46 66
46 98
46 111
47 47
47 48
47 49
47 51
47 53
47 55
47 57
47 59
47 63
47 66
47 67
47 90
47 91
47 98
48 48
48 49
48 50
48 51
48 52
48 53
48 59
48 66
48 67
48 91
48 98
48 111
49 49
49 50
49 51
49 52
49 53
49 59
49 91
49 98
49 111
50 50
50 51
50 52
50 53
50 58
50 64
50 92
51 51
51 52
51 53
51 55
51 59
51 67
51 91
52 52
52 53
52 58
52 59
52 69
52 90
52 91
53 53
53 55
53 83
53 91
54 54
54 55
54 68
54 84
54 85
54 88
54 89
54 94
54 95
54 96
54 97
54 104
54 105
54 108
54 109
54 114
54 115
55 55
55 76
55 77
55 85
55 89
55 95
55 96
55 97
55 109
56 56
56 57
56 59
56 61
56 62
56 63
56 66
56 68
56 69
56 76
56 78
56 79
56 80
56 81
56 98
56 101
56 102
56 103
57 57
57 59
57 61
57 62
57 63
57 66
57 67
57 68
57 69
57 78
57 80
57 81
57 91
57 98
57 99
57 101
57 102
57 103
58 58
58 59
58 60
58 61
58 66
58 67
58 69
58 93
58 101
59 59
59 61
59 63
59 65
59 66
59 67
59 68
59 69
59 90
59 91
59 98
59 99
59 101
59 103
59 112
60 60
60 61
60 64
60 66
60 93
61 61
61 62
61 63
61 65
61 66
61 67
61 68
61 69
61 90
61 91
61 93
61 98
61 99
61 101
61 103
62 62
62 63
62 66
62 68
62 72
62 76
62 78
62 79
62 80
62 81
62 82
62 102
62 103
63 63
63 66
63 68
63 76
63 78
63 79
63 80
63 81
63 98
63 103
64 64
64 65
64 84
64 85
64 88
64 92
64 93
65 65
65 66
65 67
65 68
65 69
65 84
65 85
65 88
65 89
65 93
65 96
65 103
65 110
65 113
66 66
66 67
66 68
66 69
66 90
66 98
66 102
66 103
66 110
67 67
67 68
67 69
67 90
67 91
67 93
67 101
67 103
67 110
68 68
68 69
68 90
68 91
68 94
68 98
68 100
68 101
68 102
68 103
68 104
68 108
69 69
69 90
69 91
69 92
69 93
69 101
69 102
69 103
69 110
70 70
70 71
70 72
70 73
70 74
70 75
70 76
70 77
70 78
70 79
70 81
70 83
70 86
70 87
70 95
70 109
71 71
71 72
71 73
71 74
71 75
71 76
71 77
71 78
71 79
71 81
71 83
71 87
71 95
71 109
72 72
72 73
72 74
72 75
72 76
72 77
72 78
72 79
72 80
72 81
72 83
72 86
72 87
72 95
72 107
72 109
73 73
73 74
73 75
73 76
73 77
73 78
73 79
73 81
73 83
73 87
73 95
73 107
73 109
74 74
74 75
74 76
74 77
74 78
74 79
74 81
74 83
74 84
74 85
74 86
74 87
74 95
74 107
74 109
75 75
75 76
75 77
75 78
75 79
75 81
75 83
75 95
76 76
76 77
76 78
76 79
76 80
76 81
76 95
77 77
77 78
77 79
77 80
77 81
77 85
77 95
77 96
77 109
78 78
78 79
78 80
78 81
78 86
78 106
78 107
79 79
79 80
79 81
79 95
79 109
80 80
80 81
80 98
80 99
80 102
81 81
81 83
82 82
82 86
83 83
83 86
83 87
83 107
83 112
84 84
84 85
84 86
84 87
84 88
84 94
84 96
84 105
85 85
85 87
85 88
85 89
85 96
85 105
85 109
85 114
85 115
86 86
86 87
86 104
86 105
86 107
86 108
86 112
86 114
87 87
87 104
87 105
87 107
87 109
88 88
88 89
88 94
88 95
88 96
88 105
88 108
88 110
88 114
88 115
89 89
89 95
89 96
89 97
89 105
89 108
89 109
89 114
89 115
90 90
90 91
90 92
90 93
90 98
90 99
90 100
90 101
90 102
90 103
90 104
90 111
91 91
91 93
91 98
91 99
91 101
91 102
91 103
91 110
91 111
91 112
92 92
92 93
92 100
92 102
92 104
92 111
93 93
93 101
93 103
93 105
93 110
93 112
93 113
94 94
94 95
94 96
94 97
94 99
94 100
94 102
94 105
94 108
94 109
94 115
95 95
95 96
95 97
95 99
95 105
95 107
95 108
95 109
95 114
95 115
96 96
96 97
96 98
96 104
96 105
96 108
96 109
96 110
97 97
97 99
97 100
97 101
97 104
97 105
97 107
97 108
97 109
97 112
97 114
97 115
98 98
98 99
98 100
98 102
98 103
98 104
98 111
98 112
99 99
99 100
99 101
99 102
99 103
99 105
99 108
99 109
99 111
99 112
99 113
99 114
99 115
100 100
100 101
100 102
100 106
100 111
101 101
101 102
101 103
101 104
101 105
101 108
101 112
101 114
102 102
102 103
102 104
102 105
102 107
102 111
103 103
103 104
103 105
103 107
103 108
103 110
103 112
103 114
103 115
104 104
104 105
104 107
104 108
104 113
104 114
104 115
105 105
105 107
105 108
105 109
105 114
105 115
106 106
106 107
106 113
107 107
107 108
107 109
107 114
107 115
108 108
108 109
108 114
108 115
109 109
109 114
109 115
110 110
111 111
111 112
112 112
112 113
112 114
113 113
113 114
113 115
114 114
114 115
115 115
