0 0
0 1
0 8
0 10
0 12
0 14
0 16
0 17
0 18
0 19
0 28
0 29
0 32
0 33
0 36
0 38
0 40
0 41
0 52
0 54
0 56
0 58
0 60
0 62
0 63
0 68
0 71
0 72
0 73
0 74
0 75
0 76
0 77
0 98
0 112
1 1
1 16
1 17
1 19
1 29
1 32
1 36
1 37
1 41
1 54
1 55
1 57
1 58
1 63
1 68
1 69
1 72
1 73
1 74
1 76
1 77
1 78
1 79
1 80
1 81
1 89
1 90
1 96
1 98
1 99
1 102
1 111
1 112
2 2
2 3
2 4
2 6
2 7
2 8
2 10
2 11
2 12
2 13
2 14
2 22
2 23
2 24
2 30
2 31
2 50
2 60
2 64
3 3
3 6
3 7
3 9
3 10
3 11
3 12
3 13
3 21
3 22
3 23
3 25
3 27
3 30
3 31
3 33
3 45
3 64
3 65
3 71
3 82
3 83
3 85
3 87
3 92
4 4
4 5
4 6
4 8
4 9
4 12
4 15
4 20
4 24
4 26
4 27
4 40
4 53
4 70
4 93
5 5
5 8
5 9
5 15
5 20
5 24
5 25
5 26
5 27
5 38
5 39
5 40
5 55
5 70
5 96
6 6
6 7
6 8
6 10
6 11
6 12
6 13
6 14
6 21
6 22
6 23
6 25
6 28
6 30
6 31
6 62
6 64
6 82
6 83
6 85
6 87
7 7
7 8
7 9
7 10
7 11
7 12
7 13
7 15
7 21
7 22
7 23
7 25
7 28
7 30
7 31
7 33
7 64
7 65
7 71
7 82
7 83
7 85
7 87
7 92
8 8
8 9
8 10
8 11
8 12
8 13
8 14
8 22
8 24
8 26
8 60
8 64
8 70
8 82
8 84
8 90
8 91
8 92
9 9
9 11
9 13
9 14
9 15
9 24
9 25
9 26
9 27
9 38
9 39
9 64
9 65
9 67
9 86
9 87
9 92
10 10
10 11
10 12
10 13
10 14
10 22
10 25
10 28
10 30
10 31
10 33
10 60
10 64
10 65
10 71
10 82
10 87
11 11
11 12
11 13
11 14
11 15
11 21
11 22
11 25
11 27
11 30
11 31
11 40
11 60
11 64
11 65
11 71
11 82
11 84
11 85
11 86
11 87
12 12
12 13
12 14
12 16
12 22
12 28
12 30
12 31
12 40
12 50
12 72
13 13
13 14
13 15
13 21
13 22
13 25
13 30
13 31
13 40
13 50
13 60
13 64
13 65
13 71
13 75
13 82
13 85
13 87
14 14
14 15
14 22
14 26
14 27
14 30
14 38
14 53
14 64
14 82
14 84
14 85
14 86
14 110
15 15
15 20
15 21
15 25
15 26
15 27
15 38
15 40
15 53
15 82
15 83
15 85
15 86
15 87
15 92
16 16
16 17
16 18
16 19
16 28
16 29
16 32
16 33
16 36
16 37
16 40
16 41
16 52
16 54
16 56
16 57
16 58
16 59
16 63
16 68
16 70
16 72
16 74
16 76
16 78
16 79
16 80
16 81
16 96
16 102
17 17
17 19
17 28
17 29
17 32
17 33
17 36
17 37
17 38
17 40
17 41
17 54
17 57
17 61
17 62
17 63
17 68
17 72
17 73
17 74
17 75
17 76
17 77
17 78
17 79
17 80
17 81
17 89
17 98
17 111
18 18
18 19
18 28
18 30
18 31
18 32
18 33
18 56
18 62
18 68
18 70
18 71
18 72
18 74
18 75
18 76
18 77
18 80
18 82
18 83
18 91
19 19
19 28
19 29
19 32
19 36
19 41
19 56
19 57
19 63
19 68
19 69
19 70
19 72
19 73
19 74
19 75
19 76
19 78
19 80
19 81
19 89
19 90
19 95
19 98
19 99
19 102
19 111
19 112
20 20
20 21
20 23
20 25
20 26
20 27
20 28
20 30
20 31
20 40
20 53
20 56
20 70
20 71
20 72
20 82
20 83
20 107
21 21
21 23
21 25
21 27
21 31
21 35
21 40
21 71
21 82
21 83
21 85
21 86
21 87
21 92
21 107
22 22
22 23
22 24
22 25
22 26
22 27
22 30
22 31
22 50
22 64
22 65
22 71
22 82
22 84
22 85
22 86
22 87
23 23
23 25
23 27
23 30
23 31
23 45
23 50
23 64
23 65
23 84
23 85
23 86
23 87
23 92
24 24
24 26
24 70
24 90
24 110
25 25
25 26
25 27
25 30
25 31
25 34
25 35
25 39
25 40
25 45
25 64
25 65
25 82
25 83
25 84
25 85
25 86
25 87
25 92
25 114
26 26
26 27
26 38
26 39
26 53
26 67
26 82
26 86
26 87
26 110
27 27
27 34
27 38
27 39
27 64
27 65
27 67
27 82
27 85
27 86
27 87
27 110
28 28
28 29
28 30
28 31
28 32
28 33
28 36
28 40
28 56
28 62
28 70
28 71
28 72
28 74
28 75
28 76
28 78
28 80
28 81
28 82
28 83
29 29
29 32
29 36
29 37
29 40
29 41
29 54
29 56
29 57
29 63
29 68
29 72
29 73
29 74
29 75
29 76
29 78
29 79
29 80
29 81
29 83
29 89
29 98
29 111
29 112
30 30
30 31
30 33
30 50
30 64
30 70
30 71
30 72
30 82
30 87
30 100
30 103
31 31
31 33
31 45
31 64
31 65
31 71
31 82
31 83
31 85
31 87
31 100
31 103
32 32
32 33
32 36
32 41
32 56
32 68
32 71
32 72
32 74
32 75
32 76
32 77
32 78
32 80
32 101
33 33
33 62
33 71
33 72
33 74
33 75
33 76
33 77
33 78
33 79
33 80
33 82
33 84
34 34
34 35
34 38
34 64
34 65
34 66
34 67
34 77
34 84
34 85
34 86
34 87
34 88
34 92
34 109
34 110
34 114
35 35
35 37
35 38
35 39
35 45
35 64
35 65
35 67
35 77
35 84
35 85
35 86
35 87
35 88
35 92
35 110
36 36
36 37
36 38
36 39
36 40
36 41
36 54
36 56
36 57
36 63
36 68
36 72
36 73
36 74
36 75
36 76
36 77
36 78
36 79
36 80
36 81
36 88
36 89
36 96
36 110
36 111
37 37
37 38
37 39
37 41
37 54
37 55
37 57
37 63
37 68
37 69
37 73
37 74
37 76
37 77
37 78
37 79
37 80
37 81
37 88
37 89
37 95
37 96
37 97
37 110
37 111
38 38
38 39
38 40
38 41
38 54
38 73
38 75
38 76
38 77
38 79
38 81
38 82
38 84
38 85
38 86
38 88
38 90
38 94
38 96
38 110
38 111
39 39
39 40
39 65
39 73
39 77
39 79
39 81
39 85
39 87
39 88
39 94
39 95
39 97
40 40
40 41
40 56
40 71
40 72
40 73
40 80
40 81
40 82
40 83
40 94
40 95
40 107
41 41
41 54
41 57
41 63
41 68
41 69
41 72
41 73
41 74
41 75
41 76
41 77
41 78
41 79
41 80
41 81
41 88
41 89
41 90
41 91
41 95
41 96
41 97
41 98
41 99
41 102
41 111
41 112
41 115
42 42
42 43
42 44
42 45
42 46
42 47
42 48
42 49
42 51
42 52
42 53
42 54
42 55
42 90
42 96
42 98
42 99
42 110
42 111
42 112
42 113
43 43
43 44
43 45
43 46
43 47
43 48
43 49
43 51
43 53
43 54
43 55
43 96
43 98
43 99
43 110
43 111
43 112
44 44
44 45
44 46
44 48
44 49
44 51
44 67
44 113
45 45
45 48
45 49
45 65
45 67
45 103
45 113
46 46
46 47
46 48
46 49
46 51
46 52
46 53
46 54
46 55
46 90
46 96
46 98
46 99
46 109
46 110
46 111
46 112
47 47
47 48
47 49
47 51
47 52
47 53
47 54
47 55
47 90
47 91
47 96
47 98
47 99
47 110
47 111
47 112
48 48
48 49
48 50
48 51
48 52
48 53
48 55
48 58
48 59
48 66
48 96
48 98
48 99
48 100
48 101
48 113
49 49
49 51
49 52
49 55
49 59
49 66
49 67
49 69
49 101
49 103
49 113
50 50
50 51
50 52
50 54
50 60
50 64
50 66
50 109
51 51
51 52
51 53
51 54
51 55
51 59
51 66
51 67
51 69
51 89
51 96
51 98
51 99
51 113
52 52
52 53
52 54
52 55
52 58
52 89
52 90
52 96
52 98
52 99
52 107
53 53
53 54
53 55
53 89
53 90
53 96
53 98
53 99
53 110
53 111
53 112
54 54
54 55
54 57
54 58
54 60
54 63
54 68
54 78
54 79
54 81
54 88
54 89
54 90
54 94
54 96
54 97
54 98
54 99
54 109
54 110
54 111
55 55
55 69
55 89
55 90
55 91
55 96
55 97
55 98
55 99
55 110
55 111
55 112
56 56
56 57
56 68
56 72
56 73
56 75
56 76
56 78
56 80
56 81
56 95
56 101
56 103
57 57
57 58
57 59
57 61
57 63
57 66
57 68
57 69
57 73
57 74
57 78
57 79
57 80
57 81
57 89
57 95
57 101
57 102
57 104
57 105
57 115
58 58
58 59
58 60
58 61
58 63
58 66
58 68
58 89
58 96
58 101
58 102
58 103
58 104
59 59
59 61
59 63
59 66
59 68
59 89
59 93
59 100
59 101
59 102
59 103
59 104
59 105
59 113
60 60
60 61
60 62
60 64
60 66
60 74
60 76
60 84
60 88
60 109
60 114
61 61
61 63
61 65
61 66
61 68
61 79
61 88
61 89
61 101
61 102
61 103
62 62
62 63
62 64
62 72
62 74
62 76
62 77
62 78
62 79
62 82
62 83
62 84
62 85
62 112
62 114
63 63
63 68
63 72
63 73
63 74
63 76
63 78
63 79
63 80
63 81
63 89
63 98
63 102
63 111
63 112
64 64
64 65
64 82
64 84
64 85
64 86
64 87
64 88
64 92
64 114
65 65
65 67
65 84
65 85
65 86
65 87
65 88
65 92
66 66
66 67
66 68
66 69
66 89
66 93
66 101
66 102
66 103
66 105
67 67
67 69
67 91
67 105
68 68
68 69
68 73
68 76
68 78
68 79
68 80
68 81
68 89
68 101
68 102
69 69
69 89
69 91
69 97
69 98
69 99
69 102
69 105
69 115
70 70
70 71
70 72
70 75
70 76
70 91
70 93
70 100
70 101
70 106
71 71
71 72
71 74
71 75
71 76
71 77
71 82
71 87
71 93
71 100
71 101
71 103
72 72
72 73
72 74
72 75
72 76
72 78
72 79
72 80
72 81
72 107
73 73
73 74
73 75
73 76
73 77
73 78
73 79
73 80
73 81
73 83
73 88
73 89
73 90
73 95
74 74
74 75
74 76
74 77
74 78
74 79
74 80
74 81
75 75
75 76
75 77
75 78
75 80
75 95
75 104
76 76
76 77
76 78
76 79
76 80
76 81
76 82
76 83
76 84
76 90
77 77
77 78
77 79
77 80
77 82
77 83
77 84
77 86
77 87
77 88
77 104
77 114
78 78
78 79
78 80
78 81
78 94
78 111
79 79
79 80
79 81
79 84
79 88
79 89
79 94
79 111
80 80
80 81
80 83
80 89
80 95
81 81
81 83
81 89
82 82
82 83
82 84
82 85
82 86
82 87
82 92
83 83
83 85
83 86
83 87
84 84
84 85
84 86
84 87
84 88
84 92
84 94
84 114
85 85
85 86
85 87
85 88
85 92
85 114
86 86
86 87
86 88
86 92
86 110
87 87
87 92
87 93
88 88
88 92
88 94
89 89
89 91
89 96
89 97
89 99
89 101
89 102
89 105
90 90
90 91
90 92
90 94
90 96
90 97
90 98
90 99
90 102
90 110
90 111
90 112
91 91
91 92
91 93
91 98
91 99
91 102
91 105
92 92
92 93
92 100
92 104
92 105
92 114
93 93
93 100
93 101
93 103
93 104
93 105
93 106
93 113
93 115
94 94
94 95
94 97
94 107
94 108
94 109
94 111
94 114
94 115
95 95
95 97
95 104
95 105
95 106
95 108
95 109
95 115
96 96
96 97
96 98
96 99
96 108
96 109
96 110
96 111
97 97
97 99
97 102
97 104
97 105
97 106
97 108
97 109
97 112
97 113
97 114
97 115
98 98
98 99
98 102
98 110
98 111
98 112
99 99
99 100
99 102
99 108
99 109
99 110
99 111
99 112
99 113
99 115
100 100
100 101
100 102
100 103
100 104
100 106
100 113
100 114
101 101
101 102
101 103
101 104
101 105
101 106
101 113
102 102
102 103
102 104
102 105
102 112
102 113
102 115
103 103
103 104
103 105
103 106
103 113
104 104
104 105
104 113
104 114
104 115
105 105
105 106
105 113
105 114
105 115
106 106
106 115
107 107
107 109
108 108
108 109
108 111
108 113
109 109
109 110
109 115
110 110
110 111
111 111
111 112
111 114
112 112
112 113
112 114
112 115
113 113
113 114
113 115
114 114
114 115
115 115
