0 0
0 1
0 10
0 12
0 16
0 18
0 50
0 52
0 56
0 57
0 58
0 60
0 62
0 63
0 68
0 69
0 90
0 91
0 93
0 99
0 101
0 107
1 1
1 6
1 12
1 13
1 18
1 32
1 33
1 52
1 53
1 57
1 58
1 59
1 60
1 61
1 63
1 68
1 80
1 90
1 91
1 107
2 2
2 3
2 4
2 6
2 8
2 9
2 10
2 12
2 14
2 15
2 18
2 22
2 23
2 24
2 26
2 27
2 38
2 50
2 54
2 58
2 60
2 64
2 70
2 82
2 86
2 88
2 89
3 3
3 5
3 6
3 7
3 8
3 9
3 14
3 15
3 20
3 21
3 22
3 23
3 24
3 25
3 26
3 27
3 30
3 31
3 38
3 39
3 49
3 54
3 65
3 71
3 82
3 86
3 87
3 88
3 89
4 4
4 6
4 8
4 9
4 12
4 13
4 14
4 15
4 18
4 26
4 30
4 58
4 60
4 64
4 89
4 93
4 113
5 5
5 7
5 15
5 20
5 21
5 22
5 23
5 24
5 25
5 26
5 27
5 35
5 39
5 42
5 43
5 44
5 45
5 46
5 47
5 49
5 64
5 65
5 82
5 84
5 85
5 86
5 87
5 88
5 89
5 110
6 6
6 8
6 9
6 12
6 14
6 18
6 22
6 26
6 50
6 60
6 61
6 62
6 63
6 64
6 82
6 86
6 89
7 7
7 9
7 11
7 15
7 20
7 21
7 23
7 24
7 25
7 27
7 30
7 31
7 43
7 44
7 45
7 49
7 64
7 65
7 67
7 82
7 83
7 84
7 85
7 86
7 87
7 89
8 8
8 9
8 10
8 12
8 13
8 14
8 15
8 22
8 23
8 24
8 26
8 27
8 30
8 38
8 40
8 49
8 54
8 64
8 82
8 86
8 88
8 89
8 114
9 9
9 14
9 15
9 21
9 22
9 23
9 24
9 25
9 26
9 27
9 30
9 49
9 54
9 64
9 65
9 82
9 86
9 88
9 89
9 114
10 10
10 12
10 13
10 14
10 34
10 48
10 50
10 52
10 58
10 60
10 64
10 84
10 91
10 93
11 11
11 17
11 28
11 29
11 31
11 32
11 33
11 35
11 36
11 37
11 41
11 43
11 44
11 45
11 51
11 65
11 67
11 72
11 73
11 83
11 85
11 92
11 95
11 100
11 113
12 12
12 13
12 18
12 50
12 52
12 58
12 60
12 61
12 90
12 91
12 92
12 93
13 13
13 15
13 28
13 32
13 58
13 60
13 61
13 75
13 90
13 92
13 93
13 100
13 106
14 14
14 15
14 22
14 23
14 24
14 25
14 26
14 27
14 38
14 40
14 49
14 54
14 64
14 82
14 84
14 86
14 87
14 88
14 89
14 114
15 15
15 20
15 21
15 22
15 23
15 24
15 25
15 26
15 27
15 30
15 31
15 38
15 43
15 49
15 54
15 64
15 65
15 82
15 83
15 86
15 87
15 88
15 89
15 113
15 114
16 16
16 17
16 28
16 29
16 32
16 33
16 36
16 52
16 56
16 57
16 60
16 61
16 62
16 63
16 68
16 70
16 72
16 73
16 74
16 76
16 77
16 78
16 79
16 80
16 81
16 91
16 101
16 106
17 17
17 19
17 28
17 29
17 30
17 31
17 32
17 33
17 35
17 36
17 37
17 41
17 61
17 63
17 71
17 72
17 73
17 74
17 76
17 77
17 79
17 80
17 81
17 83
17 106
18 18
18 19
18 57
18 58
18 60
18 66
18 68
18 69
18 70
18 90
18 91
18 93
19 19
19 28
19 30
19 31
19 34
19 36
19 69
19 72
19 74
19 80
19 83
20 20
20 21
20 23
20 24
20 25
20 26
20 27
20 30
20 31
20 39
20 42
20 43
20 44
20 45
20 55
20 65
20 70
20 71
20 87
20 109
20 110
21 21
21 22
21 23
21 24
21 25
21 26
21 27
21 30
21 31
21 35
21 38
21 39
21 40
21 42
21 43
21 44
21 45
21 46
21 47
21 49
21 55
21 65
21 67
21 71
21 77
21 79
21 83
21 85
21 87
21 89
21 113
21 114
22 22
22 23
22 24
22 25
22 26
22 27
22 30
22 38
22 40
22 49
22 54
22 56
22 64
22 82
22 84
22 86
22 87
22 88
22 89
22 114
23 23
23 24
23 25
23 26
23 27
23 30
23 31
23 38
23 39
23 44
23 45
23 49
23 64
23 65
23 67
23 82
23 84
23 85
23 86
23 87
23 88
23 89
23 114
24 24
24 25
24 26
24 27
24 30
24 31
24 34
24 38
24 40
24 44
24 49
24 54
24 64
24 65
24 82
24 84
24 85
24 86
24 87
24 88
24 89
25 25
25 26
25 27
25 30
25 31
25 34
25 35
25 39
25 42
25 43
25 44
25 45
25 46
25 47
25 64
25 65
25 82
25 84
25 85
25 86
25 87
25 88
25 89
25 110
25 113
26 26
26 27
26 38
26 39
26 47
26 49
26 54
26 55
26 64
26 82
26 84
26 86
26 87
26 88
26 89
27 27
27 38
27 39
27 44
27 49
27 54
27 64
27 65
27 82
27 84
27 85
27 86
27 87
27 88
27 89
28 28
28 29
28 30
28 31
28 32
28 33
28 36
28 37
28 41
28 61
28 62
28 63
28 72
28 73
28 74
28 75
28 76
28 77
28 78
28 79
28 80
28 81
28 83
28 92
28 99
28 100
28 101
28 102
28 105
28 106
28 108
28 112
28 115
29 29
29 30
29 31
29 32
29 33
29 35
29 36
29 37
29 41
29 61
29 63
29 71
29 72
29 73
29 74
29 75
29 76
29 77
29 78
29 79
29 80
29 81
29 83
29 92
29 100
29 106
30 30
30 31
30 34
30 35
30 36
30 70
30 71
30 73
30 75
30 76
30 77
30 79
30 83
31 31
31 34
31 35
31 36
31 37
31 41
31 67
31 70
31 71
31 73
31 75
31 76
31 77
31 83
31 87
31 113
32 32
32 33
32 41
32 61
32 62
32 63
32 68
32 72
32 73
32 74
32 76
32 77
32 79
32 80
32 81
32 101
32 102
32 106
33 33
33 34
33 35
33 36
33 41
33 61
33 62
33 63
33 72
33 74
33 76
33 80
33 81
33 102
33 104
33 105
33 106
34 34
34 35
34 36
34 41
34 67
34 82
34 83
34 84
34 87
34 92
34 105
35 35
35 37
35 41
35 44
35 45
35 67
35 77
35 87
35 92
35 113
36 36
36 37
36 41
36 67
36 72
36 73
36 74
36 76
36 79
36 80
36 81
36 83
36 97
36 99
36 100
36 102
36 105
36 106
36 108
36 112
36 115
37 37
37 39
37 41
37 45
37 67
37 71
37 73
37 75
37 76
37 77
37 78
37 79
37 85
37 92
37 95
37 96
37 97
37 100
37 103
37 106
37 109
37 110
37 113
38 38
38 39
38 40
38 49
38 54
38 55
38 64
38 82
38 84
38 86
38 87
38 88
38 89
39 39
39 44
39 45
39 54
39 55
39 65
39 67
39 71
39 75
39 77
39 85
39 86
39 87
39 88
39 89
39 94
39 96
39 97
39 109
39 110
40 40
40 41
40 48
40 49
40 54
40 78
40 79
40 84
40 89
40 105
40 106
40 114
41 41
41 45
41 67
41 72
41 73
41 74
41 75
41 77
41 79
41 80
41 81
41 83
41 85
41 87
41 100
42 42
42 43
42 44
42 45
42 46
42 47
42 48
42 49
42 50
42 51
42 53
42 55
42 65
42 96
42 98
42 110
42 113
43 43
43 44
43 45
43 46
43 47
43 48
43 49
43 51
43 55
43 65
43 110
43 113
44 44
44 45
44 46
44 47
44 48
44 49
44 55
44 65
44 82
44 84
44 85
44 86
44 87
44 110
45 45
45 46
45 47
45 49
45 51
45 55
45 65
45 67
45 84
45 85
45 87
45 110
46 46
46 47
46 49
46 53
46 55
46 79
46 90
46 96
46 98
46 113
46 114
46 115
47 47
47 49
47 53
47 55
47 90
47 96
47 98
47 110
48 48
48 49
48 50
48 51
48 52
48 54
48 55
48 58
48 59
48 60
48 61
49 49
49 50
49 51
49 53
49 54
49 55
49 64
49 82
49 84
49 85
49 86
49 87
49 88
49 89
50 50
50 51
50 52
50 54
50 58
50 60
50 64
50 84
50 88
50 90
50 93
51 51
51 52
51 53
51 55
51 59
51 85
52 52
52 53
52 57
52 58
52 59
52 60
52 61
52 62
52 63
52 80
52 90
52 91
52 93
52 98
52 101
52 106
52 107
53 53
53 57
53 79
53 80
53 81
53 98
54 54
54 82
54 84
54 86
54 87
54 88
54 89
55 55
55 71
55 85
55 87
55 96
55 97
55 98
55 109
56 56
56 57
56 58
56 68
56 88
56 91
56 98
56 99
56 107
56 111
57 57
57 58
57 59
57 60
57 62
57 63
57 68
57 69
57 74
57 80
57 81
57 91
57 99
57 107
58 58
58 59
58 60
58 61
58 63
58 66
58 68
58 88
58 90
58 91
58 93
58 107
59 59
59 61
59 62
59 63
59 66
59 80
59 81
59 102
59 106
60 60
60 61
60 62
60 63
60 66
60 68
60 90
60 91
60 93
60 101
61 61
61 62
61 63
61 66
61 72
61 73
61 76
61 77
61 80
61 81
61 102
61 106
62 62
62 63
62 66
62 68
62 69
62 72
62 73
62 74
62 76
62 80
62 81
62 91
62 102
63 63
63 66
63 68
63 72
63 73
63 74
63 76
63 77
63 79
63 80
63 81
63 102
63 106
64 64
64 65
64 82
64 84
64 86
64 87
64 88
64 89
64 93
65 65
65 67
65 84
65 85
65 86
65 87
65 89
65 92
65 110
65 113
66 66
66 67
66 68
66 69
66 74
66 80
66 102
66 103
67 67
67 85
67 87
67 95
67 102
67 110
68 68
68 69
68 74
68 80
68 91
68 93
68 99
68 102
68 103
68 107
68 111
69 69
69 80
69 91
69 93
69 107
69 108
70 70
70 71
70 73
70 74
70 75
70 76
70 77
70 78
70 94
70 109
71 71
71 73
71 75
71 76
71 77
71 79
71 109
72 72
72 73
72 74
72 75
72 76
72 79
72 80
72 81
72 83
72 95
72 99
72 100
72 101
72 102
72 104
72 105
72 106
72 107
72 108
72 115
73 73
73 74
73 75
73 76
73 77
73 78
73 79
73 80
73 81
73 83
73 100
73 106
73 109
74 74
74 75
74 76
74 79
74 80
74 81
74 99
74 100
74 101
74 102
74 106
75 75
75 77
75 83
75 92
75 100
75 109
75 110
76 76
76 77
76 78
76 79
76 80
76 81
76 98
76 99
76 106
76 109
77 77
77 78
77 79
77 81
77 109
78 78
78 79
78 80
78 81
78 106
79 79
79 81
79 114
79 115
80 80
80 81
80 99
80 101
80 102
80 106
80 107
81 81
81 102
81 106
82 82
82 83
82 84
82 86
82 87
82 88
82 89
83 83
83 87
83 100
84 84
84 85
84 86
84 87
84 88
84 89
85 85
85 87
86 86
86 87
86 88
86 89
87 87
87 88
87 89
87 110
88 88
88 89
88 93
89 89
90 90
90 91
90 92
90 93
90 98
90 101
90 103
91 91
91 93
91 94
91 95
91 96
91 97
91 98
91 99
91 101
91 102
91 103
91 107
91 108
91 111
91 112
92 92
92 93
92 98
92 100
92 102
92 104
92 106
92 113
92 115
93 93
93 94
93 96
93 97
93 99
93 101
93 104
93 112
94 94
94 95
94 96
94 97
94 99
94 101
94 103
94 104
94 108
94 109
94 110
94 111
94 112
94 115
95 95
95 96
95 97
95 98
95 99
95 102
95 103
95 108
95 109
95 110
95 111
95 112
96 96
96 97
96 98
96 99
96 101
96 103
96 108
96 109
96 110
96 111
96 112
96 113
96 115
97 97
97 98
97 99
97 108
97 109
97 110
97 111
97 112
98 98
98 99
98 100
98 101
98 102
98 103
98 106
98 108
98 109
98 111
98 112
98 114
98 115
99 99
99 101
99 102
99 103
99 104
99 106
99 107
99 108
99 109
99 111
99 112
99 113
99 114
99 115
100 100
100 102
100 106
101 101
101 102
101 103
101 104
101 105
101 106
101 107
101 115
102 102
102 103
102 104
102 105
102 106
102 107
102 108
102 115
103 103
103 104
103 105
103 106
103 107
103 108
103 110
103 111
103 112
103 113
103 115
104 104
104 105
104 106
104 107
104 108
104 112
104 113
104 115
105 105
105 107
105 108
105 114
105 115
106 106
106 107
106 115
107 107
107 115
108 108
108 109
108 110
108 111
108 112
108 113
108 115
109 109
109 110
109 111
110 110
110 111
110 113
111 111
111 112
111 115
112 112
112 113
112 114
112 115
113 113
113 114
113 115
114 114
114 115
115 115
