0 0
0 1
0 10
0 11
0 12
0 17
0 18
0 19
0 28
0 29
0 30
0 32
0 33
0 56
0 57
0 60
0 63
0 72
0 73
0 74
0 76
0 82
1 1
1 10
1 11
1 13
1 15
1 18
1 19
1 28
1 29
1 30
1 31
1 32
1 33
1 56
1 57
1 68
1 72
1 73
1 74
1 75
1 76
1 77
1 85
2 2
2 3
2 6
2 8
2 10
2 12
2 14
2 22
2 23
2 24
2 25
2 30
2 31
2 34
2 45
2 64
2 70
2 71
2 88
2 110
3 3
3 7
3 8
3 9
3 15
3 18
3 22
3 23
3 28
3 29
3 30
3 31
3 33
3 64
3 73
3 74
3 75
3 76
3 77
3 82
3 83
3 84
3 85
3 88
3 89
4 4
4 5
4 8
4 9
4 20
4 21
4 24
4 26
4 54
4 59
4 88
4 89
4 90
4 91
4 92
4 93
4 101
4 102
4 105
4 106
4 112
5 5
5 6
5 7
5 9
5 13
5 15
5 20
5 21
5 23
5 24
5 25
5 26
5 27
5 30
5 31
5 34
5 71
5 92
5 110
6 6
6 7
6 12
6 16
6 22
6 24
6 25
6 28
6 30
6 31
6 32
6 33
6 63
6 64
6 71
6 72
6 75
6 78
6 79
7 7
7 9
7 11
7 12
7 13
7 15
7 20
7 21
7 25
7 27
7 30
7 31
7 33
7 64
7 65
7 70
7 71
7 74
7 75
7 77
8 8
8 9
8 14
8 22
8 38
8 40
8 64
8 65
8 86
8 88
8 89
9 9
9 11
9 13
9 15
9 16
9 26
9 64
9 65
9 84
9 88
9 92
10 10
10 11
10 12
10 13
10 14
10 15
10 23
10 24
10 25
10 27
10 29
10 30
10 31
10 40
10 43
10 74
10 75
10 76
10 82
10 84
10 85
10 87
10 107
11 11
11 12
11 13
11 14
11 15
11 27
11 28
11 29
11 30
11 31
11 33
11 40
11 64
11 72
11 73
11 74
11 75
11 76
11 77
11 85
11 87
12 12
12 13
12 14
12 15
12 17
12 22
12 27
12 28
12 29
12 30
12 31
12 33
12 37
12 40
12 43
12 64
12 71
12 72
12 73
12 74
12 75
12 76
12 78
12 79
12 87
13 13
13 14
13 15
13 21
13 25
13 26
13 27
13 30
13 31
13 41
13 64
13 65
13 71
13 73
13 74
13 75
13 76
13 77
13 85
13 87
14 14
14 15
14 22
14 23
14 24
14 27
14 30
14 34
14 35
14 40
14 50
14 64
14 82
14 86
14 87
14 88
15 15
15 21
15 22
15 23
15 25
15 26
15 27
15 30
15 31
15 40
15 41
15 64
15 65
15 70
15 71
15 73
15 74
15 75
15 76
15 77
16 16
16 17
16 18
16 28
16 29
16 32
16 33
16 36
16 37
16 41
16 56
16 57
16 61
16 62
16 63
16 72
16 76
16 78
16 79
16 80
16 81
16 84
16 112
17 17
17 18
17 28
17 29
17 32
17 33
17 36
17 37
17 40
17 41
17 56
17 57
17 61
17 62
17 63
17 72
17 73
17 74
17 75
17 76
17 77
17 78
17 79
17 80
17 81
17 82
17 83
18 18
18 19
18 28
18 29
18 30
18 31
18 32
18 33
18 36
18 41
18 57
18 62
18 68
18 72
18 73
18 74
18 76
18 77
18 79
18 81
18 82
18 83
19 19
19 23
19 28
19 29
19 30
19 31
19 32
19 33
19 57
19 68
19 69
19 72
19 76
19 82
19 83
19 86
19 101
20 20
20 21
20 23
20 24
20 25
20 26
20 27
20 30
20 31
20 34
20 45
20 67
20 69
20 70
20 71
20 92
20 94
20 96
20 106
20 109
20 110
21 21
21 23
21 24
21 25
21 26
21 27
21 30
21 31
21 34
21 45
21 67
21 70
21 71
21 77
21 92
21 94
21 110
21 114
22 22
22 23
22 27
22 30
22 31
22 34
22 35
22 40
22 64
22 70
22 71
22 73
22 74
22 82
22 83
22 86
22 87
22 88
23 23
23 24
23 25
23 26
23 27
23 30
23 31
23 34
23 35
23 64
23 67
23 69
23 70
23 71
23 77
23 82
23 83
23 84
23 85
23 86
23 87
23 88
23 92
23 94
23 110
24 24
24 25
24 26
24 27
24 30
24 31
24 34
24 35
24 45
24 50
24 67
24 71
24 110
24 114
25 25
25 26
25 27
25 30
25 31
25 34
25 35
25 45
25 67
25 70
25 71
25 77
25 85
25 94
25 96
25 110
26 26
26 27
26 30
26 31
26 67
26 110
27 27
27 30
27 31
27 34
27 35
27 45
27 50
27 67
27 70
27 71
27 77
27 85
27 94
27 110
28 28
28 29
28 30
28 31
28 32
28 33
28 36
28 37
28 40
28 41
28 56
28 57
28 61
28 62
28 63
28 64
28 72
28 73
28 74
28 75
28 76
28 77
28 78
28 79
28 80
28 81
28 82
28 83
28 87
29 29
29 30
29 31
29 32
29 33
29 36
29 37
29 40
29 41
29 56
29 57
29 61
29 62
29 63
29 64
29 72
29 73
29 74
29 75
29 76
29 77
29 78
29 79
29 80
29 81
29 82
29 83
29 85
29 87
30 30
30 31
30 32
30 33
30 64
30 70
30 71
30 72
30 73
30 74
30 75
30 76
30 77
30 79
30 82
30 83
30 85
30 87
31 31
31 32
31 33
31 64
31 70
31 71
31 72
31 73
31 74
31 75
31 76
31 77
31 82
31 83
31 84
31 85
31 87
32 32
32 33
32 36
32 37
32 41
32 56
32 57
32 62
32 63
32 68
32 72
32 73
32 74
32 75
32 76
32 77
32 78
32 79
32 80
32 81
32 83
33 33
33 57
33 64
33 68
33 72
33 73
33 74
33 75
33 76
33 77
33 79
33 81
33 82
33 83
34 34
34 35
34 44
34 45
34 50
34 67
34 71
34 88
34 92
34 110
34 114
35 35
35 39
35 44
35 45
35 48
35 50
35 67
35 88
35 109
35 110
36 36
36 37
36 38
36 40
36 41
36 54
36 56
36 57
36 61
36 62
36 63
36 72
36 73
36 74
36 75
36 76
36 78
36 79
36 80
36 81
36 84
36 89
36 101
36 112
37 37
37 40
37 41
37 54
37 55
37 56
37 62
37 63
37 72
37 73
37 74
37 75
37 76
37 77
37 78
37 79
37 80
37 81
37 89
38 38
38 39
38 40
38 54
38 55
38 88
38 89
38 105
39 39
39 40
39 54
39 55
39 88
39 95
39 96
39 97
39 105
39 108
39 109
39 110
39 114
40 40
40 41
40 55
40 72
40 73
40 74
40 76
40 81
40 82
40 83
40 86
40 87
41 41
41 54
41 61
41 62
41 63
41 72
41 73
41 74
41 75
41 76
41 77
41 79
41 83
41 89
42 42
42 43
42 44
42 45
42 46
42 47
42 48
42 49
42 50
42 51
42 96
42 98
42 104
42 111
43 43
43 44
43 45
43 46
43 47
43 49
43 51
43 96
43 107
43 111
44 44
44 45
44 46
44 47
44 48
44 49
44 50
44 51
44 67
44 96
44 98
44 104
44 111
45 45
45 46
45 47
45 48
45 49
45 50
45 51
45 67
45 93
45 96
45 100
45 104
45 110
46 46
46 47
46 48
46 49
46 50
46 51
46 52
46 53
46 54
46 55
46 59
46 90
46 91
46 96
46 98
46 99
46 102
46 103
46 104
46 111
46 112
46 113
46 115
47 47
47 48
47 49
47 50
47 51
47 53
47 55
47 96
47 98
47 99
47 104
47 107
47 111
47 113
48 48
48 49
48 50
48 51
48 52
48 53
48 58
48 59
48 65
48 67
48 90
48 91
48 98
48 99
48 100
48 104
48 111
49 49
49 50
49 51
49 52
49 53
49 55
49 59
49 96
49 98
49 100
49 104
49 111
50 50
50 51
50 52
50 53
50 55
50 65
50 67
50 88
50 90
50 96
50 98
50 100
51 51
51 52
51 53
51 55
51 58
51 59
51 90
51 91
51 96
51 98
51 99
51 100
51 104
51 111
51 113
52 52
52 53
52 54
52 55
52 58
52 59
52 60
52 61
52 66
52 89
52 90
52 91
52 98
52 99
52 101
52 102
52 103
52 105
52 111
53 53
53 55
53 56
53 59
53 90
53 91
53 98
53 99
53 111
53 113
54 54
54 55
54 58
54 59
54 60
54 61
54 66
54 88
54 89
54 90
54 91
54 99
54 100
54 101
54 102
54 103
54 105
54 112
54 115
55 55
55 58
55 59
55 60
55 61
55 89
55 96
55 98
55 99
55 104
55 111
55 113
56 56
56 57
56 60
56 61
56 62
56 63
56 74
56 78
56 79
56 80
56 81
56 99
57 57
57 60
57 61
57 62
57 63
57 68
57 72
57 74
57 78
57 79
57 80
57 81
58 58
58 59
58 60
58 61
58 66
58 89
58 90
58 91
58 93
58 98
58 99
58 100
58 101
58 102
58 103
58 109
58 111
59 59
59 61
59 66
59 69
59 90
59 91
59 93
59 98
59 99
59 100
59 101
59 102
59 103
59 104
59 105
59 106
59 111
60 60
60 61
60 62
60 63
60 65
60 78
60 103
61 61
61 62
61 63
61 65
61 66
61 72
61 79
61 89
61 90
61 102
61 103
62 62
62 63
62 72
62 78
62 79
62 80
62 81
62 99
62 101
62 102
62 103
62 111
62 112
63 63
63 72
63 74
63 78
63 79
63 80
63 81
63 99
63 102
63 103
63 112
64 64
64 65
64 72
64 73
64 74
64 75
64 76
64 77
65 65
65 100
66 66
66 67
66 68
66 69
66 90
66 96
66 97
66 100
66 102
66 103
66 105
66 108
66 109
67 67
67 69
67 71
67 88
67 92
67 93
67 94
67 100
67 104
67 105
67 106
67 109
67 110
68 68
68 69
68 97
68 101
68 109
69 69
69 90
69 91
69 92
69 93
69 94
69 97
69 101
69 102
69 105
69 106
69 109
69 110
69 115
70 70
70 71
70 73
70 74
70 76
70 77
70 110
71 71
71 73
71 77
71 94
71 110
71 114
72 72
72 73
72 74
72 75
72 76
72 77
72 78
72 79
72 80
72 81
72 82
72 83
73 73
73 74
73 75
73 76
73 77
73 78
73 79
73 81
73 82
73 83
73 85
73 87
74 74
74 75
74 76
74 77
74 78
74 79
74 81
74 82
74 83
74 85
74 87
75 75
75 76
75 77
75 78
75 79
75 85
75 87
76 76
76 77
76 78
76 79
76 81
76 82
76 83
76 84
76 85
76 87
77 77
77 82
77 83
77 85
78 78
78 79
78 80
78 81
78 112
79 79
79 80
79 81
79 87
80 80
80 81
80 83
80 84
80 99
80 101
80 102
80 103
80 111
80 112
80 115
81 81
81 82
81 83
81 84
81 111
81 112
81 113
82 82
82 83
82 84
82 85
82 86
82 87
83 83
83 84
83 85
83 86
83 87
84 84
84 85
84 87
84 114
85 85
85 87
86 86
86 87
87 87
87 114
88 88
88 89
88 90
88 92
88 93
88 100
88 105
88 110
89 89
89 112
90 90
90 91
90 92
90 93
90 98
90 99
90 100
90 101
90 102
90 103
90 104
90 105
90 106
90 111
90 112
90 115
91 91
91 92
91 93
91 98
91 99
91 100
91 101
91 102
91 103
91 104
91 105
91 106
91 111
91 112
91 115
92 92
92 93
92 94
92 100
92 101
92 102
92 103
92 104
92 105
92 106
92 110
92 112
92 114
93 93
93 94
93 99
93 100
93 101
93 102
93 103
93 104
93 105
93 106
93 110
93 111
93 112
93 115
94 94
94 95
94 97
94 100
94 105
94 106
94 107
94 108
94 109
94 110
94 114
94 115
95 95
95 97
95 105
95 106
95 107
95 108
95 109
95 112
95 114
95 115
96 96
96 97
96 98
96 103
96 109
96 110
96 111
96 113
97 97
97 100
97 107
97 108
97 109
97 110
97 112
97 114
97 115
98 98
98 99
98 100
98 102
98 103
98 104
98 111
98 113
99 99
99 101
99 102
99 103
99 104
99 106
99 111
99 112
99 113
99 115
100 100
100 102
100 103
100 105
101 101
101 102
101 103
101 104
101 106
101 111
102 102
102 103
102 104
102 105
102 106
102 109
102 111
102 112
102 115
103 103
103 104
103 105
103 106
103 109
103 111
103 112
103 113
103 114
103 115
104 104
104 105
104 106
104 107
104 111
104 114
104 115
105 105
105 106
105 107
105 108
105 110
105 111
105 112
105 114
105 115
106 106
106 107
106 110
106 112
106 115
107 107
107 108
107 114
107 115
108 108
108 109
108 112
108 114
108 115
109 109
109 110
110 110
110 114
111 111
111 112
111 113
111 115
112 112
112 113
112 114
112 115
113 113
113 114
114 114
115 115
