0 0
0 1
0 10
0 11
0 12
0 13
0 16
0 17
0 19
0 28
0 40
0 56
0 57
0 60
0 68
0 72
0 76
0 78
0 80
0 81
0 90
0 91
0 98
0 99
0 101
0 103
0 111
1 1
1 10
1 11
1 13
1 16
1 17
1 19
1 28
1 29
1 36
1 37
1 39
1 40
1 56
1 57
1 62
1 63
1 68
1 72
1 73
1 76
1 78
1 80
1 81
1 83
1 85
1 95
1 98
1 99
1 101
1 102
1 111
1 112
2 2
2 3
2 4
2 5
2 6
2 8
2 9
2 12
2 14
2 18
2 22
2 23
2 24
2 25
2 27
2 30
2 31
2 34
2 35
2 48
2 50
2 54
2 58
2 64
2 65
2 66
2 67
2 88
2 91
2 93
2 94
2 115
3 3
3 4
3 5
3 6
3 7
3 8
3 9
3 11
3 14
3 15
3 21
3 22
3 23
3 24
3 25
3 26
3 27
3 30
3 31
3 34
3 35
3 43
3 44
3 45
3 46
3 50
3 51
3 53
3 64
3 65
3 67
3 87
3 88
3 92
4 4
4 5
4 6
4 7
4 8
4 9
4 14
4 15
4 20
4 22
4 23
4 24
4 26
4 30
4 31
4 35
4 50
4 64
4 65
4 67
4 88
5 5
5 6
5 8
5 9
5 11
5 14
5 15
5 21
5 22
5 23
5 24
5 25
5 27
5 30
5 31
5 34
5 35
5 43
5 44
5 45
5 46
5 48
5 50
5 51
5 53
5 64
5 65
5 67
5 86
5 87
5 88
5 92
5 96
5 110
6 6
6 7
6 8
6 9
6 18
6 22
6 23
6 24
6 30
6 31
6 33
6 34
6 35
6 50
6 64
6 65
6 66
6 67
6 93
6 115
7 7
7 8
7 9
7 11
7 13
7 15
7 30
7 33
7 61
7 64
7 65
7 92
7 100
8 8
8 9
8 14
8 15
8 22
8 23
8 24
8 25
8 26
8 30
8 35
8 50
8 61
8 64
8 65
8 86
8 88
9 9
9 11
9 14
9 15
9 22
9 23
9 24
9 26
9 30
9 34
9 35
9 50
9 51
9 61
9 64
9 65
9 67
9 88
9 92
10 10
10 11
10 12
10 13
10 14
10 15
10 16
10 17
10 28
10 56
10 58
10 60
10 61
10 63
10 84
10 111
11 11
11 12
11 13
11 14
11 15
11 61
11 65
11 84
11 85
11 87
11 90
11 92
11 100
12 12
12 13
12 14
12 15
12 28
12 39
12 54
12 58
12 60
12 61
12 64
12 74
12 93
12 94
12 95
12 97
12 108
13 13
13 14
13 15
13 17
13 39
13 58
13 60
13 61
13 63
13 65
13 78
13 89
13 92
13 95
13 97
13 100
14 14
14 15
14 22
14 24
14 25
14 27
14 35
14 48
14 50
14 51
14 61
14 64
14 65
14 82
14 88
15 15
15 35
15 50
15 61
15 64
15 65
15 84
15 88
15 89
15 92
15 94
16 16
16 17
16 19
16 28
16 29
16 32
16 36
16 40
16 56
16 57
16 60
16 62
16 63
16 68
16 69
16 72
16 73
16 74
16 75
16 76
16 77
16 78
16 79
16 80
16 81
16 83
16 99
16 111
17 17
17 19
17 28
17 29
17 32
17 36
17 40
17 56
17 57
17 62
17 63
17 68
17 69
17 72
17 73
17 74
17 75
17 76
17 77
17 78
17 79
17 80
17 81
17 83
17 85
17 95
17 99
17 111
18 18
18 19
18 28
18 29
18 32
18 33
18 66
18 68
18 69
18 72
18 97
18 101
18 103
18 108
19 19
19 20
19 28
19 29
19 32
19 33
19 56
19 57
19 62
19 63
19 68
19 69
19 72
19 73
19 75
19 76
19 77
19 79
19 80
19 81
19 83
19 84
19 85
19 90
19 102
19 107
19 111
19 114
20 20
20 21
20 24
20 26
20 70
20 71
20 73
20 77
20 79
20 107
20 115
21 21
21 22
21 23
21 24
21 25
21 26
21 27
21 30
21 31
21 35
21 43
21 46
21 49
21 50
21 51
21 55
21 70
21 71
21 75
21 77
21 87
21 88
21 96
21 110
21 114
22 22
22 23
22 24
22 25
22 26
22 27
22 30
22 31
22 34
22 35
22 42
22 43
22 44
22 45
22 46
22 47
22 50
22 51
22 53
22 64
22 65
22 67
22 82
22 87
22 88
22 110
23 23
23 24
23 25
23 26
23 27
23 30
23 31
23 34
23 35
23 42
23 43
23 44
23 45
23 46
23 50
23 53
23 64
23 65
23 67
23 70
23 71
23 82
23 87
23 88
23 92
24 24
24 25
24 26
24 27
24 30
24 31
24 34
24 35
24 43
24 44
24 45
24 50
24 51
24 64
24 65
24 67
24 71
24 82
24 88
24 92
24 110
25 25
25 27
25 30
25 31
25 34
25 35
25 43
25 45
25 50
25 64
25 65
25 67
25 70
25 71
25 82
25 87
25 88
25 92
25 93
25 96
25 110
26 26
26 43
26 46
26 47
26 50
26 51
26 53
27 27
27 31
27 34
27 35
27 43
27 46
27 48
27 49
27 50
27 51
27 55
27 64
27 65
27 67
27 87
27 88
27 89
27 96
27 110
28 28
28 29
28 32
28 33
28 36
28 40
28 56
28 57
28 60
28 62
28 63
28 68
28 69
28 72
28 73
28 74
28 75
28 76
28 77
28 78
28 79
28 80
28 81
28 83
28 95
28 99
28 101
28 108
28 111
28 115
29 29
29 32
29 33
29 36
29 37
29 40
29 56
29 57
29 62
29 63
29 68
29 69
29 72
29 73
29 74
29 75
29 76
29 77
29 78
29 79
29 80
29 81
29 83
29 85
29 95
29 99
29 102
29 111
30 30
30 31
30 33
30 34
30 35
30 44
30 45
30 50
30 64
30 65
30 67
30 70
30 71
30 82
30 88
30 110
31 31
31 33
31 34
31 35
31 43
31 44
31 45
31 64
31 65
31 67
31 70
31 71
31 73
31 75
31 82
31 88
31 110
32 32
32 33
32 36
32 57
32 63
32 66
32 69
32 72
32 76
32 79
32 80
32 81
32 83
32 101
32 102
32 103
32 107
32 115
33 33
33 36
33 57
33 62
33 63
33 66
33 67
33 69
33 72
33 79
33 80
33 83
33 106
33 107
34 34
34 35
34 50
34 54
34 64
34 65
34 66
34 67
34 77
34 88
34 92
34 94
34 108
34 114
34 115
35 35
35 43
35 45
35 50
35 64
35 65
35 67
35 84
35 87
35 88
35 92
35 110
36 36
36 37
36 38
36 40
36 56
36 57
36 60
36 62
36 63
36 68
36 72
36 76
36 78
36 79
36 80
36 81
36 83
36 95
36 106
36 109
36 111
37 37
37 38
37 39
37 40
37 41
37 57
37 62
37 63
37 71
37 72
37 73
37 75
37 76
37 83
37 85
37 95
37 109
37 111
38 38
38 39
38 41
38 54
38 55
38 71
38 72
38 74
38 86
38 87
38 89
38 95
38 109
38 110
39 39
39 41
39 55
39 58
39 60
39 61
39 62
39 63
39 68
39 71
39 87
39 89
39 95
39 96
39 97
39 109
39 110
39 111
40 40
40 49
40 56
40 57
40 60
40 62
40 63
40 72
40 73
40 74
40 76
40 78
40 80
40 81
40 83
40 101
41 41
41 54
41 62
41 63
41 71
41 73
41 74
41 75
41 76
41 83
41 105
41 109
41 111
42 42
42 43
42 44
42 45
42 46
42 47
42 49
42 53
42 55
42 96
42 98
42 110
43 43
43 44
43 45
43 46
43 47
43 49
43 51
43 55
43 96
43 98
43 110
44 44
44 45
44 46
44 47
44 48
44 49
44 51
44 53
44 55
44 67
44 96
44 98
44 109
44 110
45 45
45 46
45 47
45 49
45 55
45 67
45 96
45 110
46 46
46 47
46 48
46 49
46 50
46 51
46 53
46 55
46 90
46 96
46 98
46 99
46 109
46 110
46 112
47 47
47 48
47 49
47 51
47 53
47 55
47 82
47 90
47 96
47 98
47 99
47 109
47 110
47 112
48 48
48 50
48 51
48 52
48 53
48 54
48 55
48 58
48 89
48 90
48 91
48 96
48 98
49 49
49 51
49 55
49 59
49 96
49 109
50 50
50 51
50 52
50 53
50 55
50 64
50 65
50 88
50 89
50 90
50 93
50 96
50 98
51 51
51 52
51 53
51 55
51 59
51 89
51 96
51 98
52 52
52 53
52 54
52 55
52 58
52 59
52 60
52 66
52 89
52 90
52 91
52 93
52 98
52 103
52 105
52 113
53 53
53 55
53 90
53 98
53 99
53 113
54 54
54 58
54 60
54 62
54 66
54 88
54 89
54 91
54 93
54 95
54 103
54 105
55 55
55 89
55 96
55 97
55 98
55 99
55 109
55 110
55 111
55 112
56 56
56 57
56 58
56 60
56 62
56 63
56 68
56 69
56 72
56 76
56 78
56 80
56 81
56 83
56 99
56 101
56 102
56 103
56 111
57 57
57 60
57 62
57 63
57 68
57 69
57 72
57 73
57 75
57 76
57 77
57 78
57 79
57 80
57 81
57 83
57 99
57 101
57 102
57 111
58 58
58 59
58 60
58 61
58 62
58 63
58 66
58 68
58 78
58 89
58 93
58 97
58 101
58 103
58 105
58 108
59 59
59 63
59 66
59 67
59 89
59 100
59 103
59 104
59 106
60 60
60 61
60 62
60 63
60 66
60 68
60 72
60 74
60 78
60 80
60 81
60 93
60 95
60 101
60 103
61 61
61 63
61 64
61 65
61 89
61 92
61 100
62 62
62 63
62 66
62 68
62 69
62 72
62 73
62 74
62 75
62 76
62 78
62 79
62 80
62 81
62 83
62 95
62 101
62 102
62 103
62 106
62 111
63 63
63 66
63 68
63 69
63 72
63 73
63 74
63 75
63 76
63 78
63 80
63 81
63 83
63 95
63 111
64 64
64 65
64 67
64 86
64 88
64 92
64 93
65 65
65 67
65 87
65 88
65 89
65 92
66 66
66 67
66 69
66 72
66 80
66 103
67 67
68 68
68 69
68 72
68 76
68 78
68 79
68 80
68 81
68 83
68 86
68 95
68 97
68 99
68 101
68 102
68 111
69 69
69 72
69 76
69 78
69 79
69 80
69 81
69 83
69 90
69 101
69 102
69 103
69 107
69 108
69 114
69 115
70 70
70 71
70 73
70 74
70 75
70 77
70 107
70 115
71 71
71 73
71 74
71 75
71 76
71 77
71 87
71 92
71 104
71 114
72 72
72 73
72 74
72 75
72 76
72 77
72 78
72 79
72 80
72 81
72 83
72 95
72 99
72 101
72 102
72 111
73 73
73 74
73 75
73 76
73 77
73 80
73 81
73 113
74 74
74 75
74 76
74 78
74 80
75 75
75 76
75 77
75 100
75 113
76 76
76 77
76 78
76 79
76 80
76 81
76 83
77 77
77 79
77 81
77 85
77 92
77 102
77 104
77 107
77 114
77 115
78 78
78 79
78 80
78 81
78 83
78 94
78 96
78 97
78 98
78 99
78 111
79 79
79 80
79 81
79 101
79 102
79 107
79 114
79 115
80 80
80 81
80 83
80 101
80 102
80 103
80 111
81 81
81 83
81 84
81 85
81 95
81 102
81 111
82 82
82 84
82 86
82 88
83 83
83 85
83 102
83 109
83 111
84 84
84 85
84 88
84 92
84 107
85 85
85 95
85 109
86 86
86 87
86 88
86 89
87 87
87 88
87 89
87 91
87 92
87 94
87 96
88 88
88 89
88 92
88 93
89 89
89 91
89 92
89 93
89 96
89 100
89 104
89 105
90 90
90 91
90 92
90 93
90 98
90 99
90 100
90 104
90 107
90 111
90 112
90 114
91 91
91 92
91 93
91 94
91 98
91 99
91 100
91 101
91 103
91 104
91 105
91 108
91 112
91 113
91 114
91 115
92 92
92 93
92 100
92 102
92 104
92 112
92 113
92 114
92 115
93 93
93 100
93 101
93 102
93 103
93 105
93 113
93 114
93 115
94 94
94 95
94 96
94 97
94 104
94 108
95 95
95 97
95 102
95 108
95 111
96 96
96 97
96 98
96 99
96 110
96 112
97 97
97 99
97 108
98 98
98 99
98 109
98 111
98 112
99 99
99 111
99 112
99 113
100 100
100 101
100 102
100 104
100 105
100 112
100 113
100 114
100 115
101 101
101 102
101 103
101 105
101 106
101 107
101 111
101 113
101 115
102 102
102 103
102 104
102 105
102 106
102 107
102 112
102 113
102 114
102 115
103 103
103 104
103 105
103 107
104 104
104 105
104 106
104 112
104 113
104 114
104 115
105 105
105 107
105 114
105 115
106 106
106 107
107 107
107 114
107 115
108 108
109 109
109 110
109 111
110 110
111 111
111 112
111 113
112 112
112 114
113 113
113 114
113 115
114 114
114 115
115 115
