0 0
0 1
0 10
0 12
0 16
0 17
0 32
0 46
0 52
0 54
0 56
0 58
0 59
0 62
0 63
0 72
0 74
0 76
0 80
0 96
0 98
0 99
0 101
0 103
0 111
0 112
1 1
1 10
1 11
1 12
1 13
1 16
1 17
1 19
1 28
1 32
1 40
1 52
1 54
1 57
1 59
1 60
1 62
1 63
1 72
1 79
1 81
1 90
1 98
1 102
1 104
1 111
2 2
2 4
2 5
2 6
2 7
2 9
2 18
2 20
2 21
2 22
2 24
2 25
2 26
2 27
2 30
2 31
2 35
2 45
2 48
2 50
2 65
2 67
2 75
2 86
2 88
2 93
2 101
2 110
3 3
3 5
3 7
3 8
3 15
3 19
3 22
3 23
3 25
3 27
3 31
3 48
3 50
3 51
3 53
3 65
3 83
3 87
3 92
3 100
4 4
4 5
4 6
4 8
4 9
4 11
4 14
4 15
4 20
4 24
4 26
4 35
4 37
4 38
4 39
4 41
4 67
4 75
4 86
4 88
4 89
4 94
4 108
4 109
5 5
5 7
5 8
5 9
5 14
5 15
5 20
5 21
5 22
5 24
5 25
5 26
5 27
5 30
5 34
5 35
5 37
5 38
5 39
5 50
5 55
5 65
5 69
5 75
5 83
5 86
5 87
5 88
5 89
5 94
5 109
6 6
6 7
6 8
6 9
6 10
6 11
6 12
6 13
6 45
6 60
6 64
6 91
6 92
6 93
6 100
7 7
7 8
7 9
7 23
7 33
7 35
7 45
7 50
7 64
7 65
7 88
7 92
7 100
8 8
8 9
8 11
8 14
8 15
8 53
8 64
8 65
8 88
8 89
8 91
8 92
8 93
8 100
9 9
9 11
9 14
9 15
9 23
9 24
9 25
9 26
9 29
9 33
9 35
9 45
9 61
9 64
9 65
9 70
9 77
9 83
9 88
9 92
10 10
10 11
10 12
10 13
10 14
10 16
10 17
10 28
10 36
10 40
10 52
10 57
10 62
10 63
10 72
10 73
10 74
10 76
10 78
10 79
10 80
10 81
10 104
10 111
10 113
11 11
11 12
11 13
11 14
11 16
11 28
11 29
11 61
11 64
11 72
11 76
11 77
11 92
12 12
12 13
12 14
12 16
12 28
12 52
12 57
12 60
12 62
12 72
12 78
12 79
12 80
12 81
12 93
12 104
12 107
12 111
13 13
13 58
13 60
13 72
13 79
13 104
13 105
13 111
13 114
14 14
14 15
14 19
14 26
14 28
14 29
14 36
14 38
14 39
14 76
14 77
14 82
14 83
14 88
14 94
14 109
15 15
15 22
15 26
15 27
15 37
15 38
15 39
15 48
15 68
15 69
15 77
15 82
15 83
15 87
15 88
15 89
15 94
15 101
15 107
16 16
16 17
16 28
16 29
16 32
16 36
16 40
16 41
16 52
16 56
16 57
16 58
16 60
16 61
16 62
16 63
16 72
16 73
16 74
16 78
16 79
16 80
16 81
16 95
16 102
16 103
16 104
16 105
16 111
16 113
16 115
17 17
17 28
17 29
17 32
17 36
17 40
17 41
17 52
17 56
17 57
17 62
17 63
17 72
17 73
17 76
17 78
17 79
17 80
17 81
17 98
17 99
17 111
18 18
18 19
18 22
18 38
18 66
18 68
18 86
18 101
18 102
18 107
18 110
19 19
19 23
19 32
19 44
19 49
19 57
19 59
19 76
19 82
19 83
19 90
19 91
19 94
19 98
19 99
19 101
19 102
20 20
20 21
20 22
20 24
20 25
20 26
20 27
20 30
20 31
20 35
20 37
20 38
20 39
20 41
20 50
20 67
20 69
20 70
20 71
20 75
20 86
20 96
20 105
20 110
21 21
21 22
21 24
21 25
21 26
21 27
21 30
21 31
21 50
21 66
21 67
21 68
21 69
21 70
21 71
21 75
21 93
21 95
21 105
21 106
21 107
21 114
21 115
22 22
22 23
22 24
22 25
22 26
22 27
22 30
22 31
22 39
22 47
22 48
22 50
22 51
22 68
22 69
22 71
22 86
22 87
22 88
22 89
23 23
23 25
23 29
23 31
23 50
23 64
23 65
23 83
23 92
23 100
24 24
24 25
24 26
24 27
24 30
24 31
24 35
24 38
24 39
24 45
24 65
24 67
24 69
24 71
24 86
24 94
24 97
24 110
25 25
25 26
25 27
25 30
25 31
25 34
25 35
25 37
25 38
25 39
25 48
25 50
25 65
25 67
25 69
25 71
25 75
25 86
25 87
25 94
26 26
26 27
26 30
26 33
26 34
26 35
26 36
26 37
26 38
26 39
26 41
26 48
26 50
26 54
26 55
26 68
26 69
26 75
26 84
26 86
26 87
26 88
26 89
26 94
26 109
26 110
27 27
27 30
27 31
27 34
27 35
27 37
27 38
27 39
27 47
27 48
27 50
27 54
27 55
27 68
27 69
27 86
27 87
27 88
27 89
27 94
27 109
28 28
28 29
28 32
28 33
28 36
28 40
28 41
28 57
28 61
28 62
28 63
28 72
28 73
28 74
28 76
28 77
28 78
28 79
28 80
28 81
28 82
28 84
28 98
28 111
29 29
29 32
29 33
29 34
29 36
29 40
29 61
29 62
29 63
29 72
29 74
29 76
29 77
29 81
29 82
29 83
30 30
30 31
30 35
30 37
30 45
30 67
30 69
30 70
30 71
30 73
30 75
31 31
31 48
31 67
31 69
31 70
31 71
31 75
31 95
31 104
31 105
31 107
31 108
31 113
31 114
31 115
32 32
32 33
32 34
32 36
32 40
32 41
32 46
32 57
32 72
32 73
32 74
32 76
32 77
32 82
32 84
32 90
32 98
32 99
32 111
32 112
33 33
33 34
33 35
33 36
33 38
33 39
33 40
33 60
33 61
33 64
33 65
33 67
33 77
33 82
33 83
33 84
33 88
33 94
34 34
34 35
34 36
34 37
34 38
34 39
34 40
34 61
34 65
34 67
34 76
34 77
34 82
34 84
34 86
34 88
34 94
35 35
35 37
35 38
35 39
35 45
35 64
35 65
35 67
35 77
35 88
35 94
36 36
36 37
36 38
36 39
36 40
36 41
36 54
36 56
36 57
36 62
36 63
36 72
36 74
36 76
36 77
36 79
36 81
36 82
36 84
36 85
36 94
36 96
36 98
36 109
37 37
37 38
37 39
37 40
37 41
37 47
37 50
37 54
37 55
37 56
37 75
37 76
37 77
37 82
37 85
37 86
37 87
37 89
37 94
37 96
37 97
37 109
37 110
38 38
38 39
38 41
38 47
38 54
38 55
38 77
38 82
38 86
38 87
38 88
38 89
38 94
38 96
38 98
38 109
38 110
39 39
39 47
39 48
39 50
39 54
39 55
39 65
39 69
39 76
39 77
39 82
39 83
39 86
39 87
39 88
39 89
39 94
39 96
39 109
39 110
40 40
40 41
40 54
40 56
40 57
40 62
40 63
40 72
40 74
40 76
40 77
40 78
40 79
40 80
40 81
40 82
40 84
40 98
41 41
41 57
41 63
41 74
41 75
41 79
41 81
41 82
42 42
42 43
42 44
42 46
42 47
42 48
42 49
42 51
42 73
42 75
42 90
42 105
42 112
42 114
43 43
43 44
43 45
43 46
43 47
43 48
43 49
43 50
43 51
43 55
43 70
43 71
43 87
43 93
43 96
43 105
43 106
43 107
43 112
44 44
44 45
44 46
44 49
44 51
44 59
44 66
44 70
44 73
44 91
44 99
44 108
44 111
44 112
45 45
45 49
45 58
45 61
45 64
45 65
45 66
45 67
45 106
46 46
46 47
46 48
46 49
46 50
46 51
46 52
46 54
46 55
46 73
46 76
46 90
46 96
46 98
46 99
46 111
46 112
47 47
47 48
47 50
47 51
47 53
47 54
47 55
47 77
47 87
47 91
47 92
47 94
47 96
47 97
47 110
48 48
48 50
48 51
48 53
48 55
48 68
48 69
48 84
48 87
48 88
48 93
48 94
48 98
48 107
48 112
49 49
49 51
49 55
49 59
49 66
49 70
49 73
49 91
49 108
49 112
50 50
50 51
50 53
50 54
50 55
50 65
50 68
50 86
50 87
50 88
50 89
50 92
50 93
50 94
50 96
50 97
50 106
50 107
50 109
51 51
51 53
51 55
51 68
51 69
51 70
51 71
51 87
51 93
51 94
51 97
51 106
51 107
51 109
51 114
52 52
52 53
52 54
52 56
52 57
52 59
52 62
52 63
52 68
52 72
52 73
52 74
52 78
52 79
52 80
52 81
52 84
52 85
52 95
52 96
52 97
52 98
52 99
52 102
52 104
52 105
52 107
52 111
52 112
52 113
52 114
52 115
53 53
53 91
53 92
53 95
53 97
53 106
53 113
53 114
53 115
54 54
54 55
54 56
54 57
54 68
54 76
54 79
54 84
54 85
54 87
54 89
54 94
54 96
54 97
54 98
54 109
54 110
55 55
55 59
55 68
55 69
55 87
55 88
55 89
55 94
55 96
55 97
55 98
55 99
55 109
55 112
56 56
56 57
56 63
56 69
56 74
56 76
56 78
56 80
56 85
56 87
56 96
56 98
56 99
56 103
56 111
56 112
57 57
57 62
57 63
57 72
57 73
57 78
57 79
57 80
57 81
57 98
57 102
57 104
57 111
57 113
58 58
58 59
58 60
58 61
58 62
58 63
58 66
58 72
58 74
58 78
58 80
58 102
58 103
58 104
58 105
58 115
59 59
59 61
59 62
59 63
59 66
59 80
59 96
59 99
59 102
59 106
60 60
60 61
60 62
60 63
60 64
60 72
60 80
60 81
60 100
60 102
60 103
61 61
61 62
61 63
61 64
61 65
61 67
61 80
61 81
61 82
61 83
61 100
61 102
62 62
62 63
62 72
62 73
62 74
62 78
62 79
62 80
62 81
62 85
62 102
62 106
62 113
63 63
63 72
63 74
63 78
63 79
63 80
63 81
63 85
63 102
64 64
64 65
64 67
64 83
64 91
64 92
64 100
65 65
65 67
65 87
65 88
65 92
65 100
66 66
66 67
66 99
66 102
66 103
66 106
67 67
67 71
67 106
68 68
68 69
68 84
68 85
68 87
68 88
68 89
68 93
68 101
68 105
68 107
68 109
68 112
69 69
69 89
69 112
70 70
70 71
70 73
70 75
70 91
70 94
70 95
70 108
70 114
71 71
71 73
71 75
71 95
71 113
72 72
72 73
72 74
72 76
72 78
72 79
72 80
72 81
72 104
72 108
72 111
72 113
72 115
73 73
73 74
73 76
73 78
73 79
73 80
73 81
73 99
73 111
73 113
73 115
74 74
74 76
74 78
74 79
74 80
74 81
74 99
74 111
75 75
75 78
75 79
75 86
75 95
75 105
75 108
75 113
75 114
75 115
76 76
76 77
76 82
76 84
76 98
76 109
76 112
77 77
77 82
77 83
77 94
77 109
78 78
78 79
78 80
78 81
78 95
78 102
78 104
78 105
78 111
78 113
78 114
78 115
79 79
79 80
79 81
79 95
79 96
79 104
79 105
79 111
79 113
79 114
79 115
80 80
80 81
80 95
80 99
80 102
80 103
80 104
80 105
80 111
80 113
80 114
80 115
81 81
81 85
81 95
81 102
81 104
81 105
81 111
81 113
81 114
81 115
82 82
82 83
82 84
82 86
82 87
82 88
82 90
82 94
82 98
83 83
83 84
83 94
84 84
84 85
84 86
84 88
84 89
84 98
84 109
85 85
85 87
85 89
85 97
85 98
86 86
86 87
86 88
86 89
86 110
87 87
87 88
87 89
87 94
87 96
88 88
88 89
88 92
88 93
88 94
88 101
89 89
89 94
89 96
89 98
90 90
90 91
90 92
90 97
90 98
90 99
90 101
90 102
90 103
90 112
91 91
91 92
91 93
91 94
91 95
91 97
91 100
91 101
91 106
92 92
92 93
92 100
92 101
93 93
93 97
93 100
93 101
93 104
93 106
93 107
93 110
94 94
94 96
94 97
94 101
94 109
94 110
95 95
95 97
95 104
95 105
95 106
95 108
95 111
95 113
95 114
95 115
96 96
96 98
96 99
96 104
96 107
96 110
96 111
96 112
97 97
97 106
97 108
97 109
97 110
97 113
97 114
97 115
98 98
98 99
98 111
98 112
99 99
99 102
99 103
99 111
99 112
100 100
100 101
100 102
100 106
100 113
101 101
101 102
101 103
102 102
102 103
102 104
102 105
102 106
102 111
102 113
102 115
103 103
103 104
103 105
103 111
103 115
104 104
104 105
104 106
104 107
104 108
104 111
104 113
104 114
104 115
105 105
105 106
105 107
105 108
105 113
105 114
105 115
106 106
106 113
106 114
106 115
107 107
107 110
107 114
108 108
108 111
108 112
108 113
108 114
108 115
109 109
109 110
110 110
111 111
111 112
111 113
111 115
112 112
113 113
113 114
113 115
114 114
114 115
115 115
