0 0
0 1
0 10
0 12
0 16
0 17
0 18
0 28
0 32
0 40
0 42
0 43
0 44
0 46
0 48
0 49
0 50
0 51
0 52
0 53
0 56
0 57
0 60
0 62
0 63
0 68
0 70
0 72
0 73
0 74
0 75
0 76
0 78
0 80
0 81
0 84
0 86
0 98
1 1
1 11
1 16
1 17
1 18
1 19
1 28
1 29
1 32
1 52
1 53
1 56
1 57
1 59
1 62
1 63
1 68
1 69
1 72
1 78
1 79
1 80
1 81
1 84
1 85
1 87
1 89
1 98
1 112
2 2
2 3
2 4
2 6
2 7
2 8
2 9
2 12
2 14
2 22
2 23
2 26
2 30
2 34
2 35
2 58
2 60
2 64
2 65
2 66
2 67
2 88
2 91
2 92
2 93
2 101
3 3
3 7
3 11
3 22
3 23
3 24
3 25
3 26
3 27
3 31
3 34
3 64
3 65
3 67
3 71
3 84
3 85
3 89
3 92
4 4
4 5
4 6
4 7
4 8
4 9
4 10
4 12
4 14
4 20
4 22
4 26
4 27
4 30
4 64
4 67
4 82
4 90
4 91
4 92
4 93
4 94
4 101
4 103
4 104
4 109
4 110
5 5
5 6
5 7
5 9
5 13
5 14
5 15
5 27
5 65
5 67
5 69
5 90
5 91
5 92
5 93
5 94
5 100
5 103
5 104
5 105
5 106
5 107
6 6
6 7
6 8
6 9
6 10
6 12
6 13
6 14
6 30
6 35
6 58
6 60
6 64
6 66
6 67
6 91
6 93
6 101
6 110
7 7
7 9
7 11
7 13
7 15
7 22
7 23
7 25
7 26
7 27
7 31
7 34
7 64
7 65
7 67
7 90
7 91
7 92
7 93
7 100
7 104
7 109
8 8
8 9
8 10
8 12
8 13
8 14
8 30
8 35
8 58
8 60
8 66
8 67
8 74
8 86
8 93
8 109
9 9
9 13
9 14
9 15
9 60
9 61
9 64
9 65
9 67
9 90
9 91
9 92
9 93
9 94
9 95
9 104
9 105
9 109
9 111
9 115
10 10
10 11
10 12
10 13
10 14
10 28
10 30
10 52
10 60
10 62
10 64
10 72
10 74
10 75
10 76
10 82
10 109
11 11
11 13
11 15
11 33
11 52
11 65
11 71
11 75
11 81
11 84
11 85
11 87
11 89
12 12
12 13
12 14
12 28
12 50
12 53
12 58
12 60
12 61
12 66
12 72
12 74
12 86
13 13
13 14
13 15
13 58
13 59
13 60
13 61
13 65
13 90
13 105
14 14
14 15
14 28
14 58
14 60
14 64
14 74
14 82
14 86
14 91
14 93
14 101
14 109
15 15
15 28
15 59
15 61
15 65
15 69
15 82
15 83
15 92
16 16
16 17
16 18
16 28
16 29
16 32
16 36
16 56
16 57
16 62
16 63
16 68
16 72
16 73
16 74
16 78
16 79
16 80
16 81
16 83
16 84
16 87
16 98
17 17
17 18
17 28
17 29
17 32
17 33
17 36
17 37
17 56
17 57
17 62
17 63
17 68
17 69
17 72
17 73
17 74
17 78
17 79
17 80
17 81
17 83
17 84
17 89
18 18
18 19
18 28
18 29
18 32
18 33
18 52
18 56
18 57
18 62
18 63
18 68
18 70
18 72
18 73
18 74
18 75
18 76
18 78
18 80
18 81
18 82
18 83
18 84
18 87
18 89
19 19
19 62
19 69
19 75
19 89
19 90
19 91
19 105
19 111
20 20
20 21
20 27
20 28
20 31
20 36
20 38
20 39
20 41
20 82
20 83
20 90
20 93
20 94
20 95
20 96
20 97
20 100
20 101
20 102
20 103
20 104
20 107
20 108
20 110
20 112
20 113
20 115
21 21
21 24
21 25
21 26
21 27
21 31
21 36
21 38
21 39
21 41
21 71
21 83
21 88
21 90
21 93
21 94
21 95
21 96
21 97
21 100
21 101
21 102
21 104
21 107
21 108
21 110
21 115
22 22
22 23
22 24
22 25
22 26
22 27
22 30
22 31
22 34
22 35
22 64
22 65
22 67
22 88
22 92
22 93
23 23
23 24
23 25
23 26
23 27
23 30
23 31
23 34
23 35
23 64
23 65
23 67
23 71
23 85
23 89
23 90
23 91
23 92
23 93
23 114
24 24
24 25
24 26
24 27
24 30
24 34
24 41
24 42
24 43
24 46
24 50
24 54
24 70
24 71
24 73
24 96
24 98
25 25
25 26
25 27
25 30
25 31
25 34
25 35
25 39
25 41
25 65
25 67
25 71
25 85
25 92
25 96
26 26
26 27
26 30
26 34
26 42
26 50
26 65
26 66
26 67
26 84
26 85
26 88
26 92
26 93
26 101
26 102
26 103
26 104
26 110
27 27
27 31
27 34
27 39
27 65
27 67
27 71
27 77
27 85
27 92
27 93
27 100
27 104
27 110
28 28
28 29
28 31
28 36
28 38
28 40
28 41
28 52
28 62
28 63
28 72
28 73
28 74
28 75
28 76
28 78
28 79
28 80
28 81
28 82
28 83
28 86
28 87
29 29
29 31
29 32
29 33
29 36
29 37
29 38
29 40
29 41
29 55
29 56
29 57
29 62
29 63
29 68
29 72
29 73
29 74
29 75
29 76
29 77
29 78
29 79
29 80
29 81
29 83
29 87
29 96
29 108
30 30
30 31
30 34
30 35
30 41
30 64
30 66
30 67
30 70
30 74
30 76
30 77
30 115
31 31
31 34
31 35
31 36
31 38
31 39
31 41
31 64
31 76
31 77
31 82
31 83
31 94
31 95
31 96
31 97
31 114
31 115
32 32
32 33
32 42
32 43
32 44
32 48
32 50
32 51
32 52
32 53
32 54
32 56
32 57
32 62
32 63
32 66
32 68
32 72
32 73
32 74
32 75
32 76
32 78
32 79
32 80
32 81
32 84
32 98
32 99
33 33
33 35
33 52
33 64
33 66
33 68
33 72
33 73
33 74
33 75
33 76
33 77
33 78
33 79
33 80
33 81
33 84
33 86
34 34
34 35
34 45
34 64
34 65
34 66
34 67
34 77
34 88
34 91
34 93
34 94
34 95
34 105
34 109
34 114
34 115
35 35
35 36
35 41
35 45
35 64
35 65
35 66
35 67
35 77
35 86
35 91
35 93
35 94
35 95
35 105
35 109
35 110
35 114
35 115
36 36
36 37
36 38
36 39
36 40
36 41
36 72
36 73
36 74
36 75
36 76
36 77
36 80
36 81
36 82
36 83
36 95
36 96
36 97
36 101
36 108
36 109
36 110
36 115
37 37
37 39
37 55
37 56
37 57
37 68
37 71
37 72
37 73
37 74
37 75
37 76
37 77
37 78
37 79
37 80
37 81
37 89
37 108
38 38
38 39
38 40
38 41
38 54
38 72
38 81
38 82
38 83
38 87
38 94
38 95
38 96
38 97
38 101
38 108
38 109
38 110
38 115
39 39
39 41
39 71
39 82
39 83
39 87
39 90
39 94
39 95
39 96
39 97
39 104
39 107
39 108
39 109
39 110
39 111
39 114
39 115
40 40
40 46
40 52
40 53
40 54
40 62
40 70
40 72
40 73
40 74
40 75
40 76
40 78
40 79
40 80
40 81
40 85
41 41
41 77
41 82
41 83
41 87
41 94
41 95
41 96
41 97
41 104
41 107
41 108
41 110
41 114
41 115
42 42
42 43
42 44
42 45
42 46
42 47
42 48
42 49
42 50
42 51
42 53
42 55
42 98
42 99
43 43
43 44
43 45
43 46
43 47
43 48
43 49
43 50
43 51
43 55
43 98
43 99
43 112
44 44
44 45
44 46
44 47
44 48
44 49
44 50
44 51
44 53
44 55
44 86
44 98
44 99
44 112
44 113
45 45
45 46
45 47
45 48
45 49
45 50
45 51
45 55
45 86
45 96
45 98
46 46
46 47
46 48
46 49
46 51
46 53
46 55
46 96
46 98
46 99
47 47
47 48
47 49
47 51
47 55
47 91
47 98
47 99
47 105
47 110
48 48
48 49
48 50
48 51
48 53
48 55
48 58
48 98
48 99
48 112
48 113
49 49
49 50
49 51
49 53
49 55
49 58
49 98
49 99
49 112
49 113
50 50
50 51
50 52
50 53
50 86
50 98
50 112
51 51
51 52
51 53
51 55
51 58
51 59
51 98
51 99
51 112
51 113
52 52
52 53
52 54
52 62
52 63
52 68
52 72
52 73
52 74
52 75
52 76
52 79
52 84
53 53
53 98
54 54
54 55
54 59
54 66
54 68
54 70
54 72
54 73
54 79
54 98
54 99
54 101
55 55
55 87
55 96
55 98
55 99
55 112
56 56
56 57
56 62
56 63
56 68
56 69
56 72
56 78
56 79
56 80
56 81
56 84
56 85
56 89
56 98
57 57
57 59
57 62
57 63
57 68
57 69
57 72
57 73
57 78
57 79
57 80
57 81
57 84
57 89
58 58
58 59
58 60
58 61
58 66
58 88
58 91
58 93
58 101
58 102
58 103
58 105
58 106
58 107
59 59
59 60
59 61
59 62
59 63
59 68
59 69
59 79
60 60
60 61
60 62
60 63
60 64
60 66
60 91
60 93
60 95
60 101
60 105
61 61
61 62
61 63
61 65
62 62
62 63
62 68
62 69
62 72
62 73
62 74
62 75
62 78
62 79
62 80
62 81
62 89
63 63
63 68
63 69
63 72
63 78
63 79
63 80
63 81
63 89
64 64
64 66
64 67
64 75
64 76
64 77
64 93
64 109
65 65
65 67
65 88
65 90
65 92
65 93
65 94
65 105
65 109
65 110
66 66
66 67
66 88
66 93
66 101
66 103
66 110
67 67
67 88
67 90
67 91
67 92
67 93
67 100
67 101
67 109
67 110
68 68
68 69
68 72
68 73
68 74
68 75
68 78
68 79
68 80
68 81
68 84
68 85
68 89
68 98
68 112
69 69
69 89
69 90
69 92
69 100
69 102
69 103
69 105
70 70
70 71
70 72
70 73
70 74
70 75
70 76
70 77
70 109
71 71
71 73
71 74
71 75
71 76
71 77
71 92
71 108
72 72
72 73
72 74
72 75
72 76
72 77
72 78
72 79
72 80
72 81
72 83
72 86
72 98
73 73
73 74
73 75
73 76
73 77
73 78
73 79
73 80
73 81
73 87
74 74
74 75
74 76
74 77
74 78
74 79
74 80
74 81
75 75
75 76
75 77
75 78
75 79
75 80
75 81
76 76
76 77
76 78
76 81
76 86
76 109
77 77
77 97
77 108
77 109
77 110
77 114
78 78
78 79
78 80
78 81
78 84
78 85
78 89
79 79
79 80
79 81
79 84
79 85
79 86
79 89
80 80
80 81
80 83
80 84
80 85
80 87
80 98
81 81
81 83
81 84
81 85
81 87
81 89
82 82
82 83
82 87
82 90
82 94
82 96
82 97
82 104
82 107
82 109
82 115
83 83
83 87
83 94
83 95
83 96
83 97
83 104
83 107
83 108
83 115
84 84
84 85
84 87
84 88
85 85
85 87
85 89
85 92
86 86
86 88
86 109
86 110
87 87
87 89
87 98
87 108
88 88
88 92
88 93
88 100
88 101
88 102
88 108
88 110
89 89
90 90
90 91
90 92
90 93
90 94
90 95
90 97
90 100
90 101
90 102
90 103
90 104
90 105
90 106
90 107
90 110
90 111
90 114
90 115
91 91
91 92
91 93
91 99
91 100
91 101
91 102
91 103
91 104
91 105
91 106
91 107
91 109
91 110
91 111
91 113
91 114
91 115
92 92
92 93
92 100
92 102
92 103
92 104
92 105
92 107
93 93
93 94
93 100
93 101
93 102
93 103
93 104
93 105
93 107
93 109
93 110
93 111
93 113
93 114
93 115
94 94
94 95
94 96
94 97
94 101
94 103
94 104
94 105
94 107
94 108
94 109
94 110
94 114
94 115
95 95
95 96
95 97
95 104
95 105
95 107
95 108
95 109
95 110
95 111
95 114
95 115
96 96
96 97
96 100
96 101
96 102
96 104
96 108
96 110
96 115
97 97
97 100
97 101
97 102
97 104
97 107
97 108
97 110
97 114
97 115
98 98
98 99
98 112
99 99
99 101
99 102
99 103
99 111
99 112
99 113
100 100
100 101
100 102
100 103
100 104
100 107
100 110
100 112
100 113
101 101
101 102
101 103
101 104
101 107
101 110
101 111
101 113
101 115
102 102
102 103
102 104
102 107
102 110
102 113
102 115
103 103
103 104
103 105
103 107
103 110
103 111
103 113
103 114
104 104
104 105
104 107
104 108
104 110
104 111
104 113
104 114
104 115
105 105
105 106
105 107
105 111
105 114
106 106
106 109
107 107
107 108
107 111
107 113
107 114
107 115
108 108
108 109
108 110
108 111
108 115
109 109
109 110
109 115
110 110
110 113
110 114
110 115
111 111
111 113
112 112
112 113
113 113
113 114
114 114
114 115
115 115
