0 0
0 2
0 10
0 13
0 15
0 21
0 22
0 23
0 64
0 85
0 86
0 87
0 89
0 93
0 101
0 114
1 1
1 3
1 10
1 11
1 13
1 15
1 16
1 17
1 23
1 26
1 56
1 75
1 78
1 92
2 2
2 3
2 4
2 5
2 6
2 7
2 8
2 14
2 15
2 20
2 21
2 22
2 23
2 24
2 25
2 26
2 27
2 30
2 31
2 35
2 50
2 64
2 65
2 67
2 71
2 82
2 84
2 86
2 88
2 92
2 93
3 3
3 5
3 7
3 11
3 15
3 21
3 22
3 23
3 24
3 25
3 26
3 27
3 31
3 35
3 50
3 64
3 65
3 67
3 71
3 82
3 84
3 85
3 86
3 88
3 92
3 113
4 4
4 5
4 6
4 8
4 9
4 14
4 24
4 48
4 60
4 61
4 64
4 75
4 91
4 102
4 115
5 5
5 7
5 11
5 13
5 15
5 21
5 22
5 23
5 24
5 25
5 26
5 27
5 31
5 35
5 45
5 50
5 65
5 67
5 71
5 85
5 87
5 88
5 92
6 6
6 7
6 8
6 9
6 12
6 14
6 18
6 19
6 20
6 30
6 31
6 32
6 48
6 60
6 64
6 66
6 72
6 74
6 88
7 7
7 11
7 14
7 15
7 20
7 21
7 22
7 23
7 24
7 25
7 26
7 27
7 30
7 31
7 33
7 35
7 45
7 50
7 64
7 65
7 67
7 71
7 88
7 92
8 8
8 9
8 12
8 13
8 14
8 20
8 24
8 48
8 52
8 58
8 60
8 61
8 70
8 73
8 74
8 75
8 100
8 101
8 102
8 106
9 9
9 29
9 48
9 52
9 59
9 60
9 61
9 75
9 100
9 101
9 102
9 106
10 10
10 11
10 12
10 13
10 14
10 16
10 17
10 28
10 56
10 62
10 72
10 78
10 79
10 81
10 107
10 114
11 11
11 13
11 14
11 15
11 21
11 22
11 23
11 25
11 26
11 27
11 65
11 71
11 85
11 86
11 92
12 12
12 13
12 14
12 16
12 17
12 28
12 29
12 56
12 62
12 68
12 72
12 74
12 79
12 81
13 13
13 14
13 15
13 16
13 17
13 56
13 62
14 14
14 15
14 16
14 20
14 22
14 23
14 35
14 40
14 64
14 74
14 75
14 82
14 86
14 88
14 92
15 15
15 20
15 21
15 22
15 23
15 24
15 25
15 26
15 27
15 35
15 64
15 65
15 71
15 82
15 88
15 92
15 93
16 16
16 17
16 28
16 29
16 36
16 40
16 55
16 56
16 57
16 60
16 61
16 62
16 63
16 68
16 72
16 73
16 74
16 75
16 76
16 77
16 78
16 79
16 80
16 81
16 98
16 99
16 111
17 17
17 28
17 29
17 32
17 36
17 37
17 53
17 56
17 57
17 59
17 61
17 62
17 63
17 68
17 72
17 73
17 74
17 76
17 78
17 79
17 80
17 81
17 83
17 98
17 105
18 18
18 19
18 20
18 28
18 29
18 30
18 32
18 38
18 44
18 60
18 66
18 72
18 73
18 74
18 98
18 100
18 101
18 106
19 19
19 28
19 29
19 32
19 33
19 69
19 73
19 74
19 75
19 83
20 20
20 21
20 23
20 24
20 25
20 26
20 30
20 31
20 32
20 33
20 35
20 38
20 40
20 69
20 70
20 71
20 82
20 88
21 21
21 22
21 23
21 24
21 25
21 26
21 27
21 30
21 31
21 45
21 50
21 64
21 65
21 71
21 82
21 84
21 85
21 86
22 22
22 23
22 24
22 25
22 26
22 27
22 35
22 50
22 64
22 65
22 70
22 71
22 82
22 84
22 85
22 86
22 87
22 88
22 92
22 93
22 113
23 23
23 24
23 25
23 26
23 27
23 30
23 31
23 35
23 50
23 64
23 65
23 67
23 70
23 71
23 82
23 84
23 85
23 86
23 88
23 92
23 93
23 113
24 24
24 25
24 26
24 27
24 30
24 31
24 35
24 50
24 65
24 67
24 70
24 71
24 82
24 88
24 92
25 25
25 26
25 27
25 30
25 31
25 33
25 35
25 45
25 50
25 65
25 67
25 71
25 82
25 84
25 85
25 86
25 88
25 92
26 26
26 27
26 31
26 35
26 45
26 50
26 64
26 65
26 67
26 70
26 71
26 82
26 84
26 85
26 86
26 88
26 92
26 113
27 27
27 31
27 33
27 35
27 45
27 50
27 64
27 65
27 67
27 71
27 82
27 84
27 85
27 86
27 87
27 88
27 92
27 113
28 28
28 29
28 32
28 36
28 37
28 40
28 41
28 56
28 57
28 60
28 61
28 62
28 63
28 72
28 73
28 74
28 76
28 79
28 80
28 81
28 82
28 83
28 98
29 29
29 32
29 36
29 41
29 42
29 47
29 49
29 52
29 53
29 55
29 56
29 57
29 58
29 59
29 60
29 61
29 62
29 63
29 72
29 73
29 74
29 75
29 76
29 78
29 79
29 80
29 81
29 83
29 98
29 100
29 106
29 111
30 30
30 31
30 32
30 33
30 35
30 44
30 45
30 50
30 67
30 71
30 88
31 31
31 33
31 35
31 44
31 45
31 50
31 64
31 65
31 67
31 71
31 82
31 88
32 32
32 33
32 36
32 44
32 58
32 59
32 60
32 61
32 66
32 68
32 72
32 73
32 74
32 80
32 81
32 98
32 100
33 33
33 35
33 45
33 64
33 65
33 67
33 69
33 71
33 88
34 34
34 35
34 36
34 37
34 38
34 39
34 40
34 41
34 46
34 47
34 54
34 67
34 83
34 110
35 35
35 38
35 39
35 40
35 45
35 64
35 67
35 71
35 88
35 96
36 36
36 37
36 38
36 39
36 40
36 41
36 54
36 55
36 57
36 72
36 73
36 74
36 76
36 77
36 80
36 81
36 83
36 94
36 95
36 96
36 98
36 110
37 37
37 38
37 39
37 40
37 41
37 47
37 54
37 55
37 76
37 77
37 83
37 95
37 96
37 97
37 105
37 108
37 109
37 110
38 38
38 39
38 40
38 41
38 54
38 55
38 83
38 88
38 89
38 96
39 39
39 40
39 41
39 47
39 54
39 55
39 69
39 76
39 77
39 79
39 83
39 89
39 95
39 96
39 98
39 108
39 109
39 110
39 112
40 40
40 41
40 54
40 57
40 62
40 72
40 73
40 74
40 77
40 79
40 82
40 83
40 96
40 98
40 100
41 41
41 54
41 55
41 57
41 61
41 62
41 63
41 73
41 74
41 76
41 77
41 79
41 80
41 83
41 89
41 95
41 96
41 98
41 109
41 112
42 42
42 43
42 44
42 45
42 46
42 47
42 49
42 55
42 78
42 80
42 98
42 100
42 102
42 105
42 110
43 43
43 44
43 45
43 46
43 47
43 49
43 51
43 53
43 55
43 78
43 94
43 95
43 96
43 97
43 98
43 99
43 102
43 104
43 109
43 110
43 111
43 112
43 115
44 44
44 45
44 46
44 47
44 48
44 49
44 53
44 66
44 72
44 80
44 98
44 102
45 45
45 46
45 47
45 49
45 65
45 67
45 71
45 96
45 110
46 46
46 47
46 49
46 53
46 55
46 78
46 100
46 102
46 110
47 47
47 49
47 51
47 53
47 55
47 95
47 96
47 98
47 100
47 102
47 110
47 111
47 112
48 48
48 49
48 51
48 52
48 53
48 58
48 59
48 60
48 61
48 66
48 73
48 100
48 102
49 49
49 51
49 53
49 55
49 98
49 102
49 115
50 50
50 64
50 65
50 67
50 70
50 71
50 84
50 85
50 86
50 88
51 51
51 53
51 55
51 58
51 59
51 63
51 99
51 102
51 107
51 109
51 110
51 111
51 112
51 113
52 52
52 53
52 58
52 59
52 60
52 61
52 63
52 66
52 70
52 72
52 73
52 74
52 75
52 100
53 53
53 57
53 58
53 59
53 63
53 78
53 99
53 100
53 102
53 104
53 107
53 115
54 54
54 55
54 89
54 95
54 96
54 109
55 55
55 56
55 57
55 62
55 63
55 76
55 77
55 78
55 79
55 89
55 95
55 96
55 97
55 98
55 99
55 102
55 104
55 108
55 109
55 110
55 111
55 112
55 115
56 56
56 57
56 61
56 62
56 63
56 68
56 72
56 76
56 78
56 79
56 80
56 81
56 93
56 98
56 99
56 101
56 111
57 57
57 60
57 61
57 62
57 63
57 68
57 69
57 72
57 73
57 74
57 75
57 76
57 77
57 78
57 79
57 80
57 81
57 83
57 98
57 99
57 100
57 102
57 111
57 112
58 58
58 59
58 60
58 61
58 63
58 66
58 72
58 73
58 74
58 76
58 99
58 100
58 101
58 102
59 59
59 60
59 61
59 63
59 66
59 73
59 74
59 76
59 89
59 100
59 101
59 102
59 106
60 60
60 61
60 62
60 63
60 66
60 69
60 72
60 73
60 74
60 75
60 76
60 80
60 93
60 98
60 99
60 100
60 101
60 102
60 106
61 61
61 62
61 63
61 72
61 73
61 74
61 75
61 76
61 80
61 89
61 93
61 98
61 99
61 100
61 101
61 102
61 106
61 111
61 115
62 62
62 63
62 72
62 73
62 74
62 75
62 76
62 78
62 79
62 80
62 81
62 93
62 98
62 99
62 101
62 109
62 111
63 63
63 72
63 73
63 74
63 75
63 76
63 77
63 78
63 79
63 80
63 81
63 95
63 98
63 99
63 100
63 101
63 102
63 109
63 111
64 64
64 65
64 71
64 82
64 84
64 85
64 86
64 87
64 88
64 92
65 65
65 67
65 71
65 82
65 84
65 85
65 86
65 87
65 88
65 92
66 66
66 72
66 74
67 67
67 71
67 85
67 88
68 68
68 69
68 72
68 74
68 75
68 78
68 79
68 80
68 81
68 98
68 103
69 69
69 73
69 74
69 77
69 80
69 83
69 96
69 98
69 110
70 70
70 71
70 75
70 90
70 113
71 71
71 82
71 84
71 85
71 86
71 88
71 92
72 72
72 73
72 74
72 75
72 76
72 77
72 78
72 79
72 80
72 81
72 98
72 100
73 73
73 74
73 75
73 76
73 77
73 79
73 80
73 81
73 90
73 98
73 99
73 100
73 102
73 106
73 111
73 115
74 74
74 75
74 76
74 77
74 79
74 80
74 81
74 98
74 100
75 75
75 76
75 77
75 90
75 98
75 99
75 100
75 101
75 102
75 106
76 76
76 77
76 79
76 80
76 81
76 94
76 95
76 96
76 97
76 98
76 99
76 100
76 106
76 108
76 109
76 111
76 112
76 115
77 77
77 78
77 79
77 80
77 81
77 90
77 94
77 95
77 96
77 97
77 98
77 99
77 108
77 109
77 110
77 111
77 112
77 113
77 115
78 78
78 79
78 80
78 81
78 98
78 99
78 104
78 105
78 107
78 110
78 111
78 112
79 79
79 80
79 81
79 95
79 97
79 98
79 99
79 109
79 111
79 112
80 80
80 81
80 98
80 100
80 111
81 81
81 83
81 98
81 111
82 82
82 84
82 85
82 86
82 88
82 92
83 83
84 84
84 85
84 86
84 87
84 88
84 92
85 85
85 86
85 87
85 88
86 86
86 87
86 88
87 87
87 89
87 97
87 107
87 109
87 113
88 88
88 92
89 89
89 91
89 93
89 95
89 96
89 97
89 98
89 99
89 101
89 106
89 109
89 111
89 112
89 113
90 90
90 91
90 98
90 99
90 102
90 111
90 112
90 113
90 115
91 91
91 92
91 93
91 95
91 97
91 98
91 99
91 102
91 103
91 109
91 111
91 112
91 113
91 115
92 92
92 93
92 113
93 93
93 99
93 101
93 103
93 113
94 94
94 95
94 96
94 97
94 99
94 107
94 108
94 109
94 110
94 111
94 112
94 113
94 114
94 115
95 95
95 96
95 97
95 98
95 99
95 102
95 104
95 107
95 108
95 109
95 110
95 111
95 112
95 115
96 96
96 97
96 98
96 99
96 108
96 109
96 110
96 111
96 112
96 113
97 97
97 98
97 99
97 104
97 106
97 107
97 108
97 109
97 110
97 111
97 112
97 113
97 114
97 115
98 98
98 99
98 100
98 101
98 102
98 106
98 109
98 110
98 111
98 112
98 115
99 99
99 101
99 102
99 103
99 104
99 106
99 108
99 109
99 110
99 111
99 112
99 113
99 115
100 100
100 102
101 101
101 103
101 106
102 102
102 111
102 112
102 115
103 103
103 105
103 106
103 113
103 115
104 104
104 105
104 107
104 109
104 111
104 115
105 105
105 107
105 110
105 114
105 115
106 106
106 111
106 115
107 107
107 109
107 114
107 115
108 108
108 109
108 111
108 112
108 113
108 114
108 115
109 109
109 110
109 111
109 112
109 113
109 115
110 110
110 111
110 112
110 113
110 115
111 111
111 112
111 113
111 115
112 112
112 113
112 115
113 113
113 114
114 114
115 115
