0 0
0 4
0 6
0 10
0 12
0 15
0 18
0 19
0 20
0 28
0 41
0 44
0 45
0 48
0 49
0 82
0 98
1 1
1 3
1 13
1 14
1 15
1 18
1 19
1 32
1 33
1 36
1 39
1 57
1 61
1 63
1 68
1 69
1 83
1 95
1 97
1 99
1 102
1 105
1 107
1 108
1 112
1 113
1 115
2 2
2 3
2 4
2 5
2 6
2 7
2 8
2 9
2 20
2 22
2 23
2 24
2 25
2 26
2 27
2 30
2 31
2 33
2 41
2 45
2 64
2 66
2 67
2 82
3 3
3 5
3 7
3 8
3 9
3 11
3 13
3 14
3 15
3 19
3 22
3 23
3 25
3 31
3 64
3 65
3 82
3 83
3 84
3 85
3 86
3 87
3 88
3 92
4 4
4 5
4 6
4 7
4 8
4 9
4 12
4 13
4 14
4 15
4 18
4 24
4 26
4 27
4 28
4 30
4 31
4 33
4 41
4 60
4 62
4 75
4 80
4 83
5 5
5 7
5 9
5 18
5 21
5 22
5 23
5 24
5 25
5 26
5 27
5 30
5 31
5 32
5 33
5 34
5 35
5 64
5 65
5 67
5 84
5 86
6 6
6 7
6 8
6 12
6 13
6 14
6 15
6 23
6 24
6 26
6 28
6 30
6 31
6 41
6 44
6 45
6 60
6 62
6 66
6 80
6 82
6 83
6 87
7 7
7 9
7 13
7 14
7 15
7 22
7 23
7 24
7 25
7 30
7 31
7 33
7 64
7 65
7 67
7 82
7 83
7 84
7 85
7 86
7 87
7 88
7 92
8 8
8 9
8 10
8 11
8 12
8 13
8 14
8 15
8 22
8 23
8 24
8 60
8 62
8 82
8 83
8 87
8 88
8 92
9 9
9 13
9 14
9 15
9 22
9 23
9 24
9 25
9 26
9 27
9 31
9 33
9 64
9 65
9 67
9 84
9 86
9 87
9 88
9 91
9 92
10 10
10 11
10 12
10 13
10 14
10 15
10 20
10 28
10 40
10 48
10 52
10 60
10 82
10 84
10 86
10 87
10 98
11 11
11 12
11 13
11 14
11 15
11 17
11 29
11 50
11 51
11 53
11 61
11 70
11 73
11 75
11 76
11 77
11 79
11 83
11 85
11 87
11 89
12 12
12 13
12 14
12 15
12 17
12 28
12 41
12 44
12 45
12 48
12 49
12 50
12 52
12 58
12 60
12 61
12 62
12 63
12 72
12 74
12 75
12 80
12 83
12 87
12 90
12 98
13 13
13 14
13 15
13 28
13 41
13 60
13 61
13 62
13 63
13 70
13 75
13 82
13 83
13 87
13 92
13 100
14 14
14 15
14 28
14 52
14 60
14 61
14 62
14 63
14 75
14 82
14 83
14 87
14 88
14 92
14 100
15 15
15 19
15 28
15 40
15 41
15 60
15 61
15 62
15 63
15 68
15 75
15 82
15 83
15 87
15 92
15 100
16 16
16 17
16 28
16 29
16 36
16 40
16 42
16 43
16 46
16 56
16 57
16 62
16 63
16 71
16 72
16 74
16 78
16 79
16 80
16 81
17 17
17 28
17 29
17 34
17 35
17 37
17 42
17 43
17 46
17 47
17 51
17 53
17 62
17 63
17 70
17 71
17 72
17 73
17 74
17 76
17 77
17 78
17 79
17 81
17 85
18 18
18 19
18 21
18 26
18 32
18 33
18 41
18 57
18 68
18 69
18 83
18 101
18 103
18 104
18 105
18 107
18 113
18 114
18 115
19 19
19 32
19 33
19 37
19 39
19 55
19 57
19 61
19 63
19 68
19 69
19 83
19 95
19 97
19 99
19 101
19 103
19 105
19 107
19 108
19 112
19 113
19 114
19 115
20 20
20 21
20 23
20 24
20 38
20 40
20 41
20 54
20 70
20 80
20 90
20 91
21 21
21 23
21 24
21 25
21 26
21 27
21 32
21 33
21 39
21 67
21 84
21 94
21 97
21 108
21 114
22 22
22 23
22 24
22 25
22 27
22 30
22 31
22 34
22 35
22 64
22 65
22 67
22 82
22 84
22 85
22 86
22 88
22 94
23 23
23 24
23 25
23 26
23 27
23 30
23 31
23 35
23 64
23 65
23 67
23 82
23 84
23 85
23 86
23 87
23 88
23 90
23 91
23 92
24 24
24 25
24 26
24 27
24 30
24 31
24 32
24 33
24 34
24 35
24 64
24 66
24 67
24 84
25 25
25 26
25 27
25 30
25 31
25 33
25 34
25 35
25 64
25 65
25 67
25 84
25 85
25 86
25 88
25 94
26 26
26 27
26 30
26 31
26 32
26 33
26 41
26 59
26 66
26 67
27 27
27 30
27 31
27 33
27 34
27 35
27 64
27 65
27 66
27 67
27 84
27 86
28 28
28 29
28 30
28 36
28 40
28 41
28 42
28 44
28 62
28 63
28 71
28 72
28 74
28 75
28 78
28 80
28 81
28 82
28 83
28 87
28 98
29 29
29 36
29 37
29 39
29 42
29 43
29 46
29 47
29 53
29 55
29 62
29 63
29 68
29 70
29 71
29 72
29 73
29 74
29 75
29 76
29 77
29 78
29 79
29 81
29 83
29 95
29 97
29 99
29 109
29 111
29 112
29 115
30 30
30 31
30 33
30 41
30 43
30 66
30 67
30 70
30 71
30 75
30 78
30 80
30 81
30 85
31 31
31 33
31 35
31 41
31 64
31 67
31 71
31 75
31 80
31 82
31 84
31 86
31 87
32 32
32 33
32 39
32 55
32 57
32 61
32 68
32 69
32 95
32 96
32 97
32 99
32 107
32 108
32 111
32 112
32 113
32 115
33 33
33 41
33 56
33 57
33 66
33 67
33 68
33 69
33 72
33 78
33 80
33 94
34 34
34 35
34 42
34 43
34 64
34 65
34 66
34 67
34 70
34 71
34 76
34 77
34 79
34 84
34 85
34 88
34 94
34 110
35 35
35 42
35 43
35 47
35 64
35 65
35 66
35 67
35 70
35 71
35 76
35 77
35 79
35 84
35 85
35 88
35 110
36 36
36 37
36 38
36 39
36 40
36 55
36 72
36 73
36 74
36 75
36 76
36 78
36 80
36 81
36 83
36 95
36 96
36 97
36 99
36 108
36 111
36 112
36 113
36 115
37 37
37 39
37 43
37 46
37 47
37 53
37 55
37 68
37 73
37 75
37 76
37 77
37 79
37 89
37 95
37 96
37 97
37 99
37 105
37 107
37 108
37 109
37 111
37 112
37 113
37 114
37 115
38 38
38 39
38 40
38 41
38 54
38 55
38 74
38 82
38 89
38 90
38 91
38 94
38 96
38 99
38 111
38 112
38 113
38 114
38 115
39 39
39 53
39 54
39 55
39 68
39 73
39 89
39 93
39 94
39 95
39 96
39 97
39 99
39 100
39 101
39 103
39 104
39 105
39 107
39 108
39 109
39 111
39 112
39 113
39 114
39 115
40 40
40 54
40 56
40 62
40 72
40 74
40 78
40 80
40 81
40 82
40 83
41 41
41 48
41 52
41 58
41 62
41 63
41 72
41 74
41 75
41 80
41 83
41 90
41 98
41 102
42 42
42 43
42 44
42 45
42 46
42 47
42 53
42 71
42 72
42 73
42 74
42 76
42 77
42 78
42 79
42 80
42 81
42 96
42 98
43 43
43 46
43 47
43 53
43 71
43 72
43 73
43 74
43 76
43 77
43 78
43 79
43 81
43 85
43 96
44 44
44 45
44 46
44 48
44 49
44 50
44 51
44 58
44 66
44 72
44 74
44 80
44 90
44 98
45 45
45 46
45 48
45 49
45 50
45 51
45 58
45 66
45 80
45 90
45 98
46 46
46 47
46 53
46 55
46 71
46 72
46 74
46 76
46 77
46 78
46 79
46 81
46 96
46 97
46 98
46 110
47 47
47 53
47 55
47 71
47 73
47 76
47 77
47 78
47 79
47 81
47 95
47 96
47 97
47 109
47 110
48 48
48 49
48 50
48 51
48 52
48 53
48 58
48 59
48 60
48 61
48 63
48 74
48 90
48 98
49 49
49 50
49 51
49 52
49 53
49 58
49 59
49 61
49 63
49 90
49 98
50 50
50 51
50 52
50 53
50 58
50 59
50 60
50 66
50 90
50 98
51 51
51 52
51 53
51 58
51 59
51 61
51 90
51 98
52 52
52 53
52 54
52 58
52 59
52 60
52 61
52 63
52 74
52 90
52 98
53 53
53 55
53 61
53 73
53 74
53 76
53 77
53 79
53 89
53 95
53 97
53 99
53 109
54 54
54 55
54 58
54 59
54 86
54 88
54 89
54 90
54 91
54 92
54 93
54 96
54 98
54 100
54 101
54 102
54 111
54 112
55 55
55 68
55 73
55 89
55 93
55 95
55 96
55 97
55 99
55 101
55 105
55 107
55 108
55 109
55 111
55 112
55 113
55 114
55 115
56 56
56 57
56 59
56 63
56 72
56 74
56 78
56 80
56 81
56 102
57 57
57 61
57 63
57 68
57 69
57 102
57 103
57 104
57 105
57 107
57 108
57 111
57 112
57 113
57 115
58 58
58 59
58 60
58 61
58 63
58 66
58 90
58 91
58 98
59 59
59 65
59 66
59 67
59 90
59 91
59 92
59 98
59 100
59 102
59 103
59 106
60 60
60 61
60 62
60 63
60 74
60 82
60 87
60 88
60 90
61 61
61 62
61 63
61 65
61 68
61 69
61 83
62 62
62 63
62 71
62 72
62 74
62 75
62 80
62 81
62 82
62 83
62 87
63 63
63 68
63 72
63 74
63 81
63 83
63 87
63 102
64 64
64 65
64 67
64 82
64 84
64 85
64 86
64 88
64 92
64 94
64 110
65 65
65 67
65 84
65 85
65 86
65 87
65 88
65 89
65 91
65 92
65 106
66 66
66 67
66 71
66 80
66 98
66 110
67 67
67 84
67 85
67 86
67 94
67 110
68 68
68 69
68 83
68 95
68 97
68 99
68 105
68 107
68 112
68 113
68 115
69 69
69 83
69 99
69 102
69 103
69 104
69 105
69 107
69 108
69 112
69 113
69 115
70 70
70 71
70 73
70 75
70 76
70 77
70 79
70 81
70 85
71 71
71 72
71 76
71 77
71 78
71 79
71 80
71 81
71 85
72 72
72 74
72 75
72 78
72 79
72 80
72 81
72 83
72 111
73 73
73 74
73 75
73 76
73 77
73 79
73 81
73 95
73 97
73 99
73 111
73 112
74 74
74 75
74 78
74 80
74 81
74 98
75 75
75 80
75 81
75 83
76 76
76 77
76 78
76 79
76 81
76 85
77 77
77 78
77 79
77 81
77 85
78 78
78 79
78 80
78 81
79 79
79 81
79 85
80 80
80 81
80 87
80 98
81 81
82 82
82 83
82 84
82 86
82 87
82 88
83 83
83 87
83 100
83 113
84 84
84 85
84 86
84 88
84 89
84 92
85 85
85 86
85 88
85 89
86 86
86 87
86 88
86 92
87 87
87 88
87 90
87 92
88 88
88 89
88 91
88 92
88 94
89 89
89 91
89 92
89 93
89 95
89 97
89 99
89 100
89 101
89 105
89 106
89 107
89 112
89 113
89 115
90 90
90 91
90 92
90 98
90 100
90 102
90 106
91 91
91 92
91 93
91 100
91 101
91 102
91 106
91 107
91 110
92 92
92 93
92 100
92 102
92 106
93 93
93 99
93 100
93 101
93 102
93 103
93 104
93 105
93 106
93 107
93 109
93 111
93 112
93 113
93 115
94 94
94 96
94 97
94 107
94 108
94 109
94 112
94 113
94 114
94 115
95 95
95 96
95 97
95 99
95 105
95 107
95 108
95 109
95 111
95 112
95 113
95 114
95 115
96 96
96 97
96 99
96 105
96 107
96 109
96 110
96 111
96 112
96 113
96 115
97 97
97 99
97 105
97 107
97 108
97 109
97 111
97 112
97 113
97 114
97 115
98 98
99 99
99 101
99 103
99 104
99 105
99 107
99 108
99 109
99 111
99 112
99 113
99 114
99 115
100 100
100 101
100 102
100 103
100 104
100 105
100 106
100 107
100 111
100 113
101 101
101 102
101 103
101 104
101 105
101 106
101 107
101 109
101 111
101 112
101 113
101 114
101 115
102 102
102 103
102 104
102 105
102 106
102 107
102 111
102 113
103 103
103 104
103 105
103 106
103 107
103 109
103 111
103 112
103 113
103 114
103 115
104 104
104 105
104 106
104 107
104 109
104 111
104 112
104 113
104 114
104 115
105 105
105 106
105 107
105 108
105 109
105 111
105 112
105 113
105 114
105 115
106 106
106 107
106 109
106 111
106 112
106 113
107 107
107 108
107 109
107 111
107 112
107 113
107 115
108 108
108 109
108 112
108 113
108 115
109 109
109 110
109 111
109 112
109 113
109 114
109 115
110 110
110 111
111 111
111 112
111 113
111 114
111 115
112 112
112 113
112 114
112 115
113 113
113 114
113 115
114 114
114 115
115 115
