0 0
0 1
0 10
0 17
0 19
0 53
0 54
0 56
0 57
0 58
0 66
0 68
0 69
0 74
0 76
0 78
0 79
0 81
0 94
0 95
0 101
0 113
1 1
1 16
1 18
1 19
1 29
1 32
1 33
1 56
1 57
1 59
1 61
1 62
1 63
1 66
1 68
1 69
1 79
1 80
1 81
1 83
1 101
1 112
2 2
2 4
2 6
2 8
2 22
2 23
2 24
2 25
2 27
2 34
2 35
2 38
2 40
2 48
2 50
2 54
2 64
2 67
2 88
2 91
2 93
2 107
2 110
2 114
3 3
3 6
3 7
3 9
3 11
3 13
3 15
3 23
3 31
3 64
3 65
3 70
3 71
3 77
3 83
3 85
3 89
3 91
3 92
3 93
3 100
3 105
3 107
4 4
4 5
4 6
4 7
4 8
4 24
4 25
4 35
4 59
4 60
4 61
4 62
4 64
4 67
4 90
4 91
4 92
4 93
4 107
5 5
5 7
5 8
5 15
5 25
5 48
5 59
5 60
5 61
5 65
5 89
5 90
5 91
5 92
5 95
5 104
5 114
6 6
6 7
6 8
6 9
6 11
6 14
6 15
6 23
6 28
6 30
6 31
6 60
6 64
6 65
6 71
6 82
6 85
6 89
6 91
6 92
6 93
6 100
6 105
6 114
7 7
7 8
7 9
7 11
7 13
7 15
7 29
7 35
7 60
7 61
7 64
7 65
7 67
7 75
7 89
7 90
7 91
7 92
7 100
7 102
8 8
8 12
8 15
8 35
8 59
8 60
8 61
8 63
8 65
8 67
8 89
8 90
8 91
8 92
9 9
9 11
9 13
9 14
9 15
9 20
9 21
9 26
9 30
9 31
9 64
9 82
9 83
9 85
9 89
9 92
9 100
10 10
10 12
10 13
10 14
10 16
10 17
10 22
10 36
10 37
10 38
10 41
10 52
10 53
10 71
10 72
10 73
10 79
10 82
10 84
10 87
10 88
10 109
11 11
11 13
11 15
11 29
11 31
11 60
11 61
11 64
11 65
11 75
11 77
11 83
11 85
11 87
11 89
11 92
11 100
11 102
12 12
12 13
12 15
12 16
12 18
12 48
12 52
12 58
12 60
12 61
12 65
12 72
12 82
12 89
12 90
12 91
13 13
13 15
13 29
13 31
13 37
13 53
13 65
13 73
13 75
13 83
13 85
13 87
13 89
13 92
13 100
14 14
14 15
14 20
14 21
14 22
14 23
14 26
14 27
14 30
14 31
14 38
14 53
14 54
14 64
14 71
14 74
14 82
14 86
14 87
14 88
14 89
14 93
14 103
15 15
15 60
15 61
15 65
15 75
15 82
15 83
15 87
15 89
15 90
15 91
15 92
16 16
16 17
16 18
16 19
16 29
16 36
16 41
16 56
16 57
16 58
16 63
16 68
16 72
16 73
16 78
16 79
16 80
16 81
16 84
16 88
16 99
16 106
16 108
16 109
17 17
17 19
17 28
17 29
17 38
17 39
17 40
17 41
17 56
17 57
17 62
17 63
17 66
17 76
17 78
17 79
17 80
17 81
17 83
17 84
17 95
17 97
17 105
17 108
17 111
17 113
17 115
18 18
18 19
18 28
18 29
18 32
18 33
18 56
18 57
18 61
18 62
18 63
18 68
18 72
18 73
18 80
18 81
18 83
18 90
18 91
18 99
18 102
18 108
19 19
19 32
19 56
19 57
19 59
19 62
19 63
19 68
19 69
19 78
19 79
19 80
19 81
19 83
19 99
19 101
19 111
19 112
19 115
20 20
20 21
20 22
20 23
20 24
20 26
20 27
20 30
20 31
20 70
20 71
20 74
20 82
20 84
20 86
21 21
21 22
21 26
21 27
21 28
21 30
21 31
21 64
21 68
21 69
21 79
21 82
21 86
21 94
22 22
22 23
22 24
22 25
22 26
22 27
22 30
22 31
22 34
22 36
22 38
22 40
22 50
22 54
22 64
22 70
22 71
22 74
22 84
22 86
22 88
22 93
22 114
23 23
23 27
23 30
23 31
23 38
23 39
23 40
23 64
23 70
23 71
23 82
23 85
23 86
23 87
23 88
23 89
23 92
23 93
23 105
23 107
24 24
24 25
24 26
24 27
24 32
24 34
24 50
24 56
24 57
24 59
24 62
24 63
24 66
24 67
24 68
24 69
24 80
24 81
24 84
24 93
24 110
25 25
25 27
25 34
25 35
25 38
25 41
25 48
25 50
25 59
25 66
25 67
25 88
25 93
25 110
25 114
26 26
26 27
26 30
26 31
26 41
26 56
26 57
26 68
26 70
26 74
26 80
26 81
26 84
26 86
26 88
26 106
27 27
27 30
27 31
27 34
27 38
27 40
27 54
27 70
27 71
27 74
27 81
27 84
27 88
27 93
28 28
28 29
28 30
28 31
28 32
28 33
28 36
28 40
28 56
28 71
28 72
28 73
28 74
28 76
28 78
28 79
28 81
28 82
28 94
28 111
28 115
29 29
29 32
29 33
29 34
29 36
29 37
29 56
29 60
29 61
29 62
29 63
29 65
29 72
29 73
29 75
29 76
29 77
29 79
29 80
29 81
29 83
29 109
29 111
29 112
30 30
30 31
30 33
30 34
30 35
30 36
30 40
30 64
30 70
30 71
30 72
30 73
30 74
30 78
30 79
30 82
30 84
30 85
30 86
30 88
30 105
30 114
31 31
31 33
31 34
31 35
31 36
31 40
31 41
31 64
31 71
31 72
31 73
31 76
31 79
31 82
31 84
31 85
31 87
31 88
31 94
31 100
31 114
32 32
32 33
32 43
32 44
32 45
32 46
32 49
32 55
32 56
32 57
32 59
32 61
32 62
32 63
32 66
32 68
32 69
32 72
32 79
32 80
32 81
32 99
32 111
32 112
33 33
33 35
33 56
33 60
33 61
33 67
33 68
33 72
33 76
33 77
33 79
33 80
33 81
33 83
33 112
33 113
34 34
34 35
34 36
34 37
34 38
34 40
34 41
34 64
34 67
34 76
34 84
34 95
34 109
34 114
35 35
35 36
35 37
35 40
35 45
35 60
35 65
35 67
35 100
35 114
36 36
36 37
36 38
36 40
36 41
36 50
36 52
36 53
36 54
36 71
36 72
36 73
36 74
36 75
36 76
36 77
36 79
36 84
36 87
36 88
36 94
36 108
37 37
37 38
37 40
37 41
37 52
37 53
37 54
37 55
37 72
37 73
37 75
37 76
37 77
37 79
37 87
37 94
37 96
37 97
37 109
37 114
38 38
38 39
38 40
38 41
38 50
38 54
38 55
38 58
38 70
38 71
38 76
38 86
38 88
38 94
38 96
38 97
38 108
38 110
38 114
39 39
39 41
39 78
39 80
39 86
39 96
39 97
39 105
39 106
39 108
39 109
40 40
40 41
40 54
40 71
40 72
40 73
40 74
40 75
40 76
40 77
40 78
40 88
40 94
40 95
40 97
40 103
40 107
40 110
40 114
41 41
41 56
41 70
41 71
41 72
41 73
41 74
41 75
41 76
41 79
41 80
41 81
41 84
41 87
41 96
41 109
42 42
42 43
42 44
42 45
42 46
42 47
42 48
42 49
42 51
42 52
42 53
42 55
42 96
42 98
42 99
42 103
42 104
42 110
42 111
42 112
42 115
43 43
43 44
43 45
43 46
43 47
43 48
43 49
43 51
43 52
43 55
43 96
43 98
43 99
43 103
43 104
43 110
43 111
43 112
44 44
44 45
44 46
44 47
44 48
44 49
44 51
44 55
44 58
44 59
44 61
44 66
44 96
44 98
44 99
44 104
44 110
44 111
44 112
45 45
45 46
45 47
45 48
45 49
45 55
45 59
45 61
45 98
45 99
45 104
45 110
45 111
45 112
46 46
46 47
46 48
46 49
46 50
46 51
46 52
46 53
46 54
46 55
46 58
46 66
46 96
46 98
46 99
46 103
46 104
46 110
46 111
46 112
46 115
47 47
47 48
47 49
47 51
47 52
47 53
47 55
47 69
47 96
47 98
47 99
47 104
47 110
47 111
47 112
48 48
48 49
48 50
48 51
48 52
48 53
48 54
48 55
48 58
48 66
48 90
48 91
48 96
48 98
48 99
48 103
48 110
48 111
48 112
49 49
49 50
49 51
49 52
49 55
49 58
49 59
49 66
49 68
49 69
49 96
49 98
49 99
49 104
49 110
49 111
49 112
50 50
50 51
50 52
50 53
50 54
50 58
50 66
50 93
50 96
50 110
50 111
51 51
51 52
51 53
51 54
51 55
51 59
51 66
51 96
51 98
51 99
51 101
51 103
51 104
51 110
51 112
52 52
52 53
52 54
52 58
52 66
52 87
52 90
52 91
52 93
52 98
52 99
52 101
53 53
53 54
53 87
53 103
53 111
54 54
54 55
54 58
54 76
54 77
54 94
54 95
54 96
54 97
54 103
54 104
54 110
54 114
55 55
55 58
55 59
55 66
55 94
55 95
55 96
55 97
55 98
55 99
55 103
55 104
55 110
55 111
55 112
55 113
55 115
56 56
56 57
56 58
56 59
56 62
56 63
56 66
56 68
56 69
56 72
56 74
56 78
56 79
56 80
56 81
56 97
56 99
57 57
57 59
57 62
57 63
57 66
57 68
57 69
57 78
57 79
57 80
57 81
57 99
57 101
57 110
58 58
58 59
58 62
58 63
58 66
58 76
58 96
58 98
58 99
58 111
58 112
59 59
59 61
59 62
59 63
59 66
59 67
59 68
59 69
59 80
59 81
59 90
59 97
59 98
59 99
59 110
59 112
60 60
60 61
60 62
60 63
60 64
60 65
60 83
60 89
60 92
60 95
60 113
60 114
61 61
61 62
61 63
61 65
61 83
61 89
61 90
61 92
61 112
62 62
62 63
62 66
62 72
62 78
62 80
62 81
62 95
62 97
62 99
62 107
62 108
63 63
63 66
63 80
63 81
63 83
63 112
64 64
64 71
64 78
64 85
64 88
64 92
64 93
64 105
64 107
64 114
65 65
65 75
65 77
65 89
65 90
65 92
65 100
65 102
66 66
66 67
66 68
66 69
66 80
66 81
66 96
66 97
66 98
66 99
66 110
67 67
67 95
67 100
67 107
67 110
68 68
68 69
68 74
68 79
68 80
68 81
68 96
68 99
68 101
68 110
68 111
69 69
69 80
69 81
69 96
69 98
69 99
69 110
70 70
70 71
70 73
70 74
70 75
70 76
70 77
70 80
70 82
70 84
70 85
70 86
70 88
70 89
70 91
70 102
70 106
71 71
71 72
71 73
71 74
71 75
71 76
71 77
71 78
71 79
71 82
71 84
71 85
71 88
71 89
71 105
71 106
71 114
72 72
72 73
72 74
72 75
72 76
72 77
72 79
72 80
72 81
72 84
72 94
72 102
73 73
73 74
73 75
73 76
73 77
73 79
73 84
73 85
73 102
74 74
74 75
74 76
74 77
74 79
74 80
74 81
75 75
75 76
75 77
75 82
75 83
75 84
75 85
75 88
75 89
75 109
76 76
76 77
76 79
76 103
76 109
76 114
77 77
77 83
77 85
77 89
77 92
77 100
77 102
77 109
77 114
78 78
78 79
78 80
78 81
78 94
78 95
78 97
78 105
78 108
78 115
79 79
79 80
79 81
79 84
79 94
80 80
80 81
80 83
80 84
80 88
80 106
81 81
81 84
81 97
81 106
82 82
82 84
82 86
82 87
82 88
82 89
82 91
83 83
83 85
83 89
83 92
84 84
84 85
84 86
84 88
84 106
85 85
85 86
85 87
85 89
85 92
85 100
86 86
86 87
86 88
86 89
86 91
86 93
86 96
86 106
87 87
87 109
88 88
88 89
88 90
88 91
88 93
88 106
88 108
89 89
89 90
89 91
89 92
89 100
89 102
89 107
90 90
90 91
90 92
90 93
90 100
90 102
90 107
91 91
91 92
91 93
91 100
91 102
91 107
92 92
92 93
92 100
92 102
92 107
93 93
93 103
93 107
94 94
94 95
94 97
94 108
94 109
94 110
94 111
94 114
94 115
95 95
95 97
95 104
95 105
95 107
95 108
95 110
95 113
95 114
96 96
96 97
96 98
96 99
96 104
96 106
96 108
96 109
96 110
96 111
96 112
96 115
97 97
97 99
97 104
97 105
97 106
97 107
97 108
97 109
97 110
97 114
97 115
98 98
98 99
98 103
98 104
98 110
98 111
98 112
98 115
99 99
99 103
99 104
99 110
99 111
99 112
99 115
100 100
100 102
100 107
101 101
102 102
102 104
102 105
102 114
103 103
103 104
103 105
103 107
103 111
103 112
103 113
103 114
103 115
104 104
104 105
104 110
104 111
104 112
104 115
105 105
105 107
105 114
105 115
106 106
106 108
106 109
106 115
107 107
107 114
108 108
108 109
108 114
108 115
109 109
110 110
110 111
110 112
111 111
111 112
111 113
111 115
112 112
112 113
113 113
113 114
114 114
114 115
115 115
