0 0
0 1
0 18
0 19
0 32
0 47
0 56
0 57
0 58
0 59
0 62
0 68
0 85
0 89
0 90
0 91
0 98
0 99
0 101
0 103
0 113
1 1
1 18
1 19
1 33
1 47
1 56
1 57
1 58
1 59
1 60
1 61
1 62
1 63
1 66
1 68
1 81
1 85
1 89
1 90
1 91
1 92
1 98
1 99
1 101
1 102
1 103
1 110
1 111
2 2
2 3
2 4
2 5
2 6
2 7
2 8
2 10
2 12
2 13
2 14
2 15
2 20
2 21
2 22
2 23
2 24
2 25
2 26
2 27
2 30
2 31
2 71
3 3
3 5
3 6
3 7
3 10
3 11
3 12
3 13
3 15
3 20
3 21
3 22
3 23
3 24
3 26
3 27
3 30
3 31
3 71
3 75
4 4
4 5
4 6
4 7
4 8
4 9
4 14
4 15
4 20
4 21
4 23
4 24
4 25
4 26
4 27
4 28
4 29
4 30
4 31
4 40
4 48
4 50
4 51
4 71
4 75
5 5
5 6
5 8
5 9
5 12
5 13
5 14
5 15
5 17
5 20
5 21
5 22
5 23
5 24
5 25
5 26
5 27
5 28
5 29
5 30
5 50
5 53
5 71
5 72
5 73
5 78
6 6
6 7
6 8
6 9
6 10
6 12
6 13
6 22
6 23
6 30
6 31
6 64
7 7
7 8
7 9
7 11
7 13
7 23
7 31
7 33
7 61
7 64
7 65
7 83
8 8
8 9
8 14
8 15
8 20
8 21
8 23
8 24
8 25
8 26
8 27
8 28
8 29
8 30
8 31
8 40
8 51
8 70
8 71
8 114
9 9
9 13
9 14
9 15
9 24
9 26
9 29
9 48
9 49
9 50
9 51
9 53
9 112
9 114
10 10
10 11
10 12
10 13
10 14
10 15
10 16
10 17
10 20
10 22
10 26
10 28
10 29
10 30
10 31
10 32
10 38
10 40
10 41
10 70
10 71
10 72
10 73
10 74
10 75
10 76
10 77
10 78
11 11
11 12
11 13
11 15
11 17
11 29
11 31
11 65
11 71
11 73
11 75
11 87
12 12
12 13
12 14
12 15
12 16
12 17
12 20
12 21
12 22
12 24
12 25
12 26
12 27
12 28
12 29
12 30
12 31
12 36
12 37
12 38
12 40
12 41
12 70
12 71
12 72
12 73
12 74
12 75
12 76
12 77
12 78
12 79
13 13
13 14
13 15
13 16
13 17
13 20
13 21
13 22
13 24
13 25
13 26
13 27
13 28
13 29
13 30
13 31
13 41
13 71
13 72
13 73
13 75
13 78
13 87
14 14
14 15
14 16
14 17
14 20
14 21
14 22
14 24
14 25
14 26
14 27
14 28
14 29
14 30
14 31
14 36
14 37
14 38
14 40
14 41
14 53
14 70
14 71
14 72
14 73
14 74
14 75
14 82
14 86
15 15
15 16
15 17
15 20
15 21
15 24
15 25
15 26
15 27
15 28
15 29
15 30
15 31
15 37
15 40
15 41
15 53
15 70
15 71
15 72
15 73
15 74
15 75
15 78
15 82
16 16
16 17
16 20
16 21
16 24
16 25
16 28
16 29
16 30
16 31
16 32
16 36
16 37
16 38
16 40
16 41
16 54
16 70
16 71
16 72
16 73
16 74
16 75
16 76
16 77
16 78
16 79
16 80
16 81
16 95
17 17
17 20
17 21
17 24
17 25
17 28
17 29
17 30
17 31
17 36
17 41
17 62
17 63
17 70
17 71
17 72
17 73
17 74
17 75
17 76
17 77
17 78
17 79
17 80
17 81
17 104
18 18
18 19
18 22
18 32
18 33
18 34
18 56
18 57
18 60
18 62
18 90
18 98
18 102
18 113
19 19
19 23
19 33
19 57
19 58
19 59
19 66
19 67
19 68
19 69
19 83
19 89
19 90
19 91
19 92
19 93
19 98
19 102
19 103
19 105
19 106
19 107
19 114
20 20
20 21
20 24
20 25
20 26
20 27
20 28
20 29
20 30
20 31
20 36
20 37
20 38
20 40
20 41
20 51
20 53
20 70
20 71
20 72
20 73
20 74
20 75
20 78
20 86
20 87
21 21
21 25
21 26
21 27
21 28
21 29
21 30
21 31
21 36
21 37
21 38
21 40
21 41
21 53
21 70
21 71
21 72
21 73
21 74
21 75
21 77
21 78
22 22
22 23
22 24
22 25
22 26
22 27
22 30
22 31
22 71
22 72
22 78
22 88
23 23
23 24
23 25
23 26
23 27
23 31
23 67
23 69
23 88
23 89
23 105
23 107
23 114
24 24
24 25
24 26
24 27
24 28
24 29
24 30
24 31
24 41
24 70
24 71
24 72
24 73
24 75
24 78
25 25
25 26
25 27
25 28
25 29
25 30
25 31
25 41
25 50
25 70
25 71
25 72
25 73
25 74
25 75
25 78
26 26
26 27
26 28
26 29
26 30
26 31
26 38
26 40
26 50
26 51
26 53
26 70
26 71
26 72
26 73
26 75
26 78
26 82
27 27
27 28
27 29
27 30
27 31
27 37
27 38
27 41
27 50
27 53
27 70
27 71
27 72
27 73
27 75
27 78
27 86
27 87
28 28
28 29
28 30
28 31
28 36
28 37
28 38
28 39
28 40
28 41
28 53
28 54
28 70
28 71
28 72
28 73
28 74
28 75
28 76
28 77
28 78
28 79
28 80
28 82
28 84
28 86
28 115
29 29
29 30
29 31
29 36
29 37
29 38
29 40
29 41
29 53
29 70
29 71
29 72
29 73
29 74
29 75
29 76
29 77
29 78
29 79
29 80
29 81
29 82
29 84
29 95
30 30
30 31
30 36
30 38
30 40
30 41
30 53
30 70
30 71
30 72
30 73
30 74
30 75
30 78
30 79
30 82
31 31
31 40
31 41
31 70
31 71
31 72
31 73
31 74
31 75
31 77
31 78
32 32
32 33
32 35
32 56
32 57
32 60
32 62
32 63
32 76
33 33
33 34
33 35
33 44
33 57
33 60
33 61
33 62
33 63
33 64
33 67
33 80
33 98
34 34
34 35
34 57
34 60
34 64
34 76
34 88
34 96
35 35
35 44
35 45
35 47
35 55
35 57
35 60
35 61
35 66
35 67
35 88
35 96
35 110
36 36
36 37
36 38
36 39
36 40
36 41
36 54
36 55
36 70
36 71
36 72
36 73
36 74
36 75
36 76
36 77
36 78
36 79
36 80
36 81
36 82
36 84
36 86
36 88
36 94
36 95
36 96
37 37
37 38
37 39
37 41
37 54
37 55
37 70
37 71
37 72
37 73
37 74
37 75
37 85
37 86
37 87
37 95
37 96
37 97
37 108
37 114
38 38
38 39
38 40
38 41
38 54
38 55
38 70
38 71
38 72
38 74
38 75
38 82
38 86
38 88
38 94
38 95
38 108
38 109
38 115
39 39
39 54
39 55
39 72
39 86
39 88
39 94
39 95
39 97
39 104
39 109
39 115
40 40
40 41
40 54
40 70
40 71
40 72
40 73
40 74
40 75
40 76
40 77
40 78
40 80
40 82
40 84
40 95
41 41
41 53
41 70
41 71
41 72
41 73
41 74
41 75
41 76
41 77
41 78
41 79
41 84
41 86
41 87
41 95
42 42
42 43
42 44
42 45
42 46
42 47
42 48
42 49
42 50
42 51
42 53
42 55
42 90
42 92
42 93
42 98
42 99
42 101
42 110
42 111
42 112
43 43
43 44
43 45
43 46
43 47
43 48
43 49
43 51
43 55
43 66
43 67
43 86
43 92
43 93
43 96
43 110
43 111
43 112
44 44
44 45
44 48
44 49
44 50
44 51
44 67
44 80
44 106
44 107
44 112
45 45
45 47
45 48
45 49
45 50
45 51
45 66
45 67
45 69
45 90
45 91
45 92
45 93
45 105
45 107
46 46
46 47
46 50
46 51
46 52
46 54
46 55
46 79
46 90
46 92
46 94
46 95
46 96
46 98
46 99
46 110
46 111
46 112
47 47
47 48
47 49
47 55
47 57
47 58
47 59
47 60
47 66
47 67
47 90
47 91
47 92
47 93
47 96
47 98
47 99
47 100
47 110
47 111
47 113
48 48
48 49
48 50
48 51
48 58
48 59
48 66
48 67
48 90
48 93
48 101
48 107
48 112
49 49
49 50
49 51
49 112
50 50
50 51
50 52
50 112
51 51
51 52
51 53
51 54
51 112
52 52
52 53
52 90
53 53
53 70
53 82
53 86
54 54
54 55
54 70
54 72
54 86
54 88
54 95
54 96
54 109
55 55
55 81
55 86
55 94
55 95
55 96
55 97
55 108
55 109
55 110
56 56
56 57
56 58
56 62
56 63
56 68
56 76
56 80
56 81
56 99
56 103
56 104
56 113
57 57
57 58
57 59
57 60
57 62
57 63
57 66
57 68
57 80
57 81
57 90
57 96
57 98
57 99
57 102
57 103
57 110
57 111
57 113
58 58
58 59
58 60
58 61
58 62
58 63
58 66
58 67
58 69
58 89
58 90
58 91
58 92
58 93
58 99
58 101
58 102
58 103
58 105
58 106
58 107
58 114
59 59
59 61
59 62
59 63
59 66
59 67
59 69
59 89
59 90
59 91
59 92
59 93
59 96
59 97
59 98
59 99
59 101
59 102
59 105
59 106
59 107
59 110
60 60
60 61
60 62
60 63
60 64
60 65
60 102
61 61
61 63
61 64
61 65
61 66
61 67
61 89
61 92
61 93
61 102
62 62
62 63
62 76
62 79
62 80
62 81
63 63
63 76
63 80
63 81
63 99
64 64
64 65
64 67
64 88
65 65
65 104
66 66
66 67
66 68
66 69
66 89
66 90
66 91
66 92
66 93
66 96
66 98
66 101
66 102
66 105
66 107
66 110
66 111
66 114
67 67
67 69
67 88
67 89
67 90
67 91
67 92
67 93
67 98
67 102
67 105
67 107
67 110
67 114
68 68
68 69
68 90
68 91
68 92
68 93
68 97
68 99
68 103
68 105
68 106
68 107
68 113
68 114
69 69
69 88
69 89
69 90
69 91
69 92
69 93
69 97
69 98
69 102
69 105
69 106
69 107
69 110
69 114
70 70
70 71
70 72
70 73
70 74
70 75
70 76
70 77
70 78
70 79
70 82
70 86
70 87
70 104
70 115
71 71
71 72
71 73
71 74
71 75
71 76
71 77
71 78
71 82
71 87
72 72
72 73
72 74
72 75
72 76
72 77
72 78
72 79
72 80
72 82
72 84
72 95
72 115
73 73
73 74
73 75
73 76
73 77
73 78
73 79
73 82
73 84
73 104
74 74
74 75
74 76
74 77
74 78
74 79
74 82
74 84
74 104
74 115
75 75
75 76
75 77
75 78
75 79
75 82
75 84
75 115
76 76
76 77
76 78
76 79
76 80
76 81
76 95
76 104
77 77
77 78
77 80
77 81
77 84
77 104
78 78
78 79
78 80
78 81
78 82
78 84
79 79
79 80
79 81
79 94
80 80
80 81
80 82
80 98
81 81
81 94
81 95
81 96
81 98
81 99
81 110
82 82
82 83
82 84
82 85
82 86
82 88
83 83
83 84
83 85
83 87
83 92
83 100
83 102
84 84
84 85
85 85
85 87
85 95
85 97
85 100
85 103
85 113
86 86
86 87
86 88
86 96
86 109
87 87
88 88
88 89
89 89
89 90
89 91
89 92
89 93
89 100
89 102
89 105
89 107
89 110
89 114
90 90
90 91
90 92
90 93
90 94
90 97
90 98
90 99
90 101
90 102
90 103
90 105
90 106
90 107
90 110
90 111
90 112
90 113
90 114
91 91
91 92
91 93
91 97
91 98
91 99
91 100
91 101
91 102
91 103
91 105
91 106
91 107
91 110
91 111
91 112
91 113
91 114
92 92
92 93
92 97
92 98
92 99
92 100
92 101
92 102
92 103
92 105
92 106
92 107
92 110
92 111
92 112
92 113
92 114
93 93
93 98
93 99
93 101
93 102
93 103
93 105
93 106
93 107
93 110
93 111
93 112
93 113
93 114
94 94
94 96
94 97
94 98
94 99
94 104
94 105
94 106
94 107
94 108
94 109
94 110
94 111
94 113
95 95
95 96
95 97
95 108
96 96
96 97
96 98
96 108
96 110
96 111
97 97
97 98
97 99
97 100
97 103
97 108
97 109
97 110
97 111
97 113
97 114
98 98
98 99
98 100
98 101
98 102
98 103
98 107
98 110
98 111
98 112
98 113
99 99
99 102
99 103
99 104
99 106
99 111
99 112
99 113
100 100
100 101
100 102
100 113
101 101
101 102
101 110
102 102
102 103
102 106
102 107
102 110
102 111
102 113
103 103
103 104
103 111
103 112
103 113
104 104
104 111
104 113
104 115
105 105
105 106
105 107
105 109
105 114
106 106
106 107
106 114
107 107
107 109
107 113
107 114
108 108
108 109
109 109
109 114
109 115
110 110
110 111
110 113
111 111
111 112
111 113
112 112
112 113
113 113
114 114
115 115
