0 0
0 1
0 16
0 17
0 19
0 51
0 52
0 56
0 57
0 58
0 59
0 63
0 68
0 81
0 101
1 1
1 11
1 16
1 17
1 19
1 29
1 37
1 38
1 39
1 41
1 52
1 54
1 56
1 57
1 58
1 59
1 61
1 62
1 63
1 68
1 69
1 73
1 79
1 80
1 81
1 82
1 83
1 84
1 85
1 87
1 89
1 100
1 102
2 2
2 3
2 4
2 6
2 7
2 8
2 9
2 10
2 12
2 14
2 18
2 21
2 22
2 23
2 24
2 25
2 30
2 31
2 33
2 35
2 42
2 43
2 44
2 45
2 49
2 64
2 70
2 71
2 86
2 91
2 93
3 3
3 4
3 5
3 6
3 7
3 8
3 9
3 11
3 13
3 14
3 15
3 18
3 20
3 21
3 22
3 23
3 24
3 25
3 28
3 30
3 31
3 33
3 64
3 65
3 71
3 83
4 4
4 5
4 6
4 7
4 8
4 9
4 10
4 12
4 14
4 15
4 18
4 21
4 22
4 23
4 24
4 25
4 26
4 30
4 31
4 33
4 60
4 61
4 64
4 70
4 71
4 86
4 93
5 5
5 8
5 9
5 15
5 19
5 20
5 21
5 24
5 25
5 26
5 27
5 41
5 59
5 70
5 87
6 6
6 7
6 8
6 9
6 10
6 12
6 13
6 14
6 15
6 18
6 20
6 21
6 22
6 23
6 24
6 25
6 30
6 31
6 33
6 35
6 64
6 70
6 71
6 72
6 91
6 93
7 7
7 8
7 11
7 12
7 13
7 15
7 18
7 21
7 22
7 23
7 24
7 25
7 30
7 31
7 33
7 40
7 70
7 71
7 72
7 93
8 8
8 9
8 10
8 12
8 14
8 15
8 18
8 20
8 21
8 22
8 23
8 24
8 25
8 26
8 30
8 31
8 33
8 64
8 70
8 71
8 86
8 91
8 93
9 9
9 14
9 15
9 20
9 21
9 22
9 23
9 24
9 25
9 26
9 27
9 30
9 31
9 70
9 71
9 83
10 10
10 12
10 13
10 14
10 22
10 24
10 25
10 30
10 40
10 71
10 86
10 93
11 11
11 13
11 15
11 17
11 28
11 29
11 36
11 37
11 40
11 41
11 52
11 62
11 72
11 73
11 74
11 75
11 83
11 85
11 89
11 90
11 92
11 112
11 114
11 115
12 12
12 13
12 15
12 18
12 21
12 22
12 24
12 25
12 30
12 31
12 44
12 45
12 48
12 49
12 70
12 71
12 72
12 93
13 13
13 15
13 23
13 28
13 29
13 30
13 31
13 40
13 70
13 71
13 72
13 74
13 75
13 114
13 115
14 14
14 15
14 20
14 22
14 23
14 24
14 25
14 26
14 30
14 31
14 71
14 82
14 83
14 93
15 15
15 20
15 21
15 22
15 23
15 24
15 25
15 28
15 29
15 30
15 31
15 40
15 70
15 71
15 75
15 83
16 16
16 17
16 19
16 29
16 36
16 38
16 39
16 54
16 55
16 56
16 57
16 59
16 62
16 63
16 68
16 69
16 78
16 79
16 80
16 81
16 97
16 102
16 111
17 17
17 19
17 28
17 29
17 36
17 37
17 38
17 39
17 41
17 52
17 54
17 55
17 56
17 57
17 59
17 62
17 63
17 68
17 69
17 72
17 73
17 74
17 78
17 79
17 80
17 81
17 83
17 85
17 87
17 89
17 102
17 111
18 18
18 22
18 24
18 30
18 31
18 33
18 42
18 44
18 49
18 51
18 58
18 60
18 61
18 64
18 93
19 19
19 28
19 29
19 32
19 39
19 56
19 57
19 59
19 61
19 62
19 63
19 66
19 68
19 69
19 78
19 79
19 80
19 81
19 82
19 83
19 87
19 89
20 20
20 21
20 22
20 23
20 24
20 25
20 27
20 30
20 31
20 40
20 70
20 71
20 75
20 93
20 110
20 112
21 21
21 22
21 23
21 24
21 25
21 26
21 27
21 28
21 30
21 31
21 41
21 70
21 71
21 72
21 75
22 22
22 23
22 24
22 25
22 27
22 30
22 31
22 35
22 64
22 70
22 71
22 86
22 91
22 93
23 23
23 24
23 25
23 27
23 30
23 31
23 33
23 35
23 64
23 70
23 71
23 86
23 91
23 93
24 24
24 25
24 26
24 27
24 30
24 31
24 64
24 70
24 71
24 91
24 93
25 25
25 26
25 27
25 30
25 31
25 35
25 64
25 70
25 71
25 86
25 93
25 110
26 26
26 27
26 56
26 58
26 68
26 69
26 82
26 87
27 27
27 71
27 86
27 87
28 28
28 29
28 30
28 32
28 33
28 37
28 62
28 72
28 77
28 82
28 83
29 29
29 32
29 36
29 37
29 41
29 52
29 56
29 57
29 62
29 63
29 72
29 73
29 74
29 75
29 79
29 80
29 81
29 82
29 83
29 85
29 87
30 30
30 31
30 33
30 35
30 40
30 64
30 70
30 71
30 72
30 75
30 91
30 93
31 31
31 33
31 34
31 35
31 40
31 64
31 70
31 71
31 72
31 75
31 93
31 110
32 32
32 33
32 36
32 56
32 62
32 63
32 66
32 67
32 68
32 78
32 80
32 81
32 106
33 33
33 35
33 45
33 64
33 67
33 71
33 72
34 34
34 35
34 42
34 43
34 45
34 64
34 65
34 67
35 35
35 45
35 64
35 67
35 93
35 95
35 110
36 36
36 37
36 38
36 39
36 54
36 55
36 57
36 62
36 68
36 69
36 74
36 76
36 77
36 78
36 79
36 80
36 81
36 83
36 84
36 85
36 88
36 89
36 90
36 92
36 95
36 96
36 97
36 98
36 99
36 100
36 102
36 103
36 104
36 105
36 109
36 111
36 115
37 37
37 38
37 39
37 41
37 54
37 55
37 57
37 62
37 68
37 69
37 73
37 74
37 75
37 76
37 77
37 78
37 79
37 80
37 81
37 83
37 84
37 85
37 87
37 88
37 89
37 90
37 92
37 95
37 97
37 102
37 111
37 112
38 38
38 39
38 54
38 55
38 56
38 57
38 68
38 69
38 76
38 77
38 78
38 80
38 85
38 88
38 89
38 95
38 96
38 97
38 102
38 104
38 105
38 108
38 111
39 39
39 54
39 55
39 56
39 57
39 68
39 69
39 77
39 78
39 79
39 80
39 81
39 82
39 83
39 84
39 85
39 88
39 89
39 95
39 97
39 102
39 104
39 106
39 108
39 111
40 40
40 55
40 71
40 75
40 76
40 94
40 101
40 107
40 112
40 114
40 115
41 41
41 56
41 57
41 59
41 61
41 70
41 73
41 74
41 75
41 83
41 85
41 87
42 42
42 43
42 44
42 45
42 46
42 47
42 48
42 49
42 50
42 51
42 64
42 91
42 93
42 96
42 98
42 99
42 110
43 43
43 44
43 45
43 46
43 47
43 48
43 49
43 50
43 51
43 64
43 91
43 93
43 94
43 96
43 98
43 99
43 110
44 44
44 45
44 46
44 47
44 48
44 49
44 50
44 51
44 58
44 60
44 98
45 45
45 47
45 48
45 49
45 67
46 46
46 47
46 48
46 49
46 50
46 51
46 52
46 53
46 54
46 55
46 96
46 98
46 99
46 104
46 110
46 111
46 112
46 113
47 47
47 48
47 49
47 50
47 51
47 53
47 55
47 96
47 98
47 99
47 105
47 106
47 110
47 111
47 112
48 48
48 49
48 50
48 51
48 52
48 53
48 58
48 61
48 93
48 98
48 100
48 101
49 49
49 50
49 51
49 53
49 58
49 61
49 70
49 93
50 50
50 51
50 52
50 53
50 54
50 55
50 94
50 96
50 98
50 99
50 100
50 113
50 115
51 51
51 52
51 53
51 58
51 59
51 61
51 90
51 91
51 93
51 98
51 100
51 101
52 52
52 53
52 54
52 55
52 57
52 76
52 87
52 89
52 90
52 96
52 98
52 99
52 100
53 53
53 55
53 76
53 90
53 91
53 93
53 96
53 98
53 99
53 100
53 101
53 104
53 111
53 112
53 113
54 54
54 55
54 62
54 68
54 69
54 76
54 78
54 79
54 80
54 81
54 84
54 85
54 88
54 89
54 92
54 95
54 96
54 97
54 98
54 99
54 100
54 102
54 103
54 104
54 105
54 109
54 111
54 112
54 113
54 114
54 115
55 55
55 76
55 77
55 79
55 81
55 84
55 85
55 88
55 89
55 95
55 96
55 97
55 98
55 99
55 100
55 102
55 103
55 104
55 105
55 107
55 110
55 111
55 112
55 113
55 114
55 115
56 56
56 57
56 58
56 59
56 61
56 62
56 63
56 66
56 68
56 69
56 80
56 81
56 83
56 87
57 57
57 58
57 59
57 62
57 63
57 66
57 68
57 69
57 73
57 78
57 79
57 80
57 81
57 82
57 83
57 84
57 85
57 87
57 89
58 58
58 59
58 60
58 61
58 65
58 66
59 59
59 60
59 61
59 62
59 63
59 66
59 68
59 69
59 80
59 81
59 87
60 60
60 61
60 63
60 64
60 65
60 66
61 61
61 63
61 65
61 66
62 62
62 63
62 66
62 68
62 69
62 78
62 79
62 80
62 81
62 82
62 83
62 84
62 85
62 87
62 88
62 89
62 102
63 63
63 66
63 68
63 69
63 79
63 80
63 81
63 83
63 84
64 64
64 65
64 67
64 86
65 65
65 66
65 67
65 88
65 92
66 66
66 67
66 68
66 69
66 80
66 87
67 67
67 84
67 88
67 105
67 110
68 68
68 69
68 78
68 79
68 80
68 81
68 82
68 83
68 84
68 85
68 87
68 88
68 89
68 95
68 97
68 102
68 108
69 69
69 78
69 79
69 80
69 81
69 82
69 83
69 84
69 85
69 87
69 88
69 89
69 97
69 102
70 70
70 71
70 72
70 73
70 75
70 91
70 93
71 71
71 72
71 73
71 75
71 91
71 93
72 72
72 73
72 74
72 75
73 73
73 74
73 75
73 76
73 79
73 83
74 74
74 75
74 76
74 85
74 95
74 98
74 99
74 109
74 112
75 75
75 76
75 77
75 86
75 112
76 76
76 77
76 78
76 88
76 89
76 95
76 96
76 97
76 98
76 99
76 100
76 102
76 103
76 104
76 111
76 112
76 113
77 77
77 78
77 79
77 89
77 95
77 97
77 99
77 102
77 103
77 104
77 106
77 110
77 111
77 112
77 114
78 78
78 79
78 80
78 81
78 82
78 85
78 88
78 89
78 95
78 97
78 102
78 108
78 111
79 79
79 80
79 81
79 85
79 89
79 90
79 97
79 98
79 99
79 102
79 111
80 80
80 81
80 82
80 83
80 84
80 85
80 87
80 88
80 89
80 95
80 97
80 102
80 104
80 106
80 108
80 111
81 81
81 83
81 84
81 85
81 87
81 89
81 97
81 102
82 82
82 83
82 89
82 95
82 97
83 83
83 85
83 87
83 89
83 108
84 84
84 85
84 88
84 89
84 92
84 102
84 105
85 85
85 87
85 88
85 89
85 92
85 97
85 102
85 109
86 86
87 87
87 89
88 88
88 89
88 92
88 95
88 96
88 97
88 100
88 102
88 103
88 104
88 105
88 108
88 111
88 113
88 114
88 115
89 89
89 90
89 92
89 97
89 100
89 102
89 103
89 104
89 108
89 111
90 90
90 91
90 92
90 93
90 98
90 99
90 100
90 101
90 102
90 103
90 104
90 107
90 111
90 112
90 113
91 91
91 92
91 93
91 99
91 101
91 112
92 92
92 99
92 100
92 102
92 111
92 112
93 93
93 101
93 112
94 94
94 96
94 97
94 103
94 105
94 107
94 109
94 110
94 113
94 114
94 115
95 95
95 96
95 97
95 99
95 102
95 104
95 105
95 106
95 109
95 111
95 112
95 113
95 114
96 96
96 97
96 98
96 99
96 102
96 103
96 104
96 105
96 109
96 110
96 111
96 112
96 113
96 114
96 115
97 97
97 98
97 99
97 102
97 103
97 104
97 105
97 108
97 111
97 112
97 113
97 114
97 115
98 98
98 99
98 100
98 102
98 103
98 104
98 105
98 109
98 111
98 112
98 113
98 114
98 115
99 99
99 100
99 102
99 103
99 104
99 105
99 109
99 111
99 112
99 113
99 114
99 115
100 100
100 101
100 102
100 103
100 104
100 111
100 112
101 101
101 103
101 107
102 102
102 103
102 104
102 105
102 108
102 111
102 112
102 113
102 114
102 115
103 103
103 104
103 105
103 107
103 108
103 111
103 113
103 114
103 115
104 104
104 105
104 106
104 108
104 111
104 112
104 113
104 114
105 105
105 109
105 110
105 111
105 112
105 113
105 114
105 115
106 106
107 107
107 110
107 114
107 115
108 108
108 110
109 109
109 111
109 113
109 114
109 115
110 110
110 111
110 113
111 111
111 112
111 113
111 114
111 115
112 112
112 113
112 114
112 115
113 113
113 114
113 115
114 114
114 115
115 115
