0 0
0 6
0 12
0 21
0 28
0 38
0 56
0 60
0 62
0 63
0 68
0 76
0 86
0 95
0 96
0 97
0 99
0 103
1 1
1 10
1 11
1 12
1 13
1 17
1 28
1 29
1 36
1 40
1 58
1 60
1 61
1 62
1 63
1 72
1 73
1 74
1 76
1 80
1 81
1 83
1 115
2 2
2 3
2 4
2 6
2 18
2 20
2 21
2 22
2 24
2 25
2 26
2 27
2 30
2 31
2 38
2 48
2 50
2 51
2 54
2 55
2 64
2 84
2 85
2 86
2 87
2 88
2 89
2 96
3 3
3 5
3 7
3 20
3 21
3 22
3 23
3 24
3 25
3 26
3 27
3 31
3 33
3 54
3 65
3 78
3 79
3 86
3 87
3 88
3 89
3 92
3 110
4 4
4 5
4 6
4 8
4 12
4 14
4 19
4 20
4 21
4 22
4 23
4 24
4 26
4 27
4 30
4 31
4 34
4 50
4 51
4 52
4 53
4 54
4 69
4 84
4 97
4 107
4 113
5 5
5 7
5 8
5 15
5 20
5 21
5 23
5 24
5 25
5 26
5 27
5 31
5 33
5 34
5 38
5 50
5 54
5 57
5 64
5 65
5 71
5 79
5 86
5 87
5 88
5 89
5 92
5 96
5 113
6 6
6 7
6 12
6 28
6 29
6 32
6 33
6 38
6 40
6 54
6 58
6 60
6 70
6 71
6 72
6 73
6 74
6 75
6 76
6 79
6 84
6 85
6 89
6 100
6 113
6 115
7 7
7 11
7 13
7 15
7 20
7 32
7 33
7 61
7 66
7 92
8 8
8 14
8 23
8 24
8 27
8 50
8 52
8 57
8 64
8 65
8 88
8 89
8 90
8 91
8 99
8 106
9 9
9 23
9 25
9 35
9 39
9 57
9 64
9 65
9 67
9 78
9 90
9 92
9 94
9 105
9 107
9 108
9 114
10 10
10 11
10 12
10 13
10 14
10 16
10 18
10 19
10 28
10 29
10 36
10 40
10 41
10 62
10 63
10 69
10 70
10 72
10 73
10 74
10 75
10 76
10 80
10 82
10 83
10 91
10 95
10 97
10 102
11 11
11 13
11 15
11 16
11 17
11 28
11 29
11 36
11 46
11 47
11 60
11 61
11 74
11 76
11 77
11 78
11 79
11 80
11 81
11 82
11 83
11 100
11 110
12 12
12 13
12 14
12 15
12 28
12 29
12 36
12 38
12 40
12 41
12 54
12 58
12 60
12 62
12 63
12 70
12 72
12 73
12 74
12 75
12 76
12 79
12 82
12 83
12 84
12 85
12 87
12 89
12 97
12 100
12 113
12 115
13 13
13 15
13 16
13 17
13 19
13 28
13 29
13 36
13 40
13 54
13 56
13 61
13 69
13 71
13 74
13 76
13 78
13 79
13 80
13 81
13 83
13 113
14 14
14 15
14 22
14 23
14 26
14 30
14 38
14 41
14 52
14 54
14 70
14 82
14 83
14 84
14 85
14 87
14 88
14 89
14 91
14 99
14 100
15 15
15 16
15 17
15 20
15 28
15 29
15 36
15 40
15 41
15 56
15 57
15 71
15 76
15 78
15 79
15 80
15 81
15 82
15 83
15 85
15 87
15 100
15 110
16 16
16 17
16 19
16 28
16 29
16 36
16 37
16 40
16 41
16 45
16 47
16 56
16 61
16 62
16 69
16 72
16 73
16 74
16 75
16 76
16 78
16 80
16 81
16 83
16 101
16 102
16 106
17 17
17 28
17 29
17 32
17 33
17 36
17 37
17 40
17 41
17 56
17 57
17 62
17 63
17 71
17 72
17 74
17 76
17 77
17 78
17 79
17 80
17 81
17 83
17 85
17 87
17 115
18 18
18 22
18 41
18 48
18 55
18 58
18 59
18 60
18 61
18 73
18 75
18 77
18 82
18 83
18 90
18 91
18 93
18 102
19 19
19 22
19 23
19 31
19 39
19 52
19 53
19 68
19 69
19 78
19 80
19 94
19 95
19 98
19 113
20 20
20 21
20 22
20 23
20 24
20 25
20 26
20 27
20 30
20 31
20 33
20 34
20 38
20 50
20 51
20 52
20 53
20 54
20 65
20 71
20 78
20 79
20 86
20 87
20 88
20 89
20 96
20 113
20 114
21 21
21 23
21 24
21 25
21 26
21 27
21 30
21 31
21 34
21 38
21 39
21 50
21 54
21 56
21 68
21 78
21 79
21 86
21 87
21 95
21 96
21 97
21 99
21 109
21 113
21 114
22 22
22 23
22 24
22 25
22 30
22 31
22 35
22 50
22 51
22 52
22 53
22 54
22 64
22 69
22 84
22 88
22 89
22 91
22 98
22 99
22 107
22 109
22 114
23 23
23 24
23 25
23 26
23 27
23 30
23 31
23 34
23 35
23 39
23 50
23 52
23 53
23 54
23 57
23 64
23 65
23 69
23 78
23 79
23 86
23 87
23 89
23 95
23 108
23 109
23 113
23 114
24 24
24 25
24 26
24 27
24 30
24 31
24 33
24 34
24 35
24 50
24 51
24 64
24 65
24 67
24 86
24 88
24 89
24 96
24 107
24 110
24 113
24 114
25 25
25 26
25 27
25 30
25 31
25 33
25 34
25 35
25 39
25 48
25 50
25 51
25 64
25 65
25 66
25 67
25 86
25 87
25 88
25 89
25 92
25 105
25 107
25 108
25 114
26 26
26 27
26 31
26 34
26 38
26 50
26 51
26 54
26 79
26 86
26 87
26 88
26 89
26 96
26 97
26 110
26 113
27 27
27 30
27 38
27 48
27 50
27 51
27 54
27 64
27 65
27 86
27 87
27 88
27 89
27 92
27 96
27 100
27 110
27 114
28 28
28 29
28 32
28 36
28 40
28 41
28 56
28 58
28 60
28 62
28 63
28 70
28 71
28 72
28 73
28 74
28 75
28 76
28 79
28 80
28 81
28 82
28 83
28 85
28 97
28 115
29 29
29 32
29 36
29 37
29 40
29 41
29 62
29 63
29 70
29 71
29 72
29 73
29 74
29 75
29 76
29 77
29 78
29 79
29 80
29 81
29 83
29 85
29 87
29 115
30 30
30 31
30 50
30 64
30 71
30 84
30 87
30 88
30 89
30 99
30 109
30 113
31 31
31 32
31 33
31 34
31 50
31 52
31 64
31 71
31 78
31 79
31 86
31 87
31 88
31 89
31 109
31 113
31 114
32 32
32 33
32 34
32 37
32 62
32 63
32 66
32 71
32 72
32 73
32 74
32 75
32 76
32 85
32 87
32 115
33 33
33 34
33 35
33 57
33 61
33 64
33 65
33 71
33 78
33 79
33 86
33 87
33 114
34 34
34 35
34 39
34 45
34 49
34 50
34 51
34 67
34 86
34 95
34 105
34 109
34 113
34 114
35 35
35 45
35 49
35 51
35 52
35 53
35 61
35 64
35 65
35 67
35 69
35 77
35 90
35 91
35 107
35 114
36 36
36 37
36 40
36 41
36 56
36 62
36 63
36 70
36 71
36 72
36 73
36 74
36 75
36 76
36 77
36 80
36 81
36 82
36 83
36 85
36 100
36 102
36 115
37 37
37 39
37 40
37 41
37 59
37 62
37 63
37 70
37 72
37 73
37 74
37 75
37 76
37 77
37 78
37 80
37 81
37 83
37 85
37 102
37 115
38 38
38 41
38 54
38 58
38 75
38 79
38 82
38 86
38 87
38 88
38 89
38 96
38 97
38 100
39 39
39 46
39 68
39 69
39 78
39 94
39 95
39 103
39 104
39 105
39 107
39 108
39 109
39 110
39 114
40 40
40 41
40 56
40 62
40 63
40 70
40 71
40 72
40 73
40 74
40 75
40 76
40 77
40 80
40 81
40 82
40 83
40 85
40 102
40 115
41 41
41 62
41 63
41 70
41 71
41 72
41 73
41 74
41 75
41 76
41 77
41 80
41 81
41 82
41 83
41 85
41 102
42 42
42 43
42 44
42 46
42 47
42 48
42 49
42 55
42 90
42 98
42 99
42 111
42 112
43 43
43 44
43 46
43 47
43 48
43 49
43 90
43 96
43 98
43 99
43 101
43 102
43 104
43 110
43 111
43 112
44 44
44 45
44 46
44 47
44 48
44 49
44 51
44 67
44 90
44 93
44 98
44 111
44 112
45 45
45 46
45 49
45 65
45 67
45 80
45 92
46 46
46 47
46 48
46 49
46 55
46 56
46 57
46 68
46 90
46 95
46 96
46 98
46 99
46 101
46 109
46 110
46 111
46 112
47 47
47 49
47 53
47 77
47 80
47 90
47 91
47 93
47 98
47 99
47 101
47 102
47 110
47 111
47 112
48 48
48 49
48 50
48 51
48 55
48 64
48 65
48 66
48 67
48 88
48 90
48 93
49 49
49 51
49 65
49 90
49 91
49 98
49 99
49 111
50 50
50 51
50 52
50 54
50 64
50 65
50 86
50 87
50 88
50 89
50 105
51 51
51 52
51 53
51 54
51 67
51 88
51 89
51 90
51 107
52 52
52 53
52 54
52 64
52 69
52 82
52 86
52 88
52 89
53 53
53 69
53 82
53 90
53 91
53 98
53 99
53 101
53 107
53 110
54 54
54 86
54 87
54 88
54 89
54 113
55 55
55 88
55 89
55 96
55 98
56 56
56 57
56 68
56 76
56 78
56 79
56 80
56 81
56 95
56 97
56 99
57 57
57 65
57 78
57 79
57 80
57 81
57 92
57 106
57 108
58 58
58 59
58 60
58 61
58 63
58 66
58 73
58 74
58 75
58 76
58 93
58 100
58 115
59 59
59 60
59 61
59 63
59 66
59 73
59 75
59 102
59 104
59 106
59 112
59 115
60 60
60 61
60 63
60 66
60 73
60 74
60 75
60 76
60 93
60 100
60 115
61 61
61 77
61 102
62 62
62 63
62 70
62 72
62 73
62 74
62 75
62 76
62 77
62 80
62 81
62 83
62 85
62 97
62 102
62 103
62 105
62 115
63 63
63 66
63 70
63 72
63 73
63 74
63 75
63 76
63 82
63 83
63 85
63 102
63 103
63 115
64 64
64 65
64 67
64 84
64 88
64 89
64 92
64 114
65 65
65 67
65 86
65 88
65 92
65 108
65 114
66 66
66 67
66 92
66 103
66 104
66 105
66 115
67 67
67 92
67 104
67 105
67 106
67 107
68 68
68 76
68 78
68 80
68 81
68 95
68 97
68 99
68 109
68 110
68 114
69 69
69 78
69 80
69 95
69 98
69 106
69 108
69 113
70 70
70 71
70 72
70 73
70 74
70 75
70 76
70 79
70 81
70 85
70 97
70 100
70 113
70 115
71 71
71 72
71 73
71 74
71 75
71 76
71 79
71 85
71 87
71 89
71 115
72 72
72 73
72 74
72 75
72 76
72 77
72 79
72 80
72 81
72 82
72 83
72 85
72 102
72 115
73 73
73 74
73 75
73 76
73 77
73 80
73 81
73 82
73 83
73 85
73 100
73 102
73 115
74 74
74 75
74 76
74 77
74 80
74 81
74 82
74 83
74 85
74 100
74 102
74 115
75 75
75 76
75 77
75 80
75 81
75 83
75 85
75 102
75 115
76 76
76 77
76 80
76 81
76 82
76 83
76 85
76 100
76 102
77 77
77 80
77 82
77 83
77 100
77 101
77 102
78 78
78 79
78 80
78 81
78 83
78 87
78 94
78 95
78 108
78 113
79 79
79 80
79 81
79 85
79 87
79 97
79 100
79 113
80 80
80 81
80 83
80 102
81 81
81 83
81 85
81 97
82 82
82 83
82 85
82 101
83 83
83 85
84 84
84 85
84 88
84 91
84 107
85 85
85 87
85 115
86 86
86 87
86 88
86 89
86 96
86 113
86 114
87 87
87 88
87 89
88 88
88 89
88 91
88 96
89 89
90 90
90 91
90 93
90 98
90 101
90 102
90 106
90 107
90 111
90 112
91 91
91 93
91 98
91 99
91 101
91 102
91 106
91 107
91 111
92 92
92 105
93 93
93 99
93 101
93 102
93 111
94 94
94 95
94 97
94 103
94 104
94 105
94 107
94 108
94 109
94 110
94 112
94 114
95 95
95 97
95 99
95 103
95 105
95 107
95 108
95 109
95 110
95 111
95 113
95 114
96 96
96 97
96 99
96 103
96 104
96 105
96 109
96 110
97 97
97 103
97 105
97 109
97 110
97 113
97 115
98 98
98 99
98 101
98 111
98 112
99 99
99 101
99 109
99 111
100 100
101 101
101 102
101 103
101 104
101 106
101 110
101 111
102 102
102 103
102 104
102 106
103 103
103 104
103 105
103 107
103 108
103 109
103 114
104 104
104 105
104 106
104 107
104 108
104 112
105 105
105 107
105 108
105 109
105 114
106 106
106 107
106 108
107 107
107 110
107 111
107 114
108 108
108 109
108 114
109 109
109 110
109 111
109 112
109 113
109 114
110 110
110 111
110 113
110 114
111 111
111 112
112 112
113 113
113 114
114 114
115 115
