0 0
0 1
0 8
0 10
0 11
0 12
0 13
0 16
0 17
0 18
0 28
0 29
0 36
0 44
0 48
0 49
0 50
0 51
0 56
0 58
0 59
0 60
0 62
0 63
0 66
0 68
0 72
0 75
0 76
0 78
0 80
0 81
0 98
0 99
0 101
0 102
0 113
1 1
1 10
1 11
1 13
1 19
1 26
1 54
1 68
1 69
1 80
1 83
1 90
1 93
2 2
2 4
2 6
2 7
2 8
2 20
2 30
2 32
2 60
2 71
2 72
2 73
2 74
2 75
2 88
2 91
2 100
2 101
2 102
3 3
3 5
3 7
3 20
3 21
3 22
3 23
3 24
3 25
3 27
3 30
3 31
3 39
3 41
3 64
3 65
3 69
3 82
3 83
3 84
3 85
3 86
3 87
3 88
3 89
3 90
3 91
3 92
3 93
3 105
4 4
4 5
4 6
4 7
4 8
4 9
4 20
4 22
4 24
4 25
4 26
4 32
4 60
4 61
4 64
4 69
4 74
4 75
4 78
4 90
4 91
4 92
4 94
5 5
5 7
5 9
5 20
5 21
5 22
5 23
5 24
5 25
5 26
5 27
5 30
5 34
5 39
5 41
5 64
5 65
5 69
5 85
5 86
5 87
5 88
5 90
5 91
5 92
5 93
5 94
6 6
6 7
6 8
6 9
6 12
6 32
6 33
6 58
6 60
6 61
6 64
6 75
6 100
7 7
7 9
7 15
7 20
7 21
7 25
7 30
7 31
7 32
7 33
7 61
7 64
7 65
7 67
7 71
7 90
7 91
7 92
8 8
8 9
8 12
8 14
8 16
8 32
8 36
8 58
8 60
8 61
8 64
8 72
8 73
8 74
8 75
8 76
8 78
8 80
8 81
8 100
8 101
9 9
9 20
9 32
9 33
9 35
9 58
9 60
9 61
9 64
9 65
9 75
9 90
9 91
9 92
9 93
9 100
10 10
10 11
10 12
10 13
10 14
10 15
10 16
10 17
10 18
10 28
10 29
10 36
10 42
10 44
10 46
10 48
10 49
10 50
10 51
10 58
10 60
10 62
10 63
10 66
10 72
10 78
10 80
10 81
10 83
10 98
10 99
10 101
11 11
11 13
11 14
11 15
11 19
11 28
11 48
11 54
11 62
11 83
12 12
12 13
12 14
12 28
12 29
12 32
12 35
12 36
12 42
12 43
12 44
12 45
12 46
12 47
12 48
12 49
12 50
12 51
12 53
12 54
12 58
12 60
12 61
12 62
12 72
12 76
12 80
12 98
12 99
12 101
13 13
13 15
13 28
13 42
13 43
13 44
13 45
13 47
13 49
13 61
13 62
13 63
13 67
13 101
13 115
14 14
14 21
14 22
14 26
14 36
14 64
14 82
14 84
14 85
14 86
14 93
15 15
15 28
15 32
15 40
15 61
15 62
15 83
15 106
16 16
16 17
16 18
16 19
16 28
16 29
16 36
16 48
16 50
16 56
16 57
16 60
16 62
16 63
16 66
16 68
16 72
16 73
16 74
16 75
16 76
16 78
16 79
16 80
16 81
16 93
16 98
16 99
16 101
16 102
16 113
17 17
17 18
17 19
17 28
17 29
17 36
17 50
17 56
17 57
17 59
17 62
17 63
17 66
17 68
17 72
17 76
17 78
17 79
17 80
17 81
17 98
17 99
17 101
17 102
17 103
17 113
18 18
18 19
18 28
18 29
18 41
18 44
18 48
18 50
18 51
18 53
18 57
18 68
18 70
18 72
18 73
18 74
18 75
18 76
18 78
18 79
18 80
18 81
18 90
18 93
18 98
18 113
19 19
19 41
19 56
19 57
19 68
19 69
19 70
19 77
19 78
19 80
19 81
19 83
19 90
19 93
19 103
20 20
20 21
20 22
20 23
20 24
20 25
20 27
20 30
20 31
20 33
20 34
20 64
20 65
20 71
20 84
20 85
20 86
20 87
20 88
20 89
20 91
20 92
20 94
20 100
21 21
21 22
21 23
21 24
21 25
21 27
21 30
21 31
21 34
21 35
21 43
21 45
21 65
21 67
21 82
21 85
21 87
21 89
21 110
21 115
22 22
22 23
22 24
22 25
22 26
22 27
22 30
22 31
22 34
22 39
22 57
22 64
22 69
22 73
22 82
22 84
22 85
22 86
22 87
22 88
22 92
22 94
23 23
23 24
23 25
23 27
23 30
23 31
23 34
23 37
23 39
23 57
23 65
23 69
23 71
23 77
23 82
23 85
23 87
23 88
23 89
23 91
23 92
23 105
23 110
23 114
24 24
24 25
24 26
24 27
24 30
24 31
24 34
24 39
24 57
24 64
24 65
24 69
24 82
24 84
24 85
24 86
24 88
24 92
24 94
25 25
25 27
25 30
25 31
25 33
25 34
25 39
25 64
25 65
25 67
25 69
25 71
25 82
25 85
25 88
25 89
25 91
25 92
25 94
25 105
25 110
26 26
26 27
26 34
26 36
26 52
26 54
26 68
26 81
26 82
26 84
26 86
26 88
27 27
27 30
27 31
27 34
27 37
27 39
27 54
27 57
27 64
27 65
27 69
27 82
27 84
27 85
27 86
27 87
27 88
27 89
27 92
27 94
27 105
27 114
28 28
28 29
28 32
28 36
28 44
28 46
28 47
28 48
28 49
28 50
28 51
28 56
28 60
28 62
28 63
28 66
28 68
28 72
28 76
28 78
28 80
28 81
28 98
28 99
28 101
29 29
29 32
29 36
29 48
29 50
29 51
29 53
29 56
29 60
29 62
29 63
29 66
29 68
29 72
29 73
29 74
29 75
29 76
29 78
29 79
29 80
29 81
29 98
29 99
29 101
29 102
29 113
30 30
30 31
30 39
30 64
30 69
30 71
30 73
30 75
30 82
30 83
30 85
30 88
30 91
30 92
30 105
30 110
31 31
31 33
31 34
31 39
31 65
31 69
31 71
31 77
31 82
31 85
31 88
31 89
31 92
31 95
31 104
31 105
31 110
32 32
32 33
32 36
32 58
32 60
32 61
32 62
32 63
32 64
32 72
32 75
32 78
33 33
33 35
33 61
33 64
33 65
33 67
34 34
34 35
34 39
34 43
34 54
34 55
34 64
34 65
34 82
34 85
34 87
34 94
34 106
34 110
34 114
35 35
35 42
35 43
35 44
35 45
35 47
35 49
35 51
35 55
35 58
35 61
35 64
35 65
35 67
35 94
35 110
35 115
36 36
36 37
36 40
36 50
36 56
36 60
36 62
36 63
36 66
36 68
36 72
36 76
36 78
36 80
36 81
36 96
36 99
36 113
37 37
37 38
37 39
37 40
37 41
37 52
37 53
37 54
37 57
37 74
37 76
37 77
37 79
37 96
37 104
37 105
37 107
37 110
37 114
38 38
38 39
38 40
38 42
38 43
38 46
38 48
38 50
38 52
38 53
38 54
38 57
38 76
38 82
38 88
38 96
38 98
38 104
38 107
38 112
38 114
38 115
39 39
39 40
39 52
39 54
39 57
39 65
39 69
39 77
39 82
39 85
39 88
39 89
39 92
39 96
39 97
39 104
39 105
39 107
39 109
39 110
39 114
39 115
40 40
40 42
40 43
40 44
40 46
40 52
40 54
40 76
40 82
40 96
40 97
40 106
40 107
40 111
40 114
40 115
41 41
41 46
41 48
41 51
41 52
41 53
41 70
41 73
41 74
41 82
41 83
41 87
41 90
41 91
41 96
41 98
41 113
42 42
42 43
42 44
42 45
42 46
42 47
42 48
42 49
42 50
42 51
42 54
42 58
42 67
42 98
42 106
42 107
42 110
42 111
42 112
42 114
42 115
43 43
43 44
43 45
43 46
43 47
43 48
43 49
43 51
43 54
43 55
43 67
43 87
43 98
43 106
43 107
43 110
43 114
43 115
44 44
44 45
44 46
44 47
44 48
44 49
44 50
44 51
44 54
44 55
44 62
44 96
44 98
44 106
44 107
44 111
44 114
44 115
45 45
45 46
45 47
45 49
45 51
45 58
45 61
45 65
45 67
45 87
45 89
45 110
45 115
46 46
46 47
46 48
46 49
46 50
46 51
46 52
46 53
46 54
46 55
46 96
46 98
46 106
46 111
46 112
46 114
46 115
47 47
47 48
47 49
47 51
47 55
47 62
47 67
47 96
47 98
47 99
47 107
47 109
47 110
47 111
48 48
48 49
48 50
48 51
48 52
48 53
48 54
48 55
48 62
48 72
48 74
48 76
48 95
48 96
48 98
48 102
48 113
49 49
49 50
49 51
49 54
49 55
49 62
49 95
49 96
49 98
49 99
49 100
49 111
50 50
50 51
50 52
50 53
50 54
50 55
50 62
50 66
50 72
50 73
50 74
50 76
50 81
50 96
50 98
50 99
50 111
50 112
50 113
51 51
51 53
51 55
51 66
51 96
51 98
51 99
51 111
51 112
51 113
52 52
52 53
52 54
52 56
52 74
52 96
52 98
52 114
53 53
53 55
53 72
53 73
53 74
53 76
53 96
53 98
53 112
54 54
54 55
54 57
54 82
54 88
54 89
54 95
54 96
54 98
54 107
54 114
55 55
55 96
55 98
55 99
55 111
55 112
56 56
56 57
56 66
56 68
56 70
56 72
56 74
56 76
56 77
56 78
56 79
56 80
56 81
56 96
56 103
57 57
57 68
57 69
57 70
57 73
57 76
57 79
57 80
57 81
57 82
57 85
57 86
57 88
57 105
58 58
58 59
58 60
58 61
58 62
58 63
58 66
58 72
58 78
58 94
58 99
58 101
59 59
59 63
59 66
59 94
59 103
59 108
60 60
60 61
60 62
60 63
60 66
60 72
60 75
60 76
60 78
60 80
60 99
60 100
60 101
60 102
61 61
61 62
61 63
61 64
61 65
61 100
62 62
62 63
62 66
62 72
62 75
62 76
62 80
62 81
62 98
62 99
62 101
62 102
63 63
63 66
63 72
63 76
63 78
63 80
63 81
63 99
63 101
63 102
63 103
64 64
64 65
64 85
64 86
64 87
64 88
64 92
64 94
65 65
65 67
65 85
65 87
65 89
65 92
65 94
65 110
66 66
66 72
66 74
66 76
66 78
66 79
66 80
66 81
66 98
66 99
66 101
66 102
66 103
66 108
66 112
66 113
67 67
67 85
67 87
67 89
67 104
67 105
67 110
67 114
67 115
68 68
68 70
68 72
68 76
68 78
68 80
68 81
68 96
68 101
69 69
69 88
69 90
69 91
69 92
69 93
70 70
70 71
70 73
70 74
70 79
70 80
70 81
70 95
71 71
71 73
71 75
71 77
71 88
71 90
71 91
71 92
71 95
71 97
71 100
71 101
71 103
71 104
71 105
72 72
72 73
72 74
72 75
72 76
72 78
72 79
72 80
72 81
72 98
72 99
72 101
72 102
72 111
72 113
73 73
73 74
73 75
73 76
73 77
73 78
73 79
73 81
73 91
73 95
73 100
73 101
73 102
73 108
73 113
74 74
74 75
74 76
74 78
74 79
74 80
74 81
74 91
74 98
74 113
75 75
75 76
75 77
75 78
75 80
75 81
75 83
75 90
75 91
75 92
75 93
75 100
75 101
75 102
75 108
76 76
76 77
76 78
76 79
76 80
76 81
76 96
76 98
76 101
76 102
76 103
76 111
76 113
77 77
77 90
77 91
77 95
77 96
77 97
77 101
77 103
77 104
77 105
77 107
77 109
77 110
78 78
78 79
78 80
78 81
78 93
78 99
78 101
79 79
79 80
79 81
79 86
80 80
80 81
80 93
80 99
80 101
81 81
81 98
81 99
81 101
81 113
82 82
82 84
82 85
82 86
82 87
82 88
82 89
82 105
82 114
83 83
83 90
83 91
83 93
84 84
84 85
84 86
84 87
84 88
85 85
85 86
85 87
85 88
85 89
85 92
85 94
85 105
86 86
86 87
86 88
86 89
86 113
87 87
87 88
87 89
87 105
87 114
88 88
88 89
88 92
88 100
89 89
89 92
89 104
89 105
89 114
89 115
90 90
90 91
90 92
90 93
90 97
90 100
90 109
91 91
91 92
91 93
92 92
92 93
93 93
93 97
93 99
94 94
94 108
95 95
95 96
95 97
95 98
95 100
95 101
95 102
95 108
95 109
95 110
96 96
96 97
96 98
96 99
96 102
96 107
96 109
96 110
96 111
96 114
97 97
97 101
97 105
97 107
97 109
97 110
98 98
98 99
98 102
98 111
98 112
98 113
99 99
99 101
99 102
99 111
99 112
99 113
100 100
100 102
100 113
101 101
101 102
101 103
101 107
101 108
101 111
102 102
102 103
102 108
102 113
103 103
103 104
103 105
103 107
103 108
103 115
104 104
104 105
104 107
104 110
104 114
104 115
105 105
105 110
105 114
105 115
106 106
106 107
106 112
106 115
107 107
107 109
107 110
107 111
107 112
107 114
107 115
108 108
108 113
109 109
109 110
109 111
110 110
110 114
110 115
111 111
111 112
112 112
112 114
112 115
113 113
114 114
114 115
115 115
