0 0
0 1
0 10
0 12
0 13
0 16
0 17
0 18
0 19
0 28
0 29
0 53
0 56
0 57
0 62
0 63
0 68
0 72
0 74
0 76
0 78
0 80
0 81
0 90
0 91
0 93
0 98
0 99
0 100
0 101
0 102
0 103
0 111
0 112
1 1
1 4
1 11
1 13
1 19
1 42
1 46
1 47
1 55
1 57
1 59
1 61
1 63
1 68
1 69
1 79
1 98
1 99
1 102
1 106
1 110
1 111
1 115
2 2
2 3
2 4
2 6
2 7
2 8
2 9
2 20
2 22
2 23
2 30
2 31
2 60
2 61
2 64
2 65
2 67
2 83
2 91
2 92
2 93
3 3
3 5
3 7
3 9
3 11
3 15
3 20
3 22
3 23
3 24
3 25
3 26
3 27
3 31
3 61
3 64
3 65
3 85
3 89
3 92
4 4
4 6
4 7
4 8
4 9
4 11
4 18
4 19
4 33
4 58
4 60
4 61
4 63
4 69
4 91
4 115
5 5
5 6
5 7
5 9
5 11
5 15
5 21
5 23
5 24
5 25
5 26
5 27
5 35
5 58
5 59
5 61
5 65
5 89
5 90
5 92
6 6
6 7
6 8
6 9
6 10
6 11
6 12
6 13
6 14
6 15
6 22
6 23
6 30
6 58
6 60
6 61
6 65
6 69
6 82
6 83
6 91
6 92
6 93
7 7
7 9
7 11
7 13
7 15
7 21
7 23
7 24
7 25
7 26
7 27
7 58
7 59
7 61
7 65
7 67
7 89
7 92
7 93
7 104
8 8
8 12
8 14
8 15
8 18
8 19
8 22
8 23
8 58
8 60
8 61
8 64
8 65
8 69
8 83
8 91
8 92
8 93
8 114
8 115
9 9
9 11
9 15
9 25
9 58
9 59
9 61
9 65
9 89
9 90
9 91
9 92
9 93
9 104
9 115
10 10
10 11
10 12
10 13
10 14
10 16
10 28
10 40
10 50
10 53
10 60
10 69
10 72
10 106
11 11
11 12
11 13
11 15
11 60
11 61
11 65
11 71
11 92
11 106
12 12
12 13
12 14
12 15
12 16
12 50
12 53
12 60
12 69
12 82
12 93
12 100
12 104
12 115
13 13
13 15
13 40
13 50
13 51
13 54
13 61
14 14
14 15
14 22
14 23
14 30
14 53
14 64
14 82
14 84
14 86
14 91
14 93
15 15
15 22
15 23
15 52
15 58
15 60
15 61
15 64
15 65
15 89
15 90
15 92
16 16
16 17
16 18
16 28
16 29
16 32
16 33
16 36
16 37
16 38
16 40
16 41
16 53
16 56
16 57
16 62
16 63
16 70
16 72
16 73
16 74
16 75
16 76
16 77
16 78
16 79
16 80
16 81
16 83
16 98
16 99
16 109
17 17
17 18
17 19
17 28
17 29
17 32
17 36
17 37
17 38
17 40
17 41
17 53
17 56
17 57
17 62
17 63
17 72
17 73
17 74
17 75
17 76
17 77
17 78
17 79
17 80
17 81
17 83
17 98
17 99
17 102
17 103
17 108
17 111
18 18
18 19
18 28
18 29
18 32
18 33
18 36
18 40
18 41
18 53
18 57
18 62
18 63
18 68
18 69
18 70
18 72
18 73
18 74
18 75
18 76
18 77
18 78
18 79
18 80
18 81
18 82
18 83
18 98
19 19
19 28
19 32
19 33
19 57
19 62
19 63
19 68
19 69
19 72
19 75
19 76
19 78
19 79
19 80
19 81
19 82
19 83
19 90
19 98
19 102
19 103
19 110
20 20
20 21
20 22
20 23
20 24
20 25
20 26
20 27
20 30
20 31
20 34
20 64
20 65
20 67
20 71
20 104
20 109
20 114
20 115
21 21
21 24
21 25
21 26
21 27
21 31
21 34
21 35
21 38
21 39
21 44
21 71
21 87
21 94
21 96
21 97
21 107
22 22
22 23
22 24
22 25
22 26
22 27
22 30
22 31
22 50
22 52
22 60
22 64
22 65
22 84
22 88
22 89
22 92
23 23
23 24
23 25
23 26
23 30
23 31
23 64
23 65
23 67
23 83
23 84
23 88
23 89
23 90
23 91
23 92
23 113
23 114
24 24
24 25
24 26
24 27
24 30
24 31
24 34
24 35
24 44
24 48
24 50
24 52
24 64
24 65
24 67
24 84
24 88
24 89
24 92
24 94
25 25
25 26
25 27
25 31
25 34
25 35
25 42
25 43
25 44
25 45
25 48
25 50
25 64
25 65
25 67
25 88
25 89
25 104
26 26
26 27
26 34
26 48
26 50
26 58
26 59
26 65
26 67
26 88
26 89
26 104
26 106
27 27
27 34
27 35
27 58
27 59
27 61
27 65
27 67
27 89
27 104
27 106
28 28
28 29
28 30
28 31
28 32
28 33
28 36
28 37
28 40
28 41
28 53
28 56
28 57
28 62
28 63
28 70
28 72
28 73
28 74
28 75
28 76
28 77
28 78
28 80
28 81
28 82
28 83
28 95
28 109
29 29
29 30
29 32
29 33
29 36
29 37
29 40
29 41
29 53
29 56
29 57
29 62
29 63
29 70
29 71
29 72
29 73
29 74
29 75
29 76
29 77
29 78
29 79
29 80
29 81
29 83
29 95
29 99
29 108
29 109
30 30
30 31
30 33
30 40
30 60
30 64
30 70
30 71
30 72
30 75
30 77
30 78
30 83
30 114
31 31
31 33
31 34
31 64
31 70
31 71
31 75
31 77
31 83
31 95
31 114
32 32
32 33
32 36
32 37
32 39
32 40
32 41
32 56
32 57
32 62
32 63
32 66
32 68
32 70
32 72
32 73
32 74
32 75
32 76
32 77
32 78
32 79
32 80
32 81
32 99
32 102
33 33
33 40
33 41
33 62
33 63
33 70
33 71
33 72
33 73
33 75
33 76
33 77
33 78
33 79
33 80
33 81
33 83
34 34
34 35
34 38
34 44
34 45
34 66
34 70
34 71
34 77
34 86
34 94
34 97
35 35
35 43
35 44
35 45
35 47
35 48
35 49
35 58
35 71
35 89
36 36
36 37
36 38
36 39
36 40
36 41
36 54
36 55
36 56
36 62
36 63
36 70
36 71
36 72
36 73
36 74
36 75
36 76
36 77
36 78
36 79
36 80
36 81
36 87
36 94
36 95
36 96
36 108
36 109
37 37
37 38
37 39
37 40
37 41
37 49
37 51
37 54
37 55
37 70
37 72
37 73
37 74
37 75
37 76
37 77
37 78
37 79
37 81
37 95
37 96
37 108
38 38
38 39
38 40
38 49
38 51
38 54
38 55
38 66
38 73
38 74
38 76
38 77
38 79
38 86
38 87
38 94
38 95
38 96
38 107
38 108
39 39
39 40
39 41
39 49
39 54
39 55
39 66
39 73
39 76
39 77
39 79
39 85
39 86
39 87
39 96
39 106
39 107
40 40
40 41
40 56
40 57
40 62
40 70
40 71
40 72
40 73
40 74
40 75
40 76
40 77
40 78
40 79
40 80
40 81
41 41
41 55
41 56
41 57
41 62
41 63
41 72
41 73
41 74
41 75
41 76
41 77
41 78
41 79
41 80
41 81
42 42
42 43
42 44
42 45
42 46
42 47
42 48
42 49
42 51
42 52
42 54
42 55
42 86
42 87
42 89
42 96
42 98
42 99
42 111
42 112
43 43
43 44
43 45
43 46
43 47
43 48
43 49
43 51
43 55
43 59
43 86
43 87
43 88
43 89
43 96
43 99
43 111
44 44
44 45
44 46
44 47
44 48
44 49
44 51
44 55
44 59
44 65
44 66
44 86
44 87
44 88
44 89
44 96
44 97
44 111
44 112
45 45
45 46
45 47
45 48
45 49
45 58
45 59
45 66
45 67
45 86
45 96
46 46
46 47
46 48
46 49
46 51
46 52
46 54
46 55
46 86
46 87
46 88
46 89
46 96
46 98
46 99
46 111
46 112
47 47
47 48
47 49
47 51
47 55
47 56
47 57
47 79
47 86
47 87
47 96
47 98
47 99
47 110
47 111
47 112
48 48
48 49
48 50
48 51
48 52
48 54
48 55
48 58
48 59
48 87
48 88
48 89
48 90
48 96
48 98
48 111
48 112
49 49
49 51
49 54
49 55
49 59
49 66
49 86
49 87
49 96
49 98
49 99
49 106
49 111
49 112
50 50
50 51
50 52
50 53
50 54
50 65
50 85
50 88
50 94
51 51
51 52
51 53
51 54
51 55
51 59
51 66
51 96
51 106
52 52
52 54
52 55
52 59
52 64
52 85
52 88
52 89
53 53
53 62
53 78
53 91
53 93
53 98
53 100
53 101
53 105
53 114
54 54
54 55
54 76
54 85
54 86
54 87
54 88
54 89
54 94
54 96
54 108
55 55
55 66
55 73
55 76
55 79
55 86
55 87
55 89
55 95
55 96
55 106
55 107
56 56
56 57
56 62
56 63
56 72
56 73
56 74
56 76
56 78
56 79
56 80
56 81
56 98
56 99
56 100
56 101
56 102
56 103
56 105
56 109
56 111
56 112
57 57
57 62
57 63
57 68
57 72
57 73
57 74
57 77
57 78
57 79
57 80
57 81
57 98
57 99
57 100
57 101
57 102
57 103
57 105
57 109
57 110
57 111
57 112
57 113
57 115
58 58
58 59
58 60
58 61
58 65
58 66
58 67
58 88
58 92
58 93
58 104
59 59
59 61
59 66
59 67
59 69
59 93
59 104
59 107
59 115
60 60
60 61
60 64
60 65
60 82
60 83
60 106
60 114
61 61
61 65
61 89
61 90
61 92
61 93
61 115
62 62
62 63
62 72
62 73
62 74
62 76
62 77
62 78
62 79
62 80
62 81
62 82
62 83
62 98
62 99
62 101
62 102
62 103
62 111
63 63
63 72
63 73
63 74
63 76
63 77
63 78
63 79
63 80
63 81
63 94
63 98
63 99
63 102
63 103
63 105
64 64
64 65
64 84
64 85
64 88
64 89
64 92
64 114
65 65
65 67
65 84
65 85
65 88
65 89
65 92
66 66
66 67
66 69
66 70
66 77
66 94
66 96
66 97
66 106
66 107
67 67
67 69
67 92
67 104
67 113
68 68
68 69
68 72
68 73
68 74
68 76
68 78
68 79
68 80
68 81
68 110
69 69
69 82
69 110
69 115
70 70
70 71
70 72
70 73
70 74
70 75
70 76
70 77
70 78
70 83
70 109
71 71
71 75
71 77
71 83
71 109
72 72
72 73
72 74
72 75
72 76
72 77
72 78
72 79
72 80
72 81
72 82
72 83
72 95
72 99
72 109
73 73
73 74
73 75
73 76
73 77
73 78
73 79
73 80
73 81
73 95
73 96
73 107
73 108
73 109
74 74
74 75
74 76
74 77
74 78
74 79
74 80
74 81
74 83
74 109
75 75
75 76
75 77
75 78
75 79
75 80
75 81
75 83
75 108
75 109
76 76
76 77
76 78
76 79
76 80
76 81
76 83
76 95
76 99
77 77
77 78
77 79
77 80
77 81
77 107
77 109
78 78
78 79
78 80
78 81
78 83
78 95
78 98
78 99
78 103
78 112
79 79
79 80
79 81
79 96
79 98
79 99
79 102
79 111
80 80
80 81
80 83
80 98
80 99
80 102
80 103
80 109
80 111
81 81
81 83
81 98
81 99
81 102
81 103
81 109
82 82
82 83
82 86
82 103
83 83
84 84
84 85
84 86
84 87
84 88
84 89
85 85
85 86
85 87
85 88
85 89
86 86
86 87
86 88
86 89
86 96
87 87
87 88
87 89
87 94
87 96
87 107
88 88
88 89
88 90
88 91
88 92
89 89
89 90
89 92
90 90
90 91
90 92
90 93
90 98
90 100
90 101
90 102
90 103
90 110
90 113
91 91
91 92
91 93
91 98
91 99
91 100
91 101
91 102
91 103
91 105
91 109
91 113
92 92
92 93
92 100
92 101
92 103
92 113
92 115
93 93
93 98
93 99
93 100
93 101
93 102
93 103
93 104
93 105
93 112
93 115
94 94
94 96
94 97
94 102
94 105
94 107
94 108
94 109
95 95
95 96
95 97
95 108
95 109
95 114
96 96
96 97
96 98
96 99
96 106
96 107
96 108
96 110
96 111
97 97
97 102
97 105
97 106
97 107
97 108
97 109
98 98
98 99
98 100
98 101
98 102
98 103
98 105
98 110
98 111
98 112
98 113
98 115
99 99
99 101
99 102
99 103
99 105
99 109
99 110
99 111
99 112
100 100
100 101
100 102
100 103
100 112
100 113
101 101
101 102
101 103
101 111
101 112
102 102
102 103
102 104
102 105
102 107
102 110
102 111
102 112
102 113
103 103
103 104
103 105
103 111
103 112
103 113
104 104
104 105
104 106
104 113
104 114
105 105
105 107
105 108
105 109
105 112
105 113
105 114
106 106
106 107
107 107
107 108
108 108
108 109
109 109
109 110
109 115
110 110
110 113
111 111
111 112
111 114
112 112
112 114
113 113
113 114
114 114
115 115
