0 0
0 1
0 6
0 33
0 40
0 41
0 48
0 56
0 58
0 60
0 61
0 62
0 63
0 64
0 78
0 101
0 102
0 103
0 104
0 105
0 106
0 107
1 1
1 11
1 13
1 16
1 17
1 32
1 33
1 48
1 51
1 56
1 57
1 61
1 62
1 63
1 68
1 78
1 104
1 105
1 106
2 2
2 4
2 6
2 18
2 21
2 24
2 30
2 44
2 48
2 49
2 58
2 59
2 60
2 64
2 66
2 93
2 94
2 95
2 100
2 101
2 102
2 103
2 107
2 108
2 109
2 115
3 3
3 5
3 7
3 19
3 22
3 23
3 25
3 26
3 27
3 35
3 45
3 51
3 67
3 69
3 84
3 85
3 86
3 88
3 89
3 90
3 91
3 92
3 99
3 100
3 102
3 110
4 4
4 6
4 8
4 14
4 20
4 21
4 24
4 30
4 40
4 41
4 64
4 66
4 92
4 93
4 94
4 114
5 5
5 9
5 19
5 20
5 22
5 23
5 25
5 26
5 27
5 29
5 35
5 51
5 67
5 69
5 70
5 71
5 72
5 74
5 82
5 84
5 85
5 86
5 88
5 89
5 90
5 91
5 99
5 110
5 113
6 6
6 7
6 21
6 30
6 44
6 48
6 49
6 58
6 60
6 61
6 62
6 64
6 66
6 93
6 94
6 100
6 101
6 102
6 103
6 106
6 107
6 108
6 115
7 7
7 8
7 9
7 13
7 65
7 67
7 92
7 93
7 100
7 101
8 8
8 9
8 13
8 14
8 15
8 24
8 49
8 51
8 67
8 69
8 92
8 93
9 9
9 14
9 15
9 17
9 20
9 25
9 26
9 27
9 29
9 65
9 70
9 71
9 72
9 73
9 74
9 82
9 83
9 88
10 10
10 11
10 12
10 13
10 14
10 15
10 17
10 28
10 29
10 30
10 31
10 33
10 36
10 37
10 62
10 63
10 65
10 75
10 79
10 80
10 81
10 84
11 11
11 12
11 13
11 15
11 17
11 28
11 29
11 33
11 35
11 36
11 62
11 63
11 65
11 73
11 75
11 76
11 77
11 80
11 104
11 105
12 12
12 13
12 14
12 15
12 28
12 30
12 32
12 33
12 36
12 63
12 64
12 65
12 75
13 13
13 14
13 15
13 16
13 17
13 28
13 29
13 35
13 36
13 37
13 63
13 65
13 76
13 77
13 80
14 14
14 15
14 20
14 25
14 26
14 28
14 29
14 37
14 65
14 72
14 73
14 79
14 82
14 83
14 92
14 113
15 15
15 22
15 23
15 25
15 29
15 36
15 37
15 65
15 73
15 75
15 82
15 83
15 84
15 85
15 89
15 92
15 112
16 16
16 17
16 28
16 29
16 32
16 33
16 36
16 39
16 56
16 57
16 62
16 63
16 78
16 79
16 80
16 81
16 105
16 112
17 17
17 28
17 29
17 32
17 33
17 36
17 56
17 57
17 62
17 63
17 78
17 79
17 80
17 81
18 18
18 19
18 21
18 22
18 23
18 24
18 25
18 26
18 27
18 30
18 38
18 58
18 59
18 66
18 69
18 82
18 86
18 88
18 91
18 93
18 94
18 95
18 96
18 97
18 98
18 99
18 101
18 108
18 109
18 111
18 115
19 19
19 22
19 23
19 25
19 26
19 27
19 38
19 45
19 50
19 68
19 69
19 84
19 85
19 86
19 88
19 89
19 91
19 95
19 96
19 99
19 110
19 112
20 20
20 21
20 25
20 26
20 29
20 34
20 70
20 71
20 72
20 74
20 77
20 97
20 114
21 21
21 30
21 38
21 40
21 41
21 42
21 46
21 47
21 53
21 55
21 58
21 59
21 66
21 71
21 83
21 94
21 95
21 97
21 107
21 108
21 109
21 111
21 113
21 114
21 115
22 22
22 23
22 24
22 25
22 26
22 27
22 30
22 34
22 64
22 69
22 82
22 84
22 88
22 89
22 91
22 93
22 95
22 99
22 108
23 23
23 25
23 26
23 27
23 38
23 69
23 75
23 82
23 84
23 85
23 86
23 88
23 89
23 90
23 91
23 92
23 93
23 95
23 99
23 110
23 112
24 24
24 25
24 30
24 31
24 34
24 50
24 92
24 93
24 94
24 95
24 108
25 25
25 26
25 27
25 29
25 31
25 34
25 45
25 50
25 69
25 70
25 71
25 72
25 73
25 74
25 82
25 84
25 85
25 88
25 99
25 108
25 110
26 26
26 27
26 69
26 70
26 71
26 72
26 74
26 82
26 84
26 85
26 86
26 88
26 89
26 90
26 91
26 99
26 112
26 113
27 27
27 35
27 69
27 70
27 74
27 82
27 84
27 85
27 86
27 88
27 89
27 90
27 91
27 98
27 99
27 110
27 112
27 113
28 28
28 29
28 30
28 31
28 33
28 36
28 37
28 40
28 41
28 44
28 60
28 62
28 63
28 65
28 72
28 73
28 76
28 77
28 78
28 79
28 80
28 81
29 29
29 33
29 35
29 36
29 37
29 63
29 65
29 70
29 71
29 72
29 73
29 74
29 76
29 77
29 78
29 79
29 80
29 81
29 83
30 30
30 31
30 33
30 40
30 41
30 60
30 61
30 64
30 75
30 82
30 93
30 94
30 95
30 101
30 108
31 31
31 33
31 36
31 41
31 60
31 64
31 73
31 75
31 80
31 95
31 108
31 109
32 32
32 33
32 50
32 56
32 57
32 63
32 69
32 79
32 81
32 112
33 33
33 36
33 56
33 60
33 61
33 62
33 63
33 64
33 72
33 73
33 74
33 75
33 78
33 79
33 80
33 81
34 34
34 35
34 42
34 50
34 67
34 76
34 77
34 85
34 108
34 110
34 114
34 115
35 35
35 45
35 50
35 65
35 67
35 70
35 72
35 73
35 74
35 76
35 77
35 78
35 84
35 85
35 89
35 104
35 110
36 36
36 37
36 38
36 39
36 40
36 41
36 47
36 56
36 62
36 63
36 73
36 75
36 76
36 77
36 78
36 79
36 80
36 81
36 83
36 112
36 113
37 37
37 38
37 39
37 40
37 41
37 63
37 73
37 75
37 76
37 77
37 80
37 81
37 82
37 83
37 85
37 87
37 109
37 112
38 38
38 39
38 40
38 41
38 47
38 54
38 55
38 68
38 75
38 82
38 86
38 87
38 88
38 89
38 95
38 96
38 97
38 98
38 99
38 109
38 111
38 112
39 39
39 47
39 54
39 55
39 57
39 81
39 82
39 86
39 87
39 89
39 90
39 96
39 98
39 99
39 109
39 111
39 112
40 40
40 41
40 53
40 60
40 61
40 62
40 63
40 75
40 76
41 41
41 42
41 53
41 58
41 60
41 61
41 62
41 63
41 75
41 76
41 77
41 94
41 109
42 42
42 43
42 44
42 45
42 46
42 47
42 48
42 49
42 52
42 53
42 55
42 77
42 80
42 96
42 98
42 104
42 105
42 111
42 114
43 43
43 44
43 45
43 46
43 47
43 49
43 51
43 52
43 55
43 80
43 96
43 98
43 99
43 110
43 111
44 44
44 45
44 46
44 47
44 48
44 49
44 50
44 51
44 111
45 45
45 47
45 49
45 50
45 51
45 67
45 69
45 85
45 110
45 111
46 46
46 47
46 48
46 49
46 51
46 52
46 53
46 54
46 55
46 76
46 77
46 96
46 97
46 98
46 99
46 104
46 105
46 111
46 113
46 114
46 115
47 47
47 49
47 52
47 53
47 54
47 55
47 76
47 77
47 80
47 81
47 96
47 97
47 98
47 99
47 110
47 111
47 113
48 48
48 49
48 51
48 53
48 58
48 59
48 60
48 66
48 90
48 100
48 101
48 105
48 106
48 107
48 115
49 49
49 50
49 51
49 53
49 55
49 57
49 58
49 59
49 66
49 69
49 96
49 101
49 111
50 50
50 51
50 66
50 67
50 69
50 84
50 110
51 51
51 52
51 53
51 59
51 66
51 69
51 90
51 96
51 114
52 52
52 53
52 54
52 55
52 76
52 77
52 90
52 96
52 98
52 99
52 104
52 111
52 113
52 114
53 53
53 54
53 55
53 57
53 58
53 63
53 90
53 94
53 98
53 111
53 113
53 114
54 54
54 55
54 71
54 77
54 82
54 83
54 86
54 87
54 88
54 89
54 90
54 91
54 96
54 97
54 98
54 99
54 100
54 102
54 107
54 109
54 113
54 114
54 115
55 55
55 58
55 77
55 86
55 87
55 89
55 90
55 91
55 96
55 97
55 98
55 99
55 109
55 110
55 111
55 113
55 114
56 56
56 57
56 58
56 60
56 61
56 62
56 63
56 68
56 78
56 79
56 81
56 103
56 105
56 106
57 57
57 58
57 59
57 68
57 69
57 79
57 86
57 96
57 112
58 58
58 59
58 60
58 61
58 66
58 68
58 86
58 87
58 90
58 91
58 94
58 95
58 96
58 97
58 100
58 101
58 102
58 103
58 106
58 107
58 108
58 109
58 115
59 59
59 60
59 66
59 68
59 69
59 86
59 87
59 90
59 94
59 95
59 96
59 97
59 100
59 101
59 102
59 103
59 106
59 107
59 108
59 114
59 115
60 60
60 61
60 62
60 63
60 64
60 94
60 100
60 101
60 102
60 103
60 104
60 105
60 106
60 107
61 61
61 62
61 63
61 64
61 65
61 78
61 103
61 104
61 105
61 106
62 62
62 63
62 75
62 76
62 78
62 79
62 103
62 104
62 105
62 106
63 63
63 79
63 80
63 81
63 105
64 64
64 66
64 82
64 93
64 94
64 101
64 102
64 103
64 106
64 107
64 108
65 65
65 67
65 73
65 75
65 84
65 92
65 93
66 66
66 67
66 68
66 69
66 94
66 95
66 100
66 101
66 103
66 106
66 108
67 67
67 69
67 92
67 110
68 68
68 69
68 86
68 87
68 95
68 96
68 109
68 112
69 69
69 84
69 86
69 88
69 90
69 96
70 70
70 71
70 72
70 73
70 74
70 79
70 82
70 88
71 71
71 72
71 73
71 74
71 77
71 82
71 83
71 100
71 102
71 107
71 115
72 72
72 73
72 74
72 78
72 79
72 80
72 81
72 82
73 73
73 74
73 75
73 76
73 77
73 80
73 81
73 82
73 83
73 85
74 74
74 75
74 78
74 79
74 80
74 81
74 82
74 84
74 85
75 75
75 84
75 85
75 89
76 76
76 77
76 80
76 81
76 83
76 104
76 113
76 114
77 77
77 80
77 83
77 104
77 105
77 113
77 114
78 78
78 79
78 80
78 81
78 104
78 105
78 106
78 112
79 79
79 80
79 81
79 104
79 105
79 112
80 80
80 81
80 104
80 105
80 110
80 112
81 81
81 112
82 82
82 83
82 84
82 86
82 87
82 88
82 89
82 91
82 93
82 94
82 95
82 97
82 98
82 99
82 102
82 108
82 109
82 113
82 115
83 83
83 85
83 87
83 88
83 89
83 91
83 94
83 95
83 97
83 98
83 99
83 102
83 107
83 108
83 113
83 114
83 115
84 84
84 85
84 88
84 89
84 110
85 85
85 88
85 89
85 99
85 110
85 113
86 86
86 87
86 88
86 89
86 90
86 91
86 93
86 95
86 96
86 98
86 99
86 101
86 109
86 112
87 87
87 88
87 89
87 90
87 91
87 95
87 96
87 97
87 98
87 99
87 100
87 101
87 102
87 103
87 107
87 109
87 111
87 112
87 113
88 88
88 89
88 90
88 91
88 95
88 97
88 98
88 99
88 100
88 102
88 107
88 110
88 113
88 114
88 115
89 89
89 90
89 91
89 92
89 97
89 98
89 99
89 100
89 102
89 107
89 110
89 113
90 90
90 91
90 92
90 93
90 96
90 98
90 99
90 100
90 102
90 112
91 91
91 93
91 94
91 95
91 96
91 97
91 98
91 99
91 100
91 101
91 102
91 107
91 108
91 111
91 113
91 115
92 92
92 93
92 100
93 93
93 94
93 95
93 100
93 101
93 102
93 109
94 94
94 95
94 97
94 99
94 100
94 101
94 102
94 103
94 107
94 108
94 109
94 114
94 115
95 95
95 97
95 98
95 99
95 101
95 108
95 109
95 115
96 96
96 97
96 98
96 99
96 109
96 110
96 111
96 112
97 97
97 98
97 99
97 107
97 108
97 109
97 110
97 111
97 113
97 114
97 115
98 98
98 99
98 111
98 112
98 113
98 114
98 115
99 99
99 109
99 110
99 111
99 112
99 113
99 114
99 115
100 100
100 101
100 102
100 103
100 106
100 107
100 108
100 115
101 101
101 102
101 103
101 106
101 107
101 108
101 109
101 115
102 102
102 103
102 106
102 107
102 108
102 113
102 115
103 103
103 104
103 105
103 106
103 107
103 108
103 115
104 104
104 105
104 106
104 107
105 105
105 106
106 106
106 107
107 107
107 108
107 113
107 114
107 115
108 108
108 114
108 115
109 109
110 110
110 111
111 111
111 112
112 112
113 113
113 114
113 115
114 114
114 115
115 115
