0 0
0 1
0 11
0 16
0 17
0 18
0 19
0 51
0 52
0 53
0 54
0 55
0 56
0 57
0 58
0 59
0 62
0 63
0 73
0 76
0 80
0 81
0 82
0 86
0 87
1 1
1 11
1 17
1 38
1 39
1 51
1 52
1 53
1 54
1 55
1 56
1 57
1 58
1 59
1 61
1 63
1 68
1 69
1 76
1 85
1 86
1 87
1 95
2 2
2 6
2 8
2 14
2 20
2 21
2 22
2 23
2 25
2 34
2 50
2 57
2 64
2 65
2 66
2 67
2 68
2 69
2 88
2 89
2 94
2 97
3 3
3 4
3 6
3 7
3 8
3 9
3 15
3 23
3 61
3 64
3 65
3 67
3 69
3 88
3 89
3 90
3 91
3 92
3 94
3 97
3 105
3 107
3 114
4 4
4 5
4 6
4 9
4 23
4 24
4 25
4 26
4 27
4 64
4 65
4 66
4 67
4 70
4 71
4 75
4 92
4 93
4 97
4 101
4 103
5 5
5 9
5 16
5 24
5 25
5 26
5 27
5 37
5 40
5 44
5 64
5 65
5 70
5 71
5 75
5 77
5 101
5 108
6 6
6 7
6 8
6 9
6 10
6 12
6 13
6 18
6 19
6 23
6 30
6 35
6 60
6 64
6 65
6 66
6 67
6 89
6 91
6 94
6 97
6 103
6 105
6 107
6 114
7 7
7 8
7 9
7 11
7 13
7 15
7 23
7 61
7 64
7 65
7 67
7 90
7 92
7 103
7 104
7 105
7 107
7 112
7 114
8 8
8 22
8 23
8 35
8 52
8 58
8 59
8 60
8 67
8 68
8 69
8 89
8 91
8 94
8 97
8 105
8 114
9 9
9 11
9 13
9 15
9 18
9 28
9 33
9 35
9 60
9 61
9 62
9 64
9 65
9 83
9 90
9 100
9 104
9 105
9 108
10 10
10 11
10 12
10 13
10 14
10 15
10 32
10 33
10 60
10 64
11 11
11 12
11 13
11 15
11 18
11 19
11 28
11 29
11 40
11 41
11 42
11 43
11 46
11 55
11 60
11 61
11 76
11 83
11 90
11 112
12 12
12 13
12 14
12 15
12 28
12 32
12 60
12 83
13 13
13 15
13 33
13 35
13 49
13 55
13 60
13 61
13 83
13 90
14 14
14 15
14 21
14 22
14 23
14 24
14 25
14 26
14 27
14 34
14 38
14 48
14 50
14 66
14 67
14 68
14 69
14 84
14 88
14 89
14 94
15 15
15 33
15 40
15 41
15 44
15 45
15 61
15 64
15 65
15 83
15 107
15 108
16 16
16 17
16 18
16 19
16 28
16 29
16 36
16 37
16 40
16 41
16 56
16 57
16 62
16 63
16 71
16 72
16 73
16 74
16 75
16 76
16 77
16 78
16 79
16 80
16 81
16 82
16 83
16 98
16 100
16 108
17 17
17 28
17 29
17 36
17 42
17 43
17 46
17 51
17 52
17 53
17 54
17 55
17 56
17 57
17 62
17 63
17 72
17 73
17 74
17 76
17 78
17 79
17 80
17 81
17 82
17 83
17 85
17 86
17 87
17 100
18 18
18 19
18 28
18 29
18 30
18 33
18 60
18 70
18 71
18 72
18 77
18 81
18 82
18 83
18 101
19 19
19 71
19 75
19 91
19 112
20 20
20 21
20 22
20 25
20 26
20 27
20 40
20 41
20 50
20 57
20 66
20 68
20 69
20 84
20 86
20 88
20 96
20 115
21 21
21 25
21 27
21 30
21 31
21 40
21 41
21 56
21 57
21 68
21 69
21 74
21 84
21 88
21 94
21 96
21 113
22 22
22 23
22 25
22 26
22 27
22 34
22 50
22 52
22 54
22 57
22 66
22 67
22 68
22 69
22 78
22 84
22 86
22 88
22 89
22 94
22 97
23 23
23 35
23 64
23 65
23 66
23 67
23 68
23 69
23 88
23 89
23 92
23 94
23 97
23 103
23 114
24 24
24 25
24 26
24 27
24 30
24 31
24 34
24 44
24 45
24 47
24 50
24 70
24 84
24 95
25 25
25 26
25 27
25 34
25 48
25 50
25 66
25 67
25 68
25 69
25 84
25 86
25 87
25 88
25 89
25 96
25 97
26 26
26 27
26 34
26 37
26 41
26 43
26 46
26 48
26 50
26 52
26 54
26 55
26 57
26 70
26 75
26 79
26 86
26 87
26 88
26 95
26 96
26 109
26 110
26 115
27 27
27 34
27 36
27 37
27 40
27 41
27 43
27 48
27 50
27 54
27 57
27 66
27 68
27 74
27 79
27 84
27 86
27 87
27 88
27 89
27 96
28 28
28 29
28 32
28 33
28 36
28 37
28 40
28 41
28 42
28 44
28 46
28 47
28 49
28 62
28 63
28 72
28 73
28 74
28 75
28 77
28 79
28 80
28 81
28 82
28 83
28 98
28 100
28 101
28 108
28 109
29 29
29 31
29 32
29 33
29 37
29 40
29 41
29 42
29 44
29 46
29 47
29 49
29 62
29 63
29 70
29 72
29 73
29 74
29 75
29 76
29 77
29 79
29 80
29 81
29 82
29 83
29 98
29 100
29 102
29 108
29 109
29 111
29 112
29 113
30 30
30 31
30 32
30 33
30 35
30 64
30 70
30 72
30 75
30 77
30 78
30 93
30 97
30 101
30 103
30 113
30 114
31 31
31 32
31 33
31 72
31 75
31 77
31 83
31 97
31 101
31 114
32 32
32 33
32 34
32 70
32 72
32 73
32 77
32 79
32 80
32 81
32 83
32 84
33 33
33 35
33 64
33 70
33 72
33 75
33 77
33 78
33 83
33 101
34 34
34 35
34 45
34 50
34 64
34 65
34 66
34 67
34 84
34 88
34 89
35 35
35 44
35 45
35 64
35 66
35 67
35 103
35 104
35 105
35 106
35 107
36 36
36 37
36 38
36 41
36 54
36 56
36 57
36 62
36 63
36 72
36 73
36 74
36 75
36 76
36 77
36 80
36 81
36 82
36 85
36 98
37 37
37 40
37 41
37 56
37 70
37 71
37 72
37 73
37 74
37 75
37 76
37 77
37 78
37 79
37 80
37 81
37 86
37 96
37 98
37 100
37 102
37 108
37 109
37 110
37 111
37 112
37 113
38 38
38 39
38 52
38 53
38 54
38 57
38 58
38 68
38 87
38 94
38 95
39 39
39 47
39 53
39 54
39 55
39 57
39 58
39 68
39 78
39 87
39 94
39 95
39 97
39 99
40 40
40 41
40 42
40 43
40 44
40 46
40 55
40 71
40 72
40 73
40 74
40 75
40 79
40 80
40 81
40 82
40 83
40 84
40 96
40 98
40 108
40 109
40 111
41 41
41 42
41 56
41 71
41 72
41 73
41 74
41 75
41 76
41 77
41 79
41 80
41 81
41 83
41 96
41 108
41 109
41 111
42 42
42 43
42 44
42 45
42 46
42 47
42 49
42 51
42 54
42 55
42 62
42 63
42 72
42 81
42 82
42 83
42 84
42 85
42 86
42 87
42 96
42 98
43 43
43 44
43 45
43 46
43 47
43 49
43 54
43 55
43 82
43 85
43 86
43 87
43 96
44 44
44 45
44 46
44 47
44 49
44 55
44 72
44 82
44 83
44 84
44 96
44 98
44 107
45 45
45 46
45 47
45 49
45 55
45 67
45 84
46 46
46 47
46 49
46 51
46 53
46 54
46 55
46 63
46 72
46 82
46 83
46 86
46 87
46 96
46 98
47 47
47 49
47 51
47 54
47 55
47 62
47 72
47 82
47 86
47 87
47 96
47 98
47 106
47 107
48 48
48 49
48 50
48 51
48 52
48 53
48 54
48 55
48 58
48 59
48 86
48 104
48 107
49 49
49 51
49 55
49 59
49 82
49 83
49 86
49 87
49 96
49 98
49 99
49 104
49 106
49 107
49 109
49 110
50 50
50 51
50 52
50 53
50 54
50 57
50 66
50 67
50 69
50 85
50 86
50 88
50 89
51 51
51 52
51 53
51 54
51 55
51 58
51 59
51 63
51 86
51 90
51 98
51 104
52 52
52 53
52 54
52 55
52 57
52 58
52 59
52 63
52 86
52 89
52 90
52 91
52 94
52 95
53 53
53 54
53 55
53 58
53 59
53 61
53 63
53 80
53 90
53 91
53 95
53 98
54 54
54 55
54 56
54 57
54 58
54 63
54 68
54 85
54 86
54 87
55 55
55 63
55 82
55 83
55 86
55 87
55 96
55 98
56 56
56 57
56 62
56 63
56 68
56 73
56 74
56 76
56 77
56 78
56 79
56 80
56 81
56 85
56 86
56 100
57 57
57 68
57 69
57 78
57 79
57 80
57 81
57 84
57 85
57 86
57 87
57 88
57 89
58 58
58 59
58 60
58 61
58 63
58 89
58 90
58 91
58 94
58 95
59 59
59 63
59 86
59 90
59 91
59 95
59 98
59 102
59 104
59 105
59 106
59 109
60 60
60 61
60 62
60 63
60 64
60 65
60 94
61 61
61 65
61 76
61 90
61 91
61 97
61 99
61 103
61 112
62 62
62 63
62 72
62 73
62 74
62 76
62 77
62 78
62 80
62 81
62 82
62 83
62 85
62 100
63 63
63 72
63 73
63 74
63 76
63 77
63 79
63 80
63 81
63 82
63 83
63 86
63 100
64 64
64 65
64 66
64 67
64 70
64 71
64 88
64 89
64 97
64 101
64 108
65 65
65 67
65 69
65 71
65 88
65 89
65 91
65 92
65 93
65 97
65 103
65 108
65 112
66 66
66 67
66 68
66 69
66 70
66 84
66 88
66 89
66 94
66 97
66 103
66 115
67 67
67 69
67 84
67 88
67 89
67 94
67 97
67 103
67 104
67 105
68 68
68 69
68 78
68 84
68 86
68 87
68 88
68 89
68 97
69 69
69 88
69 89
69 94
69 97
70 70
70 71
70 72
70 73
70 74
70 75
70 76
70 77
70 78
70 84
70 93
70 101
70 102
70 109
70 110
70 111
70 113
70 115
71 71
71 73
71 74
71 75
71 76
71 77
71 81
71 92
71 93
71 96
71 101
71 108
71 109
71 110
71 111
71 113
71 115
72 72
72 73
72 74
72 75
72 76
72 77
72 78
72 79
72 80
72 81
72 82
72 83
72 96
72 98
72 99
72 100
72 101
72 102
72 109
72 111
72 112
72 113
73 73
73 74
73 75
73 76
73 77
73 78
73 79
73 80
73 81
73 96
73 109
73 111
73 112
73 113
73 115
74 74
74 75
74 76
74 77
74 78
74 79
74 80
74 81
74 96
74 111
74 113
74 115
75 75
75 76
75 77
75 78
75 79
75 80
75 81
75 92
75 93
75 96
75 98
75 100
75 101
75 102
75 109
75 111
75 112
75 113
76 76
76 77
76 78
76 79
76 80
76 81
76 95
76 111
76 112
76 113
77 77
77 78
77 79
77 80
77 81
77 102
77 111
78 78
78 79
78 80
78 81
78 95
78 98
78 99
78 100
78 102
79 79
79 80
79 81
79 82
79 84
79 86
79 87
79 100
79 102
79 109
79 111
79 112
80 80
80 81
80 82
80 83
80 85
80 86
80 87
80 98
80 100
80 108
81 81
81 82
81 83
81 85
81 86
81 87
81 100
81 101
81 108
82 82
82 83
82 84
82 86
82 87
83 83
83 84
83 87
83 98
83 101
83 108
83 109
84 84
84 85
84 86
84 87
84 88
85 85
85 86
85 87
85 89
86 86
86 87
86 88
86 96
86 109
87 87
87 109
88 88
88 89
88 97
89 89
89 91
89 94
89 97
90 90
90 91
90 92
90 98
90 100
90 102
91 91
91 92
91 93
91 94
91 95
91 97
91 98
91 99
91 100
91 102
91 103
91 104
91 105
91 106
91 111
91 114
92 92
92 93
92 98
92 101
92 102
92 103
92 111
92 112
92 113
93 93
93 101
93 102
93 103
93 104
93 106
93 109
93 110
93 111
93 112
93 114
93 115
94 94
94 97
94 105
94 107
94 114
95 95
95 97
95 111
95 115
96 96
96 98
96 99
96 108
96 109
96 110
96 111
96 113
97 97
97 99
97 103
97 104
97 106
97 110
97 114
97 115
98 98
98 99
98 100
98 102
98 104
98 108
98 109
98 110
98 111
98 112
99 99
99 100
99 102
99 104
99 110
99 111
99 112
100 100
100 101
100 102
100 111
100 112
100 113
100 114
101 101
101 103
101 108
101 109
101 110
101 111
101 113
101 115
102 102
102 111
103 103
103 104
103 105
103 106
103 107
103 110
103 113
103 114
103 115
104 104
104 105
104 106
104 107
104 109
104 110
104 111
104 114
104 115
105 105
105 106
105 107
105 114
106 106
106 107
106 110
106 114
107 107
107 110
107 114
108 108
108 109
108 110
108 111
108 112
108 113
109 109
109 110
109 111
109 112
109 113
109 115
110 110
110 111
110 113
110 115
111 111
111 112
111 113
111 115
112 112
112 113
113 113
113 115
114 114
115 115
