0 0
0 1
0 6
0 10
0 11
0 12
0 18
0 19
0 32
0 54
0 56
0 57
0 58
0 60
0 61
0 63
0 66
0 68
0 69
0 88
0 89
0 99
0 111
0 112
1 1
1 10
1 11
1 19
1 32
1 56
1 57
1 58
1 59
1 61
1 63
1 68
1 69
1 74
1 79
1 81
1 99
1 102
1 111
2 2
2 3
2 6
2 7
2 8
2 18
2 19
2 22
2 23
2 30
2 31
2 32
2 33
2 34
2 35
2 64
2 65
2 67
2 77
2 83
2 86
2 91
2 92
2 93
2 101
3 3
3 6
3 7
3 11
3 22
3 23
3 30
3 31
3 33
3 35
3 45
3 49
3 62
3 64
3 65
3 67
3 83
3 84
3 85
3 87
3 92
4 4
4 5
4 8
4 13
4 14
4 15
4 24
4 25
4 26
4 27
4 42
4 43
4 44
4 46
4 48
4 49
4 51
4 52
4 53
4 58
4 59
4 61
5 5
5 9
5 13
5 15
5 25
5 27
5 29
5 44
5 48
5 50
5 51
5 52
5 54
5 59
5 71
5 73
5 78
5 80
5 88
6 6
6 7
6 8
6 12
6 14
6 19
6 22
6 33
6 35
6 60
6 61
6 64
6 65
6 67
6 77
6 82
6 83
6 88
6 90
6 91
6 92
6 93
6 100
6 101
6 113
6 115
7 7
7 11
7 13
7 19
7 31
7 33
7 35
7 45
7 61
7 64
7 65
7 67
7 83
7 90
7 92
8 8
8 14
8 22
8 26
8 28
8 30
8 31
8 33
8 42
8 43
8 46
8 64
8 82
8 83
8 93
9 9
9 13
9 15
9 25
9 29
9 44
9 48
9 50
9 51
9 52
9 71
9 73
9 78
9 80
10 10
10 11
10 12
10 13
10 14
10 27
10 48
10 50
10 54
10 57
10 58
10 60
10 61
10 82
10 89
11 11
11 13
11 27
11 32
11 45
11 83
11 85
12 12
12 13
12 14
12 15
12 19
12 37
12 38
12 39
12 48
12 54
12 58
12 60
12 61
12 69
12 88
12 90
12 91
12 96
12 101
12 111
12 113
12 115
13 13
13 15
13 25
13 48
13 58
13 60
13 61
13 71
14 14
14 15
14 22
14 23
14 26
14 43
14 46
14 47
14 48
14 61
14 82
14 91
14 92
14 93
14 101
14 109
14 113
14 114
15 15
15 25
15 29
15 44
15 48
15 50
15 51
15 52
15 58
15 71
15 73
15 88
16 16
16 17
16 28
16 29
16 44
16 56
16 62
16 63
16 66
16 71
16 72
16 73
16 75
16 76
16 78
16 79
16 80
16 81
16 85
17 17
17 28
17 29
17 56
17 57
17 62
17 63
17 68
17 69
17 70
17 71
17 72
17 73
17 74
17 75
17 76
17 79
17 80
17 81
17 111
17 115
18 18
18 19
18 22
18 26
18 27
18 32
18 34
18 39
18 54
18 64
18 68
18 74
18 79
18 84
18 86
18 87
18 88
18 89
18 93
18 99
18 101
18 112
19 19
19 32
19 68
19 69
19 77
19 79
19 83
19 87
19 88
19 89
19 90
19 91
19 92
19 93
19 98
19 99
19 111
19 112
19 113
19 115
20 20
20 21
20 26
20 27
20 30
20 36
20 56
20 57
20 63
20 70
20 71
20 74
20 75
20 81
20 82
20 85
20 95
20 102
20 107
20 109
21 21
21 23
21 24
21 25
21 26
21 27
21 45
21 49
21 70
21 71
21 73
21 75
21 78
21 80
21 81
21 84
21 85
22 22
22 23
22 24
22 30
22 31
22 33
22 34
22 64
22 65
22 67
22 82
22 83
22 84
22 85
22 86
22 87
22 91
22 92
22 93
22 100
22 101
22 113
23 23
23 24
23 25
23 26
23 27
23 30
23 31
23 34
23 42
23 43
23 50
23 51
23 52
23 53
23 64
23 65
23 84
23 92
23 93
23 100
23 112
24 24
24 25
24 26
24 27
24 30
24 43
24 45
24 50
24 51
24 52
24 53
24 64
24 67
24 84
24 85
25 25
25 27
25 44
25 45
25 49
25 50
25 51
25 52
25 70
25 71
25 73
25 75
25 78
25 80
25 81
26 26
26 27
26 42
26 43
26 46
26 51
26 52
26 53
26 54
26 55
26 57
26 58
26 59
26 82
26 88
26 89
26 91
26 93
26 95
26 101
26 102
26 107
26 112
26 115
27 27
27 42
27 43
27 46
27 49
27 50
27 51
27 52
27 53
27 54
27 55
27 57
27 59
27 70
27 73
27 80
27 84
27 85
27 88
27 89
27 102
27 112
28 28
28 29
28 30
28 31
28 32
28 33
28 36
28 40
28 62
28 63
28 72
28 76
28 77
28 78
28 79
28 80
28 81
28 82
28 83
28 113
29 29
29 31
29 36
29 41
29 56
29 68
29 70
29 71
29 72
29 73
29 75
29 76
29 77
29 78
29 79
29 80
29 81
30 30
30 31
30 32
30 33
30 49
30 62
30 63
30 64
30 74
30 82
30 83
30 84
30 85
30 95
30 109
31 31
31 33
31 35
31 45
31 49
31 62
31 63
31 72
31 76
31 77
31 80
31 83
32 32
32 33
32 40
32 56
32 57
32 62
32 63
32 66
32 68
32 72
32 74
32 76
32 79
32 81
32 83
33 33
33 35
33 40
33 61
33 62
33 63
33 64
33 65
33 67
33 72
33 74
33 76
33 77
33 82
33 83
33 92
33 93
33 95
33 100
33 113
34 34
34 35
34 36
34 37
34 38
34 50
34 64
34 65
34 66
34 76
34 77
34 87
34 91
34 92
35 35
35 44
35 45
35 47
35 64
35 65
35 67
35 77
35 92
35 100
36 36
36 37
36 38
36 39
36 40
36 41
36 60
36 68
36 70
36 71
36 72
36 73
36 74
36 76
36 77
36 80
36 82
36 93
36 95
36 97
36 101
36 109
37 37
37 38
37 39
37 40
37 41
37 47
37 48
37 54
37 55
37 68
37 72
37 74
37 77
37 79
37 86
37 90
37 91
37 94
37 96
37 97
37 98
37 99
37 103
37 104
37 105
37 108
37 109
37 110
37 111
37 114
37 115
38 38
38 39
38 40
38 41
38 54
38 68
38 72
38 74
38 77
38 82
38 86
38 91
38 94
38 96
38 97
38 99
38 103
38 104
38 105
38 107
38 108
38 109
38 110
38 111
38 114
38 115
39 39
39 40
39 41
39 54
39 55
39 68
39 86
39 87
39 89
39 90
39 91
39 94
39 95
39 96
39 97
39 98
39 99
39 103
39 104
39 105
39 108
39 109
39 110
39 111
40 40
40 41
40 62
40 72
40 74
40 77
40 82
40 83
40 86
40 87
40 94
40 96
40 97
40 99
40 103
40 104
40 105
40 114
41 41
41 55
41 71
41 72
41 74
41 75
41 79
41 86
41 87
41 94
41 96
41 97
41 98
41 99
41 103
41 104
41 105
41 108
41 109
41 110
41 111
42 42
42 43
42 44
42 45
42 46
42 47
42 48
42 49
42 50
42 51
42 52
42 53
42 55
42 95
42 96
42 102
42 109
43 43
43 44
43 45
43 46
43 47
43 48
43 49
43 50
43 51
43 52
43 53
43 55
43 95
43 96
43 102
43 109
44 44
44 45
44 46
44 47
44 48
44 49
44 50
44 51
44 52
44 53
44 55
44 71
44 78
44 94
44 96
44 98
44 110
45 45
45 47
45 49
45 62
45 64
45 65
45 67
45 81
45 85
45 96
46 46
46 47
46 48
46 49
46 50
46 51
46 52
46 53
46 54
46 55
46 96
46 98
46 109
46 110
47 47
47 48
47 49
47 51
47 52
47 53
47 55
47 82
47 90
47 95
47 96
47 97
47 98
47 103
47 109
47 110
48 48
48 49
48 50
48 51
48 52
48 53
48 54
48 55
48 58
48 59
48 71
48 94
48 96
48 97
48 98
48 103
48 104
48 105
48 110
49 49
49 51
49 52
49 53
49 55
49 59
49 81
50 50
50 51
50 52
50 53
50 54
50 55
50 84
50 96
50 104
50 105
51 51
51 52
51 53
51 54
51 55
51 59
51 71
51 73
51 96
51 98
51 110
52 52
52 53
52 54
52 55
52 58
52 59
52 73
52 88
52 89
52 90
52 96
52 98
52 110
52 112
53 53
53 54
53 55
53 59
53 84
53 96
53 98
53 109
54 54
54 55
54 68
54 71
54 86
54 88
54 89
54 90
54 91
54 96
54 97
54 98
54 99
54 103
54 104
54 110
54 111
54 112
55 55
55 58
55 59
55 87
55 88
55 89
55 90
55 96
55 97
55 98
55 99
55 103
55 104
55 105
55 109
55 110
55 111
55 112
56 56
56 57
56 58
56 59
56 60
56 62
56 63
56 66
56 68
56 69
56 72
56 73
56 74
56 75
56 76
56 78
56 79
56 80
56 81
56 102
56 106
57 57
57 58
57 59
57 63
57 68
57 69
57 72
57 74
57 79
57 80
57 81
57 95
57 102
57 107
58 58
58 59
58 60
58 61
58 66
58 68
58 69
58 70
58 72
58 73
58 78
58 88
58 89
58 98
58 102
59 59
59 61
59 66
59 73
59 88
59 89
59 98
59 102
60 60
60 61
60 63
60 66
60 68
60 69
60 72
60 76
60 88
60 91
60 115
61 61
61 63
61 100
61 113
62 62
62 63
62 66
62 67
62 72
62 74
62 78
62 80
62 81
62 83
62 85
63 63
63 72
63 74
63 76
63 79
63 80
63 81
63 83
63 85
63 95
64 64
64 65
64 67
64 84
64 87
64 92
64 93
65 65
65 67
65 84
65 92
65 100
66 66
66 68
66 69
66 70
66 72
66 73
66 74
66 75
66 76
66 78
66 80
66 81
67 67
67 84
67 85
68 68
68 69
68 70
68 71
68 72
68 73
68 74
68 75
68 76
68 77
68 78
68 79
68 81
68 97
68 99
68 108
68 110
68 111
69 69
69 70
69 72
69 76
69 77
69 79
69 81
69 90
69 91
69 99
69 102
69 103
69 105
69 107
69 108
69 111
69 115
70 70
70 71
70 72
70 73
70 74
70 75
70 76
70 77
70 80
70 81
70 95
70 102
71 71
71 73
71 75
71 78
71 80
71 81
71 110
72 72
72 73
72 74
72 76
72 77
72 78
72 79
72 80
72 81
72 95
72 108
72 109
73 73
73 75
73 76
73 78
73 79
73 80
73 81
73 102
74 74
74 75
74 76
74 77
74 79
74 81
74 95
74 106
74 107
74 108
75 75
75 76
75 78
75 79
75 80
75 81
75 85
75 102
76 76
76 77
76 78
76 79
76 80
76 81
76 95
76 101
76 107
76 108
76 109
76 115
77 77
77 79
77 82
77 91
77 92
77 93
77 101
77 107
77 113
77 115
78 78
78 79
78 80
78 81
78 102
79 79
79 80
79 81
79 94
79 97
79 99
79 111
80 80
80 81
80 85
80 102
81 81
81 85
81 102
82 82
82 83
82 86
82 87
82 91
82 92
82 93
82 95
82 101
82 109
82 113
82 114
82 115
83 83
83 85
83 86
83 87
83 89
83 92
83 93
83 95
83 112
83 113
83 115
84 84
84 85
84 86
84 87
84 89
85 85
85 86
85 87
85 89
86 86
86 87
86 89
86 91
86 93
86 114
87 87
87 89
87 90
87 91
87 92
87 93
87 94
87 97
87 98
87 99
87 104
87 111
87 112
87 113
87 114
88 88
88 89
88 90
88 91
88 92
88 93
88 101
88 111
88 112
88 115
89 89
89 90
89 91
89 93
89 102
89 112
89 115
90 90
90 91
90 92
90 93
90 98
90 99
90 103
90 105
90 111
90 112
90 113
90 115
91 91
91 92
91 93
91 99
91 100
91 101
91 103
91 107
91 108
91 111
91 112
91 113
91 114
91 115
92 92
92 93
92 100
92 101
92 112
92 113
92 115
93 93
93 95
93 100
93 101
93 107
93 112
93 113
93 114
93 115
94 94
94 96
94 97
94 98
94 99
94 103
94 104
94 105
94 110
94 111
95 95
95 102
95 108
95 109
95 115
96 96
96 97
96 98
96 99
96 103
96 104
96 105
96 109
96 110
96 111
97 97
97 98
97 99
97 103
97 104
97 105
97 108
97 110
97 111
98 98
98 99
98 103
98 104
98 105
98 108
98 110
98 111
99 99
99 103
99 104
99 105
99 108
99 110
99 111
100 100
100 101
100 102
100 106
100 107
101 101
101 106
101 107
101 108
101 112
101 113
101 114
101 115
102 102
103 103
103 104
103 105
103 108
103 110
103 111
104 104
104 105
104 110
104 111
104 114
105 105
105 110
105 111
105 114
105 115
106 106
106 107
106 110
107 107
107 108
107 115
108 108
108 110
108 111
108 115
109 109
109 110
110 110
110 111
111 111
112 112
112 115
113 113
113 114
113 115
114 114
114 115
115 115
