0 0
0 1
0 6
0 10
0 12
0 14
0 15
0 16
0 17
0 18
0 19
0 28
0 29
0 56
0 57
0 58
0 60
0 62
0 68
0 72
0 74
0 75
0 76
0 78
0 79
0 80
0 81
0 99
0 101
0 106
0 111
1 1
1 7
1 11
1 12
1 13
1 15
1 16
1 17
1 32
1 42
1 43
1 46
1 48
1 49
1 51
1 56
1 57
1 58
1 59
1 60
1 61
1 63
1 76
1 89
1 101
1 107
1 112
2 2
2 6
2 7
2 8
2 9
2 10
2 12
2 13
2 14
2 22
2 58
2 65
2 66
2 68
2 69
2 90
2 91
2 92
2 93
2 105
2 106
2 107
3 3
3 5
3 7
3 11
3 22
3 23
3 27
3 51
3 64
3 65
3 87
3 88
3 89
3 90
3 92
3 112
3 113
4 4
4 5
4 8
4 9
4 10
4 12
4 19
4 23
4 24
4 25
4 34
4 64
4 67
4 91
4 92
4 111
4 114
5 5
5 9
5 13
5 23
5 24
5 25
5 27
5 50
5 65
5 67
5 90
5 92
5 98
5 107
5 112
5 114
6 6
6 7
6 8
6 9
6 10
6 11
6 12
6 13
6 15
6 17
6 18
6 28
6 30
6 31
6 33
6 60
6 64
6 65
6 69
6 75
6 79
6 91
6 92
6 104
6 105
6 106
6 109
7 7
7 8
7 9
7 11
7 12
7 13
7 15
7 17
7 29
7 30
7 31
7 33
7 61
7 64
7 65
7 79
7 90
7 92
7 104
7 106
7 112
8 8
8 9
8 10
8 12
8 13
8 14
8 15
8 28
8 33
8 44
8 45
8 64
8 65
8 75
8 92
8 104
8 106
8 111
8 112
9 9
9 10
9 11
9 12
9 13
9 14
9 15
9 28
9 33
9 41
9 64
9 65
9 75
9 90
9 92
9 104
9 111
9 112
10 10
10 11
10 12
10 13
10 14
10 15
10 28
10 41
10 75
10 76
10 84
10 91
10 93
10 94
10 106
10 109
11 11
11 12
11 13
11 15
11 17
11 23
11 28
11 29
11 30
11 31
11 60
11 61
11 64
11 65
11 91
11 92
11 104
11 105
11 106
11 109
11 112
12 12
12 13
12 14
12 15
12 17
12 28
12 64
12 65
12 75
12 76
12 91
12 94
12 105
12 111
12 112
13 13
13 14
13 15
13 17
13 61
13 65
13 90
13 91
13 92
13 102
13 104
13 105
13 107
13 112
14 14
14 15
14 21
14 26
14 27
14 36
14 68
14 82
14 91
14 94
14 96
14 97
14 98
15 15
15 17
15 28
15 29
15 33
15 61
15 65
15 72
15 102
15 112
16 16
16 17
16 18
16 28
16 29
16 32
16 42
16 43
16 49
16 56
16 57
16 58
16 60
16 62
16 63
16 68
16 72
16 74
16 75
16 76
16 78
16 79
16 80
16 81
16 99
16 106
16 111
17 17
17 28
17 29
17 32
17 52
17 56
17 57
17 60
17 61
17 62
17 63
17 72
17 78
17 79
17 80
17 81
17 105
18 18
18 19
18 28
18 29
18 30
18 32
18 33
18 56
18 57
18 60
18 62
18 63
18 68
18 69
18 70
18 72
18 73
18 74
18 75
18 76
18 77
18 78
18 80
18 106
19 19
19 23
19 26
19 27
19 56
19 57
19 58
19 68
19 69
19 70
19 81
19 88
19 91
19 101
19 105
19 106
19 110
20 20
20 21
20 24
20 25
20 26
20 27
20 34
20 35
20 36
20 38
20 39
20 40
20 53
20 55
20 57
20 82
20 83
20 84
20 87
20 96
20 98
20 108
20 109
20 115
21 21
21 23
21 24
21 25
21 26
21 27
21 34
21 36
21 37
21 38
21 39
21 40
21 41
21 50
21 51
21 52
21 53
21 54
21 59
21 82
21 83
21 84
21 85
21 86
21 87
21 88
21 94
21 96
21 97
21 98
21 108
21 115
22 22
22 23
22 24
22 25
22 26
22 27
22 34
22 35
22 64
22 67
22 86
22 87
22 88
22 89
22 90
22 91
22 93
22 100
22 103
22 107
22 110
23 23
23 24
23 25
23 26
23 27
23 30
23 31
23 34
23 35
23 64
23 65
23 67
23 82
23 83
23 84
23 85
23 87
23 88
23 89
23 90
23 91
23 92
23 93
23 105
23 114
23 115
24 24
24 25
24 26
24 27
24 34
24 35
24 36
24 37
24 38
24 39
24 40
24 51
24 53
24 64
24 67
24 82
24 84
24 85
24 86
24 87
24 88
24 96
24 98
24 110
25 25
25 26
25 27
25 31
25 34
25 35
25 36
25 38
25 39
25 40
25 51
25 53
25 67
25 82
25 83
25 84
25 86
25 87
25 88
25 96
25 98
25 110
26 26
26 27
26 34
26 35
26 36
26 37
26 38
26 39
26 50
26 51
26 54
26 55
26 59
26 67
26 82
26 85
26 87
26 88
26 89
26 90
26 93
26 96
26 98
26 100
26 103
26 108
26 110
27 27
27 34
27 35
27 36
27 38
27 39
27 51
27 54
27 55
27 67
27 82
27 87
27 88
27 89
27 90
27 93
27 96
27 98
27 101
27 103
27 107
27 110
27 113
28 28
28 29
28 30
28 31
28 33
28 41
28 60
28 62
28 71
28 72
28 75
28 78
28 79
28 80
28 81
28 94
28 105
28 106
29 29
29 30
29 31
29 33
29 40
29 41
29 53
29 60
29 62
29 63
29 71
29 72
29 79
29 80
29 81
29 83
29 109
30 30
30 31
30 32
30 33
30 40
30 41
30 53
30 62
30 63
30 64
30 71
30 72
30 104
30 109
30 115
31 31
31 33
31 64
31 65
31 71
31 72
31 75
31 79
31 92
31 109
31 114
32 32
32 33
32 56
32 57
32 58
32 60
32 62
32 63
32 66
32 72
32 73
32 74
32 75
32 76
32 77
32 78
32 100
32 102
32 103
32 111
32 113
33 33
33 62
33 64
33 65
33 66
33 70
33 71
33 72
33 73
33 75
33 76
33 77
33 95
33 102
33 104
33 111
33 113
34 34
34 35
34 36
34 38
34 39
34 51
34 53
34 64
34 67
34 82
34 84
34 86
34 87
34 88
34 96
34 110
35 35
35 36
35 38
35 44
35 45
35 64
35 67
35 84
35 86
35 88
35 110
36 36
36 37
36 38
36 39
36 40
36 41
36 46
36 52
36 53
36 54
36 55
36 82
36 83
36 84
36 85
36 86
36 87
36 88
36 94
36 96
36 97
36 108
36 110
37 37
37 38
37 39
37 40
37 41
37 54
37 67
37 73
37 74
37 76
37 77
37 84
37 86
37 87
37 88
37 89
37 103
38 38
38 39
38 40
38 46
38 52
38 54
38 55
38 59
38 82
38 83
38 84
38 85
38 86
38 87
38 88
38 89
38 94
38 96
38 97
38 98
38 108
38 110
39 39
39 40
39 46
39 54
39 55
39 59
39 82
39 83
39 84
39 85
39 86
39 87
39 89
39 96
39 97
39 98
39 100
39 103
39 108
39 110
40 40
40 41
40 54
40 55
40 72
40 80
40 82
40 83
40 84
40 86
40 94
40 96
40 97
41 41
41 62
41 73
41 74
41 76
41 80
41 81
41 82
41 83
41 84
41 86
41 94
41 109
42 42
42 43
42 44
42 45
42 46
42 47
42 48
42 49
42 50
42 55
42 56
42 57
42 62
42 96
42 98
42 99
43 43
43 44
43 45
43 46
43 47
43 48
43 49
43 55
43 56
43 57
43 58
43 68
43 96
43 98
43 99
43 110
44 44
44 45
44 46
44 47
44 48
44 49
44 50
44 56
44 66
44 75
44 76
44 98
44 99
44 110
45 45
45 46
45 47
45 48
45 49
45 55
45 56
45 66
45 67
45 99
45 110
46 46
46 47
46 48
46 49
46 50
46 51
46 54
46 55
46 56
46 59
46 61
46 82
46 83
46 96
46 97
46 98
46 99
46 108
47 47
47 48
47 49
47 55
47 56
47 57
47 68
47 72
47 96
47 99
47 110
48 48
48 49
48 50
48 51
48 52
48 53
48 55
48 56
48 58
48 59
48 61
48 62
48 63
48 76
48 96
48 98
48 99
48 100
48 108
49 49
49 50
49 51
49 55
49 56
49 57
49 58
49 59
49 61
49 62
49 74
49 76
49 98
49 99
50 50
50 51
50 52
50 55
50 58
50 66
50 98
50 99
50 100
51 51
51 52
51 53
51 54
51 55
51 58
51 59
51 61
51 63
51 83
51 86
51 89
51 90
51 96
51 97
51 98
51 100
51 108
52 52
52 53
52 54
52 55
52 58
52 59
52 60
52 61
52 62
52 63
52 78
52 83
52 85
52 87
52 89
52 94
52 108
53 53
53 55
53 59
53 60
53 61
53 63
53 82
53 83
53 84
53 85
53 86
53 88
53 89
53 108
53 115
54 54
54 55
54 58
54 59
54 61
54 63
54 82
54 83
54 84
54 85
54 86
54 87
54 88
54 89
54 96
54 97
54 98
54 108
55 55
55 57
55 59
55 61
55 63
55 82
55 83
55 85
55 86
55 87
55 89
55 96
55 97
55 98
55 99
55 100
55 108
56 56
56 57
56 58
56 59
56 62
56 63
56 73
56 74
56 76
56 80
56 86
56 99
57 57
57 58
57 59
57 60
57 62
57 63
57 68
57 78
57 80
57 81
57 99
57 101
58 58
58 59
58 60
58 61
58 63
58 66
58 68
58 69
58 78
58 79
58 89
58 99
58 105
59 59
59 61
59 63
59 82
59 83
59 85
59 86
59 89
59 96
59 98
59 108
59 114
60 60
60 61
60 62
60 63
60 72
60 78
60 79
60 109
61 61
61 63
61 65
61 89
61 108
62 62
62 63
62 71
62 72
62 73
62 74
62 75
62 76
62 78
62 79
62 80
62 81
62 99
62 109
63 63
63 72
63 78
63 79
63 80
63 81
63 85
63 89
63 100
63 115
64 64
64 65
64 67
64 75
64 77
64 88
64 91
64 92
64 93
64 95
64 102
64 104
64 109
64 111
64 115
65 65
65 67
65 77
65 90
65 92
65 95
65 102
65 104
65 107
65 111
65 112
65 113
66 66
66 67
66 68
66 73
66 75
66 78
66 79
66 111
66 113
67 67
67 84
67 86
67 87
67 88
67 90
67 91
67 92
67 93
67 110
67 113
67 115
68 68
68 69
68 74
68 78
68 80
68 81
68 97
69 69
69 91
69 97
69 105
69 106
69 107
69 115
70 70
70 71
70 73
70 75
70 77
70 93
70 101
70 102
70 110
70 113
71 71
71 72
71 73
71 75
71 77
71 92
71 113
72 72
72 75
72 76
72 77
72 80
72 81
73 73
73 74
73 75
73 76
73 77
73 92
73 102
73 103
73 113
74 74
74 75
74 76
74 80
74 101
74 111
74 112
75 75
75 76
75 77
75 92
75 95
75 102
75 104
75 111
75 113
76 76
76 77
76 80
76 99
76 102
76 103
76 104
76 109
76 111
76 112
76 113
77 77
77 92
77 95
77 100
77 102
77 103
77 104
77 113
78 78
78 79
78 80
78 81
78 102
78 111
78 114
79 79
79 81
79 105
79 111
79 114
79 115
80 80
80 81
80 83
81 81
81 105
81 115
82 82
82 83
82 84
82 85
82 86
82 87
82 88
82 94
82 96
82 97
82 108
83 83
83 84
83 85
83 86
83 87
83 88
83 94
83 96
83 97
83 108
84 84
84 85
84 86
84 87
84 88
84 94
84 96
84 97
84 109
85 85
85 87
85 88
85 89
85 94
85 96
85 97
85 105
85 108
85 114
86 86
86 88
86 94
86 96
87 87
87 88
87 89
87 90
87 93
87 96
87 100
87 113
88 88
88 89
88 90
88 91
88 92
88 93
88 94
88 97
89 89
89 90
89 93
89 96
89 105
89 107
89 114
90 90
90 91
90 92
90 93
90 102
90 104
90 105
90 114
91 91
91 92
91 93
91 94
91 97
91 105
91 106
91 107
91 114
92 92
92 93
92 102
92 104
92 112
92 113
92 114
93 93
93 97
93 101
93 103
93 105
93 107
93 113
93 114
94 94
94 96
94 97
94 105
94 106
94 108
94 109
94 114
94 115
95 95
95 102
95 103
95 104
95 109
95 111
95 113
96 96
96 97
96 98
96 99
96 100
96 108
96 110
97 97
97 98
97 105
97 106
97 108
97 110
97 114
98 98
98 99
98 100
98 103
98 108
98 112
99 99
99 111
99 113
100 100
100 103
100 113
101 101
101 105
101 106
101 107
102 102
102 103
102 104
102 107
102 111
102 113
103 103
103 104
103 111
103 113
104 104
104 107
104 111
104 112
104 113
105 105
105 106
105 107
105 114
105 115
106 106
106 107
106 109
106 115
107 107
108 108
108 109
109 109
109 111
109 115
110 110
111 111
111 112
111 113
112 112
113 113
114 114
114 115
115 115
