0 0
0 1
0 10
0 11
0 17
0 19
0 28
0 36
0 54
0 55
0 56
0 57
0 64
0 75
0 82
0 83
0 88
0 89
1 1
1 10
1 11
1 13
1 17
1 37
1 55
1 56
1 57
1 58
1 60
1 61
1 63
1 89
1 104
2 2
2 6
2 7
2 18
2 20
2 21
2 22
2 23
2 25
2 30
2 31
2 66
2 70
2 71
2 91
2 92
2 93
2 106
2 107
2 110
2 115
3 3
3 7
3 18
3 19
3 22
3 23
3 25
3 27
3 39
3 42
3 43
3 64
3 65
3 77
3 82
3 84
3 85
3 87
3 88
3 92
3 95
3 97
3 108
3 109
3 110
3 111
3 112
3 113
3 114
3 115
4 4
4 5
4 8
4 9
4 14
4 15
4 24
4 28
4 36
4 38
4 39
4 40
4 41
4 47
4 53
4 74
4 76
4 77
4 82
4 83
4 88
4 89
4 91
4 108
5 5
5 9
5 15
5 22
5 23
5 24
5 25
5 26
5 27
5 30
5 38
5 39
5 43
5 64
5 70
5 82
5 84
5 85
5 87
5 88
5 89
5 92
5 93
5 95
5 108
5 113
5 114
5 115
6 6
6 7
6 8
6 18
6 30
6 31
6 33
6 66
6 67
6 72
6 74
6 91
6 93
6 101
6 106
7 7
7 13
7 21
7 22
7 23
7 25
7 30
7 31
7 34
7 35
7 43
7 45
7 65
7 67
7 77
7 92
7 93
7 95
7 110
7 112
8 8
8 9
8 12
8 13
8 14
8 15
8 24
8 28
8 29
8 33
8 36
8 38
8 40
8 41
8 53
8 60
8 61
8 76
8 83
8 88
8 90
8 91
8 92
9 9
9 11
9 12
9 13
9 14
9 15
9 24
9 38
9 40
9 41
9 53
9 60
9 61
9 75
9 76
9 83
9 86
9 88
9 89
9 90
9 92
9 100
10 10
10 11
10 12
10 13
10 14
10 17
10 28
10 37
10 46
10 54
10 55
10 57
10 58
10 60
10 61
10 76
10 84
10 88
10 89
11 11
11 12
11 13
11 17
11 19
11 28
11 41
11 57
11 61
11 64
11 71
11 73
11 75
11 76
11 83
11 84
11 85
11 89
12 12
12 13
12 14
12 15
12 52
12 55
12 58
12 60
12 61
12 65
12 100
13 13
13 14
13 15
13 29
13 52
13 58
13 60
13 61
13 65
13 75
13 92
13 100
14 14
14 15
14 24
14 35
14 38
14 60
14 77
14 86
14 88
14 90
14 92
14 94
14 110
15 15
15 28
15 29
15 39
15 41
15 72
15 73
15 74
15 75
15 82
15 83
15 90
15 92
15 98
15 100
15 102
15 108
16 16
16 17
16 28
16 32
16 46
16 48
16 52
16 54
16 55
16 56
16 57
16 59
16 62
16 63
16 69
16 72
16 78
16 79
16 80
16 81
16 101
17 17
17 28
17 29
17 32
17 40
17 46
17 48
17 52
17 53
17 55
17 56
17 57
17 58
17 59
17 61
17 62
17 63
17 66
17 69
17 72
17 74
17 78
17 79
17 80
17 81
17 98
17 99
17 103
17 104
17 105
18 18
18 19
18 22
18 23
18 57
18 64
18 68
18 74
18 76
18 77
18 82
18 84
18 86
18 88
18 91
18 93
18 115
19 19
19 28
19 29
19 32
19 33
19 39
19 41
19 56
19 68
19 69
19 72
19 74
19 75
19 76
19 77
19 78
19 80
19 81
19 82
19 83
20 20
20 21
20 25
20 30
20 31
20 42
20 66
20 71
20 86
20 94
20 100
20 102
20 104
20 105
20 106
20 107
20 110
20 111
20 114
21 21
21 22
21 23
21 25
21 26
21 27
21 31
21 35
21 43
21 45
21 64
21 87
21 109
21 110
21 111
21 112
22 22
22 23
22 25
22 27
22 30
22 31
22 50
22 64
22 70
22 71
22 84
22 85
22 87
22 88
22 92
22 93
22 102
22 107
22 110
22 113
22 114
22 115
23 23
23 25
23 27
23 30
23 31
23 34
23 35
23 50
23 64
23 67
23 70
23 71
23 84
23 85
23 87
23 88
23 92
23 93
23 108
23 110
23 113
23 114
23 115
24 24
24 25
24 26
24 27
24 38
24 53
24 82
24 84
24 86
24 88
24 89
24 96
25 25
25 26
25 27
25 30
25 35
25 42
25 43
25 45
25 47
25 50
25 70
25 87
25 92
25 93
25 95
25 96
25 107
25 108
25 109
25 110
25 111
25 113
25 115
26 26
26 27
26 38
26 43
26 47
26 50
26 54
26 64
26 82
26 84
26 85
26 86
26 87
26 88
26 93
26 96
26 101
26 110
27 27
27 30
27 39
27 42
27 43
27 45
27 50
27 64
27 70
27 82
27 84
27 85
27 86
27 87
27 88
27 92
27 93
27 95
27 102
27 107
27 108
27 109
27 110
27 111
27 112
27 113
27 114
27 115
28 28
28 29
28 36
28 40
28 41
28 53
28 62
28 63
28 72
28 73
28 74
28 75
28 76
28 82
28 83
28 84
29 29
29 31
29 32
29 33
29 36
29 40
29 41
29 53
29 55
29 62
29 63
29 68
29 69
29 72
29 73
29 74
29 75
29 76
29 78
29 80
29 81
29 83
29 98
29 105
30 30
30 31
30 70
30 71
30 87
30 92
30 93
30 95
30 102
30 105
30 107
30 108
30 110
30 112
30 113
30 114
30 115
31 31
31 33
31 71
31 74
31 102
31 106
31 107
32 32
32 33
32 40
32 52
32 53
32 55
32 57
32 62
32 63
32 66
32 68
32 69
32 72
32 78
32 79
32 80
32 81
32 98
32 104
32 105
33 33
33 35
33 40
33 68
33 69
33 72
33 74
33 76
33 77
33 78
33 80
33 81
33 106
34 34
34 35
34 36
34 37
34 38
34 45
34 50
34 64
34 65
34 67
34 77
34 86
34 110
35 35
35 38
35 43
35 44
35 45
35 47
35 64
35 65
35 67
35 77
35 92
35 110
36 36
36 37
36 38
36 40
36 41
36 63
36 72
36 74
36 76
36 81
36 82
36 83
37 37
37 41
37 44
37 46
37 48
37 55
37 67
37 71
37 73
37 74
37 77
37 90
37 98
37 100
38 38
38 39
38 40
38 41
38 60
38 64
38 76
38 77
38 82
38 83
38 84
38 86
38 88
38 92
38 94
38 95
38 96
38 97
38 108
38 110
38 111
38 114
39 39
39 41
39 54
39 56
39 60
39 64
39 76
39 77
39 82
39 83
39 84
39 85
39 88
39 89
39 92
39 93
39 95
39 96
39 97
39 108
39 109
39 111
39 112
39 113
40 40
40 41
40 60
40 61
40 62
40 63
40 72
40 78
40 80
40 81
40 83
40 104
40 105
41 41
41 46
41 52
41 53
41 55
41 63
41 72
41 73
41 74
41 75
41 76
41 77
41 83
41 90
41 96
41 98
42 42
42 43
42 44
42 45
42 46
42 47
42 48
42 49
42 50
42 51
42 67
42 87
42 94
42 95
42 96
42 99
42 102
42 103
42 107
42 109
42 110
42 111
42 112
42 113
42 114
42 115
43 43
43 44
43 45
43 47
43 49
43 50
43 64
43 67
43 87
43 96
43 102
43 107
43 110
43 111
43 112
43 113
43 114
43 115
44 44
44 45
44 46
44 47
44 48
44 49
44 50
44 51
44 58
44 67
44 87
44 96
44 98
44 99
44 101
44 102
44 111
44 112
45 45
45 47
45 49
45 50
45 58
45 64
45 65
45 67
45 87
45 102
45 110
45 111
45 112
45 113
46 46
46 47
46 48
46 49
46 50
46 51
46 52
46 53
46 54
46 55
46 58
46 59
46 62
46 72
46 96
46 98
46 99
47 47
47 48
47 49
47 50
47 51
47 54
47 55
47 67
47 91
47 96
47 98
47 99
47 110
47 111
48 48
48 49
48 50
48 51
48 52
48 53
48 54
48 55
48 58
48 59
48 66
48 91
48 96
48 98
48 99
48 100
48 101
48 103
48 107
49 49
49 50
49 51
49 52
49 54
49 55
49 58
49 59
49 66
49 87
49 96
49 98
49 99
49 100
49 101
49 102
49 107
50 50
50 51
50 54
50 86
50 87
50 91
50 93
50 94
50 96
50 98
50 99
50 101
50 102
50 107
50 110
50 111
50 112
50 113
50 114
50 115
51 51
51 52
51 53
51 54
51 55
51 59
51 87
51 91
51 96
51 98
51 99
51 101
51 107
52 52
52 53
52 54
52 55
52 57
52 58
52 59
52 61
52 69
52 70
52 72
52 81
52 98
52 99
52 100
52 103
52 104
52 105
53 53
53 55
53 69
53 72
53 74
53 79
53 81
53 91
53 98
53 99
53 100
53 104
53 105
53 106
54 54
54 55
54 56
54 57
54 88
54 89
54 96
54 98
55 55
55 58
55 59
55 60
55 61
55 63
55 69
55 72
55 81
55 89
55 96
55 98
56 56
56 57
56 62
56 63
56 69
56 78
56 79
56 80
56 81
56 85
56 99
56 115
57 57
57 63
57 68
57 69
57 78
57 79
57 80
57 81
57 104
58 58
58 59
58 60
58 61
58 65
58 66
58 67
58 100
58 103
58 104
59 59
59 61
59 62
59 63
59 66
59 69
59 79
59 100
59 103
59 104
60 60
60 61
60 63
60 65
60 75
60 83
60 89
60 96
60 109
61 61
61 63
61 65
61 89
61 100
62 62
62 63
62 66
62 69
62 72
62 78
62 79
62 80
62 81
62 97
62 98
62 99
62 103
63 63
63 72
63 78
63 79
63 80
63 81
63 83
64 64
64 65
64 76
64 82
64 84
64 85
64 87
64 88
64 89
64 95
64 108
64 109
64 111
64 112
64 113
64 114
64 115
65 65
65 92
65 110
66 66
66 67
66 68
66 69
66 79
66 103
66 104
66 105
66 106
67 67
67 110
68 68
68 69
68 72
68 74
68 75
68 76
68 77
68 78
68 79
68 80
68 81
68 97
68 99
68 106
69 69
69 72
69 78
69 79
69 80
69 81
70 70
70 71
70 73
70 75
70 87
70 92
70 93
70 102
70 107
70 109
70 113
70 114
71 71
71 73
71 75
71 87
71 102
71 107
71 109
71 113
71 115
72 72
72 74
72 78
72 80
72 81
72 83
72 98
72 99
72 103
72 105
73 73
73 74
73 75
73 76
73 77
73 90
73 91
73 93
73 95
73 102
74 74
74 75
74 76
74 91
74 93
74 98
74 99
74 101
75 75
75 76
75 77
75 83
75 95
75 97
75 108
75 109
76 76
76 77
76 82
76 83
76 84
76 88
76 89
76 91
76 96
77 77
77 88
77 89
77 90
77 91
77 92
77 95
77 96
77 97
77 110
78 78
78 79
78 80
78 81
78 97
78 99
78 105
78 109
79 79
79 80
79 81
79 95
79 97
79 99
79 104
79 105
79 109
79 111
79 112
79 115
80 80
80 81
80 83
81 81
81 104
81 105
82 82
82 83
82 84
82 85
82 86
82 88
82 89
82 92
82 93
82 108
82 113
82 114
83 83
83 84
83 85
83 88
83 89
83 108
84 84
84 85
84 86
84 87
84 88
84 89
84 92
84 108
85 85
85 87
85 88
85 89
85 92
85 95
85 107
85 112
85 113
85 114
85 115
86 86
86 100
86 106
86 107
86 110
87 87
87 102
87 107
87 109
87 111
87 112
87 113
87 115
88 88
88 89
88 90
88 92
88 108
89 89
89 90
89 92
90 90
90 91
90 92
90 93
90 98
90 100
91 91
91 92
91 93
91 98
91 99
91 101
91 102
91 103
91 106
91 111
91 115
92 92
92 93
92 95
92 100
92 108
92 110
92 113
92 114
93 93
93 101
93 108
93 110
93 111
93 112
93 113
93 114
93 115
94 94
94 95
94 96
94 97
94 99
94 102
94 105
94 107
94 108
94 109
94 110
94 111
94 112
94 113
94 114
94 115
95 95
95 96
95 97
95 99
95 102
95 108
95 109
95 110
95 111
95 112
95 113
95 114
95 115
96 96
96 97
96 98
96 99
96 109
96 110
96 111
97 97
97 99
97 108
97 109
97 110
97 111
97 112
97 113
97 114
97 115
98 98
98 99
98 101
98 103
99 99
99 101
99 109
99 111
99 112
99 114
99 115
100 100
100 102
100 103
100 104
100 105
100 106
101 101
101 102
101 103
101 106
101 107
101 114
102 102
102 103
102 107
102 111
102 112
102 113
102 114
102 115
103 103
103 104
103 105
104 104
104 105
104 106
105 105
105 106
106 106
106 107
106 111
107 107
107 111
107 113
107 114
107 115
108 108
108 109
108 110
108 111
108 113
108 114
108 115
109 109
109 111
109 112
109 113
109 114
109 115
110 110
110 111
110 112
110 113
110 114
110 115
111 111
111 112
111 113
111 114
111 115
112 112
112 113
112 114
112 115
113 113
113 114
113 115
114 114
114 115
115 115
