0 0
0 1
0 2
0 6
0 7
0 10
0 18
0 19
0 26
0 32
0 33
0 56
0 60
1 1
1 4
1 5
1 19
1 26
1 42
1 53
1 57
1 58
1 59
1 61
1 63
1 68
1 69
2 2
2 3
2 4
2 6
2 7
2 8
2 10
2 11
2 12
2 13
2 15
2 18
2 20
2 22
2 23
2 24
2 25
2 30
2 31
2 33
2 42
2 52
2 53
2 64
2 87
2 90
2 91
2 92
2 93
3 3
3 4
3 5
3 6
3 7
3 8
3 9
3 11
3 12
3 13
3 15
3 18
3 22
3 23
3 24
3 30
3 31
3 33
3 42
3 46
3 47
3 50
3 52
3 53
3 87
3 90
3 92
4 4
4 5
4 6
4 7
4 9
4 10
4 11
4 13
4 14
4 15
4 20
4 21
4 23
4 26
4 27
4 52
4 53
4 57
4 68
4 91
4 112
5 5
5 9
5 11
5 13
5 14
5 15
5 19
5 20
5 21
5 26
5 27
5 53
5 57
5 68
5 69
6 6
6 7
6 8
6 9
6 10
6 11
6 12
6 13
6 15
6 18
6 20
6 22
6 23
6 30
6 31
6 33
6 52
6 53
6 62
6 70
6 71
6 91
6 92
6 93
7 7
7 8
7 9
7 11
7 12
7 13
7 15
7 20
7 22
7 23
7 30
7 31
7 33
7 42
7 52
7 53
7 83
7 87
7 90
7 91
7 92
7 112
8 8
8 9
8 12
8 15
8 22
8 23
8 24
8 25
8 31
8 33
8 42
8 43
8 47
8 50
8 52
8 53
8 61
8 64
8 86
9 9
9 11
9 13
9 15
9 42
9 43
9 47
9 50
9 51
9 52
9 53
9 60
9 61
9 65
10 10
10 12
10 16
10 20
10 21
10 22
10 25
10 28
10 30
10 31
10 40
10 70
10 71
10 72
10 75
10 80
10 91
10 93
10 112
10 113
11 11
11 12
11 13
11 15
11 20
11 22
11 23
11 27
11 29
11 30
11 31
11 33
11 42
11 46
11 47
11 52
11 53
11 70
11 71
11 83
11 87
11 90
11 91
11 111
12 12
12 13
12 20
12 22
12 23
12 24
12 25
12 30
12 31
12 52
12 70
12 86
13 13
13 15
13 20
13 22
13 23
13 30
13 31
13 42
13 52
13 53
13 70
13 71
13 83
13 87
13 90
13 91
14 14
14 15
14 20
14 21
14 26
14 27
14 28
14 30
14 38
14 39
14 71
14 82
14 86
14 88
14 103
15 15
15 23
15 52
15 53
15 60
15 61
15 64
15 83
16 16
16 17
16 20
16 21
16 26
16 28
16 29
16 30
16 36
16 38
16 40
16 41
16 56
16 62
16 70
16 71
16 72
16 73
16 74
16 75
16 76
16 78
16 80
16 81
16 99
16 107
16 112
16 113
17 17
17 26
17 28
17 29
17 34
17 37
17 41
17 55
17 56
17 57
17 62
17 63
17 71
17 72
17 73
17 75
17 76
17 77
17 79
17 81
17 83
17 85
17 107
18 18
18 19
18 50
18 64
18 90
18 92
18 100
19 19
19 32
19 33
19 42
19 50
19 60
19 61
19 68
19 69
19 90
20 20
20 21
20 22
20 25
20 26
20 27
20 28
20 29
20 30
20 31
20 40
20 41
20 70
20 71
20 72
20 73
20 74
20 75
20 78
20 80
20 83
20 86
20 87
20 99
20 112
20 113
21 21
21 25
21 26
21 27
21 28
21 29
21 30
21 31
21 38
21 40
21 41
21 70
21 71
21 72
21 73
21 74
21 75
21 78
21 80
21 91
21 99
21 112
21 113
21 114
22 22
22 23
22 24
22 25
22 27
22 30
22 31
22 32
22 33
22 46
22 50
22 52
22 53
22 70
22 71
22 84
22 86
22 87
22 98
22 108
22 111
23 23
23 24
23 25
23 27
23 30
23 31
23 32
23 33
23 42
23 46
23 47
23 50
23 52
23 53
23 70
23 86
23 87
23 98
23 108
23 111
24 24
24 25
24 30
24 31
24 33
24 42
24 46
24 47
24 50
24 52
24 64
24 84
24 86
24 87
24 98
24 108
25 25
25 27
25 30
25 31
25 33
25 38
25 52
25 70
25 78
25 80
25 84
25 86
25 87
25 98
25 108
26 26
26 27
26 28
26 29
26 41
26 56
26 57
26 68
26 69
26 71
26 72
26 73
26 107
26 114
27 27
27 28
27 29
27 30
27 38
27 41
27 70
27 71
27 72
27 73
27 74
27 78
27 83
27 86
27 87
28 28
28 29
28 30
28 31
28 36
28 37
28 38
28 40
28 41
28 54
28 70
28 71
28 72
28 73
28 74
28 75
28 76
28 78
28 80
28 81
28 82
28 84
28 86
28 99
28 113
28 114
29 29
29 36
29 37
29 40
29 41
29 62
29 70
29 71
29 72
29 73
29 74
29 75
29 77
29 78
29 79
29 80
29 81
29 83
30 30
30 31
30 52
30 70
30 71
30 72
30 78
30 80
30 84
30 86
30 87
30 91
30 99
31 31
31 33
31 52
31 62
31 70
31 71
31 72
31 73
31 80
31 83
31 84
31 86
31 87
31 112
32 32
32 33
32 34
32 42
32 46
32 47
32 50
32 52
32 53
32 56
32 62
32 68
32 87
33 33
33 42
33 43
33 46
33 47
33 50
33 52
33 53
33 64
33 87
33 112
34 34
34 35
34 37
34 42
34 43
34 44
34 45
34 48
34 49
34 50
34 51
34 55
34 62
34 63
34 65
34 66
34 67
34 76
34 77
34 79
34 83
35 35
35 43
35 44
35 45
35 48
35 49
35 51
35 58
35 59
35 60
35 61
35 65
35 66
35 67
35 76
35 77
35 102
35 109
35 110
36 36
36 37
36 38
36 39
36 40
36 41
36 54
36 55
36 70
36 72
36 73
36 74
36 75
36 76
36 78
36 79
36 80
36 81
36 82
36 84
36 85
36 89
36 94
36 95
36 102
36 104
36 105
36 106
36 107
36 115
37 37
37 38
37 39
37 40
37 41
37 44
37 46
37 54
37 55
37 72
37 73
37 74
37 76
37 77
37 78
37 79
37 80
37 81
37 82
37 83
37 84
37 85
37 94
37 95
37 110
37 115
38 38
38 39
38 40
38 41
38 54
38 55
38 70
38 71
38 72
38 74
38 76
38 78
38 80
38 82
38 84
38 86
38 88
38 89
38 94
38 95
38 96
38 97
38 102
38 103
38 104
38 105
38 106
38 107
38 108
38 110
38 113
38 114
38 115
39 39
39 40
39 48
39 54
39 55
39 57
39 58
39 59
39 66
39 74
39 81
39 82
39 88
39 89
39 94
39 95
39 96
39 97
39 100
39 102
39 103
39 104
39 105
39 106
39 107
39 109
39 110
39 114
39 115
40 40
40 41
40 71
40 72
40 73
40 74
40 75
40 76
40 77
40 78
40 80
40 82
40 83
40 84
40 89
40 106
40 107
40 112
40 113
41 41
41 70
41 71
41 72
41 73
41 74
41 75
41 76
41 77
41 78
41 79
41 80
41 81
41 83
41 107
42 42
42 43
42 44
42 45
42 46
42 47
42 49
42 50
42 51
42 52
42 53
42 61
42 63
42 65
43 43
43 44
43 45
43 46
43 47
43 48
43 49
43 50
43 51
43 52
43 53
43 55
43 61
43 63
43 65
43 79
44 44
44 45
44 46
44 48
44 49
44 50
44 51
44 54
44 55
44 57
44 58
44 59
44 61
44 63
44 65
44 66
44 67
44 69
44 77
44 79
44 96
44 104
44 105
45 45
45 46
45 48
45 49
45 50
45 51
45 60
45 61
45 63
45 65
45 66
45 67
45 69
45 79
46 46
46 47
46 50
46 51
46 52
46 53
46 87
46 90
46 96
46 98
46 110
46 111
47 47
47 50
47 52
47 53
47 87
47 90
47 91
47 98
47 110
47 111
48 48
48 49
48 51
48 54
48 55
48 58
48 59
48 61
48 63
48 65
48 66
48 67
48 68
48 69
48 79
48 88
48 96
48 100
48 102
48 103
48 104
48 105
48 109
48 110
49 49
49 50
49 51
49 57
49 58
49 59
49 61
49 63
49 65
49 66
49 69
49 79
50 50
50 51
50 52
50 53
50 61
50 63
50 65
51 51
51 53
51 61
51 63
51 65
51 79
51 85
52 52
52 53
52 87
52 90
52 91
52 98
53 53
53 87
53 90
53 91
53 98
54 54
54 55
54 58
54 66
54 67
54 82
54 84
54 85
54 86
54 88
54 89
54 94
54 95
54 96
54 100
54 102
54 103
54 104
54 105
54 106
54 109
54 113
55 55
55 74
55 75
55 76
55 78
55 79
55 80
55 81
55 82
55 85
55 89
55 94
55 95
55 96
55 97
55 98
55 99
55 100
55 102
55 103
55 104
55 105
55 107
55 108
55 110
55 111
55 115
56 56
56 57
56 68
56 80
56 81
56 99
56 101
56 107
57 57
57 58
57 59
57 66
57 68
57 69
57 79
57 81
57 105
57 107
57 114
57 115
58 58
58 59
58 60
58 61
58 65
58 66
58 67
58 68
58 69
58 88
58 96
58 100
58 102
58 103
58 104
58 105
59 59
59 60
59 61
59 63
59 65
59 66
59 67
59 68
59 69
59 100
59 102
59 103
59 104
59 105
59 114
60 60
60 61
60 64
60 65
60 66
60 67
61 61
61 63
61 64
61 65
61 66
61 67
62 62
62 63
62 73
62 80
62 81
62 83
63 63
63 65
63 79
63 81
63 85
63 100
64 64
64 65
64 67
64 84
64 85
64 88
64 113
65 65
65 66
65 67
65 85
66 66
66 67
66 68
66 69
66 88
66 94
66 96
66 100
66 102
66 103
66 104
66 105
66 107
66 109
66 115
67 67
67 68
67 69
67 88
67 89
67 95
67 96
67 102
67 104
67 105
67 109
68 68
68 69
68 103
68 107
68 109
69 69
69 79
69 103
69 104
69 105
69 107
69 114
69 115
70 70
70 71
70 72
70 73
70 74
70 75
70 78
70 80
70 86
70 87
70 99
71 71
71 72
71 73
71 74
71 75
71 77
71 78
71 80
71 81
71 83
72 72
72 73
72 74
72 75
72 76
72 78
72 80
72 81
72 82
72 99
72 103
72 107
72 112
72 113
72 114
73 73
73 74
73 75
73 76
73 77
73 78
73 79
73 80
73 81
73 83
73 107
74 74
74 75
74 76
74 77
74 78
74 80
74 81
74 82
74 83
74 84
74 89
74 107
74 112
74 115
75 75
75 76
75 77
75 79
75 80
75 81
75 83
75 99
75 112
76 76
76 77
76 78
76 79
76 80
76 81
76 89
76 107
76 112
76 115
77 77
77 78
77 79
77 81
77 83
77 107
77 110
77 112
78 78
78 79
78 80
78 81
78 82
78 84
78 86
78 89
78 107
79 79
79 80
79 81
79 85
80 80
80 81
80 82
80 84
80 86
80 99
80 107
81 81
81 85
81 107
82 82
82 84
82 85
82 86
82 88
82 89
82 94
82 95
82 102
82 103
82 104
82 105
82 106
82 113
83 83
84 84
84 85
84 86
84 88
84 89
84 95
84 113
85 85
85 88
85 89
85 95
85 102
85 104
85 105
85 106
85 113
86 86
86 87
86 88
86 101
86 111
87 87
87 91
87 98
87 108
87 111
87 112
88 88
88 89
88 94
88 95
88 96
88 102
88 103
88 104
88 105
88 106
88 113
89 89
89 94
89 95
89 96
89 100
89 102
89 103
89 104
89 105
89 106
89 113
90 90
90 91
90 92
90 93
90 98
90 99
90 100
90 101
90 111
91 91
91 92
91 93
91 98
91 99
91 101
91 111
91 112
92 92
92 93
92 98
92 99
92 100
92 101
92 102
92 111
92 112
93 93
93 99
93 100
93 101
93 102
93 103
93 111
93 112
93 113
94 94
94 95
94 96
94 97
94 104
94 105
94 107
94 108
94 109
94 110
94 115
95 95
95 96
95 97
95 98
95 103
95 104
95 105
95 108
95 109
95 110
95 115
96 96
96 97
96 98
96 100
96 101
96 102
96 103
96 108
96 109
96 110
96 111
96 115
97 97
97 98
97 99
97 100
97 101
97 108
97 109
97 110
97 115
98 98
98 99
98 101
98 108
98 109
98 110
98 111
99 99
99 101
99 103
99 108
99 111
99 112
100 100
100 101
100 102
100 103
100 104
100 105
100 113
100 114
101 101
101 102
101 103
101 104
101 108
101 111
102 102
102 103
102 104
102 105
102 106
102 109
102 113
102 114
102 115
103 103
103 104
103 105
103 106
103 107
103 113
103 114
103 115
104 104
104 105
104 106
104 107
104 113
104 114
104 115
105 105
105 106
105 107
105 113
105 114
105 115
106 106
106 113
106 114
107 107
107 115
108 108
108 109
108 110
108 111
108 115
109 109
109 110
110 110
110 111
110 115
111 111
112 112
113 113
113 114
114 114
114 115
115 115
