0 0
0 1
0 2
0 6
0 10
0 12
0 13
0 16
0 17
0 18
0 19
0 28
0 32
0 56
0 57
0 60
0 62
0 63
0 64
0 66
0 68
0 72
0 76
0 77
0 79
0 81
1 1
1 10
1 12
1 16
1 18
1 19
1 28
1 32
1 33
1 41
1 56
1 57
1 62
1 63
1 68
1 69
1 72
1 74
1 77
1 78
1 80
1 81
1 83
1 84
2 2
2 4
2 5
2 6
2 7
2 8
2 9
2 18
2 33
2 48
2 58
2 59
2 60
2 61
2 64
2 65
2 66
2 93
2 101
2 106
3 3
3 4
3 5
3 7
3 8
3 9
3 15
3 20
3 21
3 22
3 23
3 25
3 26
3 27
3 30
3 31
3 35
3 65
3 92
3 100
4 4
4 5
4 6
4 7
4 8
4 9
4 15
4 26
4 47
4 48
4 52
4 58
4 60
4 61
4 64
4 65
4 89
4 90
4 92
4 93
4 100
4 101
4 102
5 5
5 7
5 8
5 9
5 15
5 21
5 24
5 25
5 26
5 27
5 30
5 48
5 50
5 52
5 58
5 60
5 64
5 65
5 67
5 90
5 92
5 93
5 100
6 6
6 7
6 8
6 9
6 13
6 17
6 18
6 33
6 52
6 58
6 60
6 61
6 64
6 65
6 70
6 101
7 7
7 8
7 9
7 13
7 15
7 30
7 33
7 45
7 58
7 59
7 60
7 61
7 64
7 65
7 90
7 92
7 100
8 8
8 9
8 13
8 15
8 29
8 33
8 45
8 52
8 58
8 60
8 61
8 64
8 65
8 89
8 90
8 92
8 93
8 100
8 101
9 9
9 13
9 15
9 33
9 35
9 45
9 52
9 58
9 59
9 60
9 61
9 64
9 65
9 90
9 92
9 93
9 100
9 101
10 10
10 11
10 12
10 14
10 16
10 19
10 28
10 32
10 36
10 40
10 56
10 57
10 62
10 64
10 66
10 72
10 74
10 76
10 80
10 81
10 82
10 84
10 86
10 94
10 96
10 105
10 108
10 109
10 113
10 115
11 11
11 12
11 13
11 17
11 28
11 29
11 30
11 31
11 35
11 36
11 38
11 54
11 64
11 65
11 73
11 79
11 81
11 82
11 84
11 85
11 86
11 87
11 88
11 95
11 105
11 108
11 114
11 115
12 12
12 14
12 16
12 36
12 38
12 40
12 56
12 57
12 62
12 66
12 68
12 69
12 74
12 77
12 78
12 80
12 81
12 82
12 84
12 86
12 87
12 94
12 95
12 96
12 105
12 108
12 109
12 113
12 115
13 13
13 15
13 17
13 29
13 30
13 35
13 54
13 55
13 60
13 61
13 62
13 64
13 65
13 71
13 73
13 79
13 86
13 87
13 88
13 89
13 114
13 115
14 14
14 16
14 22
14 24
14 25
14 36
14 40
14 50
14 56
14 62
14 67
14 80
14 82
14 84
14 86
14 105
15 15
15 35
15 64
15 65
15 90
15 92
15 100
16 16
16 19
16 28
16 32
16 33
16 36
16 40
16 50
16 56
16 57
16 62
16 68
16 69
16 72
16 74
16 76
16 78
16 80
16 81
16 82
16 84
16 103
16 113
17 17
17 28
17 29
17 35
17 38
17 54
17 56
17 62
17 73
17 79
17 81
17 82
17 86
17 87
17 88
17 89
17 94
17 114
17 115
18 18
18 19
18 26
18 28
18 57
18 68
18 70
18 72
18 76
18 83
18 97
18 106
19 19
19 23
19 28
19 32
19 56
19 57
19 63
19 68
19 69
19 72
19 73
19 74
19 80
19 81
19 83
19 84
19 87
19 99
19 108
19 109
19 113
19 115
20 20
20 21
20 22
20 23
20 25
20 26
20 27
20 31
20 42
20 50
20 69
20 70
20 75
20 78
21 21
21 22
21 23
21 24
21 25
21 27
21 30
21 31
21 33
21 34
21 42
21 43
21 44
21 47
21 50
21 67
21 69
21 110
22 22
22 23
22 24
22 25
22 27
22 30
22 31
22 34
22 35
22 50
22 71
22 75
22 84
22 85
22 88
22 105
23 23
23 24
23 25
23 27
23 30
23 31
23 35
23 39
23 50
23 74
23 75
23 84
23 85
23 87
24 24
24 25
24 26
24 27
24 34
24 42
24 43
24 46
24 47
24 50
24 53
24 56
24 88
24 99
24 110
24 111
25 25
25 27
25 30
25 31
25 35
25 42
25 43
25 50
25 84
25 85
25 110
26 26
26 27
26 68
27 27
27 30
27 31
27 35
27 39
27 50
27 55
27 85
27 88
28 28
28 32
28 33
28 40
28 57
28 62
28 63
28 72
28 74
28 76
28 78
28 80
28 81
28 94
28 101
28 115
29 29
29 35
29 38
29 54
29 55
29 62
29 65
29 73
29 76
29 79
29 86
29 87
29 88
29 89
29 94
29 107
29 114
29 115
30 30
30 31
30 32
30 33
30 35
30 68
30 70
30 71
30 72
30 77
31 31
31 32
31 33
31 35
31 70
31 71
31 77
32 32
32 33
32 56
32 57
32 62
32 63
32 64
32 66
32 68
32 69
32 72
32 76
33 33
33 57
33 60
33 61
33 62
33 64
33 65
33 68
33 69
33 72
33 78
33 100
34 34
34 35
34 64
34 84
34 85
34 88
34 94
34 107
34 109
35 35
35 54
35 55
35 64
35 65
35 79
35 85
35 88
35 92
35 93
35 96
35 100
35 114
36 36
36 37
36 38
36 40
36 54
36 56
36 62
36 74
36 75
36 76
36 80
36 81
36 82
36 83
36 84
36 85
36 86
36 87
36 104
36 105
36 109
37 37
37 38
37 39
37 46
37 54
37 55
37 79
37 87
37 88
37 89
37 94
37 95
37 96
37 97
37 98
37 99
37 103
37 104
37 105
37 107
37 109
37 111
37 112
38 38
38 39
38 40
38 54
38 55
38 79
38 82
38 84
38 85
38 86
38 87
38 88
38 89
38 94
38 95
38 96
38 97
38 98
38 99
38 103
38 104
38 105
38 107
38 109
38 111
38 112
38 114
38 115
39 39
39 54
39 55
39 83
39 85
39 86
39 87
39 88
39 89
39 95
39 97
39 103
39 104
39 105
39 108
39 109
39 112
39 115
40 40
40 41
40 50
40 70
40 71
40 72
40 74
40 75
40 76
40 78
40 80
40 82
40 84
40 95
40 99
40 103
40 105
40 109
40 115
41 41
41 42
41 70
41 73
41 74
41 75
41 77
41 83
41 104
41 109
42 42
42 43
42 44
42 45
42 46
42 47
42 48
42 49
42 50
42 51
42 53
42 66
42 67
42 68
42 90
42 98
42 99
42 110
43 43
43 44
43 45
43 46
43 47
43 48
43 49
43 50
43 51
43 52
43 53
43 59
43 63
43 67
43 90
43 98
43 99
43 110
43 111
43 112
44 44
44 45
44 46
44 47
44 48
44 49
44 50
44 51
44 52
44 53
44 59
44 63
44 66
44 67
44 98
44 99
44 106
44 111
44 112
45 45
45 46
45 47
45 48
45 49
45 50
45 51
45 52
45 53
45 58
45 59
45 61
45 65
45 66
45 67
45 90
45 110
45 111
46 46
46 47
46 48
46 49
46 51
46 52
46 53
46 55
46 90
46 92
46 94
46 96
46 97
46 98
46 99
46 110
46 111
46 112
47 47
47 48
47 49
47 51
47 52
47 53
47 58
47 59
47 67
47 90
47 91
47 93
47 98
47 99
47 102
47 110
47 111
47 112
48 48
48 49
48 50
48 51
48 52
48 53
48 58
48 59
48 60
48 66
48 67
48 90
48 93
49 49
49 51
49 52
49 53
49 55
49 59
49 61
49 67
49 90
49 98
49 111
49 112
50 50
50 51
50 53
50 67
50 74
50 78
50 80
50 84
50 96
50 106
51 51
51 52
51 53
51 55
51 59
51 66
51 67
51 85
51 98
51 99
51 111
51 112
52 52
52 53
52 58
52 59
52 60
52 61
52 66
52 90
52 91
52 92
52 98
52 102
52 111
53 53
53 55
53 85
53 89
53 90
53 92
53 96
53 98
53 99
53 111
54 54
54 55
54 73
54 79
54 82
54 84
54 86
54 87
54 88
54 89
54 94
54 95
54 96
54 97
54 98
54 99
54 104
54 105
54 107
54 108
54 109
54 111
54 112
54 114
54 115
55 55
55 73
55 85
55 86
55 87
55 88
55 89
55 92
55 94
55 95
55 96
55 97
55 98
55 99
55 105
55 107
55 111
55 112
55 114
55 115
56 56
56 57
56 62
56 63
56 66
56 68
56 76
56 77
56 79
56 80
56 81
56 84
56 86
56 99
56 110
56 113
57 57
57 62
57 63
57 68
57 69
57 72
57 74
57 76
57 78
57 80
57 81
57 83
57 84
57 113
58 58
58 59
58 60
58 61
58 64
58 65
58 66
58 67
58 90
58 91
58 93
58 100
58 101
59 59
59 60
59 61
59 66
59 67
59 90
59 91
59 100
59 101
59 102
60 60
60 61
60 62
60 64
60 65
60 66
60 67
60 90
60 91
60 93
60 100
60 101
61 61
61 63
61 64
61 65
61 90
61 100
61 101
62 62
62 63
62 66
62 73
62 79
62 81
62 82
62 84
62 86
63 63
63 72
63 81
63 83
63 113
64 64
64 65
64 66
64 101
65 65
65 67
65 88
65 90
65 92
65 93
65 100
65 114
66 66
66 67
66 68
66 91
66 106
66 110
67 67
67 69
67 90
67 91
67 93
67 100
67 106
67 110
68 68
68 69
68 72
68 78
68 106
68 110
69 69
69 80
69 81
69 83
69 110
70 70
70 72
70 74
70 75
70 77
70 91
70 101
70 109
71 71
71 73
71 75
71 77
71 79
71 109
72 72
72 74
72 76
72 78
72 80
72 81
72 83
72 96
72 101
73 73
73 74
73 75
73 76
73 77
73 79
73 81
73 85
73 86
73 87
73 88
73 89
73 95
73 107
73 115
74 74
74 75
74 76
74 77
74 78
74 80
74 81
74 84
74 113
75 75
75 76
75 77
76 76
76 77
76 78
76 79
76 80
76 81
76 107
77 77
77 81
77 94
77 110
78 78
78 80
78 81
78 96
78 115
79 79
79 81
79 82
79 84
79 85
79 86
79 87
79 88
79 89
80 80
80 81
80 82
80 84
80 85
80 96
80 103
80 105
80 113
81 81
81 82
81 83
81 84
81 86
81 109
82 82
82 84
82 86
82 87
82 88
82 94
82 96
82 103
82 104
82 105
82 108
82 109
82 114
82 115
83 83
83 86
83 87
83 95
83 97
83 102
83 104
83 108
83 109
83 112
83 115
84 84
84 85
84 86
84 87
84 88
84 103
84 104
84 105
84 107
84 108
84 113
84 115
85 85
85 86
85 87
85 88
85 89
85 92
85 104
85 105
85 107
85 108
85 114
86 86
86 87
86 88
86 89
86 94
86 95
86 97
86 103
86 104
86 105
86 107
86 108
86 109
86 111
86 113
86 114
86 115
87 87
87 88
87 89
87 94
87 95
87 96
87 97
87 99
87 104
87 105
87 107
87 108
87 109
87 111
87 112
87 113
87 114
87 115
88 88
88 89
88 92
88 93
88 94
88 95
88 97
88 99
88 105
88 107
88 108
88 111
88 114
88 115
89 89
89 92
89 94
89 95
89 97
89 98
89 99
89 105
89 108
89 111
89 112
89 114
89 115
90 90
90 91
90 92
90 93
90 98
90 100
90 101
90 102
90 111
90 112
91 91
91 92
91 93
91 99
91 101
91 102
91 103
91 104
91 106
91 110
91 111
91 112
92 92
92 93
92 96
92 98
92 100
92 102
92 104
92 111
92 114
93 93
93 96
93 100
93 101
93 104
93 105
93 110
93 114
94 94
94 95
94 96
94 97
94 98
94 99
94 105
94 107
94 108
94 109
94 111
94 112
95 95
95 96
95 97
95 98
95 99
95 104
95 105
95 107
95 108
95 109
95 111
95 112
95 115
96 96
96 97
96 98
96 99
96 104
96 105
96 107
96 108
96 109
96 110
96 111
96 112
96 113
97 97
97 98
97 99
97 102
97 104
97 105
97 107
97 108
97 109
97 111
97 112
97 113
97 114
97 115
98 98
98 99
98 102
98 104
98 110
98 111
98 112
98 113
99 99
99 103
99 105
99 108
99 109
99 110
99 111
99 112
99 113
99 114
99 115
100 100
100 102
101 101
101 102
101 103
101 104
101 106
101 113
102 102
102 103
102 104
102 111
102 113
103 103
103 104
103 105
103 107
103 110
103 111
103 112
103 113
104 104
104 105
104 106
104 107
104 109
104 111
104 112
104 113
104 114
104 115
105 105
105 107
105 108
105 109
105 112
105 113
105 114
105 115
106 106
106 107
106 110
107 107
107 113
107 114
107 115
108 108
108 109
108 111
108 112
108 115
109 109
109 111
109 112
109 115
110 110
110 111
111 111
111 112
112 112
113 113
113 114
113 115
114 114
114 115
115 115
