0 0
0 10
0 16
0 18
0 56
0 60
0 61
0 62
0 63
0 65
0 81
1 1
1 3
1 11
1 13
1 19
1 29
1 57
1 61
1 63
1 68
1 74
1 79
1 80
1 81
1 83
1 84
1 85
1 86
1 87
2 2
2 4
2 5
2 6
2 7
2 8
2 9
2 10
2 12
2 14
2 15
2 18
2 20
2 22
2 23
2 24
2 25
2 26
2 30
2 31
2 33
2 34
2 67
2 93
2 108
3 3
3 7
3 9
3 11
3 13
3 15
3 19
3 23
3 25
3 31
3 41
3 65
3 82
3 83
3 85
3 87
3 92
4 4
4 5
4 6
4 8
4 9
4 10
4 12
4 14
4 15
4 20
4 21
4 22
4 23
4 24
4 25
4 26
4 27
4 30
4 31
4 36
4 37
4 40
4 41
4 54
4 71
4 82
4 83
4 88
4 93
4 94
4 96
4 105
4 108
4 109
4 113
4 114
4 115
5 5
5 6
5 8
5 9
5 10
5 12
5 14
5 15
5 20
5 21
5 22
5 23
5 24
5 25
5 26
5 27
5 30
5 31
5 37
5 40
5 41
5 71
5 82
5 83
5 88
5 93
5 94
5 95
5 96
5 97
5 105
5 108
5 109
5 114
5 115
6 6
6 7
6 8
6 9
6 10
6 12
6 14
6 15
6 18
6 20
6 22
6 24
6 26
6 30
6 31
6 33
6 60
6 83
6 93
7 7
7 11
7 13
7 19
7 31
7 32
7 33
7 34
7 35
7 45
7 60
7 61
7 64
7 65
7 66
7 67
7 69
7 106
8 8
8 9
8 10
8 12
8 14
8 15
8 20
8 21
8 22
8 23
8 24
8 25
8 26
8 27
8 30
8 37
8 41
8 54
8 71
8 83
8 88
8 93
8 94
8 105
8 108
8 109
8 113
8 115
9 9
9 10
9 12
9 14
9 15
9 20
9 22
9 23
9 24
9 25
9 26
9 27
9 30
9 31
9 41
9 65
9 71
9 82
9 83
9 92
9 93
9 105
9 108
9 109
9 114
9 115
10 10
10 12
10 13
10 14
10 15
10 20
10 21
10 22
10 24
10 25
10 26
10 27
10 30
10 88
10 93
10 96
10 105
10 108
10 109
10 115
11 11
11 13
11 15
11 17
11 29
11 30
11 31
11 32
11 33
11 35
11 60
11 61
11 63
11 64
11 65
11 74
11 81
11 83
11 84
11 85
11 87
12 12
12 13
12 14
12 15
12 17
12 20
12 21
12 22
12 23
12 26
12 30
12 60
12 61
12 63
12 64
13 13
13 15
13 17
13 19
13 30
13 31
13 32
13 33
13 35
13 60
13 61
13 63
13 64
13 65
13 67
13 69
13 81
13 85
13 108
14 14
14 15
14 18
14 20
14 21
14 22
14 23
14 24
14 25
14 26
14 27
14 30
14 31
14 82
14 83
14 88
14 93
14 105
14 108
14 109
14 114
15 15
15 20
15 21
15 22
15 23
15 24
15 25
15 26
15 27
15 30
15 31
15 40
15 41
15 65
15 81
15 82
15 83
15 89
15 108
15 109
15 113
15 114
16 16
16 28
16 29
16 62
16 63
16 70
16 72
16 76
16 77
16 78
16 79
16 80
16 81
17 17
17 29
17 57
17 60
17 63
17 64
17 73
17 79
17 81
18 18
18 19
18 67
18 69
18 91
18 93
18 101
18 103
19 19
19 32
19 33
19 57
19 62
19 66
19 67
19 68
19 69
19 92
19 103
20 20
20 21
20 22
20 23
20 24
20 25
20 26
20 27
20 30
20 36
20 37
20 39
20 40
20 41
20 54
20 71
20 83
20 88
20 89
20 93
20 94
20 96
20 97
20 105
20 108
20 109
20 113
20 114
20 115
21 21
21 22
21 24
21 25
21 26
21 27
21 38
21 39
21 41
21 54
21 88
21 96
22 22
22 23
22 24
22 25
22 26
22 27
22 30
22 31
22 41
22 54
22 71
22 83
22 88
22 93
22 96
22 108
22 109
23 23
23 24
23 25
23 26
23 27
23 30
23 31
23 40
23 41
23 65
23 71
23 79
23 82
23 83
23 92
24 24
24 25
24 26
24 27
24 30
24 31
24 37
24 39
24 40
24 41
24 54
24 71
24 82
24 83
24 88
24 89
24 93
24 94
24 95
24 96
24 97
24 105
24 108
24 109
24 113
24 114
24 115
25 25
25 26
25 27
25 30
25 31
25 39
25 40
25 41
25 65
25 71
25 75
25 79
25 83
25 88
25 94
25 96
25 108
25 109
25 114
26 26
26 27
26 30
26 31
26 36
26 37
26 40
26 41
26 54
26 71
26 83
26 88
26 89
26 93
26 94
26 95
26 96
26 97
26 105
26 108
26 109
26 113
26 114
26 115
27 27
27 30
27 31
27 37
27 39
27 54
27 82
27 83
27 88
27 89
27 94
27 95
27 96
27 97
27 105
27 108
27 109
27 114
28 28
28 29
28 31
28 36
28 41
28 62
28 72
28 78
28 79
28 80
28 81
28 82
28 83
28 103
29 29
29 31
29 36
29 40
29 41
29 62
29 63
29 71
29 72
29 73
29 74
29 79
29 81
29 83
29 85
30 30
30 31
30 32
30 33
30 41
30 65
30 71
30 82
30 83
30 108
30 109
31 31
31 32
31 33
31 35
31 41
31 60
31 61
31 65
31 67
31 81
31 82
31 83
31 108
32 32
32 33
32 35
32 44
32 45
32 58
32 59
32 60
32 61
32 62
32 63
32 65
32 66
32 67
32 69
32 74
32 76
32 84
33 33
33 34
33 35
33 44
33 45
33 58
33 60
33 61
33 62
33 63
33 64
33 65
33 66
33 67
33 69
33 74
34 34
34 35
34 44
34 45
34 50
34 64
34 66
34 67
34 77
34 100
34 110
35 35
35 44
35 45
35 60
35 61
35 62
35 64
35 65
35 66
35 67
35 69
36 36
36 37
36 38
36 40
36 41
36 52
36 56
36 70
36 71
36 72
36 73
36 109
36 110
36 111
36 113
37 37
37 38
37 39
37 40
37 41
37 53
37 54
37 55
37 72
37 85
37 87
37 88
37 89
37 90
37 91
37 93
37 94
37 95
37 96
37 97
37 98
37 99
37 101
37 103
37 104
37 105
37 109
37 110
37 111
37 113
37 114
37 115
38 38
38 39
38 40
38 41
38 42
38 46
38 54
38 55
38 57
38 70
38 71
38 73
38 77
38 86
38 88
38 94
38 96
38 97
38 100
38 104
38 109
38 110
38 113
39 39
39 40
39 41
39 52
39 53
39 54
39 55
39 77
39 85
39 87
39 88
39 89
39 90
39 94
39 95
39 96
39 97
39 104
39 105
39 109
39 110
39 113
39 114
39 115
40 40
40 41
40 52
40 54
40 55
40 70
40 71
40 72
40 73
40 89
40 93
40 94
40 95
40 97
40 101
40 103
40 104
40 105
40 109
40 111
40 112
40 113
40 114
40 115
41 41
41 54
41 71
41 72
41 73
41 75
41 82
41 83
41 89
41 94
41 95
41 97
41 109
41 111
41 113
42 42
42 43
42 44
42 45
42 46
42 47
42 48
42 49
42 50
42 51
42 53
42 55
42 57
42 59
42 86
42 98
42 99
42 110
43 43
43 44
43 45
43 46
43 47
43 48
43 49
43 50
43 51
43 57
43 58
43 59
43 66
43 74
43 76
43 78
43 86
43 98
43 99
43 102
44 44
44 45
44 46
44 47
44 48
44 49
44 50
44 51
44 57
44 58
44 59
44 66
44 67
44 78
44 99
44 102
44 106
45 45
45 46
45 47
45 48
45 49
45 50
45 57
45 58
45 59
45 60
45 64
45 65
45 66
45 67
45 78
45 84
45 106
46 46
46 47
46 48
46 49
46 50
46 51
46 53
46 55
46 59
46 66
46 86
46 91
46 98
46 99
46 100
46 102
46 106
46 110
47 47
47 48
47 49
47 50
47 51
47 53
47 57
47 58
47 59
47 66
47 68
47 86
47 90
47 91
47 99
47 100
47 102
47 110
48 48
48 49
48 50
48 51
48 52
48 53
48 55
48 58
48 59
48 66
48 98
48 99
48 102
49 49
49 50
49 51
49 52
49 53
49 57
49 58
49 59
49 66
49 98
49 99
49 102
49 106
50 50
50 51
50 52
50 53
50 58
50 64
50 66
50 99
50 100
51 51
51 52
51 53
51 55
51 59
51 98
51 99
52 52
52 53
52 54
52 55
52 58
52 59
52 89
52 90
52 98
52 99
52 102
53 53
53 55
53 89
53 95
53 96
53 97
53 98
53 99
53 104
53 109
54 54
54 55
54 70
54 71
54 76
54 88
54 89
54 90
54 93
54 94
54 96
54 97
54 98
54 101
54 103
54 104
54 105
54 109
54 110
54 111
54 112
54 113
54 114
55 55
55 85
55 87
55 88
55 89
55 90
55 91
55 94
55 95
55 96
55 97
55 98
55 99
55 103
55 104
55 105
55 109
55 110
55 113
55 114
56 56
56 57
56 58
56 61
56 62
56 63
56 81
56 99
57 57
57 59
57 63
57 64
57 66
57 68
57 69
57 74
57 78
57 81
57 86
57 99
57 106
58 58
58 59
58 60
58 61
58 62
58 63
58 65
58 66
58 67
59 59
59 61
59 63
59 66
59 98
59 99
59 102
60 60
60 61
60 62
60 63
60 64
60 66
60 67
60 76
61 61
61 63
61 65
61 66
61 67
62 62
62 63
62 66
62 67
62 69
62 76
62 81
63 63
63 65
63 66
63 73
63 76
63 81
64 64
64 66
64 67
64 69
64 84
65 65
65 67
66 66
66 67
66 68
66 69
66 102
66 106
66 107
67 67
67 69
67 100
68 68
68 69
68 74
68 86
69 69
69 80
69 81
70 70
70 71
70 73
70 75
70 76
70 77
70 91
70 93
70 97
70 101
70 103
70 104
70 110
70 113
71 71
71 73
71 75
71 88
71 105
71 109
71 111
71 113
72 72
72 73
72 74
72 79
73 73
73 74
73 75
73 76
73 77
73 88
73 112
74 74
74 75
74 76
74 77
74 84
75 75
75 76
75 77
76 76
76 77
77 77
77 86
77 87
77 110
78 78
78 79
78 80
78 81
79 79
79 80
79 81
79 85
79 95
79 108
79 111
80 80
80 81
80 82
80 83
80 84
80 85
80 86
80 87
81 81
81 83
81 84
81 85
82 82
82 83
82 84
82 85
82 86
82 87
82 94
82 113
82 114
83 83
83 85
83 108
83 114
84 84
84 85
84 86
84 87
85 85
85 86
85 87
85 89
85 95
85 114
86 86
86 87
86 106
86 110
87 87
87 89
87 92
87 98
87 113
88 88
88 89
88 94
88 96
88 97
88 105
88 108
88 109
88 110
88 111
88 112
88 113
88 114
88 115
89 89
89 92
89 94
89 95
89 97
89 98
89 103
89 104
89 105
89 109
89 113
89 114
90 90
90 91
90 92
90 93
90 94
90 98
90 99
90 100
90 101
90 102
90 103
90 104
90 105
90 107
90 110
90 111
90 112
90 113
90 115
91 91
91 92
91 93
91 94
91 97
91 98
91 99
91 100
91 101
91 102
91 103
91 104
91 105
91 107
91 109
91 110
91 112
91 113
91 115
92 92
92 93
92 94
92 97
92 100
92 101
92 102
92 103
92 104
92 105
92 109
92 110
92 112
92 113
92 114
93 93
93 94
93 96
93 97
93 99
93 100
93 101
93 102
93 103
93 104
93 105
93 107
93 109
93 110
93 111
93 112
93 113
93 115
94 94
94 95
94 96
94 97
94 101
94 103
94 104
94 105
94 108
94 109
94 110
94 113
94 114
94 115
95 95
95 97
95 104
95 105
95 108
95 109
95 113
95 114
95 115
96 96
96 97
96 98
96 104
96 105
96 109
96 110
96 114
97 97
97 99
97 101
97 103
97 104
97 105
97 108
97 109
97 110
97 111
97 112
97 113
97 114
97 115
98 98
98 99
98 101
98 102
98 103
98 104
98 111
98 113
99 99
99 100
99 101
99 102
99 103
99 104
99 105
99 107
99 109
99 110
99 111
99 112
99 113
99 115
100 100
100 101
100 102
100 103
100 104
100 105
100 107
100 110
100 111
100 112
100 115
101 101
101 102
101 103
101 104
101 105
101 107
101 109
101 110
101 111
101 112
101 113
101 115
102 102
102 103
102 104
102 105
102 106
102 107
102 110
102 111
102 112
103 103
103 104
103 105
103 107
103 111
103 112
103 113
103 114
103 115
104 104
104 105
104 107
104 109
104 110
104 111
104 112
104 113
104 114
104 115
105 105
105 107
105 108
105 109
105 110
105 111
105 112
105 113
105 114
105 115
106 106
107 107
107 110
107 111
107 112
108 108
108 109
108 114
108 115
109 109
109 110
109 111
109 113
109 114
109 115
110 110
110 111
110 113
111 111
111 112
111 113
112 112
112 113
112 115
113 113
113 114
113 115
114 114
114 115
115 115
