0 0
0 18
0 56
1 1
1 7
1 11
1 13
1 18
1 19
1 32
1 33
1 56
1 57
1 58
1 59
1 60
1 61
1 63
1 67
1 68
1 69
1 106
2 2
2 3
2 4
2 5
2 6
2 7
2 8
2 10
2 11
2 12
2 13
2 14
2 15
2 18
2 20
2 21
2 22
2 23
2 24
2 25
2 26
2 27
2 30
2 31
2 71
2 82
2 87
3 3
3 5
3 6
3 7
3 9
3 11
3 12
3 13
3 15
3 19
3 22
3 23
3 25
3 26
3 27
3 30
3 31
3 71
3 82
3 87
3 88
4 4
4 5
4 6
4 8
4 9
4 14
4 15
4 20
4 21
4 22
4 24
4 25
4 26
4 27
4 28
4 30
4 36
4 38
4 41
4 54
4 70
4 72
4 82
4 86
4 88
5 5
5 6
5 7
5 8
5 9
5 10
5 12
5 14
5 15
5 20
5 21
5 22
5 23
5 24
5 25
5 26
5 27
5 28
5 30
5 31
5 40
5 70
5 71
5 72
5 82
5 83
5 87
6 6
6 7
6 8
6 11
6 12
6 13
6 14
6 15
6 18
6 20
6 21
6 22
6 23
6 26
6 27
6 30
6 31
6 40
6 70
6 71
6 82
7 7
7 9
7 11
7 12
7 13
7 15
7 19
7 22
7 23
7 30
7 31
7 32
7 60
7 61
7 71
7 82
8 8
8 9
8 12
8 14
8 15
8 20
8 21
8 22
8 24
8 25
8 26
8 27
8 28
8 29
8 30
8 36
8 40
8 41
8 64
8 70
8 72
8 74
9 9
9 14
9 15
9 20
9 24
9 25
9 70
9 75
9 83
10 10
10 11
10 12
10 13
10 14
10 15
10 16
10 17
10 20
10 21
10 22
10 26
10 27
10 28
10 29
10 30
10 40
10 41
10 70
10 71
10 72
10 73
10 74
10 75
10 76
10 78
10 79
10 82
10 83
10 86
11 11
11 12
11 13
11 15
11 17
11 19
11 22
11 29
11 30
11 31
11 32
11 33
11 60
11 61
11 63
11 71
12 12
12 13
12 14
12 15
12 16
12 18
12 20
12 21
12 22
12 23
12 26
12 27
12 28
12 29
12 30
12 31
12 36
12 40
12 41
12 60
12 70
12 71
12 72
12 73
12 74
12 75
12 78
12 82
12 86
13 13
13 14
13 15
13 22
13 23
13 29
13 30
13 31
13 32
13 60
13 61
13 63
13 71
14 14
14 15
14 20
14 21
14 22
14 24
14 25
14 26
14 27
14 28
14 29
14 30
14 36
14 38
14 40
14 41
14 54
14 70
14 71
14 72
14 74
14 82
14 83
14 86
14 88
14 89
15 15
15 16
15 20
15 21
15 22
15 23
15 24
15 25
15 26
15 27
15 28
15 29
15 30
15 31
15 36
15 40
15 41
15 70
15 71
15 72
15 73
15 74
15 75
15 83
15 87
16 16
16 17
16 20
16 21
16 28
16 29
16 30
16 32
16 36
16 37
16 40
16 41
16 56
16 62
16 70
16 71
16 72
16 73
16 74
16 75
16 76
16 77
16 78
16 79
16 80
16 81
16 83
17 17
17 28
17 29
17 32
17 33
17 37
17 41
17 56
17 60
17 61
17 62
17 63
17 71
17 72
17 73
17 74
17 75
17 76
17 77
17 78
17 79
17 80
17 81
17 85
18 18
18 19
18 28
18 30
18 31
18 57
18 68
19 19
19 32
19 33
19 57
19 59
19 61
19 63
19 68
19 69
19 80
20 20
20 21
20 22
20 24
20 25
20 26
20 27
20 28
20 29
20 30
20 31
20 36
20 37
20 40
20 41
20 70
20 71
20 72
20 73
20 74
20 75
20 78
20 83
20 86
20 87
21 21
21 22
21 24
21 25
21 26
21 27
21 28
21 29
21 30
21 31
21 36
21 37
21 40
21 41
21 70
21 71
21 72
21 73
21 74
21 75
21 78
21 82
21 83
22 22
22 23
22 25
22 26
22 27
22 28
22 30
22 31
22 38
22 71
22 72
22 82
22 86
22 87
23 23
23 25
23 26
23 27
23 30
23 31
23 71
23 82
23 87
23 88
24 24
24 25
24 26
24 27
24 28
24 29
24 41
24 70
24 71
24 72
24 73
24 75
24 83
24 87
25 25
25 26
25 27
25 30
25 31
25 70
25 71
25 83
25 87
26 26
26 27
26 28
26 30
26 36
26 38
26 40
26 41
26 54
26 70
26 71
26 72
26 82
26 86
26 88
26 89
27 27
27 30
27 36
27 38
27 40
27 54
27 55
27 70
27 71
27 82
27 86
27 87
27 88
27 89
28 28
28 29
28 30
28 31
28 36
28 37
28 40
28 41
28 53
28 62
28 70
28 71
28 72
28 73
28 74
28 75
28 76
28 77
28 78
28 79
28 81
28 83
29 29
29 30
29 31
29 32
29 36
29 37
29 40
29 41
29 62
29 70
29 71
29 72
29 73
29 74
29 75
29 76
29 77
29 78
29 79
29 81
29 83
30 30
30 31
30 36
30 40
30 41
30 70
30 71
30 72
30 73
30 74
30 75
30 78
30 79
30 83
30 86
30 87
31 31
31 32
31 33
31 36
31 40
31 70
31 71
31 72
31 73
31 74
31 78
31 79
31 83
31 87
32 32
32 33
32 56
32 57
32 58
32 60
32 61
32 62
32 63
32 73
32 74
32 75
32 77
32 78
32 79
32 81
33 33
33 56
33 57
33 61
33 62
33 63
33 68
33 76
33 77
33 79
33 80
33 81
34 34
34 35
34 43
34 50
34 64
34 65
34 84
34 85
34 89
34 109
34 110
35 35
35 38
35 64
35 65
35 67
35 69
35 84
35 88
35 89
35 90
35 91
35 92
35 94
35 104
35 110
36 36
36 37
36 38
36 39
36 40
36 41
36 54
36 62
36 70
36 71
36 72
36 73
36 74
36 76
36 78
36 80
36 82
36 86
37 37
37 39
37 41
37 52
37 53
37 70
37 71
37 72
37 73
37 74
37 75
37 76
37 77
37 78
37 79
37 81
37 83
37 85
38 38
38 39
38 54
38 55
38 82
38 84
38 86
38 87
38 88
38 89
38 93
38 94
38 96
38 97
38 101
38 113
38 114
39 39
39 41
39 54
39 88
39 95
39 96
39 97
39 99
39 101
39 106
39 108
39 113
40 40
40 41
40 62
40 70
40 71
40 72
40 73
40 74
40 75
40 82
40 83
41 41
41 52
41 53
41 70
41 71
41 72
41 73
41 74
41 75
41 76
41 77
41 78
41 79
41 81
41 83
41 86
42 42
42 43
42 44
42 45
42 46
42 47
42 48
42 49
42 50
42 51
42 52
42 53
42 55
42 96
42 97
42 98
42 99
42 102
42 109
42 110
42 111
42 112
42 113
43 43
43 44
43 45
43 46
43 47
43 48
43 49
43 50
43 51
43 53
43 55
43 85
43 96
43 97
43 98
43 99
43 109
43 110
43 111
43 112
44 44
44 45
44 46
44 47
44 48
44 49
44 50
44 51
44 53
44 66
44 67
44 97
44 98
44 102
44 104
44 110
44 111
44 112
45 45
45 46
45 47
45 48
45 49
45 50
45 51
45 65
45 66
45 67
45 69
45 90
45 96
45 97
45 98
45 102
45 103
45 104
45 107
45 110
46 46
46 47
46 48
46 49
46 50
46 51
46 52
46 53
46 55
46 90
46 91
46 93
46 95
46 96
46 97
46 98
46 99
46 102
46 103
46 109
46 110
46 111
46 112
46 113
47 47
47 48
47 49
47 50
47 51
47 53
47 55
47 67
47 69
47 90
47 91
47 92
47 93
47 95
47 96
47 97
47 98
47 99
47 102
47 103
47 109
47 110
47 111
47 112
47 113
48 48
48 49
48 50
48 51
48 52
48 53
48 66
48 67
48 98
48 112
49 49
49 50
49 51
49 53
49 66
49 67
49 97
49 98
49 102
49 104
49 107
49 110
49 112
50 50
50 51
50 52
50 53
50 54
50 55
50 84
50 85
50 89
50 93
50 96
50 98
50 110
50 111
51 51
51 52
51 53
51 55
51 65
51 66
51 67
52 52
52 53
52 54
52 55
52 72
52 89
52 98
52 99
52 111
52 112
53 53
53 54
53 55
53 72
53 74
53 89
53 93
53 97
53 98
53 99
53 102
53 111
53 112
53 113
54 54
54 55
54 84
54 86
54 88
54 89
54 93
54 95
54 96
54 97
54 99
54 101
54 111
54 112
54 113
55 55
55 89
55 95
55 96
55 97
55 98
55 99
55 109
55 110
55 111
55 112
55 115
56 56
56 57
56 58
56 59
56 60
56 61
56 62
56 63
56 68
56 76
56 77
56 78
56 79
56 80
56 81
57 57
57 58
57 59
57 61
57 63
57 68
57 69
57 79
57 80
57 81
57 106
58 58
58 59
58 60
58 61
58 62
58 63
58 65
58 66
58 67
58 69
59 59
59 60
59 61
59 62
59 63
59 65
59 66
59 67
59 69
59 100
59 104
60 60
60 61
60 62
60 63
60 65
61 61
61 63
61 65
61 66
61 67
61 69
61 100
62 62
62 63
62 72
62 73
62 74
62 76
62 78
62 79
62 80
62 81
62 83
63 63
63 65
63 66
63 79
63 80
63 81
64 64
64 65
64 84
64 85
64 88
64 89
65 65
65 66
65 67
65 69
65 92
65 100
66 66
66 67
66 69
66 100
66 104
66 107
67 67
67 69
67 90
67 91
67 92
67 94
67 100
67 102
67 103
67 104
67 106
67 107
67 110
68 68
68 69
68 80
68 90
68 101
68 102
68 103
68 106
69 69
69 90
69 91
69 92
69 98
69 101
69 102
69 103
69 104
69 106
69 110
70 70
70 71
70 72
70 73
70 74
70 75
70 76
70 77
70 78
70 83
70 87
71 71
71 72
71 73
71 74
71 75
71 78
71 79
71 83
72 72
72 73
72 74
72 75
72 76
72 77
72 78
72 79
72 81
72 83
73 73
73 74
73 75
73 76
73 77
73 78
73 79
73 81
73 83
74 74
74 75
74 76
74 77
74 78
74 79
74 81
74 83
75 75
75 76
75 77
75 78
75 79
75 81
75 83
76 76
76 77
76 78
76 79
76 80
76 81
76 83
76 85
77 77
77 78
77 79
77 80
77 81
77 83
77 85
77 109
78 78
78 79
78 80
78 81
78 83
78 85
79 79
79 80
79 81
79 83
79 85
80 80
80 81
81 81
81 83
81 85
82 82
82 83
82 86
82 87
82 88
83 83
83 87
84 84
84 85
84 86
84 88
84 89
84 93
84 96
85 85
85 89
86 86
86 88
87 87
87 88
88 88
88 89
88 90
88 91
88 92
88 93
88 94
88 96
88 101
88 105
88 106
88 110
89 89
89 90
89 91
89 92
89 93
89 94
89 96
89 98
89 99
89 101
89 110
90 90
90 91
90 92
90 93
90 94
90 95
90 97
90 98
90 99
90 100
90 101
90 102
90 103
90 104
90 106
90 107
90 109
90 110
90 112
90 114
91 91
91 92
91 93
91 94
91 95
91 97
91 98
91 99
91 100
91 101
91 102
91 103
91 104
91 105
91 106
91 107
91 109
91 110
91 111
91 112
91 113
91 115
92 92
92 93
92 98
92 100
92 101
92 102
92 103
92 104
92 106
92 107
92 110
93 93
93 95
93 96
93 97
93 98
93 99
93 101
93 102
93 103
93 104
93 105
93 106
93 109
93 110
93 111
93 112
93 113
94 94
94 96
94 97
94 105
94 107
94 110
95 95
95 96
95 97
95 98
95 99
95 101
95 102
95 103
95 104
95 105
95 108
95 109
95 110
95 111
95 112
95 113
95 115
96 96
96 97
96 98
96 99
96 101
96 102
96 104
96 105
96 106
96 108
96 109
96 110
96 111
96 112
96 113
97 97
97 98
97 99
97 101
97 102
97 103
97 104
97 105
97 106
97 108
97 109
97 110
97 111
97 112
97 113
97 115
98 98
98 99
98 101
98 102
98 103
98 104
98 106
98 108
98 109
98 110
98 111
98 112
98 113
98 115
99 99
99 101
99 102
99 103
99 105
99 106
99 108
99 109
99 110
99 111
99 112
99 113
99 115
100 100
100 104
100 107
101 101
101 102
101 103
101 105
101 106
101 111
101 112
101 113
101 115
102 102
102 103
102 104
102 105
102 106
102 109
102 111
102 112
102 113
102 115
103 103
103 104
103 105
103 106
103 110
103 111
103 112
103 113
103 115
104 104
104 105
104 106
104 107
104 110
104 112
105 105
105 106
105 107
105 111
105 112
105 113
105 114
106 106
106 112
106 113
106 114
106 115
107 107
107 110
108 108
108 109
108 111
108 112
108 113
108 115
109 109
109 110
109 111
109 112
109 113
109 115
110 110
110 111
110 112
111 111
111 112
111 113
111 115
112 112
112 113
112 114
112 115
113 113
113 114
113 115
114 114
115 115
