0 0
0 1
0 10
0 16
0 18
0 19
0 28
0 36
0 44
0 48
0 49
0 50
0 54
0 56
0 57
0 62
0 68
0 73
0 76
0 80
0 83
0 84
0 85
0 98
0 99
0 103
0 111
1 1
1 17
1 18
1 19
1 36
1 37
1 40
1 54
1 56
1 57
1 59
1 62
1 63
1 68
1 69
1 70
1 77
1 81
1 82
1 83
1 84
1 85
1 86
1 87
1 89
1 98
1 102
1 103
1 111
1 112
2 2
2 4
2 6
2 7
2 8
2 9
2 12
2 34
2 58
2 60
2 61
2 64
2 65
2 66
2 67
2 91
2 93
2 95
2 105
3 3
3 5
3 15
3 22
3 23
3 24
3 25
3 27
3 42
3 43
3 46
3 47
3 49
3 51
3 53
3 75
3 83
3 85
3 87
3 90
3 92
3 98
3 102
4 4
4 6
4 7
4 8
4 9
4 12
4 14
4 30
4 31
4 58
4 60
4 61
4 72
5 5
5 9
5 27
5 34
5 35
5 48
5 49
5 51
5 65
5 85
5 90
5 103
5 104
5 105
6 6
6 7
6 8
6 9
6 12
6 13
6 58
6 60
6 61
6 64
6 67
6 72
6 93
6 95
6 101
7 7
7 8
7 9
7 11
7 12
7 13
7 35
7 58
7 60
7 61
7 63
7 64
7 65
7 66
7 67
7 90
7 92
8 8
8 9
8 12
8 14
8 30
8 58
8 60
8 61
8 65
8 91
8 93
9 9
9 11
9 12
9 14
9 48
9 51
9 58
9 60
9 61
9 65
9 92
10 10
10 11
10 12
10 13
10 14
10 15
10 16
10 17
10 19
10 28
10 29
10 31
10 33
10 40
10 41
10 60
10 61
10 62
10 63
10 64
10 72
10 73
10 74
10 75
10 76
10 84
11 11
11 12
11 13
11 15
11 29
11 45
11 60
11 61
11 62
11 63
11 64
11 65
11 74
11 83
12 12
12 13
12 14
12 29
12 58
12 60
12 61
12 63
12 65
12 95
13 13
13 15
13 29
13 60
13 61
13 63
13 65
14 14
14 15
14 19
14 22
14 26
14 50
14 52
14 58
14 82
14 91
14 99
14 112
15 15
15 16
15 17
15 21
15 23
15 29
15 41
15 51
15 56
15 62
15 63
15 74
15 75
15 82
15 83
15 85
16 16
16 17
16 19
16 21
16 23
16 24
16 28
16 29
16 31
16 37
16 40
16 41
16 56
16 57
16 62
16 63
16 70
16 72
16 73
16 74
16 76
16 78
16 79
16 80
16 81
16 84
16 97
16 106
16 111
17 17
17 21
17 28
17 29
17 30
17 31
17 36
17 37
17 40
17 41
17 55
17 57
17 62
17 63
17 70
17 72
17 74
17 78
17 79
17 80
17 81
17 82
17 83
17 85
17 94
17 96
17 97
17 112
18 18
18 19
18 28
18 33
18 36
18 38
18 68
18 70
18 72
18 73
18 75
18 76
18 77
18 82
18 83
18 98
18 102
18 111
18 113
18 114
19 19
19 28
19 36
19 40
19 46
19 49
19 52
19 53
19 54
19 56
19 57
19 62
19 72
19 73
19 74
19 76
19 82
19 83
19 84
19 85
19 96
19 98
19 99
19 111
19 112
19 113
20 20
20 21
20 22
20 23
20 24
20 25
20 26
20 30
20 31
20 33
20 40
20 41
20 46
20 70
20 73
20 75
20 78
20 79
20 82
20 94
20 97
21 21
21 22
21 23
21 24
21 28
21 29
21 31
21 36
21 37
21 38
21 39
21 40
21 41
21 42
21 46
21 54
21 55
21 73
21 74
21 78
21 79
21 81
21 82
21 83
21 84
21 85
21 86
21 87
21 89
21 94
21 96
21 97
21 114
21 115
22 22
22 23
22 24
22 25
22 26
22 27
22 31
22 42
22 43
22 46
22 47
22 50
22 51
22 53
22 55
22 57
22 78
22 86
22 88
22 89
22 91
22 93
22 94
22 97
22 99
22 115
23 23
23 24
23 25
23 27
23 31
23 41
23 42
23 43
23 46
23 47
23 50
23 51
23 52
23 53
23 55
23 71
23 75
23 78
23 79
23 82
23 83
23 85
23 87
23 90
23 91
23 114
24 24
24 25
24 26
24 27
24 31
24 41
24 42
24 43
24 46
24 47
24 53
24 57
24 70
24 78
24 79
24 81
24 82
24 84
24 97
24 114
24 115
25 25
25 26
25 27
25 30
25 31
25 39
25 41
25 42
25 43
25 46
25 47
25 53
25 55
25 71
25 75
25 82
25 86
25 87
25 102
25 111
25 114
26 26
26 27
26 34
26 35
26 82
26 84
26 89
27 27
27 35
27 43
27 48
27 50
27 64
27 65
27 66
27 67
27 84
27 85
27 87
27 88
27 89
27 107
28 28
28 29
28 30
28 31
28 33
28 36
28 37
28 39
28 40
28 41
28 63
28 70
28 72
28 73
28 74
28 75
28 76
28 77
28 78
28 79
28 80
28 81
28 82
28 83
28 94
28 96
28 106
28 111
28 112
29 29
29 30
29 31
29 32
29 33
29 36
29 37
29 40
29 41
29 44
29 62
29 63
29 70
29 72
29 73
29 74
29 75
29 76
29 78
29 80
29 81
29 82
29 83
30 30
30 31
30 32
30 33
30 35
30 40
30 47
30 70
30 72
30 75
30 77
30 78
31 31
31 33
31 40
31 41
31 42
31 43
31 46
31 47
31 70
31 72
31 73
31 74
31 75
31 78
31 82
31 83
32 32
32 33
32 35
32 60
32 61
32 63
32 66
32 67
32 72
32 76
32 77
32 109
32 110
33 33
33 35
33 60
33 64
33 67
33 72
33 73
33 75
33 76
33 77
33 110
34 34
34 35
34 45
34 64
34 65
34 66
34 67
34 110
35 35
35 45
35 64
35 65
35 66
35 67
35 77
35 110
36 36
36 37
36 38
36 39
36 40
36 41
36 46
36 52
36 54
36 55
36 57
36 70
36 73
36 74
36 75
36 78
36 81
36 82
36 83
36 84
36 85
36 86
36 87
36 91
36 94
36 96
36 97
36 98
36 102
36 108
36 111
36 113
36 114
36 115
37 37
37 38
37 39
37 40
37 41
37 46
37 55
37 57
37 70
37 72
37 73
37 74
37 75
37 76
37 77
37 78
37 79
37 80
37 81
37 82
37 83
37 84
37 85
37 87
37 89
37 94
37 96
37 97
37 98
37 111
37 113
37 115
38 38
38 39
38 40
38 46
38 54
38 55
38 57
38 68
38 81
38 82
38 83
38 84
38 85
38 86
38 87
38 88
38 89
38 91
38 94
38 96
38 97
38 98
38 102
38 105
38 108
38 114
38 115
39 39
39 40
39 41
39 46
39 47
39 52
39 55
39 82
39 83
39 87
39 94
39 96
39 97
39 98
39 106
39 108
39 113
39 114
39 115
40 40
40 41
40 69
40 70
40 72
40 73
40 74
40 75
40 78
40 79
40 81
40 82
40 83
40 94
40 96
40 109
40 112
40 113
41 41
41 46
41 70
41 71
41 72
41 73
41 74
41 75
41 78
41 79
41 81
41 82
41 83
41 84
41 94
41 97
41 111
42 42
42 43
42 46
42 47
42 51
42 53
42 55
42 71
42 78
42 86
42 90
42 91
42 98
43 43
43 46
43 47
43 53
43 55
43 71
43 91
43 110
44 44
44 45
44 48
44 49
44 50
44 62
44 64
45 45
45 48
45 49
45 61
45 64
45 65
46 46
46 47
46 49
46 50
46 51
46 52
46 53
46 55
46 56
46 57
46 78
46 82
46 83
46 86
46 90
46 91
46 94
46 96
46 97
46 98
46 99
46 108
46 111
46 114
46 115
47 47
47 51
47 52
47 53
47 55
47 71
47 90
47 91
47 96
47 98
47 99
47 108
47 111
47 115
48 48
48 49
48 50
48 51
48 58
48 86
48 88
48 93
48 101
48 103
48 104
48 105
49 49
49 50
49 51
49 53
49 56
49 62
49 111
50 50
50 51
50 52
50 54
50 58
50 86
50 88
50 89
50 91
50 93
50 99
51 51
51 52
51 53
51 56
51 85
51 89
51 90
51 91
51 92
51 99
52 52
52 53
52 54
52 55
52 68
52 89
52 90
52 91
52 92
52 94
52 96
52 98
52 99
52 100
52 105
52 111
52 112
52 113
53 53
53 55
53 56
53 71
53 90
53 91
53 92
53 93
53 98
53 99
53 100
53 111
53 112
53 113
54 54
54 55
54 56
54 57
54 68
54 81
54 84
54 85
54 87
54 88
54 89
54 91
54 94
54 96
54 97
54 98
54 99
54 100
54 101
54 102
54 103
54 105
54 107
54 109
55 55
55 57
55 70
55 79
55 81
55 82
55 83
55 86
55 87
55 89
55 91
55 94
55 96
55 97
55 98
55 99
55 100
55 102
55 106
55 111
55 112
55 113
55 115
56 56
56 57
56 62
56 68
56 69
56 70
56 73
56 74
56 76
56 79
56 85
56 98
56 99
56 111
56 112
57 57
57 68
57 69
57 70
57 76
57 77
57 78
57 79
57 80
57 81
57 84
57 86
57 87
57 88
57 89
57 94
57 96
57 97
57 98
57 99
57 100
57 102
57 103
57 107
57 108
57 109
57 110
57 111
57 114
57 115
58 58
58 59
58 60
58 61
58 65
58 66
58 67
58 88
58 95
58 101
58 103
58 104
58 105
58 107
58 110
59 59
59 61
59 62
59 63
59 66
59 67
59 69
59 84
59 85
59 89
59 97
59 101
59 104
59 107
60 60
60 61
60 64
60 65
60 72
60 95
61 61
61 63
61 65
61 67
61 95
62 62
62 63
62 72
62 76
62 80
62 81
62 84
62 85
63 63
63 66
63 79
63 80
64 64
64 65
64 67
64 71
65 65
65 67
65 92
66 66
66 67
66 69
66 101
66 104
66 105
66 110
67 67
67 101
67 104
67 110
68 68
68 69
68 77
68 87
68 96
68 98
68 100
68 101
68 102
68 103
68 104
68 105
68 108
68 110
68 111
68 115
69 69
69 94
69 97
69 101
69 103
69 104
69 105
69 109
69 110
69 115
70 70
70 71
70 72
70 73
70 74
70 75
70 76
70 77
70 78
70 79
70 81
70 82
70 83
70 97
70 98
70 99
70 111
70 112
70 113
70 115
71 71
71 73
71 74
71 75
71 76
71 77
71 91
71 106
71 109
71 113
72 72
72 73
72 74
72 75
72 76
72 77
72 78
72 79
72 80
72 81
73 73
73 74
73 75
73 76
73 77
73 78
73 82
73 83
73 94
73 109
73 111
73 113
73 114
74 74
74 75
74 76
74 77
74 78
74 79
74 82
74 83
74 111
74 112
74 113
74 114
75 75
75 76
75 77
75 82
75 83
75 90
75 106
75 111
75 113
76 76
76 77
76 80
76 106
76 109
76 111
77 77
77 82
77 106
77 109
77 110
77 111
77 113
78 78
78 79
78 80
78 81
78 84
78 94
78 96
78 97
78 115
79 79
79 80
79 81
79 89
79 96
79 97
80 80
80 81
80 84
81 81
81 82
81 83
81 84
81 87
81 94
81 96
81 97
81 108
82 82
82 83
82 84
82 85
82 86
82 87
82 94
82 106
82 111
83 83
83 85
83 87
83 94
83 96
83 112
83 114
84 84
84 85
84 87
84 89
84 94
84 109
85 85
85 87
85 89
85 102
85 114
86 86
86 87
86 88
86 89
86 94
86 96
86 108
86 111
86 114
86 115
87 87
87 89
87 94
87 96
87 98
87 100
87 102
87 107
88 88
88 89
88 91
88 92
88 93
88 100
88 101
88 102
88 103
88 104
88 105
88 107
88 115
89 89
89 92
89 94
89 96
89 97
89 102
89 107
90 90
90 91
90 92
90 93
90 98
90 99
90 102
90 103
90 113
91 91
91 92
91 93
91 98
91 99
91 100
91 102
91 103
91 108
91 111
91 113
92 92
92 99
92 100
92 102
92 104
92 105
92 112
92 113
93 93
93 98
93 99
93 100
93 101
93 103
93 104
93 105
94 94
94 96
94 97
94 98
94 99
94 109
94 112
94 114
94 115
95 95
95 109
96 96
96 97
96 98
96 108
96 110
96 114
96 115
97 97
97 99
97 108
97 114
97 115
98 98
98 99
98 100
98 102
98 103
98 104
98 111
98 112
98 113
98 115
99 99
99 100
99 103
99 111
99 112
99 113
100 100
100 102
100 103
100 104
100 105
100 107
100 111
101 101
101 103
101 104
101 105
101 107
101 110
102 102
102 103
102 104
102 108
102 113
103 103
103 104
103 105
103 107
103 109
103 110
103 111
103 113
104 104
104 105
104 110
105 105
105 107
105 108
105 110
105 115
106 106
106 108
106 113
107 107
107 108
107 110
108 108
108 114
108 115
109 109
109 110
109 111
109 113
109 115
110 110
110 115
111 111
111 112
111 113
111 115
112 112
112 113
113 113
113 115
114 114
114 115
115 115
