0 0
0 1
0 2
0 4
0 6
0 8
0 48
0 56
0 57
0 58
0 59
0 60
0 61
0 69
0 76
0 91
0 99
0 101
0 103
1 1
1 19
1 41
1 52
1 56
1 57
1 58
1 59
1 61
1 62
1 63
1 66
1 68
1 69
1 80
1 89
1 90
1 91
1 98
1 101
1 102
1 103
2 2
2 3
2 4
2 6
2 8
2 14
2 18
2 19
2 20
2 22
2 23
2 24
2 26
2 27
2 30
2 31
2 33
2 64
2 75
2 76
2 82
2 84
2 86
2 88
2 91
2 93
2 101
2 103
2 106
3 3
3 6
3 7
3 14
3 15
3 18
3 19
3 20
3 22
3 23
3 27
3 30
3 31
3 33
3 62
3 64
3 65
3 70
3 82
3 84
3 85
3 86
3 87
3 88
3 92
3 108
4 4
4 5
4 6
4 8
4 9
4 10
4 12
4 14
4 24
4 26
4 52
4 58
4 60
4 61
4 64
4 88
4 90
4 91
4 93
4 101
5 5
5 9
5 10
5 16
5 24
5 25
5 26
5 27
5 38
5 39
5 50
5 52
5 54
5 89
6 6
6 7
6 8
6 10
6 12
6 14
6 18
6 30
6 33
6 60
6 64
6 70
6 72
6 75
6 88
6 91
6 93
6 94
6 101
6 102
6 103
6 106
7 7
7 8
7 9
7 11
7 13
7 15
7 29
7 31
7 33
7 35
7 44
7 60
7 61
7 65
7 70
7 71
7 77
7 90
7 92
7 100
7 102
7 113
8 8
8 9
8 10
8 11
8 12
8 14
8 26
8 48
8 52
8 58
8 60
8 61
8 64
8 65
8 88
8 90
8 91
8 93
8 94
8 101
9 9
9 11
9 35
9 52
9 58
9 60
9 61
9 65
9 90
9 91
9 92
9 95
9 100
10 10
10 12
10 14
10 16
10 18
10 22
10 26
10 50
10 52
10 60
10 61
10 64
10 81
10 84
10 88
10 91
10 93
11 11
11 12
11 13
11 14
11 15
11 29
11 60
11 61
11 63
11 65
11 70
11 71
11 83
11 87
11 92
11 100
11 102
12 12
12 13
12 14
12 15
12 16
12 17
12 26
12 28
12 61
12 84
12 88
12 94
13 13
13 14
13 15
13 28
13 29
13 41
13 71
13 72
13 74
13 81
13 83
13 85
13 86
13 87
13 89
13 113
14 14
14 15
14 18
14 20
14 22
14 23
14 26
14 27
14 28
14 30
14 33
14 41
14 64
14 70
14 71
14 72
14 73
14 74
14 75
14 76
14 82
14 83
14 84
14 85
14 86
14 87
14 88
14 89
14 93
14 106
15 15
15 20
15 21
15 28
15 29
15 33
15 41
15 62
15 65
15 70
15 71
15 73
15 74
15 83
15 87
15 102
15 104
16 16
16 17
16 19
16 28
16 32
16 36
16 40
16 42
16 43
16 45
16 56
16 57
16 62
16 63
16 68
16 72
16 78
16 79
16 80
16 81
16 98
16 99
16 109
16 111
16 114
17 17
17 28
17 29
17 36
17 42
17 44
17 46
17 49
17 54
17 55
17 57
17 63
17 72
17 78
17 79
17 80
17 81
17 98
17 102
17 111
17 112
18 18
18 19
18 22
18 23
18 26
18 27
18 30
18 32
18 62
18 64
18 73
18 74
18 75
18 76
18 82
18 84
18 85
18 86
18 88
18 91
18 93
18 103
18 106
19 19
19 28
19 32
19 57
19 63
19 68
19 69
19 72
19 73
19 75
19 76
19 80
19 81
19 82
19 83
19 98
19 101
19 102
19 103
19 108
20 20
20 21
20 22
20 23
20 25
20 27
20 30
20 31
20 33
20 40
20 41
20 70
20 71
20 73
20 74
20 75
20 76
20 77
20 86
20 87
20 103
20 106
20 113
21 21
21 22
21 23
21 25
21 27
21 30
21 31
21 36
21 38
21 40
21 41
21 71
21 74
21 78
21 79
21 81
21 86
21 87
21 94
21 104
22 22
22 23
22 24
22 25
22 26
22 27
22 30
22 31
22 38
22 40
22 41
22 64
22 74
22 76
22 82
22 84
22 85
22 86
22 87
22 88
22 89
23 23
23 24
23 25
23 27
23 30
23 31
23 33
23 34
23 38
23 64
23 67
23 70
23 71
23 74
23 76
23 82
23 84
23 85
23 86
23 87
24 24
24 25
24 26
24 27
24 30
24 36
24 38
24 50
24 55
24 67
24 79
24 82
24 84
24 86
24 97
24 110
24 111
25 25
25 26
25 27
25 30
25 31
25 34
25 35
25 36
25 38
25 39
25 40
25 41
25 42
25 43
25 54
25 55
25 71
25 78
25 79
25 80
25 86
25 94
25 96
25 97
25 110
26 26
26 27
26 30
26 38
26 41
26 64
26 75
26 76
26 82
26 84
26 86
26 88
27 27
27 30
27 38
27 40
27 41
27 50
27 64
27 68
27 71
27 74
27 76
27 82
27 84
27 85
27 86
27 87
27 88
27 89
28 28
28 29
28 32
28 36
28 40
28 54
28 72
28 73
28 74
28 76
28 78
28 79
28 80
28 81
29 29
29 31
29 33
29 35
29 36
29 37
29 42
29 44
29 46
29 49
29 63
29 71
29 72
29 73
29 75
29 77
29 81
29 83
29 95
29 100
29 102
29 104
29 109
29 112
29 113
30 30
30 31
30 32
30 33
30 34
30 38
30 40
30 41
30 64
30 70
30 71
30 73
30 74
30 75
30 76
30 82
30 84
30 86
30 87
31 31
31 32
31 33
31 34
31 35
31 38
31 40
31 43
31 45
31 67
31 70
31 71
31 73
31 77
31 82
31 83
31 84
31 86
31 87
32 32
32 33
32 54
32 56
32 62
32 63
32 68
32 72
32 73
32 80
32 106
33 33
33 34
33 35
33 45
33 62
33 64
33 65
33 70
33 71
33 73
33 75
33 77
33 92
33 96
34 34
34 35
34 36
34 37
34 38
34 42
34 43
34 45
34 46
34 47
34 55
34 65
34 67
34 78
34 81
34 96
34 105
34 110
34 111
34 114
35 35
35 37
35 42
35 43
35 44
35 45
35 46
35 47
35 55
35 65
35 67
35 77
35 95
35 96
35 97
35 110
35 111
36 36
36 37
36 38
36 39
36 40
36 41
36 53
36 54
36 55
36 72
36 73
36 74
36 75
36 76
36 78
36 79
36 80
36 81
36 104
36 105
36 110
36 111
36 113
36 114
37 37
37 38
37 39
37 41
37 46
37 47
37 54
37 55
37 83
37 87
37 95
37 96
37 104
37 106
37 108
37 110
38 38
38 39
38 40
38 41
38 54
38 55
38 78
38 81
38 82
38 83
38 85
38 86
38 87
39 39
39 46
39 47
39 54
39 55
39 57
39 82
39 83
39 96
39 105
39 108
39 110
39 114
40 40
40 41
40 71
40 72
40 73
40 74
40 78
40 79
40 80
40 81
40 83
40 94
40 104
40 113
41 41
41 70
41 72
41 73
41 74
41 75
41 76
41 81
41 82
41 83
41 86
41 87
42 42
42 43
42 44
42 45
42 46
42 47
42 48
42 49
42 51
42 71
42 77
42 78
42 79
42 94
42 96
42 97
42 98
42 99
42 105
42 109
42 110
42 111
42 112
42 113
42 114
43 43
43 44
43 45
43 46
43 47
43 49
43 55
43 71
43 77
43 78
43 79
43 94
43 96
43 97
43 99
43 109
43 110
43 111
43 112
43 113
44 44
44 45
44 46
44 47
44 48
44 49
44 51
44 94
44 95
44 96
44 97
44 98
44 99
44 105
44 109
44 110
44 111
44 112
44 113
45 45
45 46
45 47
45 49
45 55
45 67
45 78
45 94
45 95
45 96
45 97
45 98
45 109
45 110
45 111
45 112
46 46
46 47
46 48
46 49
46 51
46 55
46 71
46 77
46 78
46 79
46 94
46 95
46 96
46 97
46 98
46 99
46 105
46 109
46 110
46 111
46 112
46 113
46 114
47 47
47 48
47 49
47 55
47 77
47 90
47 95
47 96
47 97
47 98
47 99
47 105
47 109
47 110
47 111
47 112
47 113
47 114
48 48
48 49
48 50
48 51
48 52
48 53
48 55
48 58
48 59
48 61
48 66
48 90
48 94
48 96
48 97
48 98
48 100
48 101
48 103
48 104
48 112
49 49
49 51
49 55
49 59
49 61
49 90
49 94
49 95
49 96
49 97
49 98
49 105
49 109
49 110
49 111
49 112
49 113
50 50
50 51
50 52
50 53
50 54
50 55
50 66
50 89
51 51
51 52
51 53
51 54
51 55
51 58
51 59
51 61
51 66
51 90
51 94
51 97
51 98
51 100
51 103
51 104
51 112
51 115
52 52
52 53
52 54
52 58
52 59
52 60
52 61
52 66
52 69
52 89
52 90
52 91
52 98
52 100
52 101
52 107
53 53
53 54
53 55
53 58
53 59
53 61
53 66
53 90
53 97
53 98
54 54
54 55
54 62
54 63
54 80
54 81
54 89
54 96
55 55
55 63
55 66
55 67
55 81
55 95
55 96
55 97
55 98
55 105
55 110
55 111
55 114
56 56
56 57
56 58
56 60
56 62
56 78
56 98
56 99
56 111
56 115
57 57
57 59
57 66
57 68
57 69
57 78
57 80
57 81
57 91
57 98
57 99
57 101
57 111
58 58
58 59
58 60
58 61
58 66
58 69
58 89
58 90
58 91
58 100
58 101
58 103
58 104
59 59
59 60
59 61
59 66
59 69
59 89
59 90
59 98
59 101
59 102
59 103
59 104
59 112
60 60
60 61
60 64
60 65
60 88
60 89
60 90
60 91
60 92
60 93
60 100
60 101
61 61
61 63
61 90
61 91
61 92
61 95
61 98
61 100
61 101
61 102
61 112
62 62
62 63
62 73
62 80
63 63
63 72
63 80
63 81
63 90
63 95
63 98
63 102
64 64
64 65
64 75
64 76
64 82
64 84
64 85
64 88
64 92
64 93
64 106
64 108
65 65
65 67
65 84
65 85
65 88
65 89
65 92
65 108
66 66
66 67
66 68
66 69
66 89
66 96
66 103
66 104
67 67
67 69
67 85
67 96
67 110
68 68
68 69
68 73
68 78
68 79
68 80
68 81
68 99
69 69
69 80
69 91
69 93
69 97
69 98
69 101
69 102
69 103
69 114
69 115
70 70
70 71
70 73
70 74
70 75
70 77
70 87
70 102
70 103
71 71
71 73
71 74
71 75
71 76
71 77
71 78
71 79
71 86
71 87
71 109
71 112
72 72
72 73
72 74
72 75
72 76
72 80
72 81
72 82
72 102
72 106
73 73
73 74
73 75
73 76
73 77
73 80
73 81
73 84
74 74
74 75
74 76
74 80
74 81
74 82
74 84
74 86
74 87
74 88
74 89
75 75
75 76
75 77
75 84
75 86
75 87
75 88
75 93
76 76
76 77
76 82
76 84
76 86
76 87
76 88
76 93
76 103
77 77
77 78
77 79
77 94
77 95
77 96
77 97
77 109
77 110
77 111
77 113
78 78
78 79
78 80
78 81
78 94
78 96
78 97
78 99
78 109
78 110
78 111
78 112
78 113
78 114
78 115
79 79
79 80
79 81
79 94
79 97
79 99
79 109
79 110
79 111
80 80
80 81
80 99
80 109
80 111
80 113
80 114
81 81
81 83
81 84
81 85
81 105
81 111
81 114
82 82
82 83
82 84
82 85
82 86
82 88
82 108
83 83
83 84
83 85
83 87
83 108
84 84
84 85
84 86
84 87
84 88
84 89
85 85
85 86
85 87
85 88
85 89
85 108
86 86
86 87
86 89
86 93
86 103
87 87
87 89
87 103
87 106
88 88
88 89
88 93
89 89
89 100
90 90
90 91
90 92
90 93
90 95
90 98
90 99
90 101
90 109
90 111
91 91
91 92
91 93
91 98
91 100
91 101
91 103
92 92
92 93
92 100
92 108
93 93
93 101
93 103
94 94
94 96
94 97
94 104
94 109
94 111
94 112
94 113
94 114
94 115
95 95
95 96
95 97
95 99
95 105
95 108
95 109
95 110
95 111
95 112
96 96
96 97
96 98
96 99
96 105
96 110
96 111
96 112
96 114
97 97
97 98
97 99
97 109
97 110
97 111
97 112
97 113
97 114
97 115
98 98
98 99
98 101
98 102
98 105
98 107
98 111
98 112
98 114
98 115
99 99
99 105
99 109
99 110
99 111
99 112
99 113
99 114
99 115
100 100
100 102
100 103
100 104
100 106
100 115
101 101
101 102
101 103
102 102
102 103
102 104
102 106
102 112
103 103
103 104
103 106
103 107
104 104
104 105
104 106
104 107
104 112
104 113
104 114
104 115
105 105
105 107
105 110
105 111
105 113
105 114
105 115
106 106
106 107
107 107
107 114
108 108
109 109
109 110
109 111
109 112
109 113
109 115
110 110
110 111
110 113
110 114
111 111
111 112
111 113
111 114
112 112
112 113
112 115
113 113
113 114
114 114
114 115
115 115
