0 0
0 2
0 4
0 8
0 10
0 14
0 19
0 22
0 26
0 27
0 50
0 60
0 64
0 86
0 88
0 101
1 1
1 11
1 13
1 17
1 56
1 57
1 59
1 60
1 61
1 63
1 65
1 68
1 69
1 80
1 83
1 89
1 92
1 95
1 100
2 2
2 3
2 4
2 6
2 7
2 8
2 10
2 11
2 12
2 14
2 18
2 22
2 23
2 24
2 25
2 27
2 30
2 34
2 43
2 50
2 64
2 86
2 88
2 93
2 96
2 101
2 110
3 3
3 4
3 5
3 7
3 8
3 9
3 11
3 22
3 23
3 25
3 35
3 43
3 50
3 51
3 64
3 65
3 67
3 86
3 88
3 89
3 92
3 96
3 97
3 110
3 115
4 4
4 5
4 8
4 10
4 11
4 14
4 20
4 21
4 22
4 23
4 24
4 25
4 26
4 27
4 30
4 38
4 39
4 44
4 45
4 50
4 64
4 67
4 82
4 86
4 87
4 88
4 110
5 5
5 8
5 11
5 20
5 21
5 22
5 24
5 25
5 26
5 27
5 30
5 34
5 35
5 38
5 39
5 43
5 44
5 45
5 50
5 51
5 65
5 67
5 86
5 87
5 88
5 89
5 110
6 6
6 7
6 10
6 12
6 14
6 18
6 22
6 23
6 28
6 30
6 31
6 64
6 82
6 88
6 93
6 101
7 7
7 9
7 11
7 12
7 13
7 15
7 64
7 65
7 92
7 94
7 95
7 100
7 102
7 107
8 8
8 9
8 10
8 11
8 12
8 14
8 22
8 23
8 24
8 25
8 26
8 27
8 34
8 35
8 43
8 50
8 51
8 64
8 65
8 67
8 86
8 88
8 93
8 110
8 114
9 9
9 11
9 13
9 15
9 64
9 65
9 88
9 89
9 92
9 94
9 100
9 114
9 115
10 10
10 11
10 12
10 14
10 22
10 23
10 24
10 27
10 28
10 30
10 41
10 50
10 64
10 75
10 82
10 84
10 86
10 88
10 93
10 109
10 110
11 11
11 12
11 13
11 15
11 23
11 50
11 51
11 64
11 65
11 75
11 84
11 86
11 88
11 89
11 100
11 114
12 12
12 13
12 14
12 15
12 17
12 28
12 40
12 41
12 60
12 62
12 64
12 75
12 94
12 101
12 114
13 13
13 15
13 17
13 36
13 60
13 61
13 62
13 63
13 64
13 65
13 75
13 78
13 92
13 94
13 100
13 114
14 14
14 18
14 19
14 22
14 23
14 24
14 25
14 26
14 27
14 28
14 30
14 38
14 50
14 64
14 75
14 82
14 84
14 86
14 88
14 93
14 101
14 110
15 15
15 17
15 20
15 21
15 28
15 29
15 36
15 37
15 38
15 40
15 41
15 60
15 62
15 63
15 65
15 75
15 76
15 77
15 80
15 83
15 94
15 100
15 115
16 16
16 17
16 28
16 29
16 36
16 52
16 55
16 56
16 57
16 60
16 62
16 63
16 70
16 72
16 73
16 76
16 77
16 78
16 79
16 80
16 81
16 83
16 85
16 90
16 98
16 108
16 109
17 17
17 28
17 29
17 33
17 36
17 40
17 58
17 59
17 60
17 61
17 62
17 63
17 70
17 71
17 72
17 73
17 75
17 77
17 78
17 80
17 81
17 83
17 85
17 90
17 95
17 108
17 109
18 18
18 19
18 22
18 23
18 24
18 25
18 28
18 30
18 31
18 42
18 52
18 53
18 71
18 76
18 82
18 88
18 91
18 93
18 109
18 112
19 19
19 22
19 23
19 28
19 30
19 31
19 53
19 75
19 82
19 83
19 87
19 88
19 91
19 93
19 112
20 20
20 21
20 24
20 25
20 26
20 27
20 30
20 31
20 35
20 38
20 39
20 41
20 44
20 45
20 54
20 75
20 76
20 86
20 87
21 21
21 24
21 26
21 27
21 30
21 38
21 39
21 41
21 54
21 58
21 74
21 75
21 76
21 77
21 86
21 87
22 22
22 23
22 24
22 25
22 26
22 27
22 30
22 31
22 34
22 42
22 43
22 50
22 64
22 82
22 84
22 86
22 88
22 93
22 96
22 101
22 110
22 111
23 23
23 24
23 25
23 27
23 30
23 31
23 42
23 43
23 50
23 64
23 67
23 82
23 84
23 86
23 88
23 93
23 110
24 24
24 25
24 26
24 27
24 30
24 31
24 34
24 38
24 39
24 42
24 43
24 44
24 45
24 47
24 50
24 82
24 84
24 86
24 88
24 96
24 110
24 111
25 25
25 26
25 27
25 30
25 31
25 34
25 35
25 38
25 39
25 42
25 43
25 44
25 45
25 47
25 50
25 51
25 67
25 82
25 84
25 86
25 87
25 88
25 96
25 97
25 110
25 111
26 26
26 27
26 30
26 34
26 35
26 38
26 39
26 43
26 44
26 45
26 50
26 86
26 87
26 88
26 96
26 110
27 27
27 30
27 34
27 35
27 38
27 39
27 42
27 43
27 44
27 45
27 50
27 86
27 87
27 88
27 96
27 110
28 28
28 29
28 30
28 31
28 36
28 41
28 52
28 55
28 62
28 70
28 71
28 72
28 73
28 74
28 75
28 76
28 77
28 79
28 80
28 81
28 82
28 83
28 109
29 29
29 33
29 36
29 37
29 40
29 41
29 46
29 49
29 52
29 53
29 54
29 55
29 58
29 59
29 60
29 61
29 62
29 63
29 70
29 71
29 72
29 73
29 74
29 75
29 76
29 77
29 78
29 79
29 80
29 81
29 83
29 90
29 95
29 98
29 108
29 109
30 30
30 31
30 38
30 41
30 42
30 44
30 82
30 86
30 88
30 96
30 110
31 31
31 71
31 79
31 82
31 83
31 94
31 109
32 32
32 33
32 34
32 37
32 40
32 49
32 56
32 57
32 58
32 61
32 66
32 68
32 69
32 72
32 80
32 106
33 33
33 36
33 40
33 56
33 57
33 58
33 59
33 60
33 61
33 62
33 63
33 72
33 77
33 80
33 81
33 83
33 94
34 34
34 35
34 42
34 43
34 44
34 45
34 47
34 50
34 51
34 64
34 65
34 66
34 67
34 84
34 85
34 86
34 88
34 96
34 97
34 110
35 35
35 43
35 44
35 45
35 47
35 50
35 51
35 65
35 67
35 86
35 87
35 89
35 96
35 97
35 110
36 36
36 37
36 38
36 40
36 41
36 52
36 54
36 55
36 58
36 59
36 60
36 61
36 62
36 63
36 70
36 71
36 72
36 73
36 74
36 75
36 76
36 77
36 78
36 80
36 81
36 83
36 85
36 90
36 108
37 37
37 38
37 39
37 40
37 41
37 46
37 54
37 55
37 70
37 72
37 73
37 74
37 75
37 76
37 77
37 80
37 81
37 98
38 38
38 39
38 40
38 41
38 75
38 76
38 86
38 87
38 101
38 114
39 39
39 40
39 41
39 47
39 68
39 86
39 87
39 96
40 40
40 41
40 58
40 59
40 60
40 61
40 62
40 63
40 72
40 74
40 75
40 76
40 77
40 78
40 80
40 81
40 83
40 114
41 41
41 72
41 73
41 74
41 75
41 76
41 86
42 42
42 43
42 44
42 45
42 46
42 47
42 55
42 84
42 96
42 98
42 99
42 110
42 111
43 43
43 44
43 45
43 47
43 50
43 51
43 67
43 84
43 85
43 86
43 88
43 89
43 96
43 97
43 110
44 44
44 45
44 46
44 48
44 49
44 51
44 66
44 67
44 82
44 88
44 89
45 45
45 47
45 48
45 49
45 50
45 51
45 66
45 67
45 88
45 89
45 96
45 110
46 46
46 47
46 53
46 55
46 57
46 72
46 81
46 95
46 96
46 97
46 98
46 108
46 109
46 111
47 47
47 50
47 51
47 55
47 96
47 97
47 98
47 110
47 111
47 113
48 48
48 49
48 51
48 52
48 57
48 58
48 59
48 60
48 66
48 90
48 103
49 49
49 51
49 52
49 53
49 54
49 55
49 56
49 57
49 58
49 59
49 61
49 69
49 71
49 72
49 77
49 79
49 80
49 81
49 90
49 91
49 98
49 106
50 50
50 51
50 64
50 65
50 67
50 86
50 88
50 93
50 96
50 97
50 105
50 110
51 51
51 65
51 67
51 88
51 89
51 110
52 52
52 53
52 54
52 58
52 59
52 60
52 62
52 63
52 69
52 72
52 77
52 81
52 83
52 90
52 91
52 101
52 103
52 105
52 109
53 53
53 55
53 57
53 69
53 70
53 71
53 72
53 73
53 77
53 79
53 81
53 83
53 90
53 91
53 92
53 93
53 98
53 99
53 103
53 109
53 111
53 112
54 54
54 55
54 56
54 58
54 59
54 62
54 63
54 70
54 71
54 72
54 73
54 75
54 76
54 77
54 79
54 80
54 81
54 90
54 98
54 99
54 102
54 103
55 55
55 56
55 58
55 62
55 70
55 71
55 72
55 73
55 76
55 77
55 78
55 79
55 80
55 81
55 90
55 96
55 98
55 99
55 108
55 111
56 56
56 57
56 58
56 59
56 60
56 61
56 63
56 68
56 69
56 78
56 79
56 80
56 81
56 90
56 98
56 99
56 102
56 106
57 57
57 58
57 59
57 61
57 66
57 68
57 69
57 71
57 79
57 81
57 90
57 98
57 99
58 58
58 59
58 60
58 61
58 62
58 63
58 66
58 68
58 69
58 70
58 71
58 72
58 73
58 77
58 80
58 81
58 83
58 90
58 102
58 103
58 107
59 59
59 60
59 61
59 62
59 63
59 66
59 68
59 69
59 72
59 80
59 81
59 83
59 90
59 102
59 103
59 107
60 60
60 61
60 62
60 63
60 72
60 80
60 81
60 90
60 94
60 100
60 102
60 107
61 61
61 62
61 63
61 68
61 69
61 72
61 78
61 80
61 81
61 83
61 90
61 102
61 106
61 107
62 62
62 63
62 70
62 71
62 72
62 73
62 75
62 76
62 77
62 78
62 80
62 81
62 83
62 90
62 94
62 95
62 100
62 102
62 103
62 108
62 109
63 63
63 70
63 72
63 73
63 77
63 78
63 80
63 81
63 83
63 90
63 95
63 100
63 102
63 103
64 64
64 65
64 67
64 86
64 88
64 100
64 101
64 114
65 65
65 67
65 89
65 94
65 100
65 114
65 115
66 66
66 67
66 68
66 69
66 105
66 107
67 67
67 84
67 85
67 88
67 89
67 110
68 68
68 69
68 90
68 91
68 98
68 99
69 69
69 70
69 71
69 72
69 81
69 90
69 91
69 95
69 98
69 99
69 109
70 70
70 71
70 72
70 73
70 74
70 75
70 76
70 77
70 78
70 79
70 80
70 81
70 83
70 90
70 103
70 109
70 112
71 71
71 72
71 73
71 76
71 77
71 79
71 80
71 81
71 83
71 90
71 91
71 103
71 109
71 112
72 72
72 73
72 74
72 75
72 76
72 77
72 78
72 79
72 80
72 81
72 83
72 90
72 94
72 103
72 108
72 109
73 73
73 74
73 75
73 76
73 77
73 78
73 80
73 81
73 83
73 90
73 103
73 104
73 106
73 109
73 112
74 74
74 75
74 76
74 78
74 80
74 82
74 94
75 75
75 76
75 77
75 82
75 83
75 87
75 100
76 76
76 77
76 80
76 81
76 82
76 83
76 109
77 77
77 78
77 79
77 80
77 81
77 83
77 90
77 103
77 109
78 78
78 79
78 80
78 81
78 94
78 108
78 115
79 79
79 80
79 81
79 98
80 80
80 81
80 83
80 90
80 95
80 102
80 108
81 81
81 83
81 90
81 95
81 98
81 108
81 109
82 82
82 83
82 84
82 86
82 88
83 83
83 90
83 94
83 109
84 84
84 85
84 86
84 87
84 88
84 89
84 97
84 110
85 85
85 87
85 89
85 97
86 86
86 87
86 88
86 96
86 110
87 87
87 89
88 88
88 89
88 93
88 110
88 111
89 89
89 100
90 90
90 91
90 92
90 93
90 95
90 98
90 99
90 103
90 109
90 112
91 91
91 92
91 93
91 98
91 99
91 103
91 105
91 109
91 111
91 112
91 113
92 92
92 93
92 95
92 99
92 100
92 103
92 104
92 105
92 107
92 109
92 112
93 93
93 101
93 103
93 105
93 109
93 112
94 94
94 95
94 108
94 114
94 115
95 95
95 97
95 108
95 115
96 96
96 97
96 98
96 110
96 111
97 97
97 109
97 110
98 98
98 99
98 108
98 111
98 112
98 113
99 99
99 111
99 112
99 113
99 115
100 100
100 101
100 102
100 103
100 104
100 106
100 114
100 115
101 101
101 102
101 103
101 104
101 105
101 107
101 114
101 115
102 102
102 103
102 104
102 106
102 107
103 103
103 104
103 105
103 107
104 104
104 105
104 106
104 107
105 105
105 107
105 113
106 106
106 107
107 107
108 108
108 115
109 109
109 112
110 110
110 111
111 111
111 112
111 113
111 115
112 112
113 113
114 114
114 115
115 115
