0 0
0 1
0 2
0 13
0 18
0 19
0 20
0 32
0 33
0 56
0 57
0 68
0 70
0 76
0 77
0 80
0 83
1 1
1 7
1 11
1 13
1 15
1 16
1 17
1 18
1 19
1 28
1 29
1 32
1 33
1 36
1 40
1 41
1 56
1 57
1 61
1 63
1 68
1 71
1 72
1 73
1 76
1 77
1 80
1 81
1 83
1 98
2 2
2 6
2 8
2 10
2 18
2 22
2 34
2 64
2 105
2 108
3 3
3 4
3 5
3 7
3 8
3 9
3 14
3 15
3 19
3 20
3 22
3 23
3 24
3 25
3 26
3 27
3 31
3 82
3 83
3 84
3 87
3 88
3 89
3 90
3 92
4 4
4 5
4 8
4 14
4 15
4 20
4 21
4 22
4 24
4 25
4 26
4 27
4 58
4 82
4 83
4 84
4 85
4 86
4 87
4 96
5 5
5 8
5 9
5 14
5 23
5 24
5 25
5 26
5 27
5 52
5 58
5 59
5 61
5 65
5 67
5 87
5 90
5 92
5 93
5 101
5 110
6 6
6 7
6 8
6 13
6 18
6 33
6 34
6 35
6 64
6 70
6 107
6 108
7 7
7 9
7 11
7 12
7 13
7 16
7 32
7 33
7 61
7 63
7 65
7 72
7 73
7 76
7 77
7 108
8 8
8 10
8 14
8 19
8 20
8 21
8 22
8 23
8 24
8 25
8 26
8 27
8 30
8 31
8 35
8 64
8 82
8 83
8 84
8 85
8 87
8 88
9 9
9 11
9 14
9 15
9 19
9 21
9 31
9 33
9 40
9 41
9 61
9 63
9 74
9 76
9 77
9 80
9 83
9 90
9 92
9 110
9 111
10 10
10 11
10 12
10 13
10 14
10 15
10 18
10 22
10 28
10 30
10 60
10 64
10 82
10 83
10 84
10 85
10 88
11 11
11 12
11 13
11 14
11 15
11 16
11 17
11 28
11 29
11 41
11 52
11 60
11 61
11 62
11 63
11 65
11 71
11 72
11 73
11 75
11 76
11 77
11 83
12 12
12 13
12 14
12 15
12 16
12 28
12 59
12 60
12 61
12 62
12 63
12 65
12 72
13 13
13 14
13 15
13 18
13 60
13 61
13 71
13 72
13 75
13 76
13 77
14 14
14 15
14 20
14 22
14 23
14 24
14 25
14 26
14 27
14 38
14 52
14 60
14 82
14 83
14 84
14 85
14 87
14 88
14 89
14 90
14 92
15 15
15 16
15 19
15 26
15 28
15 29
15 31
15 39
15 40
15 41
15 71
15 72
15 73
15 74
15 75
15 77
15 78
15 79
15 80
15 81
15 82
15 83
15 85
15 87
15 92
15 96
15 98
16 16
16 17
16 19
16 28
16 29
16 31
16 33
16 39
16 40
16 41
16 56
16 57
16 62
16 63
16 72
16 73
16 74
16 75
16 78
16 79
16 80
16 81
16 83
16 86
17 17
17 28
17 29
17 31
17 33
17 39
17 40
17 41
17 56
17 57
17 62
17 63
17 71
17 72
17 73
17 74
17 75
17 77
17 78
17 79
17 80
17 81
17 83
17 86
17 102
18 18
18 19
18 30
18 31
18 32
18 33
18 36
18 68
18 70
18 71
18 76
18 77
18 83
19 19
19 20
19 26
19 28
19 29
19 31
19 32
19 33
19 34
19 36
19 40
19 56
19 57
19 68
19 69
19 76
19 77
19 80
19 81
19 82
19 83
19 90
20 20
20 21
20 24
20 26
20 28
20 39
20 41
20 54
20 56
20 68
20 70
20 80
20 81
20 82
20 83
20 85
21 21
21 26
21 27
21 28
21 29
21 31
21 39
21 40
21 41
21 63
21 78
21 79
21 80
21 81
21 83
21 85
21 94
21 96
22 22
22 23
22 24
22 25
22 26
22 27
22 30
22 31
22 37
22 53
22 64
22 82
22 84
22 85
22 87
22 88
23 23
23 24
23 25
23 26
23 27
23 37
23 47
23 69
23 84
23 88
23 89
23 90
23 91
23 92
23 93
23 105
23 110
24 24
24 25
24 26
24 27
24 52
24 58
24 64
24 67
24 82
24 84
24 85
24 86
24 87
24 110
25 25
25 26
25 27
25 30
25 31
25 37
25 64
25 67
25 70
25 71
25 84
25 87
25 110
26 26
26 27
26 38
26 39
26 52
26 54
26 58
26 68
26 82
26 83
26 84
26 87
27 27
27 30
27 37
27 52
27 70
27 71
27 82
27 83
27 84
27 85
27 87
27 88
27 90
27 92
27 96
27 110
28 28
28 29
28 30
28 31
28 33
28 40
28 41
28 56
28 57
28 63
28 72
28 73
28 74
28 75
28 76
28 77
28 78
28 79
28 80
28 81
28 82
28 83
28 84
28 85
28 86
29 29
29 31
29 32
29 33
29 36
29 40
29 41
29 56
29 57
29 63
29 71
29 72
29 73
29 74
29 75
29 76
29 77
29 78
29 79
29 80
29 81
29 83
30 30
30 31
30 33
30 40
30 41
30 42
30 70
30 71
30 73
30 74
30 75
30 76
30 82
30 83
30 84
30 88
30 98
31 31
31 33
31 40
31 41
31 56
31 70
31 71
31 72
31 73
31 74
31 75
31 76
31 77
31 78
31 79
31 80
31 81
31 82
31 83
31 84
31 85
31 98
32 32
32 33
32 34
32 36
32 40
32 44
32 45
32 56
32 57
32 68
32 70
32 71
32 72
32 73
32 75
32 76
32 77
32 98
32 108
33 33
33 34
33 36
33 40
33 41
33 56
33 57
33 63
33 68
33 70
33 71
33 72
33 73
33 74
33 75
33 76
33 77
33 78
33 79
33 80
33 81
34 34
34 35
34 45
34 67
34 69
34 95
34 104
34 105
34 107
34 108
34 115
35 35
35 44
35 45
35 64
35 67
35 69
35 95
35 104
35 105
35 106
35 107
35 108
35 109
35 115
36 36
36 40
36 56
36 57
36 62
36 63
36 70
36 71
36 72
36 73
36 75
36 76
36 77
36 78
36 80
36 81
36 95
36 97
36 110
36 111
37 37
37 38
37 39
37 55
37 84
37 85
37 87
37 88
37 89
37 90
37 91
37 92
37 96
38 38
38 39
38 54
38 55
38 58
38 60
38 85
38 86
38 87
38 88
38 89
38 93
38 96
38 100
38 102
39 39
39 41
39 54
39 55
39 56
39 78
39 79
39 81
39 82
39 83
39 85
39 86
39 87
39 94
39 96
39 97
39 112
40 40
40 41
40 56
40 57
40 62
40 63
40 70
40 72
40 73
40 74
40 75
40 76
40 77
40 78
40 79
40 80
40 81
40 83
41 41
41 52
41 56
41 63
41 70
41 71
41 72
41 73
41 74
41 75
41 77
41 78
41 79
41 80
41 81
41 82
41 83
41 85
41 86
41 94
41 96
41 98
42 42
42 43
42 44
42 45
42 46
42 47
42 48
42 49
42 50
42 51
42 53
42 55
42 91
42 93
42 107
42 113
43 43
43 44
43 45
43 46
43 47
43 48
43 49
43 50
43 51
43 53
43 55
43 67
43 91
43 93
43 107
43 113
44 44
44 45
44 46
44 47
44 48
44 49
44 50
44 51
44 53
44 55
44 67
44 107
44 113
44 114
45 45
45 46
45 47
45 48
45 49
45 50
45 51
45 53
45 67
45 104
45 105
45 107
46 46
46 47
46 48
46 49
46 50
46 51
46 53
46 55
46 86
46 98
46 113
47 47
47 48
47 49
47 50
47 51
47 53
47 55
47 67
47 90
47 91
47 93
47 98
47 99
47 103
47 104
47 107
47 110
47 113
48 48
48 49
48 50
48 51
48 52
48 53
48 55
48 58
48 65
48 67
48 88
48 90
48 91
48 93
48 103
48 104
48 107
48 113
49 49
49 50
49 51
49 53
49 55
49 67
49 91
49 93
49 99
49 103
49 104
49 105
49 106
49 107
49 113
49 114
49 115
50 50
50 51
50 52
50 53
50 55
50 58
50 59
50 65
50 66
50 67
50 91
50 93
50 103
50 104
50 107
50 113
51 51
51 52
51 53
51 55
51 59
51 65
51 66
51 67
51 91
51 93
51 99
51 100
51 102
51 103
51 104
51 105
51 107
51 113
51 114
52 52
52 53
52 54
52 55
52 58
52 59
52 60
52 61
52 62
52 65
52 82
52 86
52 90
52 96
52 98
52 100
53 53
53 55
53 58
53 59
53 65
53 66
53 90
53 91
53 93
53 99
53 100
53 102
53 103
53 104
53 105
53 113
54 54
54 55
54 58
54 60
54 61
54 68
54 86
54 87
54 88
54 89
54 96
54 98
55 55
55 87
55 89
55 91
55 94
55 96
55 97
55 98
55 99
55 102
55 103
55 104
55 107
55 112
55 113
55 114
56 56
56 57
56 63
56 68
56 72
56 73
56 74
56 75
56 76
56 77
56 78
56 79
56 80
56 81
56 83
56 95
56 96
56 97
56 109
57 57
57 63
57 66
57 68
57 69
57 72
57 73
57 75
57 76
57 77
57 78
57 79
57 80
57 81
57 95
57 97
58 58
58 59
58 60
58 61
58 65
58 66
58 86
58 96
58 100
59 59
59 60
59 61
59 62
59 63
59 65
59 66
59 67
59 99
59 100
59 102
59 103
60 60
60 61
60 62
60 63
60 65
60 66
60 88
60 96
60 100
61 61
61 62
61 63
61 65
61 66
61 86
61 96
61 100
62 62
62 63
62 65
62 72
62 78
62 80
62 99
62 100
62 101
62 102
63 63
63 72
63 73
63 76
63 78
63 79
63 80
63 81
63 83
63 100
63 102
64 64
64 65
64 84
64 85
65 65
65 66
65 67
65 93
66 66
66 67
66 95
66 99
66 100
66 102
66 104
66 109
66 113
66 114
66 115
67 67
67 69
67 95
67 104
67 105
67 107
67 108
67 110
68 68
68 69
68 83
68 97
69 69
69 88
69 90
69 105
69 106
69 110
70 70
70 71
70 73
70 74
70 75
70 76
70 77
70 96
71 71
71 73
71 74
71 75
71 76
71 77
71 80
71 81
71 83
71 96
72 72
72 73
72 74
72 75
72 76
72 77
72 78
72 79
72 80
72 81
73 73
73 74
73 75
73 76
73 77
73 78
73 79
73 80
73 81
73 83
73 86
73 97
73 109
74 74
74 75
74 76
74 77
74 78
74 79
74 80
74 81
74 83
74 86
75 75
75 76
75 77
75 78
75 79
75 80
75 81
75 86
75 97
75 108
75 109
76 76
76 77
76 80
76 81
77 77
77 78
77 79
77 80
77 81
77 83
78 78
78 79
78 80
78 81
78 83
78 85
78 86
78 94
79 79
79 80
79 81
79 83
79 85
79 86
79 94
79 96
80 80
80 81
80 83
81 81
81 83
81 85
81 86
81 96
81 98
82 82
82 83
82 84
82 85
82 86
82 87
82 88
82 96
83 83
83 84
83 85
83 87
83 96
83 98
84 84
84 85
84 86
84 87
84 88
84 96
85 85
85 86
85 87
85 88
85 96
86 86
86 87
86 96
87 87
87 88
87 89
87 96
88 88
88 89
88 90
88 91
88 93
89 89
89 90
89 91
89 93
89 102
89 103
89 105
90 90
90 91
90 92
90 93
90 98
90 99
90 101
90 103
90 110
90 111
90 112
91 91
91 92
91 93
91 99
91 100
91 101
91 102
91 103
91 104
91 105
91 107
91 110
91 111
91 112
91 113
91 114
91 115
92 92
92 93
92 100
92 101
92 102
92 103
92 104
92 110
92 111
92 113
93 93
93 99
93 100
93 101
93 102
93 103
93 104
93 105
93 107
93 110
93 113
94 94
94 95
94 96
94 97
94 98
94 108
94 109
94 112
94 113
94 115
95 95
95 97
95 99
95 103
95 104
95 105
95 107
95 108
95 109
95 111
95 112
95 113
95 114
95 115
96 96
96 98
97 97
97 99
97 104
97 105
97 107
97 108
97 109
97 111
97 112
97 113
97 114
97 115
98 98
99 99
99 100
99 102
99 103
99 104
99 105
99 107
99 108
99 109
99 110
99 111
99 112
99 113
99 114
99 115
100 100
100 101
100 102
100 103
100 104
100 113
101 101
101 102
101 103
101 104
101 105
101 110
101 111
102 102
102 103
102 104
102 105
102 109
102 111
102 112
102 113
102 114
102 115
103 103
103 104
103 105
103 106
103 107
103 111
103 112
103 113
103 114
103 115
104 104
104 105
104 107
104 108
104 109
104 111
104 112
104 113
104 114
104 115
105 105
105 106
105 107
105 108
105 109
105 111
105 112
105 113
105 114
105 115
106 106
107 107
107 108
107 109
107 112
107 113
107 114
107 115
108 108
108 109
108 111
108 112
108 114
108 115
109 109
109 111
109 112
109 113
109 114
109 115
110 110
110 111
111 111
111 112
111 113
111 114
111 115
112 112
112 113
112 114
112 115
113 113
113 114
113 115
114 114
114 115
115 115
