0 0
0 10
0 16
0 18
0 19
0 32
0 33
0 35
0 36
0 37
0 38
0 39
0 47
0 54
0 56
0 69
0 76
0 77
0 78
0 80
0 88
0 89
0 94
0 96
0 97
0 104
0 105
1 1
1 11
1 17
1 19
1 32
1 33
1 37
1 38
1 39
1 55
1 57
1 60
1 61
1 62
1 63
1 76
1 77
1 79
1 80
1 81
1 96
2 2
2 3
2 4
2 5
2 6
2 7
2 8
2 9
2 12
2 18
2 22
2 23
2 24
2 25
2 26
2 27
2 30
2 31
2 86
2 115
3 3
3 4
3 5
3 6
3 7
3 8
3 9
3 13
3 18
3 22
3 23
3 24
3 25
3 30
3 31
4 4
4 5
4 6
4 7
4 8
4 9
4 12
4 13
4 14
4 15
4 20
4 21
4 22
4 23
4 24
4 25
4 26
4 27
4 30
4 31
4 44
4 45
4 48
4 53
4 70
4 71
4 82
4 86
4 93
4 100
4 102
4 111
4 112
5 5
5 6
5 7
5 8
5 9
5 13
5 15
5 20
5 21
5 22
5 23
5 24
5 25
5 26
5 27
5 30
5 31
5 41
5 86
6 6
6 7
6 9
6 12
6 22
6 23
6 30
6 31
6 86
7 7
7 9
7 13
7 22
7 23
7 24
7 25
7 26
7 27
7 30
7 31
8 8
8 9
8 12
8 14
8 15
8 22
8 23
8 30
8 42
8 46
8 52
8 53
8 68
8 82
8 90
8 91
8 92
8 93
8 98
8 100
8 101
8 102
8 111
8 112
9 9
9 12
9 13
9 22
9 23
9 24
9 25
9 26
9 30
9 31
9 90
9 98
9 109
9 113
9 115
10 10
10 12
10 14
10 16
10 19
10 20
10 28
10 32
10 33
10 36
10 40
10 69
10 70
10 72
10 74
10 76
10 78
10 80
10 82
11 11
11 13
11 17
11 20
11 21
11 25
11 28
11 29
11 40
11 41
11 44
11 50
11 64
11 70
11 71
11 72
11 73
11 74
11 75
11 79
11 81
11 83
11 87
12 12
12 13
12 14
12 20
12 23
12 25
12 26
12 28
12 30
12 31
12 70
12 71
12 72
12 82
12 93
12 101
13 13
13 15
13 17
13 20
13 21
13 23
13 24
13 25
13 26
13 27
13 29
13 30
13 31
13 44
13 48
13 52
13 70
13 71
13 73
13 75
13 87
14 14
14 15
14 20
14 21
14 26
14 27
14 28
14 59
14 70
14 72
14 82
14 83
14 86
14 87
14 93
14 101
15 15
15 24
15 26
15 27
15 29
15 30
15 49
15 53
15 59
15 68
15 73
15 82
15 83
15 86
15 87
15 100
15 102
16 16
16 19
16 28
16 32
16 33
16 35
16 36
16 37
16 38
16 39
16 40
16 56
16 57
16 62
16 63
16 69
16 72
16 74
16 76
16 77
16 78
16 79
16 80
16 81
16 84
16 88
16 94
16 96
16 97
16 109
17 17
17 28
17 29
17 37
17 39
17 40
17 41
17 57
17 62
17 63
17 64
17 70
17 71
17 72
17 73
17 74
17 75
17 77
17 79
17 81
17 83
17 85
17 87
17 95
17 108
18 18
18 19
18 32
18 69
18 88
18 89
19 19
19 23
19 32
19 33
19 35
19 36
19 47
19 56
19 57
19 67
19 69
19 78
19 80
19 88
19 90
19 94
19 96
19 110
20 20
20 21
20 24
20 25
20 26
20 27
20 28
20 29
20 30
20 31
20 40
20 41
20 70
20 71
20 72
20 73
20 74
20 75
20 82
20 83
20 86
20 87
21 21
21 24
21 25
21 26
21 27
21 28
21 29
21 30
21 31
21 40
21 41
21 45
21 48
21 70
21 71
21 72
21 73
21 74
21 75
21 82
21 83
21 86
21 87
21 108
22 22
22 23
22 24
22 25
22 30
22 31
22 92
22 93
22 115
23 23
23 24
23 25
23 27
23 30
23 31
23 90
23 110
23 115
24 24
24 25
24 26
24 27
24 28
24 29
24 30
24 31
24 41
24 45
24 48
24 70
24 71
24 72
24 73
24 75
24 82
24 86
25 25
25 26
25 27
25 28
25 29
25 30
25 31
25 48
25 70
25 71
25 72
25 73
25 75
25 82
26 26
26 27
26 28
26 29
26 30
26 31
26 41
26 45
26 70
26 73
26 75
26 82
26 83
26 86
27 27
27 29
27 30
27 31
27 41
27 70
27 71
27 73
27 75
27 82
27 83
27 86
27 87
28 28
28 29
28 30
28 31
28 40
28 41
28 70
28 71
28 72
28 73
28 74
28 75
28 76
28 77
28 78
28 80
28 82
29 29
29 37
29 40
29 41
29 42
29 44
29 45
29 50
29 52
29 70
29 71
29 72
29 73
29 74
29 75
29 79
29 81
29 82
29 83
29 87
29 95
29 108
30 30
30 31
30 70
30 71
30 82
31 31
31 70
31 71
31 82
32 32
32 33
32 35
32 36
32 38
32 47
32 56
32 57
32 60
32 62
32 67
32 69
32 76
32 78
32 80
32 90
32 94
32 96
32 98
32 107
33 33
33 35
33 36
33 47
33 56
33 62
33 63
33 67
33 69
33 76
33 77
33 78
33 80
33 81
33 90
33 94
33 96
34 34
34 35
34 42
34 43
34 46
34 47
34 56
34 57
34 60
34 62
34 63
34 64
34 66
34 67
34 84
34 90
34 91
34 96
34 97
34 98
34 99
34 110
34 111
34 112
34 113
35 35
35 47
35 56
35 57
35 62
35 67
35 69
35 76
35 77
35 78
35 80
35 84
35 90
35 94
35 96
35 97
35 98
35 109
35 110
35 113
35 114
36 36
36 37
36 38
36 39
36 40
36 41
36 54
36 56
36 69
36 72
36 74
36 76
36 77
36 78
36 80
36 84
36 88
36 89
36 94
36 95
36 96
36 97
36 104
36 105
36 108
36 109
36 114
37 37
37 38
37 39
37 40
37 41
37 43
37 54
37 55
37 56
37 61
37 63
37 65
37 72
37 73
37 74
37 75
37 76
37 77
37 78
37 79
37 80
37 81
37 84
37 85
37 88
37 89
37 94
37 95
37 97
37 108
37 109
38 38
38 39
38 40
38 41
38 54
38 55
38 61
38 65
38 69
38 74
38 76
38 77
38 78
38 80
38 84
38 88
38 89
38 94
38 95
38 96
38 104
38 105
38 107
38 108
38 114
39 39
39 41
39 54
39 55
39 56
39 57
39 61
39 63
39 65
39 76
39 77
39 78
39 79
39 80
39 81
39 85
39 88
39 89
39 94
39 95
39 97
39 105
39 108
40 40
40 41
40 70
40 71
40 72
40 73
40 74
40 75
40 76
40 77
40 79
40 87
40 94
40 95
40 108
41 41
41 70
41 71
41 72
41 73
41 74
41 75
41 77
41 78
41 79
41 81
41 83
41 87
41 88
41 95
41 108
42 42
42 43
42 44
42 45
42 46
42 48
42 49
42 50
42 51
42 52
42 53
42 64
42 85
42 90
42 91
42 92
42 93
42 98
42 99
42 100
42 111
42 112
42 113
43 43
43 44
43 45
43 46
43 48
43 49
43 50
43 51
43 52
43 53
43 55
43 64
43 65
43 85
43 87
43 98
43 99
43 111
43 112
43 113
44 44
44 45
44 46
44 48
44 49
44 50
44 51
44 52
44 64
44 66
44 73
44 86
44 87
44 112
45 45
45 46
45 48
45 49
45 50
45 51
45 64
45 65
45 66
45 73
45 87
46 46
46 47
46 48
46 49
46 50
46 51
46 52
46 53
46 55
46 68
46 90
46 91
46 92
46 93
46 98
46 99
46 100
46 102
46 110
46 111
46 112
46 113
47 47
47 56
47 57
47 67
47 69
47 80
47 90
47 91
47 93
47 94
47 96
47 97
47 98
47 99
47 103
47 105
47 109
47 110
47 111
47 113
48 48
48 49
48 50
48 51
48 52
48 58
48 64
48 66
48 86
48 87
49 49
49 50
49 51
49 52
49 53
49 65
49 66
49 86
49 87
50 50
50 51
50 52
50 64
50 73
50 85
50 87
50 112
51 51
51 52
51 53
51 55
51 65
51 85
51 99
51 111
51 112
52 52
52 53
52 54
52 90
52 91
52 92
52 93
52 98
52 99
52 100
52 111
52 112
52 113
53 53
53 55
53 68
53 90
53 91
53 92
53 93
53 98
53 99
53 100
53 101
53 102
53 103
53 111
53 112
53 113
54 54
54 55
54 76
54 77
54 85
54 88
54 89
54 94
54 95
54 96
54 97
54 104
54 105
54 108
54 109
54 114
54 115
55 55
55 56
55 57
55 61
55 63
55 65
55 85
55 89
55 95
55 97
55 99
55 105
56 56
56 57
56 60
56 62
56 63
56 69
56 76
56 78
56 79
56 80
56 81
56 84
56 85
56 88
56 94
56 95
56 96
56 97
56 98
56 99
56 104
56 105
56 107
56 110
57 57
57 60
57 61
57 62
57 63
57 64
57 65
57 68
57 69
57 78
57 79
57 80
57 81
57 85
57 96
57 98
57 99
57 101
58 58
58 59
58 60
58 61
58 66
58 101
58 102
59 59
59 61
59 65
59 66
59 67
59 68
59 69
59 89
59 93
59 101
59 102
59 103
59 104
60 60
60 61
60 62
60 63
60 64
60 66
60 69
60 100
60 101
60 107
61 61
61 63
61 65
61 66
61 69
61 89
61 101
62 62
62 63
62 64
62 69
62 78
62 80
62 81
62 84
62 96
62 97
62 98
63 63
63 77
63 78
63 79
63 80
63 81
63 95
63 97
63 98
64 64
64 65
64 66
64 81
64 83
64 84
64 85
65 65
65 66
65 67
65 85
65 87
65 89
65 95
66 66
66 67
66 68
66 69
66 101
66 102
66 103
66 113
67 67
67 69
67 94
67 96
67 103
67 104
67 110
68 68
68 83
68 91
68 92
68 93
68 97
68 99
68 100
68 101
68 102
68 103
68 104
68 111
68 112
68 113
69 69
69 78
69 80
69 88
69 90
69 93
69 94
69 96
69 97
69 98
69 101
69 103
69 104
69 105
69 110
70 70
70 71
70 72
70 73
70 74
70 75
70 76
70 77
70 82
70 86
71 71
71 72
71 73
71 74
71 75
71 77
71 79
71 82
72 72
72 73
72 74
72 75
72 76
72 77
72 78
72 79
72 82
73 73
73 74
73 75
73 77
73 79
73 81
73 82
73 83
73 87
73 95
73 108
74 74
74 75
74 76
74 77
74 78
74 79
74 82
74 95
75 75
75 76
75 77
75 79
75 81
75 82
75 83
75 87
76 76
76 77
76 78
76 79
76 80
76 84
76 88
76 94
76 95
76 96
76 108
76 109
76 114
77 77
77 78
77 79
77 80
77 81
77 84
77 85
77 94
77 95
77 108
77 109
77 114
78 78
78 79
78 80
78 81
78 84
78 88
78 94
78 96
78 97
78 108
78 109
78 114
79 79
79 81
79 85
79 95
79 108
80 80
80 81
80 84
80 94
80 96
81 81
81 84
81 85
81 95
82 82
82 83
82 86
82 87
83 83
83 86
83 87
83 100
83 102
84 84
84 88
84 96
84 97
84 105
84 109
85 85
85 87
85 89
85 95
85 97
85 99
85 105
85 108
85 109
86 86
86 87
86 104
87 87
87 95
88 88
88 89
88 94
88 95
88 96
88 97
88 104
88 105
88 108
89 89
89 95
89 97
89 105
89 106
89 107
90 90
90 91
90 92
90 93
90 96
90 98
90 99
90 100
90 101
90 110
90 111
90 112
90 113
90 115
91 91
91 92
91 93
91 97
91 98
91 99
91 100
91 101
91 102
91 103
91 110
91 111
91 112
91 113
92 92
92 93
92 98
92 99
92 100
92 101
92 102
92 103
92 111
92 112
92 113
93 93
93 98
93 99
93 100
93 101
93 102
93 103
93 110
93 111
93 112
93 113
94 94
94 95
94 96
94 97
94 104
94 105
94 108
94 110
94 114
95 95
95 97
95 108
95 109
96 96
96 97
96 98
96 104
96 105
96 109
96 110
96 114
97 97
97 98
97 99
97 101
97 102
97 103
97 104
97 105
97 108
97 109
97 110
97 113
97 114
97 115
98 98
98 99
98 100
98 101
98 102
98 103
98 110
98 111
98 112
98 113
98 115
99 99
99 100
99 101
99 102
99 103
99 110
99 111
99 112
99 113
99 115
100 100
100 101
100 102
100 103
100 111
100 112
100 113
101 101
101 102
101 103
101 111
101 112
101 113
102 102
102 103
102 104
102 110
102 111
102 112
102 113
103 103
103 104
103 105
103 110
103 111
103 112
103 113
104 104
104 105
104 107
104 110
104 113
104 115
105 105
105 107
105 110
105 114
105 115
106 106
106 114
107 107
108 108
108 109
109 109
109 110
110 110
110 111
110 113
110 114
110 115
111 111
111 112
111 113
112 112
112 113
113 113
113 115
114 114
114 115
115 115
