0 0
0 1
0 6
0 10
0 12
0 14
0 16
0 18
0 28
0 32
0 52
0 54
0 56
0 57
0 60
0 61
0 62
0 63
0 72
0 74
0 76
0 82
0 90
0 91
1 1
1 17
1 27
1 29
1 32
1 33
1 37
1 39
1 41
1 47
1 57
1 58
1 59
1 60
1 61
1 62
1 63
1 68
1 72
1 73
1 74
1 75
1 77
1 79
1 81
1 89
1 98
1 102
1 104
1 106
1 107
1 111
2 2
2 3
2 4
2 6
2 7
2 8
2 10
2 12
2 14
2 18
2 20
2 22
2 23
2 24
2 25
2 26
2 28
2 30
2 31
2 34
2 48
2 50
2 52
2 53
2 64
2 67
2 70
2 84
2 86
2 91
2 93
3 3
3 7
3 8
3 11
3 14
3 15
3 22
3 23
3 25
3 30
3 31
3 34
3 45
3 50
3 64
3 67
3 71
3 82
3 84
3 85
3 87
3 88
3 92
3 93
4 4
4 5
4 6
4 7
4 8
4 9
4 12
4 14
4 15
4 20
4 24
4 26
4 44
4 48
4 50
4 64
4 66
4 69
4 101
4 103
4 104
4 105
5 5
5 9
5 15
5 20
5 21
5 24
5 25
5 26
5 27
5 48
5 51
5 58
5 59
5 66
5 103
5 104
5 113
6 6
6 7
6 8
6 10
6 12
6 14
6 18
6 22
6 23
6 28
6 30
6 31
6 64
6 82
6 84
6 90
6 91
6 92
6 93
7 7
7 8
7 11
7 13
7 14
7 22
7 23
7 30
7 31
7 34
7 45
7 50
7 64
7 67
7 71
7 82
7 83
7 84
7 85
7 91
7 92
7 93
8 8
8 9
8 10
8 12
8 14
8 15
8 18
8 22
8 23
8 24
8 26
8 48
8 50
8 64
8 82
8 84
8 88
8 93
9 9
9 15
9 20
9 21
9 24
9 25
9 26
9 27
9 41
9 58
9 59
9 60
9 61
9 66
9 80
9 100
9 101
9 102
9 103
9 104
9 105
9 106
9 113
9 114
10 10
10 12
10 14
10 16
10 18
10 22
10 23
10 28
10 30
10 31
10 34
10 64
10 82
10 84
10 86
10 88
10 92
10 93
11 11
11 13
11 23
11 31
11 33
11 34
11 35
11 37
11 53
11 71
11 82
11 85
11 91
11 92
12 12
12 13
12 14
12 16
12 22
12 28
12 30
12 36
12 48
12 52
12 60
12 62
12 64
12 72
12 76
12 80
12 82
12 84
12 86
12 93
13 13
13 15
13 17
13 29
13 44
13 60
13 61
13 62
13 63
13 64
13 81
13 82
13 83
13 101
14 14
14 15
14 18
14 22
14 23
14 28
14 48
14 50
14 52
14 64
14 82
14 84
14 86
14 88
14 91
14 92
14 93
15 15
15 20
15 21
15 24
15 25
15 26
15 41
15 42
15 44
15 48
15 50
15 51
15 58
15 66
15 80
15 83
15 84
15 101
15 102
15 103
15 104
15 106
15 113
15 114
16 16
16 19
16 28
16 36
16 56
16 60
16 62
16 68
16 72
16 76
16 78
16 80
16 81
16 82
17 17
17 19
17 29
17 33
17 37
17 43
17 47
17 55
17 56
17 57
17 60
17 61
17 62
17 63
17 65
17 77
17 79
17 81
17 89
17 98
17 111
18 18
18 19
18 28
18 32
18 33
18 62
18 64
18 69
18 82
18 93
19 19
19 28
19 33
19 47
19 56
19 57
19 62
19 63
19 64
19 68
19 69
19 79
19 81
19 82
19 83
19 90
19 91
19 92
19 93
19 111
20 20
20 21
20 24
20 25
20 26
20 27
20 30
20 36
20 40
20 41
20 52
20 59
20 66
20 70
20 72
20 73
20 74
20 78
20 101
20 102
20 103
20 104
20 105
20 106
20 109
20 112
20 113
20 114
21 21
21 24
21 25
21 26
21 27
21 38
21 41
21 51
21 58
21 59
21 66
21 73
21 74
21 75
21 78
21 96
21 102
21 103
21 104
21 106
21 113
21 114
21 115
22 22
22 23
22 24
22 25
22 30
22 31
22 34
22 35
22 45
22 48
22 50
22 53
22 54
22 64
22 70
22 71
22 84
22 86
22 87
22 88
22 93
23 23
23 25
23 30
23 31
23 34
23 35
23 45
23 50
23 53
23 64
23 67
23 71
23 82
23 84
23 85
23 86
23 87
23 88
23 91
23 92
23 93
24 24
24 25
24 26
24 27
24 30
24 31
24 38
24 44
24 48
24 50
24 51
24 58
24 59
24 66
24 70
24 96
24 103
24 104
24 105
24 106
24 113
24 115
25 25
25 26
25 27
25 30
25 31
25 38
25 50
25 53
25 54
25 66
25 70
25 71
25 86
25 87
25 94
25 96
25 106
25 113
25 115
26 26
26 27
26 41
26 44
26 48
26 51
26 58
26 59
26 66
26 68
26 69
26 70
26 101
26 102
26 103
26 104
26 105
26 106
26 114
27 27
27 37
27 38
27 39
27 41
27 54
27 58
27 59
27 61
27 66
27 73
27 74
27 94
27 95
27 96
27 98
27 100
27 102
27 103
27 104
27 106
27 108
27 114
27 115
28 28
28 29
28 30
28 31
28 32
28 33
28 36
28 40
28 56
28 60
28 62
28 70
28 72
28 74
28 76
28 78
28 80
28 82
28 83
28 91
29 29
29 33
29 37
29 41
29 42
29 43
29 46
29 47
29 58
29 59
29 60
29 61
29 63
29 71
29 72
29 73
29 74
29 75
29 76
29 77
29 78
29 79
29 80
29 81
29 83
29 99
29 101
29 103
29 111
29 112
30 30
30 31
30 44
30 45
30 48
30 50
30 66
30 67
30 70
30 71
30 86
31 31
31 70
31 71
31 82
31 83
31 86
32 32
32 33
32 58
32 59
32 60
32 61
32 62
32 63
32 65
32 66
32 68
32 72
32 74
32 75
32 76
32 77
32 79
32 81
32 111
33 33
33 35
33 57
33 60
33 61
33 62
33 63
33 72
33 75
33 76
33 77
33 79
33 81
33 82
33 111
34 34
34 35
34 44
34 45
34 48
34 50
34 64
34 67
34 71
34 82
34 84
34 85
34 88
34 92
34 93
34 110
35 35
35 45
35 64
35 65
35 67
35 71
35 77
35 79
35 84
35 85
35 87
35 88
35 110
36 36
36 38
36 40
36 41
36 54
36 68
36 70
36 72
36 76
36 78
36 80
36 95
36 100
36 102
36 104
36 108
36 115
37 37
37 38
37 39
37 41
37 47
37 52
37 53
37 54
37 55
37 73
37 74
37 75
37 76
37 77
37 85
37 87
37 89
37 94
37 95
37 96
37 97
37 98
37 99
37 106
37 107
37 108
37 111
37 112
37 115
38 38
38 39
38 40
38 41
38 53
38 54
38 55
38 70
38 74
38 87
38 89
38 94
38 95
38 96
38 97
38 98
38 102
38 106
38 107
38 108
38 115
39 39
39 40
39 41
39 53
39 54
39 55
39 57
39 59
39 61
39 73
39 74
39 77
39 87
39 89
39 94
39 95
39 96
39 97
39 102
39 106
39 107
39 108
39 109
39 115
40 40
40 41
40 53
40 54
40 70
40 72
40 74
40 86
40 89
40 96
40 106
40 115
41 41
41 58
41 59
41 61
41 66
41 68
41 72
41 73
41 74
41 80
41 89
41 96
41 101
41 102
41 103
41 104
41 105
41 106
41 108
41 113
42 42
42 43
42 44
42 45
42 46
42 47
42 49
42 50
42 51
42 78
42 80
42 81
42 83
42 101
42 110
42 111
43 43
43 44
43 45
43 46
43 47
43 49
43 51
43 55
43 78
43 80
43 81
43 96
43 98
43 101
43 110
43 111
44 44
44 45
44 48
44 49
44 50
44 51
44 58
44 64
44 66
44 83
44 84
45 45
45 48
45 49
45 50
45 51
45 64
45 66
45 67
45 85
45 110
46 46
46 47
46 49
46 51
46 53
46 55
46 78
46 90
46 96
46 97
46 98
46 99
46 109
46 110
46 111
46 112
47 47
47 55
47 57
47 63
47 68
47 77
47 79
47 81
47 96
47 97
47 98
47 99
47 101
47 110
47 111
47 112
48 48
48 49
48 50
48 51
48 64
48 66
48 84
48 88
49 49
49 51
49 66
50 50
50 51
50 64
50 66
50 83
50 84
50 88
51 51
51 53
51 66
51 96
52 52
52 53
52 54
52 75
52 76
52 89
52 90
52 91
52 93
52 113
53 53
53 54
53 55
53 85
53 86
53 87
53 89
53 90
53 91
53 92
53 93
53 96
53 97
53 99
53 109
53 112
54 54
54 55
54 74
54 86
54 87
54 88
54 89
54 90
54 94
54 96
54 97
54 98
54 106
54 115
55 55
55 73
55 74
55 77
55 85
55 87
55 89
55 90
55 94
55 95
55 96
55 97
55 98
55 99
55 108
55 109
55 110
55 111
55 112
56 56
56 57
56 62
56 68
56 69
56 78
56 79
56 80
56 81
56 100
56 111
57 57
57 59
57 61
57 63
57 68
57 69
57 77
57 78
57 79
57 81
57 89
57 98
57 100
57 102
57 104
57 107
57 111
58 58
58 59
58 60
58 61
58 63
58 66
58 68
58 72
58 73
58 74
58 75
58 80
58 102
58 103
58 104
58 106
59 59
59 60
59 61
59 63
59 66
59 68
59 72
59 73
59 74
59 75
59 96
59 100
59 101
59 102
59 103
59 104
59 105
59 106
59 107
59 111
59 114
59 115
60 60
60 61
60 62
60 63
60 64
60 65
60 66
60 68
60 72
60 80
60 81
60 101
60 102
60 103
61 61
61 62
61 63
61 65
61 66
61 68
61 69
61 72
61 74
61 100
61 101
61 102
61 103
61 104
61 106
61 111
62 62
62 63
62 64
62 68
62 69
62 72
62 79
62 80
62 81
62 82
62 83
62 101
62 111
63 63
63 65
63 68
63 69
63 72
63 79
63 81
63 100
63 101
63 102
63 111
64 64
64 65
64 69
64 82
64 84
64 88
64 92
64 93
65 65
65 79
65 89
66 66
66 67
66 102
66 103
66 104
67 67
67 85
68 68
68 69
68 72
68 74
68 78
68 79
68 80
68 81
68 90
68 101
68 102
68 104
68 111
69 69
69 90
69 100
69 101
69 102
69 104
69 105
69 111
70 70
70 71
70 72
70 73
70 74
70 75
70 76
70 77
70 94
70 96
70 105
70 109
70 115
71 71
71 73
71 75
71 77
71 85
71 86
71 110
72 72
72 73
72 74
72 75
72 76
72 78
72 80
72 81
72 98
72 101
72 103
72 105
72 111
72 112
72 115
73 73
73 74
73 75
73 76
73 77
73 79
73 89
73 96
73 99
73 105
73 111
73 112
73 114
73 115
74 74
74 75
74 76
74 77
74 78
74 80
74 89
74 96
74 98
74 99
74 105
74 106
74 111
74 112
74 115
75 75
75 76
75 77
75 79
75 81
75 112
75 114
75 115
76 76
76 77
76 78
76 79
76 115
77 77
77 79
77 81
77 85
77 91
77 99
77 107
77 110
77 111
77 112
77 115
78 78
78 80
78 81
78 83
78 98
78 101
78 102
78 104
78 111
78 112
79 79
79 81
79 111
80 80
80 81
80 83
80 101
80 102
80 103
80 104
80 111
81 81
81 111
82 82
82 83
82 84
82 86
82 88
82 91
82 92
82 93
83 83
83 84
83 101
84 84
84 86
84 88
84 92
84 93
85 85
85 87
85 88
85 89
85 92
85 110
86 86
86 87
86 88
87 87
87 88
87 89
87 92
87 94
87 96
87 106
87 108
87 110
87 115
88 88
89 89
89 90
89 96
89 97
89 106
89 107
90 90
90 91
90 92
90 93
90 97
90 98
90 99
90 112
91 91
91 92
91 93
91 99
91 112
92 92
92 93
92 97
92 99
92 100
92 109
92 112
92 113
93 93
93 109
93 112
94 94
94 95
94 96
94 97
94 98
94 99
94 106
94 107
94 108
94 110
94 115
95 95
95 96
95 97
95 106
95 107
95 108
95 109
96 96
96 97
96 98
96 99
96 102
96 104
96 106
96 108
96 109
96 110
96 111
96 114
96 115
97 97
97 99
97 108
97 109
98 98
98 99
98 106
98 110
98 111
98 112
98 114
98 115
99 99
99 101
99 109
99 110
99 111
99 112
100 100
100 101
100 102
100 103
100 104
100 106
100 113
101 101
101 102
101 103
101 104
101 105
101 106
101 111
101 114
102 102
102 103
102 104
102 105
102 106
102 111
102 113
102 114
102 115
103 103
103 104
103 105
103 106
103 114
103 115
104 104
104 105
104 106
104 113
104 115
105 105
105 106
105 107
105 109
105 114
105 115
106 106
106 107
106 108
106 113
106 114
106 115
107 107
107 108
107 115
108 108
108 109
108 115
109 109
110 110
110 111
111 111
111 112
112 112
112 113
113 113
113 114
114 114
114 115
115 115
