0 0
0 1
0 10
0 11
0 12
0 14
0 16
0 17
0 18
0 19
0 28
0 29
0 40
0 54
0 56
0 58
0 60
0 61
0 63
0 72
0 82
0 83
0 84
0 86
0 89
0 101
0 103
1 1
1 10
1 11
1 15
1 19
1 52
1 57
1 58
1 59
1 61
1 63
1 68
1 89
1 90
1 102
1 112
2 2
2 3
2 4
2 5
2 6
2 7
2 8
2 9
2 13
2 15
2 18
2 22
2 23
2 24
2 26
2 60
2 64
2 65
2 67
2 70
2 85
2 88
2 92
2 93
2 107
3 3
3 4
3 5
3 6
3 7
3 8
3 9
3 12
3 13
3 15
3 18
3 45
3 49
3 51
3 60
3 65
3 67
3 92
3 93
3 100
3 105
3 106
3 107
3 114
4 4
4 5
4 6
4 7
4 8
4 9
4 13
4 24
4 26
4 35
4 51
4 53
4 65
4 91
4 92
4 93
4 107
4 111
4 114
5 5
5 7
5 8
5 9
5 15
5 23
5 24
5 25
5 26
5 45
5 50
5 51
5 65
5 67
5 70
5 89
5 92
5 115
6 6
6 7
6 8
6 9
6 10
6 11
6 12
6 13
6 14
6 15
6 18
6 22
6 23
6 30
6 31
6 60
6 64
6 65
6 67
6 70
6 83
6 84
6 85
6 88
6 92
6 93
6 107
7 7
7 8
7 9
7 12
7 13
7 15
7 18
7 35
7 45
7 65
7 67
7 70
7 92
7 93
7 100
7 105
7 106
7 107
8 8
8 9
8 12
8 13
8 14
8 15
8 18
8 24
8 26
8 60
8 61
8 64
8 65
8 69
8 88
8 92
8 93
8 100
8 101
9 9
9 11
9 12
9 13
9 15
9 26
9 51
9 60
9 65
9 90
9 92
9 100
10 10
10 11
10 12
10 13
10 14
10 15
10 17
10 19
10 28
10 29
10 30
10 60
10 61
10 64
10 72
10 76
10 82
10 83
10 84
10 86
10 88
10 89
11 11
11 12
11 13
11 14
11 15
11 17
11 48
11 50
11 52
11 60
11 61
11 65
11 83
11 84
11 85
11 87
11 88
11 89
11 90
11 92
12 12
12 13
12 14
12 15
12 17
12 28
12 29
12 48
12 52
12 54
12 60
12 61
12 65
12 72
12 83
12 89
13 13
13 14
13 15
13 17
13 29
13 52
13 60
13 61
13 62
13 65
13 83
13 90
13 92
13 100
13 113
13 115
14 14
14 15
14 19
14 22
14 23
14 26
14 27
14 28
14 30
14 31
14 60
14 61
14 64
14 72
14 82
14 83
14 84
14 85
14 86
14 87
14 88
14 89
14 93
15 15
15 17
15 23
15 26
15 52
15 60
15 61
15 64
15 65
15 83
15 84
15 88
15 89
15 92
15 93
16 16
16 17
16 28
16 29
16 32
16 36
16 37
16 38
16 39
16 40
16 54
16 56
16 62
16 68
16 72
16 76
16 77
16 78
16 79
16 80
16 81
16 96
16 99
16 105
17 17
17 19
17 28
17 29
17 32
17 33
17 36
17 39
17 60
17 62
17 63
17 72
17 75
17 76
17 77
17 78
17 79
17 80
17 81
17 82
17 83
17 95
17 98
17 112
17 113
18 18
18 28
18 40
18 60
18 91
18 93
18 101
19 19
19 28
19 33
19 56
19 57
19 58
19 59
19 63
19 68
19 69
19 72
19 76
19 77
19 79
19 82
19 83
19 84
19 86
19 87
19 88
19 91
19 102
19 112
20 20
20 21
20 22
20 23
20 24
20 25
20 27
20 30
20 31
20 36
20 38
20 39
20 40
20 41
20 64
20 66
20 86
20 94
20 105
20 107
20 110
20 114
21 21
21 22
21 23
21 24
21 25
21 27
21 30
21 31
21 34
21 38
21 44
21 47
21 66
21 67
21 71
21 85
21 86
21 94
21 96
21 107
21 110
22 22
22 23
22 24
22 25
22 27
22 30
22 31
22 38
22 64
22 69
22 70
22 71
22 84
22 85
22 86
22 87
22 88
22 94
22 107
22 110
22 114
23 23
23 24
23 25
23 26
23 27
23 30
23 31
23 38
23 64
23 71
23 78
23 82
23 83
23 84
23 85
23 86
23 87
23 88
23 93
23 94
23 107
23 114
24 24
24 25
24 26
24 27
24 30
24 31
24 53
24 64
24 85
24 86
24 87
24 88
24 94
24 107
24 114
25 25
25 27
25 30
25 31
25 34
25 38
25 45
25 47
25 64
25 66
25 67
25 69
25 71
25 86
25 87
25 94
25 96
25 107
25 110
26 26
26 27
26 53
26 61
26 64
26 65
26 69
26 87
26 88
26 89
26 93
26 114
27 27
27 30
27 31
27 38
27 50
27 57
27 64
27 66
27 69
27 82
27 84
27 85
27 86
27 87
27 88
27 94
27 107
27 110
27 114
27 115
28 28
28 29
28 30
28 31
28 32
28 33
28 36
28 38
28 39
28 40
28 64
28 71
28 72
28 73
28 74
28 76
28 77
28 78
28 79
28 80
28 81
28 82
28 83
28 84
28 86
28 88
29 29
29 30
29 31
29 32
29 33
29 34
29 36
29 37
29 39
29 40
29 62
29 71
29 72
29 73
29 74
29 75
29 76
29 77
29 80
29 81
29 83
30 30
30 31
30 34
30 36
30 38
30 40
30 41
30 57
30 64
30 71
30 72
30 73
30 74
30 76
30 77
30 78
30 82
30 83
30 84
30 85
30 86
30 87
30 88
31 31
31 36
31 38
31 41
31 64
31 71
31 72
31 73
31 74
31 76
31 78
31 82
31 83
31 84
31 85
31 86
31 88
32 32
32 33
32 34
32 35
32 36
32 37
32 38
32 39
32 40
32 41
32 44
32 62
32 68
32 72
32 73
32 75
32 76
32 77
32 79
32 80
32 81
32 105
32 106
32 110
33 33
33 34
33 35
33 37
33 62
33 68
33 69
33 71
33 72
33 73
33 75
33 76
33 77
33 79
33 81
33 103
33 104
34 34
34 35
34 37
34 40
34 41
34 43
34 44
34 45
34 47
34 67
34 71
34 73
34 74
34 75
34 76
34 77
34 110
35 35
35 37
35 41
35 44
35 45
35 47
35 49
35 66
35 67
35 69
35 100
35 101
35 103
35 104
35 105
35 106
35 110
35 111
36 36
36 37
36 38
36 39
36 40
36 41
36 55
36 57
36 71
36 72
36 73
36 74
36 76
36 77
36 78
36 79
36 80
36 81
36 82
36 83
36 84
36 96
36 105
36 113
37 37
37 38
37 39
37 40
37 41
37 71
37 72
37 73
37 74
37 75
37 76
37 77
37 80
37 81
37 95
37 96
37 99
37 104
37 105
37 108
37 109
37 110
37 113
38 38
38 39
38 40
38 41
38 54
38 72
38 77
38 80
38 82
38 86
38 94
38 96
38 108
38 110
38 113
38 114
39 39
39 40
39 41
39 54
39 55
39 56
39 72
39 77
39 80
39 81
39 94
39 95
39 96
39 98
39 99
39 103
39 104
39 105
39 108
39 110
39 113
40 40
40 41
40 54
40 56
40 72
40 73
40 74
40 75
40 76
40 77
40 80
40 81
40 82
40 83
40 99
40 101
40 105
40 113
41 41
41 70
41 71
41 73
41 74
41 75
41 76
41 77
41 110
42 42
42 43
42 44
42 45
42 46
42 47
42 48
42 49
42 50
42 51
42 53
42 55
42 96
42 97
42 98
42 99
42 109
42 110
42 111
42 112
43 43
43 44
43 45
43 46
43 47
43 49
43 50
43 51
43 55
43 67
43 80
43 96
43 97
43 98
43 99
43 105
43 110
43 111
44 44
44 45
44 46
44 47
44 48
44 49
44 50
44 51
44 55
44 67
44 96
44 98
44 99
44 105
44 106
44 107
44 110
44 111
45 45
45 46
45 47
45 48
45 49
45 50
45 51
45 55
45 65
45 67
45 92
45 96
45 105
45 106
45 107
45 110
45 111
46 46
46 47
46 48
46 49
46 50
46 51
46 52
46 53
46 55
46 56
46 62
46 63
46 81
46 90
46 96
46 97
46 98
46 99
46 109
46 111
46 112
47 47
47 49
47 50
47 51
47 55
47 67
47 80
47 81
47 96
47 97
47 98
47 99
47 109
47 110
47 111
48 48
48 49
48 50
48 51
48 52
48 54
48 55
48 58
48 59
48 60
48 61
48 65
48 67
48 89
48 90
48 96
48 98
48 100
48 102
48 106
49 49
49 50
49 51
49 55
49 62
49 65
49 67
49 90
49 95
49 96
49 97
49 98
49 99
49 100
49 102
49 106
49 109
49 111
49 112
50 50
50 51
50 52
50 53
50 65
50 67
50 87
50 96
50 97
50 98
50 110
50 114
50 115
51 51
51 52
51 53
51 55
51 59
51 61
51 65
51 67
51 89
51 90
51 98
51 100
51 102
52 52
52 53
52 54
52 55
52 58
52 60
52 61
52 63
52 89
52 90
52 91
52 98
53 53
53 63
53 87
53 90
53 91
53 97
53 98
53 99
53 109
53 111
53 112
53 114
53 115
54 54
54 55
54 56
54 58
54 59
54 60
54 61
54 63
54 68
54 89
54 96
54 98
54 103
55 55
55 80
55 89
55 96
55 97
55 98
55 99
55 105
56 56
56 57
56 58
56 59
56 63
56 66
56 68
56 79
56 80
56 81
56 96
56 99
56 102
56 103
56 112
57 57
57 59
57 63
57 66
57 68
57 69
57 78
57 79
57 81
57 82
57 84
57 86
57 87
57 88
58 58
58 59
58 61
58 63
58 66
58 68
58 69
58 86
58 101
58 102
58 103
59 59
59 61
59 63
59 66
59 68
59 69
59 89
59 101
59 102
59 103
59 104
60 60
60 61
60 63
60 65
60 89
60 90
60 93
60 100
60 101
61 61
61 63
61 65
61 88
61 89
61 90
61 100
61 101
61 102
61 103
62 62
62 63
62 72
62 79
62 80
62 81
62 98
62 109
62 113
63 63
63 68
63 79
63 81
63 82
63 90
63 98
63 102
63 112
64 64
64 69
64 70
64 71
64 76
64 82
64 83
64 84
64 85
64 86
64 87
64 88
64 94
65 65
65 67
65 92
65 93
65 100
65 106
66 66
66 67
66 68
66 69
66 86
66 94
66 102
66 103
66 106
66 107
66 110
67 67
67 69
67 100
67 105
67 106
67 107
67 110
68 68
68 69
68 79
68 81
68 86
68 99
68 102
68 103
68 112
69 69
69 86
69 88
69 94
69 103
69 104
69 107
70 70
70 71
70 73
70 74
70 75
70 76
70 77
70 83
70 92
70 113
71 71
71 73
71 74
71 75
71 76
71 77
71 78
71 79
71 83
71 110
72 72
72 73
72 74
72 75
72 76
72 77
72 78
72 79
72 80
72 81
72 82
72 83
72 84
72 113
73 73
73 74
73 75
73 76
73 77
73 83
73 113
74 74
74 75
74 76
74 77
74 83
74 84
74 85
74 109
75 75
75 76
75 77
75 83
75 113
76 76
76 77
76 79
76 80
76 81
76 82
76 83
76 95
76 109
76 113
77 77
77 79
77 80
77 81
77 82
77 83
77 95
77 99
77 109
77 110
77 112
77 113
78 78
78 79
78 80
78 81
78 84
78 85
79 79
79 80
79 81
79 82
79 95
79 104
79 112
80 80
80 81
80 95
80 96
80 98
80 99
80 105
80 109
80 110
80 112
81 81
81 95
81 96
81 97
81 98
81 99
81 109
81 110
81 112
82 82
82 83
82 84
82 85
82 86
82 87
82 88
83 83
83 84
83 85
83 86
83 88
84 84
84 85
84 86
84 87
84 88
85 85
85 86
85 87
85 88
85 92
86 86
86 87
86 88
86 114
87 87
87 88
87 114
88 88
88 89
88 93
89 89
89 90
89 91
89 93
90 90
90 91
90 92
90 98
90 99
90 100
90 101
90 102
90 103
90 111
90 112
91 91
91 92
91 93
91 99
91 100
91 101
91 103
91 108
91 109
91 111
92 92
92 93
92 100
92 101
93 93
93 94
93 100
93 101
93 103
94 94
94 97
94 104
94 105
94 107
94 110
94 114
94 115
95 95
95 96
95 97
95 99
95 104
95 108
95 109
95 110
95 111
95 112
95 113
96 96
96 97
96 98
96 99
96 110
96 113
97 97
97 98
97 99
97 102
97 104
97 109
97 110
97 111
97 112
97 113
97 114
97 115
98 98
98 99
98 111
98 112
99 99
99 103
99 109
99 110
99 111
99 112
99 113
100 100
100 101
100 102
100 103
100 104
100 105
100 106
101 101
101 102
101 103
101 106
102 102
102 103
102 104
102 108
102 112
103 103
103 104
103 105
103 106
104 104
104 105
104 106
104 109
104 113
105 105
105 106
105 107
106 106
106 107
107 107
108 108
108 114
109 109
109 110
109 111
109 112
109 113
110 110
110 111
110 113
111 111
111 112
112 112
113 113
113 114
114 114
114 115
115 115
