0 0
0 1
0 6
0 12
0 16
0 37
0 39
0 58
0 60
0 61
0 66
0 76
0 79
0 101
0 103
1 1
1 5
1 6
1 7
1 9
1 11
1 12
1 13
1 19
1 26
1 58
1 59
1 61
1 65
1 68
1 90
1 91
1 104
1 105
1 107
1 115
2 2
2 3
2 4
2 5
2 6
2 7
2 8
2 18
2 20
2 22
2 23
2 24
2 25
2 26
2 27
2 30
2 34
2 35
2 48
2 50
2 51
2 52
2 67
2 70
2 88
2 106
2 109
2 110
3 3
3 4
3 5
3 6
3 7
3 8
3 9
3 14
3 18
3 20
3 21
3 22
3 23
3 25
3 26
3 27
3 31
3 34
3 35
3 50
3 64
3 67
3 70
3 85
3 92
3 106
3 108
3 109
3 110
4 4
4 5
4 6
4 7
4 8
4 9
4 11
4 14
4 19
4 20
4 23
4 24
4 26
4 27
4 35
4 44
4 45
4 48
4 49
4 51
4 64
4 67
4 90
4 114
4 115
5 5
5 6
5 7
5 8
5 9
5 10
5 11
5 14
5 19
5 20
5 23
5 24
5 25
5 26
5 27
5 35
5 51
5 52
5 65
5 66
5 67
5 69
5 88
5 90
5 92
5 106
6 6
6 7
6 8
6 9
6 18
6 19
6 20
6 23
6 26
6 27
6 33
6 93
7 7
7 8
7 9
7 10
7 11
7 19
7 20
7 23
7 26
7 27
7 34
7 35
7 51
7 67
7 90
7 92
8 8
8 9
8 11
8 14
8 19
8 20
8 23
8 25
8 26
8 27
8 33
8 52
8 67
8 69
8 90
8 100
8 108
8 115
9 9
9 11
9 18
9 19
9 23
9 26
9 35
9 44
9 64
9 67
9 90
10 10
10 11
10 12
10 14
10 23
10 26
10 27
10 35
10 48
10 50
10 51
10 64
10 65
10 67
10 82
10 84
10 90
10 92
11 11
11 12
11 13
11 26
11 27
11 35
11 51
11 58
11 65
11 67
11 71
11 82
11 90
11 92
11 104
11 105
11 113
12 12
12 13
12 14
12 15
12 17
12 38
12 39
12 48
12 50
12 54
12 58
12 60
12 61
12 65
12 70
12 71
12 73
12 75
12 77
12 82
12 88
12 89
12 93
12 94
12 97
12 101
12 103
12 104
12 105
13 13
13 15
13 48
13 65
13 71
13 87
13 89
14 14
14 15
14 21
14 22
14 23
14 25
14 26
14 27
14 38
14 54
14 64
14 82
14 83
14 84
14 85
14 92
14 93
14 101
14 106
14 108
15 15
15 16
15 28
15 29
15 34
15 54
15 62
15 64
15 65
15 72
15 73
15 74
15 75
15 76
15 77
15 79
15 83
15 88
15 89
15 92
15 93
15 94
15 97
15 101
15 106
15 109
16 16
16 17
16 28
16 29
16 56
16 60
16 62
16 63
16 72
16 73
16 74
16 76
16 78
16 79
16 80
16 81
16 84
16 97
16 101
16 102
16 108
16 109
17 17
17 29
17 56
17 57
17 58
17 59
17 60
17 61
17 62
17 63
17 71
17 72
17 73
17 74
17 75
17 79
17 88
17 89
17 97
17 100
17 101
17 102
17 103
17 104
17 105
18 18
18 22
18 23
18 25
18 27
18 30
18 48
18 62
18 66
18 67
18 72
18 88
18 106
18 109
19 19
19 20
19 32
19 33
19 56
19 57
19 66
19 67
19 68
19 69
19 90
19 91
19 104
19 105
19 107
20 20
20 21
20 23
20 25
20 26
20 27
20 30
20 31
20 32
20 33
20 41
20 43
20 53
20 69
20 106
20 108
21 21
21 22
21 25
21 27
21 28
21 37
21 41
21 42
21 56
21 78
21 80
21 81
21 82
21 83
21 98
21 106
21 108
22 22
22 23
22 25
22 26
22 27
22 30
22 34
22 48
22 50
22 52
22 53
22 54
22 70
22 96
22 106
22 109
22 110
23 23
23 24
23 25
23 26
23 27
23 30
23 31
23 35
23 48
23 50
23 51
23 52
23 66
23 67
23 69
23 70
23 71
23 82
23 88
23 90
23 92
23 93
23 106
24 24
24 25
24 27
24 30
24 34
24 35
24 50
24 51
24 67
24 70
24 71
24 73
24 89
24 92
24 106
24 109
25 25
25 27
25 30
25 66
25 67
25 70
25 88
25 92
25 93
25 94
25 101
25 102
25 106
25 109
26 26
26 27
26 48
26 50
26 51
26 64
26 65
26 67
26 82
26 90
26 91
26 92
26 93
26 104
26 105
26 106
26 107
26 114
26 115
27 27
27 50
27 51
27 52
27 66
27 67
27 82
27 90
27 92
27 93
27 106
28 28
28 29
28 41
28 56
28 62
28 72
28 73
28 74
28 76
28 78
28 79
28 80
28 81
28 83
28 84
28 95
28 99
28 108
29 29
29 41
29 56
29 62
29 63
29 72
29 73
29 74
29 75
29 76
29 77
29 78
29 79
29 80
29 81
29 95
29 97
29 99
29 101
29 109
30 30
30 31
30 32
30 33
30 42
30 43
30 49
30 50
30 63
30 70
31 31
31 32
31 33
31 40
31 42
31 43
31 44
31 49
31 50
31 67
31 82
31 85
31 107
31 110
32 32
32 33
32 42
32 43
32 47
32 52
32 53
32 56
32 57
32 63
32 68
32 69
32 111
32 112
33 33
33 42
33 43
33 44
33 47
33 56
33 57
33 68
33 69
33 80
33 83
33 108
33 111
33 112
33 115
34 34
34 35
34 46
34 47
34 48
34 50
34 51
34 54
34 55
34 64
34 65
34 67
34 70
34 71
34 75
34 76
34 77
34 88
34 89
34 97
34 109
34 110
35 35
35 47
35 48
35 51
35 67
35 70
35 71
35 73
35 75
35 76
35 77
35 90
35 94
35 97
35 109
35 110
36 36
36 37
36 38
36 39
36 40
36 41
36 46
36 47
36 54
36 55
36 68
36 73
36 74
36 76
36 77
36 78
36 79
36 80
36 81
36 85
36 87
36 94
36 95
36 96
36 97
36 99
36 110
36 111
37 37
37 38
37 39
37 40
37 41
37 46
37 47
37 54
37 55
37 73
37 74
37 75
37 76
37 77
37 79
37 85
37 87
37 95
37 96
37 97
37 108
37 109
37 110
38 38
38 39
38 40
38 41
38 46
38 54
38 55
38 60
38 61
38 85
38 87
38 88
38 89
38 94
38 95
38 96
38 97
38 104
38 107
38 114
38 115
39 39
39 40
39 41
39 46
39 54
39 55
39 60
39 61
39 65
39 85
39 86
39 87
39 89
39 94
39 95
39 96
39 97
39 104
39 107
39 114
39 115
40 40
40 41
40 46
40 47
40 55
40 74
40 76
40 80
40 85
40 87
40 96
40 97
40 99
40 110
40 111
41 41
41 72
41 73
41 74
41 75
41 78
41 79
41 80
41 81
41 83
41 85
41 95
41 96
41 97
41 108
41 109
42 42
42 43
42 44
42 45
42 46
42 47
42 49
42 51
42 53
42 55
42 57
42 80
42 81
42 83
42 98
42 99
42 108
42 110
42 111
42 112
42 115
43 43
43 44
43 45
43 46
43 47
43 49
43 51
43 53
43 83
43 85
43 98
43 99
43 107
43 108
43 110
43 111
43 112
43 114
43 115
44 44
44 45
44 48
44 49
44 50
44 51
44 52
44 64
44 67
44 107
44 114
44 115
45 45
45 48
45 49
45 50
45 51
45 64
45 67
45 84
45 107
45 114
45 115
46 46
46 47
46 53
46 55
46 74
46 75
46 76
46 77
46 79
46 80
46 81
46 96
46 97
46 98
46 99
46 109
46 110
46 111
46 112
47 47
47 51
47 52
47 53
47 55
47 68
47 76
47 77
47 96
47 98
47 99
47 110
47 111
48 48
48 49
48 50
48 51
48 52
48 54
48 58
48 65
48 66
48 67
48 71
48 88
48 91
48 105
48 114
49 49
49 50
49 51
49 52
49 53
49 66
49 67
49 90
49 91
49 105
49 107
49 114
49 115
50 50
50 51
50 52
50 54
50 64
50 65
50 67
50 82
50 84
50 110
50 113
51 51
51 52
51 53
51 65
51 66
51 67
51 90
51 91
51 105
51 107
51 114
51 115
52 52
52 53
52 66
52 67
52 69
52 90
52 91
52 93
53 53
53 57
53 76
53 98
53 99
53 106
53 108
53 110
53 111
54 54
54 55
54 65
54 70
54 75
54 76
54 77
54 87
54 88
54 89
54 94
54 96
54 97
54 109
55 55
55 61
55 73
55 74
55 75
55 76
55 77
55 79
55 86
55 87
55 89
55 94
55 96
55 97
55 98
55 99
55 109
55 110
55 111
55 112
56 56
56 57
56 58
56 59
56 60
56 62
56 63
56 68
56 69
56 79
56 80
56 81
56 83
56 95
56 98
56 100
56 102
56 103
56 104
56 105
56 112
57 57
57 58
57 59
57 60
57 61
57 63
57 68
57 69
57 79
57 80
57 81
57 91
57 98
57 99
57 104
57 105
57 111
57 112
58 58
58 59
58 60
58 61
58 62
58 63
58 66
58 69
58 88
58 89
58 101
58 102
58 103
58 104
58 105
58 107
58 114
59 59
59 60
59 61
59 63
59 65
59 66
59 69
59 88
59 90
59 91
59 101
59 102
59 103
59 104
59 105
59 114
60 60
60 61
60 62
60 63
60 66
60 79
60 87
60 88
60 89
60 94
60 101
60 102
60 103
60 104
60 105
60 107
61 61
61 63
61 65
61 86
61 87
61 98
61 103
61 104
61 105
61 107
61 112
61 114
61 115
62 62
62 63
62 72
62 73
62 74
62 79
62 80
62 81
62 88
62 97
62 101
62 112
63 63
63 72
63 79
63 81
63 98
63 101
63 102
63 103
63 104
63 105
63 112
64 64
64 65
64 84
65 65
65 71
65 88
65 89
65 94
65 104
65 105
66 66
66 67
66 69
66 90
66 91
66 93
66 101
66 102
66 103
66 104
66 105
66 107
66 114
67 67
67 69
67 82
67 88
67 90
67 91
67 92
67 93
67 105
68 68
68 69
68 80
68 81
68 98
68 100
68 111
68 112
69 69
69 90
69 91
69 104
69 105
69 107
70 70
70 71
70 73
70 74
70 75
70 76
70 77
70 79
70 88
70 89
70 94
70 96
70 97
70 106
70 109
70 110
71 71
71 73
71 74
71 75
71 76
71 77
71 88
71 89
71 109
72 72
72 73
72 74
72 75
72 76
72 77
72 78
72 79
72 80
72 81
72 83
72 95
72 96
72 97
72 99
72 108
72 109
72 112
73 73
73 74
73 75
73 76
73 77
73 79
73 94
73 96
73 97
73 109
74 74
74 75
74 76
74 77
74 78
74 79
74 80
74 81
74 95
74 96
74 97
74 99
74 108
74 109
74 112
75 75
75 76
75 77
75 79
75 88
75 89
75 94
75 96
75 97
75 99
75 109
75 110
76 76
76 77
76 79
76 80
76 81
76 94
76 95
76 96
76 97
76 98
76 99
76 109
76 110
76 111
77 77
77 79
77 88
77 89
77 94
77 96
77 97
77 99
77 109
77 110
78 78
78 79
78 80
78 81
78 83
78 84
78 99
78 100
78 108
78 111
79 79
79 80
79 81
79 89
79 94
79 95
79 96
79 97
79 98
79 99
79 109
79 112
80 80
80 81
80 83
80 84
80 85
80 95
80 96
80 98
80 99
80 100
80 108
80 111
80 112
81 81
81 83
81 84
81 95
81 96
81 98
81 99
81 108
81 111
81 112
82 82
82 84
82 85
82 86
82 87
82 107
82 114
83 83
83 84
83 85
83 87
83 95
83 108
83 111
83 112
83 113
83 115
84 84
84 85
84 108
85 85
85 87
85 95
85 108
85 110
85 111
85 113
85 115
86 86
86 87
86 96
86 107
86 110
87 87
87 89
87 94
87 96
87 97
87 107
87 114
88 88
88 89
88 94
88 97
88 101
89 89
89 94
89 96
89 97
90 90
90 91
90 92
90 104
90 105
91 91
91 92
91 93
91 98
91 99
91 105
92 92
92 93
92 100
92 101
92 102
92 106
93 93
93 100
93 101
93 102
93 103
93 106
94 94
94 96
94 97
94 101
94 109
95 95
95 97
95 108
95 109
96 96
96 97
96 98
96 99
96 109
96 110
96 111
96 112
97 97
97 109
97 110
98 98
98 99
98 110
98 111
98 112
99 99
99 110
99 111
99 112
100 100
100 101
100 102
100 103
100 106
101 101
101 102
101 103
101 104
101 105
101 106
102 102
102 103
102 104
102 105
102 106
103 103
103 104
103 105
103 107
103 114
103 115
104 104
104 105
104 107
104 114
104 115
105 105
105 107
105 114
105 115
106 106
106 108
106 109
107 107
107 114
107 115
108 108
108 109
109 109
109 110
110 110
110 111
111 111
111 112
111 113
112 112
112 113
113 113
113 114
113 115
114 114
114 115
115 115
