0 0
0 1
0 10
0 14
0 15
0 16
0 18
0 19
0 22
0 30
0 40
0 56
0 60
0 82
0 84
0 86
0 87
0 89
0 91
0 93
0 98
0 99
0 101
0 102
0 103
0 107
1 1
1 16
1 19
1 32
1 39
1 52
1 56
1 57
1 59
1 62
1 63
1 68
1 78
1 80
1 81
1 83
1 98
1 99
1 103
1 111
1 112
2 2
2 3
2 4
2 6
2 7
2 8
2 12
2 18
2 22
2 23
2 24
2 58
2 60
2 61
2 64
2 65
2 88
2 89
2 93
3 3
3 4
3 5
3 7
3 9
3 14
3 22
3 23
3 25
3 30
3 31
3 64
3 65
3 82
3 85
3 86
3 88
3 89
3 90
3 92
3 100
3 102
3 114
4 4
4 5
4 6
4 7
4 8
4 9
4 22
4 23
4 24
4 26
4 38
4 54
4 58
4 59
4 60
4 61
4 64
4 65
4 66
4 67
4 69
4 88
5 5
5 7
5 8
5 9
5 23
5 24
5 25
5 26
5 27
5 45
5 65
5 67
5 69
5 92
5 94
5 100
6 6
6 7
6 8
6 10
6 12
6 13
6 14
6 18
6 22
6 23
6 24
6 34
6 40
6 58
6 60
6 64
6 65
6 88
6 89
6 93
7 7
7 8
7 9
7 11
7 13
7 54
7 58
7 59
7 60
7 61
7 62
7 63
7 70
7 88
7 89
7 100
7 102
8 8
8 9
8 10
8 12
8 13
8 14
8 15
8 21
8 22
8 24
8 58
8 60
8 61
8 64
8 65
8 82
8 86
8 88
9 9
9 13
9 61
9 65
9 70
9 88
9 92
9 100
10 10
10 11
10 12
10 13
10 14
10 15
10 16
10 18
10 28
10 56
10 60
10 61
10 62
10 63
10 82
10 83
10 84
10 88
10 101
10 104
10 107
11 11
11 12
11 13
11 15
11 17
11 28
11 29
11 30
11 33
11 36
11 37
11 40
11 41
11 61
11 72
11 74
11 75
11 76
11 77
11 78
11 83
11 100
12 12
12 13
12 14
12 15
12 22
12 28
12 30
12 33
12 35
12 40
12 41
12 60
12 64
13 13
13 15
13 16
13 28
13 30
13 33
13 35
13 60
13 61
13 62
13 71
13 72
13 75
13 77
13 83
14 14
14 15
14 16
14 18
14 19
14 20
14 21
14 22
14 23
14 28
14 30
14 31
14 35
14 40
14 41
14 64
14 73
14 74
14 75
14 77
14 82
14 83
14 84
14 85
14 86
14 87
14 88
14 89
14 92
14 93
15 15
15 16
15 21
15 28
15 30
15 31
15 40
15 60
15 62
15 82
15 83
15 84
15 85
15 86
15 87
15 88
15 92
15 93
15 101
15 102
16 16
16 17
16 19
16 28
16 29
16 30
16 56
16 57
16 62
16 68
16 72
16 80
16 81
16 82
16 83
16 84
16 98
16 99
16 101
16 102
16 104
16 106
16 107
16 111
16 112
17 17
17 19
17 20
17 27
17 28
17 29
17 30
17 31
17 33
17 34
17 36
17 37
17 39
17 40
17 41
17 56
17 57
17 68
17 72
17 73
17 74
17 75
17 76
17 77
17 78
17 79
17 80
17 81
17 82
17 83
17 84
17 109
18 18
18 19
18 20
18 22
18 23
18 24
18 27
18 30
18 31
18 40
18 64
18 82
18 84
18 86
18 87
18 88
18 89
18 91
18 93
18 103
18 107
19 19
19 20
19 22
19 23
19 28
19 30
19 31
19 33
19 56
19 57
19 68
19 80
19 82
19 83
19 84
19 86
19 87
19 91
19 102
19 103
19 106
19 107
19 111
20 20
20 21
20 24
20 25
20 27
20 30
20 31
20 40
20 56
20 72
20 75
20 82
20 84
20 87
20 92
20 93
20 94
20 103
20 104
20 105
20 107
21 21
21 27
21 30
21 31
21 40
21 41
21 64
21 65
21 70
21 82
21 84
21 87
21 88
21 92
21 109
22 22
22 23
22 24
22 25
22 26
22 27
22 30
22 31
22 34
22 40
22 64
22 65
22 75
22 82
22 84
22 85
22 86
22 87
22 88
22 89
22 91
22 92
22 93
23 23
23 24
23 25
23 26
23 27
23 30
23 31
23 64
23 65
23 82
23 84
23 85
23 86
23 87
23 88
23 89
23 91
23 92
23 93
23 94
24 24
24 25
24 26
24 27
24 64
24 65
24 67
24 84
24 86
24 87
24 91
24 93
24 94
24 107
25 25
25 26
25 27
25 30
25 31
25 40
25 64
25 65
25 75
25 78
25 82
25 84
25 85
25 86
25 87
25 91
25 92
25 93
25 94
25 105
25 108
25 113
26 26
26 27
26 38
26 64
26 65
26 68
26 69
26 70
26 87
26 88
26 94
26 108
27 27
27 30
27 31
27 40
27 64
27 65
27 78
27 79
27 84
27 86
27 87
27 91
27 92
27 93
27 94
27 105
27 107
27 113
28 28
28 29
28 30
28 33
28 34
28 35
28 36
28 40
28 56
28 62
28 63
28 72
28 74
28 78
28 80
28 81
28 82
28 83
28 84
28 101
28 102
28 105
28 106
29 29
29 30
29 31
29 33
29 34
29 36
29 37
29 39
29 40
29 41
29 56
29 57
29 68
29 72
29 73
29 74
29 75
29 76
29 77
29 78
29 79
29 80
29 81
29 82
29 83
29 84
29 95
29 97
29 105
29 109
29 112
29 113
30 30
30 31
30 33
30 35
30 40
30 64
30 72
30 73
30 74
30 75
30 77
30 78
30 80
30 82
30 83
30 84
30 85
30 86
30 87
30 88
30 92
30 93
31 31
31 36
31 40
31 41
31 64
31 73
31 74
31 75
31 77
31 78
31 82
31 84
31 85
31 86
31 87
31 88
31 91
31 92
31 93
32 32
32 33
32 34
32 37
32 39
32 42
32 43
32 52
32 61
32 62
32 63
32 79
33 33
33 34
33 35
33 36
33 40
33 62
33 63
33 72
33 74
33 75
33 77
33 78
33 79
33 80
33 81
33 83
34 34
34 35
34 36
34 40
34 64
34 72
34 74
34 75
34 76
34 78
34 79
34 84
35 35
35 36
35 45
35 71
35 72
35 74
35 75
35 77
35 80
35 82
35 83
35 84
36 36
36 37
36 40
36 41
36 56
36 72
36 73
36 74
36 75
36 76
36 77
36 78
36 105
36 108
36 113
36 114
36 115
37 37
37 39
37 40
37 41
37 42
37 43
37 44
37 46
37 71
37 72
37 73
37 74
37 75
37 76
37 77
37 78
37 79
37 80
37 81
37 95
37 96
37 97
37 99
37 108
37 109
37 112
37 113
38 38
38 39
38 58
38 59
38 66
38 67
38 69
38 94
38 108
39 39
39 57
39 66
39 68
39 69
39 72
39 76
39 78
39 79
39 80
39 81
39 95
39 96
39 97
39 98
39 99
39 108
39 109
39 110
39 111
39 112
40 40
40 41
40 64
40 71
40 72
40 73
40 74
40 75
40 76
40 77
40 78
40 79
40 82
40 83
40 84
40 85
40 87
40 92
40 93
40 105
41 41
41 57
41 71
41 72
41 73
41 74
41 75
41 76
41 77
41 78
41 79
41 81
41 83
41 109
42 42
42 43
42 44
42 45
42 46
42 47
42 48
42 49
42 50
42 51
42 52
42 53
42 55
42 71
42 95
42 96
42 97
42 98
42 99
42 110
42 112
42 113
43 43
43 44
43 45
43 46
43 47
43 48
43 49
43 50
43 51
43 52
43 53
43 55
43 67
43 71
43 77
43 95
43 96
43 97
43 98
43 99
43 110
43 113
44 44
44 45
44 46
44 47
44 48
44 49
44 50
44 51
44 52
44 53
44 55
44 59
44 67
44 71
44 90
44 95
44 96
44 97
44 98
44 99
44 110
44 111
44 112
44 113
45 45
45 46
45 47
45 48
45 49
45 50
45 51
45 52
45 53
45 55
45 67
45 95
45 96
45 105
45 110
45 113
46 46
46 47
46 48
46 49
46 50
46 51
46 52
46 53
46 55
46 71
46 95
46 96
46 97
46 98
46 99
46 110
46 112
46 113
47 47
47 48
47 49
47 50
47 51
47 52
47 53
47 55
47 67
47 71
47 90
47 95
47 96
47 97
47 98
47 99
47 109
47 110
47 112
48 48
48 49
48 50
48 51
48 52
48 53
48 55
48 59
48 67
48 71
48 96
48 97
48 98
48 99
48 109
48 110
49 49
49 50
49 51
49 52
49 53
49 55
49 59
49 71
49 95
49 96
49 97
49 98
49 99
49 109
49 110
49 111
49 112
50 50
50 51
50 52
50 53
50 54
50 55
50 67
50 70
50 71
50 96
50 97
50 99
50 109
50 110
51 51
51 52
51 53
51 55
51 59
51 67
51 70
51 71
51 90
51 96
51 97
51 98
51 99
51 112
52 52
52 53
52 54
52 55
52 59
52 63
52 90
52 96
52 98
52 99
52 112
53 53
53 55
53 71
53 90
53 91
53 96
53 97
53 98
53 99
53 110
53 112
53 113
54 54
54 55
54 62
54 86
54 88
54 89
54 104
54 107
55 55
55 70
55 71
55 89
55 96
55 97
55 98
55 99
55 110
56 56
56 57
56 62
56 63
56 78
56 80
56 81
56 83
56 98
56 99
56 101
56 102
56 103
56 109
57 57
57 63
57 68
57 78
57 80
57 81
57 83
57 95
57 97
57 98
57 99
57 109
57 111
57 112
58 58
58 59
58 60
58 61
58 63
58 65
58 66
58 67
58 69
58 103
58 106
59 59
59 61
59 62
59 63
59 66
59 67
59 69
59 90
59 100
60 60
60 61
60 62
60 63
60 64
60 88
60 89
61 61
61 62
61 63
61 66
61 69
61 83
61 100
62 62
62 63
62 72
62 80
62 81
62 83
62 101
63 63
63 72
63 81
63 83
63 101
64 64
64 65
64 82
64 84
64 85
64 86
64 87
64 88
64 93
64 115
65 65
65 67
65 84
65 85
65 88
65 92
65 94
66 66
66 67
66 69
66 94
66 96
67 67
67 69
67 94
67 96
68 68
68 69
68 80
68 81
68 83
68 97
68 98
68 99
68 107
68 109
68 110
68 111
68 112
69 69
69 81
69 94
69 95
69 97
69 111
70 70
70 71
70 73
70 74
70 86
70 87
70 90
70 92
70 100
71 71
71 72
71 73
71 74
71 75
71 76
71 77
71 96
71 97
71 99
71 110
71 112
72 72
72 73
72 74
72 75
72 76
72 77
72 78
72 79
72 80
72 81
72 82
72 83
73 73
73 74
73 75
73 76
73 77
73 78
73 79
73 82
73 108
74 74
74 75
74 76
74 77
74 78
74 79
74 82
74 112
75 75
75 76
75 77
75 78
75 79
75 82
75 83
75 87
76 76
76 77
76 78
76 79
76 95
76 96
76 105
76 108
77 77
77 78
77 79
77 82
77 85
78 78
78 79
78 80
78 81
78 83
78 105
79 79
79 96
79 97
79 109
79 110
80 80
80 81
80 82
80 83
80 84
80 85
80 95
80 111
80 112
81 81
81 83
81 95
81 111
82 82
82 83
82 84
82 85
82 86
82 87
82 88
82 91
82 92
82 93
82 102
83 83
83 85
83 101
83 102
84 84
84 85
84 86
84 87
84 88
84 93
84 105
84 107
85 85
85 86
85 87
85 88
85 92
85 93
85 113
85 114
85 115
86 86
86 87
86 88
86 89
86 91
86 92
86 93
86 100
86 102
86 103
87 87
87 88
87 89
87 91
87 92
87 93
87 94
87 102
87 103
87 107
87 113
88 88
88 89
88 92
88 93
88 100
88 102
89 89
89 92
89 93
89 100
89 101
89 102
89 103
89 104
89 107
90 90
90 91
90 92
90 98
90 99
90 100
90 101
90 102
90 112
91 91
91 93
91 98
91 99
91 103
91 107
91 111
92 92
92 93
92 100
92 102
92 103
92 104
93 93
93 101
93 103
93 105
93 106
93 107
93 113
94 94
94 95
94 105
94 107
94 108
94 114
94 115
95 95
95 96
95 97
95 98
95 99
95 105
95 108
95 109
95 110
95 111
95 112
95 113
95 114
96 96
96 97
96 98
96 99
96 109
96 110
96 112
96 113
97 97
97 98
97 99
97 109
97 110
97 111
97 112
98 98
98 99
98 101
98 109
98 110
98 111
98 112
98 113
99 99
99 107
99 109
99 110
99 111
99 112
99 113
100 100
100 101
100 102
100 103
100 104
101 101
101 102
101 103
101 104
101 106
102 102
102 103
102 104
102 106
103 103
103 104
103 105
103 106
103 107
104 104
104 105
104 106
104 107
104 113
105 105
105 106
105 107
105 113
105 114
105 115
106 106
106 107
107 107
107 111
108 108
108 112
108 114
108 115
109 109
109 110
109 111
109 112
110 110
110 111
110 112
111 111
111 112
112 112
112 113
113 113
113 114
113 115
114 114
114 115
115 115
