0 0
0 1
0 10
0 11
0 12
0 17
0 32
0 49
0 56
0 58
0 61
0 62
0 66
0 67
0 68
0 72
0 76
0 84
0 101
0 115
1 1
1 47
1 56
1 57
1 59
1 66
1 68
1 69
1 90
1 103
1 104
1 105
1 111
1 112
1 114
1 115
2 2
2 4
2 6
2 7
2 8
2 10
2 14
2 15
2 18
2 22
2 23
2 24
2 25
2 26
2 27
2 30
2 31
2 50
2 60
2 64
2 65
2 70
2 82
2 88
2 92
2 93
2 100
2 106
3 3
3 5
3 14
3 15
3 21
3 22
3 23
3 24
3 25
3 26
3 27
3 30
3 31
3 39
3 50
3 53
3 64
3 65
3 82
3 83
3 85
3 86
3 87
3 88
3 89
3 90
3 91
3 92
3 113
4 4
4 5
4 6
4 7
4 8
4 9
4 10
4 12
4 13
4 14
4 15
4 18
4 23
4 24
4 25
4 26
4 31
4 35
4 50
4 60
4 61
4 64
4 65
4 75
4 82
4 88
4 92
4 93
4 104
5 5
5 7
5 9
5 14
5 22
5 23
5 24
5 25
5 26
5 27
5 35
5 39
5 59
5 61
5 64
5 65
5 89
5 91
5 92
5 93
5 100
5 104
5 105
5 114
5 115
6 6
6 7
6 8
6 12
6 18
6 20
6 28
6 29
6 30
6 31
6 32
6 33
6 36
6 40
6 70
6 79
6 82
6 101
6 106
7 7
7 8
7 9
7 10
7 11
7 12
7 13
7 15
7 25
7 31
7 35
7 60
7 61
7 64
7 65
7 92
7 100
7 106
8 8
8 9
8 10
8 12
8 13
8 14
8 15
8 18
8 24
8 25
8 31
8 35
8 60
8 61
8 63
8 64
8 65
8 88
8 92
8 93
9 9
9 10
9 11
9 12
9 13
9 15
9 25
9 35
9 45
9 60
9 61
9 63
9 64
9 65
9 71
9 75
9 92
9 100
10 10
10 11
10 12
10 13
10 14
10 15
10 50
10 60
10 61
10 64
10 65
10 84
10 92
10 102
10 106
11 11
11 12
11 13
11 15
11 40
11 60
11 61
11 63
11 71
11 75
11 92
12 12
12 13
12 32
12 44
12 45
12 48
12 60
12 61
12 62
12 67
12 102
12 106
13 13
13 15
13 45
13 60
13 61
13 63
13 65
13 67
13 71
13 75
13 92
13 102
14 14
14 15
14 18
14 19
14 22
14 23
14 26
14 27
14 50
14 51
14 52
14 53
14 60
14 64
14 65
14 82
14 83
14 84
14 88
14 89
14 90
14 91
14 92
14 93
14 100
15 15
15 18
15 22
15 23
15 25
15 31
15 60
15 63
15 64
15 65
15 70
15 82
15 83
15 88
15 92
15 100
16 16
16 17
16 28
16 29
16 32
16 41
16 43
16 49
16 51
16 52
16 55
16 56
16 57
16 62
16 68
16 72
16 76
16 78
16 80
16 81
16 98
16 99
17 17
17 28
17 29
17 36
17 41
17 42
17 43
17 46
17 49
17 51
17 55
17 57
17 62
17 72
17 73
17 75
17 76
17 79
17 80
17 81
17 98
18 18
18 19
18 22
18 23
18 30
18 31
18 51
18 52
18 53
18 60
18 63
18 64
18 70
18 74
18 82
18 83
18 88
18 90
18 91
19 19
19 22
19 23
19 26
19 47
19 52
19 59
19 63
19 69
19 82
19 83
19 88
19 90
19 91
19 104
19 111
20 20
20 21
20 25
20 26
20 28
20 29
20 30
20 31
20 33
20 36
20 37
20 41
20 44
20 46
20 70
20 72
20 73
20 74
20 76
20 78
20 79
20 80
20 81
20 83
20 97
20 99
20 108
20 110
21 21
21 22
21 23
21 24
21 25
21 26
21 27
21 30
21 31
21 34
21 35
21 40
21 41
21 77
21 78
21 83
21 110
22 22
22 23
22 24
22 25
22 26
22 27
22 30
22 31
22 39
22 50
22 51
22 52
22 53
22 59
22 64
22 82
22 83
22 84
22 85
22 86
22 87
22 88
22 89
22 90
22 91
22 92
22 93
23 23
23 24
23 25
23 26
23 27
23 31
23 39
23 50
23 51
23 52
23 53
23 59
23 64
23 65
23 82
23 83
23 85
23 86
23 88
23 89
23 90
23 91
23 92
23 104
24 24
24 25
24 26
24 27
24 30
24 31
24 34
24 35
24 50
24 53
24 64
24 65
24 70
24 71
24 77
24 82
24 110
25 25
25 26
25 27
25 30
25 31
25 35
25 53
25 65
25 70
25 82
25 83
26 26
26 27
26 30
26 31
26 50
26 64
26 82
26 83
26 93
26 100
26 110
27 27
27 31
27 38
27 39
27 50
27 64
27 65
27 82
27 85
27 86
27 89
27 90
27 91
27 92
27 93
27 105
27 110
27 113
28 28
28 29
28 30
28 32
28 33
28 36
28 37
28 40
28 41
28 42
28 44
28 46
28 49
28 55
28 62
28 66
28 68
28 70
28 72
28 73
28 74
28 76
28 77
28 78
28 79
28 80
28 81
28 94
28 96
28 97
28 98
28 99
28 101
28 108
29 29
29 30
29 32
29 33
29 36
29 40
29 41
29 46
29 49
29 55
29 62
29 66
29 68
29 70
29 71
29 72
29 73
29 74
29 75
29 76
29 77
29 78
29 79
29 80
29 81
29 94
29 97
29 98
29 99
29 101
29 102
29 108
30 30
30 31
30 36
30 37
30 40
30 41
30 46
30 70
30 71
30 75
30 76
30 77
30 79
30 82
30 83
30 94
30 97
31 31
31 40
31 64
31 70
31 82
31 83
31 92
32 32
32 33
32 36
32 40
32 41
32 42
32 43
32 44
32 45
32 46
32 47
32 48
32 49
32 62
32 66
32 67
32 68
32 69
32 72
32 76
32 78
32 79
32 80
32 81
32 94
32 96
32 97
32 98
32 99
32 101
32 108
32 111
33 33
33 36
33 41
33 42
33 43
33 44
33 45
33 46
33 47
33 49
33 62
33 66
33 67
33 68
33 69
33 72
33 78
33 79
33 80
33 81
33 94
33 96
33 97
33 99
33 101
34 34
34 35
34 44
34 45
34 54
34 67
34 68
34 78
34 79
34 81
34 94
34 97
34 99
34 108
34 109
34 110
35 35
35 44
35 45
35 65
35 67
35 77
35 109
35 110
36 36
36 37
36 38
36 40
36 41
36 42
36 43
36 46
36 49
36 54
36 55
36 62
36 66
36 67
36 68
36 71
36 72
36 76
36 77
36 78
36 79
36 80
36 81
36 87
36 94
36 96
36 97
36 98
36 99
36 101
36 108
37 37
37 38
37 40
37 41
37 50
37 85
37 86
37 95
37 98
37 108
37 109
37 110
37 113
38 38
38 39
38 42
38 47
38 50
38 85
38 86
38 95
38 96
38 110
38 111
38 115
39 39
39 56
39 64
39 65
39 86
39 89
39 92
39 104
39 105
39 114
40 40
40 41
40 62
40 67
40 70
40 71
40 75
40 76
40 77
40 96
40 97
41 41
41 42
41 46
41 55
41 68
41 72
41 73
41 74
41 76
41 77
41 78
41 79
41 80
41 81
41 87
41 94
41 96
41 97
41 98
41 99
41 108
42 42
42 43
42 44
42 45
42 46
42 47
42 48
42 49
42 55
42 62
42 67
42 68
42 78
42 79
42 80
42 81
42 96
42 97
42 110
43 43
43 44
43 45
43 46
43 47
43 49
43 55
43 56
43 57
43 62
43 68
43 78
43 80
43 81
43 98
43 111
44 44
44 45
44 47
44 48
44 49
44 62
44 66
44 67
44 78
44 80
44 81
44 96
44 97
44 109
44 110
44 111
45 45
45 47
45 48
45 49
45 56
45 66
45 67
45 80
45 81
45 97
45 109
45 110
46 46
46 47
46 51
46 55
46 62
46 68
46 78
46 79
46 80
46 81
46 83
46 87
46 94
46 96
46 97
46 98
46 99
47 47
47 49
47 56
47 57
47 62
47 68
47 69
47 78
47 80
47 81
47 83
47 90
47 91
47 103
47 104
47 105
47 110
47 111
48 48
48 49
48 50
48 58
48 62
48 66
48 67
48 96
48 103
48 104
48 110
49 49
49 62
49 66
49 67
49 72
49 74
49 76
49 77
49 80
49 81
49 97
49 98
49 111
49 112
50 50
50 54
50 64
50 85
50 89
50 93
50 113
51 51
51 52
51 53
51 55
51 57
51 59
51 63
51 82
51 89
51 90
51 91
51 98
52 52
52 53
52 55
52 57
52 58
52 59
52 63
52 73
52 82
52 89
52 90
52 91
52 98
52 105
53 53
53 55
53 57
53 59
53 63
53 64
53 73
53 82
53 89
53 90
53 91
53 99
53 100
54 54
54 55
54 66
54 68
54 76
54 78
54 79
54 81
54 86
54 87
54 89
54 94
54 96
54 98
54 99
55 55
55 68
55 71
55 73
55 76
55 77
55 78
55 79
55 80
55 81
55 87
55 89
55 94
55 96
55 97
55 98
55 99
56 56
56 57
56 68
56 69
56 78
56 86
56 89
56 105
56 114
56 115
57 57
57 59
57 62
57 66
57 68
57 69
57 78
57 79
57 80
57 81
57 90
57 98
57 105
57 111
57 115
58 58
58 59
58 60
58 61
58 66
58 71
58 103
58 104
58 105
58 112
58 114
58 115
59 59
59 63
59 89
59 90
59 91
59 98
59 105
59 112
59 114
60 60
60 61
60 63
60 64
60 65
60 71
60 75
60 82
60 88
60 92
60 100
60 103
60 104
61 61
61 63
61 64
61 65
61 71
61 75
61 92
61 100
61 102
62 62
62 66
62 68
62 69
62 72
62 76
62 78
62 79
62 80
62 81
62 97
62 98
62 99
62 101
62 111
63 63
63 71
63 73
63 75
63 82
63 89
63 90
64 64
64 65
64 82
64 84
64 88
64 89
64 91
64 92
64 93
64 100
65 65
65 88
65 89
65 92
65 93
65 100
65 104
65 105
65 113
65 114
66 66
66 67
66 68
66 69
66 72
66 76
66 77
66 79
66 80
66 81
66 97
66 98
66 99
66 101
66 108
66 112
67 67
67 96
67 101
67 106
67 109
67 110
68 68
68 69
68 72
68 78
68 79
68 80
68 81
68 84
68 87
68 94
68 97
68 98
68 99
68 101
68 107
68 108
69 69
69 81
69 90
69 91
69 103
69 104
69 105
69 111
70 70
70 71
70 72
70 73
70 74
70 75
70 76
70 77
70 96
70 97
71 71
71 72
71 73
71 75
71 76
71 77
71 97
72 72
72 73
72 74
72 76
72 77
72 80
72 81
72 97
72 98
72 99
72 101
72 108
72 109
73 73
73 74
73 75
73 76
73 77
73 97
73 99
74 74
74 76
74 77
74 97
74 98
74 99
75 75
75 76
75 77
75 97
76 76
76 77
76 79
76 80
76 81
76 94
76 96
76 97
76 98
76 99
76 101
76 102
76 108
76 109
77 77
77 80
77 94
77 96
77 97
77 98
77 99
77 101
77 108
77 109
78 78
78 79
78 80
78 81
78 87
78 94
78 96
78 97
78 98
78 99
78 107
78 108
79 79
79 80
79 81
79 87
79 94
79 96
79 97
79 99
79 107
79 108
80 80
80 81
80 94
80 96
80 97
80 98
80 99
80 101
80 107
80 108
81 81
81 87
81 94
81 96
81 97
81 98
81 99
81 101
81 107
81 108
81 111
82 82
82 83
82 84
82 85
82 86
82 87
82 88
82 89
82 90
82 91
83 83
83 84
83 86
83 87
83 90
83 91
84 84
84 85
84 86
84 87
84 88
84 89
84 94
84 107
84 108
85 85
85 86
85 87
85 89
85 96
85 106
85 113
86 86
86 87
86 88
86 89
86 98
86 107
87 87
87 88
87 89
87 94
87 96
87 98
88 88
88 89
88 91
88 92
88 93
89 89
89 91
90 90
90 91
90 98
90 103
90 104
90 105
90 111
91 91
91 93
91 104
91 105
92 92
92 93
92 100
92 104
92 113
93 93
93 103
93 104
93 106
93 109
93 110
93 113
94 94
94 96
94 97
94 99
94 108
95 95
95 100
95 101
95 102
95 103
95 106
95 108
95 109
95 110
95 111
95 112
95 113
95 114
95 115
96 96
96 97
96 98
96 99
96 108
96 110
97 97
97 99
97 101
97 108
97 109
97 110
98 98
98 99
98 111
99 99
99 101
99 107
99 108
100 100
100 102
101 101
101 102
101 103
101 107
101 108
101 109
101 111
101 115
102 102
102 103
102 109
102 111
103 103
103 104
103 105
103 109
103 111
103 112
103 114
103 115
104 104
104 105
104 112
104 114
104 115
105 105
105 112
105 114
105 115
106 106
106 107
106 108
106 109
106 110
106 115
107 107
107 113
107 115
108 108
108 109
108 110
108 111
109 109
109 110
109 111
110 110
110 111
111 111
111 112
111 114
111 115
112 112
112 113
112 114
112 115
113 113
113 114
113 115
114 114
114 115
115 115
