0 0
0 10
0 16
0 18
0 19
0 32
0 33
0 56
0 60
0 62
1 1
1 17
1 18
1 19
1 32
1 33
1 57
1 61
1 63
1 65
1 68
1 69
1 79
1 81
1 85
1 87
2 2
2 3
2 6
2 7
2 8
2 10
2 12
2 16
2 18
2 22
2 23
2 24
2 25
2 26
2 28
2 30
2 31
2 32
2 33
2 72
3 3
3 6
3 7
3 8
3 9
3 12
3 13
3 14
3 15
3 18
3 19
3 22
3 23
3 24
3 25
3 26
3 30
3 31
3 33
3 71
3 82
3 83
4 4
4 5
4 7
4 8
4 9
4 12
4 13
4 14
4 20
4 21
4 22
4 23
4 24
4 25
4 26
4 27
4 29
4 30
4 31
4 40
4 70
4 71
4 72
4 73
4 74
4 75
4 82
4 83
5 5
5 8
5 9
5 12
5 13
5 14
5 15
5 20
5 21
5 22
5 23
5 24
5 25
5 26
5 27
5 29
5 30
5 40
5 41
5 71
5 73
5 74
5 75
5 83
5 86
5 87
5 92
5 100
6 6
6 7
6 8
6 9
6 10
6 12
6 14
6 15
6 16
6 20
6 21
6 22
6 23
6 24
6 25
6 26
6 28
6 30
6 31
6 33
6 70
6 71
6 72
6 82
6 86
6 87
7 7
7 8
7 9
7 11
7 12
7 13
7 14
7 15
7 20
7 21
7 22
7 23
7 24
7 25
7 26
7 30
7 31
7 33
7 71
8 8
8 9
8 10
8 12
8 13
8 14
8 15
8 17
8 20
8 21
8 22
8 23
8 24
8 25
8 26
8 27
8 28
8 29
8 30
8 31
8 40
8 41
8 70
8 71
8 72
8 73
8 74
8 75
8 83
8 86
8 87
9 9
9 12
9 13
9 14
9 15
9 20
9 21
9 22
9 23
9 24
9 25
9 26
9 27
9 29
9 30
9 31
9 40
9 71
9 72
9 73
9 86
9 87
10 10
10 11
10 12
10 13
10 14
10 16
10 22
10 28
10 30
10 31
10 71
10 72
10 78
11 11
11 13
11 17
11 22
11 28
11 29
11 30
11 31
11 71
11 72
11 73
11 75
11 81
12 12
12 13
12 14
12 15
12 20
12 21
12 22
12 23
12 24
12 25
12 26
12 27
12 28
12 29
12 30
12 31
12 40
12 41
12 70
12 71
12 72
12 73
12 74
12 75
12 82
12 83
12 86
12 87
12 92
13 13
13 14
13 15
13 17
13 20
13 21
13 22
13 23
13 24
13 26
13 27
13 28
13 29
13 30
13 31
13 40
13 70
13 71
13 72
13 73
13 74
13 75
13 83
13 87
13 92
13 113
13 114
14 14
14 15
14 20
14 21
14 22
14 23
14 24
14 25
14 26
14 27
14 28
14 29
14 30
14 31
14 40
14 41
14 70
14 71
14 72
14 73
14 74
14 75
14 82
14 83
14 86
14 87
14 113
15 15
15 20
15 21
15 22
15 23
15 24
15 25
15 26
15 27
15 28
15 29
15 30
15 31
15 40
15 41
15 70
15 71
15 72
15 73
15 74
15 75
15 82
15 83
15 86
15 87
15 92
15 113
16 16
16 18
16 19
16 28
16 32
16 33
16 36
16 56
16 62
16 69
16 72
16 76
16 78
16 80
16 84
17 17
17 20
17 21
17 22
17 27
17 29
17 30
17 31
17 37
17 57
17 63
17 69
17 71
17 72
17 73
17 75
17 79
17 81
17 85
17 87
18 18
18 19
18 32
18 33
18 56
18 62
18 64
18 68
19 19
19 32
19 33
19 57
19 62
19 63
19 68
19 69
19 80
20 20
20 21
20 22
20 23
20 24
20 25
20 26
20 27
20 28
20 29
20 30
20 31
20 40
20 41
20 70
20 71
20 72
20 73
20 74
20 75
20 79
20 81
20 83
20 86
20 87
20 92
20 100
21 21
21 22
21 23
21 24
21 25
21 26
21 27
21 28
21 29
21 30
21 31
21 40
21 41
21 70
21 71
21 72
21 73
21 74
21 75
21 82
21 83
21 86
21 87
21 92
21 100
21 113
22 22
22 23
22 24
22 25
22 26
22 27
22 28
22 29
22 30
22 31
22 70
22 71
22 72
22 73
22 75
22 82
22 83
23 23
23 24
23 25
23 26
23 27
23 30
23 31
23 71
23 83
24 24
24 25
24 26
24 27
24 28
24 29
24 30
24 31
24 40
24 41
24 70
24 71
24 72
24 73
24 74
24 75
24 83
24 86
24 87
25 25
25 26
25 27
25 29
25 30
25 31
25 71
25 72
25 82
25 83
25 86
25 87
26 26
26 27
26 29
26 30
26 31
26 70
26 71
26 72
26 73
26 74
26 75
26 83
26 87
27 27
27 29
27 30
27 31
27 40
27 41
27 71
27 72
27 73
27 74
27 75
27 83
27 87
27 92
27 100
28 28
28 29
28 30
28 31
28 40
28 41
28 70
28 71
28 72
28 73
28 74
28 75
28 80
28 82
28 83
29 29
29 30
29 31
29 37
29 40
29 41
29 70
29 71
29 72
29 73
29 74
29 75
29 79
29 81
29 82
29 83
29 86
29 87
29 92
29 100
30 30
30 31
30 40
30 70
30 71
30 72
30 73
30 74
30 75
30 82
30 83
30 86
30 87
30 92
30 113
31 31
31 40
31 70
31 71
31 72
31 73
31 74
31 75
31 82
31 83
31 86
31 87
32 32
32 33
32 34
32 56
32 57
32 60
32 62
32 63
32 68
32 78
33 33
33 35
33 62
33 63
33 64
34 34
34 35
34 42
34 43
34 44
34 45
34 46
34 47
34 50
34 55
34 58
34 59
34 60
34 64
34 65
34 66
34 67
34 76
34 95
34 97
34 104
34 105
34 107
34 109
34 110
35 35
35 42
35 44
35 45
35 46
35 47
35 50
35 55
35 58
35 64
35 65
35 66
35 67
35 76
35 94
35 95
35 96
35 97
35 104
35 105
35 107
35 108
35 109
35 110
36 36
36 37
36 39
36 40
36 55
36 56
36 62
36 76
36 77
36 80
36 89
36 94
36 95
36 97
36 99
36 105
36 108
36 109
36 111
37 37
37 39
37 41
37 52
37 55
37 57
37 73
37 74
37 75
37 76
37 77
37 79
37 81
37 85
37 89
37 95
37 100
37 109
38 38
38 60
38 62
38 64
38 80
38 84
38 88
38 97
38 108
38 109
39 39
39 55
39 57
39 61
39 63
39 69
39 77
39 81
39 85
39 89
39 94
39 95
39 97
39 102
39 105
39 106
39 108
39 109
39 114
39 115
40 40
40 41
40 70
40 71
40 72
40 73
40 74
40 75
40 80
40 82
40 83
41 41
41 68
41 70
41 71
41 72
41 73
41 74
41 75
41 79
41 81
41 83
41 86
41 87
41 100
42 42
42 43
42 44
42 45
42 46
42 47
42 48
42 49
42 50
42 51
42 52
42 53
42 54
42 55
42 59
42 66
42 67
42 90
42 91
42 96
42 98
42 99
42 104
42 107
42 110
42 111
42 112
43 43
43 44
43 45
43 46
43 47
43 48
43 49
43 51
43 53
43 55
43 67
43 96
43 98
43 99
43 110
43 111
44 44
44 45
44 46
44 47
44 48
44 49
44 50
44 51
44 53
44 55
44 66
44 67
44 96
44 98
44 99
44 110
44 111
45 45
45 46
45 47
45 49
45 51
45 53
45 55
45 65
45 67
45 96
45 97
45 99
45 104
45 109
45 110
45 111
46 46
46 47
46 48
46 49
46 50
46 51
46 52
46 53
46 54
46 55
46 59
46 66
46 67
46 90
46 91
46 96
46 97
46 98
46 99
46 104
46 109
46 110
46 111
46 112
47 47
47 48
47 49
47 51
47 53
47 54
47 55
47 66
47 67
47 90
47 91
47 96
47 97
47 98
47 99
47 104
47 105
47 109
47 110
47 111
48 48
48 49
48 50
48 51
48 52
48 53
48 54
48 55
48 58
48 59
48 66
48 89
48 90
48 91
48 96
48 98
48 99
48 103
48 104
48 110
48 111
48 112
49 49
49 51
49 53
49 55
49 91
49 96
49 99
49 110
49 111
49 112
50 50
50 51
50 52
50 54
50 55
50 64
50 67
50 84
50 85
50 88
50 96
50 104
51 51
51 52
51 53
51 54
51 55
51 59
51 90
51 91
51 96
51 98
51 99
51 104
51 107
51 110
51 111
51 112
52 52
52 53
52 54
52 90
52 96
52 98
52 100
52 102
52 111
52 113
53 53
53 55
53 90
53 91
53 93
53 96
53 98
53 99
53 110
53 111
53 112
54 54
54 55
54 58
54 88
54 90
54 91
54 94
54 95
54 96
54 97
54 98
54 99
54 102
54 103
54 104
54 105
54 107
54 108
54 109
54 110
54 111
54 114
54 115
55 55
55 67
55 89
55 94
55 95
55 96
55 97
55 98
55 99
55 104
55 105
55 108
55 109
55 110
55 111
55 115
56 56
56 60
56 62
56 68
56 76
56 80
56 99
56 111
57 57
57 61
57 63
57 64
57 65
57 68
57 69
57 79
57 81
57 85
57 87
57 89
58 58
58 59
58 60
58 61
58 65
58 66
58 67
58 90
58 102
58 103
58 104
58 107
58 110
59 59
59 61
59 65
59 66
59 67
59 89
59 90
59 101
59 103
59 104
59 106
60 60
60 61
60 64
60 65
60 66
60 67
60 89
60 95
61 61
61 63
61 65
61 68
61 89
62 62
62 80
62 99
62 111
63 63
63 65
63 79
63 81
63 85
63 89
64 64
64 65
64 84
64 85
64 88
65 65
65 66
65 67
65 89
65 95
65 105
65 107
65 109
65 110
66 66
66 67
66 76
66 89
66 90
66 96
66 103
66 104
66 107
66 110
67 67
67 88
67 90
67 94
67 95
67 96
67 97
67 103
67 104
67 105
67 107
67 109
67 110
68 68
68 69
68 76
69 69
69 78
69 79
69 81
69 87
69 89
70 70
70 71
70 72
70 73
70 74
70 75
70 82
70 83
70 86
70 92
70 93
70 100
70 113
71 71
71 72
71 73
71 74
71 75
71 82
71 83
71 86
71 87
71 92
72 72
72 73
72 74
72 75
72 82
72 83
72 87
72 92
73 73
73 74
73 75
73 79
73 81
73 82
73 83
73 86
73 87
73 92
73 100
73 113
74 74
74 75
74 81
74 82
74 83
74 92
74 100
74 113
75 75
75 81
75 82
75 83
75 87
75 92
75 100
75 113
76 76
76 77
76 78
76 79
76 80
76 95
76 97
76 109
76 110
77 77
77 79
77 81
77 84
77 85
77 95
77 97
77 102
77 108
77 109
77 110
78 78
78 80
78 109
79 79
79 81
79 85
80 80
80 82
80 84
80 97
81 81
81 85
81 87
81 89
82 82
82 83
82 86
83 83
83 86
83 87
83 92
83 100
83 113
84 84
84 85
84 88
84 94
84 95
84 96
84 97
84 108
84 109
85 85
85 89
86 86
86 87
87 87
88 88
88 94
88 95
88 96
88 97
88 98
88 104
88 105
88 107
88 110
89 89
89 106
89 109
90 90
90 91
90 92
90 93
90 94
90 96
90 97
90 98
90 99
90 100
90 101
90 102
90 103
90 104
90 105
90 106
90 107
90 110
90 111
90 112
90 113
91 91
91 92
91 93
91 96
91 98
91 99
91 100
91 101
91 102
91 103
91 107
91 110
91 111
91 112
91 113
92 92
92 93
92 100
92 101
92 102
92 103
92 112
92 113
93 93
93 99
93 100
93 101
93 102
93 103
93 111
93 112
93 113
94 94
94 95
94 96
94 97
94 98
94 99
94 102
94 104
94 105
94 106
94 108
94 109
94 110
94 111
94 114
94 115
95 95
95 96
95 97
95 98
95 99
95 104
95 105
95 107
95 108
95 109
95 110
95 111
95 115
96 96
96 97
96 98
96 99
96 104
96 105
96 107
96 108
96 109
96 110
96 111
96 114
96 115
97 97
97 98
97 99
97 102
97 104
97 105
97 107
97 108
97 109
97 110
97 111
97 114
97 115
98 98
98 99
98 100
98 102
98 103
98 104
98 105
98 108
98 110
98 111
98 112
98 113
98 114
98 115
99 99
99 103
99 104
99 105
99 107
99 108
99 109
99 110
99 111
99 112
99 113
99 115
100 100
100 101
100 102
100 103
100 106
100 112
100 113
100 114
101 101
101 102
101 103
101 112
101 113
102 102
102 103
102 104
102 105
102 106
102 113
102 114
102 115
103 103
103 104
103 105
103 107
103 111
103 112
103 113
103 114
103 115
104 104
104 105
104 107
104 108
104 110
104 111
104 115
105 105
105 107
105 108
105 109
105 110
105 111
105 114
105 115
106 106
107 107
107 110
108 108
108 109
108 110
108 111
108 114
108 115
109 109
109 110
109 111
109 115
110 110
110 111
111 111
111 112
112 112
112 113
113 113
113 114
114 114
114 115
115 115
