0 0
0 1
0 10
0 18
0 32
0 56
0 60
0 82
0 86
0 87
0 93
0 99
0 100
0 101
0 102
0 103
1 1
1 10
1 13
1 19
1 28
1 41
1 57
1 59
1 61
1 63
1 82
1 83
1 98
1 100
1 102
2 2
2 4
2 5
2 6
2 8
2 22
2 23
2 24
2 48
2 50
2 64
2 88
2 93
3 3
3 5
3 7
3 9
3 11
3 12
3 13
3 15
3 20
3 21
3 22
3 25
3 30
3 60
3 61
3 65
3 92
3 93
3 100
3 102
4 4
4 5
4 6
4 8
4 9
4 22
4 24
4 25
4 26
4 27
4 48
4 50
4 58
4 66
4 67
4 68
4 69
4 91
5 5
5 8
5 9
5 20
5 21
5 22
5 24
5 25
5 26
5 27
5 58
5 62
5 86
6 6
6 7
6 12
6 18
6 22
6 26
6 48
6 86
6 88
6 101
7 7
7 9
7 11
7 12
7 13
7 15
7 20
7 21
7 26
7 27
7 29
7 30
7 31
7 33
7 60
7 61
7 62
7 63
7 65
7 92
7 100
8 8
8 9
8 22
8 23
8 24
8 25
8 48
8 50
8 66
8 69
8 88
8 93
9 9
9 15
9 24
9 25
9 26
9 27
9 52
9 58
9 59
9 60
9 61
9 65
9 66
9 69
9 88
9 90
9 107
10 10
10 11
10 16
10 18
10 19
10 28
10 36
10 37
10 40
10 54
10 57
10 72
10 73
10 74
10 75
10 76
10 81
10 82
10 84
10 85
10 94
10 95
10 98
10 109
10 115
11 11
11 12
11 13
11 14
11 15
11 17
11 18
11 28
11 29
11 30
11 31
11 33
11 54
11 60
11 65
11 72
11 73
11 74
11 75
11 79
11 81
11 83
11 85
11 92
11 100
11 102
11 109
12 12
12 13
12 14
12 15
12 20
12 22
12 26
12 27
12 28
12 30
12 31
12 33
12 58
12 60
12 61
12 63
12 64
12 65
12 83
12 92
12 100
13 13
13 14
13 15
13 28
13 29
13 30
13 31
13 33
13 60
13 61
13 63
13 65
13 72
13 73
13 100
13 102
13 106
14 14
14 15
14 20
14 24
14 26
14 27
14 28
14 29
14 30
14 31
14 70
14 72
14 73
14 82
14 83
14 108
15 15
15 20
15 21
15 24
15 25
15 26
15 27
15 29
15 30
15 31
15 33
15 60
15 61
15 62
15 65
15 70
15 71
15 83
15 100
15 106
16 16
16 17
16 18
16 19
16 28
16 29
16 32
16 36
16 37
16 38
16 39
16 40
16 41
16 54
16 55
16 56
16 57
16 72
16 73
16 74
16 75
16 76
16 78
16 79
16 80
16 81
16 85
16 86
16 87
16 94
16 95
16 97
16 109
16 115
17 17
17 28
17 29
17 30
17 31
17 33
17 53
17 54
17 56
17 57
17 62
17 63
17 72
17 73
17 74
17 76
17 78
17 79
17 80
17 81
17 83
17 84
17 85
17 108
18 18
18 19
18 28
18 29
18 30
18 31
18 32
18 33
18 36
18 37
18 38
18 41
18 54
18 56
18 72
18 73
18 74
18 81
18 82
18 83
18 86
18 87
18 93
18 94
18 95
18 101
18 102
18 103
18 108
18 109
18 113
18 115
19 19
19 28
19 32
19 36
19 37
19 38
19 39
19 40
19 56
19 57
19 68
19 69
19 81
19 82
19 87
19 94
19 95
19 101
19 103
19 104
19 105
19 108
19 113
19 115
20 20
20 21
20 24
20 25
20 26
20 27
20 30
20 31
20 62
20 65
20 70
20 71
20 83
20 86
20 87
20 92
20 100
20 108
21 21
21 25
21 26
21 27
21 30
21 33
21 44
21 49
21 62
21 65
21 71
21 86
21 94
22 22
22 23
22 24
22 25
22 27
22 50
22 84
22 86
22 88
23 23
23 24
23 25
23 34
23 35
23 50
23 67
23 69
23 84
23 85
23 88
23 91
23 110
24 24
24 25
24 26
24 27
24 58
24 68
25 25
25 26
25 27
25 34
25 35
25 62
25 65
25 110
26 26
26 27
26 62
26 70
26 71
27 27
27 62
27 65
27 70
27 108
28 28
28 29
28 30
28 31
28 32
28 33
28 36
28 37
28 40
28 41
28 54
28 56
28 57
28 72
28 73
28 74
28 76
28 78
28 79
28 80
28 81
28 82
28 83
28 85
28 87
28 94
28 95
28 108
28 109
28 113
29 29
29 30
29 31
29 32
29 33
29 36
29 37
29 40
29 41
29 54
29 55
29 63
29 72
29 73
29 74
29 75
29 76
29 77
29 78
29 79
29 81
29 83
29 95
29 96
29 97
29 102
29 108
29 109
29 113
30 30
30 31
30 32
30 33
30 40
30 41
30 72
30 73
30 74
30 79
30 81
30 83
30 87
30 100
30 102
30 108
30 113
31 31
31 32
31 33
31 64
31 71
31 72
31 73
31 74
31 75
31 78
31 79
31 81
31 83
31 108
31 113
32 32
32 33
32 36
32 37
32 38
32 40
32 41
32 44
32 49
32 56
32 72
32 73
32 74
32 75
32 76
32 78
32 79
32 83
32 86
32 87
32 95
32 102
32 108
33 33
33 37
33 40
33 41
33 62
33 72
33 73
33 74
33 75
33 76
33 77
33 78
33 79
33 81
33 83
33 95
33 100
33 108
34 34
34 35
34 36
34 37
34 40
34 47
34 55
34 75
34 76
34 77
34 78
34 79
34 85
34 96
34 97
34 99
34 110
34 111
35 35
35 47
35 65
35 67
35 110
36 36
36 37
36 38
36 39
36 40
36 41
36 46
36 53
36 54
36 55
36 56
36 57
36 72
36 73
36 74
36 75
36 76
36 77
36 78
36 79
36 80
36 81
36 82
36 85
36 94
36 95
36 96
36 97
36 98
36 99
36 109
36 111
36 112
36 113
36 114
36 115
37 37
37 38
37 39
37 40
37 41
37 46
37 53
37 54
37 55
37 57
37 72
37 73
37 74
37 75
37 76
37 77
37 78
37 79
37 81
37 85
37 94
37 95
37 96
37 97
37 98
37 99
37 109
37 111
37 112
37 113
37 114
37 115
38 38
38 39
38 40
38 41
38 49
38 54
38 55
38 74
38 76
38 82
38 86
38 87
38 94
38 95
38 101
38 109
38 113
38 114
38 115
39 39
39 40
39 41
39 54
39 55
39 76
39 77
39 86
39 95
39 96
39 97
39 103
39 104
39 105
39 109
39 113
39 114
39 115
40 40
40 41
40 54
40 72
40 73
40 74
40 79
40 81
40 82
40 95
40 115
41 41
41 44
41 55
41 72
41 73
41 74
41 75
41 76
41 77
41 78
41 79
41 81
41 82
41 83
41 86
41 95
41 96
41 102
41 108
41 115
42 42
42 43
42 44
42 45
42 46
42 47
42 48
42 49
42 51
42 53
42 55
42 67
42 90
42 98
42 99
42 111
42 112
43 43
43 44
43 45
43 46
43 47
43 48
43 49
43 51
43 53
43 55
43 67
43 90
43 91
43 96
43 98
43 99
43 110
43 111
43 112
44 44
44 45
44 46
44 47
44 48
44 49
44 51
44 55
44 86
44 87
44 111
44 112
45 45
45 46
45 47
45 48
45 49
45 51
45 55
45 67
45 99
45 111
45 112
46 46
46 47
46 48
46 49
46 51
46 52
46 53
46 54
46 55
46 90
46 96
46 98
46 99
46 111
46 112
47 47
47 49
47 51
47 53
47 55
47 67
47 69
47 77
47 90
47 91
47 96
47 98
47 99
47 105
47 110
47 111
47 112
48 48
48 49
48 50
48 51
48 52
48 58
48 66
48 67
48 86
48 87
48 90
49 49
49 51
49 55
49 86
49 87
49 112
50 50
50 51
50 52
50 53
50 58
50 59
50 64
50 66
50 67
50 69
50 84
50 88
50 89
50 90
50 91
50 93
50 107
51 51
51 52
51 53
51 55
51 67
51 90
51 91
51 99
51 112
52 52
52 53
52 58
52 59
52 61
52 66
52 90
52 91
53 53
53 54
53 55
53 76
53 77
53 78
53 79
53 85
53 90
53 91
53 94
53 96
53 97
53 98
53 99
53 109
53 111
53 114
54 54
54 55
54 72
54 73
54 74
54 76
54 79
54 81
54 82
54 84
54 85
54 86
54 87
54 94
54 95
54 109
54 112
54 113
54 114
55 55
55 72
55 73
55 74
55 75
55 76
55 77
55 78
55 79
55 81
55 89
55 94
55 95
55 96
55 97
55 98
55 99
55 109
55 110
55 111
55 112
55 114
56 56
56 57
56 63
56 74
56 76
56 78
56 80
56 81
56 86
56 87
56 99
56 103
57 57
57 78
57 79
57 80
57 81
57 82
57 83
57 84
57 95
57 96
57 97
57 98
57 104
57 111
57 113
57 115
58 58
58 59
58 60
58 61
58 65
58 66
58 88
58 89
58 90
58 92
58 93
58 100
58 106
59 59
59 60
59 61
59 63
59 66
59 67
59 69
59 88
59 89
59 90
59 91
59 103
59 104
59 105
59 106
59 107
60 60
60 61
60 62
60 63
60 65
60 66
60 92
60 93
60 100
60 102
60 106
61 61
61 62
61 63
61 65
61 66
61 89
61 90
61 92
61 100
61 106
62 62
62 63
62 65
62 80
62 83
62 100
62 108
63 63
63 65
63 79
63 80
63 83
64 64
64 65
64 84
65 65
65 92
65 100
66 66
66 67
66 68
66 69
66 88
66 89
66 90
66 91
66 93
66 103
66 104
66 105
66 106
67 67
67 68
67 69
67 88
67 89
67 90
67 91
67 99
67 104
67 105
67 106
67 110
67 111
68 68
68 69
68 91
68 95
68 97
68 99
68 103
68 104
68 105
68 115
69 69
69 88
69 89
69 90
69 91
69 93
69 103
69 104
69 105
69 106
69 107
69 110
69 115
70 70
70 71
70 75
70 77
70 83
70 91
71 71
71 75
71 77
71 94
71 96
71 98
72 72
72 73
72 74
72 75
72 76
72 78
72 79
72 81
72 83
72 94
72 95
72 97
72 108
72 109
72 113
73 73
73 74
73 75
73 76
73 77
73 78
73 79
73 81
73 83
73 85
73 94
73 95
73 96
73 97
73 98
73 108
73 109
73 113
74 74
74 75
74 76
74 77
74 78
74 79
74 81
74 82
74 83
74 85
74 94
74 95
74 97
74 108
74 109
75 75
75 76
75 77
75 78
75 79
75 81
75 85
75 94
75 95
75 96
75 97
75 98
75 99
75 109
75 113
76 76
76 77
76 78
76 79
76 80
76 81
76 85
76 94
76 95
76 96
76 97
76 98
76 99
76 108
76 109
76 111
76 112
76 114
77 77
77 78
77 79
77 80
77 81
77 85
77 91
77 94
77 95
77 96
77 97
77 98
77 99
77 109
77 110
77 111
77 114
77 115
78 78
78 79
78 80
78 81
78 83
78 85
78 94
78 95
78 96
78 97
78 108
78 115
79 79
79 80
79 81
79 83
79 85
79 94
79 95
79 96
79 97
79 108
79 109
79 113
80 80
80 81
80 83
80 84
80 86
80 108
80 115
81 81
81 83
81 85
81 94
81 95
81 97
81 98
81 108
81 109
81 113
81 115
82 82
82 83
82 84
82 86
82 87
82 101
82 102
82 104
82 115
83 83
83 86
83 87
83 102
83 115
84 84
84 85
84 86
84 87
84 88
85 85
85 89
85 94
85 95
85 97
85 109
85 110
85 113
85 114
85 115
86 86
86 87
86 101
86 102
87 87
87 92
87 100
87 101
87 102
87 113
88 88
88 89
88 91
88 92
88 93
88 105
88 107
89 89
89 90
89 91
89 93
89 105
89 106
89 107
89 114
90 90
90 91
90 98
90 99
90 104
90 106
90 111
91 91
91 93
91 97
91 98
91 99
91 104
91 105
91 107
91 110
91 111
91 112
92 92
92 93
92 100
92 102
92 106
93 93
93 100
93 101
93 102
93 103
93 104
93 105
93 106
93 107
94 94
94 95
94 96
94 97
94 107
94 109
94 113
94 114
95 95
95 96
95 97
95 98
95 99
95 103
95 104
95 105
95 108
95 109
95 111
95 112
95 113
95 114
95 115
96 96
96 97
96 98
96 99
96 110
96 111
96 113
96 114
97 97
97 98
97 99
97 109
97 110
97 111
97 113
97 114
97 115
98 98
98 99
98 111
98 112
98 115
99 99
99 103
99 110
99 111
99 112
99 115
100 100
100 101
100 102
100 103
101 101
101 102
101 103
101 104
101 105
102 102
102 103
102 104
102 106
102 113
103 103
103 104
103 105
103 106
103 107
103 113
103 115
104 104
104 105
104 106
104 115
105 105
105 106
105 107
105 111
105 114
105 115
106 106
106 113
107 107
108 108
108 111
108 115
109 109
109 110
109 113
109 114
110 110
110 111
110 114
111 111
111 112
111 115
112 112
112 113
113 113
113 114
113 115
114 114
114 115
115 115
