0 0
0 1
0 2
0 3
0 5
0 6
0 7
0 9
0 15
0 18
0 19
0 21
0 22
0 23
0 24
0 25
0 26
0 27
0 32
0 33
0 39
0 54
0 56
0 58
0 60
0 65
0 83
0 88
0 89
0 107
1 1
1 2
1 3
1 6
1 7
1 18
1 19
1 32
1 33
1 40
1 57
1 58
1 59
1 61
1 65
2 2
2 3
2 5
2 6
2 7
2 9
2 15
2 18
2 19
2 22
2 23
2 24
2 25
2 26
2 27
2 32
2 33
2 58
2 60
2 64
2 65
2 83
2 88
2 92
3 3
3 5
3 6
3 7
3 9
3 15
3 18
3 19
3 22
3 23
3 24
3 25
3 26
3 27
3 40
3 58
3 59
3 65
3 83
3 88
4 4
4 5
4 8
4 9
4 15
4 20
4 21
4 22
4 24
4 26
4 27
4 39
4 41
4 50
4 52
4 54
4 70
4 83
4 88
4 89
4 107
5 5
5 6
5 9
5 14
5 15
5 18
5 19
5 20
5 21
5 24
5 25
5 26
5 27
5 38
5 39
5 40
5 41
5 54
5 59
5 65
5 83
5 87
5 88
5 89
5 107
6 6
6 7
6 9
6 18
6 22
6 32
6 33
6 58
6 60
6 61
6 64
6 65
6 90
6 92
6 101
7 7
7 9
7 11
7 19
7 30
7 33
7 61
7 64
7 65
7 92
8 8
8 13
8 14
8 16
8 17
8 22
8 23
8 28
8 34
8 38
8 50
8 60
8 88
8 91
8 92
8 93
8 95
8 96
8 107
9 9
9 15
9 18
9 19
9 20
9 21
9 24
9 25
9 26
9 27
9 39
9 40
9 41
9 54
9 59
9 70
9 83
9 88
9 89
10 10
10 11
10 12
10 13
10 16
10 17
10 28
10 29
10 31
10 34
10 35
10 50
10 63
10 64
10 70
10 71
10 72
10 73
10 74
10 75
10 77
10 79
10 81
10 101
10 104
10 106
10 114
10 115
11 11
11 12
11 13
11 17
11 30
11 40
11 61
11 63
11 65
12 12
12 13
12 17
12 31
12 43
12 48
12 51
12 58
12 71
12 72
12 79
12 81
12 93
12 101
12 102
12 104
12 106
12 115
13 13
13 16
13 17
13 28
13 29
13 61
13 63
13 64
13 70
13 72
13 73
13 78
13 80
13 112
14 14
14 15
14 16
14 21
14 23
14 24
14 25
14 27
14 28
14 36
14 38
14 64
14 73
14 74
14 75
14 76
14 82
14 83
14 84
14 87
14 88
14 89
14 91
14 93
14 94
14 95
14 96
14 102
14 103
14 107
14 108
14 113
14 114
15 15
15 18
15 19
15 20
15 21
15 24
15 25
15 26
15 27
15 29
15 36
15 39
15 40
15 41
15 54
15 59
15 70
15 72
15 73
15 74
15 75
15 83
15 87
15 88
15 89
15 94
15 96
16 16
16 17
16 28
16 29
16 34
16 35
16 36
16 46
16 52
16 63
16 64
16 69
16 70
16 72
16 73
16 77
16 78
16 80
16 82
16 84
16 91
16 94
16 95
16 96
16 97
16 98
16 103
16 104
16 105
16 108
16 109
16 111
16 112
16 114
16 115
17 17
17 28
17 29
17 31
17 34
17 35
17 38
17 42
17 50
17 51
17 52
17 53
17 55
17 64
17 70
17 71
17 72
17 73
17 78
17 79
17 80
17 81
17 91
17 95
17 102
17 105
17 106
17 112
17 115
18 18
18 19
18 24
18 25
18 26
18 27
18 32
18 33
18 36
18 40
18 57
18 58
18 59
18 65
18 74
18 76
18 83
18 88
19 19
19 24
19 25
19 26
19 32
19 33
19 37
19 40
19 41
19 57
19 59
19 65
19 76
19 83
20 20
20 21
20 24
20 25
20 26
20 27
20 29
20 36
20 38
20 39
20 40
20 41
20 46
20 52
20 54
20 55
20 59
20 70
20 71
20 72
20 73
20 83
20 88
20 89
21 21
21 23
21 24
21 25
21 26
21 27
21 29
21 36
21 37
21 38
21 39
21 41
21 54
21 59
21 70
21 71
21 72
21 73
21 74
21 75
21 83
21 84
21 87
21 88
21 89
22 22
22 23
22 24
22 27
22 31
22 33
22 34
22 35
22 50
22 64
22 67
22 84
22 85
22 88
23 23
23 24
23 25
23 31
23 34
23 35
23 50
23 54
23 64
23 65
23 71
23 75
23 84
23 85
23 88
23 93
23 107
24 24
24 25
24 26
24 27
24 39
24 54
24 74
24 75
24 83
24 84
24 88
25 25
25 26
25 27
25 36
25 37
25 39
25 41
25 54
25 59
25 73
25 74
25 75
25 76
25 83
25 84
25 88
25 89
25 103
25 114
26 26
26 27
26 36
26 38
26 39
26 40
26 41
26 54
26 59
26 83
26 88
26 89
26 107
27 27
27 38
27 39
27 40
27 41
27 54
27 59
27 83
27 86
27 87
27 88
27 89
27 107
28 28
28 29
28 34
28 36
28 38
28 46
28 52
28 53
28 55
28 63
28 69
28 70
28 71
28 72
28 73
28 74
28 75
28 78
28 80
28 81
28 95
28 102
28 105
28 106
28 108
28 111
28 112
28 115
29 29
29 30
29 36
29 46
29 52
29 55
29 63
29 70
29 71
29 72
29 73
29 74
29 75
29 78
29 79
29 80
29 81
29 94
29 106
29 108
29 109
30 30
30 31
30 62
30 63
30 70
30 72
30 77
30 81
30 106
31 31
31 33
31 34
31 35
31 50
31 64
31 67
31 71
31 75
31 77
31 79
31 84
31 85
31 86
31 106
31 114
32 32
32 33
32 57
32 58
32 65
32 66
32 68
32 76
33 33
33 57
33 63
33 64
33 65
33 109
33 110
34 34
34 35
34 38
34 42
34 50
34 51
34 53
34 64
34 67
34 69
34 71
34 84
34 85
34 93
34 102
34 105
34 106
34 107
34 110
34 115
35 35
35 50
35 64
35 67
35 69
35 71
35 77
35 84
35 91
35 92
35 93
35 100
35 101
35 102
35 103
35 104
35 105
35 110
35 113
35 114
35 115
36 36
36 40
36 46
36 52
36 59
36 70
36 72
36 73
36 74
36 75
36 78
36 79
36 80
36 81
36 82
36 83
36 84
36 95
36 104
36 109
36 114
37 37
37 39
37 41
37 46
37 52
37 53
37 54
37 55
37 74
37 75
37 76
37 77
37 83
37 87
37 89
37 99
37 105
37 111
38 38
38 39
38 54
38 55
38 71
38 82
38 83
38 87
38 88
38 89
38 91
38 93
38 94
38 95
38 96
38 97
38 98
38 99
38 103
38 105
38 107
38 108
38 112
38 113
38 115
39 39
39 40
39 41
39 54
39 55
39 56
39 58
39 59
39 60
39 83
39 87
39 88
39 89
39 93
39 95
39 96
39 99
39 107
40 40
40 41
40 49
40 55
40 57
40 59
40 83
40 89
40 98
40 99
41 41
41 52
41 54
41 59
41 83
41 88
41 89
42 42
42 43
42 44
42 45
42 46
42 47
42 48
42 49
42 50
42 51
42 52
42 53
42 55
42 66
42 77
42 79
42 81
42 98
42 106
42 111
42 112
42 115
43 43
43 44
43 45
43 46
43 47
43 48
43 49
43 50
43 51
43 53
43 55
43 67
43 79
43 81
43 90
43 98
43 102
43 110
43 111
43 112
43 115
44 44
44 45
44 46
44 47
44 48
44 49
44 51
44 53
44 55
44 62
44 90
44 98
44 100
44 111
44 112
44 115
45 45
45 47
45 48
45 49
45 50
45 51
45 53
45 67
45 79
45 81
45 90
45 98
45 100
45 102
45 110
45 111
45 115
46 46
46 47
46 48
46 49
46 51
46 52
46 53
46 55
46 59
46 70
46 71
46 72
46 73
46 74
46 96
46 98
46 99
46 105
46 111
46 112
47 47
47 48
47 49
47 51
47 53
47 55
47 67
47 69
47 79
47 81
47 98
47 99
47 105
47 110
47 111
47 112
47 115
48 48
48 49
48 50
48 51
48 53
48 66
48 90
48 92
48 93
48 98
48 100
48 101
49 49
49 51
49 53
49 55
49 59
49 66
49 79
49 81
49 98
49 100
49 111
49 112
50 50
50 51
50 64
50 67
50 71
50 77
50 84
50 85
50 92
50 114
51 51
51 52
51 53
51 55
51 59
51 66
51 67
51 79
51 81
51 90
51 98
51 100
51 102
52 52
52 53
52 54
52 55
52 59
52 70
52 71
52 89
52 98
53 53
53 55
53 79
53 80
53 81
53 98
53 99
53 111
53 112
54 54
54 55
54 59
54 70
54 71
54 73
54 75
54 83
54 87
54 88
54 89
54 93
54 94
54 96
54 107
55 55
55 59
55 70
55 72
55 89
55 96
55 97
55 98
55 99
55 105
55 111
55 112
55 115
56 56
56 57
56 58
56 60
56 61
56 62
56 63
56 99
57 57
57 61
57 68
57 69
57 77
57 113
58 58
58 59
58 60
58 61
58 65
58 66
58 88
58 90
58 98
59 59
59 66
59 70
59 83
59 88
59 89
59 98
60 60
60 61
60 62
60 63
60 64
60 65
60 88
60 89
60 90
60 91
60 92
60 93
60 94
60 95
60 96
60 97
60 107
61 61
61 62
61 63
61 65
61 90
61 92
62 62
62 63
62 112
63 63
63 68
63 80
63 81
63 109
63 111
63 112
64 64
64 67
64 71
64 85
64 92
64 93
64 94
64 101
64 107
65 65
65 92
65 93
65 100
66 66
66 67
66 68
66 69
67 67
67 68
67 69
67 77
67 84
67 85
67 101
67 102
67 110
67 115
68 68
68 69
68 77
68 80
68 81
68 103
68 104
68 105
68 113
68 114
69 69
69 77
69 81
69 85
69 105
69 111
69 114
69 115
70 70
70 71
70 72
70 73
70 74
70 75
70 80
70 84
70 89
70 94
70 95
70 106
71 71
71 72
71 73
71 75
71 85
71 87
71 89
71 94
71 105
71 106
72 72
72 73
72 74
72 75
72 76
72 79
72 80
72 81
72 106
72 108
72 111
73 73
73 74
73 75
73 76
73 78
73 79
73 80
73 81
73 89
73 104
73 105
73 106
73 114
74 74
74 75
74 76
74 78
74 80
74 82
74 86
74 104
74 114
75 75
75 76
75 83
75 87
75 89
75 103
75 105
75 106
75 114
76 76
76 77
76 78
76 79
76 80
76 103
76 104
76 105
76 114
77 77
77 81
77 82
77 85
77 104
77 105
77 106
77 110
77 113
77 114
77 115
78 78
78 79
78 80
78 81
78 108
78 111
79 79
79 80
79 81
79 102
79 104
79 106
79 111
79 114
79 115
80 80
80 81
80 82
80 102
80 104
80 109
80 111
81 81
81 84
81 102
81 104
81 106
81 109
81 111
81 114
81 115
82 82
82 84
82 86
82 87
82 90
82 91
82 94
82 95
82 96
82 97
82 98
82 102
82 104
82 108
82 109
82 110
82 111
82 113
82 114
83 83
83 87
83 88
83 89
83 96
83 107
84 84
84 85
84 86
84 87
84 95
84 102
84 103
84 104
84 114
85 85
85 105
86 86
86 87
86 88
86 94
86 95
86 97
86 98
86 109
86 110
87 87
87 88
87 89
87 91
87 94
87 95
87 96
87 97
87 103
87 107
87 108
87 109
88 88
88 89
88 91
88 92
88 93
88 95
88 96
88 107
89 89
89 91
89 93
89 94
89 95
89 96
89 99
89 107
90 90
90 91
90 92
90 93
90 96
90 98
90 107
90 113
91 91
91 92
91 93
91 94
91 95
91 96
91 97
91 98
91 99
91 101
91 103
91 107
91 113
92 92
92 93
92 98
92 100
92 101
92 107
93 93
93 96
93 100
93 101
93 102
93 103
93 107
93 113
94 94
94 95
94 96
94 97
94 98
94 107
94 108
94 109
94 110
95 95
95 96
95 97
95 98
95 107
95 108
95 109
95 110
96 96
96 97
96 98
96 99
96 107
96 108
96 109
96 110
96 111
96 112
96 113
97 97
97 98
97 99
97 103
97 107
97 108
97 109
97 110
97 111
97 112
98 98
98 99
98 107
98 111
98 112
99 99
99 105
99 107
99 111
99 112
99 115
100 100
100 101
100 102
100 104
100 106
100 108
100 110
101 101
101 102
101 103
101 104
101 110
101 113
101 115
102 102
102 103
102 104
102 105
102 106
102 109
102 110
102 113
102 114
102 115
103 103
103 104
103 105
103 109
103 110
103 113
103 114
103 115
104 104
104 106
104 108
104 109
104 110
104 113
104 114
104 115
105 105
105 106
105 108
105 110
105 111
105 112
105 113
105 114
105 115
106 106
106 111
106 114
106 115
107 107
108 108
108 109
108 110
108 111
108 112
109 109
109 110
110 110
110 111
110 113
110 114
110 115
111 111
111 112
111 115
112 112
112 115
113 113
113 114
113 115
114 114
114 115
115 115
