0 0
0 1
0 2
0 6
0 10
0 22
0 24
0 25
0 50
0 51
0 52
0 53
0 54
0 56
0 58
0 60
0 61
0 62
0 63
0 83
0 91
0 92
0 93
0 100
0 101
1 1
1 11
1 16
1 17
1 18
1 19
1 29
1 56
1 57
1 62
1 63
1 75
1 79
1 100
1 111
2 2
2 5
2 6
2 20
2 21
2 22
2 23
2 24
2 25
2 26
2 27
2 30
2 31
2 58
2 60
2 61
2 67
2 89
2 90
2 91
2 93
2 99
2 101
2 103
2 105
2 107
2 110
2 111
2 114
3 3
3 5
3 7
3 11
3 20
3 21
3 22
3 23
3 24
3 25
3 26
3 27
3 38
3 39
3 48
3 61
3 64
3 65
3 89
3 90
3 92
4 4
4 7
4 8
4 9
4 13
4 14
4 15
4 16
4 17
4 28
4 29
4 64
4 68
4 69
4 70
4 72
4 73
4 74
4 76
4 78
4 81
4 82
4 84
4 88
5 5
5 6
5 20
5 21
5 22
5 23
5 24
5 25
5 26
5 27
5 39
5 42
5 43
5 44
5 45
5 46
5 47
5 48
5 49
5 51
5 52
5 53
5 55
5 56
5 58
5 59
5 61
5 65
5 67
5 89
5 90
5 91
5 92
5 105
5 110
6 6
6 20
6 21
6 22
6 23
6 24
6 25
6 26
6 27
6 30
6 31
6 52
6 58
6 60
6 61
6 64
6 67
6 83
6 89
6 90
6 91
6 92
6 93
6 99
6 101
6 103
6 105
6 107
6 111
7 7
7 8
7 9
7 11
7 12
7 13
7 14
7 15
7 48
7 61
7 64
7 65
7 70
7 82
8 8
8 9
8 12
8 13
8 14
8 15
8 16
8 17
8 28
8 29
8 64
8 68
8 69
8 70
8 72
8 73
8 74
8 76
8 78
8 81
8 82
8 84
8 88
9 9
9 12
9 13
9 14
9 15
9 16
9 17
9 28
9 29
9 64
9 68
9 69
9 70
9 72
9 73
9 74
9 82
9 84
9 88
10 10
10 11
10 12
10 16
10 50
10 51
10 54
10 56
10 62
11 11
11 12
11 13
11 15
11 48
11 49
11 50
11 51
11 52
11 55
11 61
11 65
11 92
11 100
11 113
12 12
12 13
12 14
12 15
12 16
12 17
12 28
12 29
12 60
12 64
12 72
12 73
12 82
12 101
13 13
13 14
13 15
13 48
13 51
13 65
13 70
13 82
14 14
14 15
14 16
14 17
14 19
14 28
14 29
14 64
14 68
14 69
14 70
14 72
14 73
14 74
14 76
14 78
14 81
14 82
14 84
14 88
15 15
15 16
15 17
15 28
15 29
15 64
15 68
15 69
15 70
15 72
15 73
15 74
15 82
15 84
15 88
16 16
16 17
16 18
16 19
16 28
16 29
16 32
16 33
16 36
16 40
16 41
16 57
16 62
16 63
16 66
16 68
16 69
16 72
16 73
16 74
16 76
16 78
16 79
16 80
16 81
16 82
16 100
16 102
17 17
17 18
17 19
17 28
17 29
17 32
17 33
17 36
17 40
17 57
17 62
17 63
17 68
17 69
17 72
17 73
17 74
17 76
17 77
17 78
17 79
17 80
17 81
17 82
17 84
17 102
18 18
18 19
18 28
18 29
18 32
18 33
18 36
18 57
18 62
18 63
18 66
18 68
18 69
18 72
18 73
18 74
18 75
18 76
18 78
18 79
18 80
18 81
18 83
18 95
18 97
18 99
18 101
18 102
18 103
18 108
19 19
19 28
19 29
19 32
19 33
19 57
19 62
19 63
19 66
19 68
19 69
19 70
19 72
19 73
19 74
19 75
19 76
19 78
19 79
19 80
19 81
19 82
19 83
19 102
19 103
20 20
20 21
20 22
20 23
20 24
20 25
20 26
20 27
20 47
20 48
20 49
20 50
20 51
20 52
20 53
20 54
20 55
20 58
20 59
20 61
20 65
20 67
20 89
20 91
20 92
21 21
21 22
21 23
21 24
21 25
21 26
21 27
21 37
21 39
21 41
21 42
21 43
21 44
21 45
21 46
21 47
21 48
21 49
21 51
21 53
21 54
21 55
21 56
21 59
21 61
21 65
21 67
21 89
21 90
21 92
21 94
21 98
21 105
21 110
21 114
22 22
22 23
22 24
22 25
22 26
22 27
22 31
22 48
22 50
22 52
22 54
22 56
22 58
22 60
22 61
22 65
22 67
22 86
22 89
22 90
22 91
22 92
22 93
22 105
22 107
22 110
22 112
23 23
23 24
23 25
23 26
23 27
23 30
23 31
23 34
23 37
23 38
23 41
23 50
23 58
23 60
23 65
23 83
23 85
23 86
23 89
23 90
23 91
23 92
23 93
23 105
23 112
24 24
24 25
24 26
24 27
24 31
24 37
24 42
24 43
24 47
24 48
24 49
24 50
24 51
24 52
24 53
24 55
24 56
24 58
24 61
24 65
24 67
24 89
24 90
24 91
24 92
24 93
24 99
24 105
24 110
25 25
25 26
25 27
25 31
25 37
25 39
25 42
25 45
25 47
25 48
25 49
25 50
25 51
25 52
25 53
25 54
25 56
25 58
25 61
25 65
25 67
25 85
25 89
25 90
25 91
25 92
25 93
25 105
25 107
25 110
25 114
26 26
26 27
26 38
26 39
26 42
26 43
26 45
26 47
26 53
26 55
26 59
26 65
26 89
26 90
26 91
26 92
26 105
26 110
27 27
27 39
27 42
27 43
27 44
27 45
27 46
27 47
27 48
27 49
27 51
27 53
27 55
27 59
27 61
27 65
27 71
27 89
27 90
27 92
27 105
27 110
28 28
28 29
28 32
28 33
28 36
28 40
28 68
28 69
28 70
28 72
28 73
28 74
28 75
28 76
28 78
28 79
28 80
28 81
28 82
28 83
28 84
28 102
29 29
29 32
29 33
29 36
29 40
29 41
29 62
29 63
29 68
29 69
29 70
29 72
29 73
29 74
29 75
29 76
29 78
29 79
29 80
29 81
29 82
29 83
29 84
29 102
30 30
30 31
30 32
30 33
30 34
30 73
30 74
30 75
30 84
31 31
31 33
31 34
31 35
31 75
31 85
31 91
31 93
31 99
31 105
31 114
32 32
32 33
32 36
32 40
32 57
32 60
32 62
32 63
32 66
32 68
32 69
32 72
32 73
32 74
32 75
32 76
32 78
32 79
32 80
32 81
32 83
32 84
32 99
32 101
32 102
32 103
32 111
33 33
33 34
33 35
33 40
33 57
33 60
33 62
33 63
33 66
33 72
33 73
33 74
33 76
33 78
33 79
33 80
33 81
33 82
33 83
33 84
33 85
33 99
33 101
33 102
33 103
33 111
34 34
34 35
34 67
34 84
34 85
35 35
35 64
35 65
35 67
35 82
35 84
35 88
36 36
36 37
36 40
36 41
36 62
36 63
36 72
36 73
36 74
36 75
36 76
36 77
36 78
36 79
36 80
36 81
36 83
36 84
36 85
36 87
37 37
37 38
37 39
37 41
37 50
37 51
37 54
37 71
37 75
37 85
37 87
37 89
38 38
38 39
38 48
38 50
38 51
38 54
38 55
38 87
38 89
39 39
39 47
39 48
39 49
39 51
39 53
39 55
39 59
39 61
39 65
39 71
39 77
39 86
39 89
39 90
39 92
39 95
39 96
39 104
39 109
39 110
40 40
40 60
40 62
40 63
40 72
40 73
40 74
40 76
40 77
40 78
40 79
40 80
40 81
40 82
40 83
40 84
40 87
41 41
41 62
41 63
41 73
41 74
41 75
41 80
41 83
41 85
41 87
42 42
42 43
42 44
42 45
42 46
42 47
42 48
42 49
42 55
42 56
42 59
42 67
42 94
42 96
42 98
42 104
42 110
43 43
43 44
43 45
43 46
43 47
43 48
43 49
43 55
43 59
43 61
43 67
43 94
43 96
43 98
43 110
44 44
44 45
44 46
44 47
44 48
44 49
44 51
44 55
44 56
44 59
44 61
44 98
45 45
45 46
45 47
45 48
45 49
45 55
45 56
45 59
45 65
45 67
45 90
45 98
45 110
45 114
46 46
46 47
46 48
46 49
46 51
46 53
46 55
46 56
46 59
46 61
46 67
46 94
46 96
46 98
46 104
46 105
46 110
46 112
46 114
47 47
47 48
47 49
47 51
47 53
47 55
47 59
47 65
47 67
47 71
47 90
47 94
47 96
47 98
47 104
47 105
47 110
47 114
48 48
48 49
48 50
48 51
48 52
48 53
48 54
48 55
48 56
48 58
48 59
48 61
48 65
48 71
48 89
48 96
48 100
49 49
49 50
49 51
49 53
49 54
49 55
49 56
49 59
49 61
49 65
49 71
49 89
49 96
49 98
50 50
50 51
50 52
50 53
50 54
50 55
50 56
50 58
50 61
50 65
50 89
50 92
50 93
50 96
50 100
51 51
51 52
51 53
51 54
51 55
51 56
51 58
51 59
51 61
51 65
51 71
51 89
51 92
51 96
51 100
52 52
52 53
52 54
52 58
52 59
52 61
52 65
52 89
52 92
52 93
52 113
53 53
53 54
53 55
53 56
53 58
53 59
53 61
53 89
53 90
53 96
53 100
54 54
54 55
54 56
54 58
54 59
54 61
54 62
54 87
54 89
54 96
55 55
55 56
55 58
55 59
55 61
55 65
55 87
55 89
55 96
56 56
56 57
56 58
56 61
56 62
56 63
56 65
56 89
56 100
57 57
57 62
57 63
57 66
57 69
57 78
57 79
57 80
57 81
57 98
57 102
57 106
57 109
57 111
58 58
58 60
58 61
58 64
58 65
58 67
58 89
58 90
58 91
58 92
58 93
58 107
59 59
59 61
59 67
59 89
59 94
59 96
59 104
59 106
59 110
60 60
60 62
60 63
60 64
60 83
60 91
60 93
60 99
60 101
60 103
61 61
61 65
61 89
61 90
61 92
61 113
62 62
62 63
62 66
62 74
62 75
62 76
62 78
62 79
62 80
62 81
62 83
62 85
62 99
62 101
62 103
62 111
63 63
63 66
63 74
63 75
63 78
63 79
63 80
63 83
63 99
63 100
63 101
63 102
63 103
63 111
63 113
64 64
64 84
64 88
64 93
65 65
65 67
65 89
65 90
65 92
66 66
66 67
66 68
66 69
66 72
66 76
66 78
66 79
66 95
66 97
66 99
66 101
66 102
66 103
66 108
66 109
67 67
67 91
67 96
67 103
67 104
67 105
67 106
67 107
67 108
67 110
67 114
68 68
68 69
68 72
68 73
68 74
68 76
68 78
68 79
68 80
68 81
68 82
68 84
68 85
68 97
69 69
69 70
69 72
69 73
69 74
69 76
69 78
69 79
69 80
69 81
69 82
69 97
69 102
70 70
70 71
70 72
70 73
70 74
70 75
70 76
70 77
70 82
70 100
71 71
71 75
71 77
71 90
71 95
71 104
72 72
72 73
72 74
72 75
72 76
72 77
72 78
72 79
72 80
72 81
72 82
72 84
72 102
73 73
73 74
73 75
73 76
73 77
73 78
73 79
73 80
73 81
73 82
73 84
73 102
74 74
74 75
74 76
74 77
74 78
74 79
74 80
74 81
74 82
74 83
74 84
74 85
74 102
75 75
75 76
75 77
75 78
75 79
75 80
75 81
75 85
75 100
75 102
75 113
76 76
76 77
76 78
76 79
76 80
76 81
76 82
76 83
76 84
76 102
76 108
77 77
77 78
77 87
78 78
78 79
78 80
78 81
78 82
78 83
78 84
78 85
78 102
78 103
78 111
78 115
79 79
79 80
79 81
79 82
79 83
79 84
79 99
80 80
80 81
80 82
80 83
80 84
80 85
80 87
80 102
80 115
81 81
81 82
81 83
81 84
81 85
81 87
81 102
81 103
82 82
82 84
82 88
82 102
83 83
83 84
83 85
83 87
83 91
83 92
83 93
83 101
83 103
84 84
84 88
85 85
85 86
85 87
85 92
86 86
86 87
86 88
86 104
86 110
87 87
87 88
88 88
89 89
89 90
89 91
89 92
89 93
89 110
90 90
90 91
90 92
90 93
90 98
90 104
90 105
90 110
90 114
90 115
91 91
91 92
91 93
91 99
91 101
91 103
91 104
91 105
91 110
91 114
92 92
92 93
93 93
93 99
93 101
93 103
93 105
94 94
94 96
94 97
95 95
95 104
95 107
95 108
95 109
96 96
96 104
96 106
96 110
97 97
97 109
97 110
98 98
98 99
98 106
98 111
98 112
98 114
99 99
99 101
99 103
99 108
99 111
100 100
100 102
101 101
101 102
101 103
101 107
102 102
102 103
102 106
102 113
103 103
103 104
103 105
104 104
104 105
104 106
104 107
104 108
104 109
104 110
104 114
105 105
105 106
105 107
105 110
105 111
105 114
105 115
106 106
106 107
106 114
107 107
107 108
107 109
107 114
108 108
108 109
109 109
110 110
110 114
110 115
111 111
111 115
112 112
112 114
113 113
114 114
115 115
