0 0
0 1
0 10
0 12
0 14
0 16
0 17
0 18
0 19
0 28
0 32
0 33
0 41
0 56
0 57
0 60
0 62
0 63
0 68
0 69
0 75
0 76
0 77
0 78
0 79
0 80
0 82
0 86
1 1
1 16
1 17
1 18
1 19
1 32
1 33
1 51
1 53
1 56
1 57
1 62
1 63
1 68
1 69
1 75
1 76
1 77
1 78
1 79
1 80
1 81
1 84
1 85
2 2
2 3
2 4
2 6
2 8
2 14
2 22
2 23
2 26
2 27
2 34
2 64
2 67
2 90
2 91
2 92
2 93
2 94
2 95
2 97
2 99
2 102
2 103
2 105
2 107
2 110
2 114
3 3
3 4
3 7
3 11
3 13
3 14
3 22
3 23
3 24
3 25
3 27
3 30
3 31
3 35
3 64
3 65
3 82
3 84
3 85
3 86
4 4
4 5
4 13
4 14
4 20
4 21
4 22
4 23
4 24
4 25
4 26
4 27
4 30
4 31
4 33
4 34
4 35
4 64
4 71
4 73
4 75
4 83
5 5
5 7
5 9
5 13
5 15
5 20
5 21
5 22
5 23
5 24
5 25
5 26
5 27
5 30
5 31
5 65
5 71
5 83
5 84
5 85
5 89
5 92
6 6
6 7
6 8
6 10
6 12
6 22
6 23
6 30
6 31
6 45
6 48
6 64
6 65
6 73
6 74
6 90
6 91
6 92
6 93
6 95
6 98
6 99
6 103
6 105
6 110
6 111
6 112
6 114
6 115
7 7
7 8
7 9
7 11
7 12
7 13
7 15
7 23
7 25
7 29
7 31
7 36
7 59
7 61
7 65
7 73
7 74
7 75
7 89
7 92
7 95
8 8
8 9
8 10
8 12
8 14
8 48
8 60
8 61
8 64
8 72
8 73
8 74
8 90
8 91
8 93
8 98
8 99
8 101
8 103
8 105
8 110
8 111
8 112
8 113
8 114
8 115
9 9
9 10
9 11
9 12
9 13
9 15
9 29
9 59
9 60
9 61
9 65
9 88
9 89
9 90
9 91
9 92
9 93
9 97
9 99
9 101
9 105
9 111
9 114
9 115
10 10
10 11
10 12
10 13
10 14
10 15
10 28
10 29
10 48
10 58
10 60
10 61
10 63
10 64
10 72
10 75
10 88
10 93
11 11
11 12
11 13
11 15
11 29
11 31
11 59
11 61
11 64
11 65
11 73
11 75
11 85
11 88
12 12
12 13
12 15
12 29
12 31
12 42
12 44
12 48
12 49
12 51
12 58
12 60
12 61
12 64
12 65
12 73
12 74
12 75
12 76
12 77
13 13
13 15
13 29
13 59
13 61
13 65
13 73
13 75
13 84
13 85
13 88
13 89
14 14
14 18
14 20
14 21
14 26
14 27
14 28
14 30
14 31
14 32
14 36
14 40
14 70
14 72
14 75
14 76
14 77
14 82
14 83
15 15
15 29
15 30
15 31
15 39
15 41
15 61
15 70
15 71
15 72
15 73
15 75
15 76
15 77
15 83
15 85
15 89
16 16
16 17
16 18
16 19
16 28
16 29
16 32
16 33
16 53
16 56
16 57
16 60
16 62
16 63
16 68
16 72
16 76
16 77
16 78
16 79
16 80
16 81
17 17
17 18
17 19
17 28
17 29
17 32
17 33
17 56
17 57
17 60
17 62
17 63
17 68
17 69
17 72
17 74
17 76
17 78
17 79
17 80
17 81
18 18
18 19
18 29
18 32
18 33
18 60
18 61
18 63
18 72
18 75
18 76
18 77
18 82
19 19
19 28
19 32
19 33
19 58
19 60
19 62
19 63
19 68
19 69
19 72
19 80
19 81
19 88
19 93
19 97
19 101
19 103
19 104
19 105
19 107
19 108
20 20
20 21
20 22
20 23
20 24
20 25
20 26
20 27
20 30
20 31
20 34
20 35
20 47
20 70
20 71
20 83
20 94
20 96
20 109
20 110
21 21
21 22
21 23
21 24
21 25
21 26
21 27
21 30
21 31
21 34
21 35
21 47
21 52
21 70
21 71
21 94
21 96
21 109
21 110
22 22
22 23
22 24
22 25
22 26
22 27
22 30
22 31
22 34
22 35
22 42
22 43
22 44
22 49
22 50
22 51
22 53
22 64
22 67
22 70
22 71
22 75
22 84
22 86
22 110
23 23
23 24
23 25
23 26
23 27
23 30
23 31
23 34
23 35
23 47
23 64
23 67
23 71
23 90
23 91
23 92
23 93
23 94
23 96
23 97
23 99
23 102
23 105
23 110
23 114
24 24
24 25
24 26
24 27
24 30
24 31
24 34
24 35
24 53
24 64
24 71
24 84
24 110
25 25
25 26
25 27
25 30
25 31
25 34
25 35
25 36
25 38
25 39
25 40
25 41
25 55
25 70
25 71
25 75
25 83
25 85
25 92
25 94
25 96
26 26
26 27
26 30
26 31
26 34
26 35
26 38
26 39
26 47
26 67
26 70
26 71
26 83
26 84
26 89
26 92
26 94
26 96
26 109
26 110
27 27
27 30
27 31
27 34
27 35
27 39
27 41
27 55
27 67
27 71
27 83
27 84
27 89
27 92
27 94
27 96
27 109
27 110
28 28
28 29
28 32
28 36
28 60
28 62
28 63
28 72
28 74
28 78
28 79
28 80
28 81
28 82
28 83
28 87
28 88
28 101
29 29
29 32
29 33
29 60
29 61
29 62
29 63
29 72
29 73
29 74
29 76
29 78
29 79
29 80
29 81
29 85
29 88
30 30
30 31
30 32
30 33
30 34
30 35
30 64
30 70
30 71
30 73
30 75
30 76
30 77
30 78
30 79
31 31
31 34
31 35
31 64
31 70
31 71
31 73
31 74
31 75
31 83
31 84
31 85
31 92
31 96
32 32
32 33
32 40
32 41
32 56
32 57
32 60
32 62
32 63
32 68
32 72
32 73
32 74
32 76
32 77
32 78
32 79
32 80
32 81
33 33
33 56
33 57
33 63
33 64
33 68
33 72
33 73
33 74
33 75
33 76
33 77
33 78
33 79
33 80
33 81
33 84
34 34
34 35
34 42
34 43
34 44
34 45
34 49
34 50
34 51
34 64
34 66
34 67
34 70
34 71
34 77
35 35
35 39
35 42
35 43
35 44
35 45
35 49
35 50
35 64
35 67
35 70
35 71
35 77
35 86
36 36
36 37
36 38
36 39
36 40
36 41
36 70
36 71
36 72
36 73
36 74
36 76
36 77
36 83
36 94
36 96
36 108
36 109
36 113
37 37
37 38
37 39
37 40
37 41
37 45
37 59
37 76
37 87
37 94
37 99
37 101
37 104
37 105
37 113
37 115
38 38
38 39
38 40
38 41
38 55
38 71
38 82
38 83
38 86
38 87
38 89
38 94
38 96
38 108
38 109
39 39
39 40
39 41
39 55
39 67
39 70
39 71
39 82
39 83
39 87
39 89
39 92
39 93
39 94
39 96
39 97
39 100
39 108
39 109
40 40
40 41
40 70
40 71
40 72
40 73
40 75
40 76
40 77
40 82
40 83
40 86
40 113
41 41
41 70
41 71
41 72
41 73
41 74
41 76
41 77
41 82
41 83
41 94
41 96
42 42
42 43
42 44
42 45
42 46
42 47
42 48
42 49
42 50
42 51
42 53
42 55
42 96
42 98
43 43
43 44
43 45
43 46
43 47
43 48
43 49
43 50
43 51
43 53
43 55
43 96
44 44
44 45
44 46
44 47
44 48
44 49
44 50
44 51
44 53
44 55
44 66
44 67
44 70
44 96
44 98
45 45
45 46
45 47
45 48
45 49
45 50
45 51
45 55
45 66
45 67
45 70
45 96
45 98
45 104
45 110
46 46
46 47
46 48
46 49
46 50
46 51
46 53
46 55
46 96
46 98
47 47
47 48
47 49
47 55
47 66
47 67
47 87
47 90
47 91
47 92
47 94
47 96
47 98
47 102
47 110
47 112
47 115
48 48
48 49
48 50
48 51
48 52
48 55
48 58
48 59
48 66
48 67
48 90
48 91
48 96
48 98
48 99
48 113
49 49
49 50
49 51
49 53
49 66
49 98
50 50
50 51
50 52
50 53
50 56
50 57
50 64
50 98
51 51
51 52
51 53
51 56
51 57
51 86
51 98
52 52
52 53
52 54
52 55
52 90
52 92
52 98
52 99
52 112
53 53
53 54
53 55
53 56
53 57
53 78
53 79
53 85
54 54
54 55
54 57
54 62
54 66
54 68
54 69
54 80
54 81
54 89
54 97
54 109
55 55
55 85
55 87
55 89
55 96
55 110
56 56
56 57
56 62
56 63
56 68
56 69
56 76
56 77
56 78
56 79
56 80
56 81
56 85
57 57
57 62
57 63
57 68
57 69
57 76
57 77
57 78
57 79
57 80
57 81
57 84
57 85
58 58
58 59
58 60
58 62
58 63
58 66
58 68
58 69
58 88
58 91
58 93
58 98
58 99
58 101
58 102
58 103
58 104
58 107
58 111
58 113
59 59
59 61
59 65
59 89
59 90
59 101
59 104
59 113
60 60
60 61
60 62
60 63
60 68
60 72
60 78
60 80
60 88
60 93
60 99
60 101
60 103
60 107
60 111
60 113
61 61
61 63
61 65
61 88
61 89
61 111
61 115
62 62
62 63
62 66
62 68
62 69
62 72
62 78
62 79
62 80
62 81
62 87
62 101
62 103
63 63
63 68
63 69
63 72
63 78
63 79
63 80
63 81
63 88
63 101
64 64
64 65
64 75
65 65
65 67
65 73
65 84
65 85
65 88
65 89
65 92
65 95
66 66
66 67
66 68
66 69
66 93
66 103
66 104
66 105
66 107
66 109
67 67
67 71
67 90
67 91
67 92
67 93
67 94
67 95
67 96
67 97
67 102
67 103
67 104
67 105
67 106
67 107
67 110
67 115
68 68
68 69
68 78
68 79
68 80
68 81
69 69
69 79
69 80
69 103
69 110
70 70
70 71
70 73
70 74
70 75
70 76
70 77
70 94
71 71
71 75
71 77
71 92
71 94
71 109
72 72
72 73
72 74
72 76
72 78
72 79
72 80
72 81
72 101
72 111
73 73
73 74
73 75
73 76
73 77
73 84
73 95
74 74
74 75
74 76
74 77
74 78
74 80
75 75
75 76
75 77
76 76
76 77
77 77
78 78
78 79
78 80
78 81
78 84
79 79
79 80
79 81
80 80
80 81
80 83
80 84
80 85
80 87
80 101
81 81
81 83
81 84
81 85
81 87
82 82
82 83
82 87
82 88
82 89
82 94
82 101
82 102
82 107
82 108
83 83
83 84
83 85
83 89
83 94
83 97
83 100
83 108
83 109
84 84
84 85
84 88
84 89
85 85
85 89
86 86
86 95
87 87
87 96
87 101
87 103
87 104
87 107
87 108
87 115
88 88
88 89
88 93
88 101
88 103
88 105
88 107
89 89
89 92
90 90
90 91
90 92
90 93
90 96
90 97
90 98
90 99
90 100
90 101
90 102
90 103
90 104
90 105
90 110
90 111
90 112
90 113
90 114
90 115
91 91
91 92
91 93
91 94
91 97
91 98
91 99
91 100
91 101
91 102
91 103
91 104
91 105
91 107
91 108
91 109
91 110
91 111
91 112
91 113
91 114
91 115
92 92
92 93
92 94
92 96
92 97
92 98
92 99
92 100
92 102
92 103
92 105
92 109
92 110
92 111
92 112
92 113
92 114
92 115
93 93
93 94
93 95
93 97
93 98
93 99
93 100
93 101
93 102
93 103
93 104
93 105
93 107
93 108
93 109
93 110
93 111
93 113
93 114
93 115
94 94
94 96
94 97
94 100
94 101
94 102
94 103
94 105
94 107
94 108
94 109
94 110
94 113
95 95
95 97
95 104
95 108
95 114
96 96
96 97
96 98
96 109
96 110
96 112
97 97
97 99
97 100
97 101
97 102
97 103
97 104
97 105
97 107
97 108
97 109
97 110
97 111
97 112
97 113
97 114
98 98
98 99
98 101
98 102
98 103
98 105
98 110
98 111
98 112
98 113
98 114
98 115
99 99
99 100
99 101
99 102
99 103
99 104
99 105
99 108
99 110
99 111
99 112
99 113
99 114
99 115
100 100
100 101
100 102
100 103
100 104
100 105
100 108
100 109
100 111
100 112
100 113
100 114
101 101
101 102
101 103
101 104
101 105
101 107
101 108
101 111
101 113
101 114
101 115
102 102
102 103
102 104
102 105
102 107
102 108
102 110
102 111
102 112
102 113
102 114
103 103
103 104
103 105
103 107
103 108
103 109
103 110
103 111
103 113
103 114
103 115
104 104
104 105
104 107
104 108
104 113
104 114
104 115
105 105
105 107
105 108
105 109
105 110
105 111
105 112
105 113
105 114
105 115
106 106
107 107
107 108
107 109
108 108
108 109
108 113
108 114
109 109
109 112
109 113
110 110
110 111
110 114
110 115
111 111
111 112
111 113
111 114
111 115
112 112
112 113
112 114
112 115
113 113
113 114
113 115
114 114
114 115
115 115
