0 0
0 1
0 10
0 11
0 16
0 17
0 28
0 29
0 32
0 33
0 38
0 53
0 56
0 57
0 60
0 62
0 63
0 78
0 79
0 80
0 81
0 83
1 1
1 11
1 16
1 17
1 28
1 29
1 32
1 33
1 56
1 57
1 62
1 63
1 68
1 69
1 74
1 78
1 79
1 80
1 81
1 83
1 87
2 2
2 4
2 5
2 6
2 7
2 8
2 9
2 10
2 18
2 22
2 23
2 24
2 25
2 26
2 30
2 58
2 60
2 61
2 64
2 65
2 84
2 88
2 89
2 91
2 92
2 93
2 101
2 107
2 115
3 3
3 5
3 7
3 18
3 19
3 22
3 23
3 42
3 64
3 84
3 85
3 87
3 88
3 89
3 92
3 100
3 105
4 4
4 5
4 6
4 8
4 9
4 22
4 24
4 26
4 27
4 52
4 58
4 61
4 64
4 66
4 70
4 73
4 75
4 77
4 88
4 89
4 90
4 91
4 92
4 93
4 98
4 101
4 102
5 5
5 7
5 9
5 18
5 22
5 26
5 27
5 58
5 64
5 88
5 89
5 90
5 92
5 93
5 100
5 103
5 104
5 105
5 107
5 115
6 6
6 7
6 8
6 9
6 10
6 11
6 12
6 13
6 14
6 16
6 22
6 24
6 28
6 30
6 31
6 38
6 60
6 61
6 64
6 65
6 72
6 75
6 83
6 91
6 97
6 111
7 7
7 8
7 11
7 13
7 15
7 18
7 22
7 23
7 42
7 60
7 61
7 64
7 65
7 88
7 92
8 8
8 9
8 11
8 13
8 15
8 20
8 22
8 23
8 41
8 42
8 48
8 51
8 52
8 53
8 58
8 60
8 61
8 70
8 71
8 72
8 73
8 74
8 75
8 76
8 77
8 111
9 9
9 16
9 20
9 21
9 22
9 23
9 24
9 25
9 30
9 31
9 60
9 61
9 64
9 75
9 97
9 107
9 109
9 115
10 10
10 11
10 12
10 13
10 14
10 16
10 17
10 27
10 28
10 29
10 36
10 38
10 62
10 72
10 81
10 82
10 83
11 11
11 12
11 13
11 14
11 15
11 16
11 17
11 28
11 29
11 33
11 61
11 62
11 63
11 72
11 74
11 80
11 81
11 82
11 83
12 12
12 13
12 14
12 15
12 16
12 17
12 27
12 28
12 29
12 30
12 36
12 37
12 38
12 40
12 46
12 55
12 72
12 73
12 74
12 75
12 76
12 79
12 80
12 81
12 83
12 111
13 13
13 14
13 15
13 28
13 29
13 42
13 43
13 46
13 47
13 48
13 51
13 61
13 72
13 74
13 111
14 14
14 15
14 18
14 27
14 28
14 38
14 48
14 55
14 61
14 72
14 83
14 89
15 15
15 20
15 27
15 28
15 29
15 37
15 41
15 42
15 46
15 55
15 72
15 73
15 74
15 75
15 76
15 89
15 96
15 111
16 16
16 17
16 20
16 28
16 29
16 30
16 31
16 38
16 56
16 57
16 62
16 63
16 70
16 72
16 74
16 75
16 78
16 79
16 80
16 81
16 83
16 111
17 17
17 28
17 29
17 30
17 31
17 32
17 33
17 36
17 38
17 39
17 40
17 56
17 57
17 62
17 63
17 68
17 72
17 78
17 79
17 80
17 81
17 83
17 87
17 112
18 18
18 19
18 27
18 32
18 33
18 64
18 69
18 82
18 83
18 84
18 87
18 89
19 19
19 32
19 33
19 39
19 44
19 55
19 67
19 69
19 82
19 84
19 87
19 88
19 90
19 98
19 100
19 103
19 104
19 105
19 106
19 107
20 20
20 21
20 22
20 23
20 24
20 25
20 26
20 28
20 29
20 30
20 31
20 34
20 37
20 41
20 53
20 70
20 71
20 72
20 73
20 74
20 75
20 76
20 77
20 78
20 85
20 95
20 109
20 110
20 113
21 21
21 22
21 23
21 24
21 25
21 28
21 30
21 31
21 41
21 53
21 56
21 70
21 72
21 73
21 74
21 75
21 76
21 83
21 85
21 109
22 22
22 23
22 24
22 25
22 26
22 30
22 31
22 64
22 70
22 73
22 75
22 77
22 85
22 92
22 114
23 23
23 24
23 25
23 30
23 31
23 34
23 35
23 42
23 64
23 70
23 71
23 77
23 84
23 85
23 89
23 92
23 115
24 24
24 25
24 26
24 30
24 31
24 35
24 64
24 70
24 71
24 85
24 92
24 97
24 109
25 25
25 26
25 27
25 30
25 31
25 53
25 56
25 64
25 84
25 85
25 86
25 89
25 95
25 108
25 109
26 26
26 27
26 36
26 37
26 38
26 52
26 54
26 55
26 64
26 89
26 98
26 99
26 109
27 27
27 36
27 37
27 54
27 55
27 87
27 89
27 96
27 98
27 104
28 28
28 29
28 30
28 31
28 32
28 36
28 38
28 39
28 40
28 62
28 63
28 72
28 73
28 74
28 75
28 76
28 78
28 79
28 80
28 81
28 83
28 111
29 29
29 30
29 31
29 36
29 37
29 38
29 39
29 40
29 41
29 46
29 57
29 62
29 63
29 70
29 72
29 73
29 74
29 75
29 76
29 78
29 79
29 80
29 81
29 83
29 111
30 30
30 31
30 36
30 38
30 39
30 41
30 64
30 70
30 72
30 73
30 74
30 75
30 76
30 83
30 84
30 85
31 31
31 53
31 70
31 71
31 72
31 73
31 74
31 75
31 76
31 77
31 78
31 83
31 85
32 32
32 33
32 34
32 40
32 57
32 63
32 69
32 78
32 79
32 80
32 81
33 33
33 34
33 35
33 40
33 60
33 63
33 64
33 65
33 69
33 78
33 79
33 80
33 81
34 34
34 35
34 58
34 60
34 64
34 65
34 70
34 73
34 91
34 107
35 35
35 48
35 49
35 51
35 58
35 59
35 60
35 61
35 65
35 66
35 67
35 86
35 88
35 91
35 101
35 115
36 36
36 37
36 38
36 39
36 40
36 46
36 54
36 55
36 70
36 72
36 73
36 74
36 75
36 76
36 80
36 81
36 97
36 108
36 111
36 112
37 37
37 38
37 39
37 40
37 41
37 42
37 43
37 46
37 47
37 54
37 55
37 70
37 71
37 72
37 73
37 74
37 75
37 76
37 77
37 97
37 98
37 108
37 109
37 110
37 111
37 113
38 38
38 39
38 40
38 54
38 72
38 79
38 80
38 81
38 83
38 84
38 86
38 87
38 89
38 94
38 101
38 103
39 39
39 40
39 54
39 55
39 68
39 69
39 70
39 76
39 79
39 87
39 89
39 93
39 95
39 96
39 102
39 106
39 108
40 40
40 54
40 79
40 80
40 81
40 108
40 112
40 113
41 41
41 42
41 46
41 70
41 72
41 73
41 74
41 75
41 76
41 83
41 94
42 42
42 43
42 44
42 45
42 46
42 47
42 48
42 49
42 51
42 53
42 55
42 77
42 98
42 110
43 43
43 44
43 45
43 46
43 47
43 48
43 49
43 55
43 77
43 98
43 110
44 44
44 45
44 46
44 47
44 48
44 49
44 50
44 51
44 53
44 55
44 56
44 57
44 59
44 68
44 87
44 98
44 100
44 106
45 45
45 46
45 47
45 48
45 49
45 50
45 55
45 57
45 59
45 67
45 69
45 98
45 106
46 46
46 47
46 48
46 49
46 51
46 53
46 54
46 55
46 72
46 73
46 74
46 75
46 96
46 98
46 111
47 47
47 48
47 49
47 50
47 51
47 53
47 55
47 96
47 98
47 99
47 110
47 111
48 48
48 49
48 50
48 51
48 52
48 53
48 54
48 55
48 58
48 59
48 88
48 102
48 106
49 49
49 50
49 51
49 52
49 53
49 54
49 55
49 59
49 98
49 100
49 104
49 106
49 113
50 50
50 51
50 52
50 53
50 54
50 55
50 56
50 58
50 59
50 60
50 61
50 66
50 88
50 115
51 51
51 52
51 53
51 55
51 58
51 59
52 52
52 53
52 54
52 55
52 58
52 59
52 61
52 88
52 89
52 115
53 53
53 56
53 57
53 70
53 72
53 75
54 54
54 55
54 86
54 87
54 88
54 89
54 96
54 98
54 99
54 102
55 55
55 69
55 90
55 95
55 96
55 98
55 99
55 106
55 112
55 113
55 114
56 56
56 57
56 62
56 63
56 68
56 71
56 78
56 79
56 81
56 85
56 87
56 109
57 57
57 62
57 63
57 68
57 69
57 71
57 78
57 79
57 80
57 81
57 87
58 58
58 59
58 60
58 61
58 65
58 66
58 67
58 88
58 89
58 91
58 93
58 101
58 104
58 106
59 59
59 60
59 61
59 63
59 65
59 66
59 67
59 68
59 88
59 89
59 91
59 101
59 103
59 104
59 106
60 60
60 61
60 62
60 64
60 65
60 66
60 67
60 88
60 89
60 91
60 107
61 61
61 63
61 64
61 65
61 66
61 88
62 62
62 63
62 78
62 79
62 80
62 81
62 82
62 83
62 112
63 63
63 68
63 69
63 72
63 78
63 79
63 80
63 81
63 83
63 87
64 64
64 65
64 67
64 84
64 85
64 88
64 89
64 90
64 91
64 92
64 94
64 97
64 101
64 103
64 105
64 107
64 115
65 65
65 66
65 67
65 69
65 84
65 88
65 89
65 90
65 91
65 92
65 101
65 103
65 107
66 66
66 67
66 68
66 69
66 88
66 90
66 91
66 93
66 96
66 99
66 101
66 102
66 103
66 104
66 105
66 106
66 107
66 112
66 114
66 115
67 67
67 68
67 69
67 84
67 88
67 90
67 91
67 93
67 99
67 101
67 103
67 104
67 105
67 106
67 107
67 110
67 114
67 115
68 68
68 69
68 78
68 79
68 80
68 81
68 86
68 87
68 106
68 108
68 109
68 112
68 113
69 69
69 79
69 81
69 87
69 88
69 90
69 93
69 96
69 99
69 100
69 103
69 104
69 105
69 106
69 108
69 110
69 113
70 70
70 71
70 72
70 73
70 74
70 75
70 76
70 77
70 85
70 93
70 95
70 111
71 71
71 73
71 75
71 76
71 77
71 91
71 92
71 93
71 95
71 100
71 102
71 108
71 109
71 110
72 72
72 73
72 74
72 75
72 76
72 78
72 79
72 80
72 81
72 83
72 111
73 73
73 74
73 75
73 76
73 77
73 95
73 111
73 113
74 74
74 75
74 76
74 77
74 79
74 80
74 81
74 111
75 75
75 76
75 77
75 78
75 111
76 76
76 77
76 95
76 97
76 108
76 111
76 113
77 77
77 91
77 92
77 93
77 95
77 100
77 102
77 109
77 110
78 78
78 79
78 80
78 81
78 99
78 109
78 112
79 79
79 80
79 81
79 83
79 87
80 80
80 81
80 82
80 83
80 109
80 111
80 112
81 81
81 83
81 109
81 111
82 82
82 83
82 84
82 86
82 88
82 90
82 94
82 103
82 104
82 105
83 83
83 84
83 86
83 87
83 89
83 94
84 84
84 85
84 86
84 87
84 88
84 89
84 94
84 103
84 105
84 115
85 85
85 92
85 95
85 96
85 109
86 86
86 87
86 88
86 89
86 103
87 87
87 88
87 89
88 88
88 89
88 90
88 91
88 92
88 93
88 99
88 101
88 103
88 104
88 105
88 106
88 107
88 115
89 89
89 90
89 92
89 101
89 103
89 104
89 105
89 107
89 115
90 90
90 91
90 92
90 93
90 94
90 97
90 98
90 99
90 100
90 101
90 102
90 103
90 104
90 105
90 106
90 107
90 110
90 115
91 91
91 92
91 93
91 94
91 97
91 99
91 100
91 101
91 102
91 103
91 104
91 105
91 107
91 110
91 112
92 92
92 93
92 98
92 99
92 100
92 101
92 102
92 103
92 104
92 107
92 115
93 93
93 94
93 97
93 99
93 100
93 101
93 102
93 103
93 104
93 105
93 106
93 107
93 108
93 110
94 94
94 97
94 101
94 103
94 104
94 105
94 107
94 108
94 115
95 95
95 96
95 97
95 99
95 100
95 108
95 109
95 111
95 113
95 114
96 96
96 98
96 99
96 106
96 108
96 109
96 111
96 112
96 113
96 114
97 97
97 103
97 105
97 107
97 108
97 109
97 110
97 111
98 98
98 99
98 100
98 102
98 111
98 112
98 113
98 115
99 99
99 102
99 103
99 110
99 112
99 113
100 100
100 101
100 102
100 103
100 107
100 113
100 115
101 101
101 102
101 103
101 104
101 105
101 107
102 102
102 103
102 104
102 105
102 106
102 107
102 112
103 103
103 104
103 105
103 106
103 107
103 108
103 110
103 115
104 104
104 105
104 106
104 107
104 108
104 112
104 115
105 105
105 107
105 108
105 115
106 106
106 108
106 112
107 107
107 108
107 110
107 112
108 108
108 109
108 110
109 109
109 110
110 110
111 111
112 112
112 113
113 113
113 114
113 115
114 114
114 115
115 115
