0 0
0 1
0 10
0 12
0 16
0 17
0 18
0 19
0 28
0 29
0 32
0 56
0 57
0 58
0 60
0 62
0 63
0 68
0 72
0 80
0 81
0 82
0 99
0 111
0 113
1 1
1 10
1 11
1 16
1 17
1 19
1 28
1 32
1 53
1 56
1 57
1 59
1 62
1 63
1 68
1 69
1 72
1 80
1 81
1 82
1 83
1 97
1 98
1 99
1 102
1 103
1 109
1 111
1 112
1 113
2 2
2 3
2 6
2 7
2 8
2 20
2 21
2 22
2 23
2 25
2 27
2 30
2 31
2 34
2 50
2 64
2 65
2 71
2 86
2 88
2 91
2 93
3 3
3 7
3 11
3 13
3 14
3 15
3 22
3 23
3 25
3 27
3 31
3 35
3 37
3 65
3 71
3 83
3 85
3 86
3 88
3 89
3 92
3 100
4 4
4 5
4 6
4 8
4 9
4 12
4 20
4 24
4 26
4 33
4 58
4 60
4 64
5 5
5 9
5 12
5 20
5 24
5 25
5 26
5 38
5 39
5 58
5 60
6 6
6 7
6 10
6 12
6 18
6 20
6 24
6 28
6 30
6 31
6 32
6 33
6 60
6 64
6 70
7 7
7 11
7 12
7 13
7 15
7 20
7 23
7 24
7 25
7 30
7 31
7 33
7 61
7 65
7 71
7 100
8 8
8 9
8 64
8 65
8 91
8 92
8 93
8 101
9 9
9 24
9 26
9 58
9 59
9 60
10 10
10 12
10 16
10 17
10 18
10 28
10 29
10 32
10 56
10 57
10 58
10 60
10 62
10 63
10 72
10 76
10 78
10 79
10 80
10 81
11 11
11 13
11 14
11 15
11 22
11 23
11 27
11 61
11 65
11 83
11 85
11 86
11 92
11 100
12 12
12 13
12 20
12 24
12 26
12 28
12 30
12 33
12 58
12 60
12 72
12 94
13 13
13 14
13 15
13 27
13 61
13 65
13 83
13 85
13 89
13 92
13 100
14 14
14 15
14 21
14 22
14 23
14 25
14 27
14 30
14 37
14 64
14 65
14 82
14 83
14 84
14 85
14 86
14 87
14 88
14 89
14 92
15 15
15 22
15 23
15 25
15 27
15 35
15 37
15 65
15 83
15 85
15 86
15 88
15 89
15 92
15 100
16 16
16 17
16 28
16 29
16 32
16 33
16 36
16 38
16 41
16 56
16 57
16 60
16 62
16 63
16 72
16 73
16 74
16 76
16 78
16 79
16 80
16 81
16 101
16 111
16 113
17 17
17 28
17 29
17 32
17 33
17 36
17 40
17 41
17 42
17 43
17 44
17 45
17 46
17 55
17 56
17 57
17 60
17 62
17 63
17 72
17 73
17 74
17 76
17 78
17 79
17 80
17 81
17 111
17 113
17 115
18 18
18 19
18 28
18 29
18 30
18 32
18 62
18 64
18 72
18 76
18 79
18 80
18 81
18 82
18 83
18 84
19 19
19 28
19 40
19 68
19 69
19 80
19 82
19 83
19 90
19 99
19 102
19 107
19 112
19 113
19 115
20 20
20 21
20 24
20 25
20 26
20 30
20 31
20 33
20 60
20 64
20 70
20 73
20 74
21 21
21 22
21 23
21 24
21 25
21 26
21 27
21 30
21 31
21 34
21 35
21 64
21 65
21 70
21 85
21 88
21 89
22 22
22 23
22 25
22 27
22 30
22 31
22 34
22 35
22 37
22 50
22 64
22 65
22 70
22 71
22 84
22 85
22 86
22 88
22 89
22 91
22 92
22 93
22 100
23 23
23 25
23 27
23 31
23 35
23 37
23 65
23 71
23 85
23 86
23 88
23 89
23 90
23 91
23 92
23 93
23 100
24 24
24 25
24 26
24 30
24 35
24 58
24 60
24 64
24 67
25 25
25 26
25 27
25 30
25 31
25 34
25 35
25 39
25 64
25 65
25 70
25 71
25 85
25 87
25 88
25 89
25 91
25 93
26 26
26 30
26 38
26 39
26 60
26 87
26 88
26 94
27 27
27 31
27 34
27 35
27 37
27 50
27 65
27 71
27 85
27 86
27 87
27 88
27 89
27 91
27 92
27 93
27 100
28 28
28 29
28 32
28 33
28 36
28 41
28 56
28 57
28 60
28 62
28 63
28 72
28 73
28 74
28 76
28 78
28 79
28 80
28 81
28 82
28 111
29 29
29 32
29 33
29 36
29 40
29 41
29 42
29 43
29 44
29 45
29 46
29 56
29 57
29 62
29 63
29 72
29 73
29 74
29 75
29 76
29 78
29 79
29 80
29 81
29 111
29 113
30 30
30 31
30 33
30 64
30 70
30 71
30 82
30 84
30 87
31 31
31 33
31 34
31 64
31 65
31 70
31 71
32 32
32 33
32 36
32 56
32 57
32 60
32 62
32 63
32 72
32 73
32 74
32 75
32 76
32 78
32 79
32 80
32 81
32 111
32 113
33 33
33 39
33 60
33 62
33 72
33 73
33 74
33 75
33 76
33 77
33 78
33 79
33 81
34 34
34 35
34 37
34 38
34 39
34 50
34 54
34 64
34 65
34 71
34 77
34 84
34 85
34 86
34 87
34 88
34 89
34 93
34 94
34 110
34 114
35 35
35 37
35 39
35 40
35 61
35 65
35 67
35 85
35 88
35 89
35 92
35 94
35 110
35 114
36 36
36 37
36 38
36 39
36 40
36 41
36 54
36 55
36 56
36 57
36 62
36 63
36 72
36 73
36 74
36 76
36 77
36 78
36 79
36 80
36 81
36 94
36 95
36 97
36 111
37 37
37 38
37 39
37 40
37 41
37 54
37 55
37 71
37 77
37 84
37 85
37 86
37 87
37 88
37 89
37 94
37 96
37 97
37 110
37 114
38 38
38 39
38 40
38 41
38 54
38 55
38 76
38 78
38 79
38 81
38 88
38 89
38 94
38 96
38 110
38 114
39 39
39 40
39 41
39 54
39 55
39 56
39 57
39 78
39 79
39 81
39 88
39 89
39 94
39 110
39 114
40 40
40 41
40 54
40 55
40 69
40 72
40 78
40 80
40 81
40 94
40 95
40 97
40 109
40 110
40 113
40 115
41 41
41 43
41 46
41 54
41 55
41 56
41 57
41 62
41 63
41 72
41 73
41 74
41 75
41 76
41 77
41 78
41 79
41 80
41 81
42 42
42 43
42 44
42 45
42 46
42 47
42 48
42 49
42 50
42 51
42 53
42 55
42 62
42 69
42 76
42 90
42 96
42 98
42 99
42 102
42 109
42 110
42 111
42 112
43 43
43 44
43 45
43 46
43 47
43 48
43 49
43 50
43 51
43 53
43 55
43 69
43 76
43 96
43 98
43 99
43 109
43 110
43 111
43 112
44 44
44 45
44 46
44 47
44 48
44 49
44 50
44 51
44 53
44 55
44 62
44 66
44 67
44 69
44 72
44 96
44 98
44 99
44 110
44 111
44 112
45 45
45 46
45 47
45 48
45 49
45 50
45 51
45 53
45 62
45 66
45 67
45 69
45 72
45 96
45 98
45 99
45 110
45 111
45 112
46 46
46 47
46 48
46 49
46 50
46 51
46 52
46 53
46 55
46 57
46 62
46 69
46 76
46 80
46 96
46 97
46 98
46 99
46 109
46 110
46 111
46 112
46 113
47 47
47 48
47 49
47 50
47 51
47 52
47 53
47 55
47 69
47 90
47 96
47 97
47 98
47 99
47 102
47 106
47 109
47 110
47 111
47 112
48 48
48 49
48 50
48 51
48 52
48 53
48 55
48 58
48 59
48 66
48 67
48 69
48 90
48 91
48 93
48 96
48 98
48 99
48 101
48 110
48 112
49 49
49 50
49 51
49 52
49 53
49 55
49 59
49 66
49 67
49 69
49 90
49 96
49 98
49 99
49 110
49 111
49 112
50 50
50 51
50 52
50 53
50 54
50 55
50 67
50 86
50 88
50 90
50 91
50 96
50 98
50 110
50 112
51 51
51 52
51 53
51 55
51 67
51 69
51 86
51 90
51 96
51 98
51 99
51 104
51 105
51 106
51 109
51 110
51 112
52 52
52 53
52 54
52 59
52 90
52 98
52 112
52 113
53 53
53 55
53 69
53 90
53 96
53 97
53 98
53 99
53 102
53 106
53 109
53 111
53 112
53 113
54 54
54 55
54 56
54 57
54 78
54 79
54 81
54 87
54 88
54 89
54 94
54 95
54 96
54 97
54 111
54 114
55 55
55 57
55 78
55 79
55 80
55 81
55 89
55 96
55 97
55 98
55 99
55 109
55 110
55 111
55 112
55 113
55 114
56 56
56 57
56 60
56 62
56 63
56 68
56 72
56 74
56 76
56 78
56 79
56 80
56 81
56 99
56 111
56 113
57 57
57 60
57 62
57 63
57 72
57 74
57 76
57 78
57 79
57 80
57 81
57 99
57 103
57 111
57 112
57 113
58 58
58 59
58 60
58 66
58 67
58 101
58 103
59 59
59 61
59 66
59 67
59 69
59 89
59 90
59 91
59 92
59 100
59 101
60 60
60 61
60 62
60 63
60 72
60 101
61 61
61 65
61 89
62 62
62 63
62 66
62 72
62 73
62 74
62 76
62 78
62 79
62 80
62 81
62 111
63 63
63 72
63 73
63 74
63 76
63 78
63 79
63 80
63 81
63 101
63 111
63 113
64 64
64 65
64 70
64 82
64 84
64 88
65 65
65 70
65 71
65 85
65 87
65 88
65 89
65 92
65 93
66 66
66 67
66 69
66 96
66 98
66 99
66 101
66 103
66 104
66 106
66 111
66 112
67 67
67 69
67 91
67 104
67 105
67 110
68 68
68 69
68 87
68 95
68 97
68 99
68 102
68 103
68 104
68 105
68 106
68 107
68 108
68 109
68 110
68 111
68 112
68 113
69 69
69 90
69 95
69 96
69 97
69 98
69 99
69 102
69 103
69 104
69 105
69 106
69 107
69 108
69 109
69 110
69 111
69 112
69 113
69 115
70 70
70 71
70 73
70 75
70 77
70 82
70 84
70 107
71 71
71 73
71 75
71 77
71 85
71 100
71 107
72 72
72 73
72 74
72 76
72 78
72 79
72 80
72 81
72 111
72 113
73 73
73 74
73 75
73 76
73 77
73 79
74 74
74 75
74 76
74 77
74 78
74 79
74 80
74 81
75 75
75 76
75 77
75 83
76 76
76 77
76 78
76 79
76 80
76 81
76 111
77 77
77 85
78 78
78 79
78 80
78 81
78 94
78 95
78 97
78 111
78 113
78 114
79 79
79 80
79 81
79 84
79 94
79 95
79 97
79 111
79 113
80 80
80 81
80 82
80 95
80 99
80 111
80 113
80 115
81 81
81 84
81 95
81 111
81 113
81 114
82 82
82 83
82 84
82 86
82 87
82 95
82 107
82 113
83 83
83 84
83 85
83 86
83 100
83 102
83 107
84 84
84 85
84 86
84 87
84 88
84 94
84 95
84 97
84 107
85 85
85 86
85 87
85 88
85 89
86 86
86 87
86 88
86 89
86 90
86 91
86 92
86 93
86 94
86 96
86 97
86 99
86 100
86 102
86 103
86 104
86 106
86 107
86 109
87 87
87 88
87 95
87 97
87 108
87 113
88 88
88 89
88 91
88 92
88 93
88 94
88 100
88 114
89 89
89 92
89 93
89 100
89 114
90 90
90 91
90 92
90 93
90 96
90 98
90 99
90 100
90 102
90 103
90 104
90 106
90 107
90 112
91 91
91 92
91 93
91 100
91 101
91 102
91 103
91 104
91 105
91 106
91 107
92 92
92 93
92 100
92 101
92 104
93 93
93 100
93 101
93 102
93 103
93 104
94 94
94 95
94 97
94 105
94 108
94 109
95 95
95 97
95 99
95 104
95 107
95 108
95 109
95 110
95 111
95 112
95 113
95 115
96 96
96 97
96 98
96 99
96 102
96 103
96 104
96 105
96 106
96 109
96 110
96 111
96 112
96 113
97 97
97 98
97 99
97 100
97 102
97 103
97 104
97 105
97 106
97 107
97 108
97 109
97 110
97 111
97 112
97 113
97 115
98 98
98 99
98 102
98 103
98 104
98 106
98 109
98 110
98 111
98 112
98 113
99 99
99 102
99 103
99 104
99 106
99 107
99 109
99 110
99 111
99 112
99 113
100 100
100 101
100 102
100 103
100 104
100 106
100 107
100 112
101 101
101 102
101 103
101 104
101 113
102 102
102 103
102 104
102 105
102 106
102 107
102 109
102 110
102 111
102 112
102 113
102 115
103 103
103 104
103 105
103 106
103 107
103 108
103 109
103 110
103 111
103 112
103 113
104 104
104 105
104 106
104 107
104 109
104 110
104 111
104 112
104 113
104 115
105 105
105 106
105 108
105 109
105 110
105 115
106 106
106 107
106 109
106 112
107 107
107 109
107 112
107 113
108 108
108 113
108 114
109 109
109 110
109 111
109 112
109 113
109 115
110 110
110 111
110 112
111 111
111 112
111 113
112 112
112 113
113 113
114 114
115 115
