0 0
0 1
0 10
0 12
0 13
0 29
0 32
0 55
0 56
0 57
0 60
0 62
0 63
0 78
0 79
0 81
1 1
1 12
1 18
1 19
1 32
1 33
1 47
1 52
1 53
1 56
1 57
1 61
1 62
1 63
1 68
1 80
1 90
1 91
1 98
1 111
2 2
2 3
2 6
2 7
2 8
2 12
2 18
2 22
2 23
2 26
2 27
2 35
2 48
2 51
2 58
2 64
2 65
2 66
2 67
2 69
2 88
3 3
3 5
3 7
3 8
3 11
3 21
3 22
3 23
3 27
3 35
3 88
3 89
3 90
3 92
3 93
4 4
4 5
4 8
4 9
4 15
4 20
4 21
4 22
4 24
4 25
4 26
4 27
4 59
4 64
4 68
4 88
4 89
4 108
5 5
5 8
5 9
5 15
5 20
5 22
5 23
5 24
5 25
5 26
5 27
5 35
5 39
5 59
5 68
5 69
5 85
5 88
5 89
5 90
5 95
5 105
5 108
6 6
6 7
6 8
6 11
6 22
6 23
6 31
6 32
6 33
6 34
6 35
6 60
6 64
6 65
6 67
6 70
7 7
7 12
7 13
7 22
7 65
7 90
7 92
7 93
7 107
7 114
8 8
8 9
8 22
8 23
8 25
8 26
8 27
8 50
8 51
8 52
8 53
8 84
8 85
8 88
8 89
8 91
8 93
9 9
9 15
9 22
9 24
9 25
9 27
9 64
9 65
9 75
9 88
9 90
9 92
9 93
9 100
9 104
9 105
9 108
9 114
10 10
10 11
10 12
10 13
10 14
10 16
10 22
10 29
10 56
10 62
10 73
10 79
10 80
10 84
11 11
11 13
11 16
11 17
11 21
11 22
11 28
11 29
11 30
11 31
11 62
11 64
11 70
11 71
11 72
11 73
11 74
11 75
11 78
11 80
11 81
11 82
11 83
11 84
11 103
12 12
12 13
12 14
12 16
12 43
12 44
12 48
12 49
12 50
12 56
12 60
12 62
12 63
12 79
13 13
13 15
13 16
13 17
13 28
13 29
13 60
13 62
13 63
13 65
13 73
13 78
13 79
13 80
13 81
13 83
13 101
13 103
13 107
14 14
14 15
14 24
14 38
14 55
14 64
14 68
14 82
14 83
14 84
14 85
14 86
14 87
14 89
14 95
14 97
14 99
15 15
15 24
15 25
15 26
15 27
15 60
15 64
15 65
15 68
15 82
15 83
15 84
15 86
15 87
15 94
15 104
16 16
16 17
16 28
16 29
16 31
16 43
16 44
16 60
16 62
16 63
16 70
16 71
16 72
16 73
16 76
16 78
16 80
16 81
16 82
16 83
16 84
16 86
16 113
17 17
17 20
17 21
17 28
17 29
17 30
17 31
17 32
17 36
17 44
17 62
17 70
17 71
17 72
17 73
17 74
17 75
17 76
17 77
17 78
17 79
17 80
17 81
17 101
17 103
17 109
17 111
17 112
17 113
17 115
18 18
18 19
18 26
18 27
18 59
18 66
18 68
18 69
18 90
18 91
18 97
18 105
19 19
19 23
19 26
19 59
19 61
19 66
19 67
19 68
19 69
19 90
19 91
19 92
19 93
19 97
19 105
19 107
19 110
20 20
20 21
20 25
20 30
20 36
20 37
20 38
20 39
20 41
20 70
20 71
20 72
20 73
20 74
20 75
20 76
20 77
20 81
20 89
20 95
20 96
20 102
20 105
20 108
20 109
20 110
20 111
20 112
20 113
21 21
21 22
21 23
21 28
21 29
21 30
21 31
21 35
21 36
21 37
21 38
21 39
21 41
21 42
21 44
21 57
21 70
21 71
21 72
21 73
21 74
21 75
21 76
21 78
21 81
21 88
21 109
21 112
21 113
21 115
22 22
22 23
22 24
22 25
22 27
22 30
22 31
22 34
22 35
22 50
22 64
22 84
22 85
22 88
22 92
22 93
22 114
23 23
23 24
23 25
23 27
23 34
23 35
23 64
23 84
23 85
23 88
23 92
23 93
23 105
24 24
24 25
24 27
24 30
24 34
24 35
24 37
24 64
24 84
24 85
24 88
24 93
24 100
25 25
25 27
25 30
25 31
25 34
25 35
25 36
25 37
25 64
25 83
25 84
25 85
25 88
25 105
25 109
26 26
26 27
26 39
26 55
26 59
26 61
26 65
26 68
26 69
26 88
26 89
26 91
26 95
26 96
26 97
26 105
26 109
27 27
27 52
27 58
27 59
27 61
27 68
27 69
27 86
27 87
27 88
27 89
27 90
27 94
27 95
27 108
28 28
28 29
28 30
28 31
28 32
28 33
28 36
28 38
28 40
28 62
28 70
28 71
28 72
28 73
28 74
28 75
28 76
28 78
28 79
28 80
28 81
28 82
28 83
28 86
28 87
29 29
29 30
29 31
29 36
29 40
29 42
29 43
29 44
29 46
29 62
29 63
29 70
29 71
29 72
29 73
29 74
29 75
29 76
29 77
29 78
29 79
29 80
29 81
29 83
29 101
29 103
29 111
29 113
30 30
30 31
30 34
30 35
30 36
30 40
30 41
30 44
30 62
30 64
30 70
30 71
30 72
30 73
30 74
30 75
30 76
30 77
30 78
30 81
30 84
30 103
30 109
30 113
31 31
31 34
31 35
31 36
31 40
31 41
31 44
31 45
31 64
31 70
31 71
31 72
31 73
31 74
31 75
31 76
31 77
31 78
31 79
31 81
31 82
31 84
32 32
32 33
32 57
32 58
32 60
32 62
32 63
32 72
32 73
32 74
32 78
32 79
32 80
32 81
32 113
33 33
33 60
33 61
33 63
33 65
33 66
33 67
33 78
33 79
33 80
33 81
34 34
34 35
34 36
34 37
34 45
34 50
34 64
34 76
34 84
34 85
35 35
35 36
35 37
35 38
35 39
35 41
35 45
35 64
35 65
35 67
35 76
35 85
35 92
35 93
35 109
36 36
36 37
36 38
36 39
36 40
36 41
36 54
36 70
36 71
36 72
36 73
36 74
36 75
36 76
36 77
36 78
36 81
36 95
36 96
36 97
36 102
36 108
36 109
36 110
36 111
36 112
37 37
37 38
37 39
37 40
37 41
37 54
37 70
37 71
37 72
37 74
37 75
37 76
37 77
37 85
37 95
37 96
37 97
37 102
37 108
37 109
37 110
38 38
38 39
38 40
38 41
38 54
38 55
38 71
38 72
38 74
38 82
38 88
38 89
38 95
38 96
38 97
38 108
38 109
38 110
38 112
39 39
39 40
39 41
39 54
39 70
39 71
39 72
39 74
39 88
39 89
39 95
39 96
39 97
39 108
39 109
39 110
39 112
39 113
39 115
40 40
40 41
40 72
40 73
40 74
40 75
40 78
40 79
40 81
40 85
40 95
40 97
40 102
40 108
40 109
40 110
41 41
41 56
41 57
41 71
41 73
41 74
41 75
41 76
41 77
41 81
41 95
41 97
41 102
41 108
41 109
41 110
41 111
41 113
41 115
42 42
42 43
42 44
42 45
42 46
42 47
42 48
42 49
42 50
42 51
42 53
42 62
42 70
42 71
42 73
42 75
42 76
42 90
42 92
42 98
42 99
42 101
42 103
42 111
42 112
42 113
43 43
43 44
43 45
43 46
43 47
43 48
43 49
43 50
43 51
43 62
43 71
43 76
43 77
43 79
43 98
43 111
43 112
44 44
44 45
44 46
44 47
44 48
44 49
44 50
44 51
44 62
44 70
44 71
44 73
44 74
44 75
44 76
44 78
44 79
44 81
44 98
44 111
44 112
44 113
45 45
45 46
45 47
45 48
45 49
45 50
45 51
45 62
45 67
45 98
46 46
46 47
46 48
46 49
46 50
46 51
46 52
46 53
46 54
46 55
46 82
46 83
46 86
46 96
46 98
46 99
46 102
46 110
46 111
46 112
47 47
47 48
47 49
47 51
47 53
47 55
47 90
47 91
47 96
47 98
47 99
47 101
47 110
47 111
48 48
48 49
48 50
48 51
48 52
48 53
48 58
48 66
48 90
48 91
48 92
48 93
48 98
48 106
48 107
49 49
49 50
49 51
49 52
49 53
49 54
49 55
49 58
49 63
49 65
49 66
49 86
49 98
50 50
50 51
50 52
50 53
50 62
50 84
50 90
50 92
50 93
50 98
50 107
51 51
51 52
51 53
51 54
51 55
51 58
51 65
51 66
51 86
51 89
51 91
52 52
52 53
52 54
52 55
52 58
52 89
52 90
52 91
52 98
52 107
53 53
53 54
53 55
53 89
53 91
53 96
53 98
53 99
54 54
54 55
54 72
54 82
54 86
54 88
54 89
54 95
54 96
55 55
55 61
55 86
55 87
55 89
55 91
55 95
55 96
55 97
55 98
55 99
56 56
56 57
56 60
56 62
56 63
56 68
56 73
56 79
56 81
56 97
56 98
56 99
56 101
56 103
56 107
57 57
57 59
57 61
57 68
57 69
57 75
57 81
57 95
57 101
57 104
58 58
58 59
58 60
58 61
58 63
58 65
58 66
58 67
58 69
58 86
58 87
58 89
58 100
58 107
59 59
59 60
59 61
59 65
59 66
59 67
59 68
59 69
59 87
59 89
59 91
59 94
59 104
59 106
60 60
60 61
60 62
60 63
60 65
60 66
60 78
60 80
60 86
60 87
61 61
61 63
61 65
61 66
61 67
61 69
61 86
61 87
61 89
61 94
62 62
62 63
62 73
62 74
62 75
62 76
62 78
62 79
62 80
62 81
62 98
62 101
62 103
62 113
63 63
63 65
63 78
63 79
63 80
63 81
64 64
64 65
64 83
64 84
64 85
65 65
65 66
65 67
65 69
65 94
66 66
66 67
66 69
66 94
66 100
66 104
66 106
67 67
67 69
67 94
67 105
67 106
68 68
68 69
68 87
68 89
68 91
68 95
68 97
68 99
68 104
68 108
68 110
69 69
69 89
69 90
69 91
69 92
69 93
69 94
69 96
69 97
69 105
69 106
69 107
69 110
70 70
70 71
70 72
70 73
70 74
70 75
70 76
70 77
70 78
70 81
70 82
70 84
70 102
70 109
70 112
70 113
71 71
71 72
71 73
71 74
71 75
71 76
71 77
71 78
71 79
71 81
71 102
71 103
71 109
71 111
71 112
71 113
71 115
72 72
72 73
72 74
72 75
72 76
72 77
72 78
72 80
72 81
72 82
72 83
72 86
72 102
72 109
73 73
73 74
73 75
73 76
73 77
73 78
73 79
73 80
73 81
73 101
73 102
73 103
73 111
73 112
73 113
73 114
73 115
74 74
74 75
74 76
74 77
74 78
74 79
74 81
74 101
74 102
74 103
74 109
74 111
74 112
74 113
74 115
75 75
75 76
75 77
75 78
75 79
75 81
75 101
75 102
75 103
75 109
75 111
75 112
75 113
75 115
76 76
76 77
76 78
76 79
76 81
76 101
76 102
76 103
76 109
76 113
77 77
77 79
77 95
77 96
77 100
77 101
77 102
77 103
77 110
78 78
78 79
78 80
78 81
78 82
78 83
78 113
79 79
79 81
79 102
79 103
79 111
80 80
80 81
80 82
80 83
80 84
80 86
80 111
81 81
81 101
81 103
81 111
81 113
82 82
82 83
82 84
82 85
82 86
82 87
83 83
83 84
83 85
83 86
83 87
84 84
84 85
84 86
85 85
85 89
86 86
86 87
86 89
87 87
87 94
87 107
88 88
88 89
88 90
88 92
88 95
88 113
89 89
89 90
89 91
89 95
89 96
89 97
89 108
89 110
90 90
90 91
90 92
90 93
90 98
90 99
90 100
90 101
90 103
90 104
90 105
90 106
90 107
90 114
91 91
91 92
91 93
91 96
91 97
91 98
91 99
91 103
91 104
91 105
91 106
91 108
91 110
92 92
92 93
92 98
92 100
92 101
92 103
92 105
92 107
92 112
92 113
92 114
92 115
93 93
93 98
93 100
93 101
93 103
93 104
93 105
93 106
93 107
93 109
93 112
93 114
93 115
94 94
94 104
94 108
94 114
94 115
95 95
95 96
95 97
95 102
95 108
95 109
95 110
95 115
96 96
96 97
96 98
96 99
96 102
96 108
96 109
96 110
96 111
96 112
97 97
97 99
97 102
97 105
97 108
97 109
97 110
98 98
98 99
98 101
98 103
98 104
98 106
98 107
98 111
98 112
99 99
99 101
99 102
99 103
99 104
99 110
99 111
100 100
100 101
100 102
100 104
100 107
100 110
101 101
101 102
101 103
101 104
101 105
101 106
101 109
101 111
101 112
101 113
101 114
102 102
102 103
102 104
102 110
102 111
102 113
103 103
103 104
103 105
103 106
103 107
103 109
103 111
103 112
103 113
103 114
103 115
104 104
104 106
104 114
105 105
105 106
105 107
105 109
105 110
105 111
105 114
105 115
106 106
106 107
106 109
107 107
108 108
108 110
108 113
108 115
109 109
109 110
109 112
109 113
109 115
110 110
110 111
111 111
111 112
111 113
111 115
112 112
112 113
112 115
113 113
113 114
113 115
114 114
114 115
115 115
