0 0
0 1
0 6
0 10
0 12
0 16
0 19
0 52
0 56
0 58
0 69
0 90
0 93
0 101
0 102
0 103
0 114
1 1
1 11
1 13
1 17
1 19
1 52
1 57
1 59
1 63
1 68
1 69
1 83
1 90
2 2
2 3
2 4
2 5
2 6
2 7
2 8
2 9
2 12
2 18
2 22
2 23
2 35
2 64
2 67
2 82
2 86
2 88
2 91
2 93
2 101
2 103
2 110
3 3
3 5
3 7
3 15
3 22
3 23
3 24
3 25
3 26
3 27
3 31
3 34
3 50
3 64
3 65
3 67
3 83
3 84
3 85
3 86
3 87
3 88
3 113
4 4
4 5
4 6
4 7
4 8
4 9
4 12
4 13
4 19
4 35
4 48
4 52
4 58
4 59
4 60
4 69
4 82
4 90
4 91
4 92
4 93
4 100
4 101
4 102
4 103
4 104
4 110
5 5
5 7
5 9
5 23
5 24
5 25
5 26
5 27
5 31
5 33
5 34
5 35
5 45
5 65
5 67
5 92
5 101
5 103
5 110
5 113
6 6
6 7
6 8
6 9
6 10
6 11
6 12
6 13
6 14
6 15
6 18
6 19
6 28
6 48
6 52
6 58
6 60
6 69
6 82
6 86
6 88
6 91
6 93
6 101
6 103
7 7
7 8
7 9
7 11
7 13
7 19
7 35
7 59
7 61
7 64
7 65
7 67
7 69
7 90
7 91
7 92
7 100
7 101
7 103
8 8
8 9
8 10
8 11
8 12
8 13
8 14
8 15
8 28
8 48
8 51
8 52
8 58
8 59
8 60
8 61
8 69
8 82
8 86
8 88
8 90
8 91
8 92
8 93
8 101
8 102
8 103
8 107
9 9
9 11
9 12
9 13
9 14
9 15
9 19
9 23
9 35
9 58
9 59
9 60
9 61
9 65
9 67
9 69
9 82
9 88
9 90
9 91
9 92
9 93
9 101
9 102
9 103
9 104
9 114
10 10
10 11
10 12
10 14
10 15
10 16
10 48
10 65
10 66
10 70
10 71
10 75
10 82
10 84
10 86
10 93
10 101
11 11
11 12
11 13
11 15
11 19
11 65
11 69
11 83
11 103
11 113
12 12
12 13
12 14
12 15
12 18
12 28
12 48
12 51
12 52
12 58
12 59
12 60
12 61
12 66
12 82
12 86
12 93
12 101
12 102
13 13
13 14
13 28
13 29
13 48
13 52
13 58
13 59
13 60
13 61
13 63
13 69
13 93
13 101
13 102
13 107
14 14
14 15
14 16
14 18
14 22
14 26
14 28
14 51
14 61
14 64
14 82
14 84
14 86
14 88
14 93
14 101
15 15
15 22
15 23
15 26
15 27
15 64
15 65
15 82
15 83
15 84
15 85
15 86
15 88
15 113
16 16
16 17
16 18
16 28
16 29
16 30
16 31
16 32
16 41
16 56
16 57
16 62
16 70
16 71
16 72
16 73
16 74
16 75
16 76
16 77
16 79
16 80
16 81
16 82
16 84
16 86
16 115
17 17
17 28
17 29
17 30
17 32
17 36
17 37
17 41
17 56
17 57
17 62
17 63
17 72
17 73
17 74
17 75
17 76
17 77
17 78
17 79
17 80
17 81
17 83
17 87
17 95
17 108
18 18
18 19
18 22
18 28
18 30
18 64
18 82
18 84
18 86
18 88
19 19
19 68
19 69
19 80
19 81
19 82
19 83
19 90
19 91
19 101
19 102
19 103
19 104
19 110
19 114
20 20
20 21
20 22
20 24
20 25
20 26
20 27
20 29
20 30
20 31
20 34
20 36
20 37
20 38
20 39
20 40
20 41
20 56
20 57
20 70
20 71
20 72
20 73
20 74
20 75
20 76
20 77
20 84
20 85
20 95
20 108
20 115
21 21
21 22
21 23
21 24
21 25
21 26
21 27
21 30
21 31
21 33
21 34
21 37
21 41
21 56
21 65
21 70
21 71
21 72
21 73
21 74
21 75
21 76
21 77
21 84
21 85
21 95
21 108
22 22
22 23
22 24
22 25
22 26
22 27
22 30
22 31
22 34
22 64
22 70
22 71
22 75
22 76
22 77
22 82
22 84
22 85
22 88
23 23
23 24
23 25
23 26
23 27
23 31
23 34
23 35
23 64
23 65
23 67
23 82
23 84
23 85
23 86
23 87
23 88
23 110
23 113
24 24
24 25
24 26
24 27
24 30
24 31
24 34
24 50
24 64
24 70
24 71
24 84
24 85
24 87
25 25
25 26
25 27
25 30
25 31
25 34
25 35
25 37
25 43
25 45
25 56
25 65
25 67
25 70
25 71
25 73
25 76
25 77
25 84
25 85
25 87
25 95
25 113
26 26
26 27
26 30
26 31
26 34
26 51
26 64
26 65
26 71
26 82
26 84
26 85
26 113
27 27
27 30
27 31
27 34
27 43
27 50
27 64
27 65
27 67
27 84
27 85
27 87
27 88
27 113
28 28
28 29
28 32
28 33
28 40
28 41
28 49
28 60
28 61
28 63
28 68
28 70
28 72
28 73
28 74
28 75
28 76
28 78
28 79
28 81
28 82
28 108
29 29
29 30
29 32
29 33
29 36
29 37
29 40
29 41
29 56
29 57
29 61
29 62
29 63
29 70
29 71
29 72
29 73
29 74
29 75
29 76
29 77
29 78
29 79
29 80
29 81
29 95
29 108
29 115
30 30
30 31
30 32
30 33
30 34
30 36
30 37
30 40
30 41
30 56
30 70
30 71
30 72
30 73
30 74
30 75
30 76
30 77
30 79
30 84
30 85
30 108
30 115
31 31
31 33
31 34
31 35
31 36
31 37
31 40
31 41
31 56
31 65
31 70
31 71
31 73
31 74
31 75
31 76
31 77
31 79
31 84
31 85
31 95
31 108
32 32
32 33
32 36
32 37
32 40
32 41
32 44
32 49
32 56
32 57
32 62
32 63
32 68
32 70
32 71
32 72
32 73
32 74
32 75
32 76
32 77
32 79
32 80
32 81
32 95
32 108
32 115
33 33
33 34
33 35
33 36
33 37
33 40
33 41
33 68
33 70
33 71
33 72
33 73
33 74
33 75
33 76
33 77
33 78
33 79
33 80
33 81
33 96
33 115
34 34
34 35
34 44
34 45
34 50
34 64
34 65
34 66
34 67
34 71
34 76
34 84
34 85
35 35
35 45
35 58
35 65
35 67
35 110
36 36
36 37
36 38
36 39
36 40
36 41
36 46
36 55
36 56
36 57
36 62
36 72
36 73
36 74
36 75
36 76
36 77
36 78
36 79
36 80
36 81
36 96
36 98
36 108
36 115
37 37
37 38
37 39
37 40
37 41
37 54
37 55
37 56
37 57
37 62
37 70
37 71
37 72
37 73
37 74
37 75
37 76
37 77
37 79
37 95
37 96
37 97
37 98
37 108
37 111
37 115
38 38
38 39
38 40
38 41
38 54
38 55
38 57
38 62
38 72
38 76
38 78
38 79
38 81
38 94
38 96
38 97
38 98
38 106
38 108
39 39
39 40
39 41
39 54
39 55
39 56
39 57
39 72
39 73
39 76
39 78
39 79
39 81
39 94
39 96
39 97
39 98
39 108
39 115
40 40
40 41
40 55
40 57
40 72
40 73
40 74
40 76
40 77
40 78
40 79
40 80
40 81
40 96
40 108
40 115
41 41
41 46
41 55
41 56
41 57
41 62
41 63
41 70
41 71
41 72
41 73
41 74
41 75
41 76
41 77
41 78
41 79
41 81
41 95
41 108
42 42
42 43
42 44
42 45
42 46
42 47
42 48
42 49
42 50
42 51
42 53
42 55
42 62
42 98
42 109
42 111
43 43
43 44
43 45
43 46
43 47
43 49
43 50
43 55
43 96
43 110
43 111
44 44
44 45
44 46
44 48
44 49
44 50
44 51
44 66
44 74
45 45
45 46
45 47
45 49
45 50
45 65
45 66
45 67
45 110
46 46
46 47
46 48
46 49
46 50
46 51
46 53
46 55
46 62
46 72
46 74
46 76
46 98
46 99
46 109
46 111
47 47
47 55
47 90
47 91
47 92
47 96
47 98
47 99
47 103
47 110
47 111
48 48
48 49
48 50
48 51
48 52
48 53
48 54
48 58
48 60
48 66
48 89
48 93
49 49
49 50
49 51
49 53
49 59
49 61
49 63
49 66
49 72
49 74
50 50
50 51
50 52
50 53
50 54
50 66
50 85
50 87
50 89
50 109
51 51
51 52
51 53
51 59
51 66
51 100
52 52
52 53
52 54
52 58
52 59
52 60
52 61
52 66
52 69
52 89
52 90
52 91
52 93
52 98
52 100
52 101
52 102
52 114
53 53
53 54
53 55
53 62
53 72
53 74
53 98
53 100
53 109
53 111
54 54
54 55
54 58
54 60
54 66
54 89
54 90
54 91
54 96
54 97
54 98
54 99
54 106
54 109
54 111
55 55
55 72
55 76
55 79
55 92
55 96
55 97
55 98
55 99
55 108
55 109
55 111
56 56
56 57
56 62
56 71
56 72
56 73
56 74
56 75
56 76
56 77
56 78
56 79
56 80
56 81
56 95
56 96
56 99
56 108
56 111
56 115
57 57
57 62
57 63
57 72
57 73
57 76
57 77
57 78
57 79
57 80
57 81
57 95
57 99
57 108
57 111
58 58
58 59
58 60
58 61
58 66
58 69
58 88
58 89
58 90
58 91
58 93
58 101
58 102
59 59
59 60
59 61
59 63
59 66
59 69
59 89
59 93
59 101
59 102
59 107
59 114
60 60
60 61
60 66
60 69
60 89
60 93
60 101
60 102
61 61
61 63
61 65
61 107
62 62
62 63
62 72
62 73
62 74
62 76
62 78
62 79
62 80
62 81
62 95
63 63
63 72
63 73
63 74
63 78
63 79
63 80
63 81
63 95
64 64
64 65
64 82
64 83
64 84
64 85
64 86
64 88
65 65
65 67
65 71
65 84
65 85
65 107
65 113
66 66
66 67
67 67
67 85
67 88
67 92
67 101
67 103
67 110
67 113
68 68
68 69
68 78
68 79
68 80
68 81
69 69
69 81
69 83
69 90
69 91
69 101
69 102
69 103
69 104
69 105
69 106
69 110
69 114
70 70
70 71
70 72
70 73
70 74
70 75
70 76
70 77
71 71
71 72
71 73
71 74
71 75
71 76
71 77
71 84
71 95
71 115
72 72
72 73
72 74
72 75
72 76
72 77
72 78
72 79
72 80
72 81
72 95
72 108
72 115
73 73
73 74
73 75
73 76
73 77
73 79
73 95
73 108
73 115
74 74
74 75
74 76
74 77
74 79
74 95
74 108
74 115
75 75
75 76
75 77
75 79
75 95
75 115
76 76
76 77
76 79
76 95
76 108
76 115
77 77
77 79
77 108
77 115
78 78
78 79
78 80
78 81
78 83
78 94
78 95
78 96
78 97
78 105
78 108
79 79
79 80
79 81
79 95
79 96
79 108
79 115
80 80
80 81
80 95
80 96
80 108
81 81
81 83
81 87
81 94
81 96
81 108
82 82
82 83
82 84
82 86
82 88
82 101
82 103
83 83
83 84
83 85
83 86
83 87
83 94
83 114
84 84
84 85
84 86
84 87
84 88
85 85
85 86
85 87
85 88
85 89
85 113
86 86
86 87
86 88
87 87
87 88
87 89
88 88
88 89
88 106
89 89
89 90
89 91
89 92
89 102
90 90
90 91
90 92
90 93
90 97
90 98
90 99
90 100
90 101
90 102
90 103
90 104
90 105
90 106
90 110
90 111
90 112
90 114
91 91
91 92
91 93
91 94
91 97
91 98
91 99
91 100
91 101
91 102
91 103
91 104
91 105
91 106
91 110
91 111
91 112
91 114
92 92
92 93
92 97
92 98
92 99
92 100
92 101
92 102
92 103
92 104
92 106
92 110
92 111
92 112
92 113
92 114
93 93
93 97
93 98
93 99
93 100
93 101
93 102
93 103
93 104
93 106
93 110
93 111
93 112
93 114
94 94
94 96
94 97
94 103
94 104
94 105
94 106
94 110
94 114
95 95
95 107
95 108
95 109
96 96
96 97
96 98
96 99
96 106
96 108
96 110
96 111
96 112
97 97
97 98
97 99
97 103
97 104
97 106
97 108
97 109
97 110
97 111
97 114
98 98
98 99
98 100
98 108
98 110
98 111
98 112
99 99
99 100
99 101
99 102
99 103
99 104
99 106
99 108
99 110
99 111
99 112
99 113
99 114
100 100
100 101
100 102
100 103
100 111
100 112
101 101
101 102
101 103
101 104
101 105
101 110
101 114
102 102
102 103
102 104
102 105
102 110
102 114
103 103
103 104
103 105
103 106
103 110
103 113
103 114
104 104
104 105
104 106
104 107
104 110
104 114
105 105
105 107
105 113
105 114
106 106
106 110
106 114
107 107
107 114
108 108
108 109
108 111
108 115
109 109
109 111
110 110
110 111
111 111
111 112
111 113
112 112
112 113
113 113
113 114
114 114
115 115
