0 0
0 1
0 2
0 6
0 10
0 11
0 12
0 22
0 47
0 50
0 52
0 53
0 60
0 64
0 68
0 69
0 84
0 87
0 91
0 93
0 99
0 101
0 106
0 107
0 113
1 1
1 11
1 16
1 17
1 32
1 50
1 51
1 52
1 53
1 56
1 57
1 58
1 59
1 60
1 61
1 63
1 68
1 69
1 74
1 76
1 79
1 87
1 94
1 99
1 101
1 107
1 113
2 2
2 3
2 6
2 7
2 12
2 13
2 18
2 21
2 22
2 23
2 24
2 25
2 27
2 31
2 64
2 65
2 87
2 88
2 91
2 92
2 93
3 3
3 6
3 7
3 12
3 13
3 19
3 21
3 22
3 23
3 24
3 25
3 27
3 31
3 64
3 65
3 69
3 86
3 87
3 88
3 89
3 90
3 91
3 92
3 93
3 95
3 100
3 107
4 4
4 5
4 7
4 8
4 9
4 14
4 15
4 20
4 25
4 26
4 33
4 38
4 41
4 61
4 65
4 73
4 83
4 89
5 5
5 7
5 8
5 9
5 14
5 15
5 20
5 24
5 25
5 26
5 27
5 33
5 38
5 41
5 61
5 65
5 73
5 83
5 89
6 6
6 7
6 12
6 18
6 19
6 21
6 22
6 23
6 24
6 30
6 31
6 50
6 64
6 65
6 84
6 87
6 88
6 91
6 92
6 93
6 95
6 113
7 7
7 8
7 9
7 11
7 13
7 23
7 24
7 25
7 31
7 33
7 64
7 65
7 89
7 90
7 92
7 93
7 95
7 100
8 8
8 9
8 11
8 14
8 15
8 25
8 26
8 41
8 61
8 64
8 65
8 83
8 89
8 90
8 91
8 101
8 111
9 9
9 11
9 13
9 15
9 24
9 25
9 26
9 29
9 33
9 38
9 41
9 61
9 65
9 73
9 83
9 89
9 111
10 10
10 12
10 14
10 16
10 22
10 28
10 36
10 57
10 76
10 82
10 84
10 85
10 87
10 99
10 105
11 11
11 13
11 15
11 34
11 50
11 65
11 85
11 92
11 100
11 111
12 12
12 13
12 22
12 23
12 50
12 52
12 60
12 64
12 69
12 82
12 84
12 86
12 87
12 93
12 106
12 107
12 113
13 13
13 15
13 23
13 33
13 60
13 61
13 64
13 65
13 90
13 92
13 100
14 14
14 15
14 18
14 20
14 22
14 23
14 25
14 26
14 27
14 28
14 31
14 39
14 64
14 82
14 83
14 84
14 85
14 86
14 88
14 89
14 91
14 92
14 93
15 15
15 20
15 24
15 25
15 26
15 27
15 29
15 41
15 61
15 64
15 65
15 83
15 89
15 90
15 91
15 92
15 100
15 111
16 16
16 17
16 19
16 28
16 29
16 32
16 33
16 36
16 56
16 57
16 60
16 61
16 62
16 63
16 66
16 68
16 72
16 74
16 76
16 77
16 78
16 79
16 80
16 81
16 82
16 83
16 105
17 17
17 28
17 29
17 32
17 33
17 36
17 40
17 56
17 57
17 60
17 61
17 62
17 63
17 66
17 68
17 72
17 76
17 78
17 79
17 80
17 81
17 83
17 103
17 105
18 18
18 19
18 22
18 23
18 28
18 30
18 31
18 64
18 68
18 70
18 72
18 74
18 82
18 84
18 86
18 88
18 91
18 93
18 108
19 19
19 21
19 22
19 23
19 28
19 31
19 57
19 64
19 68
19 69
19 70
19 72
19 73
19 74
19 75
19 76
19 78
19 82
19 83
19 84
19 87
19 88
19 91
19 93
19 101
20 20
20 24
20 25
20 26
20 27
20 28
20 29
20 30
20 31
20 33
20 36
20 37
20 38
20 39
20 40
20 41
20 64
20 70
20 73
20 74
20 75
20 77
20 83
20 85
20 86
20 88
20 89
21 21
21 22
21 23
21 31
21 71
21 78
21 79
21 94
22 22
22 23
22 24
22 25
22 26
22 27
22 30
22 31
22 50
22 64
22 82
22 84
22 86
22 87
22 88
22 91
22 92
22 93
22 95
22 108
22 113
23 23
23 24
23 25
23 26
23 27
23 31
23 64
23 65
23 84
23 86
23 87
23 88
23 89
23 90
23 91
23 92
23 93
23 95
23 108
24 24
24 25
24 26
24 27
24 30
24 31
24 34
24 35
24 41
24 64
24 65
24 83
24 84
24 85
24 86
24 88
24 92
24 95
25 25
25 26
25 27
25 30
25 31
25 33
25 37
25 38
25 39
25 40
25 41
25 65
25 73
25 83
25 85
25 86
25 88
25 89
26 26
26 27
26 31
26 38
26 39
26 41
26 65
26 83
26 84
26 85
26 88
26 89
26 91
26 92
26 93
26 101
26 108
26 115
27 27
27 30
27 31
27 34
27 35
27 38
27 39
27 65
27 83
27 84
27 85
27 86
27 88
27 89
27 90
27 91
27 92
27 93
27 108
28 28
28 29
28 30
28 31
28 36
28 40
28 56
28 57
28 62
28 63
28 70
28 71
28 72
28 76
28 77
28 78
28 79
28 80
28 81
28 82
28 83
28 84
28 103
28 104
28 105
28 115
29 29
29 32
29 33
29 36
29 37
29 40
29 41
29 56
29 57
29 61
29 62
29 63
29 71
29 72
29 73
29 74
29 75
29 76
29 77
29 78
29 79
29 80
29 81
29 83
29 105
29 114
30 30
30 31
30 34
30 35
30 36
30 40
30 64
30 71
30 72
30 82
30 83
30 84
30 86
30 88
30 115
31 31
31 33
31 35
31 39
31 64
31 65
31 70
31 71
31 73
31 77
31 82
31 83
31 84
31 86
31 88
31 91
31 92
32 32
32 33
32 41
32 56
32 57
32 61
32 62
32 63
32 66
32 68
32 70
32 72
32 73
32 74
32 75
32 76
32 78
32 79
32 80
32 81
32 94
32 106
32 114
33 33
33 35
33 37
33 41
33 60
33 61
33 62
33 63
33 65
33 66
33 68
33 70
33 72
33 73
33 74
33 75
33 76
33 77
33 78
33 80
33 81
34 34
34 35
34 36
34 38
34 39
34 65
34 84
34 85
34 86
34 88
34 92
34 110
35 35
35 36
35 37
35 39
35 65
35 84
35 85
35 86
35 88
35 92
35 108
36 36
36 37
36 38
36 39
36 40
36 41
36 54
36 57
36 62
36 63
36 72
36 73
36 74
36 75
36 76
36 77
36 78
36 79
36 80
36 81
36 82
36 83
36 84
36 85
36 102
36 104
36 105
37 37
37 38
37 39
37 40
37 41
37 54
37 62
37 66
37 73
37 74
37 75
37 77
37 81
37 85
37 89
37 96
37 97
37 100
37 102
37 104
38 38
38 39
38 40
38 41
38 54
38 71
38 77
38 85
38 89
38 96
38 103
38 104
39 39
39 40
39 41
39 54
39 71
39 83
39 85
39 89
39 96
40 40
40 41
40 62
40 63
40 71
40 72
40 73
40 74
40 75
40 77
40 80
40 81
40 83
40 85
40 104
40 105
41 41
41 70
41 72
41 73
41 74
41 75
41 76
41 83
41 85
41 114
42 42
42 43
42 44
42 45
42 46
42 47
42 48
42 49
42 50
42 51
42 52
42 53
42 55
42 67
42 96
42 98
42 99
42 110
42 112
42 113
43 43
43 44
43 45
43 46
43 47
43 48
43 49
43 50
43 51
43 52
43 53
43 55
43 58
43 67
43 96
43 98
43 99
43 110
43 112
43 113
44 44
44 45
44 46
44 47
44 48
44 49
44 50
44 51
44 52
44 53
44 55
44 58
44 96
44 98
44 99
44 110
44 112
45 45
45 46
45 47
45 48
45 49
45 50
45 51
45 53
45 55
45 67
45 96
45 98
45 110
46 46
46 47
46 48
46 49
46 50
46 51
46 52
46 53
46 55
46 58
46 96
46 98
46 99
46 110
46 112
46 113
47 47
47 48
47 49
47 50
47 51
47 52
47 53
47 55
47 58
47 87
47 96
47 98
47 99
47 107
47 110
47 112
47 113
48 48
48 49
48 50
48 51
48 52
48 53
48 54
48 55
48 58
48 59
48 67
48 90
48 96
48 98
48 99
48 107
48 110
48 112
48 113
49 49
49 50
49 51
49 52
49 53
49 55
49 58
49 59
49 96
49 98
49 99
49 110
49 112
50 50
50 51
50 52
50 53
50 55
50 87
50 93
50 96
50 98
50 99
50 107
50 109
50 110
50 112
50 113
51 51
51 52
51 53
51 55
51 58
51 59
51 67
51 96
51 97
51 98
51 99
51 107
51 109
51 110
51 112
51 113
52 52
52 53
52 54
52 55
52 58
52 60
52 68
52 90
52 98
52 99
52 101
52 107
52 109
52 113
53 53
53 55
53 58
53 98
53 99
53 107
53 112
53 113
54 54
54 55
54 58
54 59
54 62
54 66
54 67
54 89
54 90
54 94
54 96
54 98
54 100
54 102
54 104
55 55
55 58
55 59
55 67
55 96
55 98
55 99
55 110
55 112
56 56
56 57
56 60
56 61
56 62
56 63
56 68
56 72
56 74
56 76
56 78
56 79
56 80
56 81
57 57
57 61
57 62
57 63
57 68
57 69
57 72
57 74
57 76
57 78
57 79
57 80
57 81
57 82
57 105
58 58
58 59
58 60
58 61
58 62
58 63
58 66
58 68
58 90
58 98
58 99
58 101
58 103
58 104
58 107
58 112
58 113
59 59
59 60
59 61
59 62
59 63
59 66
59 89
59 90
59 98
59 99
59 100
59 101
59 102
59 111
60 60
60 61
60 62
60 63
60 65
60 66
60 68
60 69
60 72
60 79
60 100
60 101
60 106
60 107
60 109
61 61
61 62
61 63
61 65
61 66
61 68
61 69
61 79
61 80
61 100
61 101
61 111
62 62
62 63
62 66
62 68
62 72
62 78
62 79
62 80
62 81
62 103
62 104
62 105
63 63
63 66
63 68
63 72
63 73
63 78
63 79
63 80
63 81
63 103
63 104
64 64
64 65
64 73
64 76
64 82
64 83
64 84
64 86
64 88
64 91
64 92
64 93
65 65
65 87
65 92
65 100
65 111
66 66
66 67
66 68
66 79
66 80
66 103
66 104
67 67
67 90
67 96
67 98
67 110
68 68
68 69
68 70
68 72
68 73
68 74
68 75
68 76
68 77
68 78
68 79
68 80
68 81
68 87
68 97
68 101
68 106
68 109
68 113
69 69
69 70
69 73
69 75
69 76
69 77
69 79
69 86
69 87
69 95
69 97
69 102
69 107
69 111
69 113
70 70
70 72
70 73
70 74
70 75
70 76
70 77
70 82
71 71
71 77
71 78
71 79
71 80
71 81
71 83
71 89
72 72
72 73
72 74
72 75
72 76
72 77
72 78
72 79
72 80
72 81
72 82
72 83
72 105
73 73
73 74
73 75
73 76
73 77
73 81
73 83
74 74
74 75
74 76
74 77
74 79
74 81
74 82
74 109
75 75
75 76
75 77
75 83
75 109
76 76
76 77
76 78
76 79
76 80
76 81
76 82
76 94
76 97
76 105
76 106
76 109
76 114
77 77
77 78
77 79
77 80
77 81
77 97
77 104
77 105
77 109
77 110
78 78
78 79
78 80
78 81
78 83
78 104
78 105
79 79
79 80
79 81
79 103
79 104
79 105
80 80
80 81
80 83
80 105
80 114
81 81
81 83
81 105
81 114
82 82
82 83
82 84
82 86
82 87
82 88
82 105
83 83
83 84
83 85
83 88
83 89
83 91
83 92
83 105
83 111
84 84
84 85
84 86
84 88
84 91
84 93
84 108
84 115
85 85
85 86
85 88
85 89
85 96
85 105
85 108
86 86
86 87
86 88
86 95
86 97
86 105
86 108
86 110
86 115
87 87
87 107
87 113
88 88
88 89
88 91
88 92
88 93
89 89
89 90
89 91
89 92
89 93
89 100
89 102
90 90
90 91
90 92
90 93
90 100
90 101
90 102
90 111
91 91
91 92
91 93
91 99
91 100
91 101
91 102
91 108
91 111
92 92
92 93
92 95
92 100
92 102
92 108
92 111
93 93
93 95
93 99
93 100
93 101
93 102
93 108
93 111
93 112
94 94
94 97
94 103
94 104
94 105
94 107
94 110
95 95
95 97
95 100
95 102
95 107
95 108
95 109
95 114
96 96
96 97
96 98
96 108
96 110
96 112
96 113
97 97
97 99
97 102
97 104
97 107
97 108
97 109
97 110
97 113
98 98
98 99
98 110
98 112
99 99
99 101
99 102
99 107
99 111
99 112
99 113
100 100
100 101
100 102
100 108
100 111
101 101
101 102
101 107
101 111
101 112
102 102
102 103
102 107
102 108
102 111
103 103
103 104
103 105
103 113
104 104
104 105
104 110
104 115
105 105
105 114
105 115
106 106
106 107
106 108
107 107
107 108
107 109
107 113
107 114
108 108
108 109
109 109
109 110
109 113
110 110
110 113
111 111
111 112
112 112
112 113
113 113
114 114
114 115
115 115
