0 0
0 1
0 16
0 17
0 18
0 28
0 50
0 51
0 52
0 53
0 56
0 58
0 59
0 60
0 62
0 63
0 66
0 68
0 72
0 78
0 81
0 98
0 99
0 100
0 101
0 103
1 1
1 10
1 13
1 17
1 19
1 28
1 48
1 50
1 51
1 52
1 53
1 56
1 57
1 59
1 63
1 66
1 78
1 81
1 85
1 86
1 94
1 104
1 106
2 2
2 4
2 6
2 7
2 8
2 9
2 11
2 14
2 58
2 60
2 61
2 88
2 91
2 93
2 101
3 3
3 5
3 7
3 9
3 11
3 14
3 15
3 22
3 23
3 25
3 26
3 27
3 30
3 31
3 34
3 35
3 39
3 41
3 64
3 65
3 71
3 77
3 82
3 83
3 87
3 88
3 89
3 92
3 93
3 109
4 4
4 5
4 6
4 7
4 8
4 9
4 13
4 14
4 15
4 26
4 60
4 61
4 90
4 91
5 5
5 9
5 15
5 20
5 21
5 22
5 23
5 25
5 26
5 27
5 31
5 34
5 35
5 38
5 39
5 41
5 43
5 44
5 45
5 47
5 64
5 65
5 67
5 82
5 83
5 87
5 88
5 89
5 92
5 110
6 6
6 7
6 8
6 9
6 11
6 14
6 19
6 33
6 58
6 60
6 61
6 90
6 91
6 94
6 102
6 104
7 7
7 8
7 9
7 11
7 13
7 29
7 45
7 61
7 65
7 90
7 92
7 100
7 102
8 8
8 9
8 10
8 11
8 12
8 13
8 14
8 15
8 58
8 60
8 61
8 90
8 92
8 93
8 100
8 102
9 9
9 11
9 13
9 15
9 29
9 35
9 44
9 45
9 61
9 65
9 71
9 89
9 90
9 92
9 100
9 102
10 10
10 12
10 14
10 19
10 28
10 40
10 52
10 75
10 80
10 84
10 85
10 86
10 93
10 104
10 107
11 11
11 13
11 15
11 61
11 65
11 74
11 85
11 89
11 90
11 92
12 12
12 13
12 14
12 15
12 22
12 24
12 28
12 38
12 39
12 40
12 54
12 82
12 83
12 93
13 13
13 15
13 17
13 28
13 29
13 32
13 48
13 49
13 51
13 52
13 53
13 59
13 61
13 71
13 72
13 80
13 81
13 85
13 86
13 100
13 104
14 14
14 15
14 22
14 23
14 26
14 27
14 30
14 35
14 38
14 39
14 54
14 64
14 82
14 83
14 86
14 88
14 89
14 91
14 93
14 109
15 15
15 26
15 29
15 41
15 53
15 82
15 83
15 86
15 87
15 88
15 89
15 90
15 92
16 16
16 17
16 18
16 28
16 29
16 32
16 56
16 58
16 59
16 62
16 63
16 66
16 72
16 78
16 80
16 81
16 103
16 106
16 107
17 17
17 18
17 28
17 29
17 32
17 52
17 53
17 56
17 58
17 59
17 61
17 62
17 63
17 66
17 72
17 78
17 80
17 81
17 85
17 100
17 104
17 106
17 107
18 18
18 19
18 28
18 29
18 30
18 32
18 33
18 56
18 60
18 62
18 63
18 72
18 75
18 76
18 79
18 103
19 19
19 33
19 50
19 52
19 57
19 62
19 75
19 76
19 79
19 84
19 85
19 86
19 94
19 97
19 102
19 104
19 105
19 106
19 108
20 20
20 21
20 22
20 23
20 24
20 25
20 26
20 27
20 30
20 31
20 38
20 64
20 82
20 87
20 95
20 108
21 21
21 22
21 23
21 24
21 25
21 26
21 27
21 30
21 31
21 34
21 35
21 36
21 37
21 38
21 39
21 40
21 43
21 44
21 45
21 47
21 55
21 64
21 65
21 67
21 69
21 71
21 77
21 82
21 83
21 93
21 96
21 109
21 110
21 113
22 22
22 23
22 24
22 25
22 26
22 27
22 30
22 31
22 34
22 35
22 38
22 39
22 54
22 57
22 64
22 65
22 67
22 69
22 82
22 83
22 87
22 88
22 89
22 109
22 110
23 23
23 25
23 26
23 27
23 30
23 31
23 34
23 35
23 37
23 38
23 39
23 43
23 47
23 55
23 64
23 65
23 67
23 69
23 77
23 82
23 83
23 87
23 88
23 89
23 92
23 96
23 109
23 110
23 113
24 24
24 25
24 26
24 27
24 30
24 38
24 40
24 57
24 64
24 87
25 25
25 26
25 27
25 30
25 31
25 34
25 35
25 37
25 38
25 39
25 40
25 43
25 44
25 45
25 47
25 55
25 64
25 65
25 67
25 69
25 71
25 77
25 82
25 83
25 87
25 88
25 92
25 96
25 109
25 110
26 26
26 27
26 30
26 31
26 35
26 38
26 39
26 54
26 64
26 82
26 83
26 86
26 87
26 88
26 89
27 27
27 30
27 31
27 34
27 35
27 38
27 39
27 43
27 57
27 64
27 65
27 67
27 69
27 77
27 82
27 87
27 88
27 89
27 96
27 109
27 110
27 113
27 114
28 28
28 29
28 32
28 33
28 40
28 52
28 53
28 56
28 58
28 60
28 62
28 63
28 71
28 72
28 75
28 76
28 78
28 80
28 81
28 85
28 100
28 101
28 104
28 106
28 107
29 29
29 32
29 44
29 48
29 49
29 53
29 61
29 62
29 63
29 71
29 72
29 73
29 74
29 76
29 80
29 81
29 98
29 100
30 30
30 31
30 34
30 35
30 40
30 64
30 65
30 82
30 87
31 31
31 34
31 35
31 36
31 37
31 39
31 40
31 41
31 43
31 44
31 45
31 47
31 55
31 64
31 65
31 67
31 71
31 77
31 82
31 83
31 87
31 92
31 96
31 109
31 110
31 113
32 32
32 33
32 62
32 66
32 71
32 75
32 76
32 80
32 81
32 84
32 104
32 107
33 33
33 64
33 71
33 75
33 76
33 78
33 79
33 81
33 94
33 97
33 104
33 105
33 106
33 107
33 115
34 34
34 35
34 37
34 39
34 40
34 41
34 42
34 43
34 44
34 45
34 47
34 55
34 64
34 65
34 67
34 69
34 71
34 77
34 83
34 87
34 92
34 109
34 110
35 35
35 36
35 37
35 38
35 39
35 41
35 42
35 43
35 44
35 45
35 47
35 55
35 64
35 65
35 67
35 71
35 74
35 77
35 82
35 83
35 87
35 92
35 109
35 110
35 113
36 36
36 37
36 38
36 39
36 41
36 42
36 43
36 46
36 47
36 54
36 55
36 68
36 70
36 73
36 74
36 77
36 82
36 83
36 95
36 96
36 98
36 99
36 109
36 110
36 111
36 112
36 113
36 114
37 37
37 38
37 39
37 40
37 41
37 42
37 43
37 44
37 45
37 46
37 47
37 54
37 55
37 65
37 67
37 68
37 70
37 73
37 74
37 76
37 77
37 83
37 95
37 96
37 98
37 99
37 109
37 110
37 111
37 112
37 113
38 38
38 39
38 41
38 47
38 54
38 55
38 68
38 69
38 77
38 82
38 83
38 87
38 88
38 89
38 96
38 109
38 110
38 111
38 112
38 113
38 114
39 39
39 41
39 42
39 43
39 47
39 54
39 55
39 65
39 67
39 68
39 69
39 77
39 82
39 83
39 87
39 89
39 96
39 99
39 109
39 110
39 111
39 112
39 113
39 114
40 40
40 44
40 55
40 69
40 71
40 77
40 80
40 83
40 107
41 41
41 42
41 43
41 47
41 55
41 65
41 70
41 73
41 74
41 75
41 76
41 77
41 82
41 83
41 87
41 95
41 96
41 109
41 110
41 111
41 112
41 113
42 42
42 43
42 44
42 45
42 46
42 47
42 55
42 65
42 67
42 77
42 83
42 95
42 96
42 98
42 99
42 109
42 110
42 111
42 112
42 113
42 114
42 115
43 43
43 44
43 45
43 46
43 47
43 49
43 55
43 64
43 65
43 67
43 69
43 77
43 83
43 96
43 98
43 109
43 110
43 113
44 44
44 45
44 46
44 47
44 49
44 55
44 65
44 71
44 77
44 83
44 92
44 98
44 109
45 45
45 46
45 47
45 49
45 55
45 65
45 67
45 71
45 92
46 46
46 47
46 48
46 49
46 53
46 55
46 96
46 97
46 98
46 111
46 112
46 115
47 47
47 49
47 55
47 65
47 67
47 68
47 73
47 77
47 83
47 95
47 96
47 98
47 99
47 109
47 110
47 111
47 112
47 113
48 48
48 49
48 50
48 51
48 52
48 53
48 59
48 61
48 63
48 72
48 80
48 90
48 98
48 100
48 101
48 102
49 49
49 51
49 53
49 55
49 61
49 72
49 73
49 80
49 98
50 50
50 51
50 52
50 53
50 54
50 58
50 59
50 61
50 63
50 72
50 90
50 94
50 95
50 97
50 98
50 99
50 100
50 101
50 108
50 111
50 112
50 114
51 51
51 52
51 53
51 54
51 57
51 59
51 61
51 63
51 72
51 90
51 98
51 100
52 52
52 53
52 54
52 56
52 57
52 58
52 59
52 63
52 79
52 81
52 86
52 90
52 94
52 98
52 104
52 106
53 53
53 56
53 57
53 59
53 72
53 80
53 81
53 98
54 54
54 55
54 68
54 69
54 70
54 77
54 83
54 89
54 96
54 109
54 110
54 111
54 112
54 113
55 55
55 65
55 69
55 74
55 77
55 82
55 83
55 89
55 96
55 98
55 109
55 110
55 112
55 113
56 56
56 57
56 59
56 62
56 63
56 66
56 68
56 72
56 76
56 78
56 80
56 81
56 103
56 106
56 107
57 57
57 59
57 68
57 79
57 81
57 94
57 97
57 104
57 105
57 106
57 108
58 58
58 59
58 60
58 61
58 62
58 63
58 66
58 72
58 91
58 100
58 101
58 103
59 59
59 60
59 61
59 63
59 66
59 90
59 100
59 101
60 60
60 61
60 62
60 63
60 66
60 72
60 91
60 93
60 101
60 103
61 61
61 62
61 63
61 72
61 90
61 93
61 100
61 101
62 62
62 63
62 66
62 72
62 76
62 78
62 79
62 81
62 85
62 94
62 101
62 103
62 106
62 107
63 63
63 66
63 72
63 90
63 98
63 99
63 100
63 101
63 103
64 64
64 65
64 67
64 77
64 87
64 88
64 92
64 96
64 109
64 110
64 115
65 65
65 67
65 71
65 77
65 87
65 88
65 92
65 93
65 109
65 110
65 113
66 66
66 67
66 69
66 101
66 103
67 67
67 69
67 77
67 96
67 109
67 110
67 113
68 68
68 69
68 77
68 96
68 99
68 108
68 109
68 110
68 113
68 114
69 69
69 77
69 83
69 88
69 109
69 110
69 113
70 70
70 72
70 73
70 74
70 79
70 94
70 95
70 96
70 97
70 111
70 112
70 113
70 114
70 115
71 71
71 73
71 80
71 81
71 92
71 107
72 72
72 73
72 74
72 76
72 81
72 98
72 100
72 101
73 73
73 74
73 75
73 76
73 83
73 85
73 98
74 74
74 75
74 76
74 83
74 92
75 75
75 76
75 79
75 84
75 85
75 94
76 76
76 80
76 81
76 84
76 85
77 77
77 82
77 83
77 96
77 109
77 110
77 112
77 113
78 78
78 79
78 80
78 81
78 85
78 94
78 104
78 105
78 106
78 107
78 115
79 79
79 81
79 94
79 95
79 97
79 104
79 105
79 106
79 108
79 115
80 80
80 81
80 84
80 85
80 104
80 106
80 107
81 81
81 85
81 94
81 104
81 105
81 106
81 107
82 82
82 83
82 84
82 86
82 87
82 89
82 109
82 110
82 113
83 83
83 87
83 89
83 96
83 109
83 110
83 111
83 113
84 84
84 85
84 86
84 87
85 85
85 87
85 106
85 107
86 86
87 87
87 88
87 89
87 92
87 110
88 88
88 89
88 92
88 93
88 109
88 110
89 89
89 90
89 91
89 92
89 93
89 110
90 90
90 91
90 92
90 95
90 98
90 100
90 102
90 112
91 91
91 92
91 93
91 99
91 101
92 92
92 93
93 93
93 101
94 94
94 95
94 97
94 99
94 102
94 103
94 104
94 105
94 106
94 108
94 114
94 115
95 95
95 96
95 97
95 98
95 99
95 102
95 103
95 105
95 108
95 110
95 111
95 112
95 113
95 114
95 115
96 96
96 97
96 98
96 99
96 108
96 109
96 110
96 111
96 112
96 113
96 114
96 115
97 97
97 99
97 102
97 103
97 104
97 105
97 106
97 108
97 111
97 114
97 115
98 98
98 99
98 111
98 112
98 113
99 99
99 103
99 108
99 110
99 111
99 112
99 113
99 114
99 115
100 100
100 101
100 102
101 101
101 102
101 103
102 102
102 103
102 105
102 106
102 115
103 103
103 105
103 108
104 104
104 105
104 106
104 107
104 115
105 105
105 106
105 108
105 114
105 115
106 106
106 107
106 115
107 107
108 108
108 114
109 109
109 110
109 111
109 112
109 113
109 114
110 110
110 111
110 112
110 113
110 114
111 111
111 112
111 113
111 114
111 115
112 112
112 113
113 113
113 114
114 114
114 115
115 115
