0 0
0 1
0 10
0 12
0 14
0 16
0 17
0 18
0 19
0 28
0 32
0 52
0 56
0 58
0 59
0 60
0 61
0 62
0 63
0 68
0 72
0 73
0 74
0 75
0 76
0 77
0 91
0 95
0 99
0 101
0 111
1 1
1 9
1 10
1 11
1 12
1 13
1 18
1 19
1 29
1 32
1 52
1 56
1 57
1 58
1 59
1 60
1 61
1 62
1 63
1 68
1 69
1 72
1 75
1 76
1 77
1 89
1 95
1 104
1 111
2 2
2 4
2 5
2 6
2 7
2 8
2 9
2 10
2 12
2 13
2 18
2 24
2 32
2 33
2 48
2 58
2 60
2 61
2 64
2 65
2 66
2 67
2 74
2 76
2 77
2 88
2 95
2 106
3 3
3 5
3 7
3 22
3 23
3 24
3 25
3 27
3 30
3 31
3 35
3 50
3 53
3 55
3 67
3 71
3 78
3 82
3 83
3 84
3 85
3 92
3 94
3 98
4 4
4 5
4 6
4 7
4 8
4 9
4 10
4 11
4 12
4 13
4 15
4 21
4 48
4 50
4 58
4 60
4 61
4 64
4 65
4 76
4 77
4 91
4 93
4 95
4 101
4 109
4 112
5 5
5 7
5 22
5 23
5 24
5 25
5 26
5 27
5 35
5 45
5 50
5 64
5 65
5 67
5 85
5 92
6 6
6 7
6 8
6 9
6 10
6 11
6 12
6 13
6 15
6 33
6 48
6 58
6 60
6 61
6 64
6 65
6 69
6 76
6 77
6 88
6 91
6 93
6 101
6 109
7 7
7 8
7 9
7 11
7 13
7 15
7 45
7 61
7 64
7 65
7 67
7 89
7 92
8 8
8 9
8 10
8 11
8 12
8 13
8 14
8 15
8 47
8 48
8 58
8 60
8 61
8 64
8 65
8 69
8 76
8 77
8 88
8 90
8 91
8 93
8 101
8 109
8 112
8 113
9 9
9 10
9 11
9 12
9 13
9 15
9 58
9 60
9 61
9 64
9 65
9 88
9 89
9 90
9 91
9 101
9 102
10 10
10 11
10 12
10 13
10 18
10 28
10 29
10 32
10 33
10 48
10 52
10 54
10 58
10 59
10 60
10 61
10 62
10 63
10 68
10 69
10 72
10 74
10 75
10 76
10 77
10 90
10 91
10 95
10 101
10 109
11 11
11 12
11 13
11 14
11 15
11 61
11 64
11 65
11 83
11 88
11 89
11 92
11 95
12 12
12 13
12 14
12 15
12 33
12 48
12 58
12 60
12 61
12 64
12 65
12 69
12 74
12 75
12 76
12 88
12 101
12 109
12 112
12 113
13 13
13 14
13 15
13 38
13 60
13 61
13 64
13 65
13 83
13 88
13 89
13 113
14 14
14 15
14 22
14 23
14 27
14 64
14 73
14 74
14 75
14 82
14 83
14 84
14 88
14 91
14 112
14 113
15 15
15 23
15 40
15 60
15 61
15 64
15 65
15 82
15 83
15 88
15 92
15 113
16 16
16 17
16 18
16 19
16 28
16 29
16 32
16 36
16 56
16 57
16 62
16 63
16 68
16 72
16 73
16 74
16 78
16 79
16 80
16 81
16 99
16 111
17 17
17 18
17 19
17 28
17 29
17 30
17 32
17 33
17 36
17 37
17 52
17 56
17 57
17 58
17 59
17 62
17 63
17 68
17 71
17 72
17 73
17 78
17 79
17 80
17 81
17 98
17 99
17 104
18 18
18 19
18 21
18 28
18 29
18 32
18 33
18 52
18 58
18 59
18 60
18 61
18 62
18 63
18 66
18 68
18 69
18 72
18 74
18 81
18 106
18 107
19 19
19 20
19 21
19 31
19 33
19 57
19 59
19 62
19 63
19 68
19 69
19 75
19 80
19 81
19 90
19 91
19 107
19 111
20 20
20 21
20 22
20 30
20 31
20 33
20 52
20 58
20 62
20 70
20 71
20 72
20 73
20 74
20 75
20 90
20 91
21 21
21 25
21 33
21 44
21 48
21 50
21 53
21 57
21 62
21 63
21 66
21 70
21 76
21 77
21 95
21 107
21 109
21 111
21 112
22 22
22 23
22 24
22 25
22 26
22 27
22 30
22 31
22 34
22 35
22 50
22 53
22 55
22 64
22 82
22 83
22 84
22 85
22 88
22 92
22 98
23 23
23 24
23 25
23 26
23 27
23 30
23 31
23 34
23 50
23 55
23 64
23 65
23 82
23 83
23 84
23 85
23 88
23 92
23 93
23 110
23 113
24 24
24 25
24 26
24 27
24 30
24 31
24 34
24 35
24 36
24 37
24 40
24 44
24 45
24 67
24 85
24 92
24 94
24 104
24 108
25 25
25 26
25 27
25 30
25 31
25 34
25 35
25 38
25 50
25 67
25 85
25 92
25 95
25 109
25 110
26 26
26 27
26 34
26 35
26 37
26 38
26 39
26 40
26 41
26 43
26 47
26 67
26 82
26 87
26 92
26 93
26 96
26 97
26 110
26 113
27 27
27 30
27 31
27 34
27 36
27 37
27 38
27 39
27 40
27 41
27 55
27 78
27 79
27 80
27 81
27 82
27 83
27 84
27 85
27 87
27 92
27 94
27 97
27 103
27 108
27 110
27 113
28 28
28 29
28 30
28 31
28 32
28 36
28 40
28 41
28 56
28 62
28 63
28 71
28 72
28 73
28 74
28 78
28 79
28 80
28 81
28 83
28 94
28 99
28 103
28 104
28 105
28 114
29 29
29 30
29 31
29 32
29 33
29 36
29 41
29 60
29 62
29 63
29 71
29 72
29 79
29 80
29 81
29 83
29 94
29 104
30 30
30 31
30 32
30 33
30 34
30 35
30 36
30 63
30 67
30 70
30 71
30 72
30 73
30 78
30 79
30 80
30 81
30 84
30 85
30 94
30 98
30 104
31 31
31 34
31 35
31 36
31 67
31 70
31 71
31 73
31 78
31 79
31 80
31 81
31 83
31 84
31 85
31 94
31 98
32 32
32 33
32 36
32 54
32 58
32 59
32 60
32 62
32 63
32 66
32 67
32 68
32 72
32 81
32 104
33 33
33 35
33 54
33 58
33 60
33 62
33 63
33 66
33 67
33 68
33 69
33 72
33 76
33 77
33 95
33 107
34 34
34 35
34 36
34 40
34 41
34 67
34 82
34 84
34 85
34 94
34 97
34 103
34 110
34 113
35 35
35 44
35 45
35 50
35 65
35 67
35 92
35 100
36 36
36 37
36 38
36 39
36 40
36 41
36 56
36 71
36 72
36 73
36 78
36 79
36 80
36 81
36 82
36 83
36 87
36 94
36 97
36 99
36 103
36 110
36 113
36 115
37 37
37 38
37 39
37 40
37 41
37 43
37 47
37 54
37 77
37 78
37 79
37 94
37 96
37 97
37 99
37 100
37 103
37 104
37 110
37 113
38 38
38 39
38 40
38 41
38 54
38 82
38 83
38 85
38 86
38 87
38 96
38 97
38 109
38 110
38 113
39 39
39 40
39 41
39 82
39 83
39 86
39 87
39 93
39 94
39 96
39 97
39 100
39 103
39 110
39 113
39 114
39 115
40 40
40 41
40 78
40 79
40 80
40 81
40 82
40 83
40 85
40 87
40 92
40 94
40 97
40 103
40 110
40 113
41 41
41 73
41 78
41 79
41 82
41 83
41 87
41 94
41 96
41 97
41 100
41 102
41 103
41 110
41 113
41 115
42 42
42 43
42 44
42 45
42 46
42 47
42 48
42 49
42 50
42 51
42 53
42 54
42 55
42 93
42 95
42 96
42 98
42 100
42 109
42 114
43 43
43 44
43 45
43 46
43 47
43 48
43 49
43 50
43 51
43 54
43 55
43 65
43 77
43 93
43 95
43 96
43 97
43 98
43 100
43 109
43 110
43 113
44 44
44 45
44 46
44 47
44 48
44 49
44 50
44 51
44 53
44 55
44 95
44 96
44 98
44 100
44 105
45 45
45 46
45 47
45 49
45 50
45 51
45 53
45 55
45 65
45 67
45 95
45 96
45 98
45 100
46 46
46 47
46 48
46 49
46 50
46 51
46 53
46 54
46 55
46 78
46 95
46 96
46 97
46 98
46 100
46 105
46 114
47 47
47 49
47 51
47 55
47 65
47 86
47 92
47 93
47 95
47 96
47 97
47 100
47 109
47 110
47 113
48 48
48 49
48 50
48 51
48 54
48 58
48 60
48 66
48 95
48 96
48 101
48 109
49 49
49 50
49 51
49 53
49 55
49 84
49 85
49 96
49 98
50 50
50 51
50 53
50 54
50 55
50 64
50 65
50 67
50 84
50 85
50 88
50 92
50 93
50 98
51 51
51 53
51 54
51 55
51 85
51 96
51 98
52 52
52 53
52 54
52 58
52 59
52 61
52 62
52 63
52 68
52 72
52 89
52 90
52 91
52 98
52 101
52 107
53 53
53 55
53 78
53 81
53 84
53 85
53 98
53 100
54 54
54 66
54 67
54 71
54 89
54 96
54 101
55 55
55 78
55 79
55 84
55 85
55 94
55 96
55 97
55 98
55 100
56 56
56 57
56 59
56 62
56 63
56 68
56 72
56 78
56 79
56 80
56 81
56 99
56 111
57 57
57 59
57 63
57 68
57 69
57 79
57 80
57 81
57 98
57 99
57 107
57 111
58 58
58 59
58 60
58 61
58 62
58 63
58 66
58 68
58 69
58 72
58 74
58 75
58 76
58 77
58 89
58 90
58 91
58 101
58 107
59 59
59 60
59 61
59 62
59 63
59 66
59 68
59 69
59 72
59 89
59 90
59 101
59 107
60 60
60 61
60 62
60 63
60 64
60 66
60 68
60 69
60 72
60 74
60 75
60 76
60 77
60 88
60 90
60 91
60 95
60 101
60 106
61 61
61 62
61 63
61 64
61 65
61 68
61 76
61 89
61 90
61 91
61 101
62 62
62 63
62 66
62 72
62 74
62 76
62 81
62 95
62 104
62 107
63 63
63 66
63 68
63 72
63 80
63 81
63 99
63 104
63 106
63 107
64 64
64 65
64 88
64 92
64 93
64 109
65 65
65 67
65 88
65 89
65 92
65 93
66 66
66 67
66 68
66 69
66 72
66 101
67 67
67 85
68 68
68 69
68 76
68 89
68 90
68 91
68 101
68 107
68 111
69 69
69 87
69 88
69 90
69 101
69 107
70 70
70 71
70 73
70 74
70 75
70 76
70 77
70 90
70 91
70 95
70 102
70 106
70 111
71 71
71 73
71 74
71 75
71 78
71 79
71 80
71 81
71 94
71 98
71 105
72 72
72 73
72 74
72 75
72 76
72 80
72 81
72 95
72 99
72 104
73 73
73 74
73 75
73 76
73 77
73 78
73 99
74 74
74 75
74 76
74 77
74 91
74 99
74 101
75 75
75 76
75 77
75 91
75 95
75 99
75 107
76 76
76 77
76 91
76 95
76 99
76 101
76 104
76 107
76 109
76 111
77 77
77 91
77 93
77 95
77 107
77 109
77 110
77 111
77 114
78 78
78 79
78 80
78 81
78 83
78 84
78 85
78 94
78 96
78 97
78 98
78 99
78 105
78 110
78 114
78 115
79 79
79 80
79 81
79 82
79 83
79 84
79 85
79 94
79 97
79 98
79 99
79 110
80 80
80 81
80 82
80 83
80 84
80 85
80 94
80 98
80 99
81 81
81 83
81 84
81 85
81 94
81 98
81 99
82 82
82 83
82 84
82 85
82 87
82 88
82 92
82 93
82 94
82 97
82 103
82 110
82 113
83 83
83 84
83 85
83 87
83 88
83 92
83 94
83 103
83 110
83 113
84 84
84 85
84 87
84 88
84 94
84 97
84 98
85 85
85 92
85 94
85 98
86 86
86 87
86 97
86 103
86 105
86 107
86 109
86 113
86 115
87 87
87 93
87 94
87 97
87 103
87 110
87 113
88 88
88 89
88 91
88 106
89 89
89 90
89 101
90 90
90 91
90 93
90 100
90 101
90 102
90 107
91 91
91 93
91 99
91 100
91 101
91 102
91 103
91 107
91 111
91 113
92 92
92 93
92 100
92 110
92 113
93 93
93 97
93 100
93 101
93 102
93 103
93 105
93 109
93 110
93 111
93 112
93 113
93 114
93 115
94 94
94 96
94 97
94 100
94 103
94 105
94 110
94 113
94 114
94 115
95 95
95 105
95 107
95 109
95 111
95 112
95 114
96 96
96 97
96 98
96 103
96 109
96 110
96 113
96 114
96 115
97 97
97 103
97 105
97 109
97 110
97 113
97 114
97 115
98 98
98 99
98 111
99 99
99 104
99 107
99 111
100 100
100 102
100 110
100 115
101 101
101 102
101 103
101 109
101 111
102 102
102 103
103 103
103 110
103 113
103 115
104 104
104 105
105 105
105 109
105 114
105 115
106 106
107 107
107 109
107 111
108 108
109 109
109 111
109 112
109 114
110 110
110 113
111 111
111 112
112 112
113 113
114 114
114 115
115 115
