0 0
0 1
0 2
0 6
0 10
0 11
0 12
0 13
0 18
0 28
0 32
0 33
0 40
0 50
0 60
0 63
0 64
0 74
0 76
0 84
1 1
1 10
1 11
1 18
1 19
1 32
1 33
1 56
1 57
1 61
1 63
1 73
1 74
1 75
1 76
1 77
2 2
2 3
2 4
2 6
2 7
2 8
2 10
2 11
2 12
2 13
2 15
2 18
2 20
2 22
2 23
2 24
2 25
2 30
2 31
2 32
2 33
2 35
2 50
2 64
3 3
3 6
3 7
3 11
3 13
3 20
3 21
3 22
3 23
3 25
3 28
3 30
3 31
3 32
3 33
3 64
3 71
3 72
3 74
3 83
3 84
4 4
4 5
4 6
4 7
4 8
4 9
4 14
4 15
4 20
4 24
4 25
4 26
4 30
4 35
4 45
4 67
5 5
5 8
5 9
5 14
5 15
5 20
5 24
5 25
5 26
5 27
5 30
5 35
5 45
6 6
6 7
6 10
6 11
6 12
6 13
6 15
6 18
6 22
6 23
6 25
6 28
6 30
6 31
6 32
6 33
6 64
6 71
6 72
7 7
7 9
7 11
7 12
7 13
7 15
7 20
7 22
7 23
7 25
7 30
7 31
7 32
7 33
7 64
7 70
7 74
7 83
8 8
8 9
8 14
8 15
8 24
8 25
8 26
8 27
8 35
8 58
8 59
8 67
8 69
8 82
8 86
8 88
8 90
8 107
9 9
9 15
9 24
9 25
9 26
9 35
9 45
9 58
9 59
9 61
9 65
9 67
9 69
9 70
10 10
10 11
10 12
10 13
10 16
10 18
10 22
10 28
10 32
10 33
10 40
10 73
10 74
10 76
10 84
11 11
11 12
11 13
11 15
11 17
11 23
11 28
11 29
11 30
11 31
11 32
11 33
11 40
11 41
11 71
11 72
11 73
11 74
11 75
11 76
11 77
11 79
11 80
11 81
11 83
11 84
12 12
12 13
12 14
12 17
12 18
12 20
12 22
12 23
12 25
12 28
12 30
12 31
12 32
12 33
12 40
12 41
12 62
12 70
12 71
12 72
12 73
12 74
12 75
12 78
12 80
13 13
13 15
13 17
13 20
13 22
13 23
13 25
13 27
13 28
13 29
13 30
13 31
13 32
13 33
13 41
13 62
13 72
13 73
13 74
13 75
13 80
13 81
13 83
14 14
14 15
14 20
14 25
14 26
14 27
14 38
14 41
14 58
14 59
14 60
14 69
14 83
14 88
15 15
15 23
15 25
15 26
15 27
15 31
15 33
15 41
15 64
15 83
16 16
16 17
16 18
16 28
16 29
16 32
16 36
16 46
16 55
16 56
16 57
16 62
16 63
16 72
16 73
16 74
16 76
16 77
16 78
16 79
16 80
16 81
16 95
16 96
16 97
16 98
16 99
16 111
16 112
16 114
17 17
17 18
17 28
17 29
17 32
17 33
17 36
17 40
17 41
17 56
17 57
17 62
17 63
17 71
17 72
17 73
17 74
17 76
17 77
17 78
17 79
17 80
17 81
17 94
17 97
17 99
18 18
18 19
18 28
18 32
18 33
18 56
18 60
18 62
18 63
18 64
18 72
18 74
18 76
18 77
18 78
18 80
18 81
19 19
19 28
19 33
19 39
19 56
19 57
19 68
19 76
19 77
19 83
19 94
20 20
20 21
20 22
20 23
20 24
20 25
20 26
20 27
20 28
20 29
20 30
20 31
20 33
20 40
20 41
20 64
20 72
20 73
20 74
20 88
21 21
21 29
21 30
21 31
21 41
21 82
21 83
21 94
22 22
22 23
22 24
22 25
22 26
22 27
22 30
22 31
22 33
22 50
22 64
22 71
23 23
23 24
23 25
23 27
23 30
23 31
23 33
23 50
23 64
23 75
24 24
24 25
24 26
24 27
24 30
24 31
24 35
24 45
24 50
24 64
24 67
25 25
25 26
25 27
25 30
25 31
25 35
25 50
25 64
25 67
25 70
25 88
26 26
26 27
26 35
26 38
26 45
26 48
26 49
26 58
26 59
26 65
26 67
26 86
26 88
27 27
27 30
27 31
27 75
27 83
27 86
27 87
27 88
28 28
28 29
28 30
28 31
28 32
28 33
28 40
28 41
28 62
28 71
28 72
28 73
28 74
28 75
28 76
28 77
28 78
28 79
28 80
28 81
28 83
29 29
29 30
29 31
29 32
29 33
29 36
29 37
29 40
29 41
29 56
29 57
29 63
29 68
29 71
29 72
29 73
29 74
29 75
29 76
29 77
29 78
29 79
29 80
29 81
29 83
29 95
29 114
30 30
30 31
30 32
30 33
30 40
30 41
30 64
30 71
30 72
30 73
30 74
30 75
30 78
30 83
31 31
31 32
31 33
31 40
31 41
31 64
31 71
31 72
31 73
31 74
31 83
32 32
32 33
32 56
32 57
32 62
32 63
32 72
32 73
32 74
32 75
32 76
32 77
32 78
32 79
32 80
32 81
32 84
33 33
33 40
33 41
33 64
33 71
33 72
33 73
33 74
33 75
33 76
33 77
33 78
33 80
33 81
33 83
34 34
34 35
34 42
34 43
34 45
34 46
34 47
34 50
34 53
34 55
34 64
34 65
34 95
34 109
34 110
34 111
35 35
35 45
35 48
35 58
35 61
35 65
35 67
36 36
36 37
36 38
36 39
36 40
36 41
36 53
36 54
36 55
36 73
36 76
36 77
36 79
36 81
36 82
36 85
36 87
36 95
36 96
36 97
36 98
36 99
36 105
36 111
36 112
36 113
36 114
36 115
37 37
37 38
37 39
37 40
37 41
37 53
37 54
37 55
37 73
37 79
37 81
37 82
37 85
37 87
37 89
37 95
37 96
37 97
37 99
37 101
37 108
37 110
37 113
37 114
37 115
38 38
38 39
38 41
38 54
38 55
38 68
38 86
38 88
38 104
38 108
38 112
39 39
39 41
39 49
39 54
39 55
39 59
39 68
39 82
39 83
39 86
39 87
39 88
39 89
39 93
39 94
39 95
39 96
39 97
39 101
39 102
39 103
39 104
39 105
39 108
39 112
40 40
40 41
40 63
40 72
40 73
40 74
40 75
40 76
40 77
40 78
40 79
40 81
40 87
41 41
41 69
41 72
41 73
41 74
41 75
41 77
41 81
41 82
41 83
42 42
42 43
42 44
42 45
42 46
42 47
42 49
42 50
42 51
42 53
42 56
42 57
42 62
42 84
42 94
42 96
42 98
42 99
42 110
42 111
42 112
42 113
42 115
43 43
43 44
43 45
43 46
43 47
43 49
43 50
43 51
43 56
43 65
43 84
43 96
43 110
44 44
44 45
44 46
44 47
44 48
44 49
44 51
44 59
44 66
44 67
44 96
44 98
44 100
44 101
45 45
45 47
45 49
45 67
46 46
46 47
46 49
46 51
46 53
46 55
46 56
46 84
46 85
46 94
46 96
46 97
46 98
46 99
46 110
46 111
46 112
46 113
46 114
46 115
47 47
47 49
47 50
47 51
47 53
47 56
47 62
47 84
47 94
47 96
47 110
47 111
48 48
48 49
48 50
48 51
48 58
48 59
48 65
48 66
48 67
48 88
48 90
48 91
48 104
48 106
49 49
49 51
49 53
49 59
49 67
49 69
49 82
49 86
49 90
49 96
49 98
49 100
49 101
50 50
50 51
50 52
50 64
50 65
50 84
50 90
51 51
51 52
51 53
51 55
51 65
51 96
51 97
51 98
51 99
51 100
51 101
51 103
51 105
51 111
51 112
51 113
51 115
52 52
52 53
52 54
52 63
52 89
52 90
52 91
52 98
52 99
52 111
52 113
53 53
53 54
53 55
53 85
53 89
53 90
53 92
53 93
53 94
53 95
53 96
53 97
53 98
53 99
53 100
53 101
53 103
53 105
53 109
53 111
53 112
53 113
53 114
53 115
54 54
54 55
54 85
54 86
54 87
54 88
54 89
54 91
54 93
54 95
54 96
54 97
54 98
54 99
54 101
54 102
54 103
54 104
54 105
54 108
54 109
54 110
54 111
54 112
54 113
54 114
54 115
55 55
55 57
55 79
55 82
55 85
55 86
55 89
55 95
55 96
55 97
55 98
55 99
55 101
55 103
55 104
55 105
55 108
55 109
55 110
55 111
55 112
55 113
55 114
55 115
56 56
56 57
56 60
56 62
56 63
56 68
56 77
56 78
56 79
56 80
56 81
56 94
56 96
56 97
56 99
56 109
56 111
57 57
57 60
57 62
57 63
57 68
57 73
57 77
57 78
57 79
57 80
57 81
57 94
57 96
57 97
57 99
57 101
57 104
57 105
57 106
57 111
57 112
57 115
58 58
58 59
58 60
58 61
58 66
58 67
58 68
58 69
58 88
58 89
58 93
58 101
58 102
58 103
58 104
58 105
58 106
58 107
58 108
59 59
59 61
59 66
59 67
59 68
59 69
59 70
59 82
59 86
59 87
59 88
59 89
59 91
59 93
59 100
59 101
59 102
59 103
59 104
59 105
59 106
59 107
59 108
60 60
60 61
60 62
60 63
60 65
60 78
60 107
61 61
61 63
61 65
61 106
62 62
62 63
62 64
62 72
62 77
62 78
62 79
62 80
62 81
62 94
63 63
63 74
63 77
63 78
63 79
63 80
63 81
64 64
64 84
65 65
65 100
66 66
66 67
66 68
66 69
66 88
66 89
66 92
66 93
66 97
66 100
66 101
66 102
66 103
66 104
66 105
66 106
66 107
66 108
67 67
67 69
67 70
67 82
67 90
67 100
68 68
68 69
68 97
68 101
68 102
68 103
68 104
68 106
68 107
69 69
69 82
69 87
69 88
69 89
69 102
69 107
70 70
70 71
70 75
70 91
70 106
71 71
71 72
71 73
71 74
71 75
71 76
71 77
71 80
72 72
72 73
72 74
72 75
72 76
72 77
72 78
72 79
72 80
72 81
72 83
73 73
73 74
73 75
73 76
73 77
73 79
73 80
73 81
74 74
74 75
74 76
74 77
74 78
74 79
74 80
74 81
74 84
75 75
75 76
75 77
75 80
76 76
76 77
76 79
76 80
76 84
77 77
77 78
77 79
77 80
77 81
78 78
78 79
78 80
78 81
78 94
78 97
78 99
79 79
79 80
79 81
79 84
79 85
79 95
79 96
79 97
79 99
79 111
79 112
79 113
79 114
79 115
80 80
80 81
81 81
81 97
81 99
81 109
81 111
82 82
82 83
82 86
82 87
82 89
82 95
82 96
82 102
82 108
83 83
83 86
83 87
84 84
84 85
84 98
85 85
85 87
85 89
85 95
85 96
85 97
85 98
85 99
85 111
85 114
85 115
86 86
86 87
86 88
86 89
86 95
86 96
87 87
87 88
87 89
87 95
88 88
88 89
88 93
88 102
88 104
88 105
88 107
89 89
89 91
89 93
89 95
89 98
89 99
89 101
89 102
89 103
89 104
89 105
89 107
89 114
89 115
90 90
90 91
90 92
90 93
90 100
91 91
91 92
91 93
91 99
91 100
91 101
91 102
91 103
91 104
91 112
91 113
91 115
92 92
92 93
92 97
92 99
92 100
92 101
92 102
92 103
92 104
92 105
92 108
92 111
92 112
92 113
92 115
93 93
93 95
93 97
93 99
93 100
93 101
93 102
93 103
93 104
93 105
93 107
93 108
93 109
93 112
93 113
93 115
94 94
94 95
94 97
94 99
94 105
94 108
94 109
94 110
94 111
94 112
94 113
94 114
94 115
95 95
95 96
95 97
95 98
95 99
95 100
95 101
95 102
95 103
95 104
95 105
95 108
95 109
95 110
95 111
95 112
95 113
95 114
95 115
96 96
96 97
96 98
96 99
96 101
96 105
96 110
96 111
96 112
96 113
96 114
96 115
97 97
97 98
97 99
97 100
97 101
97 102
97 103
97 104
97 105
97 108
97 109
97 110
97 111
97 112
97 113
97 114
97 115
98 98
98 99
98 101
98 105
98 109
98 110
98 111
98 112
98 113
98 114
98 115
99 99
99 101
99 102
99 103
99 104
99 105
99 109
99 110
99 111
99 112
99 113
99 114
99 115
100 100
100 101
100 102
100 103
100 105
100 108
100 111
100 113
100 114
100 115
101 101
101 102
101 103
101 104
101 105
101 106
101 108
101 109
101 111
101 112
101 113
101 114
101 115
102 102
102 103
102 104
102 105
102 106
102 107
102 108
102 112
102 113
102 114
102 115
103 103
103 104
103 105
103 106
103 107
103 108
103 109
103 111
103 112
103 113
103 115
104 104
104 105
104 106
104 107
104 108
104 112
104 113
104 115
105 105
105 108
105 109
105 111
105 112
105 113
105 114
105 115
106 106
107 107
108 108
108 110
108 111
109 109
109 110
109 111
109 112
109 113
109 114
109 115
110 110
110 111
110 112
110 114
110 115
111 111
111 112
111 113
111 114
111 115
112 112
112 113
112 114
112 115
113 113
113 114
113 115
114 114
114 115
115 115
