0 0
0 1
0 10
0 12
0 16
0 17
0 18
0 19
0 28
0 32
0 33
0 54
0 55
0 56
0 57
0 58
0 60
0 61
0 62
0 63
0 68
0 69
0 72
0 78
0 79
0 80
0 81
0 85
1 1
1 10
1 11
1 13
1 16
1 17
1 19
1 32
1 48
1 51
1 55
1 56
1 57
1 58
1 59
1 60
1 61
1 62
1 63
1 68
1 69
1 79
1 80
1 89
2 2
2 4
2 6
2 12
2 22
2 24
2 25
2 38
2 39
2 42
2 43
2 50
2 65
2 105
3 3
3 6
3 7
3 9
3 13
3 15
3 18
3 22
3 23
3 25
3 30
3 31
3 35
3 64
3 65
3 85
3 86
3 87
3 89
3 90
3 92
4 4
4 5
4 8
4 9
4 12
4 14
4 20
4 21
4 22
4 24
4 25
4 26
4 27
4 38
4 50
4 51
4 58
4 64
4 66
4 67
4 69
4 86
4 88
4 89
4 91
4 93
4 104
5 5
5 9
5 20
5 21
5 24
5 25
5 26
5 27
5 37
5 38
5 39
5 50
5 51
5 54
5 65
5 67
5 93
5 103
6 6
6 7
6 8
6 12
6 18
6 19
6 22
6 23
6 28
6 29
6 30
6 31
6 33
6 35
6 60
6 63
6 64
6 82
6 83
6 88
6 91
7 7
7 9
7 11
7 13
7 15
7 23
7 35
7 60
7 61
7 65
7 67
7 90
7 91
7 92
8 8
8 9
8 12
8 13
8 14
8 15
8 20
8 22
8 23
8 24
8 25
8 26
8 27
8 30
8 31
8 60
8 64
8 69
8 70
8 84
8 86
8 88
8 89
8 91
8 93
9 9
9 11
9 13
9 15
9 23
9 25
9 26
9 27
9 35
9 50
9 61
9 64
9 65
9 67
9 88
9 89
9 90
9 91
9 92
9 93
9 104
10 10
10 11
10 12
10 14
10 16
10 32
10 60
10 62
10 74
10 76
10 101
10 102
10 104
10 113
10 114
11 11
11 12
11 13
11 18
11 19
11 29
11 60
11 61
11 83
11 85
11 89
11 91
11 92
11 104
11 113
11 114
12 12
12 13
12 14
12 24
12 60
12 73
12 93
13 13
13 15
13 23
13 35
13 52
13 60
13 61
13 63
13 65
13 74
13 89
13 90
13 91
13 92
13 100
14 14
14 15
14 20
14 21
14 22
14 24
14 26
14 27
14 28
14 30
14 38
14 64
14 82
14 84
14 86
14 88
14 89
14 93
15 15
15 21
15 22
15 23
15 24
15 25
15 26
15 27
15 31
15 64
15 74
15 83
15 86
15 88
15 89
15 90
15 92
15 93
16 16
16 17
16 18
16 19
16 28
16 29
16 32
16 33
16 40
16 54
16 56
16 57
16 60
16 61
16 62
16 63
16 69
16 72
16 78
16 79
16 80
16 81
16 82
16 83
16 85
17 17
17 18
17 19
17 28
17 29
17 32
17 33
17 40
17 56
17 57
17 60
17 62
17 63
17 72
17 78
17 79
17 80
17 81
17 82
17 83
17 85
17 95
18 18
18 19
18 28
18 29
18 32
18 33
18 40
18 56
18 60
18 62
18 63
18 68
18 69
18 72
18 78
18 80
18 81
18 82
18 83
18 84
18 85
18 88
19 19
19 28
19 29
19 32
19 33
19 40
19 56
19 57
19 62
19 63
19 68
19 69
19 72
19 78
19 79
19 80
19 81
19 82
19 83
19 84
19 85
19 88
19 109
20 20
20 21
20 22
20 24
20 25
20 26
20 27
20 30
20 31
20 38
20 39
20 40
20 64
20 69
20 70
20 78
20 86
20 88
20 103
20 105
20 107
20 113
20 115
21 21
21 24
21 25
21 26
21 27
21 31
21 38
21 39
21 40
21 64
21 71
21 78
21 83
21 94
21 108
21 115
22 22
22 23
22 24
22 25
22 26
22 27
22 30
22 31
22 38
22 42
22 64
22 69
22 74
22 75
22 82
22 84
22 86
22 87
22 88
22 93
22 105
23 23
23 25
23 27
23 30
23 31
23 64
23 70
23 71
23 73
23 75
23 88
23 89
23 90
23 91
23 92
23 93
23 103
23 104
23 105
23 115
24 24
24 25
24 26
24 27
24 30
24 31
24 37
24 38
24 64
24 75
24 78
24 84
24 86
24 88
24 93
24 103
24 104
24 105
25 25
25 26
25 27
25 30
25 31
25 35
25 37
25 38
25 39
25 41
25 42
25 64
25 67
25 71
25 75
25 92
25 93
25 103
25 105
26 26
26 27
26 38
26 57
26 64
26 69
26 86
26 88
26 89
26 93
26 108
26 113
26 115
27 27
27 30
27 31
27 37
27 38
27 39
27 54
27 64
27 84
27 86
27 88
27 89
27 93
27 105
27 113
27 115
28 28
28 29
28 30
28 31
28 32
28 33
28 36
28 38
28 40
28 56
28 57
28 62
28 63
28 72
28 74
28 78
28 79
28 80
28 81
28 82
28 83
28 84
28 85
29 29
29 30
29 31
29 33
29 35
29 36
29 40
29 62
29 71
29 72
29 73
29 75
29 77
29 78
29 80
29 81
29 82
29 83
29 84
29 85
29 95
30 30
30 31
30 38
30 40
30 41
30 64
30 70
30 71
30 72
30 73
30 74
30 75
30 78
30 82
30 83
30 84
30 88
30 93
30 105
31 31
31 35
31 38
31 40
31 64
31 70
31 71
31 73
31 75
31 82
31 83
31 84
31 87
31 88
31 93
31 105
32 32
32 33
32 34
32 39
32 40
32 54
32 55
32 56
32 57
32 60
32 62
32 63
32 72
32 78
32 79
32 80
32 81
32 85
32 94
32 96
32 97
32 106
32 107
32 109
32 110
33 33
33 38
33 39
33 40
33 56
33 57
33 60
33 62
33 63
33 68
33 69
33 72
33 77
33 78
33 79
33 80
33 81
33 82
33 83
33 85
33 94
33 95
33 97
33 107
33 109
34 34
34 35
34 40
34 54
34 72
34 74
34 77
34 83
34 86
34 96
34 97
34 99
34 109
34 110
35 35
35 45
35 61
35 64
35 65
35 67
35 83
35 88
35 92
36 36
36 37
36 38
36 39
36 40
36 41
36 62
36 70
36 72
36 73
36 74
36 75
36 76
36 77
36 78
36 79
36 80
36 81
36 82
36 83
36 85
36 87
36 96
36 103
36 109
37 37
37 38
37 39
37 41
37 71
37 74
37 75
37 76
37 77
37 79
37 96
37 100
37 110
38 38
38 39
38 40
38 41
38 54
38 57
38 64
38 72
38 78
38 79
38 82
38 84
38 86
38 87
38 88
38 96
39 39
39 40
39 41
39 54
39 55
39 77
39 78
39 79
39 87
39 94
39 95
39 96
39 97
39 99
39 109
39 110
40 40
40 41
40 57
40 62
40 68
40 72
40 78
40 79
40 80
40 81
40 82
40 83
40 84
40 85
40 86
40 87
40 96
40 109
41 41
41 70
41 71
41 72
41 73
41 74
41 75
41 76
41 77
41 81
41 96
42 42
42 43
42 44
42 45
42 46
42 47
42 49
42 50
42 51
42 52
42 53
42 55
42 75
42 77
42 90
42 91
42 92
42 93
42 96
42 98
42 99
42 103
42 104
42 105
42 110
42 111
42 112
42 113
43 43
43 44
43 45
43 46
43 47
43 48
43 49
43 50
43 51
43 52
43 53
43 55
43 90
43 96
43 98
43 99
43 103
43 105
43 110
43 111
43 112
44 44
44 45
44 46
44 47
44 48
44 49
44 50
44 51
44 52
44 53
44 55
44 58
44 59
44 66
44 67
44 90
44 98
44 101
44 102
44 112
45 45
45 46
45 47
45 48
45 49
45 50
45 51
45 52
45 53
45 55
45 67
45 90
45 104
45 105
45 111
45 112
46 46
46 47
46 48
46 49
46 50
46 51
46 52
46 53
46 54
46 55
46 58
46 59
46 79
46 90
46 96
46 98
46 99
46 110
46 111
47 47
47 48
47 49
47 50
47 51
47 52
47 53
47 55
47 90
47 96
47 98
47 99
47 106
47 110
47 111
48 48
48 49
48 50
48 51
48 52
48 53
48 54
48 55
48 58
48 59
48 60
48 61
48 65
48 66
48 67
48 90
48 98
48 100
48 101
48 102
48 104
49 49
49 50
49 51
49 52
49 53
49 55
49 58
49 59
49 66
49 98
49 99
49 101
49 112
50 50
50 51
50 52
50 53
50 54
50 55
50 58
50 59
50 65
50 66
50 67
50 89
50 90
50 91
50 98
50 99
50 101
50 103
50 104
51 51
51 52
51 53
51 55
51 58
51 59
51 61
51 67
51 89
51 90
51 91
51 98
51 99
51 101
51 104
52 52
52 53
52 54
52 55
52 58
52 59
52 60
52 61
52 90
52 98
52 102
53 53
53 55
53 59
53 61
53 90
53 98
53 99
54 54
54 55
54 58
54 59
54 60
54 61
54 79
54 86
54 96
54 97
54 98
54 110
55 55
55 58
55 59
55 79
55 96
55 97
55 98
55 99
55 110
56 56
56 57
56 58
56 60
56 62
56 63
56 68
56 69
56 70
56 72
56 78
56 79
56 80
56 81
56 85
57 57
57 58
57 59
57 60
57 63
57 66
57 68
57 69
57 72
57 78
57 79
57 80
57 81
57 84
57 88
57 108
58 58
58 59
58 60
58 61
58 63
58 65
58 66
58 67
58 68
58 89
58 101
59 59
59 60
59 61
59 63
59 66
59 67
59 89
59 98
59 101
59 106
60 60
60 61
60 62
60 63
60 65
60 66
60 69
60 89
60 108
61 61
61 62
61 63
61 65
61 89
61 98
61 100
62 62
62 63
62 66
62 72
62 78
62 80
62 81
62 82
62 83
62 85
62 101
63 63
63 68
63 69
63 72
63 78
63 79
63 80
63 81
63 82
63 85
63 95
64 64
64 82
64 84
64 86
64 88
64 89
64 91
64 92
64 93
65 65
65 67
65 89
65 90
65 92
65 107
66 66
66 67
66 101
66 110
67 67
67 90
67 91
67 92
67 100
67 102
67 103
67 104
67 110
67 113
68 68
68 69
68 78
68 80
68 81
68 84
68 86
68 88
69 69
69 78
69 79
69 80
69 84
69 88
69 105
70 70
70 71
70 73
70 74
70 75
70 76
70 77
71 71
71 73
71 75
71 76
71 77
71 103
71 105
72 72
72 73
72 74
72 75
72 77
72 78
72 79
72 80
72 81
72 82
72 83
72 84
72 85
72 96
72 97
73 73
73 74
73 75
73 76
73 77
73 92
73 93
73 103
73 105
74 74
74 75
74 76
74 77
74 86
74 92
74 93
74 100
74 102
74 114
75 75
75 76
75 77
75 83
75 92
75 93
75 103
75 104
75 105
75 113
75 114
76 76
76 77
76 92
76 99
76 102
76 103
76 104
76 110
76 113
76 114
77 77
77 83
77 87
77 91
77 92
77 96
77 97
77 99
77 102
77 109
77 110
78 78
78 79
78 80
78 81
78 82
78 84
78 85
78 94
78 95
79 79
79 80
79 81
79 84
79 85
79 94
79 96
79 97
79 109
80 80
80 81
80 82
80 83
80 84
80 85
80 94
80 95
80 97
80 109
81 81
81 82
81 83
81 84
81 85
81 86
81 94
81 109
82 82
82 83
82 84
82 85
82 86
82 87
82 88
82 109
83 83
83 84
83 85
83 86
83 109
84 84
84 85
84 86
84 87
84 88
85 85
86 86
86 87
86 88
86 109
87 87
87 96
87 97
87 99
87 109
88 88
88 89
88 93
89 89
90 90
90 91
90 92
90 93
90 98
90 99
90 100
90 102
90 104
90 111
90 113
91 91
91 92
91 93
91 99
91 100
91 101
91 102
91 103
91 104
91 111
91 112
91 113
92 92
92 93
92 99
92 100
92 102
92 111
92 113
92 115
93 93
93 99
93 100
93 101
93 102
93 103
93 104
93 105
93 111
93 112
93 113
93 114
94 94
94 95
94 96
94 97
94 106
94 107
94 109
95 95
95 97
95 109
96 96
96 97
96 98
96 99
96 109
96 110
97 97
97 98
97 99
97 109
97 110
97 114
98 98
98 99
98 101
98 102
98 110
98 111
98 113
99 99
99 102
99 103
99 104
99 110
99 111
99 113
99 114
99 115
100 100
100 101
100 102
100 110
101 101
101 102
101 103
101 104
101 112
101 113
102 102
102 103
102 104
102 110
102 112
102 113
102 114
103 103
103 104
103 105
103 107
103 112
103 113
103 114
103 115
104 104
104 105
104 107
104 112
104 113
104 114
104 115
105 105
105 107
105 108
105 111
105 112
105 113
105 114
105 115
106 106
106 107
107 107
107 113
108 108
109 109
110 110
110 111
111 111
111 112
111 113
111 114
111 115
112 112
112 113
112 114
112 115
113 113
113 114
113 115
114 114
114 115
115 115
