0 0
0 1
0 10
0 14
0 16
0 17
0 19
0 28
0 32
0 56
0 57
0 58
0 62
0 63
0 68
0 69
0 80
0 84
0 86
0 99
0 111
0 112
1 1
1 16
1 17
1 19
1 28
1 29
1 32
1 33
1 52
1 56
1 57
1 58
1 59
1 61
1 62
1 63
1 66
1 68
1 69
1 78
1 79
1 80
1 81
1 111
2 2
2 4
2 6
2 7
2 12
2 22
2 24
2 25
2 27
2 30
2 31
2 48
2 67
2 70
2 71
2 73
2 75
2 77
2 93
2 101
2 103
2 110
3 3
3 4
3 5
3 7
3 8
3 9
3 11
3 14
3 15
3 18
3 19
3 22
3 23
3 25
3 27
3 31
3 64
3 65
3 69
3 83
3 84
3 85
3 87
3 88
3 90
3 92
3 93
3 104
3 105
3 114
3 115
4 4
4 5
4 6
4 7
4 8
4 9
4 11
4 12
4 14
4 15
4 20
4 23
4 24
4 25
4 26
4 27
4 64
4 65
4 82
4 85
4 87
4 88
4 89
4 90
4 92
4 93
4 113
5 5
5 6
5 7
5 8
5 9
5 12
5 13
5 14
5 15
5 20
5 21
5 23
5 24
5 25
5 26
5 27
5 35
5 60
5 64
5 65
5 82
5 88
5 90
5 92
5 93
6 6
6 7
6 8
6 9
6 12
6 24
6 30
6 31
6 35
6 58
6 60
6 64
6 65
6 66
6 67
6 73
6 75
6 93
6 101
7 7
7 8
7 9
7 13
7 23
7 31
7 58
7 60
7 64
7 65
7 67
7 88
7 92
7 93
7 103
7 113
8 8
8 9
8 10
8 11
8 12
8 14
8 15
8 23
8 26
8 60
8 61
8 64
8 65
8 82
8 85
8 88
8 89
8 90
8 92
8 93
9 9
9 11
9 13
9 14
9 15
9 23
9 60
9 61
9 64
9 65
9 83
9 85
9 88
9 89
9 90
9 92
9 93
9 103
9 113
9 115
10 10
10 11
10 12
10 13
10 14
10 15
10 19
10 22
10 23
10 25
10 26
10 27
10 28
10 38
10 75
10 82
10 83
10 84
10 85
10 86
10 87
10 88
10 100
11 11
11 12
11 13
11 14
11 15
11 19
11 23
11 28
11 29
11 69
11 75
11 76
11 82
11 83
11 84
11 85
11 86
11 87
11 88
11 89
11 92
11 106
12 12
12 13
12 14
12 15
12 22
12 24
12 25
12 26
12 28
12 34
12 38
12 60
12 65
12 75
12 82
12 84
12 85
12 86
12 88
12 93
12 100
13 13
13 14
13 15
13 17
13 20
13 28
13 29
13 31
13 38
13 70
13 75
13 76
13 82
13 83
13 85
13 86
13 87
13 92
13 100
14 14
14 15
14 19
14 22
14 23
14 25
14 26
14 27
14 28
14 38
14 69
14 82
14 83
14 84
14 85
14 86
14 87
14 88
14 89
14 90
14 92
14 93
14 100
14 105
15 15
15 19
15 23
15 25
15 28
15 29
15 31
15 64
15 65
15 82
15 83
15 84
15 85
15 86
15 87
15 88
15 90
15 92
15 115
16 16
16 17
16 28
16 32
16 33
16 56
16 57
16 58
16 60
16 62
16 63
16 66
16 68
16 72
16 78
16 79
16 80
16 81
16 99
16 109
16 111
17 17
17 18
17 19
17 28
17 29
17 32
17 33
17 53
17 56
17 57
17 62
17 63
17 68
17 72
17 78
17 79
17 80
17 81
17 82
17 86
17 108
17 111
18 18
18 19
18 22
18 23
18 30
18 31
18 34
18 68
18 69
18 84
18 108
19 19
19 22
19 23
19 28
19 31
19 40
19 53
19 56
19 57
19 68
19 69
19 74
19 82
19 83
19 84
19 86
19 87
19 90
19 108
20 20
20 21
20 24
20 25
20 26
20 27
20 35
20 37
20 38
20 39
20 40
20 41
20 70
20 82
20 83
20 87
21 21
21 24
21 25
21 26
21 27
21 28
21 30
21 38
21 39
21 40
21 41
21 47
21 70
21 71
21 72
21 82
21 87
21 94
21 108
21 110
22 22
22 23
22 24
22 25
22 26
22 27
22 30
22 31
22 34
22 38
22 40
22 70
22 73
22 77
22 82
22 83
22 84
22 85
22 87
22 88
22 93
22 94
22 104
22 105
22 108
23 23
23 25
23 27
23 30
23 31
23 34
23 64
23 65
23 69
23 77
23 83
23 84
23 85
23 87
23 88
23 90
23 91
23 92
23 93
23 104
23 105
23 114
23 115
24 24
24 25
24 26
24 27
24 30
24 34
24 35
24 60
24 65
24 67
24 93
24 110
25 25
25 26
25 27
25 30
25 31
25 34
25 82
25 88
25 90
25 92
25 93
25 104
25 110
26 26
26 27
26 28
26 34
26 37
26 38
26 39
26 40
26 41
26 82
26 83
26 86
26 87
26 108
26 112
27 27
27 30
27 31
27 34
27 37
27 38
27 39
27 40
27 41
27 55
27 70
27 82
27 85
27 86
27 87
27 88
27 93
27 94
27 97
27 105
27 107
27 108
27 110
27 114
28 28
28 29
28 38
28 40
28 62
28 63
28 72
28 75
28 76
28 78
28 80
28 81
28 82
28 83
28 84
28 86
28 87
29 29
29 33
29 36
29 61
29 62
29 63
29 72
29 74
29 75
29 76
29 78
29 79
29 80
29 81
29 83
29 86
30 30
30 31
30 38
30 70
30 71
30 72
30 73
30 74
30 75
30 76
30 77
30 83
30 94
30 100
30 101
30 110
31 31
31 40
31 70
31 71
31 73
31 74
31 75
31 77
31 83
31 85
31 88
31 90
31 92
31 93
31 94
31 100
32 32
32 33
32 42
32 43
32 47
32 48
32 56
32 57
32 58
32 66
32 68
32 71
32 72
32 73
32 74
32 78
32 79
32 95
32 96
32 98
32 99
32 108
32 109
32 110
33 33
33 56
33 58
33 60
33 61
33 62
33 63
33 66
33 67
33 72
33 74
33 76
33 78
33 79
33 80
33 81
33 95
33 101
33 102
33 113
34 34
34 35
34 84
34 86
34 88
34 108
34 109
35 35
35 42
35 43
35 44
35 45
35 65
35 67
35 81
36 36
36 37
36 38
36 39
36 40
36 41
36 46
36 47
36 70
36 72
36 73
36 74
36 75
36 76
36 77
36 80
36 94
36 96
36 101
36 104
36 113
37 37
37 38
37 39
37 40
37 41
37 46
37 55
37 70
37 73
37 75
37 76
37 77
37 82
37 83
37 87
37 90
37 94
37 97
37 101
37 102
37 104
37 105
37 107
37 110
37 113
37 114
38 38
38 39
38 40
38 41
38 47
38 55
38 70
38 72
38 73
38 74
38 75
38 76
38 77
38 82
38 83
38 86
38 87
38 94
38 108
38 110
38 112
39 39
39 40
39 41
39 43
39 46
39 47
39 55
39 57
39 70
39 77
39 79
39 82
39 87
39 94
39 97
39 105
39 108
39 110
39 114
40 40
40 41
40 68
40 70
40 72
40 73
40 74
40 75
40 76
40 77
40 82
40 83
40 87
40 94
40 108
41 41
41 70
41 73
41 74
41 75
41 77
41 82
41 83
41 87
41 94
41 97
41 105
41 107
41 114
42 42
42 43
42 44
42 45
42 46
42 47
42 48
42 49
42 50
42 51
42 53
42 55
42 66
42 67
42 71
42 91
42 96
42 98
42 99
42 110
42 111
42 112
43 43
43 44
43 45
43 46
43 47
43 48
43 49
43 50
43 51
43 55
43 66
43 67
43 70
43 71
43 72
43 94
43 95
43 96
43 97
43 98
43 99
43 106
43 109
43 110
44 44
44 45
44 46
44 47
44 48
44 49
44 50
44 51
44 53
44 55
44 59
44 63
44 66
44 67
44 80
44 81
44 98
44 99
44 111
44 112
45 45
45 46
45 47
45 49
45 51
45 55
45 67
45 81
45 98
45 99
45 111
46 46
46 47
46 48
46 49
46 50
46 51
46 53
46 55
46 57
46 68
46 79
46 94
46 96
46 97
46 98
46 99
46 111
46 112
47 47
47 48
47 49
47 50
47 51
47 53
47 55
47 70
47 71
47 91
47 94
47 95
47 96
47 97
47 98
47 99
47 109
47 110
47 111
47 112
48 48
48 49
48 50
48 51
48 52
48 54
48 55
48 59
48 66
48 67
48 91
48 96
48 97
48 98
48 106
48 110
49 49
49 51
49 53
49 55
49 57
49 59
49 86
49 90
49 91
49 98
49 99
49 107
49 108
49 111
50 50
50 51
50 52
50 54
50 55
50 59
50 91
50 96
50 106
51 51
51 52
51 53
51 55
51 59
51 90
51 91
51 98
51 99
51 111
52 52
52 53
52 58
52 59
52 61
52 62
52 63
52 66
52 68
52 80
52 89
52 98
52 102
52 104
52 106
52 115
53 53
53 55
53 57
53 68
53 79
53 86
53 87
53 90
53 98
53 99
53 111
53 112
53 115
54 54
54 55
54 79
54 89
54 96
54 97
54 109
54 110
55 55
55 57
55 68
55 79
55 86
55 89
55 91
55 94
55 95
55 96
55 97
55 98
55 99
55 108
55 109
55 110
55 111
55 114
56 56
56 57
56 58
56 59
56 62
56 63
56 66
56 68
56 69
56 78
56 79
56 80
56 81
56 86
56 97
56 99
56 108
56 111
57 57
57 58
57 59
57 61
57 63
57 68
57 69
57 79
57 80
57 81
57 98
57 99
57 108
57 111
58 58
58 59
58 60
58 61
58 62
58 63
58 64
58 65
58 66
58 67
58 68
58 78
58 80
58 81
58 102
58 103
58 113
59 59
59 60
59 61
59 62
59 63
59 66
59 78
59 80
59 81
59 98
59 99
59 102
59 103
59 113
60 60
60 61
60 62
60 63
60 64
60 65
60 66
60 78
60 80
60 81
60 102
60 113
61 61
61 62
61 63
61 64
61 65
61 78
61 80
61 81
61 89
62 62
62 63
62 64
62 66
62 68
62 72
62 78
62 80
62 81
62 102
63 63
63 66
63 68
63 72
63 78
63 80
63 81
63 102
64 64
64 65
64 85
64 88
64 92
64 93
64 113
65 65
65 67
65 85
65 88
65 89
65 92
65 113
66 66
66 67
66 72
66 78
66 80
66 81
66 98
66 99
66 101
66 102
66 103
66 110
67 67
67 93
67 101
67 103
67 106
67 110
68 68
68 69
68 78
68 79
68 80
68 86
68 99
68 102
68 111
69 69
69 79
69 84
69 85
69 86
69 88
69 89
69 103
69 104
69 105
69 114
70 70
70 71
70 72
70 73
70 74
70 75
70 76
70 77
70 91
70 94
70 95
70 96
70 101
70 108
70 110
71 71
71 72
71 73
71 74
71 75
71 77
71 94
71 95
71 96
71 103
71 110
72 72
72 73
72 74
72 75
72 76
72 77
72 78
72 80
72 81
72 95
72 99
72 101
72 108
72 110
73 73
73 74
73 75
73 76
73 77
73 101
73 110
74 74
74 75
74 76
74 77
74 78
74 95
74 96
74 105
74 109
75 75
75 76
75 77
75 92
75 100
76 76
76 77
76 78
76 96
76 97
76 105
76 109
76 113
77 77
77 82
77 92
77 94
77 96
77 103
77 105
77 109
77 110
77 114
78 78
78 79
78 80
78 81
79 79
79 80
79 81
79 86
79 89
79 99
79 108
79 111
80 80
80 81
80 98
80 99
80 101
80 102
80 111
81 81
81 98
81 111
82 82
82 83
82 84
82 85
82 86
82 87
82 90
82 100
82 112
83 83
83 84
83 85
83 86
83 87
83 88
83 90
83 92
83 100
83 112
84 84
84 85
84 86
84 87
84 88
85 85
85 87
85 88
85 89
85 92
85 105
85 108
86 86
86 87
86 89
86 90
86 105
86 111
87 87
87 89
87 90
87 94
87 108
88 88
88 89
88 90
88 92
88 93
89 89
89 97
90 90
90 91
90 92
90 93
90 101
90 114
90 115
91 91
91 92
91 93
91 99
91 103
91 114
92 92
92 93
92 100
92 105
92 106
92 113
92 114
92 115
93 93
93 100
93 101
93 102
93 103
93 104
93 106
93 113
93 114
94 94
94 95
94 96
94 97
94 99
94 108
94 110
94 114
94 115
95 95
95 96
95 97
95 99
95 108
95 110
96 96
96 97
96 98
96 99
96 109
96 110
96 111
97 97
97 99
97 104
97 109
97 110
97 111
97 114
98 98
98 99
98 110
98 111
98 112
98 115
99 99
99 110
99 111
99 112
100 100
100 101
100 102
100 113
101 101
101 102
101 103
101 104
101 112
101 114
102 102
102 103
102 104
102 106
102 113
103 103
103 104
103 110
103 113
104 104
104 105
104 106
104 114
104 115
105 105
105 109
105 114
106 106
107 107
107 114
107 115
108 108
109 109
109 110
109 113
110 110
111 111
111 112
112 112
112 115
113 113
114 114
114 115
115 115
