0 0
0 1
0 10
0 11
0 12
0 13
0 15
0 16
0 19
0 28
0 29
0 32
0 56
0 57
0 58
0 59
0 60
0 61
0 62
0 63
0 68
0 80
1 1
1 11
1 13
1 16
1 19
1 29
1 32
1 48
1 51
1 52
1 53
1 55
1 56
1 57
1 58
1 59
1 61
1 62
1 63
1 66
1 68
1 72
1 79
1 80
1 95
2 2
2 3
2 4
2 6
2 7
2 18
2 19
2 20
2 22
2 25
2 26
2 30
2 31
2 33
2 67
2 71
2 74
2 75
2 91
2 92
2 93
2 101
2 102
2 103
2 105
2 111
2 113
2 114
3 3
3 5
3 7
3 14
3 18
3 19
3 22
3 23
3 25
3 26
3 30
3 31
3 33
3 64
3 70
3 71
3 74
3 75
3 82
3 83
3 88
3 91
3 92
3 93
3 108
3 113
4 4
4 5
4 6
4 8
4 9
4 12
4 14
4 15
4 22
4 26
4 27
4 34
4 35
4 60
4 64
4 65
4 67
4 82
4 84
4 86
4 88
4 91
4 92
4 93
5 5
5 8
5 14
5 18
5 20
5 21
5 22
5 23
5 25
5 26
5 27
5 31
5 36
5 38
5 39
5 64
5 77
5 82
5 84
5 85
5 86
5 88
5 91
5 93
5 94
6 6
6 7
6 8
6 9
6 10
6 11
6 12
6 13
6 14
6 15
6 19
6 35
6 60
6 64
6 65
6 67
6 84
6 92
7 7
7 8
7 9
7 10
7 11
7 12
7 13
7 15
7 19
7 28
7 60
7 62
7 65
7 80
7 92
8 8
8 9
8 10
8 11
8 12
8 13
8 14
8 15
8 26
8 27
8 34
8 35
8 60
8 64
8 65
8 84
8 86
8 88
8 89
8 90
8 91
8 92
8 93
9 9
9 10
9 11
9 12
9 13
9 14
9 15
9 34
9 35
9 60
9 61
9 62
9 64
9 65
9 84
9 88
9 89
9 90
9 92
10 10
10 11
10 12
10 13
10 14
10 15
10 16
10 18
10 19
10 28
10 32
10 56
10 60
10 62
10 82
10 84
11 11
11 12
11 13
11 15
11 60
11 61
11 85
11 89
12 12
12 13
12 14
12 15
12 18
12 19
12 28
12 35
12 60
12 62
12 64
12 80
12 82
12 84
12 88
12 89
12 92
13 13
13 14
13 15
13 16
13 19
13 28
13 32
13 56
13 58
13 60
13 61
13 62
13 63
13 65
13 80
13 89
14 14
14 15
14 18
14 19
14 22
14 23
14 26
14 27
14 31
14 34
14 35
14 38
14 39
14 64
14 81
14 82
14 84
14 85
14 86
14 87
14 88
14 89
14 92
14 93
15 15
15 16
15 19
15 28
15 60
15 61
15 64
15 65
15 80
15 82
15 84
15 89
15 92
16 16
16 17
16 28
16 29
16 32
16 33
16 40
16 56
16 60
16 62
16 63
16 68
16 72
16 78
16 80
16 81
16 82
16 83
17 17
17 28
17 29
17 32
17 33
17 40
17 56
17 57
17 62
17 63
17 72
17 73
17 78
17 79
17 80
17 81
17 95
18 18
18 19
18 20
18 22
18 26
18 28
18 31
18 38
18 39
18 70
18 72
18 74
18 75
18 76
18 82
18 83
18 84
18 88
19 19
19 20
19 26
19 28
19 29
19 32
19 33
19 39
19 40
19 56
19 57
19 63
19 68
19 69
19 70
19 72
19 74
19 75
19 76
19 77
19 78
19 79
19 80
19 81
19 82
19 83
20 20
20 21
20 22
20 23
20 24
20 25
20 26
20 27
20 29
20 30
20 31
20 34
20 37
20 38
20 39
20 40
20 41
20 70
20 73
20 74
20 75
20 77
20 81
20 93
20 113
21 21
21 22
21 23
21 24
21 25
21 27
21 30
21 31
21 33
21 37
21 38
21 39
21 41
21 64
21 70
21 71
21 73
21 74
21 77
21 86
21 87
21 88
21 101
22 22
22 23
22 24
22 25
22 26
22 27
22 30
22 31
22 34
22 35
22 37
22 38
22 39
22 41
22 64
22 70
22 71
22 75
22 84
22 85
22 86
22 88
22 91
22 92
22 93
22 101
22 103
22 104
22 105
22 113
22 114
23 23
23 24
23 25
23 26
23 27
23 30
23 31
23 35
23 37
23 38
23 39
23 64
23 70
23 71
23 84
23 85
23 86
23 87
23 88
23 92
23 93
23 101
23 103
23 105
23 114
24 24
24 25
24 26
24 27
24 30
24 31
24 37
24 38
24 39
24 70
24 71
24 75
24 77
24 87
24 88
24 93
24 96
24 101
24 103
24 104
24 105
24 107
24 111
24 113
24 114
25 25
25 26
25 27
25 30
25 31
25 35
25 37
25 38
25 39
25 41
25 64
25 70
25 71
25 75
25 88
25 92
25 93
25 101
25 103
25 104
25 105
25 113
25 114
26 26
26 27
26 30
26 31
26 34
26 35
26 38
26 39
26 64
26 75
26 81
26 82
26 84
26 86
26 88
26 91
26 92
26 93
26 101
26 103
26 105
26 113
26 114
27 27
27 31
27 34
27 35
27 38
27 39
27 41
27 54
27 64
27 73
27 84
27 85
27 86
27 88
27 93
27 104
27 105
27 114
28 28
28 29
28 32
28 33
28 40
28 56
28 62
28 63
28 68
28 72
28 74
28 76
28 78
28 79
28 80
28 81
28 82
28 83
29 29
29 32
29 36
29 40
29 41
29 56
29 62
29 63
29 66
29 68
29 72
29 73
29 74
29 76
29 77
29 78
29 79
29 80
29 81
29 82
29 83
30 30
30 31
30 33
30 38
30 70
30 71
30 74
30 75
30 83
30 87
30 88
30 93
30 101
30 103
30 105
30 110
30 111
30 113
30 114
31 31
31 33
31 35
31 38
31 39
31 64
31 70
31 71
31 75
31 76
31 77
31 81
31 83
31 84
31 86
31 87
31 88
31 93
31 101
31 103
31 104
31 105
31 108
31 110
31 111
31 113
31 114
32 32
32 33
32 40
32 56
32 57
32 59
32 62
32 63
32 66
32 68
32 72
32 76
32 78
32 79
32 80
32 81
32 83
32 106
33 33
33 35
33 38
33 39
33 40
33 56
33 57
33 62
33 63
33 64
33 71
33 72
33 74
33 75
33 76
33 78
33 79
33 80
33 81
33 82
33 83
34 34
34 35
34 64
34 65
34 67
34 69
34 70
34 74
34 81
34 82
34 84
34 85
34 86
34 88
34 89
34 92
34 93
34 103
34 104
34 105
34 111
35 35
35 60
35 64
35 65
35 67
35 69
35 78
35 80
35 81
35 82
35 84
35 86
35 88
35 92
35 93
35 114
36 36
36 38
36 40
36 41
36 56
36 76
36 77
36 78
36 80
36 81
36 82
36 83
36 108
37 37
37 38
37 39
37 40
37 41
37 54
37 70
37 71
37 73
37 77
37 86
37 89
37 96
38 38
38 39
38 40
38 41
38 54
38 70
38 71
38 73
38 74
38 75
38 76
38 77
38 78
38 81
38 82
38 83
38 84
38 86
38 88
38 93
38 101
38 108
38 113
39 39
39 40
39 41
39 70
39 73
39 74
39 76
39 77
39 78
39 79
39 81
39 82
39 86
39 88
39 94
39 95
39 97
39 108
39 109
40 40
40 41
40 56
40 57
40 70
40 72
40 73
40 74
40 75
40 76
40 77
40 78
40 79
40 80
40 81
40 82
40 83
40 95
40 108
41 41
41 57
41 70
41 71
41 73
41 74
41 76
41 77
41 81
41 108
42 42
42 43
42 44
42 45
42 46
42 47
42 48
42 49
42 50
42 51
42 52
42 53
42 55
42 58
42 66
42 96
42 98
42 99
43 43
43 44
43 45
43 46
43 47
43 48
43 49
43 50
43 51
43 52
43 53
43 55
43 58
43 66
43 96
43 98
43 99
44 44
44 45
44 46
44 47
44 48
44 49
44 50
44 51
44 52
44 53
44 55
44 58
44 59
44 61
44 66
44 67
44 90
44 96
44 98
44 99
45 45
45 46
45 47
45 48
45 49
45 50
45 51
45 55
45 65
45 67
45 90
45 98
46 46
46 47
46 48
46 49
46 50
46 51
46 52
46 53
46 54
46 55
46 58
46 59
46 61
46 66
46 90
46 96
46 98
46 99
47 47
47 48
47 49
47 50
47 51
47 52
47 53
47 54
47 55
47 58
47 59
47 61
47 66
47 90
47 96
47 98
47 99
47 115
48 48
48 49
48 50
48 51
48 52
48 53
48 55
48 58
48 59
48 61
48 66
48 90
48 96
48 98
48 99
48 115
49 49
49 50
49 51
49 52
49 53
49 55
49 58
49 59
49 61
49 66
49 67
49 90
49 96
49 98
49 99
49 100
49 115
50 50
50 51
50 52
50 53
50 54
50 55
50 58
50 59
50 61
50 66
50 90
50 96
50 98
50 99
50 115
51 51
51 52
51 53
51 54
51 55
51 58
51 59
51 61
51 66
51 90
51 96
51 98
51 99
51 115
52 52
52 53
52 54
52 55
52 58
52 59
52 61
52 90
52 96
52 98
52 99
52 100
52 115
53 53
53 54
53 55
53 58
53 61
53 90
53 96
53 98
53 99
53 109
53 115
54 54
54 55
54 96
54 98
54 99
55 55
55 58
55 59
55 61
55 90
55 96
55 98
55 99
55 109
55 115
56 56
56 57
56 60
56 62
56 63
56 68
56 69
56 72
56 76
56 78
56 79
56 80
56 81
56 82
56 83
56 95
57 57
57 68
57 69
57 76
57 78
57 79
57 81
57 83
57 106
58 58
58 59
58 60
58 61
58 62
58 63
58 66
58 98
58 99
59 59
59 61
59 62
59 63
59 66
59 68
59 98
59 99
59 102
59 115
60 60
60 61
60 62
60 63
60 64
60 65
60 80
61 61
61 63
61 65
61 66
61 90
61 115
62 62
62 63
62 66
62 68
62 72
62 78
62 80
62 81
62 82
62 83
63 63
63 66
63 68
63 72
63 78
63 80
63 81
63 95
64 64
64 65
64 84
64 85
64 86
64 88
64 89
64 92
64 93
64 101
65 65
65 67
65 84
65 88
65 89
65 92
66 66
66 67
66 68
66 72
66 98
66 99
66 102
67 67
67 69
67 84
67 90
67 91
67 93
67 100
67 101
67 103
67 104
67 105
67 110
67 111
67 115
68 68
68 69
68 78
68 79
68 80
68 81
68 82
68 83
68 95
68 102
69 69
69 92
69 93
69 100
69 102
69 110
69 114
70 70
70 71
70 73
70 74
70 75
70 76
70 77
70 81
71 71
71 75
71 93
71 101
71 103
71 104
71 105
71 110
71 111
71 114
72 72
72 73
72 74
72 75
72 76
72 78
72 79
72 80
72 81
72 82
72 83
73 73
73 74
73 75
73 76
73 77
73 79
73 81
74 74
74 75
74 76
74 77
74 78
74 79
74 80
74 81
74 82
74 83
74 95
75 75
75 76
75 77
75 78
75 81
75 82
75 83
75 101
75 103
75 108
76 76
76 77
76 78
76 79
76 80
76 81
76 82
76 83
76 94
77 77
77 78
77 79
77 81
77 94
78 78
78 79
78 80
78 81
78 82
78 83
79 79
79 80
79 81
79 83
80 80
80 81
80 82
80 83
81 81
81 82
81 83
82 82
82 83
82 84
82 86
82 88
82 93
82 94
82 108
83 83
83 113
84 84
84 85
84 86
84 87
84 88
84 89
84 91
84 92
84 93
85 85
85 86
85 87
85 88
85 89
86 86
86 87
86 88
86 89
86 92
86 93
86 101
86 105
86 108
86 113
87 87
87 88
87 101
88 88
88 89
88 92
88 93
88 101
88 105
88 114
89 89
89 92
90 90
90 91
90 92
90 96
90 98
90 99
90 100
90 106
90 107
90 112
90 115
91 91
91 92
91 93
91 101
91 102
91 103
91 104
91 105
91 111
91 112
91 113
91 114
92 92
92 93
92 100
92 112
93 93
93 101
93 102
93 103
93 104
93 105
93 111
93 113
93 114
94 94
94 95
94 96
94 97
94 108
94 109
95 95
95 97
95 109
96 96
96 97
96 98
96 99
96 107
96 109
97 97
97 109
98 98
98 99
98 100
98 106
98 107
98 111
98 112
99 99
99 100
99 102
99 104
99 111
99 112
99 115
100 100
100 102
100 111
100 112
100 115
101 101
101 102
101 103
101 104
101 105
101 114
102 102
102 103
102 104
102 105
102 108
102 111
102 112
102 113
102 114
103 103
103 104
103 105
103 107
103 110
103 111
103 112
103 113
103 114
104 104
104 105
104 110
104 111
104 112
104 113
104 114
105 105
105 106
105 107
105 110
105 111
105 113
105 114
106 106
106 107
106 110
106 111
106 114
107 107
107 110
107 114
108 108
109 109
110 110
110 111
110 112
110 113
110 114
111 111
111 112
111 113
111 114
112 112
112 113
113 113
113 114
114 114
115 115
