0 0
0 1
0 10
0 12
0 16
0 17
0 18
0 28
0 29
0 32
0 52
0 56
0 57
0 58
0 62
0 63
0 68
0 72
0 73
0 75
0 76
0 77
0 80
0 81
0 98
0 99
0 103
0 109
0 111
0 112
0 113
0 114
1 1
1 16
1 17
1 19
1 29
1 32
1 33
1 52
1 56
1 57
1 58
1 61
1 62
1 63
1 68
1 72
1 73
1 75
1 76
1 77
1 79
1 80
1 81
1 98
1 99
1 102
1 103
1 111
1 112
1 113
1 114
2 2
2 4
2 6
2 8
2 10
2 14
2 18
2 22
2 23
2 24
2 25
2 26
2 27
2 30
2 50
2 64
2 70
2 82
2 84
2 86
2 87
2 88
2 91
2 93
3 3
3 5
3 7
3 8
3 9
3 11
3 13
3 14
3 15
3 18
3 22
3 23
3 24
3 25
3 26
3 27
3 30
3 31
3 35
3 64
3 71
3 74
3 82
3 83
3 84
3 85
3 86
3 87
3 88
3 89
3 92
4 4
4 5
4 6
4 8
4 9
4 14
4 18
4 22
4 23
4 24
4 26
4 64
4 88
4 91
4 93
5 5
5 9
5 14
5 20
5 21
5 22
5 23
5 24
5 25
5 26
5 27
5 38
5 39
5 50
5 64
5 67
5 84
5 85
5 86
5 88
5 92
6 6
6 8
6 10
6 12
6 14
6 18
6 30
6 31
6 33
6 60
6 64
6 70
6 72
6 74
6 75
6 82
6 83
7 7
7 8
7 9
7 11
7 13
7 15
7 29
7 31
7 33
7 35
7 60
7 61
7 65
7 71
7 83
7 90
7 92
7 100
7 102
8 8
8 9
8 14
8 15
8 18
8 22
8 23
8 24
8 26
8 30
8 31
8 64
8 82
8 84
8 88
8 92
8 93
9 9
9 11
9 13
9 15
9 23
9 60
9 61
9 65
9 67
9 90
9 92
9 100
9 102
10 10
10 12
10 13
10 14
10 15
10 16
10 18
10 20
10 30
10 36
10 60
10 74
10 75
10 76
10 82
10 93
11 11
11 13
11 15
11 23
11 28
11 29
11 60
11 61
11 64
11 73
11 74
11 75
11 83
11 85
11 92
12 12
12 13
12 14
12 15
12 16
12 20
12 30
12 60
12 62
12 65
12 101
13 13
13 15
13 28
13 29
13 33
13 60
13 61
13 64
13 65
13 73
13 74
13 75
13 83
13 85
13 92
13 100
13 102
14 14
14 15
14 18
14 20
14 21
14 22
14 23
14 24
14 25
14 26
14 27
14 30
14 31
14 50
14 64
14 70
14 74
14 82
14 84
14 85
14 86
14 87
14 88
14 91
14 93
15 15
15 20
15 60
15 61
15 65
15 83
15 90
15 92
15 100
16 16
16 17
16 28
16 29
16 32
16 33
16 56
16 57
16 58
16 60
16 61
16 62
16 63
16 68
16 72
16 73
16 74
16 75
16 76
16 77
16 78
16 79
16 80
16 81
16 99
16 101
16 103
16 111
16 112
16 113
16 114
17 17
17 28
17 29
17 32
17 33
17 56
17 57
17 58
17 61
17 62
17 63
17 68
17 72
17 73
17 74
17 75
17 76
17 77
17 78
17 79
17 80
17 81
17 99
17 109
17 111
17 112
17 113
17 114
18 18
18 19
18 22
18 23
18 24
18 26
18 28
18 30
18 56
18 57
18 64
18 68
18 70
18 73
18 74
18 82
18 83
18 84
18 85
18 86
18 87
18 88
18 93
19 19
19 28
19 32
19 57
19 68
19 69
19 82
19 83
20 20
20 21
20 25
20 26
20 27
20 30
20 31
20 36
20 37
20 38
20 39
20 41
20 55
20 70
20 71
20 74
20 76
20 96
21 21
21 22
21 23
21 24
21 25
21 26
21 27
21 30
21 31
21 36
21 37
21 38
21 39
21 41
21 50
21 53
21 54
21 64
21 71
21 84
21 85
21 86
21 87
21 88
21 89
21 94
21 108
22 22
22 23
22 24
22 25
22 26
22 27
22 30
22 31
22 50
22 64
22 70
22 82
22 84
22 85
22 86
22 87
22 88
22 91
22 93
23 23
23 24
23 25
23 26
23 27
23 30
23 31
23 35
23 50
23 64
23 82
23 84
23 85
23 86
23 87
23 88
23 89
23 91
23 92
23 93
24 24
24 25
24 26
24 27
24 30
24 38
24 39
24 50
24 64
24 82
24 84
24 85
24 86
24 87
24 88
24 89
24 91
24 93
24 94
25 25
25 26
25 27
25 30
25 31
25 35
25 37
25 38
25 39
25 50
25 64
25 82
25 84
25 85
25 86
25 87
25 88
25 89
25 110
26 26
26 27
26 30
26 31
26 38
26 39
26 50
26 64
26 82
26 84
26 85
26 86
26 87
26 88
26 89
27 27
27 30
27 31
27 38
27 39
27 50
27 64
27 82
27 84
27 85
27 86
27 87
27 88
27 89
27 94
28 28
28 29
28 32
28 33
28 36
28 37
28 40
28 56
28 62
28 63
28 70
28 71
28 72
28 73
28 74
28 75
28 76
28 77
28 78
28 79
28 80
28 81
28 82
28 83
28 84
28 85
28 113
29 29
29 32
29 33
29 37
29 40
29 41
29 56
29 60
29 61
29 62
29 63
29 71
29 72
29 73
29 74
29 75
29 76
29 77
29 78
29 79
29 80
29 81
29 83
29 95
29 102
29 109
29 111
29 112
29 113
30 30
30 31
30 64
30 70
30 71
30 74
30 82
30 84
30 85
30 86
30 87
30 88
30 93
31 31
31 33
31 34
31 35
31 64
31 70
31 71
31 73
31 74
31 75
31 84
31 85
31 88
31 92
32 32
32 33
32 40
32 56
32 57
32 62
32 63
32 72
32 73
32 74
32 75
32 76
32 77
32 78
32 79
32 80
32 81
32 102
32 109
32 111
32 112
33 33
33 34
33 35
33 40
33 41
33 56
33 57
33 62
33 63
33 71
33 72
33 73
33 74
33 75
33 76
33 77
33 78
33 79
33 80
33 81
33 83
33 95
33 102
34 34
34 35
34 57
34 67
34 68
34 69
34 71
34 78
34 110
35 35
35 45
35 65
35 67
35 110
36 36
36 37
36 38
36 39
36 40
36 41
36 50
36 54
36 56
36 70
36 71
36 72
36 73
36 74
36 75
36 76
36 77
36 78
36 79
36 80
36 81
36 84
36 85
36 86
36 89
36 95
37 37
37 38
37 39
37 40
37 41
37 54
37 55
37 56
37 70
37 72
37 73
37 74
37 75
37 76
37 77
37 78
37 79
37 85
37 86
37 89
37 94
37 95
37 96
37 97
37 99
37 109
37 110
37 113
38 38
38 39
38 40
38 41
38 50
38 54
38 70
38 84
38 85
38 86
38 87
38 88
38 89
38 97
39 39
39 40
39 41
39 50
39 54
39 84
39 85
39 86
39 87
39 88
39 89
39 90
39 94
39 97
39 108
40 40
40 41
40 62
40 71
40 72
40 73
40 74
40 75
40 76
40 77
40 78
40 79
40 80
40 81
40 85
40 97
40 108
40 109
41 41
41 72
41 73
41 74
41 75
41 76
41 77
41 78
41 79
41 80
41 81
41 83
41 85
41 94
41 95
42 42
42 43
42 44
42 45
42 46
42 47
42 48
42 49
42 51
42 53
42 55
42 96
42 98
42 99
42 106
42 107
42 110
42 111
42 112
43 43
43 44
43 45
43 46
43 47
43 48
43 49
43 51
43 53
43 55
43 96
43 98
43 99
43 106
43 107
43 109
43 110
43 111
43 112
44 44
44 45
44 46
44 47
44 48
44 49
44 51
44 55
44 96
44 98
44 99
44 106
44 110
44 111
45 45
45 46
45 47
45 48
45 49
45 51
45 55
45 66
45 67
45 96
45 98
45 99
45 104
45 106
45 107
45 110
45 111
45 112
46 46
46 47
46 48
46 49
46 51
46 53
46 55
46 96
46 98
46 99
46 106
46 109
46 110
46 111
46 112
47 47
47 48
47 49
47 51
47 53
47 55
47 67
47 96
47 98
47 99
47 104
47 105
47 107
47 110
47 111
48 48
48 49
48 50
48 51
48 52
48 53
48 54
48 55
48 59
48 66
48 91
48 96
48 98
48 104
48 105
49 49
49 51
49 52
49 53
49 54
49 55
49 91
49 96
49 98
49 99
49 109
49 111
49 112
50 50
50 51
50 52
50 53
50 54
50 86
50 88
50 89
50 91
50 93
50 94
50 95
51 51
51 52
51 53
51 54
51 55
51 59
51 66
51 96
51 98
51 99
51 104
51 106
51 111
51 112
52 52
52 53
52 54
52 55
52 58
52 59
52 63
52 66
52 89
52 96
52 98
52 99
52 103
52 104
52 106
52 111
52 112
52 113
53 53
53 54
53 55
53 96
53 98
53 99
53 106
53 111
53 112
53 113
54 54
54 55
54 59
54 89
54 94
54 96
54 97
54 98
54 99
54 112
54 113
55 55
55 94
55 96
55 97
55 98
55 99
55 109
55 110
55 111
55 112
56 56
56 57
56 62
56 63
56 68
56 72
56 73
56 74
56 75
56 76
56 77
56 78
56 79
56 80
56 81
56 97
56 99
56 114
57 57
57 59
57 63
57 66
57 68
57 69
57 72
57 73
57 78
57 79
57 80
57 81
57 87
57 103
57 114
58 58
58 59
58 61
58 62
58 63
58 65
58 66
58 67
58 69
58 100
58 101
58 103
58 104
58 106
59 59
59 61
59 63
59 66
59 67
59 69
59 90
59 100
59 101
59 102
59 103
59 104
59 105
59 106
60 60
60 61
60 62
60 63
60 65
60 73
60 75
60 100
60 101
60 102
61 61
61 62
61 63
61 65
61 66
61 67
61 90
61 92
61 100
61 101
61 102
61 106
61 112
62 62
62 63
62 65
62 72
62 73
62 75
62 76
62 77
62 78
62 79
62 80
62 81
62 100
62 101
62 102
62 103
62 111
62 112
62 113
63 63
63 65
63 66
63 72
63 73
63 76
63 77
63 78
63 79
63 80
63 81
63 99
63 100
63 101
63 102
63 103
63 106
63 111
63 112
63 113
64 64
64 70
64 74
64 82
64 83
64 84
64 85
64 86
64 87
64 88
64 92
64 93
65 65
65 67
65 89
65 100
65 101
65 102
66 66
66 67
66 68
66 69
66 100
66 101
66 103
66 104
66 105
66 106
67 67
67 69
67 90
67 100
67 101
67 103
67 104
67 105
67 110
68 68
68 69
68 80
68 81
68 103
68 104
69 69
69 80
69 90
69 100
69 101
69 102
69 103
69 104
69 105
69 115
70 70
70 71
70 72
70 73
70 74
70 75
70 76
70 77
70 82
70 83
70 84
70 86
70 88
71 71
71 72
71 73
71 74
71 75
71 76
71 77
71 78
71 79
71 81
71 83
71 108
72 72
72 73
72 74
72 75
72 76
72 77
72 78
72 79
72 80
72 81
72 95
72 99
72 109
72 111
72 112
72 113
73 73
73 74
73 75
73 76
73 77
73 78
73 79
73 80
73 81
73 85
73 95
73 109
73 113
74 74
74 75
74 76
74 77
74 78
74 79
74 80
74 81
74 84
74 85
74 95
74 109
74 113
75 75
75 76
75 77
75 78
75 79
75 80
75 81
75 83
75 95
75 109
75 113
76 76
76 77
76 78
76 79
76 80
76 81
76 95
76 99
76 109
76 111
76 112
76 113
77 77
77 78
77 79
77 80
77 81
77 95
77 98
77 99
77 109
77 111
77 112
77 113
78 78
78 79
78 80
78 81
78 102
78 114
79 79
79 80
79 81
79 97
79 99
79 109
79 113
79 114
80 80
80 81
80 114
81 81
81 114
82 82
82 83
82 84
82 85
82 86
82 87
82 88
82 91
82 92
82 93
83 83
83 84
84 84
84 85
84 86
84 87
84 88
84 92
84 93
85 85
85 86
85 87
85 88
85 89
85 92
86 86
86 87
86 88
86 89
86 91
86 92
86 93
87 87
87 88
87 89
87 92
87 93
88 88
88 89
88 91
88 92
88 93
89 89
89 90
89 94
90 90
90 91
90 92
90 100
90 105
91 91
91 93
91 103
91 105
91 115
92 92
92 93
92 100
93 93
94 94
94 95
94 108
95 95
95 97
95 108
95 109
96 96
96 97
96 98
96 99
96 109
96 110
96 111
96 112
96 113
97 97
97 99
97 107
97 108
97 109
98 98
98 99
98 106
98 107
98 110
98 111
98 112
98 113
99 99
99 103
99 104
99 109
99 111
99 112
99 113
100 100
100 101
100 102
100 106
101 101
101 102
101 103
101 106
102 102
102 106
102 111
102 112
103 103
103 104
103 105
103 107
103 111
104 104
104 105
104 106
104 107
105 105
105 115
106 106
106 111
106 112
106 113
107 107
107 109
107 111
108 108
108 109
109 109
109 110
109 111
109 112
110 110
111 111
111 112
111 113
112 112
112 113
113 113
113 114
114 114
115 115
