0 0
0 1
0 18
0 19
0 22
0 27
0 37
0 41
0 47
0 53
0 56
0 57
0 75
0 86
0 87
0 88
0 89
0 97
1 1
1 18
1 19
1 27
1 37
1 40
1 41
1 47
1 52
1 53
1 55
1 56
1 57
1 59
1 68
1 69
1 71
1 73
1 74
1 75
1 76
1 77
1 86
1 87
1 89
1 90
1 95
1 97
1 98
1 99
1 100
1 102
1 106
1 113
2 2
2 4
2 6
2 12
2 14
2 22
2 24
2 30
2 34
2 35
2 43
2 48
2 60
2 64
2 65
2 66
2 67
2 88
3 3
3 15
3 19
3 22
3 23
3 25
3 26
3 27
3 30
3 31
3 34
3 35
3 41
3 64
3 65
3 71
3 83
3 85
3 86
3 87
3 88
3 89
3 92
3 102
3 107
4 4
4 5
4 6
4 7
4 8
4 9
4 10
4 11
4 12
4 13
4 14
4 48
4 50
4 52
4 58
4 60
4 61
4 62
4 64
4 90
4 91
4 93
4 115
5 5
5 6
5 7
5 8
5 9
5 11
5 12
5 13
5 15
5 49
5 50
5 52
5 58
5 60
5 61
5 62
5 64
5 93
6 6
6 7
6 8
6 9
6 10
6 11
6 12
6 13
6 14
6 44
6 48
6 50
6 52
6 58
6 60
6 61
6 62
6 63
6 64
6 78
6 91
6 93
7 7
7 8
7 9
7 11
7 13
7 15
7 29
7 51
7 52
7 58
7 59
7 60
7 61
7 62
7 63
7 64
7 90
7 92
7 100
7 111
7 112
7 113
8 8
8 9
8 11
8 12
8 13
8 14
8 29
8 51
8 52
8 58
8 60
8 61
8 62
8 63
8 64
8 78
8 81
8 91
8 93
8 111
9 9
9 11
9 12
9 13
9 14
9 15
9 29
9 49
9 50
9 51
9 52
9 58
9 59
9 60
9 61
9 62
9 63
9 64
9 90
9 91
9 93
9 98
9 111
9 113
10 10
10 11
10 12
10 13
10 14
10 48
10 58
10 60
10 62
10 63
10 64
10 78
10 88
10 93
11 11
11 12
11 13
11 15
11 29
11 40
11 51
11 52
11 58
11 60
11 61
11 62
11 63
11 64
11 90
11 113
12 12
12 13
12 14
12 48
12 52
12 58
12 60
12 61
12 62
12 63
12 64
12 93
12 105
12 107
12 114
13 13
13 14
13 15
13 29
13 49
13 51
13 52
13 58
13 60
13 61
13 62
13 63
13 64
13 78
13 80
14 14
14 35
14 48
14 50
14 52
14 58
14 60
14 62
14 64
14 91
14 93
15 15
15 39
15 50
15 53
15 62
15 83
15 85
15 89
15 112
16 16
16 17
16 19
16 28
16 29
16 36
16 37
16 38
16 40
16 41
16 55
16 56
16 62
16 63
16 72
16 73
16 74
16 76
16 78
16 80
16 81
16 83
16 99
17 17
17 29
17 36
17 38
17 49
17 56
17 62
17 63
17 72
17 74
17 76
17 78
17 79
17 80
17 81
17 83
18 18
18 19
18 21
18 36
18 47
18 56
18 57
18 68
18 69
18 74
18 76
18 77
18 82
18 87
18 97
18 99
18 108
18 109
18 110
19 19
19 27
19 31
19 33
19 37
19 38
19 56
19 57
19 68
19 69
19 73
19 76
19 77
19 82
19 83
19 85
19 86
19 87
19 89
19 97
19 99
19 102
20 20
20 21
20 26
20 43
20 46
20 70
20 114
21 21
21 39
21 47
21 53
21 68
21 69
21 70
21 72
21 74
21 91
21 92
21 95
21 100
21 101
21 108
21 109
21 110
21 112
21 113
22 22
22 23
22 24
22 25
22 26
22 27
22 30
22 31
22 34
22 35
22 41
22 43
22 47
22 64
22 65
22 67
22 71
22 73
22 84
22 85
22 86
22 87
22 88
22 89
22 105
23 23
23 24
23 25
23 26
23 27
23 30
23 31
23 34
23 35
23 43
23 45
23 50
23 64
23 65
23 67
23 78
23 83
23 84
23 85
23 87
23 88
24 24
24 25
24 26
24 30
24 31
24 32
24 33
24 34
24 35
24 42
24 43
24 45
24 46
24 64
24 65
24 66
24 67
24 78
24 79
24 84
24 85
24 96
24 110
25 25
25 26
25 27
25 30
25 31
25 32
25 34
25 35
25 42
25 43
25 45
25 47
25 65
25 67
25 71
25 73
25 79
25 82
25 84
25 85
25 86
25 87
25 110
26 26
26 27
26 31
26 34
26 35
26 39
26 42
26 43
26 47
26 67
26 84
26 85
26 86
26 87
26 88
26 96
26 110
26 115
27 27
27 31
27 34
27 35
27 36
27 37
27 39
27 41
27 47
27 67
27 71
27 73
27 75
27 77
27 82
27 85
27 86
27 87
27 88
27 89
27 97
27 102
27 103
27 110
27 113
28 28
28 30
28 36
28 38
28 42
28 46
28 55
28 70
28 71
28 72
28 73
28 74
28 78
28 79
28 80
28 81
28 84
28 108
29 29
29 37
29 49
29 52
29 53
29 55
29 56
29 59
29 61
29 63
29 68
29 72
29 74
29 76
29 78
29 79
29 80
29 81
29 98
29 99
29 112
30 30
30 31
30 32
30 33
30 34
30 38
30 42
30 43
30 44
30 64
30 65
30 67
30 71
30 75
30 78
30 79
30 84
30 85
31 31
31 32
31 33
31 34
31 38
31 41
31 42
31 43
31 47
31 65
31 67
31 71
31 73
31 79
31 82
31 83
31 84
31 85
31 86
31 87
32 32
32 33
32 38
32 42
32 43
32 44
32 46
32 62
32 63
32 64
32 65
32 66
32 78
32 79
33 33
33 34
33 38
33 62
33 63
33 68
33 73
33 78
33 99
34 34
34 35
34 43
34 65
34 67
34 71
34 82
34 84
34 85
34 86
34 87
34 88
34 89
35 35
35 48
35 54
35 64
35 65
35 66
35 67
35 82
35 84
35 87
35 88
35 92
35 94
35 96
35 106
35 107
36 36
36 37
36 38
36 39
36 40
36 41
36 46
36 55
36 68
36 70
36 71
36 72
36 73
36 74
36 75
36 76
36 77
36 78
36 80
36 81
36 82
36 83
36 85
36 87
36 99
36 112
37 37
37 39
37 40
37 41
37 47
37 53
37 54
37 55
37 56
37 57
37 71
37 72
37 73
37 74
37 75
37 76
37 77
37 86
37 87
37 89
37 94
37 95
37 97
37 98
37 99
37 100
37 102
37 108
37 113
38 38
38 40
38 41
38 42
38 43
38 44
38 56
38 70
38 72
38 73
38 74
38 75
38 78
38 79
38 80
38 81
38 84
38 85
38 86
38 99
39 39
39 41
39 47
39 54
39 55
39 73
39 75
39 76
39 77
39 79
39 82
39 83
39 85
39 86
39 87
39 89
39 95
39 96
39 97
39 98
39 108
39 109
39 110
40 40
40 41
40 56
40 57
40 70
40 71
40 72
40 73
40 74
40 75
40 76
40 77
40 86
40 87
41 41
41 53
41 56
41 70
41 73
41 74
41 75
41 76
41 77
41 80
41 82
41 83
41 85
41 86
41 87
42 42
42 43
42 44
42 45
42 46
42 66
42 67
42 78
42 79
42 80
42 81
42 84
42 85
42 96
42 110
43 43
43 44
43 45
43 46
43 47
43 66
43 67
43 78
43 79
43 84
43 85
43 96
43 110
44 44
44 45
44 46
44 48
44 49
44 63
44 66
44 78
44 80
44 81
45 45
45 48
45 49
45 65
45 67
45 78
45 84
46 46
46 55
46 66
46 72
46 78
46 79
46 80
46 81
46 96
46 98
46 101
46 108
46 109
46 110
47 47
47 53
47 57
47 73
47 75
47 76
47 77
47 86
47 87
47 89
47 94
47 95
47 97
47 98
47 102
47 103
47 105
47 108
47 109
47 110
47 113
47 114
48 48
48 49
48 52
48 58
48 60
48 66
48 67
48 69
48 88
48 91
48 93
48 103
48 104
48 105
48 107
48 114
48 115
49 49
49 50
49 51
49 52
49 56
49 58
49 59
49 60
49 61
49 62
49 63
49 80
49 98
49 99
49 107
50 50
50 51
50 58
50 62
50 64
50 85
51 51
51 52
51 53
51 56
51 58
51 59
51 60
51 61
51 63
51 90
51 98
52 52
52 57
52 58
52 59
52 60
52 61
52 63
52 68
52 69
52 72
52 90
52 91
52 93
52 95
52 98
52 108
52 111
52 113
53 53
53 55
53 57
53 72
53 73
53 77
53 83
53 89
53 95
53 97
53 108
53 109
53 112
53 113
54 54
54 55
54 77
54 86
54 88
54 89
54 95
54 96
54 108
55 55
55 56
55 59
55 72
55 75
55 76
55 77
55 83
55 86
55 89
55 95
55 96
55 97
55 98
55 99
55 100
55 102
55 108
55 109
56 56
56 57
56 59
56 63
56 68
56 72
56 73
56 75
56 76
56 77
56 80
56 87
56 89
56 98
56 99
57 57
57 59
57 68
57 69
57 73
57 74
57 75
57 76
57 77
57 86
57 87
57 95
57 97
57 98
57 99
57 100
57 102
57 106
58 58
58 59
58 60
58 61
58 62
58 63
58 66
58 90
58 91
58 93
58 107
59 59
59 61
59 63
59 90
59 98
59 99
59 100
59 102
59 107
60 60
60 61
60 62
60 63
60 64
60 93
60 107
61 61
61 62
61 63
61 64
61 65
61 90
61 92
61 100
61 107
61 111
62 62
62 63
62 64
62 78
62 80
63 63
63 78
63 80
63 93
63 111
64 64
64 65
64 107
65 65
65 67
65 88
65 92
66 66
66 67
66 93
66 96
66 99
66 101
66 110
66 114
67 67
67 82
67 84
67 96
67 110
68 68
68 69
68 70
68 74
68 80
68 81
68 97
68 98
68 99
68 110
69 69
69 90
69 91
69 93
69 97
69 98
69 99
69 101
69 102
69 103
69 104
69 110
70 70
70 72
70 73
70 74
70 75
70 76
70 77
70 82
70 108
70 110
71 71
71 73
71 75
71 77
71 85
71 86
71 87
71 89
71 97
72 72
72 73
72 74
72 75
72 76
72 78
72 79
72 80
72 81
72 98
72 108
73 73
73 74
73 75
73 76
73 77
73 80
73 85
73 86
73 87
73 89
74 74
74 75
74 76
74 77
74 80
74 112
75 75
75 76
75 77
75 87
75 89
75 95
75 97
75 102
75 108
75 109
75 110
75 113
75 114
76 76
76 77
76 80
76 86
76 87
76 89
76 97
76 98
76 102
76 106
76 108
76 113
77 77
77 82
77 86
77 87
77 89
77 94
77 95
77 97
77 98
77 99
77 100
77 102
77 108
77 109
77 110
77 112
77 113
78 78
78 79
78 80
78 81
78 83
78 84
79 79
79 80
79 81
79 82
79 83
79 84
79 85
79 96
80 80
80 81
80 83
80 98
80 99
81 81
81 83
81 85
81 98
82 82
82 83
82 84
82 85
82 86
82 87
82 96
82 108
82 109
82 110
83 83
83 84
83 85
83 87
84 84
84 85
84 86
84 88
84 96
85 85
85 86
85 87
85 89
86 86
86 87
86 89
86 97
87 87
87 88
87 89
87 97
87 102
88 88
88 89
88 90
88 92
88 93
88 103
88 104
88 115
89 89
89 97
89 102
89 106
90 90
90 91
90 92
90 93
90 94
90 95
90 97
90 98
90 100
90 101
90 102
90 103
90 104
90 111
90 113
90 115
91 91
91 92
91 93
91 95
91 98
91 100
91 103
91 108
91 115
92 92
92 93
92 94
92 95
92 97
92 100
92 101
92 102
92 103
92 104
92 105
92 107
92 109
92 110
92 112
92 113
92 115
93 93
93 100
93 101
93 103
93 104
93 105
93 107
93 115
94 94
94 95
94 96
94 97
94 100
94 102
94 103
94 105
94 106
94 107
94 108
94 109
94 110
94 113
94 114
94 115
95 95
95 96
95 97
95 98
95 100
95 102
95 103
95 108
95 109
95 110
95 113
96 96
96 97
96 101
96 103
96 108
96 109
96 110
97 97
97 98
97 100
97 102
97 103
97 105
97 106
97 108
97 109
97 110
97 112
97 113
97 114
98 98
98 99
98 101
98 102
98 103
98 108
98 109
98 110
98 111
98 112
98 113
99 99
99 105
99 111
99 114
99 115
100 100
100 101
100 102
100 103
100 111
100 112
100 113
100 115
101 101
101 102
101 103
101 104
101 108
101 109
101 110
101 111
101 112
102 102
102 103
102 104
102 106
102 110
102 112
102 113
102 114
103 103
103 104
103 105
103 108
103 109
103 110
103 113
103 114
103 115
104 104
104 105
104 110
104 111
104 113
104 114
104 115
105 105
105 106
105 107
105 110
105 111
105 114
105 115
106 106
106 107
106 115
107 107
107 114
107 115
108 108
108 109
108 110
108 112
109 109
109 110
110 110
110 114
111 111
111 112
111 113
111 115
112 112
112 113
113 113
113 115
114 114
114 115
115 115
