0 0
0 1
0 3
0 6
0 9
0 15
0 17
0 18
0 21
0 23
0 32
0 33
0 36
0 38
0 54
0 56
0 57
0 60
0 61
0 63
0 68
0 69
0 78
0 80
0 84
0 101
0 103
0 106
1 1
1 3
1 7
1 9
1 18
1 19
1 32
1 33
1 36
1 38
1 54
1 56
1 57
1 58
1 59
1 60
1 61
1 63
1 66
1 68
1 69
1 89
1 106
2 2
2 3
2 4
2 6
2 7
2 8
2 10
2 11
2 12
2 13
2 14
2 20
2 21
2 22
2 23
2 24
2 30
2 31
2 37
2 39
2 40
2 70
2 74
2 81
2 82
2 85
2 86
3 3
3 7
3 8
3 9
3 14
3 18
3 19
3 22
3 23
3 32
3 33
3 38
3 56
3 57
3 61
3 63
3 88
4 4
4 6
4 7
4 8
4 10
4 11
4 14
4 22
4 23
4 24
4 25
4 26
4 27
4 30
4 31
4 37
4 64
4 70
4 71
4 77
4 82
4 83
4 86
4 87
4 88
4 107
5 5
5 9
5 21
5 23
5 25
5 26
5 27
5 35
5 38
5 43
5 45
5 49
5 50
5 51
5 53
5 54
5 56
5 57
5 59
5 64
5 67
5 84
5 88
5 91
5 92
5 93
5 98
5 99
5 111
5 112
5 113
6 6
6 7
6 8
6 9
6 10
6 12
6 14
6 15
6 20
6 21
6 22
6 23
6 64
6 82
6 86
6 87
7 7
7 8
7 9
7 10
7 11
7 12
7 13
7 14
7 19
7 22
7 23
7 37
7 39
7 40
7 70
7 74
7 81
7 82
7 83
7 86
7 88
8 8
8 9
8 10
8 11
8 12
8 14
8 22
8 23
8 25
8 30
8 31
8 64
8 70
8 82
8 86
8 88
9 9
9 15
9 21
9 22
9 23
9 32
9 33
9 36
9 38
9 39
9 40
9 54
9 57
9 63
9 64
9 88
9 96
9 111
10 10
10 11
10 12
10 13
10 14
10 20
10 21
10 22
10 24
10 28
10 30
10 31
10 40
10 70
10 71
10 77
10 81
10 82
10 86
10 95
10 102
10 104
10 114
11 11
11 12
11 13
11 14
11 24
11 28
11 30
11 31
11 37
11 39
11 40
11 70
11 71
11 72
11 77
11 81
11 82
11 83
11 86
11 95
11 97
11 102
11 104
11 105
11 107
11 114
11 115
12 12
12 13
12 14
12 20
12 28
12 30
12 31
12 40
12 70
12 71
12 82
12 83
12 86
12 95
12 97
12 102
12 104
12 105
12 114
13 13
13 14
13 20
13 24
13 28
13 30
13 31
13 37
13 39
13 70
13 71
13 72
13 77
13 81
13 82
13 83
13 85
13 86
13 94
13 95
13 97
13 102
13 104
13 105
13 107
13 108
13 109
13 114
13 115
14 14
14 19
14 22
14 23
14 25
14 30
14 31
14 64
14 70
14 71
14 75
14 77
14 82
14 83
14 86
14 88
14 104
15 15
15 17
15 20
15 21
15 29
15 36
15 38
15 39
15 40
15 41
15 54
15 57
15 83
15 87
15 96
15 103
15 106
16 16
16 34
16 35
16 42
16 43
16 46
16 47
16 51
16 53
16 55
16 56
16 62
16 66
16 67
16 78
16 80
16 84
16 101
16 113
17 17
17 19
17 21
17 29
17 38
17 41
17 73
17 76
17 77
17 78
17 103
17 106
18 18
18 19
18 22
18 32
18 33
18 56
18 57
18 61
18 68
19 19
19 23
19 32
19 33
19 57
19 61
19 68
19 86
20 20
20 21
20 25
20 29
20 31
20 39
20 40
20 41
20 58
20 70
20 71
20 73
20 82
20 83
20 86
20 87
20 94
20 105
20 108
21 21
21 25
21 27
21 29
21 38
21 40
21 41
21 56
21 82
21 86
21 87
21 103
22 22
22 23
22 24
22 25
22 32
22 40
22 74
22 79
22 81
22 82
22 85
22 86
22 88
23 23
23 24
23 25
23 32
23 33
23 64
23 79
23 82
23 84
23 88
23 92
23 93
23 112
24 24
24 25
24 26
24 28
24 30
24 31
24 70
24 71
24 72
24 77
24 81
24 82
24 85
24 95
24 107
25 25
25 26
25 27
25 30
25 31
25 34
25 64
25 71
25 82
25 86
25 87
26 26
26 27
26 35
26 44
26 48
26 50
26 51
26 52
26 65
26 91
26 93
27 27
27 35
27 45
27 49
27 50
27 64
27 65
27 67
27 82
27 84
27 87
27 92
27 93
27 112
27 113
28 28
28 30
28 31
28 70
28 71
28 72
28 81
28 85
28 95
28 109
28 114
28 115
29 29
29 31
29 41
29 71
29 72
29 73
29 75
29 76
29 77
29 83
29 87
29 95
30 30
30 31
30 37
30 39
30 70
30 71
30 72
30 77
30 81
30 82
30 83
30 94
30 95
30 97
30 102
30 104
30 105
30 107
30 108
30 109
30 114
30 115
31 31
31 37
31 70
31 71
31 73
31 77
31 81
31 82
31 83
31 94
31 95
31 97
31 102
31 104
31 105
31 107
31 108
31 109
31 114
31 115
32 32
32 33
32 36
32 38
32 54
32 57
32 61
32 63
32 68
32 69
32 78
32 79
33 33
33 36
33 38
33 54
33 57
33 59
33 60
33 61
33 63
33 66
33 67
33 68
33 69
33 78
33 79
33 106
34 34
34 35
34 42
34 43
34 44
34 45
34 46
34 47
34 50
34 53
34 62
34 66
34 67
34 76
34 78
34 80
34 84
35 35
35 42
35 43
35 44
35 45
35 46
35 47
35 48
35 49
35 50
35 51
35 53
35 56
35 59
35 60
35 62
35 64
35 65
35 66
35 67
35 69
35 78
35 80
35 84
35 92
35 101
36 36
36 38
36 45
36 46
36 54
36 57
36 59
36 61
36 63
36 66
36 67
36 68
36 69
36 78
36 79
36 80
36 84
36 88
36 89
36 96
36 98
36 103
36 106
36 111
37 37
37 39
37 40
37 70
37 71
37 72
37 74
37 75
37 77
37 81
37 83
37 85
37 95
37 97
37 102
37 109
37 110
38 38
38 45
38 54
38 56
38 57
38 58
38 59
38 60
38 61
38 62
38 63
38 66
38 67
38 68
38 69
38 78
38 80
38 89
38 92
38 96
38 98
38 101
38 103
38 106
39 39
39 40
39 70
39 71
39 72
39 74
39 75
39 81
39 83
39 87
39 95
39 97
39 104
39 105
39 109
40 40
40 70
40 72
40 74
40 81
40 82
40 83
40 102
40 104
40 105
41 41
41 73
41 75
41 82
41 83
41 87
41 94
41 99
41 104
41 105
41 108
42 42
42 43
42 44
42 45
42 46
42 47
42 48
42 49
42 50
42 51
42 53
42 54
42 55
42 61
42 62
42 66
42 67
42 69
42 78
42 80
42 84
42 93
42 98
42 101
42 110
42 111
42 112
42 113
43 43
43 44
43 45
43 46
43 47
43 49
43 50
43 51
43 53
43 55
43 56
43 62
43 66
43 67
43 78
43 80
43 93
43 99
43 101
43 110
43 111
43 112
43 113
44 44
44 45
44 47
44 48
44 49
44 50
44 51
44 52
44 62
44 67
44 110
44 112
45 45
45 46
45 47
45 48
45 49
45 50
45 51
45 54
45 55
45 56
45 57
45 59
45 60
45 62
45 64
45 66
45 67
45 69
45 78
45 80
45 92
45 93
45 96
45 98
45 101
45 103
45 106
45 111
46 46
46 47
46 49
46 50
46 51
46 53
46 54
46 55
46 62
46 66
46 67
46 69
46 78
46 80
46 84
46 93
46 96
46 98
46 110
46 111
46 113
47 47
47 49
47 51
47 53
47 55
47 66
47 67
47 78
47 80
47 84
47 93
47 110
47 112
47 113
47 114
47 115
48 48
48 49
48 50
48 51
48 52
48 58
48 59
48 62
48 65
48 66
48 67
48 90
48 98
49 49
49 50
49 51
49 52
49 55
49 59
49 60
49 62
49 65
49 66
49 67
49 93
49 98
49 110
49 111
49 112
49 113
50 50
50 51
50 52
50 53
50 59
50 62
50 64
50 65
50 67
50 84
50 90
50 92
50 98
51 51
51 52
51 53
51 54
51 55
51 56
51 57
51 59
51 60
51 61
51 62
51 64
51 66
51 67
51 69
51 78
51 80
51 84
51 91
51 92
51 93
51 98
51 99
51 101
51 111
51 113
52 52
52 59
52 65
52 81
52 86
52 90
52 91
52 92
52 93
52 98
52 112
53 53
53 55
53 64
53 68
53 78
53 84
53 89
53 91
53 93
53 99
53 101
53 103
53 113
53 114
53 115
54 54
54 55
54 57
54 59
54 61
54 62
54 63
54 66
54 67
54 68
54 69
54 78
54 80
54 84
54 88
54 89
54 90
54 96
54 98
54 103
54 106
54 111
55 55
55 66
55 67
55 80
55 89
55 91
55 93
55 96
55 98
55 99
55 110
55 111
55 112
55 113
56 56
56 57
56 58
56 60
56 61
56 62
56 63
56 66
56 67
56 68
56 69
56 78
56 80
56 89
56 101
56 103
56 106
57 57
57 58
57 59
57 60
57 61
57 62
57 63
57 66
57 67
57 68
57 69
57 78
57 80
57 84
57 89
57 103
57 106
58 58
58 59
58 60
58 61
58 63
58 66
58 67
58 69
59 59
59 60
59 61
59 63
59 65
59 66
59 67
59 69
59 80
59 90
59 96
59 98
59 106
60 60
60 61
60 62
60 63
60 66
60 67
60 69
60 103
60 106
61 61
61 63
61 66
61 67
61 68
61 69
61 78
61 80
61 84
61 89
61 98
61 101
61 103
61 106
62 62
62 63
62 64
62 66
62 67
62 78
62 80
62 84
62 92
62 93
62 101
62 103
63 63
63 66
63 68
63 69
63 78
63 80
63 89
63 92
63 101
63 103
63 106
64 64
64 82
64 84
64 86
64 87
64 88
64 92
64 93
64 101
65 65
65 67
65 90
65 92
65 98
66 66
66 67
66 68
66 69
66 78
66 80
66 84
66 89
66 96
66 98
66 106
66 110
67 67
67 69
67 78
67 80
67 84
67 92
67 96
67 98
67 110
67 111
68 68
68 69
68 78
68 80
68 89
68 103
68 106
69 69
69 78
69 80
69 84
69 89
69 96
69 98
69 103
69 106
70 70
70 71
70 72
70 74
70 75
70 77
70 81
70 82
70 83
70 86
70 94
70 95
70 97
70 102
70 104
70 105
70 107
70 108
70 109
70 114
70 115
71 71
71 72
71 73
71 75
71 77
71 81
71 82
71 83
71 94
71 95
71 97
71 102
71 104
71 105
71 107
71 108
71 109
71 114
71 115
72 72
72 74
72 75
72 77
72 81
72 83
72 95
72 97
72 109
73 73
73 75
73 76
73 77
73 83
73 95
74 74
74 75
74 77
74 81
74 97
74 109
75 75
75 76
75 77
75 83
75 95
75 97
75 109
76 76
76 77
76 106
77 77
77 79
77 81
77 82
77 83
77 95
77 97
77 104
78 78
78 80
78 84
78 85
78 98
78 101
78 106
79 79
79 81
79 85
80 80
80 84
80 89
80 93
80 98
80 101
80 110
81 81
81 83
81 85
81 95
81 97
82 82
82 83
82 86
82 87
82 88
82 94
82 95
82 102
82 104
82 105
82 107
83 83
83 86
83 87
83 94
83 95
83 97
83 102
83 104
83 105
83 107
83 108
83 109
83 115
84 84
84 88
84 92
84 93
84 98
84 101
85 85
86 86
86 87
86 88
86 90
86 104
86 107
87 87
87 88
87 107
88 88
89 89
89 91
89 96
89 98
89 103
89 106
90 90
90 91
90 92
90 93
90 98
90 112
91 91
91 92
91 93
91 98
91 99
92 92
92 93
92 98
92 99
92 100
92 101
92 111
92 112
92 113
93 93
93 98
93 99
93 100
93 101
93 103
93 111
93 112
93 113
94 94
94 95
94 97
94 99
94 104
94 105
94 107
94 108
94 113
94 114
94 115
95 95
95 97
95 102
95 104
95 105
95 107
95 108
95 109
95 114
95 115
96 96
96 98
96 99
96 108
96 109
96 110
96 111
97 97
97 102
97 104
97 108
97 109
97 110
97 115
98 98
98 99
98 101
98 103
98 110
98 111
98 112
98 113
99 99
99 108
99 111
99 112
99 113
99 114
99 115
100 100
100 101
100 102
100 103
100 104
100 105
100 107
100 111
101 101
101 103
101 106
101 107
102 102
102 104
102 105
102 107
102 108
102 114
102 115
103 103
103 104
103 105
103 106
104 104
104 105
104 107
104 108
104 114
104 115
105 105
105 107
105 108
105 114
105 115
106 106
107 107
107 108
107 115
108 108
108 109
108 112
108 114
108 115
109 109
109 110
109 115
110 110
110 111
110 112
110 113
111 111
111 112
111 113
112 112
112 113
113 113
113 114
113 115
114 114
114 115
115 115
