0 0
0 1
0 10
0 11
0 12
0 13
0 15
0 16
0 17
0 28
0 29
0 33
0 52
0 54
0 56
0 57
0 58
0 60
0 61
0 62
0 63
0 68
0 73
0 74
0 78
0 80
0 81
1 1
1 11
1 13
1 17
1 42
1 47
1 48
1 49
1 52
1 53
1 56
1 57
1 59
1 60
1 61
1 62
1 63
1 68
1 73
1 74
1 76
1 90
1 95
1 98
1 99
1 111
1 113
2 2
2 3
2 4
2 6
2 8
2 14
2 18
2 20
2 22
2 23
2 24
2 26
2 27
2 30
2 34
2 35
2 50
2 64
2 66
2 67
2 82
2 86
2 88
2 93
2 107
2 112
3 3
3 18
3 19
3 22
3 23
3 24
3 25
3 26
3 27
3 30
3 31
3 64
3 83
3 85
3 86
3 87
3 88
3 89
3 92
3 93
3 95
3 109
3 113
4 4
4 5
4 6
4 8
4 10
4 12
4 14
4 15
4 48
4 52
4 58
4 60
4 65
5 5
5 7
5 8
5 9
5 12
5 13
5 15
5 21
5 25
5 26
5 33
5 34
5 35
5 39
5 64
5 65
5 67
5 68
5 69
5 70
5 88
5 89
5 90
5 91
5 92
5 103
5 104
5 105
6 6
6 7
6 8
6 10
6 12
6 14
6 22
6 35
6 64
6 65
6 82
6 83
6 88
6 93
6 107
7 7
7 8
7 9
7 11
7 13
7 15
7 25
7 33
7 45
7 61
7 64
7 65
7 69
7 90
7 91
7 92
7 102
8 8
8 9
8 14
8 15
8 22
8 23
8 35
8 45
8 64
8 65
8 69
8 88
8 91
8 93
8 103
8 111
8 112
9 9
9 11
9 12
9 13
9 15
9 25
9 33
9 61
9 65
9 69
9 90
9 91
9 92
9 102
9 105
10 10
10 11
10 12
10 13
10 14
10 15
10 28
10 52
10 60
10 61
10 62
10 63
10 64
10 65
10 74
10 76
10 81
10 84
10 89
11 11
11 12
11 13
11 15
11 16
11 17
11 32
11 33
11 52
11 60
11 61
11 62
11 63
11 65
11 68
11 75
11 92
11 114
11 115
12 12
12 13
12 14
12 15
12 16
12 17
12 28
12 29
12 32
12 48
12 52
12 57
12 58
12 60
12 61
12 62
12 63
12 72
12 73
12 74
12 79
12 80
12 81
13 13
13 15
13 16
13 17
13 32
13 33
13 52
13 58
13 59
13 60
13 61
13 62
13 63
13 65
13 74
13 80
13 90
13 102
13 114
14 14
14 15
14 22
14 64
14 65
14 82
14 88
14 93
15 15
15 33
15 60
15 61
15 64
15 65
15 68
15 69
15 89
15 90
15 91
15 92
16 16
16 17
16 28
16 29
16 32
16 36
16 37
16 41
16 56
16 57
16 60
16 62
16 63
16 72
16 73
16 74
16 75
16 78
16 79
16 80
16 81
16 83
16 95
16 99
16 115
17 17
17 28
17 29
17 32
17 33
17 36
17 37
17 41
17 54
17 56
17 57
17 60
17 62
17 63
17 72
17 73
17 74
17 75
17 76
17 78
17 79
17 80
17 81
17 108
17 115
18 18
18 19
18 22
18 28
18 29
18 30
18 31
18 32
18 62
18 64
18 66
18 72
18 73
18 75
18 76
18 82
18 83
18 115
19 19
19 22
19 23
19 24
19 25
19 27
19 30
19 31
19 35
19 39
19 64
19 68
19 69
19 70
19 75
19 77
19 82
19 83
19 84
19 85
19 86
19 87
19 88
19 89
19 90
19 91
19 92
19 93
19 103
19 104
19 105
19 106
19 113
20 20
20 21
20 24
20 25
20 26
20 27
20 30
20 36
20 37
20 39
20 40
20 66
20 67
20 70
20 87
20 96
20 97
20 103
20 104
20 107
20 110
21 21
21 24
21 25
21 26
21 27
21 34
21 35
21 36
21 39
21 40
21 67
21 70
21 71
21 87
21 88
21 94
21 97
21 107
21 110
22 22
22 23
22 24
22 25
22 26
22 27
22 30
22 31
22 34
22 35
22 39
22 64
22 67
22 82
22 85
22 86
22 87
22 88
22 89
22 92
22 93
22 94
22 96
22 110
22 112
23 23
23 24
23 25
23 26
23 27
23 30
23 31
23 34
23 35
23 45
23 64
23 65
23 67
23 69
23 77
23 82
23 85
23 86
23 87
23 88
23 89
23 91
23 92
23 93
23 101
23 105
23 113
24 24
24 25
24 26
24 27
24 30
24 31
24 34
24 35
24 38
24 39
24 43
24 47
24 67
24 70
24 82
24 85
24 86
24 87
24 88
24 89
24 92
24 93
24 94
24 96
24 106
24 110
24 112
24 113
25 25
25 26
25 27
25 30
25 31
25 34
25 35
25 39
25 45
25 64
25 65
25 67
25 69
25 82
25 84
25 85
25 86
25 87
25 88
25 89
25 90
25 92
25 93
25 104
25 105
26 26
26 27
26 30
26 31
26 34
26 35
26 38
26 39
26 55
26 65
26 67
26 70
26 82
26 85
26 86
26 87
26 88
26 89
26 93
26 94
26 96
26 97
26 106
26 110
27 27
27 30
27 31
27 34
27 35
27 38
27 39
27 45
27 65
27 67
27 85
27 86
27 87
27 88
27 89
27 92
27 93
27 94
27 105
27 110
28 28
28 29
28 32
28 36
28 40
28 41
28 60
28 62
28 63
28 72
28 73
28 74
28 75
28 78
28 79
28 80
28 81
28 83
29 29
29 36
29 37
29 40
29 41
29 48
29 52
29 53
29 58
29 60
29 62
29 63
29 72
29 73
29 74
29 75
29 78
29 79
29 80
29 81
29 83
29 98
29 108
30 30
30 31
30 34
30 35
30 64
30 67
30 82
30 83
30 84
30 85
30 86
30 87
30 88
30 89
30 93
30 96
30 109
30 110
31 31
31 34
31 35
31 45
31 64
31 65
31 67
31 82
31 85
31 86
31 87
31 88
31 92
31 93
31 109
31 113
31 115
32 32
32 33
32 44
32 48
32 49
32 51
32 52
32 58
32 59
32 60
32 61
32 62
32 63
32 66
32 72
32 73
32 74
32 114
33 33
33 35
33 61
33 62
33 63
33 64
33 65
33 102
33 114
33 115
34 34
34 35
34 39
34 65
34 67
34 82
34 84
34 85
34 87
34 88
34 103
34 105
34 106
34 107
34 110
35 35
35 39
35 45
35 64
35 65
35 67
35 69
35 70
35 77
35 82
35 84
35 85
35 86
35 87
35 88
35 89
35 92
35 93
35 103
35 104
35 105
35 107
35 110
36 36
36 37
36 38
36 40
36 41
36 54
36 55
36 68
36 72
36 73
36 74
36 78
36 79
36 80
36 81
36 82
36 83
36 84
36 94
36 97
36 98
36 108
37 37
37 38
37 39
37 40
37 41
37 70
37 72
37 73
37 74
37 75
37 76
37 77
37 78
37 79
37 94
37 95
37 97
37 108
38 38
38 39
38 54
38 66
38 67
38 79
38 85
38 94
38 96
38 97
38 106
38 109
38 110
39 39
39 40
39 41
39 54
39 67
39 69
39 70
39 71
39 86
39 87
39 88
39 89
39 94
39 96
39 97
39 100
39 103
39 104
39 105
39 106
39 107
39 110
40 40
40 41
40 54
40 55
40 72
40 73
40 74
40 75
40 80
40 81
40 82
40 83
40 87
40 97
40 107
41 41
41 54
41 72
41 73
41 74
41 75
41 78
41 79
41 80
41 81
42 42
42 43
42 44
42 45
42 46
42 47
42 48
42 49
42 50
42 51
42 53
42 55
42 58
42 94
42 96
42 98
42 99
42 100
42 102
42 108
42 109
42 110
42 111
42 112
42 113
43 43
43 44
43 45
43 46
43 47
43 48
43 49
43 50
43 51
43 53
43 55
43 94
43 96
43 98
43 99
43 100
43 102
43 108
43 109
43 110
43 111
43 112
43 113
44 44
44 45
44 46
44 47
44 48
44 49
44 50
44 51
44 53
44 55
44 58
44 59
44 66
44 96
44 98
44 99
44 100
44 111
44 112
45 45
45 47
45 49
45 64
45 67
45 69
45 71
45 87
45 92
45 100
45 101
45 102
45 105
45 110
45 111
45 112
45 113
46 46
46 47
46 48
46 49
46 50
46 51
46 53
46 55
46 94
46 96
46 98
46 99
46 108
46 109
46 110
46 111
46 112
47 47
47 48
47 49
47 50
47 51
47 53
47 55
47 71
47 90
47 94
47 96
47 98
47 99
47 100
47 102
47 103
47 108
47 109
47 110
47 111
47 112
47 113
48 48
48 49
48 50
48 51
48 52
48 55
48 58
48 59
48 60
48 66
48 96
48 98
49 49
49 50
49 51
49 52
49 53
49 55
49 58
49 59
49 66
49 96
49 98
49 99
49 100
49 102
49 111
50 50
50 51
50 52
50 55
50 58
50 59
50 66
50 96
50 98
50 112
51 51
51 52
51 53
51 55
51 58
51 59
51 66
51 96
51 98
51 99
52 52
52 54
52 58
52 59
52 60
52 61
52 62
52 63
52 73
52 74
52 98
53 53
53 55
53 56
53 98
53 99
53 102
53 111
53 112
54 54
54 56
54 57
54 60
54 78
54 80
54 81
54 89
55 55
55 94
55 96
55 97
55 98
55 99
55 108
55 110
55 112
56 56
56 57
56 63
56 68
56 73
56 78
56 79
56 80
56 89
56 90
56 99
56 102
57 57
57 60
57 61
57 62
57 63
57 73
57 76
57 78
57 80
57 81
57 90
57 99
57 106
57 111
58 58
58 59
58 60
58 61
58 62
58 63
58 66
58 72
58 73
58 74
59 59
59 60
59 61
59 62
59 63
59 66
59 101
60 60
60 61
60 62
60 63
60 72
60 73
60 74
60 80
60 81
61 61
61 62
61 63
61 90
61 91
61 100
61 111
62 62
62 63
62 72
62 73
62 74
62 78
62 80
62 81
62 83
62 108
63 63
63 72
63 73
63 74
63 75
63 76
63 80
63 81
63 108
64 64
64 65
64 67
64 69
64 82
64 83
64 84
64 85
64 87
64 88
64 89
64 93
64 115
65 65
65 67
65 69
65 84
65 86
65 88
65 89
65 92
65 93
66 66
66 67
66 96
67 67
67 69
67 84
67 85
67 86
67 87
67 88
67 89
67 104
67 105
67 107
67 110
67 114
68 68
68 69
68 79
68 80
68 83
68 84
68 89
68 97
69 69
69 82
69 84
69 87
69 88
69 89
69 90
69 91
69 92
69 103
69 104
69 105
69 114
70 70
70 71
70 75
70 76
70 77
70 86
70 93
70 94
70 103
70 110
71 71
71 75
71 76
71 77
71 90
71 105
71 110
71 113
72 72
72 73
72 74
72 75
72 76
72 78
72 79
72 80
72 81
72 83
72 109
73 73
73 74
73 75
73 76
73 78
73 79
73 80
73 81
73 108
74 74
74 75
74 76
74 78
74 79
74 80
74 81
74 95
74 115
75 75
75 76
75 77
76 76
76 77
76 100
76 102
76 109
76 111
76 115
77 77
77 90
77 91
77 92
77 93
77 102
77 103
77 104
77 105
77 110
77 113
78 78
78 79
78 80
78 81
78 83
78 84
78 85
78 109
78 115
79 79
79 80
79 81
79 83
79 84
79 85
80 80
80 81
80 83
80 84
81 81
81 83
81 84
81 85
82 82
82 83
82 84
82 85
82 87
82 88
82 89
82 112
83 83
83 84
83 85
83 87
83 89
83 107
84 84
84 85
84 87
84 88
84 89
85 85
85 87
85 88
85 89
85 92
85 106
86 86
86 88
86 92
86 93
86 110
86 112
87 87
87 88
87 89
87 92
87 97
87 107
88 88
88 89
88 93
88 107
89 89
89 92
90 90
90 91
90 92
90 93
90 99
90 100
90 102
90 103
90 104
90 105
90 111
90 113
91 91
91 92
91 93
91 99
91 101
91 103
91 104
91 105
91 111
91 112
91 114
92 92
92 93
92 100
92 101
92 102
92 103
92 104
92 105
92 111
92 113
93 93
93 101
93 103
93 111
93 112
93 113
94 94
94 95
94 96
94 97
94 98
94 106
94 108
94 109
94 110
94 113
95 95
95 97
95 109
96 96
96 97
96 98
96 99
96 108
96 109
96 110
96 112
97 97
97 108
97 109
97 110
97 113
98 98
98 99
98 102
98 108
98 109
98 111
98 112
98 113
99 99
99 102
99 108
99 109
99 111
99 112
99 113
100 100
100 101
100 102
100 103
100 104
100 105
100 110
100 111
101 101
101 103
101 111
102 102
102 103
102 104
102 105
102 111
103 103
103 104
103 105
103 106
103 107
103 110
103 111
103 113
104 104
104 105
104 106
104 107
104 110
104 111
105 105
105 106
105 107
105 110
105 111
106 106
106 109
107 107
108 108
108 112
109 109
109 111
109 113
110 110
110 112
110 113
111 111
111 112
111 113
112 112
112 113
113 113
114 114
114 115
115 115
