0 0
0 1
0 8
0 10
0 12
0 16
0 18
0 28
0 40
0 43
0 56
0 58
0 60
0 72
0 74
0 76
0 82
0 86
1 1
1 16
1 17
1 29
1 32
1 33
1 40
1 49
1 51
1 56
1 57
1 59
1 62
1 63
1 66
1 68
1 69
1 72
1 80
1 81
1 83
1 89
1 98
1 106
2 2
2 3
2 6
2 7
2 8
2 9
2 10
2 18
2 19
2 21
2 22
2 23
2 24
2 25
2 27
2 30
2 31
2 42
2 64
2 65
2 70
2 86
2 91
2 92
2 93
2 103
2 104
2 107
2 113
2 114
3 3
3 5
3 6
3 7
3 9
3 11
3 13
3 15
3 19
3 20
3 21
3 22
3 23
3 25
3 27
3 30
3 31
3 33
3 70
3 71
3 77
3 85
3 89
3 90
3 92
3 100
3 102
3 104
3 106
4 4
4 5
4 6
4 8
4 9
4 10
4 12
4 13
4 14
4 15
4 19
4 20
4 24
4 26
4 27
4 30
4 31
4 33
4 41
4 60
4 64
4 71
4 73
4 75
4 82
4 83
4 93
5 5
5 7
5 8
5 9
5 11
5 13
5 15
5 20
5 24
5 25
5 26
5 27
5 30
5 31
5 33
5 35
5 41
5 64
5 65
5 73
5 83
5 92
5 93
5 102
5 110
6 6
6 7
6 8
6 9
6 10
6 11
6 12
6 13
6 22
6 23
6 24
6 30
6 31
6 35
6 60
6 64
6 65
6 88
6 92
6 93
7 7
7 9
7 11
7 13
7 15
7 20
7 22
7 23
7 25
7 30
7 31
7 33
7 35
7 65
7 67
7 92
7 100
7 102
7 104
7 106
7 114
8 8
8 9
8 10
8 12
8 13
8 14
8 15
8 24
8 26
8 58
8 60
8 64
8 65
8 73
8 75
8 77
8 82
8 86
8 88
8 91
8 93
8 107
9 9
9 11
9 13
9 15
9 19
9 20
9 22
9 23
9 24
9 25
9 26
9 27
9 30
9 31
9 33
9 35
9 41
9 64
9 65
9 73
9 75
9 77
9 82
9 86
9 87
9 88
9 92
9 93
9 100
10 10
10 11
10 12
10 13
10 14
10 15
10 18
10 24
10 28
10 33
10 60
10 64
10 72
10 76
10 82
11 11
11 13
11 15
11 19
11 20
11 25
11 29
11 30
11 31
11 33
11 35
11 65
11 83
11 85
11 92
11 100
12 12
12 13
12 14
12 15
12 32
12 33
12 58
12 60
12 64
12 72
13 13
13 15
13 20
13 29
13 30
13 31
13 33
13 35
13 61
13 65
13 92
13 115
14 14
14 15
14 18
14 19
14 22
14 24
14 26
14 28
14 36
14 38
14 64
14 73
14 74
14 77
14 82
14 84
14 86
14 88
14 90
14 91
14 93
14 99
15 15
15 20
15 26
15 29
15 30
15 31
15 33
15 36
15 41
15 82
15 83
15 85
15 90
15 92
15 102
16 16
16 17
16 28
16 29
16 32
16 36
16 40
16 48
16 49
16 51
16 53
16 55
16 56
16 57
16 62
16 63
16 68
16 69
16 72
16 74
16 78
16 79
16 80
16 81
16 97
16 98
16 109
17 17
17 28
17 29
17 49
17 51
17 56
17 57
17 62
17 63
17 68
17 69
17 72
17 78
17 79
17 80
17 81
17 97
17 105
17 111
18 18
18 19
18 22
18 23
18 24
18 28
18 47
18 70
18 73
18 74
18 75
18 76
18 77
18 82
18 86
18 87
18 88
18 91
18 93
18 99
18 101
18 103
18 104
18 113
18 114
19 19
19 20
19 24
19 31
19 33
19 68
19 69
19 70
19 71
19 73
19 75
19 77
19 83
19 90
19 91
19 92
19 93
19 94
19 99
19 101
19 102
19 103
19 107
19 113
20 20
20 21
20 26
20 27
20 30
20 31
20 33
20 38
20 40
20 41
20 71
20 73
20 74
20 75
20 83
20 90
20 92
21 21
21 22
21 23
21 25
21 27
21 30
21 31
21 71
21 82
21 86
21 87
21 91
21 94
21 97
21 104
21 105
21 113
21 114
22 22
22 23
22 24
22 25
22 27
22 30
22 31
22 34
22 38
22 64
22 65
22 70
22 77
22 82
22 86
22 87
22 88
22 91
22 92
22 93
22 94
22 97
22 101
22 103
22 104
22 105
22 110
22 113
22 114
23 23
23 24
23 25
23 27
23 30
23 31
23 34
23 38
23 64
23 65
23 70
23 77
23 82
23 86
23 87
23 88
23 91
23 92
23 93
23 94
23 100
23 103
23 104
23 107
23 110
23 113
23 114
24 24
24 25
24 26
24 27
24 30
24 31
24 64
24 65
24 70
24 73
24 75
24 76
24 77
24 82
24 86
24 93
24 107
24 113
25 25
25 26
25 27
25 30
25 31
25 35
25 64
25 65
25 73
25 75
25 76
25 77
25 87
25 92
25 93
25 100
25 102
25 104
25 107
25 110
25 113
25 114
26 26
26 27
26 30
26 31
26 33
26 35
26 41
26 64
26 70
26 71
26 73
26 75
26 82
26 92
26 93
26 102
27 27
27 30
27 31
27 34
27 35
27 38
27 64
27 65
27 71
27 82
27 87
27 92
27 93
27 94
27 102
27 104
27 105
27 110
27 113
27 114
28 28
28 29
28 36
28 40
28 70
28 72
28 74
28 78
28 79
28 80
28 81
28 82
28 83
28 99
28 105
28 115
29 29
29 31
29 32
29 33
29 36
29 40
29 41
29 57
29 62
29 63
29 72
29 73
29 75
29 78
29 79
29 80
29 81
29 83
29 95
29 98
30 30
30 31
30 33
30 41
30 64
30 65
30 70
30 73
30 74
30 75
30 76
30 77
30 87
30 92
30 100
30 102
31 31
31 33
31 41
31 70
31 71
31 73
31 74
31 75
31 77
31 83
31 92
31 100
31 102
31 105
31 113
31 114
32 32
32 33
32 40
32 41
32 56
32 57
32 58
32 59
32 60
32 61
32 63
32 66
32 68
32 69
32 72
32 80
32 81
32 83
32 98
33 33
33 35
33 41
33 73
33 83
33 115
34 34
34 35
34 38
34 39
34 58
34 61
34 63
34 64
34 65
34 76
34 77
34 86
34 87
34 88
34 91
34 109
34 110
35 35
35 38
35 45
35 58
35 60
35 61
35 64
35 65
35 67
35 92
35 100
35 102
35 110
36 36
36 37
36 38
36 39
36 40
36 41
36 54
36 55
36 72
36 73
36 74
36 78
36 80
36 81
36 82
36 83
36 84
36 87
36 88
36 95
36 96
36 108
37 37
37 38
37 39
37 40
37 41
37 73
37 74
37 77
37 78
37 80
37 82
37 83
37 87
37 89
37 95
37 101
37 107
37 108
37 110
38 38
38 39
38 40
38 54
38 82
38 88
38 91
38 92
38 93
38 94
38 104
38 108
38 110
38 112
39 39
39 40
39 41
39 46
39 54
39 55
39 83
39 87
39 88
39 91
39 92
39 95
39 96
39 108
39 110
40 40
40 41
40 56
40 72
40 73
40 74
40 77
40 80
40 82
40 83
40 96
40 108
40 110
41 41
41 73
41 74
41 75
41 80
41 81
41 82
41 83
41 87
41 95
41 100
41 108
42 42
42 43
42 45
42 46
42 47
42 50
42 51
42 67
42 96
42 97
42 98
42 103
42 106
42 113
42 114
43 43
43 45
43 46
43 47
43 48
43 49
43 50
43 51
43 55
43 56
43 59
43 66
43 67
43 96
43 110
43 114
44 44
44 45
44 46
44 48
44 49
44 50
44 51
44 52
44 53
44 55
44 59
44 61
44 66
44 67
44 71
44 90
44 98
44 102
45 45
45 46
45 47
45 48
45 49
45 50
45 51
45 52
45 53
45 54
45 55
45 59
45 61
45 66
45 67
45 98
45 102
46 46
46 47
46 50
46 51
46 52
46 53
46 54
46 55
46 56
46 57
46 59
46 62
46 66
46 67
46 95
46 96
46 98
46 99
46 108
47 47
47 50
47 54
47 55
47 67
47 91
47 94
47 96
47 98
47 99
47 103
47 104
47 110
47 113
47 114
48 48
48 49
48 50
48 51
48 52
48 53
48 56
48 57
48 58
48 59
48 60
48 66
48 98
48 109
49 49
49 50
49 51
49 52
49 53
49 55
49 56
49 57
49 58
49 59
49 60
49 61
49 63
49 66
49 81
49 86
49 98
50 50
50 51
50 52
50 53
50 54
50 55
50 58
50 59
50 66
50 67
50 97
50 98
50 111
51 51
51 52
51 53
51 54
51 55
51 56
51 57
51 58
51 59
51 63
51 66
51 81
51 85
51 97
51 98
52 52
52 53
52 54
52 55
52 57
52 59
52 62
52 63
52 66
52 67
52 85
52 90
52 96
52 98
53 53
53 54
53 55
53 56
53 57
53 59
53 66
53 80
53 81
53 85
53 90
53 96
53 98
54 54
54 55
54 67
54 88
54 95
54 96
54 98
54 102
54 104
54 112
55 55
55 56
55 57
55 59
55 80
55 81
55 89
55 95
55 96
55 98
55 99
55 108
56 56
56 57
56 58
56 59
56 60
56 61
56 62
56 63
56 66
56 68
56 69
56 72
56 78
56 79
56 80
56 81
56 96
56 98
56 109
57 57
57 59
57 60
57 61
57 62
57 63
57 66
57 68
57 69
57 78
57 79
57 80
57 81
57 96
57 98
58 58
58 59
58 60
58 61
58 63
58 64
58 65
58 66
58 72
58 86
59 59
59 60
59 61
59 63
59 66
59 67
59 68
59 69
59 98
60 60
60 61
60 63
60 64
60 65
60 72
61 61
61 63
61 64
61 65
61 66
61 81
61 98
62 62
62 63
62 66
62 69
62 79
62 80
62 81
62 83
62 85
62 98
63 63
63 66
63 72
63 79
63 80
63 81
63 98
63 109
64 64
64 65
64 82
64 86
64 88
64 93
64 105
64 110
65 65
65 92
65 93
65 100
65 110
66 66
66 67
66 68
66 69
66 98
67 67
67 96
67 98
67 102
67 106
68 68
68 69
68 78
68 79
68 81
68 91
68 97
68 99
68 107
68 111
68 113
69 69
69 78
69 79
69 80
69 81
69 97
69 99
69 107
69 111
69 113
70 70
70 71
70 73
70 75
70 77
70 90
70 93
70 94
70 97
70 101
70 103
70 104
70 107
70 113
70 114
71 71
71 73
71 75
71 78
71 90
71 92
71 93
71 94
71 101
71 102
71 104
71 105
71 114
72 72
72 73
72 74
72 76
72 78
72 79
72 80
72 81
72 82
72 109
73 73
73 74
73 75
73 76
73 77
73 78
73 83
73 90
73 92
73 101
73 107
73 113
74 74
74 75
74 76
74 77
74 78
74 79
74 80
74 82
74 87
75 75
75 76
75 77
75 93
75 101
76 76
76 77
76 109
76 111
76 113
77 77
77 82
77 90
77 91
77 92
77 93
77 101
77 102
77 103
77 104
77 107
77 109
77 110
77 113
77 114
78 78
78 79
78 80
78 81
78 97
78 105
78 113
78 115
79 79
79 80
79 81
79 97
79 105
79 109
79 111
79 115
80 80
80 81
80 82
80 83
80 84
80 85
80 95
80 96
80 98
80 99
80 108
81 81
81 83
81 84
81 85
81 95
81 98
82 82
82 83
82 84
82 86
82 87
82 88
82 91
82 93
82 101
83 83
83 85
83 90
83 95
83 98
83 108
84 84
84 85
84 86
84 87
84 88
84 89
85 85
85 88
85 89
85 90
86 86
86 87
86 88
87 87
87 88
87 95
87 104
88 88
88 89
88 91
88 92
88 93
89 89
89 90
89 94
89 95
89 97
89 99
89 113
90 90
90 91
90 92
90 98
90 99
90 101
90 102
90 106
90 107
91 91
91 92
91 93
91 94
91 99
91 101
91 102
91 103
91 104
91 107
91 108
91 110
91 113
91 114
92 92
92 93
92 100
92 101
92 102
92 103
92 104
92 110
93 93
93 101
93 102
93 103
93 104
93 107
93 110
94 94
94 97
94 99
94 102
94 103
94 104
94 105
94 107
94 110
94 111
94 112
94 113
94 114
94 115
95 95
95 96
95 98
95 106
95 108
96 96
96 98
96 108
97 97
97 99
97 104
97 105
97 107
97 109
97 111
97 112
97 113
97 114
97 115
98 98
98 99
99 99
99 103
99 107
99 111
99 112
99 113
100 100
100 101
100 102
100 103
100 104
100 108
101 101
101 102
101 103
101 104
101 108
102 102
102 103
102 104
102 112
103 103
103 104
103 105
103 107
103 113
103 114
104 104
104 105
104 107
104 113
104 114
105 105
105 109
105 111
105 112
105 113
105 114
105 115
106 106
106 107
106 114
107 107
107 108
107 110
107 113
107 114
108 108
109 109
109 110
109 111
109 115
110 110
110 111
110 114
111 111
111 112
111 113
111 115
112 112
112 113
113 113
113 114
114 114
114 115
115 115
