0 0
0 1
0 5
0 10
0 16
0 17
0 18
0 19
0 26
0 56
0 57
0 58
0 62
0 63
0 100
0 102
1 1
1 10
1 11
1 14
1 15
1 16
1 17
1 18
1 19
1 28
1 29
1 56
1 57
1 62
1 63
1 75
1 78
1 79
1 80
1 81
1 82
2 2
2 3
2 4
2 6
2 7
2 8
2 22
2 34
2 42
2 47
2 49
2 50
2 51
2 52
2 53
2 58
2 59
2 66
2 67
2 69
2 88
2 89
2 90
2 91
2 92
2 93
2 98
2 99
2 101
2 106
2 107
2 110
2 113
2 114
2 115
3 3
3 4
3 5
3 6
3 7
3 8
3 9
3 18
3 22
3 23
3 35
3 42
3 50
3 51
3 52
3 53
3 58
3 59
3 65
3 66
3 67
3 68
3 84
3 88
3 89
3 90
3 91
3 98
3 99
3 115
4 4
4 5
4 6
4 7
4 8
4 9
4 12
4 14
4 15
4 19
4 20
4 21
4 23
4 24
4 25
4 26
4 27
4 30
4 38
4 39
4 88
5 5
5 8
5 9
5 14
5 15
5 20
5 21
5 23
5 24
5 25
5 26
5 27
5 30
5 38
5 39
5 88
6 6
6 7
6 8
6 12
6 22
6 53
6 58
6 59
6 60
6 61
6 66
6 90
6 91
6 92
6 93
6 99
6 100
6 101
6 102
6 103
6 104
6 105
6 106
6 107
6 108
6 110
6 113
6 114
6 115
7 7
7 8
7 9
7 23
7 53
7 58
7 59
7 60
7 61
7 65
7 66
7 67
7 90
7 91
7 92
7 93
7 106
7 107
7 108
7 115
8 8
8 9
8 12
8 14
8 15
8 22
8 26
8 34
8 35
8 58
8 59
8 61
8 66
8 90
8 91
8 113
8 114
9 9
9 14
9 15
9 23
9 24
9 25
9 26
9 30
9 61
9 65
9 90
9 108
10 10
10 11
10 12
10 14
10 16
10 17
10 28
10 29
10 30
10 31
10 33
10 40
10 56
10 57
10 62
10 63
10 72
10 73
10 78
10 79
10 80
10 81
10 83
11 11
11 13
11 16
11 17
11 28
11 29
11 30
11 31
11 33
11 40
11 41
11 56
11 60
11 61
11 62
11 63
11 70
11 71
11 72
11 73
11 74
11 75
11 76
11 77
11 78
11 79
11 80
11 81
11 82
11 83
12 12
12 13
12 14
12 15
12 56
12 60
12 113
13 13
13 15
13 16
13 17
13 28
13 29
13 31
13 33
13 57
13 60
13 61
13 62
13 63
13 78
13 79
13 80
13 81
13 82
13 83
13 92
14 14
14 15
14 18
14 20
14 21
14 22
14 24
14 25
14 26
14 27
14 30
14 57
14 82
14 84
14 88
15 15
15 18
15 19
15 20
15 21
15 25
15 26
15 27
15 30
15 38
15 39
15 57
15 61
15 88
16 16
16 17
16 28
16 29
16 31
16 33
16 40
16 41
16 56
16 57
16 62
16 63
16 72
16 73
16 74
16 75
16 76
16 77
16 78
16 79
16 80
16 81
16 82
16 83
16 94
17 17
17 28
17 29
17 31
17 32
17 33
17 40
17 44
17 56
17 57
17 62
17 63
17 72
17 73
17 77
17 78
17 79
17 80
17 81
17 100
17 102
18 18
18 19
18 26
18 52
18 56
18 57
18 58
18 62
18 63
18 68
18 69
18 88
18 98
19 19
19 26
19 52
19 56
19 57
19 59
19 62
19 63
19 68
19 69
20 20
20 21
20 24
20 25
20 26
20 27
20 36
20 38
20 39
20 40
20 41
20 42
20 68
20 70
20 71
20 72
20 73
20 74
20 75
20 76
20 80
20 82
20 84
20 85
20 86
20 87
20 88
21 21
21 24
21 25
21 26
21 27
21 36
21 38
21 39
21 40
21 41
21 42
21 68
21 70
21 71
21 72
21 73
21 74
21 75
21 76
21 80
21 82
21 83
21 84
21 85
21 86
21 87
21 88
21 89
22 22
22 23
22 34
22 38
22 64
22 86
22 89
22 90
22 91
22 93
22 99
22 106
22 110
22 113
23 23
23 25
23 30
23 31
23 61
23 65
23 90
23 95
23 98
23 99
24 24
24 25
24 26
24 27
24 29
24 30
24 31
24 35
24 36
24 38
24 39
24 41
24 70
24 71
24 73
24 83
25 25
25 26
25 27
25 30
25 31
25 36
25 38
25 39
25 40
25 41
25 70
25 71
25 73
26 26
26 27
26 30
26 38
26 39
26 54
26 88
27 27
27 30
27 36
27 38
27 39
27 40
27 41
27 68
27 70
27 71
27 72
27 73
27 74
27 82
27 84
27 85
27 86
27 87
27 88
28 28
28 29
28 30
28 31
28 32
28 33
28 40
28 41
28 44
28 57
28 62
28 63
28 70
28 72
28 73
28 74
28 75
28 76
28 77
28 78
28 79
28 80
28 81
28 82
28 83
28 100
28 109
29 29
29 30
29 31
29 33
29 40
29 41
29 44
29 56
29 57
29 62
29 63
29 70
29 72
29 73
29 74
29 76
29 77
29 78
29 79
29 80
29 81
29 82
29 83
29 100
30 30
30 31
30 38
30 39
30 63
30 70
30 71
30 73
30 75
30 78
30 79
30 83
31 31
31 33
31 36
31 39
31 40
31 41
31 62
31 70
31 71
31 72
31 73
31 74
31 75
31 76
31 77
31 78
31 79
31 80
31 81
31 82
31 83
32 32
32 33
32 36
32 47
32 93
32 103
32 104
32 106
32 107
32 110
33 33
33 60
33 62
33 63
33 77
33 79
33 81
34 34
34 35
34 47
34 48
34 49
34 50
34 52
34 53
34 55
34 58
34 66
34 91
34 104
34 106
35 35
35 36
35 37
35 42
35 43
35 48
35 49
35 50
35 51
35 55
35 65
35 66
35 67
35 85
35 86
35 87
36 36
36 37
36 39
36 40
36 41
36 43
36 44
36 46
36 47
36 64
36 70
36 71
36 72
36 73
36 74
36 75
36 76
36 77
36 80
36 82
36 85
36 86
36 87
37 37
37 39
37 40
37 41
37 42
37 43
37 44
37 45
37 46
37 47
37 50
37 71
37 72
37 73
37 74
37 76
37 77
37 85
37 86
37 87
38 38
38 39
38 46
38 54
38 55
38 96
38 97
38 99
38 112
38 113
39 39
39 40
39 41
39 54
39 95
39 97
40 40
40 41
40 46
40 62
40 70
40 71
40 72
40 73
40 74
40 75
40 76
40 77
40 78
40 79
40 80
40 81
40 82
40 83
40 84
40 85
40 86
40 87
41 41
41 43
41 44
41 45
41 46
41 62
41 70
41 71
41 72
41 73
41 74
41 75
41 76
41 77
41 78
41 79
41 80
41 81
41 82
41 83
41 84
41 85
41 86
41 87
42 42
42 43
42 44
42 45
42 46
42 47
42 48
42 50
42 51
42 52
42 53
42 54
42 55
42 66
42 67
42 75
42 84
42 85
42 88
42 98
42 112
42 114
42 115
43 43
43 44
43 45
43 46
43 47
43 48
43 50
43 51
43 54
43 55
43 76
43 77
43 85
43 87
43 114
44 44
44 45
44 46
44 47
44 48
44 51
44 54
44 55
44 72
44 77
44 97
44 111
45 45
45 46
45 47
45 48
45 54
45 55
45 76
45 80
45 81
45 97
45 98
45 109
45 111
45 112
45 114
46 46
46 47
46 48
46 54
46 55
46 72
46 75
46 76
46 81
46 96
46 97
46 98
46 111
46 112
47 47
47 48
47 49
47 50
47 51
47 52
47 53
47 55
47 66
47 91
47 103
47 104
47 105
47 106
47 107
47 110
47 114
47 115
48 48
48 49
48 50
48 51
48 52
48 53
48 54
48 55
48 66
48 67
48 90
48 91
48 96
48 97
48 98
48 99
48 100
48 101
48 102
48 107
48 110
48 115
49 49
49 50
49 51
49 52
49 53
49 55
49 58
49 59
49 67
49 89
49 90
49 91
49 107
50 50
50 51
50 52
50 53
50 55
50 58
50 59
50 66
50 67
50 89
50 91
50 107
50 115
51 51
51 53
51 55
51 65
51 66
51 67
52 52
52 53
52 54
52 55
52 58
52 59
52 68
52 84
52 88
52 89
52 90
52 91
52 98
52 99
52 101
52 106
52 115
53 53
53 55
53 58
53 59
53 66
53 67
53 68
53 85
53 88
53 89
53 90
53 91
53 93
53 101
53 106
53 107
53 114
53 115
54 54
54 55
54 88
54 96
54 97
54 98
54 99
54 111
54 112
55 55
55 96
55 97
55 98
55 99
55 101
55 111
56 56
56 57
56 62
56 63
56 78
56 79
56 81
56 100
56 101
56 102
57 57
57 62
57 63
57 78
57 79
57 80
57 81
57 82
58 58
58 59
58 66
58 67
58 68
58 69
58 88
58 89
58 90
58 91
58 93
58 101
58 103
58 106
58 107
58 108
58 114
58 115
59 59
59 61
59 66
59 68
59 69
59 88
59 89
59 90
59 91
59 93
59 98
59 101
59 106
59 107
59 115
60 60
60 61
60 63
60 92
60 93
60 102
60 103
61 61
61 65
61 90
61 92
62 62
62 63
62 72
62 73
62 74
62 77
62 78
62 79
62 80
62 81
62 82
62 100
62 111
63 63
63 78
63 79
63 80
63 81
63 83
63 100
63 102
64 64
64 65
64 66
64 67
64 85
64 86
64 87
64 89
64 104
64 105
64 114
65 65
65 66
65 67
65 84
65 85
65 86
65 87
65 89
65 90
66 66
66 67
66 69
66 89
66 90
66 91
66 104
66 105
66 106
66 107
66 114
66 115
67 67
67 90
67 91
67 104
67 105
67 113
67 114
67 115
68 68
68 69
68 84
68 85
68 88
68 89
69 69
69 93
69 106
69 107
70 70
70 71
70 72
70 73
70 74
70 75
70 76
70 77
70 78
70 80
70 82
70 83
70 84
70 85
70 86
70 87
70 109
71 71
71 72
71 73
71 74
71 75
71 76
71 77
71 80
71 82
71 83
71 84
71 85
71 86
71 87
72 72
72 73
72 74
72 75
72 76
72 77
72 78
72 79
72 80
72 81
72 82
72 83
72 84
72 85
72 86
72 87
72 109
73 73
73 74
73 75
73 76
73 77
73 78
73 79
73 80
73 81
73 82
73 83
73 84
73 85
73 86
73 87
73 109
74 74
74 75
74 76
74 77
74 78
74 79
74 80
74 81
74 82
74 83
74 84
74 85
74 86
74 87
74 109
75 75
75 76
75 77
75 78
75 79
75 80
75 81
75 82
75 83
75 84
75 85
75 109
76 76
76 77
76 78
76 79
76 80
76 81
76 82
76 83
76 84
76 85
76 86
76 87
76 109
77 77
77 78
77 79
77 80
78 78
78 79
78 80
78 81
78 82
78 83
78 84
78 95
78 109
79 79
79 80
79 81
79 82
79 83
79 95
80 80
80 81
80 82
80 83
80 84
80 85
80 86
80 87
80 109
81 81
81 82
81 83
81 84
82 82
82 83
82 84
82 85
82 86
82 87
83 83
83 84
83 85
83 86
83 87
84 84
84 85
84 86
84 87
84 88
84 89
85 85
85 86
85 87
85 88
85 89
86 86
86 87
86 88
86 89
87 87
87 89
88 88
88 89
88 90
88 112
89 89
89 90
89 91
89 106
89 107
89 114
90 90
90 91
90 92
90 93
90 96
90 98
90 99
90 101
90 102
90 106
90 107
90 110
90 113
90 114
90 115
91 91
91 92
91 93
91 98
91 99
91 101
91 102
91 103
91 104
91 105
91 106
91 107
91 110
91 114
91 115
92 92
92 93
92 94
92 96
92 98
92 99
92 100
92 101
92 102
92 103
92 104
92 105
92 106
92 107
92 110
92 113
93 93
93 96
93 98
93 100
93 101
93 102
93 103
93 104
93 105
93 106
93 107
93 110
94 94
94 95
94 96
94 97
94 100
94 101
94 108
95 95
95 96
95 97
95 108
96 96
96 97
96 98
96 99
96 100
96 101
96 102
96 103
96 108
96 110
96 111
96 112
96 113
97 97
97 98
97 99
97 100
97 101
97 102
97 103
97 108
97 110
97 111
98 98
98 99
98 100
98 101
98 102
98 110
98 111
98 112
98 113
99 99
99 100
99 101
99 102
99 103
99 107
99 108
99 110
99 111
99 113
100 100
100 101
100 102
100 103
100 107
100 108
100 110
100 111
101 101
101 102
101 103
101 104
101 106
101 107
101 108
101 110
101 115
102 102
102 103
102 104
102 106
102 107
102 108
102 110
102 113
103 103
103 104
103 105
103 106
103 107
103 110
104 104
104 105
104 106
104 107
104 110
104 114
104 115
105 105
105 106
105 107
105 110
105 114
105 115
106 106
106 107
106 110
106 114
106 115
107 107
107 110
108 108
108 113
108 115
109 109
109 111
110 110
110 111
110 113
111 111
111 112
111 113
112 112
113 113
113 114
114 114
114 115
115 115
