0 0
0 1
0 2
0 6
0 7
0 8
0 9
0 10
0 11
0 12
0 13
0 14
0 15
0 58
0 60
0 61
0 64
0 65
0 88
0 92
0 93
1 1
1 3
1 5
1 7
1 8
1 9
1 10
1 11
1 12
1 13
1 14
1 15
1 23
1 29
1 61
1 65
1 68
1 75
1 83
1 87
1 88
1 92
2 2
2 4
2 6
2 7
2 8
2 9
2 12
2 13
2 14
2 22
2 25
2 33
2 35
2 58
2 60
2 61
2 64
2 65
2 66
2 67
2 69
2 88
2 91
2 93
2 101
2 112
3 3
3 5
3 7
3 9
3 11
3 15
3 21
3 23
3 26
3 27
3 31
3 65
3 83
3 85
3 87
3 90
3 92
3 93
3 100
3 108
4 4
4 5
4 7
4 8
4 9
4 10
4 11
4 14
4 35
4 42
4 45
4 47
4 58
4 65
4 66
4 67
4 69
4 91
4 93
4 94
4 96
4 104
4 110
4 113
4 114
5 5
5 7
5 8
5 9
5 10
5 11
5 15
5 21
5 23
5 24
5 25
5 26
5 27
5 31
5 42
5 43
5 45
5 47
5 65
5 67
5 69
5 70
5 71
5 73
5 83
5 87
5 90
5 92
5 93
5 96
5 100
5 102
5 110
5 113
6 6
6 7
6 8
6 9
6 12
6 14
6 22
6 25
6 28
6 29
6 30
6 31
6 33
6 58
6 60
6 64
6 65
6 66
6 91
6 93
6 100
6 101
7 7
7 8
7 9
7 10
7 11
7 12
7 13
7 15
7 23
7 25
7 27
7 31
7 42
7 43
7 45
7 47
7 61
7 64
7 65
7 67
7 69
7 83
7 92
7 93
7 100
7 112
8 8
8 9
8 10
8 11
8 12
8 13
8 14
8 15
8 28
8 58
8 60
8 61
8 64
8 65
8 66
8 67
8 69
8 91
8 92
8 93
8 101
8 103
8 114
9 9
9 10
9 11
9 12
9 13
9 14
9 15
9 23
9 42
9 61
9 65
9 67
9 69
9 91
9 92
9 93
9 100
9 114
10 10
10 11
10 12
10 13
10 14
10 15
10 23
10 39
10 58
10 65
10 67
10 69
10 92
10 93
10 97
10 112
10 113
11 11
11 12
11 13
11 14
11 15
11 23
11 39
11 61
11 65
11 68
11 83
11 88
11 92
11 93
11 112
11 113
12 12
12 13
12 14
12 15
12 16
12 28
12 29
12 58
12 60
12 61
12 65
12 92
12 93
12 100
12 101
12 114
13 13
13 14
13 15
13 29
13 60
13 61
13 65
13 83
13 88
13 92
13 93
13 100
13 112
14 14
14 15
14 16
14 28
14 58
14 60
14 61
14 65
14 68
14 88
14 93
14 101
14 114
15 15
15 23
15 27
15 28
15 29
15 61
15 65
15 68
15 83
15 85
15 87
15 92
15 114
16 16
16 17
16 28
16 29
16 32
16 36
16 41
16 52
16 56
16 57
16 60
16 61
16 62
16 63
16 72
16 75
16 78
16 79
16 80
16 81
16 89
17 17
17 18
17 19
17 28
17 29
17 30
17 32
17 34
17 36
17 41
17 49
17 52
17 56
17 57
17 59
17 60
17 61
17 62
17 63
17 72
17 74
17 75
17 76
17 78
17 79
17 80
17 81
17 82
17 89
17 99
17 109
17 111
17 115
18 18
18 19
18 28
18 29
18 30
18 32
18 36
18 46
18 52
18 53
18 62
18 63
18 68
18 72
18 73
18 78
18 80
18 81
18 82
18 83
18 84
18 98
18 101
18 106
18 107
19 19
19 20
19 26
19 27
19 28
19 29
19 32
19 36
19 41
19 56
19 57
19 62
19 63
19 68
19 70
19 72
19 73
19 75
19 78
19 79
19 80
19 81
19 82
19 83
19 84
19 90
19 98
19 102
19 109
19 111
20 20
20 21
20 25
20 26
20 27
20 28
20 30
20 31
20 41
20 63
20 70
20 71
20 72
20 75
20 80
20 81
20 83
20 88
21 21
21 23
21 24
21 25
21 26
21 27
21 30
21 31
21 38
21 40
21 41
21 47
21 56
21 70
21 71
21 73
21 75
21 77
21 83
21 87
21 94
22 22
22 23
22 26
22 30
22 34
22 35
22 57
22 64
22 77
22 82
22 83
22 84
22 86
22 88
22 91
22 107
23 23
23 25
23 26
23 27
23 31
23 64
23 65
23 68
23 70
23 71
23 82
23 83
23 84
23 85
23 87
23 88
23 92
23 93
23 107
23 108
24 24
24 25
24 27
24 69
24 73
24 102
24 110
24 111
25 25
25 26
25 27
25 30
25 31
25 33
25 42
25 43
25 44
25 45
25 47
25 51
25 67
25 69
25 70
25 71
25 73
25 83
25 94
25 96
25 100
25 102
25 106
25 110
26 26
26 27
26 30
26 31
26 40
26 41
26 51
26 68
26 70
26 71
26 77
26 82
26 83
26 84
26 85
26 86
26 88
26 107
26 109
27 27
27 31
27 38
27 40
27 43
27 47
27 51
27 68
27 70
27 71
27 82
27 83
27 84
27 85
27 87
27 90
27 107
28 28
28 29
28 30
28 32
28 33
28 36
28 41
28 52
28 60
28 62
28 63
28 72
28 80
28 81
28 82
28 83
28 101
28 115
29 29
29 30
29 31
29 32
29 33
29 36
29 59
29 60
29 61
29 62
29 63
29 72
29 75
29 80
29 81
29 83
29 101
30 30
30 31
30 32
30 33
30 41
30 44
30 46
30 51
30 52
30 53
30 56
30 59
30 62
30 63
30 70
30 71
30 72
30 77
30 80
30 81
30 82
30 83
30 106
31 31
31 33
31 42
31 43
31 44
31 45
31 46
31 47
31 51
31 53
31 70
31 71
31 73
31 82
31 83
32 32
32 33
32 34
32 36
32 41
32 44
32 46
32 49
32 52
32 56
32 59
32 60
32 62
32 63
32 70
32 72
32 73
32 74
32 78
32 79
32 80
32 81
32 82
32 98
32 106
32 115
33 33
33 34
33 35
33 44
33 46
33 52
33 60
33 62
33 63
33 66
33 72
33 80
33 81
33 106
33 115
34 34
34 35
34 44
34 45
34 46
34 55
34 64
34 76
34 81
34 99
34 106
34 107
34 109
34 110
34 112
34 115
35 35
35 44
35 45
35 64
35 65
35 66
35 67
35 69
35 93
35 109
35 110
36 36
36 37
36 38
36 39
36 40
36 41
36 52
36 54
36 55
36 56
36 59
36 62
36 63
36 72
36 74
36 75
36 76
36 78
36 79
36 80
36 81
36 89
36 98
36 99
37 37
37 38
37 39
37 40
37 41
37 48
37 52
37 54
37 55
37 73
37 74
37 75
37 76
37 79
37 84
37 89
37 95
37 96
37 97
37 98
37 99
37 104
37 109
37 110
37 111
37 113
38 38
38 39
38 40
38 41
38 48
38 50
38 51
38 52
38 54
38 55
38 68
38 75
38 76
38 84
38 85
38 87
38 95
38 96
38 97
38 105
38 111
38 113
39 39
39 40
39 41
39 48
39 54
39 55
39 89
39 92
39 94
39 95
39 96
39 97
39 110
39 113
39 114
40 40
40 41
40 54
40 70
40 72
40 73
40 74
40 75
40 78
40 80
40 82
40 83
40 84
40 87
40 95
40 96
40 98
40 111
40 113
41 41
41 52
41 54
41 56
41 57
41 62
41 63
41 68
41 70
41 72
41 73
41 74
41 75
41 76
41 78
41 79
41 80
41 81
41 82
41 84
41 88
41 89
41 109
41 111
42 42
42 43
42 44
42 45
42 46
42 47
42 49
42 67
42 94
42 96
42 112
43 43
43 44
43 45
43 46
43 47
43 48
43 49
43 51
43 55
43 67
43 71
43 96
43 97
44 44
44 45
44 46
44 47
44 49
44 56
44 59
44 62
44 63
44 73
44 78
44 79
44 80
44 81
44 98
44 102
44 106
44 109
44 115
45 45
45 46
45 47
45 48
45 49
45 55
45 65
45 67
45 69
45 77
45 94
45 96
45 97
45 104
45 110
45 112
46 46
46 47
46 48
46 49
46 53
46 55
46 73
46 96
46 97
46 98
46 99
46 102
46 104
46 106
46 109
46 110
46 111
46 112
46 115
47 47
47 49
47 55
47 67
47 69
47 70
47 90
47 96
47 102
47 110
47 111
47 112
48 48
48 50
48 51
48 52
48 53
48 54
48 55
48 58
48 69
48 87
48 94
48 95
48 96
48 97
48 113
49 49
49 55
49 59
49 62
49 63
49 79
49 80
49 81
49 96
49 104
50 50
50 51
50 52
50 53
50 54
50 55
50 58
50 69
50 82
50 84
50 96
50 97
51 51
51 52
51 53
51 54
51 55
51 67
51 71
51 82
51 96
52 52
52 53
52 54
52 58
52 59
52 62
52 63
52 72
52 78
52 80
52 81
52 82
52 89
52 98
53 53
53 54
53 68
53 82
53 98
54 54
54 55
54 62
54 85
54 87
54 89
54 95
54 96
54 97
54 98
54 99
54 111
54 113
55 55
55 94
55 95
55 96
55 97
55 99
55 103
55 105
55 111
56 56
56 57
56 62
56 63
56 72
56 73
56 75
56 76
56 77
56 78
56 79
56 80
56 81
56 82
56 84
56 85
56 87
56 107
57 57
57 62
57 63
57 73
57 75
57 76
57 77
57 78
57 79
57 80
57 81
57 84
57 85
57 87
57 99
57 102
57 107
57 109
57 111
58 58
58 60
58 61
58 64
58 66
58 69
58 88
58 91
58 93
58 103
58 114
59 59
59 61
59 62
59 63
59 66
59 79
59 80
59 90
60 60
60 61
60 62
60 63
60 64
60 65
60 66
60 72
60 88
60 89
60 101
60 103
61 61
61 63
61 65
61 66
61 88
61 92
61 100
62 62
62 63
62 72
62 78
62 79
62 80
62 81
62 82
62 89
62 98
62 99
62 115
63 63
63 72
63 75
63 78
63 79
63 80
63 81
63 89
63 98
63 99
64 64
64 65
64 91
64 93
65 65
65 67
65 69
65 85
65 86
65 88
65 92
65 93
66 66
66 67
66 69
66 103
67 67
67 69
67 93
67 94
67 96
67 97
67 110
68 68
68 70
68 74
68 75
68 82
68 83
68 84
68 90
69 69
69 86
69 91
69 93
69 96
69 110
69 112
70 70
70 71
70 72
70 73
70 74
70 75
70 77
70 80
70 82
70 83
70 90
70 102
71 71
71 73
71 74
71 82
71 83
71 102
72 72
72 73
72 74
72 75
72 78
72 79
72 80
72 81
72 82
72 89
72 98
72 101
72 115
73 73
73 74
73 75
73 76
73 77
73 79
73 80
73 81
73 95
73 98
73 102
73 104
73 109
73 110
73 111
73 112
74 74
74 75
74 76
74 82
74 84
74 89
74 97
74 98
74 99
74 111
74 115
75 75
75 76
75 77
75 79
75 80
75 83
75 87
75 111
75 113
76 76
76 77
76 78
76 79
76 81
76 84
76 98
76 99
76 109
76 111
76 112
76 113
77 77
77 79
77 92
77 95
77 97
77 109
77 110
78 78
78 79
78 80
78 81
78 82
78 84
78 85
78 89
78 98
78 107
78 111
79 79
79 80
79 81
79 84
79 89
79 99
79 107
79 109
79 111
80 80
80 81
80 82
80 84
80 89
80 98
80 99
80 106
80 107
80 111
81 81
81 84
81 89
81 98
81 99
81 106
81 109
81 115
82 82
82 83
82 84
82 85
82 86
82 87
82 89
82 107
83 83
83 87
84 84
84 85
84 86
84 87
84 88
84 95
84 97
84 99
84 107
84 109
84 111
85 85
85 86
85 87
85 88
85 89
85 107
85 113
86 86
86 87
86 105
86 106
86 107
87 87
87 105
87 111
87 113
88 88
88 108
89 89
89 99
89 115
90 90
90 98
90 100
90 102
91 91
91 93
91 95
91 98
91 99
91 100
91 101
91 103
91 105
91 108
91 112
91 115
92 92
92 93
92 113
92 114
93 93
93 95
93 101
93 103
93 108
93 112
93 113
94 94
94 96
94 97
94 105
94 108
94 110
94 114
95 95
95 97
95 99
95 105
95 106
95 107
95 108
95 109
95 111
96 96
96 97
96 98
96 99
96 104
96 110
96 111
96 113
96 114
97 97
97 99
97 104
97 109
97 110
98 98
98 99
98 102
98 104
98 110
98 111
98 115
99 99
99 101
99 103
99 104
99 109
99 110
99 111
99 112
99 113
99 115
100 100
100 101
100 102
100 112
101 101
101 102
101 103
101 115
102 102
102 104
102 106
102 109
102 110
102 111
102 112
103 103
103 104
103 105
103 111
103 113
103 114
104 104
104 105
104 109
104 110
104 114
104 115
105 105
105 114
106 106
106 107
106 109
106 112
106 115
107 107
107 109
107 115
108 108
109 109
109 110
109 111
109 112
109 115
110 110
110 113
110 115
111 111
111 113
112 112
112 115
113 113
113 114
114 114
115 115
