0 0
0 1
0 10
0 11
0 12
0 13
0 18
0 28
0 29
0 60
0 68
0 72
0 75
0 76
0 78
0 82
0 91
0 94
0 97
0 99
0 101
0 106
0 107
1 1
1 10
1 11
1 12
1 13
1 15
1 16
1 17
1 28
1 29
1 32
1 52
1 54
1 56
1 58
1 59
1 60
1 61
1 62
1 63
1 65
1 66
1 68
1 73
1 76
1 83
1 86
2 2
2 3
2 4
2 5
2 6
2 7
2 8
2 9
2 14
2 20
2 21
2 22
2 23
2 24
2 25
2 26
2 30
2 31
2 33
2 34
2 35
2 50
2 60
2 64
2 70
2 71
2 84
2 88
2 93
3 3
3 5
3 7
3 15
3 21
3 22
3 23
3 24
3 25
3 26
3 27
3 30
3 31
3 33
3 34
3 35
3 41
3 50
3 64
3 65
3 83
3 84
3 85
3 88
3 89
4 4
4 6
4 7
4 8
4 9
4 10
4 11
4 12
4 13
4 14
4 15
4 17
4 52
4 58
4 60
4 61
4 64
4 65
4 70
4 72
4 75
4 76
4 82
4 83
4 90
4 91
4 93
4 103
4 108
5 5
5 7
5 20
5 21
5 22
5 23
5 24
5 25
5 26
5 27
5 30
5 31
5 34
5 35
5 38
5 45
5 50
5 64
5 67
5 70
5 84
5 85
5 88
5 105
6 6
6 7
6 8
6 9
6 14
6 15
6 18
6 19
6 20
6 22
6 23
6 30
6 31
6 33
6 34
6 35
6 41
6 60
6 64
6 70
6 71
6 72
6 91
6 93
6 95
6 103
7 7
7 8
7 9
7 13
7 14
7 15
7 22
7 23
7 30
7 31
7 33
7 34
7 35
7 41
7 50
7 60
7 64
7 65
7 92
8 8
8 9
8 10
8 11
8 12
8 13
8 14
8 15
8 31
8 33
8 34
8 35
8 41
8 58
8 60
8 64
8 65
8 70
8 71
8 75
8 82
8 91
8 93
8 112
9 9
9 10
9 11
9 12
9 13
9 14
9 15
9 19
9 29
9 33
9 41
9 58
9 60
9 61
9 64
9 65
9 70
9 75
9 91
9 92
9 93
9 103
9 112
10 10
10 11
10 12
10 13
10 14
10 15
10 17
10 28
10 29
10 58
10 60
10 61
10 64
10 65
10 71
10 72
10 73
10 75
10 76
10 77
10 82
10 83
10 94
11 11
11 12
11 13
11 14
11 15
11 17
11 18
11 28
11 29
11 58
11 60
11 61
11 65
11 72
11 74
11 75
11 76
11 77
11 82
11 83
11 91
11 92
11 112
12 12
12 13
12 14
12 15
12 17
12 28
12 29
12 58
12 59
12 60
12 61
12 63
12 65
12 66
12 73
12 75
12 76
12 77
12 82
12 83
12 112
13 13
13 14
13 15
13 17
13 28
13 29
13 52
13 58
13 59
13 60
13 61
13 63
13 65
13 72
13 74
13 75
13 76
13 82
13 83
13 92
13 99
13 112
14 14
14 15
14 22
14 41
14 58
14 60
14 61
14 64
14 65
14 71
14 75
14 76
14 77
14 82
14 83
14 88
15 15
15 17
15 29
15 33
15 41
15 52
15 58
15 59
15 60
15 61
15 63
15 64
15 65
15 73
15 74
15 75
15 76
15 82
15 83
15 92
15 112
16 16
16 17
16 28
16 32
16 36
16 37
16 38
16 39
16 52
16 56
16 57
16 59
16 61
16 62
16 63
16 68
16 69
16 78
16 79
16 80
16 81
16 83
16 87
16 92
16 100
16 101
16 104
17 17
17 28
17 29
17 36
17 52
17 54
17 55
17 59
17 60
17 61
17 62
17 63
17 73
17 74
17 75
17 76
17 79
17 81
17 83
17 92
17 99
17 112
18 18
18 19
18 20
18 28
18 29
18 31
18 36
18 40
18 72
18 73
18 74
18 75
18 76
18 77
18 78
18 91
18 93
18 94
18 97
18 99
18 100
18 101
18 109
18 113
19 19
19 28
19 31
19 33
19 36
19 41
19 57
19 70
19 72
19 73
19 74
19 75
19 90
19 91
19 92
19 93
19 100
19 101
19 102
19 103
19 105
19 106
20 20
20 21
20 22
20 23
20 24
20 25
20 26
20 27
20 30
20 31
20 34
20 35
20 40
20 41
20 50
20 53
20 67
20 77
20 84
20 93
20 109
21 21
21 22
21 23
21 24
21 25
21 26
21 27
21 30
21 31
21 34
21 35
21 38
21 40
21 50
21 53
21 64
21 70
21 84
21 85
21 88
21 94
22 22
22 23
22 24
22 25
22 26
22 27
22 30
22 31
22 34
22 35
22 45
22 50
22 64
22 67
22 84
22 85
22 88
22 110
23 23
23 24
23 25
23 26
23 27
23 30
23 31
23 33
23 34
23 35
23 41
23 48
23 50
23 64
23 67
23 84
23 88
23 108
24 24
24 25
24 26
24 27
24 30
24 31
24 34
24 35
24 40
24 44
24 45
24 50
24 57
24 64
24 67
24 84
24 88
24 105
24 110
24 115
25 25
25 26
25 27
25 30
25 31
25 34
25 35
25 38
25 40
25 44
25 45
25 47
25 50
25 53
25 64
25 67
25 84
25 85
25 88
25 105
25 110
25 115
26 26
26 27
26 30
26 31
26 34
26 35
26 44
26 45
26 48
26 50
26 53
26 64
26 67
26 84
26 88
27 27
27 30
27 31
27 34
27 35
27 40
27 44
27 45
27 50
27 53
27 67
27 84
27 85
27 87
27 88
27 110
28 28
28 29
28 36
28 40
28 62
28 70
28 71
28 72
28 73
28 74
28 75
28 76
28 77
28 79
28 80
28 81
28 82
28 83
28 91
28 93
28 94
28 97
28 99
28 101
28 104
28 107
28 109
28 113
28 114
29 29
29 36
29 55
29 60
29 61
29 62
29 71
29 72
29 73
29 74
29 75
29 76
29 77
29 79
29 82
29 83
29 99
29 107
29 109
30 30
30 31
30 34
30 35
30 40
30 64
30 70
30 84
30 95
30 106
30 109
31 31
31 33
31 34
31 35
31 40
31 41
31 64
31 70
31 71
31 84
31 95
32 32
32 56
32 62
32 66
32 68
32 69
32 80
32 81
32 85
32 86
32 87
32 89
32 98
32 104
33 33
33 41
33 64
33 70
33 103
33 104
33 105
33 108
34 34
34 35
34 44
34 45
34 50
34 64
34 67
34 84
34 85
34 88
34 95
34 108
34 110
34 115
35 35
35 44
35 45
35 47
35 50
35 64
35 67
35 84
35 105
35 110
35 115
36 36
36 37
36 38
36 39
36 40
36 56
36 57
36 62
36 71
36 72
36 73
36 74
36 75
36 76
36 77
36 79
36 80
36 81
36 94
36 97
36 99
36 110
36 114
37 37
37 38
37 39
37 41
37 52
37 54
37 56
37 57
37 73
37 74
37 80
37 85
37 87
37 89
38 38
38 39
38 41
38 54
38 57
38 79
38 88
38 90
38 95
38 96
38 115
39 39
39 54
39 56
39 73
39 80
39 81
39 87
39 94
39 96
39 97
39 102
39 104
39 105
39 114
40 40
40 41
40 53
40 57
40 72
40 73
40 74
40 75
40 76
40 77
40 79
40 83
40 84
40 85
40 94
40 95
40 109
40 115
41 41
41 70
41 72
41 73
41 74
41 75
41 82
41 83
41 88
42 42
42 43
42 44
42 45
42 46
42 47
42 48
42 49
42 51
42 53
42 55
42 59
42 90
42 96
42 98
42 99
42 110
42 111
42 112
43 43
43 44
43 45
43 46
43 47
43 48
43 49
43 51
43 53
43 55
43 59
43 67
43 96
43 98
43 110
43 111
44 44
44 45
44 46
44 47
44 48
44 49
44 50
44 51
44 53
44 55
44 67
44 78
44 85
44 96
44 98
45 45
45 46
45 47
45 48
45 49
45 50
45 55
45 67
45 78
45 84
45 85
45 87
45 96
45 98
45 110
46 46
46 47
46 48
46 49
46 51
46 53
46 55
46 59
46 66
46 90
46 96
46 98
46 99
46 110
46 111
46 112
47 47
47 48
47 49
47 55
47 67
47 78
47 96
47 98
47 99
47 110
47 111
47 115
48 48
48 49
48 50
48 51
48 52
48 53
48 54
48 58
48 66
48 67
48 89
48 98
48 111
49 49
49 51
49 53
49 55
49 59
49 78
49 90
49 96
49 98
49 99
49 111
50 50
50 51
50 53
50 64
50 67
50 84
50 85
50 88
50 89
50 110
51 51
51 52
51 53
51 54
51 55
51 56
51 58
51 59
51 61
51 62
51 63
51 66
51 89
51 98
52 52
52 53
52 54
52 58
52 59
52 60
52 61
52 62
52 63
52 66
52 69
52 89
52 92
52 102
52 103
53 53
53 55
53 79
53 81
53 98
54 54
54 58
54 59
54 61
54 62
54 63
54 66
54 67
54 69
54 86
54 87
54 88
54 89
54 96
54 98
54 102
54 103
54 104
55 55
55 80
55 81
55 96
55 98
55 99
55 112
56 56
56 57
56 59
56 62
56 63
56 66
56 68
56 78
56 80
56 81
56 87
56 100
57 57
57 63
57 69
57 78
57 79
57 80
57 81
57 87
57 100
57 106
57 111
57 115
58 58
58 59
58 60
58 61
58 63
58 65
58 66
58 82
58 89
58 103
59 59
59 60
59 61
59 62
59 63
59 66
59 68
59 69
59 79
59 80
59 90
59 98
59 102
59 103
59 104
60 60
60 61
60 63
60 64
60 65
60 66
60 75
60 76
60 82
60 83
60 93
60 103
61 61
61 62
61 63
61 65
61 66
61 69
61 83
61 89
61 92
62 62
62 63
62 66
62 68
62 69
62 76
62 79
62 80
62 81
62 83
62 86
62 87
62 89
62 98
62 99
62 100
62 101
62 102
62 104
63 63
63 66
63 69
63 81
63 83
63 89
63 92
63 104
64 64
64 65
64 84
64 88
65 65
65 83
65 89
65 92
65 112
66 66
66 68
66 69
66 86
66 87
66 102
66 103
66 104
67 67
67 69
67 84
67 85
67 87
67 88
67 108
67 110
67 115
68 68
68 69
68 76
68 77
68 79
68 80
68 81
68 85
68 86
68 87
68 100
68 107
69 69
69 79
69 80
69 87
69 89
69 92
69 98
69 102
69 103
69 104
70 70
70 72
70 73
70 74
70 75
70 77
70 82
70 106
71 71
71 72
71 73
71 74
71 75
71 76
71 77
71 93
71 94
71 97
72 72
72 73
72 74
72 75
72 76
72 77
72 79
72 82
72 83
72 93
72 94
72 114
73 73
73 74
73 75
73 76
73 77
73 79
73 82
73 83
73 94
73 109
74 74
74 75
74 76
74 77
74 82
74 83
74 100
74 109
75 75
75 76
75 77
75 82
75 83
75 93
75 94
75 109
76 76
76 77
76 79
76 80
76 82
76 83
76 93
76 94
76 99
76 101
76 109
77 77
77 79
77 82
77 83
77 86
77 94
77 95
77 99
77 109
77 110
78 78
78 79
78 80
78 81
78 84
78 87
78 94
78 96
78 97
78 99
78 100
78 105
78 111
79 79
79 80
79 81
79 87
79 96
79 97
79 98
79 99
79 100
79 104
79 107
80 80
80 81
80 86
80 87
80 90
80 96
80 97
80 98
80 99
80 100
80 101
80 104
80 107
80 111
81 81
81 87
81 96
81 97
81 98
81 99
81 100
81 104
81 107
82 82
82 83
82 86
82 94
82 95
82 108
82 109
83 83
83 89
84 84
84 85
84 87
84 88
84 94
85 85
85 86
85 87
85 89
86 86
86 87
86 89
86 94
86 96
86 107
86 109
87 87
87 89
87 96
87 97
87 98
87 100
87 102
88 88
88 89
89 89
89 107
90 90
90 91
90 92
90 93
90 98
90 99
90 100
90 101
90 102
90 103
90 104
90 114
90 115
91 91
91 92
91 93
91 99
91 100
91 101
91 102
91 103
91 106
91 108
91 112
91 113
92 92
92 93
92 100
92 101
92 102
92 103
92 114
93 93
93 99
93 100
93 101
93 102
93 103
93 104
93 105
93 114
94 94
94 96
94 97
94 110
95 95
95 109
95 111
95 115
96 96
96 97
96 98
96 99
96 104
96 110
96 111
96 112
96 113
97 97
97 98
97 99
97 104
97 105
97 107
97 110
97 111
97 113
97 114
98 98
98 99
98 102
98 111
98 112
99 99
99 111
99 112
99 113
99 114
100 100
100 101
100 102
100 103
101 101
101 102
101 103
101 104
101 105
101 106
101 108
101 114
102 102
102 103
102 104
102 105
102 106
103 103
103 104
103 105
103 106
103 108
103 114
104 104
104 105
104 106
104 107
104 113
104 114
105 105
105 106
105 107
105 113
105 114
106 106
106 107
107 107
107 113
108 108
109 109
109 115
110 110
110 111
110 114
110 115
111 111
111 112
111 113
112 112
112 113
112 114
113 113
113 114
114 114
115 115
