0 0
0 10
0 56
0 58
0 60
0 61
0 62
0 63
0 68
0 80
0 82
0 83
0 90
1 1
1 16
1 17
1 19
1 29
1 37
1 41
1 56
1 57
1 59
1 61
1 63
1 68
1 81
1 83
1 85
1 89
1 107
2 2
2 3
2 4
2 5
2 6
2 7
2 8
2 9
2 10
2 12
2 13
2 20
2 22
2 23
2 24
2 25
2 26
2 27
2 30
2 31
2 48
2 50
2 51
2 52
2 64
2 70
2 92
2 93
3 3
3 4
3 5
3 6
3 7
3 9
3 10
3 11
3 20
3 21
3 22
3 23
3 24
3 25
3 26
3 27
3 30
3 31
3 70
3 71
3 87
3 92
4 4
4 5
4 6
4 7
4 8
4 9
4 14
4 20
4 22
4 23
4 24
4 25
4 26
4 27
4 30
4 31
4 45
4 48
4 50
4 70
4 82
5 5
5 6
5 7
5 8
5 9
5 13
5 20
5 21
5 22
5 23
5 24
5 25
5 26
5 27
5 30
5 31
5 42
5 46
5 70
5 71
5 92
6 6
6 7
6 9
6 10
6 11
6 12
6 13
6 20
6 22
6 23
6 24
6 25
6 26
6 27
6 30
6 31
6 42
6 51
6 53
6 70
6 71
6 92
6 93
7 7
7 9
7 10
7 11
7 13
7 20
7 21
7 22
7 23
7 24
7 25
7 26
7 27
7 30
7 31
7 64
7 70
7 71
7 87
7 92
8 8
8 9
8 14
8 15
8 20
8 25
8 26
8 27
8 60
8 64
8 65
8 70
8 82
9 9
9 10
9 11
9 12
9 13
9 14
9 15
9 20
9 22
9 23
9 24
9 25
9 26
9 27
9 30
9 45
9 48
9 49
9 50
9 51
9 70
10 10
10 11
10 12
10 13
10 22
10 23
10 25
10 50
10 52
10 82
11 11
11 12
11 13
11 15
11 22
11 23
11 30
11 31
11 51
11 52
11 53
11 70
11 71
11 75
11 92
12 12
12 13
12 14
12 15
12 48
12 50
12 51
12 52
12 53
12 90
12 91
12 93
13 13
13 15
13 20
13 24
13 25
13 30
13 49
13 51
13 52
13 53
13 71
14 14
14 15
14 20
14 21
14 26
14 27
14 28
14 38
14 70
14 82
14 83
14 88
15 15
15 20
15 29
15 39
15 41
15 83
15 85
15 89
16 16
16 17
16 19
16 28
16 29
16 32
16 33
16 36
16 56
16 57
16 62
16 63
16 68
16 72
16 74
16 76
16 78
16 79
16 80
16 81
16 83
17 17
17 29
17 32
17 33
17 36
17 37
17 39
17 41
17 55
17 56
17 57
17 61
17 63
17 72
17 74
17 76
17 79
17 81
17 95
17 98
17 99
17 104
17 107
17 115
18 18
18 19
18 22
18 31
18 40
18 71
18 92
18 99
18 111
18 112
19 19
19 28
19 32
19 33
19 40
19 56
19 57
19 59
19 63
19 68
19 72
19 78
19 79
19 80
19 81
19 102
19 103
19 111
20 20
20 21
20 22
20 23
20 24
20 25
20 26
20 27
20 30
20 31
20 40
20 70
20 71
20 73
20 75
21 21
21 22
21 23
21 25
21 26
21 27
21 30
21 31
21 38
21 40
21 70
21 71
21 73
21 86
21 87
21 92
21 94
22 22
22 23
22 24
22 25
22 26
22 27
22 30
22 31
22 42
22 53
22 70
22 71
22 92
23 23
23 24
23 25
23 26
23 27
23 30
23 31
23 70
23 71
23 87
23 92
24 24
24 25
24 26
24 27
24 30
24 31
24 42
24 43
24 44
24 45
24 46
24 49
24 50
24 51
24 53
24 70
25 25
25 26
25 27
25 30
25 31
25 64
25 70
25 82
26 26
26 27
26 30
26 31
26 38
26 40
26 70
26 71
26 73
26 86
27 27
27 30
27 31
27 38
27 70
27 71
27 87
27 92
28 28
28 29
28 32
28 33
28 36
28 40
28 56
28 57
28 62
28 68
28 72
28 73
28 74
28 75
28 76
28 77
28 78
28 79
28 80
28 81
28 83
29 29
29 32
29 33
29 36
29 37
29 38
29 39
29 40
29 41
29 55
29 56
29 57
29 71
29 72
29 73
29 74
29 75
29 76
29 77
29 78
29 79
29 81
29 83
29 94
29 95
29 97
29 98
29 105
29 109
29 111
29 112
29 113
29 114
30 30
30 31
30 40
30 42
30 53
30 70
30 71
30 75
31 31
31 40
31 42
31 70
31 71
31 75
32 32
32 33
32 36
32 37
32 56
32 57
32 63
32 72
32 74
32 76
32 77
32 78
32 79
32 80
32 81
32 98
32 104
32 105
32 107
32 110
32 111
32 112
32 114
32 115
33 33
33 36
33 40
33 56
33 57
33 62
33 63
33 68
33 72
33 74
33 75
33 76
33 77
33 78
33 79
33 80
33 81
33 111
34 34
34 35
34 36
34 37
34 43
34 44
34 45
34 46
34 47
34 49
34 66
34 76
34 77
34 79
34 96
34 98
34 105
34 108
34 109
34 110
35 35
35 39
35 44
35 45
35 47
35 58
35 60
35 61
35 63
35 64
35 65
35 66
35 67
35 76
35 77
35 81
35 84
35 96
35 110
36 36
36 37
36 38
36 39
36 40
36 41
36 54
36 56
36 57
36 72
36 73
36 74
36 75
36 76
36 77
36 78
36 79
36 80
36 81
36 94
36 95
36 96
36 97
36 98
36 104
36 109
36 110
36 114
37 37
37 38
37 39
37 40
37 41
37 47
37 54
37 55
37 57
37 72
37 73
37 74
37 75
37 76
37 77
37 79
37 81
37 86
37 89
37 94
37 95
37 96
37 97
37 98
37 99
37 103
37 104
37 105
37 107
37 108
37 109
37 110
37 111
37 112
37 113
37 114
37 115
38 38
38 39
38 40
38 41
38 54
38 55
38 70
38 72
38 73
38 74
38 86
38 88
38 89
38 92
38 94
38 95
38 96
38 97
38 100
38 108
38 110
38 113
39 39
39 41
39 54
39 55
39 57
39 73
39 74
39 83
39 85
39 86
39 88
39 89
39 94
39 95
39 96
39 97
39 98
39 103
39 104
39 105
39 108
39 110
39 113
40 40
40 41
40 71
40 72
40 73
40 74
40 75
40 76
40 77
40 78
40 80
40 94
40 109
41 41
41 54
41 55
41 71
41 72
41 73
41 74
41 75
41 79
41 86
41 89
41 94
41 95
41 96
41 97
41 98
41 104
41 105
41 108
41 109
41 113
41 114
42 42
42 43
42 44
42 45
42 46
42 47
42 49
42 51
42 53
42 112
43 43
43 44
43 45
43 46
43 47
43 49
43 51
43 53
43 55
43 112
44 44
44 45
44 46
44 47
44 48
44 49
44 50
44 51
44 67
45 45
45 46
45 47
45 48
45 49
45 50
45 51
45 67
46 46
46 47
46 48
46 49
46 51
46 53
46 55
46 96
46 98
46 112
47 47
47 49
47 55
47 77
47 95
47 96
47 98
47 99
47 110
47 112
48 48
48 49
48 50
48 51
48 52
48 58
48 60
48 65
48 67
48 90
48 91
49 49
49 50
49 51
49 53
49 67
50 50
50 51
50 52
50 58
50 60
50 64
50 65
50 67
50 90
50 91
51 51
51 52
51 53
51 91
51 93
52 52
52 53
52 89
52 90
52 91
52 93
53 53
53 55
53 71
53 91
53 93
53 112
54 54
54 55
54 73
54 74
54 85
54 86
54 88
54 89
54 92
54 94
54 95
54 96
54 97
54 98
54 100
54 101
54 103
54 104
54 105
54 107
54 108
54 109
54 110
54 113
54 114
54 115
55 55
55 73
55 86
55 89
55 93
55 94
55 95
55 96
55 97
55 98
55 99
55 101
55 103
55 104
55 105
55 107
55 108
55 109
55 110
55 111
55 112
55 113
55 114
55 115
56 56
56 57
56 61
56 62
56 63
56 68
56 76
56 78
56 79
56 80
56 81
56 83
56 99
56 102
56 104
57 57
57 59
57 61
57 63
57 66
57 68
57 69
57 76
57 78
57 79
57 80
57 81
57 96
57 97
57 98
57 99
57 102
57 103
57 104
57 105
57 107
57 108
57 109
57 110
57 111
57 113
58 58
58 59
58 60
58 61
58 62
58 63
58 64
58 65
58 66
58 67
58 68
58 69
58 80
58 81
58 82
58 83
58 84
58 88
58 90
58 102
59 59
59 60
59 61
59 62
59 63
59 65
59 66
59 67
59 68
59 69
59 78
59 79
59 80
59 81
59 102
59 103
59 104
59 106
60 60
60 61
60 62
60 63
60 64
60 65
60 66
60 67
60 68
60 69
60 82
60 83
60 84
60 88
60 90
60 102
61 61
61 62
61 63
61 65
61 66
61 67
61 68
61 69
61 79
61 80
61 81
61 82
61 83
61 90
61 102
61 104
62 62
62 63
62 66
62 68
62 76
62 78
62 80
62 81
62 82
62 83
62 84
63 63
63 65
63 66
63 68
63 69
63 78
63 79
63 80
63 81
63 82
63 83
63 90
63 98
63 102
63 103
63 104
64 64
64 65
64 66
64 67
64 82
64 84
64 88
65 65
65 66
65 67
65 68
65 69
65 82
65 83
65 84
65 85
65 88
65 90
66 66
66 67
66 68
66 69
66 80
66 81
66 82
66 84
66 90
66 102
66 103
66 104
67 67
67 68
67 69
67 82
67 84
67 88
67 90
68 68
68 69
68 78
68 79
68 80
68 81
68 82
68 83
68 84
68 90
68 102
68 103
68 104
68 106
69 69
69 81
69 82
69 88
69 90
69 102
69 103
69 104
69 106
69 107
70 70
70 71
70 73
70 86
70 87
70 92
71 71
71 72
71 73
71 74
71 75
71 77
71 86
71 92
72 72
72 73
72 74
72 75
72 76
72 77
72 78
72 79
72 80
72 81
73 73
73 74
73 75
73 76
73 77
73 86
73 94
73 95
73 97
73 109
74 74
74 75
74 76
74 77
74 78
74 79
74 94
74 96
74 97
74 98
74 109
74 110
74 111
74 114
75 75
75 76
75 77
75 78
75 109
76 76
76 77
76 78
76 79
76 80
76 81
76 96
76 98
76 109
76 110
76 111
76 112
77 77
77 78
77 79
77 80
77 81
77 94
77 95
77 96
77 97
77 109
77 110
77 111
77 112
77 113
77 114
78 78
78 79
78 80
78 81
78 109
78 110
79 79
79 80
79 81
79 96
79 97
79 98
79 99
79 102
79 103
79 104
79 105
79 107
79 108
79 109
79 110
79 111
79 112
79 113
79 114
79 115
80 80
80 81
80 82
80 83
80 84
81 81
81 82
81 83
81 84
81 98
81 102
81 104
81 110
82 82
82 83
82 84
82 90
83 83
83 84
83 85
83 90
84 84
84 85
84 87
84 88
84 90
85 85
85 88
85 89
85 97
85 101
85 108
86 86
86 89
86 94
86 95
86 96
86 97
86 109
87 87
87 88
87 90
87 92
88 88
88 89
88 90
88 92
88 102
89 89
89 91
89 92
89 93
89 95
89 97
89 99
89 100
89 101
89 103
89 104
89 105
89 107
89 108
89 113
90 90
90 91
91 91
91 93
91 99
91 101
91 103
92 92
92 93
92 100
93 93
93 99
93 100
93 101
93 103
93 105
93 112
94 94
94 95
94 96
94 97
94 103
94 104
94 105
94 108
94 109
94 110
94 113
94 114
95 95
95 96
95 97
95 98
95 99
95 103
95 104
95 105
95 107
95 108
95 109
95 110
95 111
95 112
95 113
95 114
95 115
96 96
96 97
96 98
96 99
96 102
96 103
96 104
96 105
96 107
96 108
96 109
96 110
96 111
96 112
96 113
96 114
96 115
97 97
97 98
97 99
97 101
97 103
97 104
97 105
97 107
97 108
97 109
97 110
97 111
97 112
97 113
97 114
97 115
98 98
98 99
98 102
98 103
98 104
98 105
98 107
98 108
98 109
98 110
98 111
98 112
98 113
98 115
99 99
99 101
99 102
99 103
99 104
99 105
99 106
99 107
99 108
99 110
99 111
99 112
99 113
99 114
99 115
100 100
100 101
100 102
100 103
100 106
100 113
101 101
101 102
101 103
101 104
101 105
101 106
101 111
101 113
102 102
102 103
102 104
102 105
102 106
102 108
102 110
102 113
103 103
103 104
103 105
103 106
103 107
103 108
103 110
103 111
103 112
103 113
103 114
104 104
104 105
104 106
104 107
104 108
104 110
104 111
104 112
104 113
104 114
104 115
105 105
105 106
105 107
105 108
105 109
105 110
105 111
105 112
105 113
105 114
105 115
106 106
107 107
107 110
107 111
107 113
107 115
108 108
108 109
108 110
108 113
108 114
109 109
109 110
109 112
109 113
109 114
110 110
110 111
110 112
110 113
110 114
110 115
111 111
111 112
111 113
111 114
111 115
112 112
112 113
112 114
112 115
113 113
113 114
113 115
114 114
114 115
115 115
