0 0
0 1
0 10
0 16
0 17
0 18
0 19
0 28
0 29
0 32
0 33
0 37
0 40
0 41
0 56
0 57
0 62
0 63
0 72
0 73
0 74
0 75
0 76
0 77
0 78
0 80
0 81
0 83
0 87
1 1
1 3
1 7
1 9
1 10
1 11
1 13
1 15
1 16
1 17
1 19
1 28
1 29
1 33
1 40
1 57
1 70
1 72
1 73
1 75
1 77
1 79
1 80
1 81
1 83
1 86
2 2
2 4
2 6
2 10
2 12
2 18
2 22
2 26
2 30
2 31
2 60
2 64
2 77
2 78
2 82
2 83
2 84
2 86
2 88
2 93
3 3
3 7
3 11
3 13
3 15
3 19
3 21
3 22
3 23
3 25
3 30
3 31
3 33
3 40
3 41
3 64
3 75
3 81
3 82
3 83
3 86
3 87
3 92
4 4
4 5
4 6
4 8
4 9
4 12
4 14
4 20
4 24
4 25
4 26
4 27
4 51
4 53
4 61
4 65
4 70
4 82
4 89
5 5
5 9
5 15
5 20
5 24
5 25
5 26
5 27
5 52
5 54
5 58
5 64
5 67
5 69
5 79
5 88
5 89
5 90
5 91
6 6
6 7
6 8
6 9
6 10
6 12
6 14
6 15
6 18
6 22
6 28
6 30
6 31
6 33
6 36
6 60
6 64
6 70
6 74
6 78
6 81
6 82
6 83
6 84
6 86
6 88
7 7
7 8
7 9
7 11
7 13
7 16
7 23
7 29
7 30
7 31
7 33
7 45
7 60
7 61
7 65
7 70
7 73
7 85
7 86
7 92
7 108
8 8
8 11
8 12
8 13
8 14
8 25
8 28
8 33
8 35
8 60
8 61
8 65
8 69
8 70
8 72
8 74
8 82
8 97
9 9
9 14
9 15
9 23
9 25
9 26
9 29
9 60
9 61
9 73
9 75
9 79
9 85
10 10
10 12
10 14
10 16
10 17
10 28
10 36
10 38
10 40
10 52
10 54
10 57
10 60
10 62
10 63
10 72
10 77
10 80
10 81
10 82
10 83
10 86
10 91
10 93
10 108
11 11
11 12
11 13
11 16
11 19
11 23
11 28
11 30
11 31
11 33
11 40
11 61
11 65
11 70
11 72
11 83
11 85
11 86
12 12
12 14
12 22
12 23
12 28
12 36
12 38
12 51
12 52
12 53
12 54
12 60
12 64
12 70
12 72
12 78
12 81
12 82
12 84
12 86
12 88
12 89
12 108
13 13
13 14
13 16
13 19
13 23
13 29
13 30
13 31
13 33
13 40
13 41
13 61
13 65
13 70
13 73
13 74
13 75
13 80
13 85
14 14
14 15
14 22
14 24
14 25
14 28
14 53
14 70
14 72
14 82
14 85
14 86
14 89
14 97
14 110
15 15
15 17
15 19
15 23
15 24
15 25
15 26
15 27
15 29
15 37
15 64
15 73
15 75
15 77
15 78
15 79
15 80
15 81
15 83
15 85
15 87
15 88
15 91
16 16
16 17
16 28
16 29
16 37
16 41
16 56
16 62
16 63
16 72
16 73
16 74
16 75
16 76
16 80
16 81
16 83
17 17
17 26
17 28
17 29
17 34
17 38
17 40
17 57
17 62
17 63
17 72
17 79
17 80
17 81
17 83
17 105
17 112
17 114
18 18
18 19
18 28
18 30
18 33
18 36
18 74
18 81
18 83
18 84
18 99
18 105
19 19
19 23
19 30
19 31
19 33
19 41
19 68
19 69
19 70
19 73
19 74
19 75
19 77
19 78
19 80
19 83
19 84
19 88
19 90
19 91
19 92
19 100
19 102
19 105
20 20
20 21
20 26
20 27
20 30
20 44
20 66
21 21
21 24
21 30
21 32
21 33
21 37
21 38
21 71
21 94
22 22
22 23
22 24
22 25
22 27
22 30
22 31
22 34
22 35
22 36
22 38
22 39
22 60
22 64
22 78
22 82
22 83
22 84
22 85
22 87
22 88
22 93
22 109
22 114
23 23
23 24
23 25
23 26
23 27
23 30
23 31
23 34
23 35
23 60
23 64
23 65
23 69
23 70
23 82
23 83
23 84
23 85
23 86
23 87
23 88
23 89
23 90
23 92
24 24
24 25
24 27
24 30
24 34
24 38
24 52
24 53
24 55
24 64
24 68
24 69
24 75
24 79
24 81
24 82
24 83
24 85
24 87
24 88
24 89
24 94
24 96
24 109
24 110
24 114
25 25
25 27
25 30
25 31
25 34
25 35
25 64
25 65
25 68
25 69
25 75
25 82
25 83
25 85
25 87
25 88
25 89
25 94
25 109
25 110
26 26
26 27
26 40
26 52
26 54
26 60
26 64
26 81
26 82
26 88
26 89
26 90
26 91
27 27
27 34
27 39
27 52
27 54
27 55
27 64
27 68
27 69
27 70
27 82
27 84
27 88
27 89
27 91
27 94
27 96
27 107
27 114
28 28
28 29
28 32
28 39
28 40
28 57
28 72
28 73
28 74
28 76
28 77
28 78
28 80
28 81
28 83
28 85
28 87
28 97
28 99
28 101
28 110
28 114
29 29
29 40
29 41
29 56
29 57
29 72
29 73
29 74
29 75
29 76
29 77
29 79
29 80
29 81
29 97
29 105
30 30
30 31
30 33
30 34
30 35
30 64
30 65
30 71
30 75
30 82
30 83
30 84
30 85
30 88
30 95
30 109
31 31
31 33
31 35
31 37
31 61
31 65
31 71
31 75
31 77
31 83
31 84
31 85
31 87
31 92
31 95
31 109
32 32
32 33
32 36
32 37
32 41
32 56
32 58
32 59
32 63
32 66
32 72
32 73
32 76
32 95
32 101
32 103
32 113
33 33
33 36
33 41
33 60
33 61
33 65
33 69
33 73
33 83
33 86
33 92
34 34
34 35
34 36
34 52
34 64
34 66
34 67
34 84
34 96
34 100
34 105
34 107
34 109
35 35
35 45
35 58
35 60
35 64
35 65
35 67
35 82
35 89
35 97
35 108
35 109
35 115
36 36
36 37
36 38
36 40
36 41
36 50
36 54
36 60
36 62
36 63
36 64
36 74
36 76
36 77
36 81
36 83
36 84
36 86
36 87
36 88
36 93
36 95
36 99
36 101
37 37
37 38
37 41
37 56
37 62
37 63
37 71
37 73
37 74
37 76
37 77
37 80
37 83
37 87
37 92
37 95
37 99
37 100
37 104
37 106
38 38
38 39
38 40
38 41
38 50
38 52
38 54
38 57
38 64
38 72
38 74
38 78
38 81
38 82
38 83
38 84
38 86
38 87
38 88
38 93
38 95
38 99
38 101
38 103
38 105
39 39
39 40
39 41
39 50
39 54
39 57
39 58
39 66
39 81
39 83
39 87
39 94
39 95
39 101
39 105
39 107
39 112
39 115
40 40
40 41
40 62
40 72
40 73
40 80
40 81
40 83
40 87
40 89
40 94
40 95
40 97
40 101
40 112
41 41
41 56
41 57
41 62
41 71
41 72
41 73
41 74
41 75
41 76
41 77
41 80
41 81
41 83
41 87
41 92
41 95
41 99
41 100
41 101
41 102
42 42
42 43
42 44
42 45
42 46
42 47
42 48
42 49
42 51
42 52
42 53
42 55
42 59
42 96
42 98
42 106
42 107
42 110
42 111
43 43
43 44
43 45
43 46
43 47
43 48
43 49
43 51
43 53
43 55
43 59
43 67
43 90
43 96
43 98
43 102
43 106
43 110
44 44
44 45
44 46
44 47
44 48
44 49
44 50
44 51
44 52
44 53
44 55
44 59
44 62
44 63
44 66
44 67
44 96
44 98
44 100
44 102
44 107
45 45
45 46
45 47
45 48
45 49
45 51
45 53
45 55
45 59
45 61
45 66
45 67
45 90
45 96
45 98
45 100
45 102
45 106
45 107
46 46
46 47
46 48
46 49
46 50
46 51
46 52
46 53
46 55
46 59
46 67
46 90
46 96
46 98
46 106
46 107
46 110
46 114
46 115
47 47
47 48
47 49
47 51
47 53
47 55
47 59
47 67
47 90
47 96
47 98
47 104
47 106
47 107
47 110
47 111
47 114
47 115
48 48
48 49
48 50
48 51
48 52
48 53
48 54
48 55
48 58
48 59
48 63
48 66
48 67
48 96
48 98
48 103
48 104
48 106
48 107
49 49
49 50
49 51
49 52
49 53
49 55
49 59
49 66
49 67
49 90
49 96
49 98
49 102
49 106
49 107
50 50
50 51
50 52
50 54
50 58
50 59
50 63
50 66
50 95
50 98
50 101
50 103
51 51
51 52
51 53
51 55
51 59
51 65
51 89
51 96
51 98
52 52
52 53
52 54
52 55
52 57
52 58
52 59
52 64
52 84
52 88
52 91
52 96
52 98
52 103
52 107
53 53
53 55
53 82
53 89
53 96
53 97
53 98
53 110
53 111
53 114
54 54
54 57
54 58
54 59
54 64
54 66
54 84
54 86
54 87
54 88
54 91
54 93
54 99
54 101
54 103
54 105
54 107
55 55
55 59
55 79
55 96
55 97
55 98
55 106
55 107
55 110
55 111
55 114
56 56
56 57
56 62
56 71
56 73
56 74
56 75
56 76
56 77
56 79
56 80
56 81
56 87
56 92
56 99
56 100
56 102
57 57
57 63
57 72
57 73
57 76
57 77
57 79
57 80
57 81
57 99
57 101
57 112
58 58
58 59
58 60
58 63
58 66
58 67
58 98
58 101
58 103
59 59
59 61
59 63
59 66
59 67
59 90
59 98
59 100
59 101
59 102
59 103
59 104
59 106
59 107
60 60
60 61
60 62
60 63
60 64
60 67
60 82
60 84
60 86
60 88
61 61
61 63
61 65
61 67
61 73
62 62
62 63
62 66
62 72
62 73
62 74
62 76
62 77
62 80
62 81
62 107
63 63
63 66
63 76
63 77
63 101
64 64
64 78
64 82
64 84
64 86
64 87
64 88
64 91
64 93
65 65
65 67
65 85
65 89
66 66
66 67
66 98
66 101
66 103
67 67
67 69
67 90
67 100
67 106
67 109
68 68
68 69
68 89
68 90
68 91
68 96
68 98
68 103
68 104
68 109
68 110
68 114
68 115
69 69
69 88
69 89
69 90
69 91
69 96
69 104
69 109
69 110
70 70
70 72
70 74
70 77
70 78
70 80
70 82
70 83
70 85
70 89
70 92
71 71
71 74
71 76
71 77
71 92
71 94
71 106
72 72
72 73
72 74
72 76
72 77
72 80
72 81
72 86
72 97
72 99
72 101
72 105
72 113
73 73
73 74
73 75
73 76
73 77
73 79
73 80
73 81
73 85
73 92
73 102
74 74
74 75
74 76
74 77
74 80
74 81
74 83
74 87
74 92
74 101
75 75
75 77
75 80
75 81
75 83
75 92
76 76
76 77
76 78
76 80
76 81
76 83
76 87
76 99
76 101
77 77
77 78
77 80
77 81
77 83
77 85
77 87
77 99
77 104
78 78
78 81
78 83
78 84
78 85
78 87
78 88
78 89
78 99
78 105
79 79
79 97
79 102
79 104
79 110
79 111
80 80
80 81
80 83
81 81
81 82
81 83
81 97
81 99
82 82
82 83
82 84
82 85
82 86
82 88
82 89
82 97
82 108
82 109
83 83
83 85
83 87
83 92
83 99
84 84
84 86
84 87
84 88
84 91
84 93
84 95
84 99
84 108
85 85
85 87
85 89
85 108
85 109
86 86
86 88
86 89
86 92
86 93
86 115
87 87
87 88
87 92
87 93
87 99
87 104
88 88
88 89
88 91
88 93
88 99
89 89
89 94
89 96
89 97
89 108
89 109
89 114
90 90
90 91
90 92
90 93
90 96
90 98
90 100
90 102
90 103
90 104
90 107
90 110
90 111
90 115
91 91
91 92
91 93
91 98
91 99
91 102
91 103
91 104
91 105
91 107
91 110
91 111
91 112
91 115
92 92
92 93
92 100
92 102
92 104
92 115
93 93
93 95
93 98
93 99
93 101
93 103
93 115
94 94
94 95
94 96
94 97
94 101
94 108
94 109
94 111
94 112
94 115
95 95
95 99
95 101
95 103
95 108
95 113
96 96
96 97
96 98
96 107
96 110
96 111
96 113
96 114
96 115
97 97
97 109
97 110
98 98
98 99
98 102
98 103
98 104
98 107
98 110
98 111
98 113
98 114
98 115
99 99
99 101
99 103
99 104
99 105
99 111
99 113
99 114
99 115
100 100
100 102
100 104
100 113
101 101
101 103
101 105
101 113
102 102
102 103
102 104
102 113
103 103
103 104
103 105
103 107
103 113
103 114
103 115
104 104
104 105
104 106
104 107
104 109
104 110
104 113
104 114
104 115
105 105
105 107
105 112
105 113
105 114
105 115
106 106
106 107
107 107
107 110
107 112
107 115
108 108
108 109
108 111
109 109
109 110
109 115
110 110
110 111
110 114
110 115
111 111
111 112
111 113
111 114
111 115
112 112
112 113
113 113
113 114
114 114
114 115
115 115
