0 0
0 1
0 2
0 3
0 6
0 7
0 10
0 11
0 13
0 16
0 18
0 19
0 32
0 33
0 38
0 41
0 56
0 58
0 60
0 62
0 67
0 68
0 69
0 73
0 74
0 75
0 76
0 80
0 82
0 83
0 86
0 87
1 1
1 3
1 7
1 10
1 11
1 13
1 19
1 32
1 33
1 56
1 57
1 58
1 59
1 60
1 61
1 62
1 63
1 67
1 68
1 83
1 87
2 2
2 3
2 6
2 7
2 10
2 11
2 14
2 18
2 22
2 23
2 25
2 27
2 30
2 31
2 33
2 35
2 58
2 64
2 67
2 68
2 70
2 74
2 75
2 83
2 86
2 87
3 3
3 6
3 7
3 10
3 11
3 18
3 22
3 23
3 25
3 27
3 31
3 32
3 33
3 38
3 58
3 64
3 67
3 68
3 83
3 86
3 87
4 4
4 5
4 8
4 9
4 14
4 15
4 23
4 24
4 25
4 26
4 50
4 52
4 70
4 90
4 111
5 5
5 8
5 9
5 14
5 22
5 23
5 24
5 25
5 26
5 27
5 42
5 43
5 47
5 50
5 85
5 110
6 6
6 7
6 10
6 11
6 12
6 13
6 15
6 16
6 18
6 25
6 30
6 31
6 33
6 41
6 58
6 60
6 64
6 70
6 73
6 74
6 75
6 76
6 77
6 83
6 86
6 87
7 7
7 9
7 10
7 11
7 12
7 13
7 15
7 29
7 31
7 33
7 41
7 58
7 60
7 61
7 64
7 65
7 73
7 75
7 83
7 86
7 87
7 92
8 8
8 9
8 12
8 13
8 14
8 15
8 24
8 25
8 28
8 30
8 31
8 70
8 83
9 9
9 12
9 13
9 15
9 24
9 45
9 61
9 65
9 83
9 90
10 10
10 11
10 12
10 13
10 14
10 15
10 16
10 27
10 28
10 29
10 33
10 35
10 40
10 41
10 48
10 56
10 58
10 60
10 62
10 64
10 72
10 73
10 74
10 75
10 76
10 77
10 78
10 80
10 82
10 83
10 86
10 87
11 11
11 12
11 13
11 15
11 16
11 17
11 29
11 32
11 33
11 45
11 48
11 58
11 60
11 61
11 64
11 65
11 67
11 73
11 74
11 75
11 83
11 87
12 12
12 13
12 15
12 16
12 28
12 29
12 48
12 58
12 60
12 61
12 62
12 70
12 72
12 73
12 74
12 75
12 76
12 83
12 90
13 13
13 15
13 16
13 17
13 29
13 33
13 48
13 58
13 60
13 61
13 62
13 63
13 73
13 74
13 75
13 81
13 83
14 14
14 15
14 16
14 20
14 22
14 23
14 24
14 25
14 26
14 27
14 28
14 30
14 31
14 35
14 40
14 50
14 70
14 71
14 72
14 74
14 75
14 76
14 82
14 84
15 15
15 28
15 29
15 40
15 61
15 71
15 72
15 73
15 75
15 77
15 83
16 16
16 28
16 29
16 31
16 33
16 36
16 40
16 41
16 56
16 58
16 60
16 62
16 64
16 72
16 73
16 74
16 75
16 76
16 77
16 78
16 80
16 82
16 83
16 84
16 86
17 17
17 29
17 57
17 60
17 63
17 71
17 72
17 73
17 75
17 79
17 81
17 85
18 18
18 19
18 22
18 32
18 33
18 41
18 60
18 64
18 68
18 74
18 82
18 83
18 86
18 87
18 88
18 93
18 100
18 101
18 102
18 103
18 108
19 19
19 33
19 38
19 39
19 56
19 58
19 61
19 68
19 69
19 83
19 87
19 90
19 91
19 92
19 93
19 101
19 108
20 20
20 21
20 22
20 24
20 25
20 26
20 27
20 28
20 30
20 36
20 38
20 40
20 41
20 42
20 50
20 53
20 54
20 55
20 70
20 71
20 72
20 73
20 74
20 75
20 76
20 77
20 82
20 84
20 85
20 88
20 89
21 21
21 28
21 29
21 34
21 36
21 37
21 40
21 46
21 53
21 55
21 71
21 72
21 75
21 76
21 77
21 78
21 79
21 81
21 84
21 85
21 94
21 96
21 97
21 104
21 107
21 109
22 22
22 23
22 24
22 25
22 26
22 27
22 30
22 31
22 34
22 35
22 50
22 67
22 68
23 23
23 24
23 25
23 26
23 27
23 31
23 87
23 109
23 110
24 24
24 25
24 26
24 27
24 42
24 43
24 50
24 110
24 111
25 25
25 26
25 27
25 30
25 31
25 34
25 35
25 40
25 50
25 70
25 75
25 76
25 77
25 82
25 84
26 26
26 27
26 30
26 34
26 38
26 39
26 50
26 82
26 85
26 88
26 110
27 27
27 30
27 31
27 34
27 35
27 38
27 50
27 74
27 75
27 76
27 82
27 84
27 88
27 110
28 28
28 29
28 30
28 31
28 36
28 40
28 41
28 56
28 60
28 62
28 70
28 71
28 72
28 73
28 74
28 75
28 76
28 77
28 78
28 79
28 80
28 82
28 83
28 84
28 86
29 29
29 37
29 41
29 60
29 61
29 62
29 63
29 71
29 72
29 73
29 74
29 75
29 76
29 77
29 79
29 81
29 83
30 30
30 31
30 34
30 35
30 50
30 64
30 71
30 72
30 74
30 75
30 76
30 82
30 84
31 31
31 33
31 35
31 40
31 64
31 70
31 75
31 76
31 77
31 80
31 82
31 83
31 84
31 86
31 87
32 32
32 33
32 56
32 57
32 58
32 59
32 60
32 61
32 62
32 64
32 66
32 101
33 33
33 35
33 41
33 56
33 57
33 58
33 60
33 61
33 64
33 65
33 67
33 74
33 75
33 78
33 80
33 83
33 86
33 87
34 34
34 35
34 42
34 43
34 50
34 57
34 65
34 66
34 67
34 78
34 79
34 84
34 85
34 104
34 105
34 110
35 35
35 50
35 57
35 64
35 65
35 67
36 36
36 37
36 40
36 41
36 54
36 71
36 72
36 73
36 74
36 75
36 76
36 77
36 78
36 80
36 82
36 84
36 88
36 89
36 94
36 96
36 100
36 101
36 102
36 103
36 104
36 113
36 114
37 37
37 39
37 42
37 46
37 47
37 51
37 52
37 53
37 54
37 55
37 71
37 72
37 79
37 85
37 89
37 96
37 97
37 98
37 99
37 101
37 103
37 107
37 109
37 111
37 112
37 114
38 38
38 39
38 41
38 56
38 69
38 70
38 82
38 83
38 86
38 87
38 88
38 89
38 108
39 39
39 54
39 55
39 69
39 88
39 89
39 90
39 91
39 92
39 93
39 96
39 97
39 99
39 101
39 105
39 109
39 111
39 112
39 114
40 40
40 41
40 72
40 73
40 74
40 75
40 76
40 77
40 78
40 80
40 82
40 83
40 84
40 86
41 41
41 56
41 60
41 70
41 72
41 73
41 74
41 75
41 76
41 77
41 80
41 82
41 83
41 86
41 88
42 42
42 43
42 44
42 45
42 46
42 47
42 48
42 49
42 50
42 51
42 52
42 53
42 54
42 55
42 79
42 85
42 96
42 97
42 99
42 106
42 107
42 110
42 111
42 112
43 43
43 44
43 45
43 46
43 47
43 48
43 49
43 50
43 51
43 53
43 55
43 59
43 79
43 85
43 96
43 106
43 110
43 111
44 44
44 45
44 46
44 47
44 48
44 49
44 51
44 59
44 63
44 66
45 45
45 47
45 48
45 49
45 51
45 58
45 59
45 65
45 66
45 67
46 46
46 47
46 49
46 51
46 52
46 53
46 54
46 55
46 79
46 85
46 94
46 96
46 97
46 98
46 99
46 107
46 109
46 110
46 111
46 112
46 115
47 47
47 48
47 49
47 51
47 52
47 53
47 54
47 55
47 59
47 85
47 96
47 97
47 98
47 99
47 106
47 107
47 110
47 111
47 112
47 115
48 48
48 49
48 51
48 58
48 59
48 62
48 74
49 49
49 51
49 53
49 59
49 63
49 66
49 85
50 50
50 51
50 53
50 54
50 84
50 85
50 106
50 110
50 111
51 51
51 52
51 53
51 55
51 59
51 63
51 79
51 81
51 85
51 96
51 98
51 99
51 107
51 110
51 111
51 112
52 52
52 53
52 54
52 55
52 63
52 85
52 89
52 90
52 97
52 98
52 99
52 111
52 112
53 53
53 54
53 55
53 63
53 71
53 79
53 81
53 85
53 89
53 96
53 97
53 98
53 99
53 107
53 111
53 112
54 54
54 55
54 85
54 88
54 89
54 91
54 93
54 94
54 96
54 97
54 98
54 99
54 101
54 102
54 103
54 104
54 105
54 106
54 107
54 109
54 110
54 111
54 112
54 113
54 114
54 115
55 55
55 85
55 89
55 94
55 96
55 97
55 98
55 99
55 101
55 103
55 105
55 107
55 109
55 110
55 111
55 112
55 113
55 114
56 56
56 57
56 58
56 60
56 62
56 72
56 73
56 74
56 75
56 76
56 78
56 80
56 82
56 83
56 86
56 87
57 57
57 60
57 62
57 63
57 78
57 79
57 81
57 85
58 58
58 59
58 60
58 61
58 62
58 64
58 66
58 67
58 68
58 73
58 83
58 87
59 59
59 62
59 63
59 66
59 67
60 60
60 61
60 62
60 63
60 64
60 72
60 73
60 74
60 75
60 78
60 83
61 61
61 62
61 63
61 64
61 65
61 90
62 62
62 63
62 66
62 72
62 73
62 74
62 75
62 78
63 63
63 65
63 79
63 81
63 85
63 98
64 64
64 65
64 74
64 75
64 78
64 83
65 65
65 67
65 78
66 66
66 67
67 67
67 68
67 69
67 87
68 68
68 69
68 87
68 108
69 69
69 87
69 90
69 91
69 105
70 70
70 72
70 73
70 74
70 75
70 76
70 77
70 80
70 82
70 88
71 71
71 72
71 73
71 74
71 75
71 76
71 77
71 78
71 79
71 81
71 84
71 85
71 94
71 109
72 72
72 73
72 74
72 75
72 76
72 77
72 78
72 79
72 80
72 82
72 84
72 88
73 73
73 74
73 75
73 76
73 77
73 83
73 86
74 74
74 75
74 76
74 77
74 78
74 80
74 82
74 83
74 86
74 88
75 75
75 76
75 77
75 78
75 80
75 82
75 83
75 84
75 86
76 76
76 77
76 78
76 80
76 82
76 83
76 84
76 86
77 77
77 78
77 80
77 109
78 78
78 79
78 80
78 84
79 79
79 81
79 85
80 80
80 81
80 82
80 83
80 84
80 86
81 81
81 85
82 82
82 83
82 84
82 86
82 87
82 88
83 83
83 86
83 87
83 100
84 84
84 86
84 106
85 85
85 89
85 96
85 97
85 98
85 99
85 107
85 111
85 112
86 86
86 87
86 88
87 87
87 90
87 108
88 88
88 89
88 92
88 93
88 96
88 101
88 102
88 103
89 89
89 93
89 96
89 97
89 98
89 99
89 101
89 102
89 103
89 107
89 111
89 112
89 113
89 114
90 90
90 91
90 92
90 93
90 95
90 105
90 108
90 112
91 91
91 92
91 93
91 94
91 95
91 97
91 99
91 101
91 102
91 103
91 105
91 107
91 108
91 109
91 110
91 111
91 112
91 113
91 114
91 115
92 92
92 93
92 94
92 95
92 100
92 101
92 102
92 103
92 104
92 105
92 108
92 109
92 112
92 113
92 114
92 115
93 93
93 94
93 95
93 97
93 99
93 100
93 101
93 102
93 103
93 104
93 105
93 108
93 109
93 113
93 114
93 115
94 94
94 95
94 96
94 97
94 99
94 101
94 102
94 103
94 104
94 105
94 107
94 109
94 112
94 113
94 114
94 115
95 95
95 100
95 101
95 102
95 103
95 104
95 105
95 109
95 112
95 113
95 114
95 115
96 96
96 97
96 98
96 99
96 101
96 103
96 105
96 107
96 109
96 110
96 111
96 112
96 113
96 114
97 97
97 98
97 99
97 101
97 103
97 105
97 106
97 107
97 109
97 110
97 111
97 112
97 113
97 114
97 115
98 98
98 99
98 101
98 102
98 107
98 111
98 112
98 113
98 114
99 99
99 101
99 102
99 103
99 105
99 106
99 107
99 109
99 110
99 111
99 112
99 113
99 114
99 115
100 100
100 101
100 102
100 103
100 104
100 113
100 114
101 101
101 102
101 103
101 104
101 105
101 107
101 108
101 109
101 112
101 113
101 114
101 115
102 102
102 103
102 104
102 105
102 108
102 112
102 113
102 114
102 115
103 103
103 104
103 105
103 106
103 107
103 109
103 111
103 112
103 113
103 114
103 115
104 104
104 105
104 106
104 112
104 113
104 114
104 115
105 105
105 106
105 107
105 109
105 111
105 112
105 113
105 114
105 115
106 106
106 110
106 111
106 112
106 113
106 114
106 115
107 107
107 109
107 110
107 111
107 112
107 114
107 115
108 108
109 109
109 110
109 111
109 112
109 113
109 114
109 115
110 110
110 111
110 112
111 111
111 112
111 113
111 114
111 115
112 112
112 113
112 114
112 115
113 113
113 114
113 115
114 114
114 115
115 115
