0 0
0 1
0 10
0 11
0 15
0 17
0 18
0 29
0 32
0 56
0 57
0 58
0 60
0 62
0 63
0 74
0 81
0 83
1 1
1 11
1 18
1 19
1 36
1 39
1 40
1 56
1 57
1 58
1 61
1 63
1 69
1 73
1 82
1 84
1 98
1 102
1 109
2 2
2 3
2 4
2 5
2 6
2 8
2 9
2 22
2 24
2 26
2 27
2 34
2 35
2 45
2 59
2 60
2 61
2 65
2 66
2 67
2 91
2 105
2 107
3 3
3 7
3 22
3 23
3 24
3 25
3 26
3 27
3 39
3 50
3 53
3 82
3 85
3 88
3 89
3 92
3 95
3 106
3 113
4 4
4 5
4 6
4 8
4 9
4 24
4 26
4 27
4 34
4 35
4 43
4 44
4 45
4 48
4 49
4 51
4 58
4 59
4 66
4 67
4 103
4 105
4 107
5 5
5 6
5 8
5 9
5 21
5 24
5 26
5 27
5 34
5 35
5 44
5 45
5 48
5 49
5 51
5 58
5 59
5 65
5 66
5 67
5 107
6 6
6 7
6 9
6 12
6 21
6 27
6 33
6 34
6 35
6 59
6 60
6 64
6 65
6 67
6 91
6 93
6 94
6 101
6 105
7 7
7 13
7 15
7 19
7 27
7 61
7 63
7 65
7 69
7 90
7 92
7 101
7 102
7 104
7 106
8 8
8 9
8 24
8 26
8 27
8 35
8 48
8 58
8 59
8 60
8 66
8 103
8 107
8 108
9 9
9 24
9 26
9 27
9 35
9 44
9 45
9 46
9 48
9 49
9 51
9 58
9 59
9 60
9 61
9 66
9 93
9 103
9 104
9 105
9 107
9 108
9 111
10 10
10 11
10 12
10 13
10 14
10 15
10 16
10 23
10 28
10 60
10 65
11 11
11 12
11 13
11 14
11 15
11 16
11 17
11 23
11 28
11 29
11 36
11 39
11 41
11 62
11 63
11 69
11 75
11 80
11 81
11 82
11 83
11 84
11 85
11 89
12 12
12 13
12 14
12 15
12 16
12 17
12 28
12 29
12 30
12 31
12 32
12 38
12 41
12 60
12 62
12 63
12 71
12 72
12 75
12 79
12 80
12 81
13 13
13 14
13 15
13 16
13 17
13 22
13 23
13 28
13 29
13 38
13 41
13 57
13 60
13 62
13 63
13 69
13 71
13 75
13 79
13 80
13 81
13 83
13 89
13 95
14 14
14 15
14 22
14 23
14 25
14 28
14 30
14 31
14 36
14 38
14 41
14 72
14 82
14 83
14 84
14 85
14 88
15 15
15 17
15 18
15 19
15 23
15 28
15 29
15 36
15 38
15 41
15 61
15 62
15 63
15 68
15 69
15 72
15 75
15 80
15 81
15 82
15 83
15 84
15 85
15 90
16 16
16 17
16 19
16 25
16 28
16 29
16 32
16 36
16 37
16 38
16 41
16 56
16 57
16 62
16 63
16 71
16 72
16 73
16 74
16 79
16 80
16 81
16 83
16 97
17 17
17 18
17 19
17 28
17 29
17 32
17 36
17 37
17 41
17 56
17 57
17 62
17 63
17 68
17 71
17 72
17 73
17 74
17 75
17 76
17 77
17 78
17 79
17 80
17 81
17 83
17 95
18 18
18 19
18 29
18 32
18 33
18 36
18 56
18 61
18 62
18 63
18 68
18 69
18 73
18 74
18 75
18 76
18 77
18 78
18 80
18 81
18 83
19 19
19 28
19 29
19 32
19 33
19 53
19 56
19 57
19 59
19 61
19 62
19 63
19 68
19 69
19 72
19 73
19 80
19 81
19 83
19 90
19 100
19 102
19 103
19 114
20 20
20 21
20 25
20 41
20 79
20 82
20 94
20 96
20 97
20 107
21 21
21 24
21 31
21 66
21 94
21 97
21 103
21 105
21 107
22 22
22 23
22 24
22 25
22 26
22 30
22 31
22 39
22 42
22 48
22 49
22 50
22 54
22 70
22 82
22 84
22 85
22 86
22 88
22 89
23 23
23 24
23 25
23 30
23 31
23 39
23 50
23 53
23 70
23 71
23 82
23 83
23 84
23 85
23 86
23 88
23 89
23 95
24 24
24 25
24 26
24 27
24 30
24 31
24 34
24 42
24 45
24 48
24 49
24 50
24 51
24 53
24 66
24 86
24 112
25 25
25 30
25 31
25 38
25 41
25 50
25 71
25 79
25 80
25 82
25 83
25 85
25 86
25 95
25 97
25 106
26 26
26 27
26 34
26 39
26 42
26 43
26 45
26 47
26 48
26 49
26 50
26 51
26 54
26 66
26 67
26 86
26 88
26 96
26 107
27 27
27 34
27 35
27 39
27 66
27 67
27 107
28 28
28 29
28 32
28 36
28 41
28 62
28 63
28 72
28 74
28 78
28 79
28 80
28 81
28 82
28 83
28 84
28 85
28 97
29 29
29 32
29 33
29 36
29 37
29 40
29 41
29 56
29 62
29 63
29 68
29 72
29 73
29 74
29 75
29 76
29 77
29 78
29 79
29 80
29 81
29 83
29 97
29 100
29 115
30 30
30 31
30 45
30 48
30 49
30 50
30 67
30 70
30 72
31 31
31 45
31 70
31 71
31 79
31 83
31 85
32 32
32 33
32 36
32 38
32 41
32 62
32 63
32 68
32 72
32 73
32 74
32 76
32 77
32 78
32 79
32 80
32 81
32 83
32 97
32 115
33 33
33 35
33 59
33 61
33 64
33 65
33 67
33 68
33 72
33 76
33 78
33 91
33 93
33 100
33 101
33 102
33 103
33 104
33 105
33 108
33 110
33 114
33 115
34 34
34 35
34 40
34 42
34 43
34 44
34 45
34 46
34 47
34 48
34 50
34 54
34 64
34 65
34 66
34 67
34 86
34 88
34 99
34 104
34 105
34 107
34 108
34 109
34 111
34 112
34 113
34 114
35 35
35 43
35 44
35 45
35 46
35 47
35 48
35 59
35 64
35 65
35 66
35 67
35 91
35 93
35 99
35 101
35 102
35 103
35 104
35 105
35 107
35 108
35 110
35 111
35 112
35 114
36 36
36 37
36 38
36 39
36 40
36 41
36 56
36 57
36 62
36 63
36 72
36 73
36 74
36 75
36 76
36 77
36 78
36 79
36 80
36 81
36 83
36 84
37 37
37 39
37 40
37 41
37 52
37 53
37 62
37 70
37 72
37 73
37 74
37 75
37 76
37 77
37 78
37 79
37 80
37 81
38 38
38 41
38 54
38 62
38 63
38 69
38 72
38 73
38 74
38 75
38 76
38 79
38 80
38 81
38 83
38 88
38 95
38 97
39 39
39 40
39 84
39 85
39 87
39 89
39 109
40 40
40 53
40 72
40 91
40 93
40 108
40 109
40 112
41 41
41 56
41 57
41 62
41 63
41 68
41 69
41 71
41 72
41 73
41 74
41 75
41 76
41 77
41 79
41 80
41 81
41 82
41 83
41 95
41 97
41 106
42 42
42 43
42 44
42 45
42 46
42 47
42 48
42 49
42 50
42 51
42 52
42 53
42 54
42 55
42 66
42 86
42 88
42 93
42 98
42 99
42 110
42 111
42 112
43 43
43 44
43 45
43 46
43 47
43 48
43 49
43 50
43 51
43 54
43 55
43 66
43 67
43 86
43 98
43 99
43 104
43 110
43 111
43 112
43 115
44 44
44 45
44 46
44 47
44 48
44 49
44 50
44 51
44 55
44 59
44 66
44 67
44 104
44 105
44 107
44 111
44 112
45 45
45 46
45 47
45 48
45 49
45 50
45 51
45 66
45 67
45 105
45 107
46 46
46 47
46 48
46 49
46 50
46 51
46 52
46 53
46 54
46 55
46 66
46 86
46 93
46 98
46 99
46 104
46 109
46 110
46 111
46 112
47 47
47 48
47 49
47 51
47 52
47 53
47 55
47 67
47 86
47 90
47 98
47 99
47 104
47 110
47 111
48 48
48 49
48 50
48 51
48 52
48 53
48 54
48 55
48 66
48 86
48 99
48 104
48 105
48 107
48 111
48 112
48 114
49 49
49 50
49 51
49 52
49 53
49 55
49 66
49 86
49 99
49 104
49 105
49 107
49 111
49 112
49 114
50 50
50 51
50 52
50 54
50 66
50 84
50 85
50 86
50 87
50 88
50 89
50 112
51 51
51 52
51 53
51 55
51 58
51 59
51 98
51 99
51 104
51 105
51 111
51 112
51 114
52 52
52 53
52 54
52 58
52 90
52 92
52 98
52 99
52 112
53 53
53 55
53 86
53 98
53 99
53 106
53 111
53 112
54 54
54 55
54 64
54 66
54 84
54 85
54 86
54 87
54 88
54 89
54 91
54 93
54 96
54 98
54 99
54 101
54 102
54 109
54 112
55 55
55 86
55 87
55 90
55 96
55 98
55 99
55 105
55 109
55 110
55 112
55 114
55 115
56 56
56 57
56 58
56 62
56 74
56 80
56 81
57 57
57 60
57 62
57 63
57 69
57 73
57 74
57 75
57 80
57 81
57 99
58 58
58 59
58 60
58 61
58 68
58 69
58 103
59 59
59 60
59 61
59 65
59 66
59 67
59 68
59 69
59 101
59 102
59 103
59 104
59 105
59 107
59 114
59 115
60 60
60 61
60 62
60 63
60 64
60 65
60 69
60 108
61 61
61 63
61 65
61 68
61 69
61 90
61 94
61 100
61 102
61 103
61 104
61 105
61 114
62 62
62 63
62 68
62 69
62 71
62 72
62 73
62 74
62 75
62 77
62 79
62 80
62 81
62 83
62 95
62 97
63 63
63 68
63 69
63 71
63 72
63 73
63 74
63 75
63 76
63 77
63 79
63 80
63 81
63 83
63 92
63 95
63 97
63 100
63 102
63 106
64 64
64 65
64 66
64 67
64 88
64 91
64 92
64 93
64 94
64 96
64 101
64 108
65 65
65 67
65 91
65 94
65 101
65 103
65 104
65 105
65 108
65 114
66 66
66 67
66 105
66 107
66 108
66 112
67 67
67 101
67 104
67 105
67 107
67 108
67 110
68 68
68 69
68 72
68 73
68 80
68 81
68 83
68 97
68 102
68 115
69 69
69 73
69 75
69 77
69 80
69 81
69 82
69 83
69 95
69 97
69 102
69 106
70 70
70 71
70 72
70 73
70 74
70 75
70 76
70 77
70 79
70 89
70 93
70 106
71 71
71 73
71 75
71 77
71 79
71 80
71 95
71 106
72 72
72 73
72 74
72 75
72 76
72 77
72 78
72 79
72 80
72 81
72 83
72 97
73 73
73 74
73 75
73 76
73 77
73 78
73 79
73 80
73 81
73 83
73 92
73 95
73 97
73 106
74 74
74 75
74 76
74 77
74 78
74 79
74 80
74 81
74 83
74 84
74 85
74 89
74 95
74 100
74 106
75 75
75 76
75 77
75 78
75 79
75 80
75 81
75 83
75 92
75 95
75 100
75 106
76 76
76 77
76 78
76 79
76 80
76 81
76 83
76 98
76 100
76 109
76 110
76 115
77 77
77 79
77 80
77 81
77 83
77 92
77 95
77 106
78 78
78 79
78 80
78 81
78 110
78 115
79 79
79 80
79 81
79 83
79 95
79 97
80 80
80 81
80 83
80 97
80 106
81 81
81 83
82 82
82 83
82 84
82 85
82 86
82 87
82 88
82 92
82 94
82 95
82 96
82 97
82 106
82 113
83 83
83 84
83 85
83 87
83 95
83 96
83 97
84 84
84 85
84 86
84 87
84 88
84 89
84 96
84 109
84 113
85 85
85 86
85 87
85 88
85 89
85 92
85 113
86 86
86 87
86 88
86 92
86 96
86 98
86 99
86 106
86 111
86 112
87 87
87 89
87 92
87 94
87 96
87 107
87 109
87 112
87 115
88 88
88 89
88 95
88 96
89 89
89 92
90 90
90 92
90 94
90 98
90 100
90 110
91 91
91 92
91 93
91 98
91 99
91 101
91 102
91 103
91 108
91 112
91 114
92 92
92 93
92 98
92 99
92 100
92 101
92 102
92 106
92 111
93 93
93 98
93 99
93 100
93 101
93 102
93 103
93 108
93 111
93 112
94 94
94 96
94 97
94 103
94 105
94 107
94 108
94 110
94 114
95 95
95 96
95 97
96 96
96 97
96 98
96 109
97 97
97 115
98 98
98 99
98 100
98 102
98 110
98 111
98 112
99 99
99 100
99 102
99 104
99 111
99 112
99 113
99 114
100 100
100 102
100 103
100 104
100 105
100 110
100 111
101 101
101 102
102 102
102 106
102 111
103 103
103 104
103 105
103 107
103 108
103 110
103 111
103 114
103 115
104 104
104 105
104 107
104 108
104 110
104 111
104 112
104 113
104 114
105 105
105 107
105 108
105 110
105 111
105 114
105 115
106 106
107 107
107 110
107 114
108 108
108 109
108 110
108 111
108 112
108 114
108 115
109 109
109 110
109 111
109 113
110 110
110 111
110 114
110 115
111 111
111 112
111 113
112 112
112 113
112 114
113 113
113 114
114 114
114 115
115 115
