0 0
0 10
0 12
0 16
0 18
0 19
0 28
0 32
0 36
0 48
0 52
0 53
0 56
0 57
0 58
0 60
0 62
0 76
0 80
0 90
0 91
0 93
0 98
0 99
0 101
0 103
0 112
1 1
1 11
1 12
1 13
1 15
1 16
1 17
1 19
1 28
1 57
1 61
1 62
1 63
1 75
1 83
1 87
1 92
1 100
1 102
2 2
2 4
2 6
2 8
2 10
2 12
2 14
2 18
2 22
2 24
2 30
2 58
2 60
2 64
2 68
2 69
2 82
2 84
2 86
2 91
2 93
2 101
3 3
3 5
3 7
3 9
3 18
3 19
3 21
3 22
3 23
3 25
3 27
3 31
3 35
3 39
3 48
3 52
3 53
3 65
3 70
3 75
3 87
3 88
3 90
3 92
3 111
3 112
3 113
4 4
4 6
4 8
4 13
4 15
4 20
4 21
4 24
4 25
4 26
4 27
4 30
4 31
4 34
4 35
4 40
4 41
4 49
4 64
4 70
4 82
4 83
4 87
4 93
4 100
4 102
5 5
5 7
5 9
5 15
5 21
5 22
5 23
5 24
5 25
5 26
5 27
5 31
5 35
5 39
5 43
5 48
5 50
5 51
5 65
5 67
5 92
5 96
5 97
5 113
6 6
6 8
6 10
6 11
6 12
6 13
6 14
6 15
6 18
6 19
6 22
6 23
6 26
6 60
6 64
6 82
6 84
6 86
6 90
6 91
6 92
6 93
6 100
6 101
7 7
7 9
7 13
7 15
7 22
7 23
7 24
7 25
7 27
7 31
7 35
7 51
7 59
7 65
7 67
7 69
7 87
7 92
8 8
8 12
8 13
8 14
8 15
8 18
8 20
8 26
8 29
8 30
8 31
8 40
8 60
8 63
8 64
8 69
8 70
8 82
8 83
8 87
8 90
8 93
8 100
9 9
9 11
9 15
9 22
9 23
9 24
9 25
9 26
9 27
9 31
9 35
9 43
9 48
9 50
9 51
9 59
9 65
9 67
9 69
9 88
9 92
10 10
10 12
10 14
10 16
10 18
10 19
10 28
10 32
10 48
10 52
10 57
10 58
10 60
10 62
10 64
10 72
10 74
10 80
10 82
10 83
10 84
10 85
10 86
10 90
10 91
10 93
10 101
10 103
10 108
11 11
11 12
11 13
11 14
11 15
11 51
11 59
11 61
11 65
11 85
11 87
11 92
11 100
11 102
12 12
12 13
12 14
12 15
12 19
12 48
12 51
12 58
12 60
12 61
12 64
12 65
12 68
12 82
12 84
12 86
12 90
12 91
12 92
12 93
12 100
12 101
13 13
13 14
13 15
13 41
13 59
13 61
13 63
13 65
13 69
13 83
13 87
13 92
13 100
13 102
13 105
14 14
14 15
14 19
14 28
14 62
14 64
14 82
14 84
14 85
14 86
14 88
14 91
14 92
14 93
14 100
15 15
15 21
15 26
15 27
15 37
15 41
15 51
15 59
15 61
15 65
15 69
15 87
15 92
15 100
15 102
15 103
15 105
16 16
16 17
16 18
16 19
16 28
16 29
16 32
16 36
16 37
16 40
16 41
16 56
16 57
16 62
16 63
16 72
16 74
16 76
16 78
16 79
16 80
16 81
16 83
16 85
16 100
16 101
16 102
16 103
16 112
17 17
17 28
17 29
17 30
17 32
17 36
17 37
17 40
17 41
17 57
17 62
17 63
17 71
17 72
17 74
17 78
17 79
17 80
17 81
17 82
17 83
17 85
17 100
17 101
17 102
17 103
18 18
18 19
18 28
18 29
18 31
18 32
18 33
18 41
18 57
18 62
18 64
18 72
18 73
18 74
18 75
18 79
18 81
18 82
18 83
18 86
18 87
18 90
18 91
18 93
18 101
18 109
18 111
18 112
19 19
19 28
19 32
19 33
19 57
19 60
19 62
19 68
19 72
19 73
19 74
19 75
19 79
19 81
19 82
19 83
19 86
19 87
19 90
19 91
19 93
19 101
19 111
19 112
20 20
20 21
20 26
20 30
20 40
20 41
20 53
20 64
20 70
20 72
20 73
20 74
20 75
20 76
20 77
20 82
20 83
20 86
20 91
20 93
21 21
21 23
21 24
21 25
21 26
21 27
21 30
21 31
21 33
21 37
21 41
21 70
21 71
21 73
21 74
21 75
21 87
21 100
21 102
21 103
22 22
22 23
22 24
22 25
22 27
22 34
22 35
22 50
22 53
22 64
22 65
22 67
22 86
22 88
22 93
22 113
23 23
23 24
23 25
23 27
23 31
23 35
23 48
23 50
23 51
23 64
23 65
23 67
23 86
23 87
23 88
23 92
23 113
24 24
24 25
24 26
24 27
24 31
24 33
24 34
24 35
24 39
24 43
24 50
24 64
24 65
24 67
24 88
24 96
24 97
25 25
25 26
25 27
25 30
25 31
25 33
25 34
25 35
25 39
25 50
25 53
25 65
25 67
25 73
25 87
25 88
25 97
25 113
26 26
26 27
26 30
26 31
26 37
26 39
26 41
26 64
26 65
26 93
26 100
26 102
26 103
27 27
27 31
27 33
27 35
27 39
27 41
27 43
27 50
27 65
27 67
27 96
27 97
27 100
27 113
28 28
28 29
28 30
28 32
28 36
28 37
28 40
28 41
28 57
28 62
28 63
28 72
28 74
28 76
28 78
28 79
28 80
28 81
28 82
28 83
28 84
28 85
28 93
28 100
28 101
28 102
28 103
28 109
29 29
29 30
29 31
29 32
29 36
29 37
29 40
29 41
29 57
29 62
29 63
29 71
29 72
29 74
29 76
29 78
29 79
29 80
29 81
29 82
29 83
29 85
29 87
29 100
29 101
29 102
29 105
30 30
30 31
30 37
30 40
30 41
30 62
30 70
30 72
30 74
30 81
30 82
30 83
30 87
30 100
30 102
31 31
31 33
31 34
31 35
31 39
31 41
31 71
31 82
31 83
31 87
32 32
32 33
32 36
32 37
32 40
32 57
32 62
32 63
32 68
32 72
32 74
32 78
32 79
32 80
32 81
32 83
32 84
32 85
32 101
32 102
32 103
32 109
33 33
33 65
33 68
33 71
33 73
33 74
33 78
33 79
33 88
33 96
33 97
33 110
34 34
34 35
34 44
34 45
34 49
34 66
34 67
34 69
34 77
35 35
35 45
35 49
35 55
35 59
35 65
35 66
35 67
35 69
35 77
35 88
36 36
36 37
36 38
36 40
36 41
36 56
36 57
36 62
36 63
36 71
36 72
36 73
36 74
36 76
36 78
36 79
36 80
36 81
36 83
36 85
36 108
36 109
37 37
37 38
37 39
37 40
37 41
37 62
37 63
37 71
37 72
37 74
37 78
37 80
37 81
37 83
37 85
37 100
37 101
37 102
37 103
37 104
37 105
38 38
38 39
38 40
38 41
38 54
38 55
38 76
38 94
38 95
38 96
38 97
38 98
38 99
38 104
38 105
38 107
38 114
38 115
39 39
39 41
39 43
39 51
39 55
39 65
39 94
39 95
39 96
39 97
39 99
39 110
39 113
39 114
39 115
40 40
40 41
40 57
40 62
40 63
40 71
40 72
40 73
40 74
40 76
40 78
40 79
40 80
40 81
40 82
40 83
40 85
40 100
40 102
40 103
40 105
41 41
41 57
41 62
41 63
41 71
41 72
41 74
41 75
41 80
41 81
41 82
41 83
41 100
41 102
41 103
42 42
42 43
42 44
42 45
42 46
42 47
42 48
42 49
42 50
42 51
42 52
42 54
42 55
42 90
42 91
42 96
42 98
42 99
42 110
42 111
43 43
43 44
43 45
43 46
43 47
43 48
43 50
43 51
43 54
43 55
43 94
43 95
43 96
43 97
43 98
43 99
43 110
43 111
43 113
43 115
44 44
44 45
44 46
44 47
44 49
44 50
44 51
44 53
44 54
44 55
44 59
44 66
44 67
44 98
44 107
45 45
45 46
45 47
45 49
45 51
45 55
45 66
45 67
45 98
46 46
46 47
46 49
46 50
46 52
46 53
46 54
46 55
46 71
46 72
46 95
46 96
46 98
46 99
46 111
47 47
47 49
47 50
47 54
47 55
47 67
47 96
47 98
47 99
47 111
48 48
48 49
48 50
48 51
48 52
48 53
48 54
48 55
48 58
48 60
48 61
48 65
48 86
48 89
48 90
48 91
48 96
48 97
48 98
48 108
48 113
49 49
49 51
49 53
49 55
49 59
49 66
49 67
50 50
50 51
50 52
50 53
50 54
50 55
50 58
50 65
50 86
50 88
50 91
50 95
50 96
50 97
50 98
50 110
50 113
50 115
51 51
51 54
51 55
51 58
51 59
51 60
51 61
51 65
51 66
51 67
51 89
51 96
51 97
51 104
52 52
52 53
52 54
52 56
52 58
52 60
52 61
52 90
52 91
52 98
52 108
52 112
53 53
53 54
53 58
53 60
53 70
53 73
53 90
53 91
53 98
53 108
53 113
54 54
54 55
54 58
54 86
54 89
54 94
54 95
54 96
54 97
54 98
54 99
54 108
54 110
54 112
54 113
54 115
55 55
55 89
55 94
55 95
55 96
55 97
55 98
55 99
55 108
55 110
55 113
55 115
56 56
56 57
56 58
56 60
56 62
56 72
56 76
56 78
56 79
56 80
56 81
56 91
56 99
56 101
56 108
56 110
56 112
57 57
57 62
57 63
57 68
57 72
57 74
57 78
57 79
57 80
57 81
57 83
57 84
57 90
57 100
57 101
57 102
57 112
58 58
58 59
58 60
58 61
58 66
58 68
58 69
58 86
58 89
58 90
58 91
58 98
58 99
58 108
59 59
59 61
59 65
59 66
59 67
59 69
59 89
59 92
59 104
59 106
59 107
60 60
60 61
60 64
60 68
60 86
60 90
60 91
60 93
60 98
60 101
60 106
60 108
61 61
61 63
61 65
61 66
61 69
61 89
62 62
62 63
62 72
62 74
62 78
62 79
62 80
62 81
62 82
62 83
62 84
62 85
62 100
62 101
62 102
62 103
63 63
63 71
63 72
63 74
63 78
63 79
63 80
63 81
63 82
63 83
63 85
63 100
63 101
63 102
63 106
64 64
64 65
64 84
64 86
64 88
64 91
64 93
65 65
65 67
65 69
65 88
65 92
65 96
66 66
66 67
66 68
66 69
66 89
66 106
66 107
67 67
67 69
67 88
67 89
68 68
68 69
68 78
68 79
68 88
68 110
68 113
69 69
69 88
69 89
69 107
70 70
70 71
70 73
70 74
70 75
70 76
70 77
70 87
70 92
71 71
71 72
71 73
71 74
71 75
71 76
71 77
71 79
71 81
71 83
71 87
72 72
72 74
72 76
72 78
72 79
72 80
72 81
72 82
72 83
72 85
72 98
72 100
72 101
72 102
72 103
73 73
73 74
73 75
73 76
73 77
73 79
73 86
73 88
73 98
74 74
74 75
74 76
74 78
74 79
74 80
74 81
74 82
74 83
74 98
74 101
74 102
75 75
75 76
75 77
75 87
76 76
76 77
76 78
76 79
76 80
76 81
76 82
77 77
77 78
77 83
77 106
78 78
78 79
78 80
78 81
78 84
78 85
78 110
79 79
79 80
79 81
79 110
79 111
79 112
80 80
80 81
80 82
80 83
80 84
80 85
80 101
80 102
80 103
80 109
81 81
81 82
81 83
81 84
81 85
81 101
81 102
82 82
82 83
82 84
82 85
82 86
82 87
82 90
82 93
82 101
83 83
83 85
83 87
83 100
83 101
83 102
84 84
84 85
84 86
84 88
84 93
84 101
85 85
85 89
85 93
86 86
86 87
86 88
86 89
86 90
86 91
86 93
86 98
86 108
87 87
87 92
87 100
88 88
88 89
88 97
88 113
89 89
89 108
90 90
90 91
90 92
90 93
90 98
90 101
90 112
91 91
91 92
91 93
91 98
91 99
91 101
91 108
92 92
92 93
92 100
92 102
92 103
93 93
93 100
93 101
93 102
93 103
94 94
94 95
94 96
94 97
94 99
94 104
94 105
94 107
94 110
94 113
94 114
94 115
95 95
95 96
95 97
95 98
95 99
95 108
95 109
95 110
95 111
95 112
95 113
95 114
95 115
96 96
96 97
96 98
96 99
96 108
96 109
96 110
96 111
96 112
96 113
96 115
97 97
97 98
97 99
97 108
97 109
97 110
97 112
97 113
97 114
97 115
98 98
98 99
98 108
98 109
98 111
98 112
98 113
99 99
99 108
99 109
99 110
99 111
99 112
99 113
99 115
100 100
100 101
100 102
100 103
101 101
101 102
101 103
102 102
102 103
103 103
103 104
103 105
103 107
104 104
104 105
104 106
104 107
104 114
104 115
105 105
105 106
105 107
105 114
105 115
106 106
106 107
107 107
107 114
107 115
108 108
108 109
108 113
109 109
109 110
109 111
109 112
110 110
110 111
110 112
110 113
110 115
111 111
111 112
111 113
112 112
112 113
113 113
113 114
113 115
114 114
114 115
115 115
