0 0
0 1
0 10
0 12
0 16
0 17
0 18
0 19
0 28
0 29
0 32
0 36
0 37
0 38
0 42
0 48
0 54
0 56
0 57
0 68
0 69
0 72
0 73
0 76
0 78
0 79
0 80
0 81
0 83
0 84
0 111
1 1
1 12
1 16
1 17
1 18
1 19
1 28
1 29
1 32
1 36
1 37
1 38
1 42
1 46
1 47
1 48
1 49
1 55
1 56
1 57
1 58
1 63
1 68
1 69
1 72
1 74
1 76
1 78
1 79
1 80
1 81
1 96
1 98
1 111
1 112
1 115
2 2
2 3
2 4
2 6
2 8
2 14
2 20
2 22
2 23
2 24
2 25
2 26
2 27
2 30
2 34
2 35
2 50
2 64
2 67
2 73
2 76
2 86
2 88
2 89
2 92
2 93
2 94
2 102
2 104
2 110
3 3
3 6
3 7
3 8
3 9
3 22
3 23
3 25
3 27
3 31
3 35
3 64
3 65
3 67
3 82
3 92
3 93
3 113
4 4
4 5
4 8
4 11
4 12
4 13
4 20
4 24
4 25
4 26
4 27
4 35
4 38
4 39
4 54
4 55
4 58
4 59
4 60
4 65
4 86
4 88
4 89
4 115
5 5
5 7
5 8
5 9
5 13
5 20
5 21
5 23
5 24
5 25
5 26
5 27
5 54
5 61
5 65
5 67
5 89
5 92
6 6
6 7
6 8
6 20
6 22
6 23
6 24
6 25
6 26
6 30
6 31
6 33
6 35
6 64
6 65
6 67
6 76
6 92
6 93
6 94
6 113
7 7
7 8
7 9
7 11
7 13
7 15
7 23
7 25
7 31
7 33
7 35
7 52
7 59
7 61
7 64
7 65
7 67
7 89
7 92
7 95
7 113
8 8
8 9
8 20
8 24
8 25
8 26
8 27
8 30
8 31
8 33
8 34
8 50
8 64
8 65
8 66
8 67
8 76
8 92
8 102
9 9
9 11
9 13
9 15
9 21
9 23
9 25
9 31
9 33
9 35
9 52
9 59
9 61
9 63
9 64
9 65
9 67
9 92
10 10
10 11
10 12
10 13
10 14
10 15
10 19
10 28
10 29
10 36
10 37
10 58
10 60
10 70
10 72
10 74
10 75
10 76
10 77
10 80
10 81
10 82
10 83
10 84
10 85
10 90
10 91
10 93
10 99
10 101
10 111
10 112
10 113
11 11
11 12
11 13
11 14
11 15
11 35
11 50
11 52
11 54
11 58
11 60
11 61
11 65
11 84
11 85
11 89
11 90
11 91
11 92
11 100
12 12
12 13
12 14
12 15
12 19
12 36
12 37
12 58
12 60
12 74
12 75
12 76
12 90
12 91
12 93
12 100
13 13
13 14
13 15
13 35
13 50
13 58
13 60
13 61
13 65
13 89
13 90
13 91
13 92
13 100
14 14
14 15
14 19
14 22
14 28
14 36
14 50
14 60
14 64
14 74
14 75
14 76
14 82
14 83
14 84
14 85
14 90
14 91
14 92
14 93
14 112
14 113
15 15
15 35
15 52
15 54
15 58
15 60
15 61
15 64
15 65
15 89
15 90
15 100
15 113
16 16
16 17
16 18
16 19
16 28
16 29
16 32
16 33
16 36
16 37
16 38
16 44
16 56
16 57
16 62
16 63
16 68
16 69
16 71
16 72
16 77
16 78
16 79
16 80
16 81
16 87
16 101
16 106
16 107
17 17
17 18
17 19
17 28
17 29
17 32
17 33
17 36
17 37
17 38
17 39
17 44
17 56
17 57
17 62
17 63
17 68
17 69
17 71
17 72
17 77
17 78
17 79
17 80
17 81
17 87
17 101
17 103
17 106
17 107
17 108
17 111
18 18
18 19
18 28
18 29
18 30
18 32
18 33
18 36
18 37
18 38
18 44
18 56
18 57
18 69
18 72
18 76
18 78
18 79
18 80
18 81
18 82
18 83
18 87
18 110
18 115
19 19
19 28
19 29
19 38
19 56
19 69
19 70
19 72
19 76
19 78
19 79
19 82
19 83
19 87
19 90
19 91
19 103
19 105
19 106
19 110
19 111
20 20
20 21
20 22
20 23
20 24
20 25
20 26
20 27
20 33
20 67
20 86
20 115
21 21
21 23
21 24
21 25
21 26
21 30
21 31
21 33
21 38
21 67
21 85
21 87
22 22
22 23
22 24
22 25
22 26
22 27
22 30
22 50
22 53
22 64
22 73
22 74
22 76
22 82
22 83
22 86
22 88
22 93
22 94
22 95
22 110
23 23
23 25
23 26
23 27
23 30
23 31
23 35
23 50
23 52
23 53
23 64
23 65
23 67
23 82
23 83
23 86
23 88
23 92
23 93
23 94
23 95
23 113
24 24
24 25
24 26
24 27
24 30
24 34
24 39
24 64
24 73
24 74
24 86
24 88
24 89
24 94
24 104
24 110
25 25
25 26
25 27
25 30
25 31
25 33
25 34
25 35
25 45
25 64
25 65
25 67
25 86
25 89
25 92
25 94
25 95
25 104
26 26
26 27
26 34
26 39
26 54
26 55
26 86
26 88
26 89
26 110
27 27
27 34
27 54
27 64
27 65
27 67
27 85
27 86
27 88
27 89
27 92
27 94
27 110
28 28
28 29
28 30
28 32
28 36
28 37
28 56
28 62
28 63
28 70
28 72
28 73
28 74
28 75
28 76
28 77
28 78
28 79
28 80
28 81
28 82
28 83
28 84
28 87
28 101
28 103
28 108
28 111
28 112
28 115
29 29
29 31
29 32
29 33
29 36
29 37
29 40
29 41
29 42
29 43
29 56
29 57
29 62
29 63
29 70
29 72
29 73
29 74
29 75
29 76
29 77
29 78
29 79
29 80
29 81
29 83
29 87
29 108
30 30
30 31
30 33
30 40
30 41
30 44
30 45
30 64
30 67
30 70
30 72
30 73
30 74
30 76
30 77
30 78
30 79
30 82
30 83
30 87
31 31
31 33
31 40
31 45
31 61
31 64
31 65
31 67
31 70
31 71
31 74
31 76
31 77
31 79
31 82
31 83
31 87
31 113
32 32
32 33
32 36
32 37
32 39
32 41
32 43
32 44
32 49
32 55
32 56
32 57
32 68
32 69
32 72
32 78
32 79
32 80
32 81
32 109
32 112
33 33
33 44
33 45
33 61
33 62
33 63
33 67
33 70
33 71
33 78
33 79
34 34
34 35
34 45
34 64
34 65
34 66
34 67
34 86
34 88
34 89
34 94
34 102
35 35
35 52
35 58
35 59
35 60
35 61
35 62
35 64
35 65
35 66
35 67
35 88
35 89
35 91
35 92
35 93
35 113
36 36
36 37
36 38
36 40
36 41
36 56
36 62
36 68
36 69
36 72
36 79
36 80
36 81
36 84
36 85
36 97
36 108
36 111
36 112
36 115
37 37
37 38
37 39
37 41
37 56
37 57
37 73
37 74
37 75
37 77
37 80
37 81
37 87
37 88
37 97
37 104
37 109
37 112
37 115
38 38
38 39
38 44
38 49
38 55
38 56
38 57
38 68
38 69
38 79
38 80
38 81
38 87
38 97
38 103
38 108
38 115
39 39
39 41
39 55
39 56
39 73
39 86
39 87
39 88
39 94
39 97
39 104
39 109
39 110
40 40
40 41
40 64
40 80
40 82
40 83
40 94
40 95
40 105
40 113
40 114
41 41
41 68
41 73
41 75
41 78
41 79
41 81
41 87
41 94
41 95
41 97
41 104
41 105
41 106
41 109
41 112
41 115
42 42
42 43
42 44
42 46
42 47
42 48
42 49
42 51
42 53
42 55
42 56
42 68
42 96
42 98
42 111
42 112
43 43
43 44
43 45
43 46
43 47
43 48
43 49
43 51
43 55
43 72
43 96
43 98
43 103
43 108
43 110
43 111
44 44
44 45
44 46
44 47
44 48
44 49
44 55
44 56
44 57
44 68
44 69
44 72
44 78
44 79
44 96
44 107
44 108
45 45
45 47
45 49
45 55
45 61
45 66
45 67
45 86
45 108
46 46
46 47
46 48
46 49
46 50
46 51
46 52
46 53
46 55
46 63
46 68
46 90
46 95
46 96
46 98
46 109
46 111
47 47
47 48
47 49
47 51
47 53
47 55
47 68
47 73
47 96
47 98
47 109
47 110
47 111
48 48
48 49
48 50
48 51
48 53
48 54
48 55
48 57
48 58
48 68
48 96
48 98
48 103
48 110
48 111
49 49
49 51
49 55
49 56
49 57
49 68
49 69
49 96
49 98
49 103
49 108
49 110
49 111
49 115
50 50
50 51
50 52
50 53
50 58
50 64
50 65
50 75
50 90
50 91
50 92
50 93
50 98
50 100
50 104
50 112
51 51
51 52
51 53
51 55
51 58
51 59
51 66
51 89
51 90
51 96
51 98
51 99
51 100
51 111
52 52
52 53
52 54
52 58
52 59
52 60
52 61
52 62
52 63
52 65
52 90
52 91
52 92
52 98
52 99
52 100
52 113
52 114
53 53
53 54
53 55
53 90
53 95
53 96
53 98
53 100
54 54
54 55
54 58
54 60
54 65
54 88
54 89
54 100
54 109
55 55
55 56
55 57
55 59
55 66
55 86
55 95
55 96
55 98
55 111
55 115
56 56
56 57
56 62
56 63
56 68
56 69
56 72
56 78
56 79
56 80
56 81
56 109
56 111
56 115
57 57
57 68
57 69
57 72
57 78
57 79
57 80
57 81
57 87
57 111
57 115
58 58
58 59
58 60
58 61
58 62
58 63
58 66
58 89
59 59
59 60
59 61
59 62
59 63
59 65
59 66
59 67
59 89
59 100
60 60
60 61
60 62
60 63
60 65
60 66
60 88
60 89
60 100
61 61
61 62
61 63
61 65
61 67
62 62
62 63
62 66
62 71
62 77
62 78
62 80
62 81
62 83
62 101
62 103
62 114
63 63
63 66
63 79
63 80
63 81
63 98
63 103
63 114
64 64
64 65
64 67
64 82
64 86
64 88
64 89
64 92
64 93
64 94
64 95
64 113
65 65
65 67
65 88
65 89
65 92
65 100
65 113
66 66
66 67
66 86
66 89
66 108
67 67
67 86
67 88
67 89
67 92
67 94
68 68
68 69
68 78
68 79
68 80
68 81
68 84
68 97
68 99
68 104
68 105
68 109
68 110
68 111
68 112
68 115
69 69
69 78
69 79
69 80
69 81
69 97
69 99
69 105
69 109
69 111
69 115
70 70
70 71
70 72
70 73
70 74
70 75
70 76
70 77
70 78
70 83
70 101
70 103
71 71
71 72
71 74
71 75
71 77
71 85
71 87
71 103
72 72
72 73
72 74
72 75
72 76
72 77
72 78
72 79
72 80
72 81
72 84
72 87
72 101
72 106
72 107
73 73
73 74
73 75
73 76
73 77
73 78
73 79
73 87
73 93
73 94
73 96
73 106
73 107
73 109
74 74
74 75
74 76
74 77
74 78
74 79
74 81
74 82
74 85
74 87
74 93
74 101
74 107
74 112
75 75
75 76
75 77
75 83
75 90
75 92
75 93
75 96
75 99
75 100
75 101
76 76
76 77
76 79
76 82
76 83
76 101
77 77
77 78
77 79
77 82
77 93
77 101
78 78
78 79
78 80
78 81
78 84
78 87
78 101
78 103
78 105
78 106
78 107
79 79
79 80
79 81
79 87
79 101
79 106
79 107
80 80
80 81
80 84
80 87
80 97
80 101
80 103
80 106
80 107
80 108
80 111
81 81
81 84
81 85
81 87
81 101
81 103
81 107
81 108
81 111
81 112
81 115
82 82
82 83
82 84
82 85
82 86
82 87
82 88
82 93
82 112
82 113
82 114
82 115
83 83
83 87
83 91
83 98
83 109
83 113
83 114
83 115
84 84
84 85
84 87
84 92
84 93
84 112
85 85
85 87
85 92
85 93
85 115
86 86
86 88
86 89
86 94
86 113
87 87
87 97
87 115
88 88
88 89
88 100
89 89
89 94
89 95
90 90
90 91
90 92
90 93
90 98
90 99
90 100
90 112
90 113
90 114
91 91
91 92
91 93
91 99
91 102
91 103
91 104
91 105
91 112
91 113
92 92
92 93
92 99
92 100
92 102
92 104
92 112
92 113
93 93
93 99
93 101
93 102
93 104
93 112
93 113
93 114
94 94
94 95
94 97
94 104
94 105
94 106
94 109
94 113
95 95
95 98
95 105
95 109
95 113
96 96
96 98
96 100
96 108
96 110
96 111
97 97
97 99
97 109
97 111
97 114
98 98
98 99
98 105
98 111
98 112
99 99
99 100
99 101
99 102
99 104
99 109
99 111
99 112
99 113
99 114
100 100
100 102
101 101
101 102
101 107
102 102
102 113
103 103
103 105
103 108
103 110
104 104
104 105
104 106
104 109
104 110
105 105
105 106
105 107
105 110
106 106
106 107
106 110
107 107
108 108
108 111
108 115
109 109
109 112
109 114
110 110
110 111
111 111
111 112
111 115
112 112
113 113
113 114
114 114
114 115
115 115
