0 0
0 10
0 12
0 28
0 36
0 46
0 48
0 49
0 51
0 53
0 55
0 56
0 58
0 59
0 62
0 66
0 85
0 89
0 107
1 1
1 11
1 16
1 17
1 18
1 19
1 37
1 46
1 47
1 48
1 53
1 56
1 57
1 58
1 59
1 60
1 62
1 63
1 68
1 69
1 79
1 80
1 81
1 83
1 86
2 2
2 3
2 4
2 5
2 6
2 7
2 8
2 9
2 12
2 13
2 14
2 15
2 18
2 22
2 24
2 25
2 30
2 31
2 35
2 50
2 64
2 65
2 93
3 3
3 7
3 9
3 15
3 22
3 23
3 24
3 54
3 61
3 65
3 74
3 88
3 90
3 92
4 4
4 5
4 6
4 7
4 8
4 9
4 10
4 12
4 13
4 14
4 15
4 20
4 26
4 30
4 34
4 35
4 50
4 54
4 60
4 61
4 65
4 67
5 5
5 6
5 9
5 15
5 20
5 21
5 25
5 26
5 27
5 35
5 54
5 61
5 65
5 70
5 83
5 87
5 92
5 94
5 95
5 98
5 99
5 105
5 108
5 114
5 115
6 6
6 7
6 8
6 9
6 12
6 13
6 14
6 15
6 20
6 25
6 30
6 31
6 64
6 70
6 83
6 91
6 93
6 111
6 112
6 115
7 7
7 8
7 9
7 11
7 13
7 15
7 23
7 31
7 33
7 61
7 65
7 90
7 92
7 93
8 8
8 9
8 11
8 12
8 13
8 14
8 15
8 16
8 24
8 25
8 31
8 47
8 52
8 53
8 60
8 70
8 73
8 91
8 100
8 102
9 9
9 11
9 13
9 15
9 24
9 25
9 29
9 31
9 33
9 35
9 41
9 44
9 60
9 61
9 65
9 70
9 74
9 90
9 91
9 92
9 93
9 100
9 102
9 104
9 112
9 113
9 114
10 10
10 11
10 12
10 13
10 17
10 28
10 46
10 48
10 51
10 53
10 58
10 59
10 62
10 66
10 67
10 83
11 11
11 12
11 13
11 15
11 16
11 17
11 29
11 34
11 60
11 61
11 65
11 75
11 83
11 95
12 12
12 13
12 14
12 15
12 26
12 28
12 30
12 45
12 50
12 61
12 65
12 70
12 112
13 13
13 15
13 31
13 34
13 60
13 61
13 65
13 92
13 95
13 100
13 113
14 14
14 15
14 18
14 22
14 24
14 28
14 30
14 50
14 64
14 72
14 74
14 82
14 84
14 91
14 112
15 15
15 20
15 24
15 25
15 29
15 30
15 31
15 33
15 60
15 61
15 70
15 72
15 74
15 75
15 83
15 92
15 93
15 111
15 112
16 16
16 17
16 19
16 32
16 36
16 38
16 40
16 41
16 46
16 47
16 53
16 56
16 58
16 59
16 62
16 63
16 66
16 69
16 78
16 80
16 81
16 82
16 83
16 102
17 17
17 18
17 19
17 29
17 36
17 37
17 40
17 41
17 47
17 53
17 56
17 57
17 60
17 62
17 63
17 68
17 69
17 72
17 79
17 80
17 81
17 83
18 18
18 19
18 22
18 23
18 28
18 32
18 33
18 57
18 60
18 63
18 64
18 68
18 74
18 79
18 80
18 81
18 82
18 83
18 86
19 19
19 22
19 23
19 32
19 33
19 56
19 57
19 62
19 63
19 68
19 69
19 78
19 79
19 80
19 81
19 82
19 83
19 84
19 86
19 90
19 115
20 20
20 21
20 24
20 25
20 26
20 27
20 28
20 30
20 31
20 39
20 70
20 71
20 87
20 89
20 92
20 93
20 112
20 114
20 115
21 21
21 26
21 27
21 33
21 38
21 39
21 54
21 56
21 66
21 67
21 78
21 80
21 82
21 83
21 87
21 89
21 94
21 97
21 105
21 107
21 114
21 115
22 22
22 23
22 24
22 25
22 27
22 30
22 31
22 50
22 59
22 64
22 71
22 73
22 74
22 82
22 84
22 86
22 87
22 88
23 23
23 24
23 25
23 27
23 30
23 31
23 64
23 73
23 74
23 84
23 85
23 86
23 87
23 88
23 90
23 92
24 24
24 25
24 29
24 30
24 31
24 38
24 39
24 50
24 64
24 70
24 71
24 72
24 73
24 74
24 75
24 102
25 25
25 27
25 30
25 31
25 33
25 34
25 35
25 41
25 70
25 71
25 73
25 74
25 75
25 77
25 87
25 92
25 93
25 99
25 100
25 102
25 110
26 26
26 27
26 30
26 35
26 39
26 54
26 65
26 66
26 67
26 71
26 83
26 85
26 87
26 89
26 94
26 97
26 105
26 106
26 107
26 114
26 115
27 27
27 35
27 39
27 54
27 55
27 56
27 65
27 66
27 82
27 83
27 85
27 87
27 88
27 89
27 94
27 97
27 99
27 105
27 106
27 107
27 114
27 115
28 28
28 29
28 30
28 31
28 32
28 36
28 38
28 40
28 42
28 43
28 44
28 49
28 70
28 71
28 72
28 73
28 75
28 76
28 81
28 82
28 83
28 98
28 99
28 109
28 110
28 112
29 29
29 30
29 31
29 33
29 37
29 39
29 40
29 41
29 60
29 63
29 70
29 72
29 73
29 74
29 75
29 76
29 77
29 79
29 81
29 83
29 99
29 108
29 109
29 110
29 111
29 112
29 113
30 30
30 31
30 44
30 64
30 70
30 71
30 72
30 73
30 74
30 75
30 87
30 109
30 110
30 111
30 112
30 113
31 31
31 33
31 34
31 35
31 41
31 70
31 71
31 73
31 74
31 75
31 76
31 77
31 102
31 109
31 110
31 113
32 32
32 33
32 36
32 40
32 56
32 57
32 66
32 68
32 69
32 72
32 75
32 76
32 77
32 78
32 79
32 80
32 81
32 82
32 94
32 96
32 97
32 106
32 109
32 110
33 33
33 34
33 35
33 60
33 61
33 64
33 65
33 74
33 77
33 78
33 79
33 81
33 82
33 83
33 86
33 93
33 94
33 95
33 96
33 97
33 108
33 109
33 110
33 111
33 114
33 115
34 34
34 35
34 65
34 67
34 77
34 96
34 110
35 35
35 39
35 54
35 60
35 61
35 64
35 65
35 67
35 77
35 88
35 92
35 93
35 94
35 95
35 96
35 97
35 99
35 106
35 108
35 110
35 111
35 114
35 115
36 36
36 37
36 38
36 40
36 62
36 63
36 72
36 76
36 78
36 79
36 80
36 81
36 84
36 86
36 101
36 102
36 103
37 37
37 38
37 39
37 40
37 41
37 54
37 57
37 63
37 72
37 74
37 77
37 79
37 80
37 81
37 94
37 98
37 105
37 109
37 114
37 115
38 38
38 39
38 40
38 41
38 53
38 72
38 78
38 80
38 81
38 84
38 98
38 99
38 102
38 103
38 105
39 39
39 40
39 54
39 56
39 57
39 68
39 71
39 72
39 75
39 78
39 81
39 87
39 94
39 97
39 99
39 105
39 107
39 109
39 111
39 114
39 115
40 40
40 41
40 56
40 57
40 60
40 62
40 63
40 72
40 75
40 76
40 77
40 80
40 81
40 82
40 83
40 94
40 114
40 115
41 41
41 62
41 70
41 73
41 74
41 76
41 77
41 78
41 80
41 82
41 100
41 102
41 104
42 42
42 43
42 44
42 45
42 46
42 47
42 48
42 49
42 50
42 51
42 52
42 53
42 55
42 70
42 71
42 72
42 75
42 76
42 91
42 98
42 100
42 103
42 112
43 43
43 44
43 45
43 46
43 47
43 48
43 49
43 51
43 53
43 55
43 70
43 71
43 72
43 76
43 96
43 98
43 103
43 108
43 110
43 111
43 112
43 113
44 44
44 45
44 46
44 47
44 48
44 49
44 51
44 70
44 71
44 72
44 93
44 96
44 98
44 100
44 103
44 108
44 110
44 111
44 112
44 113
45 45
45 46
45 47
45 48
45 49
45 51
45 70
45 71
45 72
45 92
45 93
45 96
45 98
45 100
45 101
45 103
45 104
45 108
45 110
45 111
45 112
45 113
46 46
46 47
46 48
46 49
46 50
46 51
46 52
46 53
46 55
46 58
46 59
46 91
46 103
46 104
47 47
47 48
47 49
47 51
47 52
47 53
47 55
47 58
47 59
47 62
47 91
47 103
47 104
48 48
48 49
48 50
48 51
48 52
48 53
48 55
48 58
48 59
48 91
48 104
49 49
49 50
49 51
49 52
49 53
49 55
49 59
49 70
49 71
49 72
49 91
49 98
49 103
49 104
49 112
50 50
50 51
50 52
50 53
50 58
50 59
50 71
50 85
50 86
50 88
51 51
51 52
51 53
51 55
51 58
51 59
51 71
51 86
51 91
51 104
52 52
52 53
52 58
52 59
52 91
53 53
53 55
53 58
53 59
53 62
53 86
53 91
54 54
54 56
54 57
54 65
54 67
54 68
54 69
54 92
54 93
54 94
54 105
54 106
54 114
55 55
55 58
55 59
55 66
55 68
55 94
55 97
55 105
56 56
56 57
56 58
56 60
56 62
56 63
56 66
56 68
56 69
56 78
56 79
56 80
56 81
56 89
57 57
57 62
57 63
57 66
57 68
57 69
57 78
57 79
57 80
57 81
57 89
57 94
57 99
57 115
58 58
58 59
58 60
58 62
58 66
58 67
58 69
58 89
59 59
59 62
59 63
59 66
59 67
59 69
59 82
59 86
59 89
60 60
60 61
60 62
60 63
60 65
60 68
60 79
60 83
60 95
61 61
61 64
61 65
61 83
61 90
61 92
61 95
61 111
61 113
62 62
62 63
62 66
62 68
62 69
62 79
62 80
62 81
62 82
62 89
63 63
63 66
63 77
63 79
63 80
63 81
63 82
63 83
63 86
63 89
64 64
64 65
64 82
64 83
64 84
64 85
64 86
64 87
64 88
64 95
64 111
65 65
65 67
65 85
65 88
65 92
65 94
65 95
65 97
65 107
65 113
65 114
66 66
66 67
66 68
66 69
66 80
66 81
66 82
66 85
66 87
66 89
67 67
67 69
67 85
67 89
67 106
67 108
68 68
68 69
68 78
68 79
68 80
68 81
68 94
68 97
68 107
68 115
69 69
69 79
69 80
69 81
69 86
69 89
69 115
70 70
70 71
70 72
70 73
70 74
70 75
70 76
70 77
70 91
70 92
70 93
70 98
70 99
70 100
70 102
70 104
70 108
70 109
70 111
70 112
70 113
71 71
71 73
71 75
71 104
71 109
71 111
71 112
71 113
72 72
72 73
72 74
72 75
72 76
72 78
72 79
72 80
72 81
72 84
72 98
72 99
72 102
72 109
72 112
73 73
73 74
73 75
73 76
73 77
73 92
73 93
73 95
73 99
73 102
73 106
73 110
73 113
74 74
74 75
74 76
74 77
74 92
74 93
74 96
74 98
74 99
74 100
74 102
74 106
74 110
74 113
75 75
75 76
75 77
75 83
75 91
75 93
75 98
75 109
75 110
75 112
76 76
76 77
76 93
76 96
76 99
76 100
76 102
77 77
77 93
77 106
77 109
78 78
78 79
78 80
78 81
78 96
78 102
78 105
78 109
78 110
79 79
79 80
79 81
79 82
79 84
79 86
79 115
80 80
80 81
80 83
80 84
80 101
80 102
81 81
81 83
81 101
81 115
82 82
82 83
82 84
82 85
82 86
82 87
82 89
82 115
83 83
83 87
83 115
84 84
84 85
84 86
84 87
84 88
84 89
84 102
85 85
85 87
85 88
85 89
86 86
86 87
86 88
87 87
87 88
87 89
87 113
88 88
88 92
88 104
89 89
90 90
90 91
90 92
90 93
90 99
90 100
90 102
90 103
90 104
90 113
91 91
91 92
91 93
91 100
91 102
91 103
91 104
91 112
91 113
92 92
92 93
92 99
92 100
92 102
92 104
92 111
92 112
92 113
92 114
93 93
93 98
93 99
93 100
93 101
93 102
93 104
93 106
93 108
93 111
93 112
93 113
93 114
94 94
94 96
94 97
94 99
94 105
94 106
94 107
94 108
94 109
94 112
94 114
94 115
95 95
95 96
95 97
95 107
95 108
95 109
96 96
96 97
96 98
96 99
96 103
96 105
96 106
96 107
96 108
96 110
96 111
96 112
96 113
96 114
97 97
97 98
97 99
97 105
97 106
97 107
97 110
97 111
97 114
97 115
98 98
98 99
98 103
98 105
98 108
98 112
98 113
98 114
99 99
99 100
99 101
99 102
99 105
99 106
99 107
99 108
99 109
99 111
99 112
99 113
99 114
100 100
100 101
100 102
100 104
101 101
101 102
101 103
101 106
101 113
102 102
102 104
102 112
103 103
103 104
103 105
103 106
103 107
103 108
103 109
103 113
104 104
104 105
104 112
104 113
105 105
105 106
105 107
105 108
105 109
105 114
105 115
106 106
106 107
106 108
106 110
106 111
107 107
107 108
107 115
108 108
108 109
108 110
108 112
108 113
108 114
108 115
109 109
109 111
109 112
109 115
110 110
110 111
111 111
111 112
112 112
112 113
113 113
113 114
114 114
114 115
115 115
