0 0
0 16
0 18
0 36
0 40
0 51
0 52
0 53
0 55
0 58
0 59
0 60
0 70
0 72
0 74
0 76
0 77
0 91
0 95
0 99
0 103
0 115
1 1
1 11
1 16
1 17
1 18
1 19
1 33
1 51
1 52
1 57
1 59
1 60
1 62
1 63
1 66
1 67
1 68
1 69
1 80
1 84
1 89
1 99
2 2
2 3
2 4
2 5
2 6
2 8
2 9
2 11
2 12
2 14
2 15
2 18
2 20
2 22
2 23
2 24
2 25
2 26
2 27
2 30
2 31
2 38
2 64
2 82
2 84
2 93
2 94
2 104
3 3
3 5
3 7
3 11
3 13
3 14
3 15
3 18
3 21
3 22
3 23
3 24
3 25
3 26
3 27
3 30
3 31
3 59
3 70
3 71
3 72
3 83
3 84
3 86
3 89
3 94
4 4
4 5
4 6
4 7
4 8
4 9
4 13
4 14
4 15
4 20
4 22
4 23
4 24
4 25
4 26
4 30
4 31
4 35
4 60
4 61
4 64
4 65
4 82
4 90
4 92
4 93
4 100
4 104
4 105
5 5
5 6
5 7
5 8
5 9
5 11
5 13
5 14
5 15
5 22
5 23
5 24
5 25
5 26
5 27
5 31
5 61
5 64
5 83
5 89
5 90
5 92
5 96
5 100
6 6
6 7
6 8
6 9
6 11
6 12
6 14
6 15
6 22
6 24
6 30
6 31
6 60
6 61
6 64
6 82
6 93
6 97
6 104
7 7
7 8
7 9
7 11
7 13
7 15
7 28
7 29
7 30
7 31
7 59
7 60
7 61
7 62
7 64
7 65
7 83
7 89
7 92
7 100
8 8
8 9
8 14
8 15
8 22
8 24
8 30
8 31
8 35
8 60
8 61
8 64
8 82
8 88
8 90
8 92
8 93
8 94
8 96
8 97
8 104
9 9
9 11
9 13
9 14
9 15
9 26
9 30
9 31
9 60
9 61
9 64
9 83
9 89
9 90
9 92
9 111
10 10
10 11
10 12
10 13
10 22
10 23
10 52
10 63
10 75
10 85
10 86
10 88
10 89
10 95
10 103
10 108
10 110
11 11
11 13
11 14
11 15
11 22
11 23
11 26
11 30
11 31
11 59
11 60
11 61
11 62
11 63
11 70
11 83
11 84
11 86
11 89
12 12
12 13
12 14
12 17
12 22
12 23
12 24
12 34
12 35
12 50
12 52
12 54
12 64
12 74
12 84
12 91
12 102
12 104
12 107
12 108
12 110
13 13
13 14
13 15
13 23
13 26
13 30
13 31
13 45
13 61
13 63
13 83
13 84
13 86
13 87
13 89
14 14
14 15
14 20
14 22
14 23
14 24
14 25
14 26
14 27
14 30
14 31
14 35
14 64
14 70
14 71
14 82
14 88
14 93
14 94
14 106
15 15
15 20
15 22
15 23
15 24
15 25
15 26
15 27
15 30
15 34
15 35
15 46
15 53
15 60
15 61
15 64
15 65
15 83
15 90
15 92
15 96
15 97
15 98
16 16
16 17
16 18
16 28
16 31
16 32
16 33
16 40
16 51
16 53
16 56
16 60
16 62
16 70
16 72
16 74
16 78
16 80
16 82
16 98
16 99
16 101
16 106
16 111
16 115
17 17
17 21
17 29
17 32
17 42
17 48
17 50
17 56
17 57
17 62
17 73
17 74
17 77
17 79
17 80
17 81
17 96
17 98
17 102
17 113
17 114
18 18
18 19
18 32
18 33
18 36
18 40
18 51
18 56
18 59
18 68
18 70
18 72
18 74
18 78
18 80
18 82
18 84
18 99
19 19
19 28
19 32
19 33
19 36
19 40
19 41
19 59
19 66
19 67
19 68
19 69
19 70
19 72
19 74
19 78
19 80
19 82
19 84
19 86
19 99
19 105
19 109
20 20
20 21
20 22
20 23
20 24
20 25
20 26
20 27
20 30
20 31
20 38
20 50
20 65
20 70
20 71
20 73
20 75
20 88
20 93
20 96
20 104
20 105
21 21
21 22
21 23
21 24
21 25
21 26
21 27
21 29
21 30
21 31
21 32
21 44
21 62
21 71
21 73
21 78
21 80
21 81
21 98
21 110
21 113
21 114
22 22
22 23
22 24
22 25
22 26
22 27
22 30
22 31
22 34
22 35
22 38
22 40
22 64
22 70
22 71
22 82
22 84
22 88
22 93
22 104
23 23
23 24
23 25
23 26
23 27
23 30
23 31
23 64
23 70
23 71
23 82
23 84
23 86
23 93
23 104
23 105
23 106
24 24
24 25
24 26
24 27
24 30
24 31
24 38
24 64
24 71
24 82
24 84
24 88
24 93
24 94
24 104
25 25
25 26
25 27
25 30
25 31
25 64
25 70
25 71
25 82
25 87
25 88
25 93
25 104
25 105
25 106
26 26
26 27
26 30
26 31
26 34
26 38
26 50
26 87
26 90
26 96
26 98
27 27
27 34
27 38
27 50
27 73
27 87
27 98
27 104
27 105
27 106
27 113
27 114
28 28
28 30
28 31
28 32
28 33
28 38
28 40
28 41
28 61
28 70
28 71
28 72
28 75
28 76
28 77
28 78
28 80
28 82
28 94
28 115
29 29
29 31
29 33
29 43
29 44
29 56
29 62
29 63
29 73
29 74
29 79
29 80
29 81
29 83
29 96
29 97
30 30
30 31
30 33
30 38
30 40
30 64
30 70
30 71
30 72
30 76
30 78
30 82
30 83
30 93
30 94
30 115
31 31
31 33
31 38
31 40
31 64
31 70
31 71
31 72
31 78
31 82
31 83
31 115
32 32
32 33
32 36
32 37
32 40
32 41
32 56
32 68
32 70
32 71
32 72
32 73
32 74
32 76
32 77
32 78
32 79
32 80
32 81
32 99
33 33
33 40
33 41
33 60
33 61
33 63
33 69
33 70
33 71
33 72
33 76
33 78
33 80
33 81
33 83
33 99
33 109
34 34
34 35
34 37
34 38
34 39
34 41
34 46
34 50
34 54
34 64
34 66
34 73
34 79
34 81
34 88
34 90
34 95
34 104
34 107
34 110
35 35
35 38
35 39
35 41
35 50
35 64
35 65
35 67
35 79
35 82
35 86
35 87
35 88
35 90
35 92
35 93
35 95
35 101
35 104
35 105
35 110
35 112
36 36
36 38
36 39
36 40
36 41
36 54
36 72
36 74
36 77
36 79
36 80
36 84
36 93
36 94
36 99
36 100
36 102
36 104
36 106
36 114
37 37
37 39
37 41
37 46
37 48
37 50
37 52
37 54
37 57
37 63
37 66
37 68
37 73
37 74
37 76
37 77
37 79
37 81
37 85
37 92
37 95
37 97
37 100
37 101
37 102
37 103
37 107
37 109
37 112
37 113
38 38
38 39
38 40
38 41
38 44
38 50
38 54
38 70
38 71
38 75
38 76
38 77
38 94
38 101
38 113
39 39
39 41
39 42
39 44
39 46
39 47
39 48
39 54
39 66
39 67
39 69
39 75
39 77
39 85
39 86
39 88
39 100
39 101
39 102
39 104
39 105
39 110
39 111
39 113
39 114
40 40
40 41
40 44
40 70
40 71
40 72
40 74
40 76
40 77
40 78
40 80
40 82
40 84
40 93
40 99
40 106
41 41
41 63
41 73
41 74
41 75
41 76
41 77
41 78
41 79
41 81
41 85
41 95
41 99
41 100
41 101
41 109
41 112
42 42
42 43
42 44
42 45
42 46
42 47
42 48
42 49
42 50
42 53
42 73
42 79
42 90
42 96
42 97
42 98
42 100
42 101
42 108
42 110
42 111
42 113
42 114
43 43
43 44
43 45
43 46
43 47
43 48
43 49
43 53
43 55
43 87
43 90
43 96
43 97
43 98
43 101
43 108
43 110
43 113
43 114
44 44
44 45
44 46
44 47
44 48
44 49
44 55
44 73
44 79
44 90
44 96
44 98
44 101
44 105
44 110
44 111
44 113
44 114
45 45
45 47
45 48
45 49
45 55
45 87
45 96
45 98
45 101
45 105
45 110
45 111
45 113
45 114
46 46
46 47
46 48
46 49
46 50
46 52
46 53
46 54
46 55
46 66
46 73
46 79
46 81
46 90
46 92
46 95
46 96
46 98
46 102
46 113
46 114
47 47
47 48
47 49
47 50
47 53
47 54
47 55
47 90
47 91
47 93
47 96
47 98
47 101
47 108
47 110
47 111
47 113
47 114
48 48
48 49
48 50
48 51
48 52
48 53
48 54
48 55
48 57
48 58
48 66
48 73
48 96
48 98
48 101
48 113
48 114
49 49
49 51
49 53
49 55
49 97
49 111
49 113
49 114
50 50
50 52
50 54
50 55
50 64
50 66
50 73
50 74
50 77
50 79
50 81
50 85
50 90
50 92
50 96
50 102
50 104
50 113
50 114
51 51
51 52
51 53
51 54
51 55
51 58
51 59
51 66
51 70
51 72
51 75
51 91
51 94
51 115
52 52
52 54
52 57
52 58
52 59
52 60
52 66
52 68
52 73
52 75
52 85
52 88
52 92
52 95
52 102
52 113
53 53
53 55
53 58
53 59
53 62
53 75
53 89
53 90
53 91
53 98
53 111
54 54
54 55
54 58
54 66
54 68
54 88
54 95
54 96
54 101
54 102
54 113
55 55
55 59
55 75
55 89
55 90
55 96
55 97
55 98
55 111
55 113
55 114
56 56
56 57
56 60
56 62
56 73
56 79
56 80
56 81
56 83
56 85
56 99
56 101
56 108
56 109
57 57
57 59
57 60
57 61
57 62
57 63
57 66
57 68
57 69
57 81
57 83
57 85
57 89
57 90
57 92
57 108
58 58
58 59
58 60
58 61
58 63
58 66
58 94
58 95
58 103
59 59
59 60
59 61
59 63
59 66
59 67
59 68
59 69
59 72
59 86
59 89
59 91
59 94
59 99
60 60
60 61
60 62
60 63
60 66
60 89
60 95
60 97
60 101
60 103
61 61
61 63
61 64
61 65
61 83
61 89
61 95
61 97
62 62
62 63
62 72
62 73
62 80
62 81
62 83
62 87
62 98
62 108
62 109
62 114
63 63
63 66
63 75
63 81
63 83
63 85
63 89
63 95
63 103
63 109
64 64
64 65
64 82
64 83
64 88
64 90
64 92
64 97
64 104
65 65
65 86
65 88
65 89
65 92
65 97
66 66
66 67
66 68
66 69
66 85
66 94
67 67
67 68
67 69
67 84
67 85
67 86
67 87
67 89
67 91
67 92
67 93
67 102
67 105
67 107
67 110
67 111
68 68
68 69
68 85
68 86
68 88
68 109
68 112
69 69
69 84
69 86
69 105
69 111
70 70
70 71
70 72
70 75
70 76
70 77
70 78
70 82
70 93
70 99
70 106
71 71
71 72
71 74
71 75
71 76
71 77
71 94
71 106
71 109
71 115
72 72
72 74
72 75
72 76
72 77
72 78
72 80
72 82
72 94
72 99
72 115
73 73
73 74
73 75
73 76
73 77
73 79
73 80
73 81
73 85
73 95
73 96
73 97
73 113
73 114
74 74
74 76
74 77
74 78
74 79
74 80
74 99
74 104
74 113
75 75
75 76
75 77
75 97
75 103
75 110
75 113
76 76
76 77
76 78
76 79
76 81
76 101
76 102
76 103
76 104
76 107
76 109
76 110
76 114
76 115
77 77
77 79
77 81
77 85
77 95
77 97
77 103
77 104
77 109
77 113
77 114
77 115
78 78
78 79
78 80
78 82
78 83
78 84
78 86
78 99
78 112
79 79
79 80
79 81
79 85
79 101
79 102
79 107
79 114
80 80
80 81
80 82
80 84
80 99
80 114
81 81
81 85
81 95
81 97
81 102
81 109
81 112
82 82
82 83
82 84
82 86
82 93
82 104
83 83
83 86
83 87
83 89
84 84
84 86
85 85
85 87
85 89
85 92
85 95
85 97
85 100
85 102
85 103
85 112
85 113
86 86
86 89
87 87
87 96
87 98
87 115
88 88
88 102
88 107
89 89
89 90
89 91
89 92
89 111
90 90
90 91
90 92
90 93
90 96
90 98
90 100
90 101
90 102
90 104
90 105
90 111
91 91
91 92
91 93
91 99
91 112
92 92
92 93
92 100
92 101
92 102
92 104
93 93
93 99
93 100
93 101
93 104
93 105
94 94
95 95
95 97
95 103
95 107
95 109
95 115
96 96
96 98
96 101
96 102
96 114
97 97
97 100
97 103
97 110
97 115
98 98
98 101
98 105
98 111
98 114
98 115
99 99
99 100
99 108
99 109
100 100
100 101
100 102
100 105
100 106
100 108
100 111
101 101
101 102
101 107
101 110
101 111
102 102
102 105
102 107
102 108
102 114
103 103
103 109
103 110
103 113
104 104
104 105
104 107
105 105
105 106
105 107
105 111
105 112
105 114
106 106
106 111
107 107
107 109
107 115
108 108
108 109
108 112
108 113
109 109
110 110
110 113
110 114
111 111
112 112
113 113
113 114
114 114
115 115
