0 0
0 1
0 10
0 11
0 12
0 13
0 18
0 19
0 28
0 30
0 56
0 58
0 60
0 68
0 75
0 82
0 108
1 1
1 10
1 11
1 12
1 13
1 15
1 16
1 56
1 57
1 58
1 59
1 60
1 61
1 62
1 63
1 68
1 86
1 87
1 89
1 100
2 2
2 3
2 6
2 7
2 8
2 9
2 18
2 22
2 23
2 64
2 90
2 93
3 3
3 6
3 7
3 11
3 13
3 15
3 18
3 19
3 21
3 22
3 23
3 25
3 27
3 30
3 31
3 33
3 55
3 71
3 95
3 97
4 4
4 6
4 9
4 24
4 26
4 35
4 59
4 64
4 67
4 90
4 91
4 92
4 93
4 98
4 100
4 101
4 103
5 5
5 9
5 20
5 21
5 23
5 25
5 26
5 27
5 35
5 65
5 67
6 6
6 7
6 12
6 18
6 19
6 22
6 23
6 30
6 31
6 64
7 7
7 9
7 15
7 22
7 23
7 65
7 92
7 93
7 101
8 8
8 9
8 35
8 48
8 51
8 52
8 58
8 59
8 61
8 65
8 66
8 67
8 90
8 91
8 92
8 93
8 98
8 99
8 100
8 101
8 102
8 103
9 9
9 23
9 35
9 48
9 51
9 52
9 58
9 59
9 61
9 65
9 66
9 67
9 69
9 90
9 91
9 92
9 93
9 98
9 100
9 101
9 102
9 103
10 10
10 11
10 12
10 13
10 14
10 15
10 16
10 18
10 19
10 28
10 29
10 60
10 63
10 64
10 72
10 75
10 82
10 83
10 84
10 86
10 87
10 88
10 89
10 97
10 107
10 108
11 11
11 12
11 13
11 14
11 15
11 16
11 19
11 27
11 28
11 29
11 30
11 31
11 33
11 37
11 38
11 39
11 41
11 55
11 62
11 63
11 64
11 72
11 73
11 74
11 82
11 83
11 84
11 85
11 87
11 89
11 108
12 12
12 13
12 14
12 15
12 16
12 18
12 19
12 28
12 29
12 38
12 39
12 60
12 61
12 63
12 64
12 75
12 82
12 83
12 84
12 85
12 86
12 87
12 89
12 97
12 108
13 13
13 14
13 15
13 16
13 26
13 27
13 28
13 29
13 31
13 33
13 37
13 38
13 39
13 41
13 55
13 60
13 61
13 62
13 63
13 64
13 73
13 82
13 83
13 85
13 87
13 89
13 95
13 97
13 108
14 14
14 15
14 16
14 20
14 26
14 28
14 36
14 38
14 41
14 54
14 60
14 62
14 64
14 82
14 83
14 84
14 86
14 87
14 88
14 105
14 114
14 115
15 15
15 21
15 22
15 24
15 26
15 27
15 28
15 29
15 31
15 37
15 38
15 39
15 41
15 55
15 71
15 82
15 83
15 85
15 86
15 87
15 88
15 89
15 95
15 97
16 16
16 17
16 19
16 28
16 29
16 34
16 36
16 38
16 40
16 41
16 56
16 57
16 60
16 62
16 63
16 72
16 73
16 74
16 75
16 76
16 78
16 80
16 81
16 83
16 84
16 86
16 87
16 104
16 105
16 109
17 17
17 28
17 29
17 36
17 41
17 60
17 61
17 62
17 63
17 72
17 73
17 74
17 75
17 76
17 78
17 79
17 80
17 81
18 18
18 19
18 28
18 30
18 31
18 32
18 33
18 64
18 72
18 74
18 75
18 82
19 19
19 28
19 29
19 30
19 31
19 32
19 33
19 36
19 41
19 56
19 62
19 72
19 74
19 75
19 79
19 81
19 82
19 83
19 96
20 20
20 21
20 23
20 26
20 27
20 35
20 38
20 41
20 57
20 62
20 84
20 88
21 21
21 23
21 25
21 26
21 27
21 38
21 41
21 85
21 95
22 22
22 23
22 24
22 25
22 26
22 27
22 30
22 31
22 71
22 82
22 86
22 88
22 110
23 23
23 24
23 25
23 26
23 27
23 30
23 31
23 35
23 67
23 88
24 24
24 25
24 26
24 27
24 30
24 31
24 37
24 39
24 55
24 71
24 85
24 89
24 95
25 25
25 26
25 27
25 30
25 31
25 33
25 35
25 37
25 39
25 55
25 71
25 79
25 85
25 89
25 95
26 26
26 27
26 37
26 38
26 39
26 55
26 83
26 85
26 87
26 89
26 95
27 27
27 31
27 37
27 38
27 39
27 41
27 55
27 71
27 83
27 85
27 87
27 89
27 95
28 28
28 29
28 30
28 31
28 33
28 36
28 37
28 38
28 40
28 41
28 54
28 63
28 64
28 72
28 73
28 74
28 75
28 76
28 79
28 81
28 82
28 83
28 84
28 85
28 87
28 88
28 108
28 109
29 29
29 30
29 31
29 32
29 33
29 36
29 37
29 38
29 39
29 40
29 41
29 55
29 62
29 63
29 71
29 72
29 73
29 74
29 75
29 76
29 78
29 79
29 80
29 81
29 83
29 85
29 87
29 89
29 95
29 97
30 30
30 31
30 32
30 33
30 37
30 55
30 71
30 72
30 73
30 74
30 75
30 76
30 79
30 82
30 83
30 85
30 89
30 95
30 108
31 31
31 32
31 33
31 37
31 39
31 40
31 41
31 55
31 71
31 72
31 73
31 74
31 75
31 76
31 79
31 82
31 83
31 85
31 89
31 95
31 97
31 108
32 32
32 33
32 36
32 37
32 55
32 62
32 63
32 72
32 74
32 79
32 80
32 81
32 96
33 33
33 36
33 37
33 40
33 41
33 71
33 72
33 73
33 74
33 75
33 76
33 77
33 79
33 81
33 83
33 85
34 34
34 42
34 43
34 44
34 45
34 46
34 47
34 50
34 52
34 66
34 67
34 78
34 80
34 92
34 111
35 35
35 59
35 64
35 65
35 67
35 69
35 90
35 91
35 100
36 36
36 37
36 38
36 39
36 40
36 41
36 54
36 62
36 63
36 72
36 73
36 74
36 75
36 76
36 77
36 78
36 79
36 80
36 81
36 82
36 83
36 84
36 85
36 86
36 96
36 108
36 109
36 115
37 37
37 38
37 39
37 40
37 41
37 54
37 55
37 71
37 72
37 73
37 74
37 76
37 78
37 79
37 81
37 82
37 83
37 85
37 86
37 87
37 89
37 95
37 96
37 97
37 108
37 109
38 38
38 39
38 40
38 41
38 54
38 55
38 62
38 72
38 78
38 80
38 81
38 82
38 83
38 84
38 85
38 86
38 87
38 88
38 89
38 95
38 96
38 105
38 114
39 39
39 40
39 41
39 54
39 55
39 72
39 78
39 83
39 85
39 87
39 89
39 94
39 95
39 97
39 109
40 40
40 41
40 54
40 71
40 72
40 74
40 76
40 77
40 78
40 80
40 81
40 83
40 84
40 85
40 86
40 87
40 109
40 114
41 41
41 62
41 72
41 73
41 74
41 75
41 76
41 78
41 79
41 80
41 81
41 82
41 83
41 84
41 85
41 87
41 88
42 42
42 43
42 44
42 45
42 46
42 47
42 48
42 49
42 50
42 51
42 52
42 53
42 55
42 72
42 96
42 98
42 99
42 111
42 112
43 43
43 44
43 45
43 46
43 47
43 48
43 49
43 50
43 51
43 52
43 53
43 55
43 98
43 111
44 44
44 45
44 46
44 47
44 48
44 49
44 50
44 51
44 52
44 53
44 67
44 90
44 91
44 92
44 93
44 98
44 99
44 101
44 111
44 112
45 45
45 46
45 47
45 48
45 49
45 50
45 51
45 52
45 53
45 67
45 90
45 91
45 92
45 93
45 98
45 99
45 101
45 103
45 111
46 46
46 47
46 48
46 49
46 50
46 51
46 52
46 53
46 55
46 96
46 98
46 99
46 111
47 47
47 48
47 49
47 50
47 51
47 52
47 53
47 67
47 90
47 91
47 96
47 98
47 110
47 111
48 48
48 49
48 50
48 51
48 52
48 53
48 58
48 59
48 66
48 67
48 90
48 91
48 92
48 93
48 98
48 101
48 103
48 106
49 49
49 51
49 52
49 53
49 59
49 67
49 90
49 91
49 92
49 93
49 98
49 99
49 101
49 103
49 111
49 112
50 50
50 51
50 52
50 53
50 55
50 104
50 105
50 114
51 51
51 52
51 53
51 59
51 66
51 67
51 90
51 91
51 92
51 93
51 98
51 99
51 101
51 102
51 103
51 106
51 111
51 112
52 52
52 53
52 58
52 59
52 66
52 67
52 90
52 91
52 92
52 93
52 98
52 99
52 100
52 101
52 102
52 103
52 106
52 111
52 112
52 115
53 53
53 55
53 95
53 97
53 99
53 112
54 54
54 62
54 105
54 108
54 109
54 113
54 114
54 115
55 55
55 71
55 74
55 83
55 85
55 87
55 89
55 95
55 97
55 108
56 56
56 57
56 58
56 60
56 62
56 66
56 68
56 69
56 78
56 80
56 103
57 57
57 58
57 59
57 60
57 61
57 62
57 63
57 66
57 67
57 68
57 69
57 78
57 80
57 81
57 86
57 102
57 103
57 104
58 58
58 59
58 60
58 61
58 63
58 64
58 65
58 66
58 67
58 68
58 69
58 93
58 102
58 103
58 106
59 59
59 60
59 61
59 63
59 65
59 66
59 67
59 68
59 69
59 90
59 91
59 92
59 93
59 98
59 100
59 101
59 102
59 103
59 106
60 60
60 61
60 62
60 63
60 64
60 65
60 66
60 68
60 80
60 87
61 61
61 63
61 65
61 66
61 68
61 92
61 93
61 100
61 102
61 103
61 106
62 62
62 63
62 66
62 68
62 69
62 72
62 73
62 76
62 78
62 80
62 81
62 83
62 86
63 63
63 65
63 66
63 68
63 72
63 73
63 74
63 76
63 79
63 80
63 81
64 64
64 65
64 84
64 88
65 65
65 66
65 67
65 69
65 90
65 91
65 92
65 93
65 100
65 102
65 103
65 106
66 66
66 67
66 68
66 69
66 90
66 91
66 92
66 93
66 98
66 101
66 102
66 103
66 106
67 67
67 68
67 69
67 90
67 91
67 92
67 93
67 98
67 100
67 101
67 102
67 103
68 68
68 69
68 77
68 80
68 81
68 103
69 69
69 80
69 90
69 91
69 93
69 102
69 103
70 70
70 71
70 76
70 77
70 90
70 91
70 100
71 71
71 72
71 73
71 75
71 76
71 77
71 85
71 89
72 72
72 73
72 74
72 75
72 76
72 78
72 79
72 81
72 83
72 85
73 73
73 74
73 75
73 76
73 78
73 79
73 80
73 81
73 83
73 85
73 108
74 74
74 75
74 76
74 78
74 79
74 81
74 83
74 85
74 97
74 108
75 75
75 76
75 77
75 82
75 83
75 96
75 111
76 76
76 77
76 81
76 83
76 84
76 85
76 108
76 115
77 77
77 80
77 81
77 90
77 96
77 109
78 78
78 80
78 81
78 84
78 85
78 104
78 105
78 114
79 79
79 81
79 85
79 89
79 95
79 97
79 108
79 109
80 80
80 81
80 84
80 86
80 104
81 81
81 85
82 82
82 83
82 84
82 85
82 86
82 87
82 88
82 109
82 115
83 83
83 84
83 85
83 86
83 87
83 89
83 95
83 97
83 108
83 109
84 84
84 85
84 86
84 87
84 88
84 105
84 114
84 115
85 85
85 87
85 89
85 95
85 97
86 86
86 87
86 88
86 89
86 96
86 105
86 106
86 107
86 114
86 115
87 87
87 88
87 89
87 94
87 95
87 96
87 97
87 105
87 109
88 88
88 110
89 89
89 94
89 95
89 97
89 108
90 90
90 91
90 92
90 93
90 98
90 99
90 100
90 101
90 102
90 103
90 111
90 112
91 91
91 92
91 93
91 98
91 99
91 100
91 101
91 102
91 103
91 104
91 106
91 111
91 112
92 92
92 93
92 98
92 99
92 100
92 101
92 102
92 103
92 106
92 111
92 112
93 93
93 98
93 99
93 100
93 101
93 102
93 103
93 106
93 111
93 112
94 94
94 95
94 96
94 97
94 106
94 107
94 108
94 109
94 115
95 95
95 97
95 108
95 109
96 96
96 108
96 109
96 110
96 111
96 113
97 97
97 106
97 107
97 108
97 109
97 110
97 113
97 115
98 98
98 99
98 100
98 101
98 102
98 103
98 106
98 111
98 112
98 113
99 99
99 101
99 102
99 103
99 104
99 106
99 108
99 111
99 112
99 113
99 115
100 100
100 101
100 102
100 103
100 111
101 101
101 102
101 103
101 106
101 107
101 111
101 112
101 113
102 102
102 103
102 104
102 105
102 111
102 112
102 113
102 115
103 103
103 104
103 105
103 106
103 107
103 112
103 113
104 104
104 105
104 106
104 107
104 114
104 115
105 105
105 106
105 107
105 113
105 114
105 115
106 106
106 107
106 115
107 107
107 115
108 108
108 109
108 110
108 113
109 109
109 110
109 113
109 114
109 115
110 110
110 111
110 114
111 111
111 112
111 114
111 115
112 112
112 115
113 113
113 114
113 115
114 114
114 115
115 115
