0 0
0 1
0 10
0 11
0 15
0 17
0 28
0 32
0 52
0 56
0 57
0 58
0 59
0 61
0 68
0 72
0 73
0 89
0 98
0 102
1 1
1 11
1 15
1 17
1 28
1 29
1 32
1 33
1 49
1 51
1 52
1 53
1 55
1 56
1 57
1 59
1 61
1 63
1 68
1 69
1 75
1 80
1 81
1 83
1 98
1 99
1 100
1 111
2 2
2 3
2 6
2 7
2 8
2 9
2 12
2 18
2 22
2 23
2 25
2 30
2 31
2 34
2 35
2 45
2 48
2 50
2 60
2 62
2 64
2 67
2 88
2 110
3 3
3 7
3 9
3 12
3 13
3 19
3 22
3 23
3 24
3 25
3 26
3 27
3 30
3 31
3 34
3 40
3 41
3 47
3 65
3 76
3 77
3 84
3 87
3 88
3 109
3 110
4 4
4 5
4 8
4 9
4 42
4 43
4 44
4 45
4 47
4 52
4 58
4 65
4 67
4 69
4 82
4 90
4 92
4 98
4 105
5 5
5 9
5 23
5 24
5 25
5 26
5 27
5 37
5 39
5 42
5 43
5 45
5 47
5 50
5 52
5 54
5 65
5 78
5 82
5 85
5 87
5 92
5 98
5 104
6 6
6 7
6 8
6 10
6 12
6 14
6 18
6 19
6 22
6 30
6 31
6 60
6 62
6 64
6 67
6 70
6 88
7 7
7 8
7 9
7 11
7 12
7 14
7 15
7 18
7 19
7 20
7 30
7 31
7 33
7 61
7 65
7 83
8 8
8 12
8 14
8 15
8 18
8 19
8 20
8 30
8 32
8 41
8 44
8 45
8 60
8 62
8 63
8 64
8 67
8 83
9 9
9 23
9 24
9 25
9 26
9 27
9 34
9 42
9 43
9 45
9 47
9 50
9 52
9 58
9 65
9 66
9 67
9 87
9 92
9 93
9 110
9 114
10 10
10 11
10 12
10 13
10 14
10 15
10 17
10 19
10 30
10 31
10 56
10 60
10 70
10 71
10 75
10 77
11 11
11 12
11 13
11 14
11 15
11 17
11 28
11 29
11 53
11 56
11 57
11 59
11 61
11 63
11 75
11 83
12 12
12 13
12 14
12 15
12 19
12 21
12 22
12 29
12 30
12 31
12 33
12 41
12 56
12 70
12 71
12 75
12 77
12 88
12 106
13 13
13 14
13 15
13 19
13 21
13 22
13 23
13 24
13 25
13 26
13 27
13 28
13 29
13 31
13 33
13 39
13 40
13 41
13 74
13 77
13 82
13 83
13 84
13 85
13 86
13 87
13 108
14 14
14 15
14 18
14 19
14 28
14 29
14 30
14 31
14 32
14 33
14 53
14 62
14 63
14 70
14 71
14 72
14 74
14 83
14 84
14 94
14 115
15 15
15 19
15 21
15 28
15 29
15 30
15 31
15 32
15 59
15 61
15 72
15 83
15 100
16 16
16 21
16 23
16 24
16 25
16 26
16 27
16 28
16 29
16 30
16 36
16 37
16 56
16 72
16 73
16 76
16 77
16 78
16 79
16 80
16 81
16 82
16 84
16 85
16 89
16 104
17 17
17 28
17 29
17 33
17 56
17 57
17 63
17 72
17 73
17 75
17 79
17 80
17 81
17 89
17 115
18 18
18 19
18 30
18 32
18 62
18 64
18 67
18 68
18 72
18 76
19 19
19 20
19 22
19 23
19 28
19 29
19 30
19 31
19 34
19 38
19 40
19 69
19 70
19 71
19 72
19 73
19 74
19 76
19 77
19 84
19 88
19 94
19 106
19 108
19 109
19 110
20 20
20 21
20 26
20 71
20 72
20 74
20 76
20 110
21 21
21 26
21 27
21 28
21 31
21 33
21 38
21 39
21 70
21 82
21 83
21 84
21 85
21 86
21 99
22 22
22 23
22 24
22 25
22 26
22 27
22 30
22 31
22 34
22 35
22 41
22 64
22 70
22 73
22 74
22 75
22 76
22 77
22 84
22 87
22 88
22 106
22 109
22 110
23 23
23 24
23 25
23 26
23 27
23 30
23 31
23 34
23 37
23 40
23 41
23 42
23 43
23 47
23 50
23 65
23 76
23 77
23 82
23 84
23 85
23 87
23 92
23 94
23 95
23 97
23 104
23 106
23 109
23 110
24 24
24 25
24 26
24 27
24 41
24 42
24 43
24 47
24 50
24 65
24 78
24 79
24 84
24 85
24 87
24 96
24 109
24 110
25 25
25 26
25 27
25 31
25 34
25 37
25 40
25 41
25 42
25 43
25 47
25 50
25 65
25 76
25 78
25 82
25 84
25 85
25 87
25 88
25 104
25 109
25 110
26 26
26 27
26 36
26 37
26 43
26 47
26 50
26 54
26 65
26 78
26 82
26 83
26 84
26 85
26 87
26 104
26 113
27 27
27 36
27 37
27 38
27 40
27 41
27 42
27 43
27 47
27 50
27 65
27 78
27 82
27 83
27 84
27 85
27 86
27 87
27 92
27 104
27 106
28 28
28 29
28 30
28 33
28 36
28 38
28 68
28 70
28 71
28 72
28 73
28 74
28 75
28 76
28 77
28 79
28 80
28 81
28 82
28 83
28 84
28 94
28 108
28 115
29 29
29 30
29 31
29 33
29 38
29 41
29 56
29 70
29 71
29 72
29 73
29 74
29 75
29 76
29 77
29 79
29 80
29 81
29 108
29 115
30 30
30 31
30 32
30 33
30 35
30 70
30 71
30 72
30 73
30 74
30 75
30 76
30 77
30 81
30 83
30 84
30 94
31 31
31 32
31 33
31 34
31 41
31 64
31 70
31 71
31 75
31 76
31 77
31 80
31 81
31 82
31 83
31 84
32 32
32 33
32 57
32 58
32 75
32 83
33 33
33 35
33 36
33 41
33 71
33 72
33 74
33 75
33 80
33 81
33 83
33 84
33 99
34 34
34 37
34 38
34 39
34 40
34 64
34 65
34 70
34 71
34 76
34 77
34 86
34 88
34 92
34 93
34 95
34 97
34 104
34 105
34 109
34 110
34 114
35 35
35 44
35 45
35 67
36 36
36 37
36 38
36 39
36 40
36 54
36 55
36 68
36 72
36 74
36 75
36 76
36 77
36 78
36 80
36 82
36 84
36 85
36 86
36 89
36 94
36 99
36 104
36 105
36 109
36 110
36 114
36 115
37 37
37 38
37 39
37 40
37 43
37 47
37 50
37 76
37 77
37 78
37 79
37 81
37 82
37 85
37 87
37 92
37 94
37 97
37 99
37 104
37 105
37 107
37 109
37 111
37 112
37 113
37 114
38 38
38 39
38 40
38 41
38 54
38 68
38 72
38 74
38 75
38 76
38 77
38 82
38 84
38 86
38 88
38 90
38 94
38 95
38 96
38 97
38 99
38 103
38 104
38 105
38 107
38 108
38 109
38 110
38 113
38 114
38 115
39 39
39 40
39 85
39 86
39 92
39 93
39 94
39 95
39 97
39 101
39 103
39 104
39 105
39 106
39 112
39 114
40 40
40 41
40 71
40 73
40 76
40 77
40 78
40 82
40 84
40 85
40 86
40 88
40 92
40 94
40 95
40 104
40 105
40 109
40 110
40 114
41 41
41 70
41 71
41 73
41 76
41 77
41 83
41 84
41 85
41 110
42 42
42 43
42 44
42 45
42 46
42 47
42 48
42 49
42 50
42 51
42 53
42 67
42 96
42 112
43 43
43 44
43 45
43 46
43 47
43 48
43 49
43 50
43 51
43 82
43 87
43 96
43 110
43 113
44 44
44 45
44 46
44 47
44 48
44 49
44 50
44 51
44 52
44 53
44 55
44 58
44 59
44 62
44 63
44 66
44 67
44 96
45 45
45 46
45 47
45 48
45 49
45 50
45 51
45 52
45 58
45 59
45 66
45 67
46 46
46 47
46 48
46 49
46 50
46 51
46 52
46 53
46 55
46 96
46 98
46 99
46 111
46 112
46 113
47 47
47 49
47 50
47 51
47 67
47 82
47 92
47 96
47 106
47 109
47 110
47 112
47 113
48 48
48 49
48 50
48 51
48 52
48 55
48 57
48 58
48 59
48 60
48 63
48 66
48 67
48 98
49 49
49 50
49 51
49 52
49 53
49 55
49 58
49 59
49 63
49 66
49 67
49 98
50 50
50 51
50 52
50 55
50 58
50 59
50 64
50 65
50 66
50 78
50 85
50 87
50 96
50 98
51 51
51 52
51 53
51 55
51 58
51 59
51 63
51 66
51 80
51 98
52 52
52 54
52 58
52 59
52 61
52 66
52 90
52 92
52 98
52 100
52 102
52 112
53 53
53 55
53 57
53 59
53 62
53 63
53 80
53 99
53 111
53 112
54 54
54 58
54 59
54 78
54 79
54 88
54 89
54 90
54 92
54 93
54 98
54 101
54 102
54 103
54 104
54 105
54 107
55 55
55 56
55 57
55 63
55 74
55 96
55 98
55 99
55 111
56 56
56 57
56 58
56 59
56 60
56 61
56 63
56 68
56 69
56 72
56 75
56 81
56 89
56 98
56 101
56 102
56 107
56 115
57 57
57 58
57 59
57 60
57 61
57 63
57 68
57 80
57 81
57 89
57 98
57 111
57 115
58 58
58 59
58 60
58 61
58 63
58 65
58 66
58 67
58 90
58 100
58 102
59 59
59 60
59 61
59 63
59 66
59 69
59 89
59 90
59 98
59 100
59 102
60 60
60 61
60 62
60 63
60 64
60 66
60 67
60 69
60 88
60 89
60 100
60 102
61 61
61 63
61 65
61 68
61 69
62 62
62 63
62 64
62 88
62 102
62 115
63 63
63 64
63 66
63 69
63 80
63 81
63 89
63 100
64 64
64 67
64 88
64 89
65 65
65 67
65 79
65 85
65 87
65 92
66 66
66 67
66 91
66 92
66 93
66 100
66 101
67 67
67 69
67 91
67 92
67 93
67 110
68 68
68 69
68 72
68 77
68 78
68 79
68 90
68 95
68 101
69 69
69 90
69 91
69 95
69 101
69 102
69 103
69 104
69 105
69 107
69 111
69 114
70 70
70 71
70 72
70 73
70 74
70 75
70 76
70 77
71 71
71 72
71 73
71 74
71 75
71 76
71 77
71 91
71 93
71 94
71 110
72 72
72 73
72 74
72 75
72 76
72 77
72 86
72 115
73 73
73 74
73 75
73 76
73 77
73 79
73 81
73 88
73 108
74 74
74 75
74 76
74 77
74 84
74 86
74 108
75 75
75 76
75 77
75 81
75 83
75 96
75 115
76 76
76 77
76 79
76 88
76 94
76 104
76 108
76 109
76 110
76 113
77 77
77 79
77 86
77 88
77 94
77 95
77 96
77 108
77 109
77 110
78 78
78 79
78 80
78 84
78 85
78 87
78 96
78 97
78 99
78 103
78 104
79 79
79 81
79 87
79 97
79 107
80 80
80 81
80 84
80 87
80 111
81 81
81 96
81 115
82 82
82 83
82 84
82 85
82 86
82 87
82 104
82 106
82 108
83 83
83 84
83 85
83 87
84 84
84 85
84 87
85 85
85 87
85 92
85 104
86 86
86 88
86 89
86 92
86 108
87 87
87 92
87 96
87 104
88 88
88 89
88 93
88 95
88 103
88 104
88 109
88 110
88 113
89 89
89 95
89 98
89 100
89 106
89 107
90 90
90 91
90 92
90 93
90 98
90 99
90 100
90 101
90 102
90 103
90 104
90 105
90 112
90 114
90 115
91 91
91 92
91 93
91 94
91 95
91 99
91 101
91 102
91 103
91 104
91 105
91 110
91 112
91 114
92 92
92 93
92 95
92 100
92 101
92 103
92 104
92 105
92 109
92 110
92 112
92 114
93 93
93 94
93 95
93 97
93 100
93 101
93 102
93 103
93 104
93 105
93 110
93 112
93 114
94 94
94 95
94 97
94 99
94 101
94 103
94 104
94 105
94 109
94 110
94 114
94 115
95 95
95 97
95 99
95 100
95 101
95 103
95 104
95 105
95 106
95 107
95 108
95 109
95 110
95 111
95 112
95 113
95 114
96 96
96 98
96 108
96 109
96 112
96 113
97 97
97 99
97 103
97 104
97 105
97 107
97 109
97 111
97 112
97 113
97 114
97 115
98 98
98 99
98 102
98 107
98 111
99 99
99 102
99 103
99 104
99 105
99 107
99 111
99 112
99 113
99 114
99 115
100 100
100 102
100 103
100 104
100 105
100 107
100 112
101 101
101 102
101 103
101 104
101 105
101 112
101 114
102 102
102 103
102 104
102 105
102 106
102 107
102 111
102 113
103 103
103 104
103 105
103 107
103 109
103 110
103 112
103 113
103 114
104 104
104 105
104 107
104 108
104 109
104 110
104 112
104 113
104 114
104 115
105 105
105 107
105 110
105 112
105 113
105 114
105 115
106 106
106 107
106 110
106 113
107 107
107 111
107 112
108 108
109 109
109 110
109 112
109 114
110 110
110 113
110 114
111 111
111 112
111 113
112 112
112 113
112 114
113 113
113 114
113 115
114 114
114 115
115 115
