0 0
0 1
0 3
0 10
0 18
0 19
0 54
0 56
0 57
0 58
0 59
0 60
0 62
0 82
0 83
0 84
0 88
0 89
0 100
0 101
0 103
0 113
1 1
1 3
1 7
1 9
1 11
1 15
1 59
1 61
1 63
1 65
1 85
1 89
1 92
1 100
2 2
2 3
2 4
2 6
2 7
2 8
2 9
2 10
2 12
2 13
2 14
2 15
2 18
2 22
2 60
2 61
2 64
2 65
2 88
2 89
2 91
2 92
2 93
2 100
2 101
3 3
3 4
3 6
3 7
3 8
3 9
3 15
3 18
3 23
3 45
3 61
3 64
3 65
3 67
3 88
3 89
3 92
3 100
3 113
4 4
4 5
4 6
4 8
4 9
4 14
4 15
4 18
4 24
4 25
4 26
4 58
4 60
4 88
4 89
4 92
4 93
4 100
4 101
4 103
5 5
5 8
5 9
5 20
5 22
5 24
5 25
5 26
5 27
5 37
5 38
5 39
5 55
5 87
5 88
5 89
5 90
5 92
5 93
5 102
6 6
6 7
6 8
6 9
6 10
6 11
6 12
6 13
6 14
6 15
6 60
6 61
6 64
6 65
6 92
6 93
6 100
6 101
6 113
7 7
7 8
7 9
7 11
7 12
7 13
7 14
7 15
7 23
7 45
7 60
7 61
7 64
7 65
7 67
7 88
7 89
7 92
7 100
7 113
8 8
8 9
8 14
8 15
8 18
8 24
8 25
8 26
8 58
8 60
8 61
8 64
8 65
8 88
8 89
8 90
8 91
8 92
8 93
8 100
8 101
9 9
9 13
9 14
9 15
9 23
9 24
9 25
9 60
9 61
9 64
9 65
9 88
9 89
9 90
9 91
9 92
9 93
9 100
9 101
10 10
10 11
10 12
10 13
10 14
10 22
10 28
10 29
10 48
10 64
10 72
10 113
11 11
11 12
11 13
11 15
11 17
11 23
11 29
11 31
11 33
11 45
11 64
11 65
11 72
11 73
11 74
11 75
11 85
11 111
11 113
11 114
11 115
12 12
12 13
12 14
12 15
12 17
12 29
12 48
12 51
12 60
12 61
12 62
12 64
12 65
12 72
12 80
12 113
12 115
13 13
13 14
13 15
13 17
13 29
13 48
13 60
13 61
13 63
13 64
13 65
13 113
13 114
13 115
14 14
14 15
14 18
14 22
14 24
14 35
14 58
14 60
14 61
14 64
14 65
14 88
14 89
14 91
14 92
14 93
14 100
14 101
15 15
15 60
15 61
15 64
15 65
15 88
15 89
15 90
15 91
15 92
15 93
15 100
15 101
15 113
16 16
16 17
16 28
16 29
16 32
16 33
16 36
16 46
16 52
16 53
16 56
16 57
16 62
16 63
16 68
16 72
16 73
16 74
16 76
16 77
16 78
16 79
16 80
16 81
16 82
16 83
16 87
16 95
16 98
16 99
16 109
16 111
16 112
17 17
17 28
17 29
17 32
17 33
17 56
17 57
17 62
17 63
17 72
17 73
17 74
17 76
17 77
17 78
17 79
17 80
17 81
17 83
17 85
17 98
17 99
17 111
17 112
18 18
18 19
18 56
18 58
18 60
18 62
18 64
18 82
18 83
18 84
18 88
18 89
18 100
18 101
18 103
19 19
19 28
19 31
19 32
19 33
19 34
19 56
19 57
19 68
19 69
19 82
19 83
19 85
19 86
19 88
19 103
20 20
20 21
20 22
20 23
20 24
20 25
20 26
20 27
20 30
20 31
20 36
20 37
20 38
20 39
20 41
20 42
20 47
20 52
20 53
20 54
20 55
20 66
20 68
20 70
20 71
20 82
20 86
20 87
20 96
21 21
21 22
21 24
21 25
21 26
21 27
21 30
21 31
21 36
21 38
21 39
21 40
21 41
21 48
21 51
21 54
21 55
21 66
21 68
21 69
21 71
21 94
21 103
21 108
22 22
22 23
22 24
22 25
22 26
22 27
22 30
22 31
22 36
22 64
22 71
22 84
22 93
22 97
22 108
22 110
22 114
23 23
23 24
23 25
23 30
23 31
23 34
23 35
23 45
23 64
23 65
23 67
23 84
23 86
23 88
23 92
23 108
24 24
24 25
24 26
24 27
24 34
24 35
24 39
24 45
24 68
24 69
24 82
24 88
25 25
25 26
25 27
25 34
25 35
25 38
25 39
25 42
25 43
25 45
25 47
25 67
25 68
25 69
25 82
25 87
25 90
25 93
26 26
26 27
26 38
26 39
26 54
26 55
26 82
26 87
26 88
26 102
26 103
27 27
27 36
27 37
27 38
27 39
27 47
27 52
27 54
27 55
27 68
27 82
27 86
27 87
27 90
27 96
27 102
28 28
28 29
28 30
28 31
28 32
28 33
28 36
28 46
28 52
28 53
28 56
28 62
28 63
28 70
28 72
28 73
28 74
28 76
28 78
28 80
28 81
28 83
28 84
28 98
28 99
28 107
29 29
29 30
29 31
29 32
29 33
29 36
29 46
29 52
29 53
29 62
29 63
29 70
29 72
29 73
29 74
29 75
29 76
29 77
29 78
29 79
29 80
29 81
29 83
29 85
29 95
29 98
29 99
29 111
29 112
30 30
30 31
30 32
30 33
30 36
30 44
30 64
30 70
30 71
30 72
30 73
30 74
30 75
30 76
30 78
30 83
30 84
30 86
31 31
31 32
31 33
31 36
31 40
31 44
31 64
31 66
31 70
31 71
31 72
31 73
31 74
31 75
31 78
31 83
31 84
31 86
31 107
32 32
32 33
32 36
32 46
32 52
32 56
32 62
32 63
32 66
32 68
32 72
32 73
32 74
32 76
32 77
32 78
32 79
32 80
32 81
32 82
32 83
32 98
32 99
33 33
33 62
33 63
33 64
33 70
33 71
33 72
33 73
33 74
33 75
33 76
33 77
33 78
33 79
33 81
33 83
33 85
34 34
34 35
34 38
34 40
34 41
34 66
34 67
34 68
34 69
34 88
34 107
35 35
35 40
35 41
35 69
35 91
35 92
35 105
35 107
35 108
36 36
36 37
36 38
36 39
36 41
36 42
36 46
36 47
36 52
36 53
36 54
36 55
36 56
36 66
36 68
36 70
36 72
36 73
36 74
36 76
36 77
36 78
36 79
36 80
36 81
36 86
36 87
36 95
36 96
36 97
36 98
36 99
36 104
36 109
36 110
36 111
36 112
37 37
37 38
37 39
37 41
37 42
37 46
37 47
37 52
37 53
37 54
37 55
37 73
37 74
37 76
37 77
37 79
37 81
37 87
37 95
37 96
37 97
37 98
37 99
37 104
37 108
37 109
37 110
37 111
37 112
38 38
38 39
38 40
38 41
38 54
38 55
38 56
38 68
38 69
38 96
38 108
38 110
39 39
39 41
39 47
39 54
39 55
39 68
39 69
39 87
39 94
39 96
39 97
39 101
39 102
39 103
39 110
40 40
40 41
40 74
40 75
40 103
40 105
40 106
40 107
40 108
41 41
41 55
41 68
41 69
41 70
41 71
41 75
41 96
41 104
41 106
41 107
41 108
42 42
42 43
42 44
42 45
42 46
42 47
42 48
42 49
42 50
42 51
42 53
42 55
42 72
42 81
42 87
42 96
42 98
42 99
42 104
42 106
42 110
42 111
42 112
43 43
43 44
43 45
43 46
43 47
43 48
43 49
43 50
43 51
43 53
43 55
43 67
43 72
43 87
43 96
43 98
43 104
43 106
43 110
44 44
44 45
44 46
44 47
44 48
44 49
44 50
44 51
44 53
44 55
44 71
44 72
44 96
44 104
44 106
44 110
45 45
45 47
45 49
45 64
45 65
45 67
45 85
45 105
45 106
46 46
46 47
46 48
46 49
46 50
46 51
46 52
46 53
46 55
46 68
46 72
46 76
46 77
46 78
46 80
46 81
46 87
46 96
46 98
46 99
46 104
46 106
46 110
46 111
46 112
47 47
47 49
47 50
47 51
47 53
47 55
47 77
47 81
47 87
47 94
47 96
47 98
47 99
47 104
47 106
47 110
47 111
47 112
48 48
48 49
48 50
48 51
48 52
48 53
48 55
48 93
48 94
48 96
48 97
48 98
48 104
49 49
49 50
49 51
49 53
49 55
49 104
49 106
50 50
50 51
50 52
50 53
50 55
50 66
50 80
50 87
50 96
50 98
50 110
51 51
51 52
51 53
51 55
51 80
51 94
51 96
51 98
51 102
51 104
51 106
51 110
52 52
52 53
52 54
52 55
52 62
52 66
52 68
52 70
52 72
52 73
52 74
52 76
52 77
52 79
52 80
52 81
52 82
52 86
52 87
52 94
52 98
52 99
52 102
52 104
52 109
52 112
52 115
53 53
53 54
53 55
53 72
53 73
53 74
53 76
53 77
53 80
53 81
53 86
53 87
53 94
53 96
53 97
53 98
53 99
53 104
53 110
53 111
53 115
54 54
54 55
54 58
54 76
54 87
54 96
54 97
54 98
54 99
54 102
54 103
54 108
54 109
54 110
55 55
55 68
55 81
55 87
55 96
55 98
55 99
55 110
56 56
56 57
56 62
56 63
56 68
56 69
56 78
56 79
56 81
56 82
56 83
56 86
57 57
57 63
57 68
57 69
57 79
57 81
57 82
57 83
57 86
57 87
57 96
57 98
57 111
58 58
58 59
58 60
58 61
58 62
58 63
58 89
58 100
58 101
58 102
58 103
59 59
59 60
59 61
59 62
59 63
59 66
59 89
59 100
59 101
59 102
59 103
60 60
60 61
60 62
60 63
60 64
60 65
60 88
60 89
60 100
60 101
60 103
60 113
61 61
61 63
61 65
61 89
61 91
61 92
61 100
62 62
62 63
62 72
62 74
62 76
62 80
62 81
62 83
62 101
63 63
63 73
63 74
63 76
63 77
63 78
63 79
63 81
64 64
64 65
64 71
64 75
64 84
64 88
64 113
65 65
65 67
65 88
65 89
65 91
65 92
65 100
65 114
66 66
66 67
66 68
66 69
66 78
66 80
66 82
66 84
66 86
66 87
66 99
67 67
67 69
67 85
67 88
67 92
67 105
67 106
68 68
68 69
68 81
68 82
68 83
68 86
68 87
68 107
69 69
69 82
69 105
70 70
70 71
70 72
70 73
70 74
70 75
70 76
70 77
70 78
70 107
70 114
71 71
71 73
71 74
71 75
71 76
71 77
71 106
71 108
72 72
72 73
72 74
72 75
72 76
72 77
72 78
72 79
72 80
72 81
72 83
72 84
72 98
72 99
73 73
73 74
73 75
73 76
73 77
73 78
73 79
73 81
73 85
73 95
73 98
73 99
73 109
73 111
73 112
73 115
74 74
74 75
74 76
74 77
74 78
74 79
74 80
74 81
74 83
74 85
74 95
74 98
74 99
74 109
74 111
74 112
74 115
75 75
75 76
75 77
75 78
75 79
76 76
76 77
76 78
76 79
76 80
76 81
76 87
76 95
76 96
76 97
76 98
76 99
76 109
76 110
76 111
76 112
77 77
77 78
77 79
77 81
77 87
77 95
77 96
77 97
77 98
77 99
77 109
77 110
77 111
77 112
77 115
78 78
78 79
78 80
78 81
78 83
78 84
78 85
78 95
78 96
78 98
78 99
78 109
78 110
78 111
78 112
79 79
79 80
79 81
79 87
79 95
79 97
79 98
79 99
79 109
79 110
79 111
79 112
80 80
80 81
80 84
80 98
80 99
81 81
81 83
81 96
81 98
81 99
81 110
81 111
81 112
82 82
82 83
82 84
82 86
82 87
82 101
83 83
83 84
83 85
84 84
84 85
84 86
84 88
85 85
85 86
85 87
85 111
86 86
86 87
87 87
87 95
87 96
87 98
87 99
87 109
87 110
87 111
87 112
88 88
88 89
88 92
88 93
88 100
88 101
88 103
89 89
89 92
89 100
89 101
89 102
89 103
90 90
90 91
90 92
90 93
90 94
90 100
90 101
90 102
90 105
90 115
91 91
91 92
91 93
91 94
91 97
91 101
91 102
91 115
92 92
92 93
92 100
92 101
92 113
93 93
93 94
93 97
93 101
93 102
94 94
94 97
94 103
94 104
94 105
94 107
94 108
94 115
95 95
95 96
95 97
95 98
95 99
95 109
95 111
95 112
95 113
96 96
96 97
96 98
96 99
96 108
96 109
96 110
96 111
96 112
97 97
97 99
97 104
97 105
97 108
97 109
97 110
97 111
97 112
97 114
97 115
98 98
98 99
98 104
98 106
98 109
98 110
98 111
98 112
98 115
99 99
99 104
99 109
99 110
99 111
99 112
99 115
100 100
100 101
100 102
100 103
100 113
101 101
101 102
101 103
102 102
102 103
103 103
103 108
104 104
104 105
104 106
104 107
104 108
104 111
104 112
105 105
105 107
105 115
106 106
106 107
106 108
107 107
107 108
108 108
108 110
109 109
109 110
109 111
109 112
109 113
109 114
109 115
110 110
110 111
110 112
111 111
111 112
112 112
112 114
112 115
113 113
114 114
115 115
