0 0
0 1
0 6
0 10
0 11
0 13
0 15
0 16
0 18
0 19
0 28
0 56
0 58
0 60
0 62
0 63
0 76
0 80
0 82
0 83
0 84
0 88
1 1
1 10
1 11
1 13
1 15
1 16
1 17
1 18
1 19
1 28
1 29
1 32
1 33
1 56
1 58
1 60
1 61
1 62
1 63
1 72
1 74
1 76
1 80
1 83
2 2
2 3
2 4
2 5
2 6
2 7
2 8
2 12
2 14
2 20
2 22
2 23
2 24
2 25
2 26
2 27
2 30
2 31
2 70
2 71
3 3
3 4
3 5
3 6
3 7
3 8
3 9
3 18
3 20
3 22
3 23
3 24
3 25
3 26
3 27
3 30
3 31
3 70
3 71
3 75
4 4
4 5
4 7
4 8
4 9
4 14
4 22
4 23
4 24
4 26
4 98
5 5
5 8
5 9
5 14
5 22
5 23
5 24
5 25
5 26
5 27
5 42
5 43
5 44
5 45
5 46
5 49
5 50
5 98
6 6
6 7
6 11
6 12
6 13
6 14
6 15
6 18
6 19
6 22
6 23
6 28
6 29
6 30
6 31
6 71
6 72
6 73
6 74
6 83
7 7
7 8
7 9
7 11
7 13
7 15
7 18
7 23
7 26
7 30
7 31
7 45
7 71
7 83
7 107
8 8
8 9
8 14
8 22
8 23
8 24
8 26
8 46
8 70
8 78
8 98
8 114
9 9
9 24
9 26
9 45
9 50
9 65
9 66
9 67
9 90
9 92
9 98
9 100
9 104
10 10
10 11
10 12
10 13
10 14
10 15
10 16
10 17
10 18
10 28
10 29
10 36
10 38
10 40
10 56
10 58
10 60
10 61
10 62
10 63
10 72
10 73
10 74
10 76
10 80
10 82
10 83
10 88
11 11
11 12
11 13
11 15
11 17
11 18
11 28
11 29
11 30
11 31
11 33
11 40
11 60
11 61
11 62
11 71
11 72
11 73
11 74
11 83
12 12
12 13
12 15
12 16
12 17
12 18
12 28
12 29
12 30
12 36
12 40
12 52
12 60
12 61
12 62
12 63
12 72
12 73
12 74
13 13
13 14
13 15
13 17
13 18
13 19
13 20
13 26
13 28
13 29
13 30
13 31
13 33
13 36
13 40
13 62
13 71
13 72
13 73
13 74
13 75
13 83
13 107
14 14
14 15
14 18
14 19
14 22
14 23
14 26
14 27
14 28
14 30
14 38
14 40
14 64
14 74
14 78
14 82
14 83
14 84
14 86
14 87
14 88
14 107
15 15
15 18
15 19
15 20
15 21
15 26
15 27
15 30
15 31
15 38
15 41
15 60
15 72
15 83
15 107
16 16
16 17
16 28
16 29
16 32
16 33
16 36
16 38
16 40
16 56
16 57
16 58
16 60
16 61
16 62
16 63
16 70
16 72
16 73
16 74
16 76
16 78
16 79
16 80
16 81
17 17
17 28
17 29
17 32
17 33
17 36
17 40
17 52
17 56
17 57
17 62
17 63
17 70
17 72
17 73
17 74
17 75
17 76
17 77
17 78
17 79
17 80
17 81
17 98
18 18
18 19
18 28
18 30
18 31
18 32
18 33
18 36
18 38
18 40
18 56
18 60
18 62
18 72
18 74
18 82
18 83
18 88
18 107
19 19
19 28
19 30
19 31
19 32
19 33
19 48
19 51
19 62
19 72
19 83
19 107
20 20
20 21
20 22
20 23
20 25
20 27
20 28
20 29
20 30
20 31
20 33
20 36
20 39
20 41
20 71
20 73
20 75
20 83
20 85
20 86
21 21
21 27
21 28
21 29
21 30
21 31
21 33
21 36
21 38
21 39
21 40
21 41
21 64
21 71
21 72
21 73
21 74
21 80
21 82
21 83
21 84
21 86
21 88
22 22
22 23
22 24
22 25
22 26
22 27
22 30
22 31
22 43
22 46
22 70
22 71
22 73
22 75
22 78
22 79
22 81
22 86
22 87
23 23
23 24
23 25
23 27
23 30
23 31
23 64
23 84
24 24
24 25
24 26
24 42
24 43
24 44
24 46
24 49
24 57
24 70
24 98
24 104
24 107
24 115
25 25
25 26
25 27
25 30
25 31
25 42
25 43
25 45
25 64
25 71
25 84
25 86
25 87
26 26
26 27
26 38
26 70
26 98
26 107
27 27
27 30
27 31
27 38
27 39
27 41
27 82
27 84
27 86
27 87
27 88
28 28
28 29
28 30
28 31
28 32
28 33
28 36
28 40
28 41
28 62
28 63
28 70
28 71
28 72
28 73
28 74
28 75
28 76
28 78
28 79
28 80
28 81
28 82
28 83
28 84
28 87
29 29
29 30
29 31
29 33
29 36
29 37
29 40
29 41
29 62
29 63
29 70
29 71
29 72
29 73
29 74
29 75
29 76
29 77
29 78
29 79
29 80
29 81
29 83
30 30
30 31
30 33
30 40
30 41
30 64
30 71
30 72
30 73
30 74
30 75
30 82
30 83
30 84
30 85
30 86
30 87
30 95
31 31
31 33
31 40
31 41
31 64
31 71
31 72
31 73
31 74
31 75
31 82
31 83
31 84
31 85
31 86
31 87
32 32
32 33
32 36
32 40
32 44
32 48
32 49
32 56
32 57
32 62
32 68
32 72
32 73
32 74
32 76
32 78
32 80
32 83
33 33
33 35
33 36
33 40
33 68
33 71
33 72
33 73
33 74
33 75
33 76
33 78
33 80
33 82
33 83
33 84
34 34
34 35
34 65
34 67
34 85
34 90
34 91
34 92
34 95
34 96
34 97
34 99
34 108
34 109
34 110
34 111
34 112
34 113
34 114
35 35
35 54
35 65
35 67
35 89
35 96
35 106
35 110
35 111
36 36
36 37
36 38
36 40
36 41
36 54
36 56
36 62
36 68
36 70
36 71
36 72
36 73
36 74
36 75
36 76
36 78
36 80
36 81
36 82
36 83
37 37
37 39
37 41
37 55
37 63
37 70
37 73
37 74
37 75
37 76
37 77
37 78
37 79
37 81
37 85
37 89
37 91
37 93
37 95
37 97
37 99
37 101
37 103
37 109
37 110
37 111
37 112
37 113
37 115
38 38
38 40
38 54
38 56
38 57
38 58
38 60
38 68
38 80
38 82
38 86
38 88
38 96
38 108
39 39
39 41
39 55
39 85
39 87
39 89
39 91
39 93
39 94
39 95
39 96
39 97
39 99
39 101
39 103
39 105
39 108
39 109
39 110
39 111
39 113
39 115
40 40
40 62
40 71
40 72
40 73
40 74
40 75
40 76
40 78
40 83
41 41
41 63
41 64
41 71
41 72
41 73
41 74
41 75
41 82
41 83
41 84
41 85
41 86
41 87
41 88
42 42
42 43
42 44
42 45
42 46
42 47
42 48
42 49
42 50
42 51
42 53
42 55
42 115
43 43
43 44
43 45
43 46
43 47
43 48
43 49
43 50
43 51
43 53
43 55
43 86
43 115
44 44
44 45
44 46
44 47
44 48
44 49
44 50
44 51
44 57
45 45
45 46
45 47
45 48
45 49
45 50
45 51
45 65
46 46
46 47
46 48
46 49
46 50
46 51
46 53
46 55
46 57
46 77
46 78
46 79
46 81
46 98
46 115
47 47
47 48
47 49
47 51
47 53
47 55
47 69
47 77
47 97
47 110
47 115
48 48
48 49
48 50
48 51
48 53
48 56
48 57
49 49
49 50
49 51
49 53
49 57
49 115
50 50
50 51
50 52
50 53
50 58
50 86
51 51
51 52
51 53
51 55
51 115
52 52
52 53
52 54
52 56
52 58
52 61
52 62
52 63
52 90
52 92
52 98
52 99
53 53
53 55
53 87
53 89
53 91
53 97
53 99
53 101
53 109
53 111
53 115
54 54
54 56
54 58
54 60
54 61
54 67
54 88
54 89
54 93
54 96
54 102
55 55
55 79
55 85
55 89
55 91
55 93
55 97
55 99
55 101
55 103
55 110
55 111
55 113
55 114
55 115
56 56
56 57
56 58
56 60
56 62
56 68
56 76
56 80
56 96
56 98
57 57
57 59
57 66
57 68
57 69
57 76
57 77
57 78
57 79
57 80
57 81
57 90
57 96
57 98
57 100
57 104
57 113
58 58
58 59
58 60
58 61
58 62
58 63
58 65
58 66
58 67
58 88
58 96
58 102
59 59
59 60
59 61
59 63
59 65
59 66
59 67
59 90
59 91
59 92
59 93
59 98
59 99
59 100
59 101
59 102
59 103
59 104
59 105
59 106
59 111
59 112
59 113
60 60
60 61
60 62
60 64
60 65
60 80
60 83
60 88
61 61
61 62
61 63
61 65
61 66
61 67
61 90
61 91
61 92
61 93
61 100
61 101
61 102
62 62
62 63
62 72
62 73
62 74
62 76
62 80
63 63
63 72
63 73
63 75
63 76
63 79
63 81
63 83
64 64
64 82
64 83
64 84
64 85
64 86
64 87
64 88
64 108
65 65
65 66
65 67
65 89
65 90
65 91
65 92
65 93
65 94
65 96
65 100
65 102
65 106
65 108
66 66
66 67
66 68
66 69
66 90
66 91
66 92
66 93
66 96
66 98
66 100
66 101
66 102
66 103
66 104
66 105
66 106
66 113
66 115
67 67
67 69
67 89
67 90
67 91
67 92
67 93
67 96
67 100
67 101
67 102
67 103
67 104
67 105
67 106
67 108
67 110
67 111
68 68
68 69
68 73
68 76
68 78
68 80
68 82
68 96
68 110
69 69
69 90
69 91
69 92
69 93
69 94
69 97
69 100
69 101
69 102
69 103
69 104
69 105
69 106
69 109
69 110
69 111
69 112
69 113
69 115
70 70
70 71
70 72
70 73
70 74
70 75
70 76
70 77
70 78
70 79
70 80
70 81
71 71
71 72
71 73
71 74
71 75
71 76
71 81
71 83
71 85
71 95
72 72
72 73
72 74
72 75
72 76
72 78
72 79
72 80
72 81
72 83
73 73
73 74
73 75
73 76
73 77
73 78
73 79
73 80
73 81
74 74
74 75
74 76
74 78
74 80
74 81
74 82
74 83
74 86
75 75
75 76
75 77
75 78
75 79
75 80
75 81
75 83
76 76
76 77
76 78
76 79
76 80
76 81
77 77
77 78
77 79
77 80
77 81
77 95
77 96
77 97
77 98
77 99
77 109
77 110
77 111
77 113
77 115
78 78
78 79
78 80
78 81
78 82
78 84
79 79
79 80
79 81
79 99
79 109
79 111
79 112
79 113
79 115
80 80
80 81
80 96
81 81
82 82
82 83
82 84
82 85
82 86
82 87
82 88
83 83
83 85
83 87
84 84
84 85
84 86
84 87
84 88
85 85
85 86
85 87
85 89
86 86
86 87
86 88
87 87
87 88
87 89
88 88
88 89
88 108
89 89
89 91
89 93
89 95
89 97
89 99
89 101
89 103
89 108
89 110
89 111
89 114
90 90
90 91
90 92
90 93
90 98
90 99
90 100
90 101
90 102
90 104
90 105
90 106
90 109
90 111
90 112
90 113
90 115
91 91
91 92
91 93
91 94
91 97
91 98
91 99
91 100
91 101
91 102
91 103
91 104
91 105
91 108
91 109
91 110
91 111
91 112
91 113
91 114
91 115
92 92
92 93
92 98
92 99
92 100
92 101
92 102
92 103
92 104
92 105
92 109
92 111
92 112
92 113
92 114
92 115
93 93
93 94
93 97
93 98
93 99
93 100
93 101
93 102
93 103
93 104
93 105
93 108
93 109
93 110
93 111
93 112
93 113
93 114
93 115
94 94
94 96
94 97
94 99
94 100
94 101
94 103
94 105
94 108
94 109
94 110
94 111
94 114
94 115
95 95
95 97
95 108
95 109
95 114
96 96
96 97
96 99
96 102
96 108
96 109
96 110
96 111
97 97
97 99
97 100
97 101
97 103
97 105
97 108
97 109
97 110
97 111
97 112
97 113
97 114
97 115
98 98
98 99
98 100
98 102
98 104
98 111
98 112
98 113
98 115
99 99
99 100
99 101
99 102
99 103
99 104
99 105
99 109
99 110
99 111
99 112
99 113
99 114
99 115
100 100
100 101
100 102
100 103
100 104
100 105
100 106
100 109
100 110
100 111
100 112
100 113
100 115
101 101
101 102
101 103
101 104
101 105
101 108
101 110
101 111
101 112
101 113
101 115
102 102
102 103
102 104
102 105
102 110
102 111
102 112
102 113
102 115
103 103
103 104
103 105
103 106
103 110
103 111
103 112
103 113
103 115
104 104
104 105
104 110
104 111
104 112
104 113
104 115
105 105
105 106
105 109
105 110
105 111
105 112
105 113
105 114
105 115
106 106
106 109
106 110
106 113
107 107
107 108
107 114
108 108
108 110
108 111
108 114
109 109
109 110
109 111
109 112
109 113
109 115
110 110
110 111
110 112
110 113
110 115
111 111
111 112
111 113
111 114
111 115
112 112
112 113
112 114
112 115
113 113
113 114
113 115
114 114
115 115
