0 0
0 1
0 10
0 11
0 14
0 16
0 17
0 48
0 50
0 52
0 54
0 56
0 57
0 58
0 60
0 62
0 63
0 68
0 86
0 87
0 88
0 98
0 101
0 106
0 110
1 1
1 13
1 16
1 17
1 18
1 19
1 28
1 29
1 32
1 37
1 39
1 41
1 42
1 46
1 51
1 52
1 53
1 54
1 55
1 56
1 57
1 59
1 61
1 62
1 63
1 68
1 69
1 72
1 73
1 74
1 76
1 78
1 80
1 89
1 90
1 91
1 98
1 99
1 109
1 111
1 112
2 2
2 3
2 4
2 5
2 6
2 7
2 8
2 9
2 12
2 14
2 15
2 22
2 24
2 25
2 26
2 27
2 31
2 34
2 38
2 48
2 50
2 64
2 86
2 88
2 93
2 96
2 110
2 114
3 3
3 5
3 7
3 9
3 15
3 23
3 64
3 65
3 89
3 90
3 92
4 4
4 6
4 7
4 8
4 9
4 12
4 20
4 24
4 29
4 30
4 33
4 44
4 49
4 64
4 83
5 5
5 21
5 22
5 23
5 24
5 25
5 26
5 27
5 31
5 34
5 35
5 43
5 45
5 47
5 50
5 67
5 85
5 86
5 87
5 88
5 92
5 94
5 110
6 6
6 7
6 8
6 9
6 12
6 14
6 24
6 29
6 30
6 31
6 44
6 64
6 83
7 7
7 8
7 9
7 12
7 13
7 15
7 33
7 44
7 60
7 61
7 64
7 65
7 83
7 92
7 114
8 8
8 9
8 12
8 14
8 15
8 38
8 48
8 50
8 64
8 65
8 88
8 92
8 93
9 9
9 12
9 14
9 15
9 48
9 50
9 60
9 64
9 65
9 88
9 89
9 92
9 93
9 114
10 10
10 11
10 14
10 22
10 27
10 28
10 34
10 38
10 43
10 44
10 45
10 48
10 50
10 78
10 82
10 84
10 86
10 88
10 93
11 11
11 13
11 15
11 48
11 50
11 65
11 107
12 12
12 13
12 14
12 15
12 16
12 17
12 29
12 44
12 48
12 50
12 60
12 61
12 62
12 64
12 65
12 70
12 71
13 13
13 15
13 16
13 17
13 28
13 29
13 44
13 46
13 48
13 49
13 51
13 55
13 60
13 61
13 62
13 63
13 72
13 83
14 14
14 15
14 22
14 23
14 38
14 64
14 82
14 86
14 88
14 90
14 91
14 92
14 93
14 113
15 15
15 23
15 52
15 61
15 64
15 65
15 83
15 89
15 90
15 91
15 92
15 93
15 114
16 16
16 17
16 28
16 29
16 52
16 54
16 56
16 57
16 58
16 60
16 61
16 62
16 63
16 68
16 72
16 73
16 74
16 76
16 77
16 78
16 79
16 80
16 81
16 99
16 101
16 103
17 17
17 28
17 29
17 32
17 51
17 52
17 53
17 55
17 56
17 57
17 60
17 61
17 62
17 63
17 70
17 71
17 72
17 73
17 74
17 75
17 76
17 77
17 79
17 80
17 81
17 83
17 90
17 98
17 99
17 101
17 111
18 18
18 19
18 22
18 28
18 29
18 30
18 32
18 46
18 47
18 51
18 52
18 53
18 57
18 63
18 68
18 72
18 73
18 74
18 76
18 82
18 83
18 90
18 91
18 97
18 99
18 112
19 19
19 22
19 23
19 24
19 26
19 28
19 29
19 37
19 41
19 57
19 59
19 69
19 72
19 73
19 74
19 78
19 82
19 84
19 90
19 91
19 95
19 109
20 20
20 21
20 24
20 25
20 26
20 32
20 35
20 38
20 40
20 41
20 70
20 97
21 21
21 25
21 26
21 27
21 35
21 36
21 39
21 40
21 67
21 87
21 96
21 106
21 110
21 113
21 114
21 115
22 22
22 23
22 24
22 25
22 26
22 27
22 30
22 31
22 34
22 38
22 43
22 47
22 58
22 59
22 70
22 82
22 84
22 86
22 88
22 91
22 93
22 110
23 23
23 24
23 25
23 26
23 27
23 30
23 31
23 34
23 67
23 82
23 84
23 86
23 88
23 89
23 91
23 92
23 93
24 24
24 25
24 26
24 27
24 30
24 31
24 33
24 34
24 35
24 38
24 41
24 43
24 44
24 45
24 47
24 49
24 66
24 67
24 82
24 84
24 86
24 94
24 110
25 25
25 26
25 27
25 30
25 31
25 33
25 34
25 35
25 38
25 43
25 44
25 45
25 47
25 50
25 67
25 84
25 85
25 86
25 88
25 94
25 96
25 110
26 26
26 27
26 30
26 31
26 34
26 35
26 38
26 43
26 45
26 47
26 66
26 67
26 82
26 84
26 85
26 86
26 88
26 94
26 110
27 27
27 34
27 35
27 38
27 43
27 45
27 50
27 66
27 67
27 84
27 85
27 86
27 87
27 88
27 93
27 94
27 96
27 102
27 110
27 114
27 115
28 28
28 29
28 30
28 32
28 41
28 46
28 49
28 51
28 52
28 53
28 55
28 61
28 63
28 72
28 74
28 82
28 83
28 90
28 91
28 95
28 98
28 99
28 109
29 29
29 32
29 33
29 37
29 41
29 44
29 46
29 49
29 51
29 53
29 55
29 61
29 63
29 72
29 73
29 74
29 75
29 80
29 81
29 83
29 90
29 95
29 98
29 99
29 111
29 112
30 30
30 31
30 34
30 46
30 53
30 64
30 70
30 71
30 82
30 83
30 86
30 94
31 31
31 33
31 34
31 35
31 44
31 45
31 64
31 67
31 70
31 71
31 82
31 83
31 86
32 32
32 33
32 37
32 41
32 49
32 55
32 61
32 63
32 72
32 73
32 74
32 78
32 79
32 80
32 81
32 83
32 111
33 33
33 35
33 41
33 44
33 49
33 72
33 80
33 81
33 83
34 34
34 35
34 38
34 43
34 44
34 45
34 50
34 65
34 66
34 67
34 84
34 85
34 86
34 88
34 110
35 35
35 36
35 40
35 43
35 44
35 45
35 48
35 49
35 50
35 65
35 67
35 85
35 88
35 96
35 110
36 36
36 39
36 40
36 41
36 54
36 55
36 56
36 57
36 62
36 68
36 73
36 76
36 77
36 80
36 85
36 87
36 94
36 96
36 97
36 98
36 102
36 103
36 105
36 106
36 107
36 110
37 37
37 41
37 42
37 43
37 49
37 51
37 55
37 56
37 59
37 72
37 73
37 74
37 78
37 79
37 80
37 81
37 84
37 85
37 95
37 108
37 109
38 38
38 43
38 47
38 50
38 86
38 88
38 96
38 108
38 110
38 113
38 114
39 39
39 40
39 43
39 54
39 55
39 56
39 57
39 68
39 71
39 73
39 75
39 77
39 87
39 89
39 96
39 97
39 98
39 99
39 102
39 106
39 107
39 109
39 110
40 40
40 47
40 49
40 53
40 55
40 68
40 70
40 71
40 73
40 75
40 76
40 77
40 83
40 94
40 97
40 105
40 107
40 110
41 41
41 49
41 51
41 56
41 57
41 63
41 72
41 73
41 74
41 78
41 79
41 80
41 81
41 94
41 95
41 98
41 109
42 42
42 43
42 44
42 45
42 46
42 47
42 48
42 49
42 55
42 68
42 75
42 78
42 94
42 95
42 96
42 97
42 98
42 99
42 108
42 109
42 111
42 112
43 43
43 44
43 45
43 47
43 48
43 49
43 50
43 54
43 66
43 67
43 78
43 84
43 85
43 86
43 88
43 94
43 95
43 96
43 109
43 110
44 44
44 45
44 48
44 49
44 66
44 67
44 96
44 108
45 45
45 48
45 49
45 50
45 65
45 66
45 67
45 84
45 85
45 87
45 88
45 96
45 103
45 110
46 46
46 47
46 48
46 51
46 52
46 53
46 55
46 61
46 82
46 83
46 90
46 91
46 96
46 98
46 99
46 111
46 112
46 114
46 115
47 47
47 55
47 68
47 91
47 94
47 96
47 97
47 99
47 110
47 111
47 112
47 114
48 48
48 49
48 50
48 51
48 96
48 98
48 110
48 113
48 114
49 49
49 51
49 55
49 72
49 78
49 80
49 81
49 83
49 97
49 98
49 99
49 108
50 50
50 54
50 65
50 66
50 67
50 85
50 86
50 87
50 88
50 96
50 110
51 51
51 52
51 53
51 55
51 59
51 61
51 63
51 82
51 83
51 98
51 99
51 107
51 112
52 52
52 53
52 54
52 55
52 56
52 57
52 60
52 61
52 63
52 69
52 89
52 90
52 91
52 98
52 99
52 106
53 53
53 55
53 58
53 59
53 61
53 63
53 70
53 82
53 83
53 90
53 91
53 98
53 99
53 106
53 107
53 115
54 54
54 55
54 56
54 57
54 58
54 68
54 84
54 85
54 87
54 88
54 89
54 96
54 98
54 102
54 106
54 107
54 109
54 110
55 55
55 61
55 63
55 83
55 96
55 98
55 99
55 107
55 111
55 112
55 113
55 115
56 56
56 57
56 62
56 63
56 68
56 69
56 71
56 72
56 73
56 74
56 75
56 76
56 77
56 78
56 79
56 80
56 81
56 89
56 97
56 98
56 99
56 101
56 102
56 103
56 106
56 107
56 109
56 111
57 57
57 58
57 62
57 63
57 68
57 69
57 71
57 72
57 73
57 74
57 75
57 76
57 78
57 79
57 80
57 81
57 89
57 94
57 95
57 97
57 98
57 99
57 102
57 103
57 106
57 109
57 111
58 58
58 59
58 66
58 68
58 84
58 86
58 87
58 88
58 89
58 91
58 103
58 106
58 107
58 109
58 110
59 59
59 62
59 63
59 66
59 82
59 91
59 102
59 104
59 106
59 107
59 109
59 115
60 60
60 61
60 62
60 63
60 64
60 65
60 72
60 80
60 101
61 61
61 62
61 63
61 65
61 72
61 80
61 83
61 90
61 98
61 99
61 101
61 115
62 62
62 63
62 71
62 72
62 73
62 76
62 77
62 79
62 80
62 81
62 101
62 102
62 103
62 104
62 105
62 106
62 107
63 63
63 72
63 73
63 74
63 76
63 78
63 79
63 80
63 81
63 90
63 98
63 99
63 101
64 64
64 65
64 83
64 92
64 114
65 65
65 67
65 88
65 89
65 92
65 113
66 66
66 67
66 84
66 85
66 86
66 87
66 103
66 109
66 110
67 67
67 84
67 85
67 87
67 88
67 110
68 68
68 69
68 71
68 73
68 74
68 75
68 76
68 77
68 78
68 80
68 81
68 84
68 88
68 89
68 94
68 97
68 99
68 102
68 103
68 109
68 110
68 111
69 69
69 74
69 78
69 79
69 81
69 84
69 89
69 90
69 91
69 93
69 109
70 70
70 71
70 72
70 75
70 76
70 77
70 86
70 97
71 71
71 73
71 75
71 76
71 77
71 97
71 103
72 72
72 73
72 74
72 75
72 76
72 78
72 79
72 80
72 81
72 95
72 97
72 99
72 101
72 109
72 111
72 112
73 73
73 74
73 75
73 76
73 77
73 78
73 80
73 81
73 89
73 97
73 99
73 109
73 111
73 112
74 74
74 75
74 76
74 78
74 79
74 80
74 81
74 95
74 109
75 75
75 76
75 77
75 97
75 103
75 105
76 76
76 77
76 80
76 81
76 94
76 97
76 99
76 101
76 102
76 103
76 105
76 112
77 77
77 87
77 89
77 97
77 102
77 103
77 105
77 106
77 107
78 78
78 79
78 80
78 81
78 84
78 95
78 108
78 109
78 111
78 112
79 79
79 80
79 81
79 95
79 101
79 108
79 109
79 111
80 80
80 81
80 99
80 101
80 102
80 104
80 112
81 81
81 95
81 99
81 101
81 102
81 104
81 111
81 112
82 82
82 83
82 84
82 86
82 90
82 91
82 94
82 112
83 83
83 90
83 114
84 84
84 85
84 86
84 88
84 95
84 103
84 109
84 110
85 85
85 87
85 88
85 102
85 103
85 105
85 110
86 86
86 87
86 88
86 89
86 91
86 93
86 110
87 87
87 88
87 89
87 96
87 105
87 106
87 107
87 110
88 88
88 89
88 92
88 93
88 110
88 113
89 89
89 90
89 91
89 92
89 106
89 107
89 110
90 90
90 91
90 92
90 93
90 98
90 99
90 100
90 112
91 91
91 93
91 99
91 112
91 115
92 92
92 93
92 100
93 93
94 94
94 95
94 97
94 102
94 108
95 95
95 99
95 108
95 109
95 111
96 96
96 98
96 110
96 113
96 114
96 115
97 97
97 99
97 102
97 103
97 104
97 108
97 112
98 98
98 99
98 100
98 102
98 111
98 112
99 99
99 102
99 104
99 111
99 112
99 113
99 115
100 100
100 101
100 102
100 111
100 113
101 101
101 102
101 104
102 102
102 103
102 104
102 111
103 103
103 104
103 105
104 104
104 105
105 105
105 106
105 107
106 106
106 107
106 109
107 107
107 109
108 108
108 111
108 114
109 109
109 110
110 110
111 111
111 112
112 112
112 113
113 113
113 114
113 115
114 114
114 115
115 115
