0 0
0 1
0 2
0 3
0 6
0 7
0 8
0 18
0 19
0 32
0 33
0 39
0 48
0 56
0 57
0 58
0 59
0 60
0 61
0 63
0 66
0 68
0 83
1 1
1 3
1 18
1 19
1 32
1 39
1 56
1 57
1 58
1 59
1 60
1 61
1 62
1 63
1 68
1 69
2 2
2 3
2 6
2 7
2 8
2 18
2 22
2 23
2 32
2 33
2 35
2 44
2 48
2 49
2 50
2 58
2 60
2 64
2 65
2 66
2 67
3 3
3 6
3 7
3 9
3 11
3 13
3 18
3 19
3 22
3 23
3 31
3 33
3 39
3 65
3 68
3 69
3 82
4 4
4 5
4 8
4 9
4 14
4 15
4 20
4 21
4 24
4 25
4 26
4 27
4 34
4 41
4 58
4 59
4 66
4 70
4 71
4 72
4 73
4 74
4 75
4 76
4 89
4 100
4 106
5 5
5 9
5 14
5 15
5 20
5 21
5 24
5 25
5 26
5 27
5 29
5 30
5 34
5 40
5 41
5 59
5 61
5 70
5 71
5 72
5 73
5 74
5 75
5 76
5 77
5 83
5 89
5 93
5 100
5 106
5 113
6 6
6 7
6 12
6 22
6 23
6 33
6 44
6 48
6 49
6 50
6 60
6 62
6 64
6 65
6 67
6 82
7 7
7 9
7 11
7 13
7 22
7 23
7 33
7 35
7 48
7 49
7 51
7 60
7 61
7 64
7 65
7 67
8 8
8 9
8 15
8 24
8 35
8 58
8 67
8 68
8 69
8 83
9 9
9 14
9 15
9 24
9 27
9 56
9 58
9 59
9 61
9 67
9 68
9 69
9 90
9 100
10 10
10 11
10 12
10 13
10 16
10 17
10 28
10 30
10 31
10 44
10 48
10 49
10 50
10 51
10 62
10 64
10 65
10 81
11 11
11 13
11 16
11 17
11 23
11 28
11 29
11 31
11 35
11 45
11 48
11 51
11 62
11 65
11 78
11 79
11 81
11 84
11 85
11 114
12 12
12 13
12 16
12 28
12 30
12 31
12 33
12 72
12 78
12 87
12 96
13 13
13 16
13 17
13 23
13 28
13 29
13 31
13 42
13 45
13 62
13 65
13 78
13 79
13 81
13 98
14 14
14 15
14 20
14 21
14 24
14 26
14 27
14 29
14 32
14 34
14 40
14 41
14 52
14 53
14 55
14 58
14 66
14 68
14 73
14 74
14 75
14 77
14 89
14 100
15 15
15 20
15 21
15 24
15 25
15 26
15 27
15 29
15 30
15 32
15 40
15 41
15 52
15 59
15 61
15 68
15 70
15 71
15 72
15 73
15 74
15 75
15 76
15 77
15 83
15 89
15 100
16 16
16 17
16 28
16 31
16 37
16 42
16 44
16 48
16 50
16 62
16 63
16 64
16 78
16 79
16 80
16 81
16 95
16 98
16 110
16 111
16 114
17 17
17 23
17 28
17 29
17 31
17 42
17 44
17 48
17 50
17 62
17 63
17 78
17 79
17 80
17 81
17 84
17 85
17 95
17 98
17 111
17 114
18 18
18 19
18 32
18 33
18 38
18 39
18 56
18 57
18 58
18 59
18 60
18 66
18 68
18 69
18 82
18 89
18 91
18 96
18 102
18 109
18 112
19 19
19 33
19 37
19 38
19 39
19 56
19 57
19 59
19 68
19 69
19 78
19 80
19 82
19 83
19 90
19 91
19 98
19 102
19 105
19 109
20 20
20 21
20 24
20 25
20 26
20 27
20 29
20 30
20 34
20 40
20 41
20 51
20 53
20 55
20 70
20 71
20 72
20 73
20 74
20 75
20 76
20 77
20 89
20 93
20 100
20 101
20 103
20 106
21 21
21 24
21 25
21 26
21 27
21 29
21 30
21 34
21 40
21 41
21 43
21 51
21 53
21 70
21 71
21 72
21 73
21 74
21 75
21 76
21 77
21 84
21 85
21 106
22 22
22 23
22 34
22 35
22 44
22 45
22 48
22 49
22 50
22 51
22 60
22 62
22 64
22 65
22 67
23 23
23 31
23 35
23 44
23 45
23 48
23 49
23 50
23 64
23 65
23 67
23 82
24 24
24 25
24 26
24 27
24 30
24 34
24 36
24 43
24 46
24 54
24 55
24 68
24 70
24 71
24 72
24 73
24 74
24 75
24 76
24 84
24 85
25 25
25 26
25 27
25 28
25 29
25 30
25 31
25 34
25 42
25 43
25 46
25 47
25 53
25 55
25 70
25 71
25 72
25 73
25 74
25 75
25 76
25 77
25 84
25 85
25 106
26 26
26 27
26 29
26 30
26 34
26 40
26 41
26 59
26 61
26 70
26 71
26 72
26 73
26 74
26 75
26 77
26 89
26 93
26 100
26 101
26 106
27 27
27 34
27 40
27 41
27 59
27 70
27 71
27 73
27 74
27 75
27 76
27 83
27 88
27 89
27 92
27 101
27 103
27 106
27 113
28 28
28 29
28 30
28 31
28 37
28 42
28 43
28 46
28 47
28 53
28 70
28 71
28 72
28 74
28 76
28 78
28 79
28 80
28 81
28 84
28 85
28 95
28 110
28 111
28 114
29 29
29 30
29 34
29 36
29 40
29 41
29 46
29 52
29 53
29 70
29 71
29 72
29 73
29 74
29 75
29 76
29 77
29 79
29 80
29 81
29 84
29 85
29 106
30 30
30 31
30 34
30 40
30 51
30 53
30 70
30 71
30 72
30 73
30 74
30 75
30 76
30 77
30 84
30 85
31 31
31 35
31 42
31 43
31 45
31 50
31 53
31 70
31 71
31 72
31 78
31 79
31 80
31 81
31 84
31 85
31 110
31 111
32 32
32 33
32 52
32 54
32 55
32 56
32 58
32 59
32 60
32 61
32 66
32 68
32 87
32 100
32 102
33 33
33 58
33 60
33 61
33 65
33 66
33 67
33 69
33 82
33 86
33 87
33 100
33 102
34 34
34 35
34 49
34 50
34 51
34 62
34 64
34 65
34 70
34 71
34 72
34 73
34 74
34 75
34 76
34 77
34 84
34 85
35 35
35 43
35 44
35 45
35 47
35 65
35 67
35 110
36 36
36 37
36 38
36 40
36 41
36 46
36 52
36 53
36 54
36 55
36 76
36 83
36 84
36 85
36 87
36 88
36 92
36 94
36 95
36 96
36 97
36 98
36 99
36 102
36 108
36 112
37 37
37 38
37 39
37 41
37 42
37 46
37 47
37 52
37 53
37 78
37 79
37 80
37 82
37 85
37 86
37 87
37 94
37 95
37 97
37 98
37 108
37 109
37 110
37 111
38 38
38 39
38 46
38 54
38 55
38 56
38 68
38 82
38 83
38 86
38 87
38 88
38 94
38 95
38 97
38 98
38 99
38 104
38 108
38 109
38 111
38 112
38 115
39 39
39 48
39 55
39 56
39 57
39 68
39 69
39 78
39 82
39 87
39 88
39 95
39 97
39 104
39 105
39 107
39 108
39 109
39 111
40 40
40 41
40 52
40 53
40 54
40 55
40 70
40 71
40 72
40 73
40 74
40 75
40 77
40 99
40 106
41 41
41 52
41 53
41 54
41 55
41 71
41 72
41 73
41 74
41 75
41 77
41 83
41 89
41 100
41 106
42 42
42 43
42 44
42 45
42 46
42 47
42 50
42 52
42 53
42 76
42 78
42 79
42 80
42 81
42 84
42 85
42 95
42 98
42 110
42 111
42 114
43 43
43 44
43 45
43 46
43 47
43 49
43 51
43 55
43 70
43 71
43 72
43 74
43 75
43 76
43 84
43 85
43 99
43 104
43 106
43 110
44 44
44 45
44 48
44 49
44 50
44 51
44 62
44 64
44 65
44 67
44 78
44 110
44 114
45 45
45 47
45 48
45 49
45 50
45 51
45 64
45 65
45 67
45 110
46 46
46 47
46 52
46 53
46 54
46 55
46 76
46 83
46 84
46 85
46 92
46 94
46 95
46 96
46 97
46 98
46 99
46 108
46 109
46 111
46 112
46 113
46 114
46 115
47 47
47 55
47 67
47 69
47 70
47 83
47 97
47 99
47 109
47 110
47 111
48 48
48 49
48 50
48 51
48 60
48 62
48 63
48 64
48 65
49 49
49 50
49 51
49 60
49 62
49 63
49 64
49 65
50 50
50 51
50 62
50 64
50 65
50 79
50 104
51 51
51 64
51 65
51 70
51 71
51 73
51 74
51 75
51 76
52 52
52 53
52 54
52 55
52 77
52 84
52 85
52 88
52 89
52 91
52 96
53 53
53 55
53 70
53 71
53 72
53 73
53 74
53 75
53 77
53 84
53 85
53 89
53 91
54 54
54 55
54 58
54 59
54 66
54 68
54 83
54 86
54 87
54 88
54 89
54 90
54 92
54 94
54 95
54 96
54 97
54 98
54 99
54 102
54 108
54 112
54 113
54 115
55 55
55 66
55 68
55 86
55 87
55 88
55 89
55 93
55 95
55 96
55 97
55 99
55 100
55 101
55 109
55 112
56 56
56 57
56 58
56 59
56 60
56 61
56 63
56 68
56 69
56 83
56 88
56 105
56 112
57 57
57 58
57 59
57 60
57 63
57 68
57 69
57 80
57 88
57 90
57 95
57 105
57 107
57 109
58 58
58 59
58 60
58 61
58 66
58 67
58 68
58 69
58 88
58 89
58 96
58 100
58 102
59 59
59 60
59 61
59 66
59 68
59 69
59 88
59 89
59 90
59 101
59 102
59 108
60 60
60 61
60 62
60 63
60 64
60 65
61 61
61 63
61 65
61 66
61 100
61 101
62 62
62 63
62 64
62 79
62 80
62 81
63 63
63 64
63 79
63 80
63 81
64 64
64 65
65 65
65 67
65 100
66 66
66 67
66 68
66 69
66 88
66 89
66 93
66 96
66 100
66 102
66 107
66 112
67 67
67 69
67 90
67 91
67 97
67 100
67 102
67 108
67 110
68 68
68 69
68 82
68 88
68 89
68 90
68 96
68 99
68 102
68 105
68 107
68 109
68 112
69 69
69 78
69 82
69 83
69 88
69 90
69 91
69 96
69 97
69 98
69 102
69 105
69 108
69 109
70 70
70 71
70 72
70 73
70 74
70 75
70 76
70 77
70 84
70 85
70 106
71 71
71 72
71 73
71 74
71 75
71 76
71 77
71 79
71 81
71 84
71 85
71 106
72 72
72 73
72 74
72 75
72 76
72 77
72 79
72 80
72 81
72 84
72 85
72 87
72 106
73 73
73 74
73 75
73 76
73 77
73 81
73 84
73 85
73 106
74 74
74 75
74 76
74 77
74 84
74 85
74 93
74 103
74 106
75 75
75 76
75 77
75 84
75 85
75 93
75 101
75 103
75 104
75 106
76 76
76 77
76 81
76 84
76 85
76 103
76 106
77 77
77 85
78 78
78 79
78 80
78 81
78 82
78 95
78 97
78 98
78 108
78 110
78 111
79 79
79 80
79 81
79 84
79 85
79 95
79 114
80 80
80 81
80 94
80 95
80 98
80 110
80 111
81 81
81 84
81 85
82 82
82 83
82 86
82 87
82 88
82 90
82 97
82 98
82 102
82 108
82 111
83 83
83 88
83 97
83 98
83 102
83 112
84 84
84 85
85 85
85 91
85 94
85 110
86 86
86 87
86 88
86 89
86 102
87 87
87 88
87 89
87 95
87 97
87 108
88 88
88 89
88 90
88 92
88 97
88 99
88 102
88 108
89 89
89 91
89 96
89 101
90 90
90 91
90 92
90 95
90 96
90 97
90 98
90 99
90 102
90 105
90 106
90 108
90 109
90 111
90 112
90 113
90 114
90 115
91 91
91 93
91 94
91 96
91 98
91 99
91 102
91 111
91 112
91 113
92 92
92 93
92 97
92 99
92 101
92 103
92 111
92 112
92 113
92 114
92 115
93 93
93 100
93 101
93 103
93 112
93 113
94 94
94 95
94 96
94 97
94 98
94 99
94 102
94 107
94 108
94 109
94 110
94 111
94 112
94 114
94 115
95 95
95 97
95 98
95 99
95 104
95 105
95 107
95 108
95 109
95 110
95 111
95 112
95 114
95 115
96 96
96 97
96 98
96 99
96 102
96 108
96 109
96 110
96 112
96 113
97 97
97 98
97 99
97 104
97 107
97 108
97 109
97 110
97 111
97 112
97 114
97 115
98 98
98 99
98 102
98 108
98 109
98 110
98 111
98 112
98 114
98 115
99 99
99 101
99 102
99 103
99 108
99 109
99 110
99 111
99 112
99 113
99 114
99 115
100 100
100 102
100 106
101 101
101 102
101 103
101 112
101 113
101 115
102 102
102 112
102 113
103 103
103 112
103 113
103 115
104 104
104 105
104 107
104 114
104 115
105 105
105 107
105 108
105 109
105 114
105 115
106 106
106 107
106 110
106 115
107 107
107 109
107 114
107 115
108 108
108 110
108 111
108 112
108 114
108 115
109 109
109 112
110 110
110 111
110 114
110 115
111 111
111 112
111 114
111 115
112 112
112 113
112 114
112 115
113 113
113 114
113 115
114 114
114 115
115 115
