0 0
0 1
0 10
0 16
0 17
0 18
0 19
0 32
0 33
0 52
0 56
0 57
0 59
0 69
0 74
0 78
0 79
0 88
0 89
1 1
1 16
1 17
1 18
1 19
1 28
1 29
1 32
1 33
1 38
1 39
1 43
1 56
1 57
1 59
1 62
1 63
1 68
1 69
1 72
1 78
1 79
1 80
1 81
1 84
1 96
1 97
1 108
2 2
2 3
2 4
2 5
2 6
2 7
2 8
2 9
2 10
2 12
2 14
2 20
2 22
2 23
2 24
2 25
2 26
2 27
2 34
2 58
2 60
2 64
2 66
2 67
2 70
2 76
2 91
2 93
2 101
3 3
3 4
3 5
3 6
3 7
3 8
3 9
3 13
3 14
3 20
3 22
3 23
3 24
3 25
3 27
3 30
3 31
3 64
3 65
3 67
3 70
3 88
3 91
3 92
3 93
3 104
3 106
3 115
4 4
4 5
4 6
4 7
4 8
4 9
4 10
4 11
4 12
4 13
4 15
4 20
4 21
4 24
4 25
4 26
4 27
4 65
4 70
4 76
4 77
4 92
4 93
4 100
4 109
4 114
4 115
5 5
5 6
5 7
5 8
5 9
5 10
5 12
5 13
5 15
5 20
5 21
5 22
5 23
5 24
5 25
5 26
5 27
5 41
5 70
5 76
5 92
5 93
6 6
6 7
6 8
6 9
6 10
6 12
6 13
6 14
6 22
6 58
6 60
6 61
6 62
6 64
6 65
6 67
6 70
6 76
6 77
6 91
6 92
6 93
6 100
6 101
7 7
7 8
7 9
7 11
7 12
7 13
7 15
7 20
7 24
7 51
7 60
7 61
7 63
7 65
7 70
7 77
7 83
7 92
7 93
7 100
7 101
7 114
7 115
8 8
8 9
8 10
8 12
8 13
8 14
8 15
8 20
8 23
8 24
8 26
8 51
8 60
8 61
8 64
8 65
8 67
8 70
8 76
8 77
8 91
8 92
8 93
8 100
8 101
9 9
9 10
9 11
9 12
9 13
9 15
9 20
9 24
9 25
9 26
9 27
9 51
9 61
9 65
9 70
9 76
9 77
9 92
9 93
9 100
9 109
9 113
9 114
9 115
10 10
10 11
10 12
10 13
10 14
10 20
10 26
10 48
10 51
10 58
10 60
10 61
10 62
10 63
10 76
10 93
11 11
11 12
11 13
11 14
11 15
11 29
11 37
11 41
11 61
11 62
11 63
11 65
11 72
11 74
11 75
11 76
11 77
11 83
11 92
11 100
11 113
12 12
12 13
12 14
12 20
12 22
12 24
12 26
12 27
12 34
12 48
12 51
12 70
12 76
12 93
12 100
13 13
13 14
13 15
13 20
13 37
13 60
13 61
13 62
13 63
13 65
13 70
13 76
13 77
13 83
13 92
13 93
13 100
13 104
13 109
13 113
14 14
14 23
14 51
14 58
14 60
14 61
14 64
14 65
14 67
14 76
14 82
14 86
14 88
14 89
14 91
14 92
14 93
15 15
15 20
15 21
15 24
15 29
15 36
15 37
15 40
15 41
15 63
15 65
15 70
15 71
15 72
15 76
15 77
15 83
15 92
15 100
15 113
15 114
15 115
16 16
16 17
16 18
16 19
16 28
16 32
16 33
16 56
16 57
16 62
16 63
16 68
16 69
16 72
16 78
16 79
16 80
16 81
16 84
16 85
16 96
17 17
17 18
17 19
17 32
17 33
17 38
17 39
17 43
17 46
17 55
17 56
17 57
17 59
17 63
17 68
17 69
17 78
17 79
17 80
17 81
17 84
17 85
17 86
17 89
17 96
17 98
17 99
18 18
18 19
18 28
18 32
18 33
18 56
18 57
18 59
18 62
18 66
18 68
18 69
18 72
18 78
18 79
18 80
18 81
18 82
18 84
18 102
18 103
19 19
19 32
19 33
19 56
19 57
19 68
19 69
19 78
19 79
19 80
19 81
19 82
19 84
19 88
20 20
20 21
20 24
20 25
20 26
20 27
20 41
20 70
20 71
20 75
20 76
20 77
20 91
20 92
20 93
20 103
20 104
20 105
20 109
20 114
21 21
21 24
21 25
21 26
21 27
21 41
21 70
21 71
21 90
21 105
21 114
22 22
22 23
22 24
22 25
22 26
22 27
22 30
22 31
22 34
22 64
22 67
22 70
22 88
22 89
22 93
23 23
23 24
23 25
23 26
23 27
23 30
23 31
23 34
23 64
23 65
23 67
23 70
23 88
23 89
23 90
23 91
23 92
23 93
23 104
23 105
23 107
24 24
24 25
24 26
24 27
24 30
24 31
24 34
24 41
24 50
24 70
25 25
25 26
25 27
25 30
25 31
25 34
25 35
25 67
25 70
25 71
25 92
25 105
25 114
25 115
26 26
26 27
26 34
26 41
26 70
27 27
27 30
27 31
27 34
27 41
27 64
27 70
27 76
27 93
27 105
28 28
28 29
28 32
28 33
28 36
28 41
28 46
28 56
28 57
28 62
28 71
28 72
28 78
28 79
28 80
28 81
28 83
28 96
28 98
28 99
29 29
29 30
29 31
29 33
29 36
29 37
29 40
29 41
29 68
29 71
29 72
29 78
29 79
29 80
29 81
29 83
29 85
29 87
29 94
29 99
29 111
30 30
30 31
30 34
30 35
30 64
30 71
30 82
30 111
31 31
31 34
31 35
31 36
31 41
31 64
31 65
31 67
31 70
31 71
31 77
31 83
31 92
31 94
31 105
31 108
31 111
31 112
31 114
32 32
32 33
32 56
32 57
32 59
32 62
32 63
32 66
32 68
32 69
32 72
32 78
32 79
32 80
32 81
32 84
32 96
32 97
33 33
33 39
33 56
33 57
33 59
33 61
33 62
33 63
33 68
33 69
33 72
33 78
33 79
33 80
33 81
33 84
33 87
33 94
33 96
33 97
33 108
34 34
34 35
34 50
34 64
34 66
34 67
34 85
34 89
34 105
34 110
35 35
35 45
35 64
35 65
35 67
35 77
35 92
35 95
35 113
35 115
36 36
36 37
36 38
36 40
36 41
36 62
36 71
36 72
36 76
36 77
36 80
36 81
36 83
36 90
36 94
36 95
36 99
36 100
36 102
36 103
36 105
36 109
36 111
36 112
36 113
36 114
36 115
37 37
37 40
37 41
37 47
37 53
37 71
37 73
37 74
37 75
37 76
37 77
37 83
37 92
37 94
37 95
37 111
37 112
37 113
38 38
38 39
38 40
38 41
38 54
38 55
38 57
38 79
38 84
38 85
38 86
38 87
38 88
38 89
38 94
38 96
38 97
38 110
39 39
39 40
39 41
39 54
39 55
39 56
39 57
39 69
39 78
39 79
39 84
39 86
39 87
39 89
39 94
39 96
39 97
40 40
40 41
40 62
40 72
40 73
40 74
40 75
40 77
40 78
40 80
40 81
40 83
40 85
40 87
40 94
40 95
40 97
40 109
40 111
40 112
40 113
41 41
41 70
41 71
41 72
41 73
41 74
41 75
41 76
41 77
41 81
41 83
41 94
41 109
41 111
42 42
42 43
42 44
42 45
42 46
42 47
42 48
42 49
42 50
42 51
42 52
42 53
42 96
42 98
42 110
43 43
43 44
43 45
43 46
43 47
43 48
43 49
43 50
43 51
43 52
43 55
43 56
43 57
43 96
43 97
43 98
43 99
43 110
44 44
44 45
44 46
44 47
44 48
44 49
44 50
44 51
44 52
44 54
44 55
44 56
44 57
44 59
44 95
44 96
44 97
44 98
44 99
44 108
44 111
45 45
45 46
45 47
45 48
45 49
45 50
45 51
45 55
45 67
45 96
45 98
45 99
46 46
46 47
46 48
46 49
46 50
46 52
46 53
46 54
46 55
46 57
46 79
46 96
46 98
46 99
47 47
47 48
47 49
47 51
47 52
47 53
47 95
47 96
47 97
47 98
47 108
47 110
48 48
48 49
48 50
48 51
48 52
48 54
48 55
48 58
48 59
48 66
48 96
48 98
48 99
49 49
49 50
49 51
49 52
49 53
49 54
49 55
49 58
49 59
49 66
49 69
49 96
49 98
49 99
50 50
50 51
50 52
50 53
50 54
50 55
50 56
50 66
50 69
50 85
50 89
50 96
50 98
51 51
51 52
51 53
51 54
51 55
51 58
51 59
51 61
51 66
51 98
51 100
51 104
52 52
52 53
52 54
52 55
52 56
52 59
52 66
52 69
52 86
52 96
52 98
52 99
53 53
53 55
53 98
53 99
54 54
54 55
54 86
54 89
54 90
54 96
54 97
54 98
54 99
55 55
55 56
55 57
55 79
55 85
55 86
55 87
55 89
55 96
55 97
55 98
55 99
56 56
56 57
56 59
56 66
56 68
56 69
56 78
56 79
56 80
56 81
56 84
56 85
56 87
56 89
56 96
56 97
56 98
56 99
57 57
57 59
57 63
57 66
57 68
57 69
57 78
57 79
57 80
57 81
57 84
57 85
57 86
57 87
57 88
57 89
57 96
57 97
57 98
58 58
58 59
58 60
58 61
58 62
58 63
58 65
58 66
58 67
58 88
58 89
58 102
59 59
59 60
59 61
59 62
59 63
59 66
59 68
59 69
59 102
60 60
60 61
60 62
60 63
60 64
60 65
60 67
60 88
60 100
60 102
61 61
61 62
61 63
61 65
61 88
61 92
61 100
61 102
62 62
62 63
62 72
62 74
62 78
62 80
62 81
62 83
62 100
62 102
63 63
63 72
63 81
63 83
63 100
63 102
64 64
64 65
64 67
64 82
64 88
64 89
64 91
64 92
64 93
64 101
65 65
65 67
65 77
65 92
65 93
65 100
65 112
65 113
65 114
65 115
66 66
66 67
66 69
66 86
66 89
66 102
67 67
67 93
67 107
67 110
68 68
68 69
68 78
68 79
68 80
68 81
68 82
68 84
68 85
68 86
68 87
68 96
69 69
69 78
69 79
69 80
69 81
69 82
69 84
69 86
69 88
69 89
69 96
69 97
69 110
70 70
70 71
70 76
70 77
70 90
70 91
70 92
70 93
70 103
70 104
70 105
70 106
70 107
70 109
70 113
70 114
70 115
71 71
71 72
71 75
71 76
71 77
71 90
71 92
71 94
71 103
71 104
71 105
71 108
71 111
71 112
71 113
71 114
72 72
72 74
72 75
72 78
72 79
72 80
72 81
72 109
73 73
73 74
73 75
73 84
73 85
73 86
73 87
73 88
73 92
74 74
74 75
74 76
74 77
74 101
74 112
75 75
75 76
75 77
75 92
75 95
75 100
75 101
75 109
76 76
76 77
76 90
76 91
76 92
76 93
76 100
76 101
76 109
76 113
77 77
77 83
77 90
77 91
77 92
77 93
77 94
77 95
77 100
77 101
77 109
77 111
77 112
77 113
77 114
77 115
78 78
78 79
78 80
78 81
78 84
78 85
78 87
78 94
78 96
78 97
78 99
79 79
79 80
79 81
79 84
79 85
79 87
79 96
79 97
80 80
80 81
80 83
80 84
80 85
80 87
80 96
80 99
81 81
81 83
81 84
81 85
81 96
81 99
82 82
82 83
82 84
82 86
82 87
82 88
82 89
82 106
83 83
83 85
83 87
83 100
84 84
84 85
84 86
84 87
84 88
84 89
84 110
85 85
85 86
85 87
85 88
85 89
85 110
86 86
86 87
86 88
86 89
86 96
86 97
86 110
87 87
87 89
87 94
87 96
87 97
87 99
88 88
88 89
89 89
89 96
90 90
90 91
90 92
90 93
90 100
90 101
90 102
90 103
90 104
90 105
90 106
90 107
90 109
90 111
90 114
90 115
91 91
91 92
91 93
91 101
91 102
91 103
91 104
91 105
91 106
91 107
91 109
91 111
91 114
92 92
92 93
92 100
92 101
92 103
92 104
92 105
92 106
92 109
92 111
92 112
92 113
92 114
92 115
93 93
93 100
93 101
93 102
93 103
93 104
93 105
93 106
93 109
93 112
93 113
93 114
93 115
94 94
94 95
94 96
94 97
94 99
94 108
94 109
94 111
94 112
94 113
94 114
94 115
95 95
95 97
95 99
95 100
95 102
95 108
95 109
95 111
95 112
95 113
95 115
96 96
96 97
96 98
96 99
96 108
96 110
97 97
97 98
97 99
97 108
97 110
98 98
98 99
99 99
99 108
99 111
99 112
100 100
100 101
100 102
100 103
100 104
100 106
100 109
100 112
100 113
100 115
101 101
101 102
101 103
101 104
101 109
101 112
101 115
102 102
102 103
102 104
102 106
103 103
103 104
103 105
103 106
103 107
103 109
103 111
103 114
104 104
104 105
104 106
104 107
104 111
104 113
104 114
104 115
105 105
105 106
105 107
105 111
105 113
105 114
106 106
106 107
106 114
107 107
107 111
108 108
108 109
108 111
108 112
108 113
108 115
109 109
109 110
109 111
109 113
110 110
110 111
111 111
111 112
111 113
111 114
112 112
112 113
112 114
112 115
113 113
113 114
113 115
114 114
114 115
115 115
