0 0
0 1
0 6
0 9
0 12
0 13
0 16
0 17
0 18
0 19
0 28
0 29
0 32
0 33
0 56
0 58
0 60
0 61
0 62
0 63
0 72
0 74
0 75
0 80
0 81
0 83
1 1
1 12
1 13
1 16
1 17
1 18
1 19
1 28
1 29
1 32
1 33
1 38
1 52
1 57
1 58
1 59
1 60
1 61
1 62
1 63
1 69
1 72
1 74
1 80
1 81
1 83
1 85
1 98
1 102
2 2
2 3
2 4
2 6
2 8
2 10
2 14
2 18
2 22
2 23
2 24
2 26
2 30
2 31
2 64
2 82
2 106
2 114
3 3
3 4
3 5
3 7
3 9
3 11
3 18
3 20
3 22
3 23
3 24
3 25
3 26
3 27
3 30
3 31
3 45
3 50
3 64
3 67
3 82
3 83
3 84
3 85
3 86
3 87
3 88
3 92
3 114
4 4
4 5
4 6
4 7
4 8
4 9
4 14
4 18
4 24
4 25
4 26
4 30
4 31
4 58
4 64
4 66
4 82
4 83
4 86
5 5
5 8
5 9
5 14
5 15
5 20
5 21
5 22
5 23
5 24
5 25
5 26
5 27
5 30
5 31
5 44
5 45
5 49
5 50
5 65
5 67
5 70
5 86
5 87
5 88
5 92
6 6
6 7
6 8
6 10
6 12
6 16
6 18
6 28
6 58
6 60
6 64
6 106
7 7
7 9
7 11
7 19
7 40
7 41
7 61
7 65
7 75
7 83
7 92
8 8
8 9
8 14
8 15
8 20
8 30
8 53
8 64
8 82
8 83
8 93
9 9
9 11
9 14
9 15
9 39
9 61
9 65
9 75
9 92
9 100
10 10
10 11
10 12
10 13
10 14
10 16
10 28
10 29
10 74
11 11
11 13
11 14
11 15
11 35
11 40
11 41
11 42
11 43
11 44
11 49
11 61
11 65
11 75
11 83
11 84
12 12
12 13
12 15
12 16
12 17
12 28
12 29
12 36
12 37
12 38
12 41
12 52
12 58
12 60
12 62
12 63
12 72
12 74
12 75
12 79
12 80
12 81
12 83
13 13
13 15
13 16
13 17
13 19
13 28
13 29
13 32
13 36
13 37
13 38
13 41
13 52
13 53
13 60
13 61
13 62
13 63
13 72
13 73
13 74
13 75
13 79
13 80
13 81
13 83
13 98
14 14
14 15
14 20
14 22
14 23
14 24
14 25
14 26
14 27
14 30
14 82
14 83
14 86
14 88
15 15
15 37
15 38
15 39
15 41
15 52
15 53
15 74
15 75
15 79
15 83
15 89
16 16
16 17
16 18
16 19
16 28
16 29
16 32
16 33
16 36
16 52
16 57
16 58
16 59
16 60
16 61
16 62
16 63
16 72
16 73
16 74
16 79
16 80
16 81
16 82
16 83
16 90
16 98
17 17
17 19
17 28
17 29
17 32
17 37
17 52
17 53
17 54
17 55
17 56
17 57
17 58
17 59
17 60
17 61
17 62
17 63
17 72
17 73
17 74
17 79
17 80
17 81
17 90
17 98
17 100
17 101
17 102
18 18
18 19
18 28
18 32
18 33
18 60
18 61
18 63
18 64
19 19
19 28
19 29
19 32
19 33
19 40
19 56
19 57
19 59
19 60
19 61
19 63
19 68
19 69
19 72
19 80
19 83
19 102
20 20
20 22
20 23
20 24
20 25
20 26
20 27
20 30
20 31
20 33
20 41
20 44
20 45
20 50
20 67
20 70
20 71
20 82
20 83
20 86
21 21
21 31
21 37
21 39
21 40
21 41
21 50
21 53
21 75
21 87
21 92
22 22
22 23
22 24
22 25
22 26
22 27
22 30
22 31
22 45
22 50
22 64
22 67
22 82
22 84
22 86
22 88
22 93
23 23
23 24
23 25
23 26
23 27
23 30
23 31
23 43
23 44
23 45
23 50
23 67
23 70
23 71
23 82
23 84
23 86
23 87
23 88
23 92
23 93
23 105
23 110
23 114
24 24
24 25
24 26
24 27
24 30
24 31
24 43
24 44
24 45
24 50
24 67
24 82
24 86
25 25
25 26
25 27
25 30
25 31
25 35
25 44
25 45
25 50
25 67
25 71
25 82
25 84
25 86
25 88
25 92
25 108
26 26
26 27
26 30
26 31
26 45
26 50
26 67
26 70
26 71
26 82
26 86
26 87
27 27
27 30
27 31
27 45
27 50
27 53
27 66
27 67
27 69
27 84
27 85
27 86
27 87
27 88
27 92
28 28
28 29
28 32
28 33
28 36
28 38
28 40
28 41
28 52
28 57
28 58
28 60
28 62
28 63
28 72
28 73
28 74
28 75
28 78
28 79
28 80
28 81
28 82
28 83
29 29
29 32
29 33
29 36
29 37
29 38
29 40
29 41
29 52
29 56
29 57
29 60
29 61
29 62
29 63
29 72
29 73
29 74
29 75
29 76
29 78
29 79
29 80
29 81
29 83
29 98
29 101
29 102
30 30
30 31
30 33
30 45
30 50
30 64
30 67
30 70
30 71
30 82
30 84
30 86
31 31
31 33
31 44
31 45
31 50
31 64
31 67
31 70
31 71
31 82
31 84
31 86
31 92
32 32
32 33
32 37
32 52
32 56
32 57
32 58
32 60
32 62
32 63
32 66
32 68
32 72
32 73
32 74
32 78
32 79
32 80
32 81
33 33
33 36
33 38
33 40
33 41
33 56
33 57
33 60
33 62
33 63
33 68
33 71
33 72
33 78
33 79
33 80
33 81
33 83
34 34
34 35
34 43
34 44
34 45
34 66
34 67
34 96
34 98
35 35
35 42
35 43
35 44
35 45
35 46
35 47
35 49
35 65
35 67
35 77
35 110
36 36
36 37
36 38
36 40
36 41
36 42
36 46
36 52
36 56
36 60
36 62
36 71
36 72
36 73
36 74
36 75
36 78
36 79
36 80
36 81
36 83
36 98
37 37
37 38
37 39
37 40
37 41
37 52
37 53
37 54
37 55
37 56
37 62
37 72
37 73
37 74
37 75
37 76
37 77
37 78
37 79
37 98
37 99
37 101
37 113
37 115
38 38
38 39
38 40
38 41
38 52
38 54
38 56
38 60
38 62
38 68
38 72
38 73
38 74
38 78
38 79
38 80
38 83
38 98
39 39
39 40
39 41
39 54
39 72
39 74
39 75
39 91
39 95
39 96
39 99
39 113
40 40
40 41
40 71
40 75
40 78
40 83
41 41
41 70
41 72
41 73
41 74
41 75
41 76
41 78
41 81
41 83
41 115
42 42
42 43
42 44
42 45
42 46
42 47
42 49
42 51
42 55
42 56
42 65
42 73
42 77
42 94
42 95
42 99
42 108
42 110
42 114
43 43
43 44
43 45
43 46
43 47
43 49
43 51
43 55
43 56
43 67
43 77
43 86
43 94
43 99
43 105
43 110
43 114
44 44
44 45
44 46
44 47
44 49
44 51
44 65
44 67
44 71
44 77
44 86
44 92
44 94
44 95
44 97
44 99
44 105
44 108
44 110
44 114
45 45
45 46
45 47
45 49
45 50
45 65
45 67
45 71
45 77
45 84
45 86
45 92
45 105
45 108
45 110
45 114
46 46
46 47
46 49
46 51
46 54
46 55
46 73
46 76
46 77
46 95
46 96
46 97
46 99
46 110
46 112
46 113
47 47
47 49
47 51
47 65
47 67
47 77
47 94
47 95
47 97
47 99
47 108
47 110
47 111
47 112
47 114
48 48
48 50
48 51
48 52
48 53
48 65
48 66
48 68
48 87
48 90
48 94
48 95
48 96
48 100
48 101
48 103
48 108
48 110
49 49
49 51
49 65
49 67
49 77
49 86
49 94
49 110
49 114
50 50
50 51
50 53
50 67
50 84
50 86
50 87
50 88
50 92
51 51
51 53
51 54
51 55
51 61
51 65
51 76
51 87
51 88
51 89
51 92
51 95
51 99
51 100
51 109
51 110
51 112
51 113
52 52
52 53
52 54
52 57
52 58
52 59
52 60
52 62
52 63
52 66
52 68
52 69
52 72
52 73
52 74
52 79
52 80
52 81
52 83
52 89
52 90
52 91
52 98
52 101
52 102
53 53
53 54
53 55
53 74
53 79
53 87
53 88
53 89
53 93
53 113
54 54
54 55
54 74
54 76
54 78
54 79
54 85
54 89
54 90
54 95
54 96
54 97
54 98
54 99
54 100
54 101
54 103
54 104
54 108
54 111
54 112
54 113
55 55
55 73
55 74
55 76
55 77
55 78
55 79
55 89
55 95
55 96
55 97
55 98
55 99
55 100
55 101
55 103
55 104
55 105
55 108
55 110
55 112
55 113
55 115
56 56
56 57
56 62
56 63
56 68
56 72
56 73
56 74
56 76
56 78
56 79
56 80
56 81
56 99
57 57
57 58
57 59
57 60
57 62
57 63
57 66
57 68
57 69
57 72
57 79
57 80
57 81
57 98
58 58
58 59
58 60
58 61
58 62
58 63
58 66
58 68
58 72
58 74
58 80
58 81
58 90
58 91
58 98
58 102
58 103
59 59
59 60
59 61
59 63
59 66
59 69
59 89
59 90
59 91
59 98
59 100
59 101
59 102
59 103
59 106
59 107
60 60
60 61
60 62
60 63
60 72
60 74
60 79
60 80
60 81
60 83
60 98
60 101
61 61
61 63
61 65
61 72
61 75
61 100
61 101
61 102
62 62
62 63
62 68
62 72
62 73
62 74
62 78
62 79
62 80
62 81
62 83
62 98
63 63
63 72
63 74
63 79
63 80
63 81
63 83
63 102
64 64
64 82
64 84
64 86
64 88
64 92
64 93
65 65
65 67
65 88
65 89
65 92
65 95
65 96
65 97
65 100
65 108
65 110
66 66
66 67
66 68
66 69
66 80
66 81
66 96
66 98
66 102
66 103
67 67
67 69
67 71
67 84
67 85
67 86
67 87
67 88
67 92
67 105
67 108
67 110
67 114
68 68
68 69
68 72
68 80
68 81
68 94
68 96
68 98
68 99
68 103
69 69
69 80
69 82
69 83
70 70
70 73
70 75
70 76
70 77
70 82
70 86
70 87
70 92
70 93
71 71
71 75
71 78
71 84
71 85
72 72
72 73
72 74
72 75
72 78
72 79
72 80
72 81
72 83
72 98
72 101
73 73
73 74
73 75
73 76
73 77
73 78
73 79
73 80
73 81
73 98
74 74
74 75
74 76
74 78
74 79
74 80
74 81
74 83
74 98
75 75
75 76
75 78
75 83
76 76
76 77
76 95
76 96
76 97
76 98
76 99
76 101
76 103
76 109
76 110
76 111
76 113
77 77
77 94
77 95
77 96
77 97
77 99
77 108
77 110
77 111
77 112
77 113
77 114
77 115
78 78
78 79
78 80
78 81
78 96
78 99
78 103
78 113
79 79
79 80
79 81
79 98
80 80
80 81
80 83
81 81
81 98
82 82
82 83
82 84
82 86
82 93
83 83
84 84
84 85
84 86
84 88
84 92
84 93
85 85
85 88
85 89
86 86
86 87
86 88
87 87
87 88
87 89
87 90
87 92
87 93
88 88
88 89
88 92
88 93
88 104
89 89
89 90
89 91
89 92
89 100
89 102
89 104
90 90
90 91
90 93
90 98
90 100
90 101
90 102
90 111
91 91
91 92
91 93
91 98
91 100
91 101
91 102
91 106
91 111
91 112
92 92
92 93
92 97
92 109
92 110
93 93
93 100
93 101
93 103
93 109
93 110
93 112
93 113
94 94
94 95
94 96
94 97
94 99
94 103
94 104
94 105
94 106
94 108
94 109
94 110
94 111
94 112
94 113
94 114
94 115
95 95
95 96
95 97
95 99
95 100
95 101
95 103
95 104
95 108
95 109
95 110
95 111
95 112
95 113
95 114
95 115
96 96
96 97
96 98
96 99
96 100
96 101
96 102
96 103
96 104
96 108
96 109
96 110
96 111
96 112
96 113
96 115
97 97
97 99
97 103
97 104
97 105
97 108
97 109
97 110
97 111
97 112
97 113
97 114
97 115
98 98
98 99
98 100
98 101
98 102
98 103
98 111
98 112
99 99
99 100
99 101
99 103
99 104
99 105
99 108
99 109
99 110
99 111
99 112
99 113
99 115
100 100
100 101
100 102
100 103
100 104
100 108
100 111
100 112
100 113
101 101
101 102
101 103
101 111
101 112
101 113
102 102
102 103
102 108
102 109
102 111
102 113
103 103
103 104
103 105
103 108
103 110
103 111
103 112
103 113
103 115
104 104
104 105
104 107
104 108
104 111
104 112
104 113
104 115
105 105
105 107
105 108
105 112
105 114
106 106
106 107
106 114
106 115
107 107
107 114
108 108
108 109
108 110
108 111
108 112
108 113
108 114
109 109
109 110
109 111
109 113
109 114
109 115
110 110
110 111
110 112
110 113
110 114
110 115
111 111
111 112
111 113
111 115
112 112
112 113
112 115
113 113
113 114
113 115
114 114
114 115
115 115
