0 0
0 2
0 6
0 10
0 12
0 14
0 15
0 18
0 21
0 48
0 50
0 52
0 54
0 58
0 59
0 60
0 61
0 66
0 67
0 69
0 89
0 90
0 91
0 102
0 103
0 105
0 107
0 112
1 1
1 3
1 11
1 13
1 15
1 16
1 17
1 29
1 32
1 37
1 51
1 52
1 53
1 54
1 56
1 57
1 61
1 62
1 63
1 68
1 73
1 74
1 76
1 78
1 79
1 81
1 83
1 85
1 87
1 89
1 95
1 98
1 112
2 2
2 4
2 5
2 6
2 8
2 12
2 18
2 20
2 21
2 22
2 24
2 25
2 30
2 34
2 35
2 42
2 44
2 45
2 46
2 48
2 50
2 58
2 64
2 66
2 67
2 91
2 93
2 101
2 110
3 3
3 7
3 11
3 13
3 17
3 19
3 22
3 23
3 27
3 37
3 54
3 65
3 68
3 71
3 73
3 74
3 76
3 79
3 83
3 84
3 85
3 87
3 89
3 92
3 109
3 112
3 113
4 4
4 5
4 6
4 8
4 20
4 22
4 23
4 24
4 25
4 26
4 27
4 47
4 55
4 64
4 70
4 108
5 5
5 7
5 8
5 9
5 25
5 26
5 27
5 35
5 39
5 45
5 47
5 48
5 49
5 58
5 59
5 65
5 67
5 69
5 92
5 108
5 109
6 6
6 8
6 9
6 10
6 12
6 14
6 18
6 20
6 21
6 22
6 24
6 30
6 34
6 35
6 44
6 48
6 58
6 60
6 64
6 67
6 70
6 90
6 91
6 93
6 110
7 7
7 9
7 11
7 13
7 29
7 31
7 33
7 39
7 61
7 65
7 70
7 71
7 73
7 75
7 76
7 77
8 8
8 9
8 12
8 13
8 14
8 35
8 46
8 49
8 51
8 53
8 55
8 65
8 101
9 9
9 14
9 15
9 25
9 31
9 35
9 39
9 44
9 45
9 47
9 58
9 61
9 65
9 69
9 90
9 92
9 108
9 109
10 10
10 11
10 12
10 13
10 14
10 15
10 20
10 26
10 36
10 38
10 48
10 51
10 52
10 53
10 74
10 93
11 11
11 12
11 13
11 15
11 16
11 17
11 29
11 32
11 33
11 37
11 53
11 61
11 63
11 65
11 71
11 72
11 73
11 74
11 75
11 76
11 81
11 82
11 85
11 87
11 95
11 106
11 109
11 113
11 115
12 12
12 13
12 14
12 15
12 18
12 20
12 48
12 49
12 50
12 51
12 52
12 53
12 58
12 59
12 60
12 61
12 66
12 91
12 93
12 103
12 112
13 13
13 14
13 15
13 16
13 33
13 49
13 59
13 60
13 61
13 63
13 65
13 71
13 74
13 75
13 89
13 102
13 107
13 112
14 14
14 15
14 20
14 22
14 35
14 38
14 52
14 53
14 61
14 82
14 88
14 90
14 91
14 93
14 107
14 115
15 15
15 19
15 33
15 61
15 65
15 82
15 89
15 90
15 92
15 95
15 100
15 102
15 107
15 112
15 115
16 16
16 17
16 19
16 28
16 29
16 32
16 33
16 36
16 37
16 40
16 41
16 56
16 57
16 62
16 63
16 68
16 71
16 72
16 73
16 74
16 75
16 76
16 78
16 80
16 81
16 82
16 83
16 84
16 95
16 99
16 111
16 112
17 17
17 28
17 29
17 30
17 31
17 32
17 33
17 36
17 37
17 41
17 56
17 57
17 62
17 63
17 71
17 72
17 73
17 74
17 75
17 76
17 78
17 79
17 80
17 81
17 83
17 84
17 85
17 87
17 98
17 99
17 111
17 112
18 18
18 19
18 46
18 53
18 60
18 62
18 63
18 91
19 19
19 23
19 41
19 47
19 56
19 62
19 68
19 69
19 77
19 80
19 83
19 89
19 90
19 94
19 97
19 107
19 111
19 115
20 20
20 21
20 22
20 24
20 25
20 26
20 27
20 34
20 35
20 36
20 38
20 44
20 46
20 48
20 50
20 52
20 53
20 55
20 64
20 84
20 88
20 93
20 96
20 108
21 21
21 22
21 24
21 25
21 26
21 27
21 34
21 38
21 42
21 44
21 46
21 47
21 48
21 49
21 50
21 51
21 52
21 55
21 58
21 64
21 88
21 94
21 96
21 105
21 108
21 110
21 114
22 22
22 23
22 24
22 25
22 26
22 30
22 31
22 34
22 36
22 38
22 57
22 64
22 76
22 84
22 88
22 92
22 93
22 110
22 114
23 23
23 24
23 25
23 26
23 27
23 31
23 64
23 83
23 84
23 85
23 88
23 89
23 92
23 113
24 24
24 25
24 26
24 27
24 30
24 31
24 34
24 35
24 36
24 38
24 54
24 64
24 88
24 93
24 110
24 114
25 25
25 27
25 30
25 31
25 35
25 38
25 39
25 40
25 45
25 55
25 84
25 86
25 87
25 88
25 96
25 104
25 114
26 26
26 27
26 35
26 47
26 52
26 54
26 55
26 69
26 84
26 88
26 89
26 90
26 92
26 93
26 96
26 98
26 104
26 108
26 109
26 113
27 27
27 35
27 53
27 54
27 55
27 69
27 84
27 85
27 89
27 96
27 98
27 104
27 108
27 109
27 113
28 28
28 29
28 30
28 31
28 32
28 33
28 36
28 40
28 41
28 56
28 57
28 60
28 62
28 63
28 72
28 73
28 74
28 76
28 78
28 80
28 81
28 82
28 83
28 95
28 99
28 101
28 111
29 29
29 30
29 31
29 32
29 33
29 36
29 37
29 39
29 40
29 41
29 56
29 57
29 62
29 63
29 71
29 72
29 73
29 74
29 75
29 76
29 77
29 78
29 79
29 80
29 81
29 83
29 84
29 95
29 99
29 100
29 106
30 30
30 31
30 32
30 33
30 34
30 36
30 40
30 56
30 57
30 64
30 70
30 71
30 72
30 73
30 74
30 75
30 76
30 78
30 80
30 81
31 31
31 32
31 33
31 34
31 37
31 39
31 40
31 56
31 57
31 64
31 70
31 71
31 72
31 73
31 75
31 77
31 78
31 80
31 81
31 94
32 32
32 33
32 34
32 60
32 62
32 63
32 66
32 72
32 73
32 74
32 76
32 78
32 81
32 83
33 33
33 37
33 56
33 61
33 63
33 65
33 71
33 72
33 73
33 75
33 77
33 78
33 80
33 81
33 107
34 34
34 35
34 36
34 42
34 44
34 45
34 64
34 65
34 84
34 88
34 110
35 35
35 38
35 44
35 45
35 47
35 48
35 58
35 65
35 67
35 69
35 88
35 96
35 110
36 36
36 37
36 38
36 40
36 41
36 56
36 57
36 62
36 64
36 70
36 72
36 73
36 74
36 75
36 76
36 78
36 80
36 81
36 82
36 84
36 88
36 99
37 37
37 39
37 40
37 41
37 57
37 65
37 68
37 71
37 72
37 73
37 74
37 75
37 76
37 77
37 78
37 79
37 80
37 81
37 83
37 84
37 85
37 86
37 87
37 95
37 113
38 38
38 39
38 40
38 52
38 54
38 55
38 86
38 88
38 96
38 106
38 113
39 39
39 40
39 55
39 65
39 71
39 73
39 75
39 77
39 86
39 87
39 96
39 104
39 106
39 108
39 114
40 40
40 41
40 56
40 57
40 62
40 70
40 72
40 73
40 74
40 75
40 76
40 77
40 78
40 80
40 82
40 99
41 41
41 56
41 62
41 68
41 72
41 73
41 77
41 80
41 81
41 82
41 83
41 86
41 94
42 42
42 43
42 44
42 45
42 46
42 47
42 48
42 49
42 50
42 51
42 96
42 98
42 110
43 43
43 44
43 45
43 46
43 47
43 48
43 49
43 50
43 51
43 96
43 99
43 110
44 44
44 45
44 46
44 47
44 48
44 49
44 50
44 51
44 96
44 108
44 110
45 45
45 46
45 47
45 48
45 49
45 58
45 65
45 67
46 46
46 47
46 48
46 49
46 50
46 51
46 52
46 53
46 55
46 96
46 110
46 114
47 47
47 48
47 49
47 51
47 67
47 69
47 90
47 91
47 94
47 96
47 97
47 99
47 108
47 110
47 111
48 48
48 49
48 50
48 51
48 52
48 55
48 58
48 59
48 66
48 67
48 96
48 103
49 49
49 51
49 53
49 55
49 59
49 61
49 65
50 50
50 51
50 52
50 53
50 54
50 55
50 58
50 59
50 60
50 62
50 66
50 103
51 51
51 52
51 53
51 54
51 55
51 59
51 61
51 66
51 96
52 52
52 53
52 54
52 58
52 59
52 60
52 89
52 96
52 103
52 112
53 53
53 54
53 55
53 74
53 85
53 87
53 89
53 113
53 114
54 54
54 55
54 87
54 89
54 96
54 103
54 104
54 106
54 113
54 114
55 55
55 87
55 89
55 96
55 104
55 106
55 108
55 113
55 114
56 56
56 57
56 62
56 63
56 71
56 72
56 76
56 78
56 80
56 81
56 83
56 98
56 99
56 111
57 57
57 68
57 71
57 72
57 73
57 76
57 77
57 78
57 79
57 80
57 81
57 84
57 98
57 99
57 111
58 58
58 59
58 60
58 61
58 66
58 67
58 69
58 88
58 90
58 103
59 59
59 60
59 61
59 62
59 63
59 66
59 67
59 69
59 102
59 103
59 107
59 112
60 60
60 61
60 62
60 63
60 66
60 70
60 91
60 93
60 101
60 103
61 61
61 63
61 65
61 75
61 82
61 89
61 95
61 102
61 107
61 112
61 115
62 62
62 63
62 68
62 72
62 73
62 80
62 82
62 83
62 112
63 63
63 73
63 74
63 76
63 78
63 80
63 81
63 83
63 85
63 100
63 102
63 112
64 64
64 70
64 81
64 84
64 88
64 91
64 92
64 93
64 105
64 108
64 114
65 65
65 71
65 73
65 74
65 75
65 79
65 84
65 87
65 88
65 89
65 95
65 109
65 113
66 66
66 67
66 70
66 97
66 101
66 102
66 103
66 106
67 67
67 69
67 70
67 90
67 91
67 94
67 97
67 103
67 108
67 110
68 68
68 69
68 80
68 81
68 83
68 84
68 85
68 86
68 87
68 89
68 95
68 97
68 99
68 100
68 103
68 112
68 113
69 69
69 89
69 90
69 91
69 92
69 97
69 103
69 104
69 108
69 110
70 70
70 71
70 72
70 73
70 74
70 75
70 76
70 77
70 80
70 91
70 93
71 71
71 72
71 73
71 74
71 75
71 76
71 77
71 78
71 79
71 80
71 81
71 95
71 109
72 72
72 73
72 74
72 75
72 76
72 78
72 80
72 81
72 95
73 73
73 74
73 75
73 76
73 77
73 78
73 79
73 80
73 81
74 74
74 75
74 76
74 77
74 78
74 79
74 80
74 81
75 75
75 76
75 77
75 78
75 79
75 80
75 81
75 84
76 76
76 77
76 78
76 79
76 80
76 81
76 84
76 95
76 100
76 106
76 109
77 77
77 78
77 79
77 80
77 81
77 90
77 92
77 94
77 97
77 109
77 111
78 78
78 79
78 80
78 81
78 83
78 84
78 95
78 99
78 107
78 111
78 115
79 79
79 80
79 81
79 84
79 85
79 86
79 87
79 88
79 89
79 95
80 80
80 81
80 82
80 83
80 84
80 95
80 99
80 111
81 81
81 83
81 84
81 85
81 86
81 88
81 98
81 99
82 82
82 83
82 86
82 93
82 101
82 112
83 83
83 85
83 86
83 87
83 94
83 97
83 100
83 115
84 84
84 85
84 86
84 87
84 88
84 98
84 113
85 85
85 86
85 87
85 88
85 89
85 92
85 109
85 113
85 114
86 86
86 87
86 88
86 97
86 104
86 113
86 114
87 87
87 88
87 89
87 104
87 106
87 108
87 109
87 113
87 114
88 88
88 89
88 104
88 113
89 89
89 102
89 103
89 104
89 107
89 112
89 113
90 90
90 91
90 92
90 94
90 98
90 102
90 105
90 107
90 110
90 111
91 91
91 92
91 93
91 94
91 99
91 101
91 103
91 108
91 110
91 111
92 92
92 98
92 100
92 102
92 104
92 109
92 113
93 93
93 101
94 94
94 97
94 105
94 107
94 108
94 110
94 111
94 115
95 95
95 97
95 99
95 104
95 106
95 107
95 109
95 111
95 115
96 96
96 97
96 98
96 104
96 106
96 110
96 111
97 97
97 99
97 103
97 104
97 105
97 106
97 108
97 109
97 110
97 111
97 114
97 115
98 98
98 99
98 102
98 111
98 112
99 99
99 101
99 102
99 108
99 111
100 100
100 102
100 103
101 101
101 103
101 106
102 102
102 103
102 106
102 107
103 103
103 104
103 105
103 106
103 107
103 110
103 111
104 104
104 105
104 106
104 108
104 109
104 110
104 111
104 113
104 114
105 105
105 108
105 109
105 110
105 111
105 114
105 115
106 106
107 107
107 111
107 115
108 108
108 109
108 110
108 114
109 109
109 113
109 115
110 110
110 111
111 111
111 112
111 115
112 112
113 113
113 114
114 114
115 115
