0 0
0 1
0 10
0 18
0 52
0 56
0 57
0 58
0 60
0 88
0 98
0 99
1 1
1 10
1 17
1 36
1 37
1 38
1 41
1 54
1 56
1 57
1 60
1 62
1 63
1 68
1 69
1 80
1 81
1 86
1 98
1 99
1 113
2 2
2 3
2 6
2 7
2 8
2 18
2 19
2 22
2 23
2 24
2 26
2 35
2 45
2 48
2 50
2 58
2 59
2 67
2 88
2 90
2 91
2 92
2 93
2 94
2 103
2 104
2 105
3 3
3 6
3 7
3 18
3 19
3 22
3 23
3 58
3 59
3 67
3 88
3 90
3 91
3 92
3 93
3 94
3 103
3 104
3 105
4 4
4 5
4 6
4 7
4 8
4 9
4 12
4 14
4 15
4 26
4 27
4 35
4 44
4 45
4 47
4 48
4 49
4 51
4 53
4 58
4 59
4 65
4 67
4 90
4 91
4 92
4 93
4 101
4 102
4 103
4 104
4 108
5 5
5 6
5 7
5 8
5 9
5 15
5 19
5 26
5 27
5 35
5 45
5 48
5 49
5 51
5 58
5 59
5 61
5 65
5 67
5 90
5 91
5 92
5 93
5 101
5 102
5 103
5 104
5 107
6 6
6 7
6 8
6 9
6 12
6 19
6 23
6 26
6 35
6 45
6 48
6 49
6 51
6 58
6 59
6 66
6 67
6 90
6 92
6 93
6 102
6 103
6 105
6 107
7 7
7 8
7 9
7 11
7 13
7 35
7 45
7 49
7 51
7 65
7 66
7 67
7 90
7 92
7 100
7 102
7 103
7 104
7 114
8 8
8 9
8 12
8 14
8 15
8 27
8 43
8 44
8 45
8 47
8 48
8 49
8 51
8 53
8 65
8 91
8 92
8 93
8 95
8 101
8 108
8 110
8 114
9 9
9 15
9 27
9 35
9 44
9 45
9 48
9 49
9 51
9 58
9 59
9 61
9 65
9 67
9 90
9 91
9 92
9 93
9 100
9 101
9 102
9 103
9 104
9 107
10 10
10 12
10 16
10 22
10 28
10 30
10 31
10 32
10 41
10 52
10 54
10 57
10 60
10 62
10 64
10 69
10 79
10 82
10 83
10 84
10 87
10 88
10 89
11 11
11 12
11 13
11 15
11 29
11 65
11 68
11 75
12 12
12 13
12 14
12 15
12 48
12 60
12 71
12 114
13 13
13 15
13 16
13 21
13 28
13 29
13 31
13 32
13 33
13 52
13 61
13 75
13 114
14 14
14 15
14 34
14 48
14 51
14 53
15 15
15 21
15 29
15 33
16 16
16 17
16 28
16 29
16 30
16 31
16 32
16 36
16 41
16 54
16 56
16 57
16 60
16 62
16 63
16 72
16 73
16 74
16 75
16 76
16 77
16 78
16 79
16 80
16 81
16 83
16 115
17 17
17 20
17 21
17 28
17 29
17 30
17 31
17 32
17 36
17 37
17 38
17 39
17 40
17 41
17 46
17 54
17 56
17 57
17 62
17 63
17 72
17 73
17 74
17 75
17 76
17 77
17 78
17 79
17 80
17 81
17 83
17 115
18 18
18 19
18 22
18 23
18 59
18 64
18 69
18 82
18 88
18 90
18 91
18 93
18 94
18 103
18 105
19 19
19 23
19 35
19 49
19 58
19 59
19 67
19 69
19 90
19 91
19 92
19 93
19 97
19 101
19 102
19 103
19 104
19 105
19 107
20 20
20 21
20 24
20 25
20 28
20 29
20 30
20 31
20 32
20 36
20 37
20 38
20 39
20 40
20 41
20 46
20 54
20 57
20 70
20 71
20 72
20 73
20 74
20 75
20 76
20 77
20 78
20 79
20 81
20 82
20 83
20 86
20 115
21 21
21 25
21 26
21 28
21 29
21 30
21 31
21 32
21 36
21 37
21 38
21 40
21 41
21 54
21 71
21 72
21 73
21 74
21 75
21 76
21 77
21 78
21 79
21 83
21 115
22 22
22 23
22 24
22 26
22 30
22 31
22 33
22 64
22 82
22 88
22 89
23 23
23 24
23 26
23 27
23 33
23 58
23 59
23 67
23 82
23 88
23 90
23 91
23 92
23 103
23 104
23 105
24 24
24 25
24 26
24 30
24 31
24 34
24 35
24 45
24 96
24 110
25 25
25 26
25 30
25 31
25 34
25 70
25 71
26 26
26 27
26 34
26 48
26 52
26 58
26 59
26 67
26 90
26 91
26 104
26 105
27 27
27 48
27 49
27 58
27 59
27 67
27 90
27 91
27 92
27 93
27 102
27 103
27 104
27 105
28 28
28 29
28 30
28 31
28 32
28 36
28 37
28 38
28 39
28 40
28 41
28 46
28 54
28 57
28 60
28 62
28 63
28 70
28 71
28 72
28 73
28 74
28 75
28 76
28 77
28 78
28 79
28 80
28 81
28 83
28 87
28 115
29 29
29 30
29 31
29 32
29 36
29 37
29 38
29 39
29 40
29 41
29 42
29 46
29 54
29 55
29 57
29 62
29 63
29 70
29 71
29 72
29 73
29 74
29 75
29 76
29 77
29 78
29 79
29 80
29 81
29 83
29 115
30 30
30 31
30 32
30 33
30 36
30 37
30 38
30 39
30 40
30 41
30 46
30 54
30 57
30 62
30 70
30 71
30 72
30 73
30 74
30 75
30 76
30 77
30 79
30 80
30 81
30 82
30 83
30 86
30 87
30 115
31 31
31 32
31 33
31 36
31 37
31 38
31 40
31 41
31 54
31 62
31 70
31 71
31 72
31 73
31 74
31 75
31 76
31 77
31 78
31 79
31 81
31 82
31 83
31 87
31 115
32 32
32 33
32 36
32 37
32 38
32 39
32 40
32 41
32 46
32 54
32 55
32 57
32 62
32 68
32 71
32 72
32 73
32 74
32 75
32 76
32 77
32 78
32 79
32 80
32 81
32 83
32 87
32 115
33 33
33 60
33 83
34 34
34 35
34 50
34 64
34 65
34 67
34 82
34 93
34 115
35 35
35 45
35 49
35 51
35 58
35 59
35 61
35 65
35 66
35 67
35 90
35 91
35 92
35 93
35 102
35 103
35 104
35 105
35 110
36 36
36 37
36 38
36 39
36 40
36 41
36 42
36 43
36 46
36 54
36 55
36 57
36 62
36 63
36 71
36 72
36 73
36 74
36 75
36 76
36 77
36 78
36 79
36 80
36 81
36 83
36 85
36 87
36 96
36 115
37 37
37 38
37 39
37 40
37 41
37 42
37 43
37 46
37 54
37 55
37 56
37 57
37 70
37 71
37 72
37 73
37 74
37 75
37 76
37 77
37 78
37 79
37 80
37 81
37 85
37 86
37 87
37 96
37 98
37 113
37 115
38 38
38 39
38 40
38 41
38 46
38 54
38 55
38 57
38 72
38 73
38 74
38 75
38 76
38 77
38 78
38 79
38 80
38 81
38 82
38 83
38 84
38 85
38 86
38 87
38 89
38 115
39 39
39 40
39 41
39 42
39 46
39 54
39 55
39 72
39 73
39 74
39 75
39 76
39 77
39 81
39 85
39 87
39 95
39 96
39 109
39 113
40 40
40 41
40 42
40 46
40 54
40 55
40 71
40 72
40 73
40 74
40 75
40 76
40 77
40 78
40 79
40 81
40 83
40 87
40 96
40 108
41 41
41 42
41 46
41 54
41 55
41 57
41 62
41 71
41 72
41 73
41 74
41 75
41 76
41 77
41 78
41 79
41 80
41 81
41 83
41 87
42 42
42 43
42 44
42 46
42 47
42 53
42 54
42 55
42 72
42 73
42 74
42 75
42 76
42 77
42 79
42 81
42 85
42 95
42 96
42 108
42 111
43 43
43 44
43 45
43 46
43 47
43 51
43 53
43 55
43 73
43 74
43 75
43 76
43 77
43 79
43 85
43 96
43 110
44 44
44 45
44 46
44 48
44 49
44 51
44 53
44 66
44 100
44 108
45 45
45 47
45 48
45 49
45 51
45 65
45 66
45 67
45 90
45 91
45 92
45 100
45 102
45 103
45 104
45 107
45 110
45 114
46 46
46 53
46 54
46 55
46 70
46 71
46 72
46 73
46 74
46 75
46 76
46 77
46 78
46 79
46 81
46 85
46 96
46 108
47 47
47 51
47 53
47 93
47 96
47 97
47 98
47 110
47 111
48 48
48 49
48 50
48 51
48 52
48 53
48 58
48 59
48 66
48 67
48 90
49 49
49 51
49 53
49 58
49 59
49 61
49 66
49 67
49 90
49 91
49 92
49 100
49 101
49 102
49 103
49 104
49 107
49 114
50 50
50 51
50 65
50 66
50 67
50 85
50 88
51 51
51 53
51 59
51 65
51 66
51 67
51 90
51 91
51 92
51 100
52 52
52 54
52 58
52 59
52 60
52 88
52 89
53 53
54 54
54 55
54 57
54 62
54 72
54 73
54 74
54 75
54 76
54 77
54 78
54 79
54 81
54 83
54 84
54 85
54 86
54 87
54 89
54 115
55 55
55 72
55 73
55 74
55 75
55 76
55 77
55 78
55 79
55 85
55 95
55 96
55 108
55 113
56 56
56 57
56 60
56 68
56 79
56 80
56 81
56 98
56 99
56 111
57 57
57 60
57 62
57 63
57 72
57 73
57 74
57 75
57 76
57 77
57 78
57 79
57 80
57 81
57 82
57 83
57 98
57 111
57 115
58 58
58 59
58 60
58 61
58 67
58 90
58 91
58 92
58 93
58 102
58 103
58 104
58 105
59 59
59 61
59 65
59 67
59 90
59 91
59 92
59 93
59 101
59 102
59 103
59 104
59 105
60 60
60 61
60 62
60 63
60 80
60 83
60 88
61 61
61 63
61 65
61 90
61 91
61 92
61 102
61 103
61 104
61 114
62 62
62 63
62 72
62 73
62 74
62 75
62 76
62 77
62 78
62 79
62 80
62 81
62 83
63 63
63 72
63 73
63 75
63 76
63 77
63 78
63 79
63 80
63 81
63 83
64 64
64 69
64 82
64 84
64 85
64 87
64 88
64 113
65 65
65 67
65 90
65 91
65 92
65 93
65 102
65 103
65 104
66 66
66 67
66 100
67 67
67 90
67 91
67 92
67 93
67 97
67 100
67 101
67 102
67 103
67 104
67 105
67 106
67 110
68 68
68 69
69 69
69 82
69 84
69 90
69 91
70 70
70 71
70 72
70 73
70 74
70 75
70 76
70 77
71 71
71 72
71 73
71 74
71 75
71 76
71 77
71 83
71 87
72 72
72 73
72 74
72 75
72 76
72 77
72 78
72 79
72 80
72 81
72 83
72 85
72 115
73 73
73 74
73 75
73 76
73 77
73 78
73 79
73 80
73 81
73 83
73 85
74 74
74 75
74 76
74 77
74 78
74 79
74 80
74 81
74 83
74 85
74 86
74 87
75 75
75 76
75 77
75 78
75 79
75 80
75 81
75 83
75 85
75 115
76 76
76 77
76 78
76 79
76 80
76 81
76 83
76 85
76 86
76 87
76 96
77 77
77 78
77 79
77 80
77 81
77 83
77 85
77 86
77 115
78 78
78 79
78 80
78 81
78 83
78 84
78 85
78 115
79 79
79 80
79 81
79 83
79 85
79 115
80 80
80 81
80 83
80 115
81 81
81 83
81 84
81 85
81 98
81 115
82 82
82 83
82 84
82 86
82 87
82 88
82 89
82 115
83 83
83 87
83 88
83 89
83 115
84 84
84 85
84 86
84 87
84 88
84 89
85 85
85 86
85 87
85 89
85 96
85 113
85 115
86 86
86 87
86 89
86 115
87 87
87 88
87 89
87 109
88 88
88 89
89 89
90 90
90 91
90 92
90 93
90 97
90 100
90 101
90 102
90 103
90 104
90 105
90 106
90 107
91 91
91 92
91 93
91 97
91 99
91 100
91 101
91 102
91 103
91 104
91 105
91 107
91 110
91 111
92 92
92 93
92 94
92 100
92 101
92 102
92 103
92 104
92 107
92 110
92 114
93 93
93 94
93 98
93 99
93 100
93 101
93 102
93 103
93 104
93 110
93 111
93 112
94 94
94 96
94 97
94 99
94 100
94 101
94 102
94 103
94 107
94 110
95 95
95 96
95 101
95 107
95 108
95 109
95 111
95 114
96 96
96 98
96 99
96 108
96 110
96 111
96 112
96 113
97 97
97 99
97 103
97 104
97 105
97 106
97 110
97 111
98 98
98 99
98 102
98 110
98 111
98 112
99 99
99 102
99 104
99 110
99 111
99 112
99 113
100 100
100 101
100 102
100 103
100 104
100 109
101 101
101 102
101 103
101 104
101 107
101 109
101 110
101 111
102 102
102 103
102 104
102 105
102 106
102 107
102 110
102 111
103 103
103 104
103 105
103 106
103 107
103 110
104 104
104 105
104 107
105 105
105 106
105 107
106 106
106 107
106 110
107 107
107 109
107 110
108 108
108 109
108 114
109 109
109 114
110 110
110 111
111 111
111 112
111 113
112 112
112 113
113 113
114 114
115 115
