0 0
0 14
0 16
0 18
0 34
0 36
0 38
0 54
0 55
0 56
0 58
0 60
0 62
0 68
0 76
0 78
0 80
0 81
0 82
0 83
0 84
0 85
0 86
0 87
0 88
0 89
0 91
0 98
0 99
0 112
1 1
1 17
1 29
1 37
1 39
1 41
1 57
1 59
1 73
1 74
1 77
1 79
1 81
1 82
1 90
1 98
2 2
2 3
2 4
2 5
2 6
2 7
2 8
2 18
2 22
2 23
2 24
2 25
2 26
2 27
2 28
2 30
2 31
2 44
2 45
2 48
2 49
2 50
2 51
2 64
2 65
2 67
3 3
3 4
3 5
3 6
3 7
3 8
3 11
3 13
3 14
3 19
3 20
3 21
3 22
3 23
3 24
3 25
3 26
3 27
3 31
3 45
3 64
3 65
3 67
3 85
3 92
3 108
4 4
4 5
4 6
4 7
4 8
4 9
4 11
4 12
4 13
4 14
4 15
4 22
4 23
4 24
4 25
4 26
4 27
4 28
4 30
4 31
4 48
4 50
4 51
4 64
4 65
4 69
5 5
5 6
5 7
5 8
5 14
5 18
5 19
5 20
5 21
5 22
5 23
5 24
5 25
5 26
5 27
5 31
5 34
5 43
5 48
5 50
5 64
5 65
5 69
5 85
5 88
5 92
5 108
6 6
6 7
6 8
6 11
6 12
6 13
6 22
6 23
6 24
6 25
6 27
6 28
6 30
6 31
6 48
6 50
6 64
6 65
6 69
6 92
7 7
7 8
7 11
7 12
7 13
7 20
7 21
7 23
7 24
7 25
7 26
7 27
7 44
7 45
7 48
7 50
7 51
7 59
7 61
7 64
7 65
7 67
7 69
7 92
7 100
8 8
8 9
8 11
8 12
8 13
8 14
8 15
8 22
8 23
8 24
8 30
8 31
8 50
8 60
8 61
8 64
8 65
8 69
8 92
8 100
9 9
9 11
9 13
9 14
9 15
9 24
9 29
9 30
9 36
9 40
9 52
9 64
9 78
9 92
9 94
9 109
9 111
10 10
10 11
10 12
10 13
10 28
10 40
10 48
10 49
10 51
10 52
10 58
10 59
10 60
10 61
10 62
10 63
10 70
10 72
10 74
11 11
11 12
11 13
11 15
11 20
11 24
11 28
11 29
11 31
11 61
11 64
11 65
11 92
11 100
12 12
12 13
12 28
12 48
12 50
12 52
12 60
12 64
12 65
12 92
13 13
13 15
13 24
13 29
13 50
13 61
13 64
13 65
13 92
13 100
14 14
14 15
14 18
14 19
14 22
14 23
14 24
14 25
14 26
14 27
14 30
14 31
14 46
14 47
14 64
14 68
14 69
14 73
14 76
14 79
14 82
14 83
14 84
14 85
14 88
14 92
14 93
14 110
15 15
15 24
15 29
15 30
15 36
15 71
15 73
15 78
15 83
15 92
16 16
16 17
16 19
16 28
16 29
16 30
16 32
16 36
16 40
16 49
16 53
16 56
16 57
16 62
16 63
16 70
16 71
16 72
16 73
16 74
16 76
16 78
16 80
16 81
16 83
16 98
16 99
16 101
16 112
17 17
17 29
17 35
17 41
17 53
17 56
17 57
17 62
17 63
17 71
17 72
17 73
17 76
17 77
17 78
17 79
17 80
17 81
17 83
17 98
17 101
17 102
17 103
17 112
18 18
18 19
18 22
18 32
18 34
18 46
18 52
18 57
18 68
18 74
18 75
18 76
18 82
18 86
18 88
18 91
18 109
18 112
19 19
19 22
19 23
19 24
19 25
19 26
19 27
19 28
19 30
19 31
19 33
19 41
19 43
19 46
19 47
19 53
19 57
19 68
19 73
19 76
19 80
19 82
19 83
19 84
19 85
20 20
20 21
20 23
20 24
20 25
20 26
20 27
20 33
20 39
20 41
20 59
20 65
20 67
20 70
20 71
20 73
20 100
21 21
21 23
21 25
21 26
21 27
21 32
21 33
21 39
21 41
21 44
21 45
21 61
21 65
21 67
22 22
22 23
22 24
22 25
22 26
22 27
22 30
22 31
22 50
22 64
22 69
22 84
22 85
22 88
22 92
22 93
23 23
23 24
23 25
23 26
23 27
23 30
23 31
23 43
23 50
23 64
23 65
23 69
23 84
23 85
23 92
24 24
24 25
24 26
24 27
24 28
24 30
24 31
24 33
24 48
24 50
24 64
24 65
24 69
24 71
24 73
25 25
25 26
25 27
25 30
25 31
25 32
25 33
25 41
25 50
25 64
25 65
25 69
26 26
26 27
26 31
26 43
26 46
26 47
26 69
26 82
26 84
26 88
26 110
27 27
27 31
27 33
27 43
27 46
27 47
27 50
27 65
27 69
27 85
27 110
28 28
28 30
28 31
28 33
28 40
28 41
28 49
28 62
28 63
28 70
28 71
28 72
28 73
28 74
28 76
28 78
28 80
29 29
29 35
29 37
29 40
29 41
29 56
29 61
29 62
29 63
29 71
29 72
29 73
29 76
29 77
29 78
29 79
29 80
29 81
29 83
29 98
29 101
29 103
30 30
30 31
30 32
30 40
30 41
30 70
30 71
30 72
30 73
30 74
30 76
30 78
30 101
31 31
31 33
31 43
31 45
31 50
31 64
31 65
31 72
31 74
31 78
32 32
32 33
32 34
32 41
32 56
32 62
32 63
32 71
32 74
32 75
32 78
32 80
33 33
33 34
33 41
33 56
33 71
33 75
33 80
34 34
34 35
34 46
34 104
35 35
35 37
35 46
35 47
35 52
35 54
35 55
35 56
35 58
35 61
35 62
35 63
35 77
35 80
35 81
35 83
35 98
35 101
35 103
35 110
36 36
36 37
36 38
36 40
36 46
36 52
36 53
36 54
36 55
36 57
36 72
36 76
36 78
36 80
36 81
36 82
36 84
36 88
36 90
36 91
36 94
36 95
36 96
36 97
36 98
36 99
36 109
36 110
36 111
36 112
37 37
37 38
37 39
37 40
37 46
37 47
37 52
37 53
37 54
37 55
37 57
37 66
37 67
37 68
37 76
37 77
37 79
37 81
37 88
37 90
37 91
37 94
37 95
37 96
37 97
37 98
37 109
37 110
37 111
37 112
38 38
38 39
38 46
38 47
38 53
38 54
38 55
38 56
38 57
38 58
38 68
38 76
38 77
38 81
38 82
38 83
38 86
38 87
38 88
38 89
38 90
38 94
38 95
38 96
38 97
38 98
38 108
38 109
38 110
39 39
39 47
39 53
39 54
39 55
39 59
39 67
39 68
39 77
39 86
39 87
39 88
39 89
39 90
39 94
39 95
39 96
39 97
39 108
39 109
39 110
40 40
40 42
40 43
40 46
40 51
40 52
40 53
40 55
40 62
40 63
40 66
40 70
40 72
40 73
40 76
40 78
40 79
40 80
40 81
40 91
40 94
40 95
40 96
40 98
40 99
40 109
40 111
40 112
41 41
41 53
41 62
41 71
41 72
41 73
41 74
41 76
41 77
41 79
41 101
42 42
42 43
42 44
42 45
42 46
42 48
42 49
42 50
42 51
42 52
42 78
42 95
42 99
42 111
42 112
43 43
43 44
43 45
43 46
43 47
43 48
43 49
43 51
43 52
43 53
43 96
43 110
44 44
44 45
44 48
44 49
44 50
44 51
44 63
44 67
44 99
45 45
45 48
45 49
45 50
45 51
45 59
45 61
45 62
45 63
45 65
45 67
46 46
46 47
46 52
46 53
46 57
46 68
46 77
46 81
46 82
46 84
46 88
46 90
46 94
46 96
46 98
46 109
46 110
46 111
47 47
47 52
47 53
47 55
47 67
47 68
47 69
47 77
47 79
47 81
47 82
47 84
47 90
47 94
47 96
47 98
47 109
47 110
48 48
48 49
48 50
48 51
48 52
48 60
48 61
48 65
48 67
49 49
49 51
49 53
49 62
49 63
49 66
49 67
49 69
49 70
49 72
49 73
49 90
49 91
49 99
50 50
50 64
50 65
50 85
50 92
51 51
51 52
51 53
51 55
51 59
51 61
51 63
51 66
51 67
51 70
51 72
51 96
51 111
52 52
52 54
52 55
52 58
52 59
52 60
52 62
52 63
52 66
52 67
52 81
52 90
52 94
52 95
52 96
52 98
52 109
52 110
52 111
53 53
53 55
53 56
53 57
53 63
53 66
53 68
53 69
53 70
53 73
53 76
53 79
53 80
53 81
53 82
53 90
53 91
53 94
53 98
53 109
53 110
53 111
54 54
54 55
54 58
54 60
54 86
54 87
54 88
54 89
54 94
54 95
54 96
54 97
54 98
54 99
54 102
54 104
54 106
54 108
54 112
54 114
55 55
55 58
55 63
55 66
55 68
55 86
55 87
55 88
55 89
55 94
55 95
55 96
55 97
55 99
55 108
55 109
55 110
55 111
55 112
55 114
56 56
56 57
56 62
56 68
56 76
56 78
56 80
56 81
56 82
56 83
56 99
56 112
57 57
57 73
57 75
57 76
57 77
57 79
57 81
57 82
57 83
57 88
57 98
57 102
57 104
57 111
57 112
57 114
58 58
58 59
58 60
58 61
58 62
58 63
58 66
58 74
58 86
58 91
58 95
58 98
58 99
58 100
58 101
58 102
58 103
58 106
58 107
58 112
58 113
58 114
58 115
59 59
59 60
59 61
59 63
59 66
59 67
59 74
59 95
59 106
59 108
60 60
60 61
60 62
60 63
60 64
60 66
60 86
60 91
60 100
60 108
60 113
61 61
61 62
61 63
61 65
61 66
61 67
61 100
61 108
62 62
62 63
62 66
62 72
62 74
62 76
62 78
62 80
62 81
62 83
62 98
62 100
62 101
62 103
63 63
63 66
63 67
63 70
63 72
63 80
63 81
63 90
63 98
63 100
63 101
64 64
64 65
64 92
65 65
65 67
65 69
65 92
66 66
66 67
66 73
66 74
66 91
66 95
66 97
66 98
66 99
66 100
66 101
66 108
66 111
67 67
67 69
67 90
67 97
67 100
67 108
67 109
67 110
68 68
68 69
68 76
68 80
68 82
68 86
68 88
68 94
68 96
68 97
68 109
68 110
68 111
69 69
69 77
69 79
69 110
70 70
70 71
70 72
70 73
70 74
70 76
70 101
70 102
71 71
71 72
71 73
72 72
72 73
72 74
72 76
72 78
72 101
73 73
73 74
73 76
73 77
73 79
73 98
73 101
74 74
74 76
75 75
75 88
75 104
75 106
75 112
75 114
76 76
76 77
76 78
76 79
76 80
76 81
76 82
76 83
76 91
76 98
76 112
77 77
77 79
77 81
77 82
77 83
77 84
77 90
77 93
77 98
77 109
77 110
78 78
78 80
78 81
78 95
78 99
78 101
78 112
79 79
79 80
79 81
79 82
79 83
79 84
79 90
79 98
79 110
80 80
80 81
80 82
80 83
80 84
80 98
81 81
81 82
81 83
81 84
81 90
81 98
82 82
82 83
82 84
82 86
82 87
82 88
82 89
82 90
82 91
82 93
82 94
82 98
82 109
82 110
83 83
83 84
83 86
83 87
83 90
83 101
84 84
84 85
84 87
84 88
84 90
84 91
84 92
84 93
84 113
85 85
85 86
85 88
85 89
85 92
86 86
86 87
86 88
86 89
86 94
86 97
86 108
86 109
86 110
86 113
86 114
87 87
87 88
87 89
87 91
87 93
87 94
87 102
87 107
87 108
87 113
87 114
88 88
88 89
88 92
88 94
88 95
88 96
88 97
88 108
88 109
88 110
88 111
88 112
89 89
89 90
89 94
89 95
89 97
89 106
89 108
89 109
89 114
90 90
90 91
90 94
90 98
90 109
90 110
91 91
91 93
91 94
91 98
91 99
91 101
91 111
91 112
91 113
92 92
92 93
92 96
92 109
92 111
92 113
93 93
93 100
93 101
93 102
93 103
93 113
94 94
94 95
94 96
94 97
94 98
94 99
94 108
94 109
94 110
94 111
94 112
95 95
95 96
95 97
95 98
95 99
95 104
95 108
95 109
95 111
95 112
95 114
95 115
96 96
96 97
96 98
96 99
96 108
96 109
96 110
96 111
96 112
97 97
97 99
97 108
97 109
97 110
97 111
97 112
98 98
98 99
98 101
98 109
98 110
98 111
98 112
99 99
99 104
99 108
99 111
99 112
99 114
99 115
100 100
100 101
100 102
100 103
100 113
101 101
101 102
101 103
101 105
101 106
101 107
101 113
102 102
102 103
102 104
102 105
102 106
102 107
102 112
102 113
102 114
102 115
103 103
103 104
103 105
103 106
103 107
103 113
103 114
103 115
104 104
104 105
104 106
104 107
104 112
104 114
104 115
105 105
105 106
105 107
105 112
105 113
105 114
105 115
106 106
106 107
106 114
106 115
107 107
107 113
107 114
107 115
108 108
108 109
108 111
109 109
109 110
109 111
110 110
110 111
111 111
111 112
112 112
112 114
112 115
113 113
113 114
114 114
114 115
115 115
