0 0
0 1
0 6
0 10
0 11
0 18
0 19
0 53
0 56
0 57
0 60
0 62
0 63
0 68
0 70
0 75
0 77
0 80
0 81
0 84
0 90
1 1
1 18
1 19
1 52
1 56
1 57
1 60
1 68
1 69
1 91
2 2
2 3
2 4
2 6
2 7
2 8
2 12
2 14
2 15
2 22
2 23
2 24
2 25
2 28
2 29
2 30
2 31
2 36
2 72
2 73
2 74
2 82
2 83
2 96
3 3
3 4
3 5
3 6
3 7
3 8
3 9
3 14
3 15
3 22
3 23
3 24
3 25
3 26
3 30
3 41
3 50
3 54
3 65
3 82
3 83
3 86
3 102
4 4
4 5
4 7
4 8
4 9
4 14
4 15
4 22
4 23
4 24
4 25
4 26
4 27
4 30
4 36
4 40
4 64
4 65
4 74
4 82
4 106
5 5
5 9
5 15
5 22
5 23
5 24
5 25
5 26
5 27
5 30
5 45
5 48
5 50
5 51
5 52
5 65
5 67
5 86
5 87
5 92
5 94
5 104
5 106
6 6
6 7
6 17
6 18
6 19
6 38
6 42
6 50
6 54
6 63
6 70
6 73
6 74
6 75
6 82
6 83
6 84
6 102
7 7
7 13
7 14
7 15
7 22
7 23
7 24
7 25
7 26
7 31
7 44
7 48
7 50
7 51
7 61
7 63
7 65
7 67
7 77
7 82
7 83
7 86
7 102
8 8
8 9
8 14
8 15
8 22
8 23
8 24
8 25
8 26
8 30
8 36
8 40
8 64
8 65
8 74
8 82
8 83
8 86
8 88
9 9
9 14
9 15
9 22
9 23
9 24
9 25
9 26
9 30
9 31
9 45
9 50
9 86
9 94
9 95
9 104
9 106
9 108
9 114
10 10
10 11
10 12
10 13
10 16
10 17
10 28
10 33
10 37
10 39
10 56
10 60
10 62
10 63
10 70
10 71
10 72
10 74
10 75
10 76
10 77
10 78
10 79
10 80
10 81
10 84
10 90
10 98
10 100
11 11
11 12
11 13
11 16
11 17
11 31
11 33
11 60
11 61
11 62
11 63
11 65
11 71
11 74
11 75
11 76
11 77
11 79
11 80
11 81
12 12
12 13
12 16
12 17
12 28
12 29
12 31
12 37
12 71
12 72
12 73
12 74
12 76
12 77
12 78
12 80
12 81
12 101
13 13
13 16
13 17
13 28
13 29
13 30
13 31
13 33
13 34
13 46
13 60
13 71
13 72
13 73
13 74
13 75
13 76
13 78
13 97
14 14
14 15
14 22
14 23
14 24
14 25
14 26
14 36
14 38
14 41
14 54
14 64
14 65
14 74
14 82
14 83
14 84
14 86
14 88
15 15
15 22
15 23
15 24
15 25
15 26
15 30
15 36
15 38
15 40
15 41
15 54
15 59
15 65
15 66
15 82
15 83
15 86
15 87
15 88
15 106
16 16
16 17
16 28
16 29
16 30
16 31
16 34
16 37
16 56
16 62
16 70
16 71
16 72
16 73
16 74
16 76
16 77
16 78
16 79
16 80
16 81
16 93
16 95
16 97
16 98
16 99
16 101
16 108
16 109
16 110
16 111
16 112
16 114
17 17
17 28
17 29
17 31
17 33
17 34
17 47
17 53
17 55
17 62
17 63
17 71
17 72
17 73
17 76
17 77
17 78
17 79
17 80
17 81
17 98
17 99
17 101
17 110
17 111
18 18
18 19
18 42
18 53
18 56
18 57
18 60
18 62
18 63
18 70
18 81
18 84
18 91
18 99
19 19
19 21
19 32
19 42
19 50
19 52
19 53
19 56
19 57
19 62
19 63
19 68
19 69
19 70
19 84
19 90
19 91
19 102
20 20
20 21
20 32
20 40
20 44
20 48
20 49
20 59
20 88
20 103
20 104
20 106
20 107
21 21
21 32
21 38
21 39
21 40
21 41
21 42
21 43
21 47
21 75
21 80
21 81
21 105
21 107
22 22
22 23
22 24
22 25
22 26
22 27
22 30
22 31
22 36
22 54
22 64
22 65
22 72
22 74
22 86
22 96
22 106
23 23
23 24
23 25
23 26
23 28
23 30
23 36
23 54
23 72
23 74
23 86
23 96
24 24
24 25
24 26
24 27
24 29
24 30
24 36
24 40
24 65
24 74
24 96
24 106
25 25
25 26
25 27
25 30
25 31
25 36
25 50
25 51
25 52
25 65
25 67
25 86
25 87
25 96
25 106
26 26
26 27
26 35
26 48
26 49
26 50
26 51
26 52
26 54
26 61
26 64
26 65
26 66
26 67
26 82
26 83
26 86
26 87
26 88
26 106
27 27
27 35
27 50
27 51
27 52
27 61
27 64
27 65
27 67
27 68
27 85
27 86
27 87
27 106
28 28
28 29
28 31
28 34
28 36
28 37
28 40
28 41
28 71
28 72
28 73
28 74
28 76
28 78
28 80
28 81
28 99
28 114
28 115
29 29
29 31
29 33
29 34
29 37
29 41
29 55
29 71
29 72
29 73
29 74
29 76
29 78
29 79
29 81
29 98
29 109
30 30
30 31
30 36
30 37
30 65
30 71
30 72
30 73
30 74
30 76
30 95
30 96
30 97
30 106
30 109
30 112
31 31
31 33
31 37
31 63
31 71
31 72
31 73
31 74
31 76
31 77
31 78
31 79
31 95
31 96
31 97
31 98
31 109
31 112
32 32
32 33
32 34
32 44
32 45
32 46
32 47
32 53
32 56
32 60
32 80
32 81
32 91
32 105
32 107
32 114
32 115
33 33
33 34
33 35
33 45
33 60
33 61
33 63
33 64
33 79
33 80
33 81
34 34
34 55
34 72
34 78
34 79
34 80
34 81
34 95
34 97
34 99
34 105
34 108
34 110
34 111
34 113
34 114
34 115
35 35
35 39
35 61
35 64
35 65
35 66
35 67
35 77
35 82
35 83
35 100
36 36
36 37
36 54
36 72
36 78
36 86
36 87
36 93
36 96
36 109
37 37
37 38
37 39
37 41
37 55
37 62
37 63
37 70
37 71
37 72
37 73
37 74
37 76
37 77
37 79
37 80
37 81
37 83
37 95
37 96
37 97
37 98
37 100
37 109
37 110
37 111
37 112
38 38
38 39
38 41
38 54
38 55
38 61
38 77
38 80
38 82
38 83
38 84
38 86
38 87
38 88
38 89
39 39
39 41
39 55
39 61
39 62
39 63
39 65
39 77
39 79
39 80
39 82
39 83
39 84
39 88
39 89
39 96
40 40
40 57
40 58
40 59
40 61
40 66
40 69
40 80
40 88
40 94
40 104
40 105
40 106
40 107
41 41
41 62
41 63
41 73
41 80
41 81
41 83
41 84
41 96
41 109
42 42
42 43
42 46
42 47
42 50
42 51
42 52
42 53
42 75
42 85
42 90
42 92
42 98
42 102
42 110
42 111
43 43
43 45
43 46
43 47
43 51
43 53
43 55
43 71
43 75
43 95
43 97
43 98
43 99
43 108
43 110
43 111
43 112
43 113
43 114
43 115
44 44
44 45
44 48
44 49
44 50
44 51
44 52
44 53
44 59
44 66
44 67
44 103
44 104
44 107
45 45
45 46
45 47
45 48
45 49
45 50
45 51
45 52
45 53
45 67
45 104
46 46
46 47
46 51
46 53
46 55
46 92
46 93
46 95
46 96
46 97
46 98
46 99
46 108
46 110
46 111
46 112
46 113
46 114
46 115
47 47
47 51
47 53
47 55
47 70
47 75
47 79
47 85
47 90
47 92
47 98
47 102
47 110
47 111
48 48
48 49
48 50
48 51
48 52
48 59
48 61
48 65
48 66
48 67
48 103
48 104
48 106
48 107
49 49
49 50
49 51
49 52
49 53
49 59
49 66
49 103
49 104
49 107
50 50
50 51
50 52
50 65
50 67
50 86
50 90
50 103
50 104
50 106
51 51
51 52
51 53
51 65
51 66
51 67
51 103
51 104
52 52
52 67
52 69
52 87
52 90
52 91
52 92
52 104
52 106
53 53
53 56
53 57
53 70
53 75
53 80
53 81
53 91
53 93
53 98
53 99
53 103
53 104
53 105
53 107
53 108
53 111
53 114
53 115
54 54
54 55
54 66
54 82
54 83
54 86
54 87
54 88
54 89
54 96
55 55
55 70
55 72
55 78
55 79
55 80
55 81
55 89
55 95
55 96
55 97
55 98
55 99
55 108
55 109
55 110
55 111
55 113
55 115
56 56
56 57
56 60
56 62
56 63
56 68
56 70
56 80
56 81
56 84
56 90
56 91
57 57
57 58
57 59
57 60
57 69
57 80
57 89
57 94
57 104
57 105
57 107
57 113
57 114
57 115
58 58
58 59
58 61
58 65
58 66
58 67
58 69
58 87
58 88
58 89
58 94
58 104
58 105
58 106
58 107
58 115
59 59
59 61
59 66
59 67
59 69
59 86
59 87
59 88
59 89
59 94
59 103
59 104
59 105
59 106
59 107
59 115
60 60
60 61
60 62
60 63
60 64
60 75
60 79
60 80
60 84
61 61
61 64
61 65
61 66
61 67
61 77
61 82
61 83
61 87
61 88
61 89
61 106
62 62
62 63
62 70
62 73
62 76
62 77
62 79
62 80
62 81
62 83
62 84
62 85
62 90
62 91
62 100
62 109
63 63
63 73
63 74
63 75
63 76
63 77
63 79
63 81
63 82
63 83
63 84
63 102
63 109
64 64
64 65
64 67
64 79
64 82
64 84
64 100
65 65
65 66
65 67
65 82
65 83
65 86
65 87
65 88
65 106
66 66
66 67
66 69
66 86
66 87
66 88
66 89
66 94
66 103
66 104
66 105
66 106
66 107
67 67
67 69
67 86
67 87
67 88
67 94
67 96
67 106
68 68
68 69
68 85
68 91
68 92
68 93
68 97
68 108
68 113
68 114
69 69
69 88
69 90
69 91
69 92
69 93
69 94
69 103
69 104
69 105
69 106
69 107
70 70
70 71
70 72
70 76
70 77
70 78
70 80
70 81
70 90
70 91
70 93
70 95
70 97
70 98
70 99
70 108
70 109
70 110
70 111
70 112
71 71
71 72
71 73
71 74
71 75
71 76
71 77
71 78
71 79
71 81
71 95
71 97
71 98
71 99
71 108
71 109
71 110
71 111
71 112
71 113
71 114
71 115
72 72
72 73
72 74
72 76
72 78
72 80
72 81
72 95
72 97
72 98
72 99
72 108
72 109
72 111
72 112
72 115
73 73
73 74
73 75
73 76
73 77
73 79
73 95
73 97
73 98
73 109
73 111
73 112
74 74
74 75
74 76
74 78
74 79
74 109
75 75
75 76
75 77
75 80
75 81
76 76
76 77
76 78
76 79
76 80
76 81
76 98
76 100
76 109
77 77
77 79
77 80
77 82
77 83
77 84
77 90
77 100
77 102
78 78
78 80
78 81
78 95
78 97
78 98
78 99
78 101
78 108
78 109
78 110
78 111
78 112
78 113
78 114
78 115
79 79
79 80
79 81
79 100
79 109
80 80
80 81
80 84
80 107
81 81
81 84
81 95
81 97
81 99
81 108
81 109
81 110
81 111
81 112
81 113
81 114
81 115
82 82
82 83
82 84
82 86
82 87
82 88
82 102
83 83
83 84
83 86
83 88
84 84
84 85
85 85
85 97
85 110
86 86
86 87
86 88
86 89
86 102
86 104
86 106
87 87
87 88
87 89
87 96
87 100
87 106
88 88
88 89
88 102
89 89
90 90
90 91
90 92
90 93
90 98
90 100
90 102
90 103
90 112
91 91
91 92
91 93
91 94
91 98
91 99
91 103
91 104
91 105
91 107
91 108
91 111
91 112
91 114
91 115
92 92
92 93
92 94
92 100
93 93
93 94
93 95
93 97
93 98
93 99
93 101
93 102
93 103
93 104
93 105
93 108
93 109
93 110
93 111
93 112
93 113
93 114
93 115
94 94
94 103
94 104
94 105
94 106
94 107
94 108
94 114
94 115
95 95
95 96
95 97
95 98
95 99
95 108
95 109
95 110
95 111
95 112
95 113
95 114
95 115
96 96
96 97
96 98
96 109
96 110
96 111
96 112
97 97
97 98
97 99
97 108
97 109
97 110
97 111
97 112
97 113
97 114
97 115
98 98
98 99
98 108
98 109
98 110
98 111
98 112
98 113
98 115
99 99
99 108
99 109
99 110
99 111
99 112
99 113
99 114
99 115
100 100
100 102
101 101
102 102
103 103
103 104
103 105
103 107
103 114
103 115
104 104
104 105
104 106
104 107
104 108
104 113
104 114
104 115
105 105
105 107
105 108
105 113
105 114
105 115
106 106
107 107
107 113
107 114
107 115
108 108
108 109
108 110
108 111
108 112
108 113
108 114
108 115
109 109
109 110
109 111
109 112
109 113
110 110
110 111
110 112
110 113
110 114
110 115
111 111
111 112
111 113
111 114
111 115
112 112
112 113
112 114
112 115
113 113
113 114
113 115
114 114
114 115
115 115
