0 0
0 1
0 10
0 12
0 14
0 19
0 26
0 52
0 56
0 57
0 58
0 60
0 63
0 68
0 69
0 79
0 90
0 91
0 94
0 105
0 106
0 111
0 114
1 1
1 32
1 37
1 39
1 48
1 57
1 58
1 59
1 61
1 63
1 65
1 79
1 86
1 89
1 95
1 96
1 100
1 101
1 102
1 103
1 104
1 113
1 115
2 2
2 4
2 6
2 7
2 8
2 10
2 12
2 14
2 18
2 22
2 23
2 26
2 30
2 34
2 35
2 44
2 48
2 50
2 60
2 64
2 66
2 67
2 93
2 106
2 107
3 3
3 5
3 7
3 22
3 23
3 31
3 83
3 85
3 86
3 87
3 88
3 89
3 92
3 94
3 96
3 97
3 110
3 113
4 4
4 5
4 6
4 7
4 8
4 9
4 11
4 14
4 15
4 19
4 20
4 22
4 23
4 24
4 25
4 26
4 30
4 31
4 34
4 35
4 44
4 64
4 65
4 71
4 91
4 106
4 107
5 5
5 7
5 9
5 11
5 22
5 23
5 24
5 25
5 26
5 27
5 30
5 31
5 34
5 45
5 65
5 67
5 110
6 6
6 7
6 8
6 12
6 13
6 14
6 15
6 16
6 18
6 19
6 20
6 28
6 30
6 31
6 44
6 49
6 60
6 62
6 64
6 67
6 70
6 71
6 74
6 82
6 107
7 7
7 8
7 9
7 11
7 15
7 18
7 19
7 23
7 31
7 42
7 44
7 45
7 64
7 65
7 66
7 67
7 70
7 92
7 107
8 8
8 9
8 11
8 14
8 15
8 18
8 19
8 20
8 23
8 26
8 31
8 42
8 60
8 64
8 70
8 71
8 91
8 93
8 105
8 106
8 107
9 9
9 11
9 15
9 20
9 23
9 26
9 31
9 42
9 44
9 45
9 56
9 60
9 64
9 65
9 66
9 67
9 92
9 105
9 106
9 107
9 114
10 10
10 12
10 14
10 17
10 21
10 22
10 27
10 28
10 34
10 35
10 48
10 49
10 50
10 51
11 11
11 15
11 45
11 64
11 65
11 67
11 75
11 92
11 100
12 12
12 13
12 16
12 28
12 42
12 43
12 44
12 46
12 47
12 48
12 49
12 50
12 51
12 53
12 60
12 90
12 98
12 105
12 111
13 13
13 15
13 20
13 28
13 29
13 33
13 42
13 44
13 46
13 47
13 49
13 51
13 52
13 53
13 63
13 71
13 72
13 111
13 112
14 14
14 15
14 18
14 19
14 22
14 23
14 26
14 60
14 64
14 88
14 91
15 15
15 18
15 19
15 20
15 23
15 25
15 29
15 30
15 31
15 33
15 42
15 44
15 45
15 46
15 64
15 65
15 67
15 71
15 78
15 107
15 111
16 16
16 18
16 19
16 28
16 46
16 53
16 56
16 57
16 62
16 70
16 78
16 80
16 81
16 107
17 17
17 28
17 29
17 33
17 36
17 37
17 38
17 39
17 40
17 41
17 49
17 51
17 52
17 53
17 57
17 63
17 72
17 73
17 76
17 77
17 79
17 80
17 81
17 82
17 83
17 87
17 101
17 102
17 112
17 113
18 18
18 19
18 20
18 28
18 30
18 31
18 62
18 64
18 71
18 74
18 82
18 107
19 19
19 23
19 28
19 31
19 33
19 49
19 56
19 69
19 70
19 71
19 82
19 83
19 91
19 105
20 20
20 24
20 25
20 28
20 29
20 30
20 31
20 41
20 70
20 71
20 72
20 73
20 74
20 75
20 82
20 95
20 99
20 108
20 109
21 21
21 25
21 27
21 28
21 29
21 36
21 38
21 40
21 51
21 54
21 71
21 72
21 78
21 80
21 81
21 82
21 83
21 100
21 102
22 22
22 23
22 24
22 25
22 26
22 27
22 30
22 31
22 34
22 35
22 48
22 58
22 59
22 86
22 88
22 94
22 105
22 106
22 107
22 114
23 23
23 24
23 25
23 26
23 30
23 31
23 64
23 67
23 91
23 94
23 105
23 114
24 24
24 25
24 26
24 30
24 31
24 39
24 56
24 75
24 94
24 105
24 106
24 107
25 25
25 26
25 27
25 28
25 29
25 30
25 31
25 33
25 34
25 36
25 38
25 40
25 44
25 71
25 72
25 78
25 80
25 81
25 82
25 83
26 26
26 27
26 30
26 31
26 56
26 64
26 65
26 91
26 94
26 106
27 27
27 28
27 36
27 38
27 40
27 48
27 54
27 72
27 79
27 80
27 81
27 82
27 83
27 85
27 86
27 87
27 88
27 89
27 96
27 97
27 102
27 110
28 28
28 29
28 30
28 31
28 33
28 36
28 38
28 40
28 62
28 71
28 72
28 73
28 74
28 78
28 80
28 81
28 82
28 83
29 29
29 33
29 36
29 37
29 38
29 40
29 41
29 46
29 51
29 53
29 71
29 72
29 73
29 74
29 75
29 76
29 77
29 78
29 80
29 81
29 82
29 83
29 95
29 101
29 108
29 111
29 112
30 30
30 31
30 33
30 34
30 44
30 64
30 71
30 82
30 107
31 31
31 33
31 64
31 71
31 82
31 83
32 32
32 33
32 34
32 57
32 59
32 66
32 78
32 79
32 81
32 85
32 93
32 101
32 102
32 103
32 104
33 33
33 35
33 36
33 37
33 38
33 40
33 41
33 70
33 71
33 72
33 73
33 74
33 76
33 77
33 78
33 80
33 81
33 82
33 83
34 34
34 35
34 44
34 45
34 67
34 71
34 85
34 100
35 35
35 44
35 45
35 48
35 76
35 101
35 109
35 110
36 36
36 38
36 40
36 41
36 54
36 71
36 72
36 73
36 76
36 77
36 78
36 80
36 81
36 82
36 83
36 85
36 86
36 87
36 89
36 96
36 97
37 37
37 38
37 39
37 40
37 41
37 55
37 57
37 59
37 72
37 73
37 74
37 75
37 76
37 77
37 79
37 85
37 87
37 89
37 95
37 96
37 97
37 99
37 101
37 102
37 103
37 104
37 108
37 109
37 110
37 112
37 113
37 115
38 38
38 39
38 40
38 41
38 54
38 59
38 72
38 73
38 76
38 77
38 78
38 79
38 80
38 81
38 82
38 83
38 85
38 86
38 87
38 88
38 89
38 93
38 96
38 97
38 101
38 102
38 104
38 108
38 109
39 39
39 41
39 51
39 52
39 53
39 55
39 57
39 58
39 59
39 61
39 73
39 74
39 75
39 76
39 77
39 79
39 86
39 87
39 89
39 94
39 95
39 103
39 108
39 109
39 115
40 40
40 41
40 54
40 71
40 72
40 73
40 74
40 76
40 77
40 78
40 80
40 81
40 82
40 83
40 85
40 86
40 87
40 89
40 92
40 96
40 97
40 101
40 102
40 104
40 108
40 109
41 41
41 55
41 57
41 70
41 72
41 73
41 74
41 75
41 76
41 77
41 81
41 82
41 83
41 85
41 87
41 92
41 93
41 95
41 96
41 97
41 99
41 101
41 103
41 104
41 108
41 109
41 110
41 111
41 112
41 113
41 115
42 42
42 43
42 44
42 45
42 46
42 47
42 49
42 50
42 51
42 55
42 98
42 105
42 106
42 107
42 111
42 114
43 43
43 44
43 45
43 46
43 47
43 49
43 50
43 55
43 98
43 105
43 107
43 111
43 114
44 44
44 45
44 46
44 47
44 49
44 50
44 51
44 67
44 98
44 105
44 106
44 107
44 111
44 114
45 45
45 46
45 47
45 60
45 64
45 65
45 67
45 105
45 106
45 107
46 46
46 47
46 49
46 51
46 53
46 55
46 90
46 98
46 111
46 112
47 47
47 49
47 51
47 53
47 55
47 90
47 91
47 96
47 97
47 98
47 99
47 105
47 110
47 111
47 112
48 48
48 49
48 50
48 51
48 52
48 54
48 58
48 59
48 60
48 61
48 63
48 66
48 89
48 96
48 106
49 49
49 50
49 51
49 53
49 55
49 98
49 105
49 107
49 111
49 114
50 50
50 54
50 55
50 62
50 66
50 67
50 84
50 85
50 98
50 106
51 51
51 52
51 53
51 55
51 63
51 90
51 98
51 111
52 52
52 53
52 54
52 58
52 61
52 63
52 90
52 112
53 53
53 55
53 57
53 63
53 70
53 73
53 90
53 91
53 111
53 112
54 54
54 55
54 58
54 59
54 62
54 68
54 72
54 80
54 81
54 82
54 83
54 85
54 86
54 87
54 88
54 89
54 96
54 97
54 98
54 102
54 104
54 108
54 110
55 55
55 73
55 77
55 85
55 86
55 87
55 95
55 96
55 97
55 98
55 99
55 100
55 108
55 109
55 110
55 111
56 56
56 57
56 68
56 69
56 79
56 90
56 94
56 105
56 106
56 107
56 111
56 114
57 57
57 58
57 59
57 63
57 68
57 69
57 79
57 81
57 86
57 89
57 101
57 102
57 104
57 111
57 112
58 58
58 59
58 60
58 61
58 63
58 65
58 66
58 69
58 79
58 86
58 88
58 89
58 91
58 101
58 102
58 103
58 104
59 59
59 61
59 63
59 66
59 79
59 85
59 86
59 87
59 88
59 89
59 93
59 96
59 101
59 102
59 103
59 104
60 60
60 61
60 62
60 63
60 64
60 65
60 66
60 67
60 106
60 107
61 61
61 63
61 65
61 86
61 89
61 102
61 103
61 104
62 62
62 64
62 66
62 80
62 81
62 84
62 85
63 63
63 79
63 89
64 64
64 65
64 66
64 67
64 84
64 88
64 106
64 107
65 65
65 66
65 67
65 92
65 106
65 107
66 66
66 67
66 84
66 88
66 93
66 103
66 106
66 107
67 67
67 84
67 88
67 92
67 106
68 68
68 69
68 77
68 79
68 86
68 87
68 88
68 89
68 91
68 97
68 104
68 110
68 111
68 113
69 69
69 86
69 87
69 89
69 91
69 106
69 110
69 113
70 70
70 71
70 73
70 74
70 75
70 76
70 77
71 71
71 72
71 73
71 74
71 78
71 80
71 81
71 82
71 83
72 72
72 73
72 74
72 76
72 77
72 78
72 79
72 80
72 81
72 82
72 83
72 85
72 97
73 73
73 74
73 75
73 76
73 77
73 81
73 82
73 83
73 85
73 95
73 99
73 101
73 103
73 108
74 74
74 75
74 76
74 77
74 93
74 95
74 101
74 103
74 109
74 115
75 75
75 76
75 77
75 92
75 94
75 95
75 103
75 105
75 108
75 109
75 113
75 114
75 115
76 76
76 77
76 78
76 79
76 81
76 83
76 85
76 92
76 95
76 96
76 97
76 108
76 109
76 115
77 77
77 82
77 83
77 85
77 87
77 89
77 92
77 95
77 96
77 97
77 99
77 100
77 101
77 103
77 104
77 108
77 109
77 110
77 111
77 112
77 113
77 115
78 78
78 79
78 80
78 81
78 82
78 83
78 85
79 79
79 80
79 81
79 85
79 86
79 87
79 89
79 96
79 104
79 113
80 80
80 81
80 82
80 83
80 84
80 85
81 81
81 82
81 83
81 85
82 82
82 83
82 87
83 83
83 85
83 86
83 87
83 97
83 108
84 84
84 85
84 86
84 88
85 85
85 86
85 87
85 88
85 89
85 92
85 96
85 97
85 102
85 104
85 108
85 109
85 113
86 86
86 87
86 88
86 89
86 96
86 97
86 100
86 102
86 104
86 110
86 113
87 87
87 88
87 89
87 96
87 97
87 101
87 104
87 108
87 109
87 110
87 112
87 113
88 88
88 89
88 102
89 89
89 96
89 97
89 102
89 104
89 108
89 110
89 113
90 90
90 92
90 96
90 110
90 112
91 91
91 93
91 99
91 101
91 103
91 104
91 106
91 109
91 110
91 111
91 115
92 92
92 93
92 95
92 96
92 97
92 99
92 100
92 103
92 104
92 108
92 109
92 110
92 113
93 93
93 95
93 99
93 101
93 103
93 104
93 109
93 113
94 94
94 103
94 105
94 106
94 107
94 113
94 114
95 95
95 96
95 97
95 99
95 101
95 103
95 104
95 108
95 109
95 110
95 112
95 113
95 114
95 115
96 96
96 97
96 98
96 99
96 101
96 108
96 109
96 110
96 112
96 113
97 97
97 98
97 99
97 101
97 104
97 108
97 109
97 110
97 111
97 112
97 113
97 115
98 98
98 99
98 109
98 110
98 111
98 112
99 99
99 100
99 101
99 103
99 104
99 108
99 109
99 110
99 111
99 112
99 113
99 115
100 100
100 101
100 102
100 103
100 104
100 110
101 101
101 102
101 103
101 104
101 108
101 109
101 110
101 112
101 113
101 115
102 102
102 103
102 104
103 103
103 104
103 105
103 108
103 113
103 114
103 115
104 104
104 108
104 109
104 112
104 113
104 115
105 105
105 106
105 107
105 114
106 106
106 107
106 114
107 107
107 114
108 108
108 109
108 110
108 112
108 113
108 115
109 109
109 110
109 112
109 113
109 115
110 110
110 111
110 112
110 113
111 111
111 112
111 114
111 115
112 112
112 115
113 113
113 114
113 115
114 114
115 115
