0 0
0 1
0 10
0 11
0 12
0 13
0 14
0 15
0 16
0 17
0 18
0 19
0 29
0 52
0 56
0 58
0 59
0 60
0 61
0 62
0 63
0 76
0 81
0 89
1 1
1 2
1 4
1 6
1 7
1 8
1 10
1 11
1 13
1 15
1 16
1 17
1 18
1 19
1 28
1 29
1 33
1 36
1 56
1 57
1 58
1 59
1 60
1 61
1 62
1 63
1 68
1 69
1 78
1 80
1 81
1 83
1 89
1 115
2 2
2 4
2 5
2 6
2 7
2 8
2 9
2 10
2 14
2 18
2 22
2 23
2 25
2 26
2 27
2 30
2 31
2 34
2 39
2 58
2 64
2 78
2 82
2 83
2 85
2 86
2 87
2 88
2 89
2 91
2 93
2 95
2 101
2 105
2 108
2 115
3 3
3 5
3 7
3 9
3 11
3 14
3 15
3 21
3 22
3 23
3 25
3 27
3 31
3 64
3 65
3 83
3 85
3 86
3 87
3 88
3 89
3 92
4 4
4 5
4 6
4 7
4 8
4 9
4 10
4 11
4 12
4 14
4 15
4 16
4 20
4 21
4 26
4 27
4 28
4 39
4 54
4 58
4 64
4 78
4 82
4 83
4 87
4 91
4 93
4 95
4 105
4 114
4 115
5 5
5 9
5 14
5 15
5 21
5 22
5 23
5 25
5 26
5 27
5 34
5 50
5 52
5 58
5 64
5 65
5 86
5 88
5 89
5 90
5 91
5 92
5 93
5 95
5 97
5 102
5 103
5 104
5 105
5 114
5 115
6 6
6 7
6 8
6 9
6 10
6 11
6 12
6 14
6 18
6 20
6 21
6 22
6 23
6 26
6 27
6 28
6 30
6 31
6 33
6 38
6 58
6 60
6 64
6 78
6 80
6 82
6 83
6 85
6 87
6 88
6 91
6 93
6 95
6 101
6 108
7 7
7 8
7 9
7 11
7 13
7 17
7 21
7 26
7 27
7 29
7 31
7 33
7 58
7 60
7 61
7 64
7 65
7 79
7 83
7 92
7 93
8 8
8 9
8 10
8 11
8 12
8 13
8 14
8 15
8 21
8 22
8 23
8 25
8 26
8 27
8 28
8 30
8 31
8 33
8 38
8 39
8 41
8 64
8 65
8 70
8 71
8 76
8 78
8 82
8 83
8 85
8 87
8 93
8 94
8 95
8 101
9 9
9 11
9 14
9 15
9 17
9 23
9 25
9 26
9 27
9 58
9 61
9 64
9 65
9 78
9 83
9 85
9 89
9 92
10 10
10 11
10 12
10 13
10 14
10 15
10 16
10 28
10 41
10 52
10 58
10 60
10 61
10 63
10 70
10 72
10 73
10 74
10 76
10 89
10 91
10 93
10 95
10 108
11 11
11 12
11 13
11 14
11 15
11 17
11 28
11 29
11 30
11 60
11 61
11 62
11 64
11 83
11 85
12 12
12 13
12 14
12 15
12 16
12 28
12 37
12 40
12 41
12 52
12 54
12 58
12 60
12 61
12 70
12 72
12 73
12 74
12 76
12 90
12 91
12 93
12 94
12 95
13 13
13 15
13 16
13 28
13 37
13 50
13 52
13 54
13 58
13 59
13 60
13 61
13 63
13 76
13 94
14 14
14 15
14 20
14 21
14 22
14 23
14 25
14 26
14 27
14 30
14 31
14 38
14 41
14 64
14 65
14 82
14 83
14 85
14 86
14 87
14 88
14 89
14 91
14 92
14 93
14 97
14 101
14 109
15 15
15 16
15 21
15 26
15 27
15 41
15 58
15 60
15 61
15 63
15 64
15 65
15 78
15 83
15 89
15 94
16 16
16 17
16 26
16 28
16 29
16 36
16 40
16 52
16 56
16 57
16 58
16 60
16 61
16 62
16 63
16 72
16 73
16 78
16 80
16 81
16 93
16 115
17 17
17 18
17 19
17 29
17 32
17 33
17 36
17 40
17 56
17 57
17 60
17 61
17 62
17 63
17 64
17 77
17 78
17 79
17 80
17 81
17 82
17 89
17 102
18 18
18 19
18 29
18 32
18 56
18 57
18 59
18 61
18 62
18 63
18 64
18 68
18 78
18 80
18 81
18 82
18 83
18 100
18 102
18 113
18 115
19 19
19 26
19 29
19 33
19 56
19 57
19 62
19 63
19 64
19 68
19 69
19 78
19 80
19 81
19 83
19 87
19 92
19 100
19 105
20 20
20 21
20 26
20 27
20 28
20 36
20 39
20 54
20 58
20 64
20 67
20 87
20 93
20 95
20 108
20 109
21 21
21 22
21 23
21 25
21 26
21 27
21 30
21 31
21 34
21 35
21 38
21 39
21 41
21 64
21 65
21 70
21 71
21 83
21 87
21 94
22 22
22 23
22 24
22 25
22 27
22 30
22 31
22 34
22 35
22 39
22 64
22 65
22 82
22 83
22 84
22 85
22 86
22 87
22 88
22 89
22 91
22 92
22 103
22 108
23 23
23 24
23 25
23 27
23 30
23 31
23 34
23 35
23 64
23 71
23 82
23 83
23 85
23 86
23 87
23 88
23 89
23 91
23 92
23 93
23 102
23 108
24 24
24 25
24 34
24 35
24 50
24 53
24 75
24 82
24 84
24 86
24 88
24 102
24 104
24 110
25 25
25 27
25 30
25 31
25 33
25 34
25 35
25 38
25 39
25 45
25 64
25 65
25 71
25 82
25 83
25 85
25 86
25 87
25 88
25 110
25 114
26 26
26 27
26 34
26 39
26 58
26 64
26 83
26 87
26 90
26 91
26 92
26 93
26 95
26 104
26 105
26 114
27 27
27 31
27 34
27 39
27 64
27 65
27 82
27 83
27 85
27 86
27 87
27 88
27 89
27 91
27 92
27 93
27 105
27 114
28 28
28 29
28 30
28 32
28 33
28 36
28 38
28 40
28 60
28 61
28 62
28 63
28 64
28 70
28 72
28 73
28 80
28 82
28 83
28 93
28 101
29 29
29 31
29 32
29 33
29 36
29 40
29 56
29 60
29 61
29 62
29 63
29 72
29 73
29 75
29 78
29 79
29 80
29 81
29 82
29 83
30 30
30 31
30 33
30 35
30 36
30 38
30 40
30 41
30 64
30 65
30 70
30 71
30 74
30 75
30 76
30 77
30 82
30 83
30 85
30 101
31 31
31 33
31 34
31 35
31 38
31 40
31 41
31 45
31 64
31 70
31 71
31 74
31 75
31 77
31 78
31 82
31 83
31 85
31 87
31 100
31 101
32 32
32 33
32 36
32 40
32 42
32 55
32 57
32 62
32 63
32 68
32 69
32 72
32 74
32 79
32 80
32 81
32 96
33 33
33 34
33 35
33 36
33 38
33 40
33 62
33 63
33 64
33 68
33 71
33 73
33 75
33 77
33 78
33 80
33 81
33 83
33 85
33 87
33 100
33 101
34 34
34 35
34 38
34 39
34 45
34 64
34 65
34 67
34 71
34 82
34 84
34 85
34 86
34 87
34 88
34 103
34 105
34 106
34 110
34 114
35 35
35 37
35 42
35 43
35 44
35 45
35 49
35 65
35 67
35 71
35 75
35 77
35 79
35 84
35 85
36 36
36 38
36 40
36 60
36 62
36 63
36 70
36 71
36 72
36 74
36 76
36 78
36 80
36 82
36 83
37 37
37 39
37 41
37 50
37 54
37 75
37 93
37 99
38 38
38 39
38 40
38 41
38 54
38 70
38 71
38 72
38 80
38 82
38 83
38 86
38 87
38 91
38 93
39 39
39 50
39 54
39 68
39 69
39 87
39 88
39 93
39 97
39 104
39 105
40 40
40 41
40 60
40 62
40 70
40 71
40 72
40 73
40 74
40 75
40 77
40 80
40 82
40 83
40 94
40 101
41 41
41 54
41 70
41 71
41 73
41 74
41 75
41 83
41 85
41 99
41 113
42 42
42 43
42 44
42 45
42 46
42 47
42 48
42 49
42 50
42 51
42 53
42 55
42 96
42 98
42 110
42 111
42 112
43 43
43 44
43 45
43 46
43 47
43 48
43 49
43 51
43 53
43 96
43 98
43 110
43 111
43 112
44 44
44 45
44 46
44 47
44 48
44 49
44 51
44 59
44 66
44 71
44 72
44 79
44 96
44 106
44 110
44 111
44 112
45 45
45 46
45 47
45 48
45 49
45 51
45 71
45 79
45 96
45 106
45 110
45 111
45 112
46 46
46 47
46 48
46 49
46 51
46 52
46 53
46 55
46 96
46 98
46 99
46 110
46 111
46 112
47 47
47 48
47 49
47 51
47 53
47 55
47 96
47 98
47 99
47 110
47 111
47 112
48 48
48 49
48 50
48 51
48 52
48 53
48 54
48 55
48 58
48 59
48 66
48 69
48 96
48 98
48 104
48 106
48 108
48 109
48 111
49 49
49 51
49 55
49 96
49 106
49 110
49 111
49 112
50 50
50 51
50 52
50 53
50 54
50 55
50 58
50 59
50 66
50 89
50 95
50 98
50 108
51 51
51 52
51 53
51 55
51 59
51 66
51 96
51 108
51 112
52 52
52 53
52 54
52 55
52 58
52 59
52 60
52 66
52 89
52 90
52 95
52 96
52 98
52 102
52 104
52 108
53 53
53 55
53 77
53 90
53 91
53 95
53 98
53 99
53 108
53 113
54 54
54 58
54 59
54 66
54 87
54 96
54 98
54 108
55 55
55 57
55 59
55 66
55 69
55 72
55 73
55 74
55 89
55 95
55 96
55 97
55 98
55 99
55 109
56 56
56 57
56 59
56 60
56 61
56 62
56 63
56 68
56 69
56 78
56 80
56 81
56 89
56 100
56 102
56 115
57 57
57 59
57 62
57 63
57 66
57 68
57 69
57 78
57 80
57 81
57 88
57 89
57 97
57 100
58 58
58 59
58 60
58 61
58 64
58 89
58 91
58 93
58 104
58 105
58 107
59 59
59 61
59 63
59 66
59 68
59 69
59 72
59 89
59 106
59 109
60 60
60 61
60 62
60 63
60 72
60 73
60 76
60 77
60 80
60 89
60 91
60 101
60 102
60 115
61 61
61 62
61 63
61 76
61 80
61 81
61 89
62 62
62 63
62 78
62 80
62 81
62 83
62 115
63 63
63 66
63 68
63 72
63 73
63 76
63 78
63 80
63 81
64 64
64 65
64 78
64 80
64 82
64 83
64 84
64 85
64 87
64 88
64 89
64 101
65 65
65 70
65 84
65 85
65 89
65 97
65 101
66 66
66 67
66 68
66 69
66 72
66 98
66 99
66 103
66 105
66 106
66 111
67 67
67 69
67 84
67 85
67 90
67 91
67 93
67 103
67 105
67 106
67 107
67 114
68 68
68 69
68 80
68 81
68 89
68 100
68 107
69 69
69 80
69 89
69 100
69 103
69 104
69 105
69 106
69 107
70 70
70 71
70 72
70 74
70 76
70 77
70 90
70 91
70 93
70 94
70 95
70 101
71 71
71 73
71 74
71 75
71 76
71 77
71 93
71 113
72 72
72 73
72 74
72 75
72 76
72 77
72 80
72 99
73 73
73 74
73 75
73 76
73 77
73 99
73 112
73 113
74 74
74 75
74 76
74 77
74 85
74 97
74 99
75 75
75 76
75 77
75 99
76 76
76 77
76 93
76 100
77 77
77 91
77 92
77 93
77 98
77 101
77 113
78 78
78 80
78 81
78 83
78 115
79 79
79 80
79 81
79 87
80 80
80 81
80 101
81 81
81 83
81 111
82 82
82 83
82 84
82 85
82 86
82 87
82 91
82 92
82 101
83 83
83 85
83 87
83 92
83 100
84 84
84 85
84 86
84 88
84 103
84 104
84 105
84 110
85 85
85 87
85 88
85 97
86 86
86 87
86 88
86 89
86 91
86 104
86 105
86 109
86 115
87 87
87 88
88 88
88 89
88 97
88 104
88 108
89 89
89 97
90 90
90 91
90 92
90 93
90 98
90 100
90 103
90 104
90 105
90 106
90 107
90 113
90 114
90 115
91 91
91 92
91 93
91 98
91 101
91 102
91 103
91 104
91 105
91 107
91 108
91 113
91 114
91 115
92 92
92 93
92 100
92 102
92 103
92 104
92 105
92 113
92 114
92 115
93 93
93 94
93 101
93 103
93 104
93 105
93 113
93 114
93 115
94 94
94 101
95 95
95 97
95 98
95 101
95 108
95 109
95 113
95 115
96 96
96 98
96 109
96 110
96 111
97 97
97 102
97 108
97 109
98 98
98 99
98 103
98 104
98 110
98 111
98 112
98 113
99 99
99 111
99 112
99 113
99 115
100 100
100 102
100 107
101 101
102 102
102 103
102 104
102 105
102 108
102 109
102 113
102 115
103 103
103 104
103 105
103 106
103 107
103 108
103 110
103 113
103 114
104 104
104 105
104 114
105 105
105 106
105 107
105 113
105 114
105 115
106 106
106 114
107 107
108 108
108 109
108 114
108 115
109 109
110 110
110 111
111 111
112 112
113 113
113 114
113 115
114 114
114 115
115 115
