0 0
0 1
0 2
0 6
0 10
0 11
0 12
0 14
0 16
0 18
0 19
0 28
0 29
0 40
0 56
0 57
0 58
0 60
0 63
0 64
0 68
0 72
0 74
0 76
0 80
0 81
0 82
0 83
1 1
1 11
1 12
1 13
1 16
1 17
1 19
1 29
1 51
1 52
1 56
1 57
1 58
1 59
1 60
1 61
1 62
1 63
1 65
1 72
1 80
1 81
1 89
2 2
2 3
2 4
2 6
2 8
2 10
2 14
2 18
2 22
2 23
2 24
2 25
2 26
2 27
2 30
2 31
2 33
2 50
2 64
2 67
2 70
2 71
2 74
2 82
2 84
2 85
2 88
3 3
3 4
3 5
3 7
3 8
3 9
3 11
3 15
3 22
3 23
3 25
3 26
3 27
3 31
3 35
3 45
3 50
3 64
3 67
3 85
3 88
3 92
3 100
3 102
4 4
4 8
4 9
4 15
4 64
4 91
4 92
4 99
4 102
4 104
4 112
4 113
4 115
5 5
5 7
5 9
5 15
5 20
5 21
5 23
5 24
5 25
5 27
5 35
5 39
5 45
5 50
5 65
5 67
5 88
5 92
5 94
5 96
5 102
5 110
5 112
6 6
6 10
6 12
6 14
6 18
6 24
6 28
6 29
6 30
6 32
6 33
6 40
6 58
6 64
6 68
6 72
6 74
6 82
6 83
7 7
7 9
7 13
7 15
7 23
7 39
7 51
7 55
7 65
7 67
7 100
8 8
8 9
8 15
8 18
8 64
8 71
8 102
8 109
9 9
9 13
9 15
9 23
9 51
9 52
9 55
9 65
9 67
9 90
9 92
9 96
9 100
9 101
9 111
9 112
9 113
10 10
10 11
10 12
10 14
10 16
10 18
10 24
10 28
10 29
10 30
10 32
10 40
10 56
10 57
10 60
10 63
10 66
10 72
10 73
10 74
10 76
10 80
10 82
11 11
11 13
11 18
11 19
11 31
11 48
11 64
11 66
11 67
11 75
11 77
11 85
12 12
12 13
12 14
12 16
12 17
12 28
12 29
12 36
12 40
12 48
12 57
12 58
12 59
12 60
12 62
12 63
12 68
12 72
12 80
13 13
13 51
13 52
13 54
13 60
13 62
13 63
13 64
13 65
14 14
14 15
14 18
14 20
14 22
14 24
14 28
14 30
14 40
14 41
14 50
14 56
14 57
14 70
14 72
14 74
14 80
14 82
14 83
14 84
14 88
15 15
15 20
15 21
15 23
15 24
15 25
15 26
15 27
15 39
15 50
15 64
15 65
15 67
15 88
15 95
16 16
16 17
16 19
16 28
16 29
16 32
16 33
16 36
16 40
16 41
16 56
16 57
16 58
16 59
16 60
16 62
16 63
16 68
16 72
16 73
16 74
16 76
16 78
16 79
16 80
16 81
16 82
16 83
17 17
17 18
17 19
17 28
17 29
17 32
17 36
17 40
17 56
17 57
17 58
17 60
17 62
17 63
17 68
17 72
17 73
17 74
17 75
17 76
17 77
17 78
17 79
17 80
17 81
17 83
18 18
18 19
18 26
18 27
18 28
18 29
18 30
18 31
18 32
18 33
18 40
18 57
18 68
18 71
18 72
18 73
18 74
18 75
18 76
18 77
18 78
18 80
18 81
18 82
18 83
18 84
18 85
19 19
19 28
19 29
19 32
19 33
19 36
19 56
19 57
19 68
19 72
19 73
19 74
19 75
19 76
19 77
19 78
19 80
19 81
19 82
19 83
19 84
19 85
20 20
20 21
20 22
20 24
20 25
20 27
20 38
20 39
20 41
20 43
20 50
20 69
20 82
20 84
20 86
20 87
20 88
20 89
21 21
21 22
21 23
21 24
21 25
21 26
21 27
21 30
21 31
21 39
21 69
21 70
21 84
21 87
21 88
21 94
21 95
21 96
21 97
21 108
21 109
21 110
22 22
22 23
22 24
22 25
22 26
22 27
22 30
22 31
22 34
22 35
22 41
22 50
22 67
22 70
22 71
22 74
22 82
22 84
22 85
22 88
22 109
23 23
23 25
23 26
23 27
23 31
23 34
23 35
23 45
23 50
23 64
23 67
23 85
23 88
23 92
23 100
23 102
23 110
24 24
24 25
24 26
24 27
24 30
24 31
24 41
24 50
24 70
24 71
24 82
24 84
24 88
24 109
25 25
25 26
25 27
25 30
25 31
25 34
25 35
25 39
25 50
25 67
25 71
25 84
25 85
25 87
25 88
25 109
25 110
26 26
26 27
26 30
26 31
26 33
26 35
26 50
26 64
26 71
26 83
26 88
27 27
27 30
27 31
27 34
27 35
27 50
27 67
27 71
27 84
27 85
27 87
27 88
28 28
28 29
28 30
28 32
28 33
28 36
28 40
28 41
28 56
28 57
28 58
28 59
28 60
28 62
28 63
28 68
28 72
28 73
28 74
28 76
28 78
28 79
28 80
28 81
28 82
28 83
28 84
29 29
29 32
29 33
29 36
29 40
29 56
29 57
29 58
29 59
29 60
29 62
29 63
29 68
29 72
29 73
29 74
29 75
29 76
29 79
29 80
29 81
29 82
29 83
30 30
30 31
30 32
30 33
30 39
30 40
30 50
30 70
30 71
30 74
30 82
30 84
30 85
30 88
31 31
31 33
31 34
31 35
31 50
31 64
31 67
31 71
31 77
31 82
31 84
31 85
31 88
32 32
32 33
32 36
32 40
32 56
32 57
32 58
32 59
32 62
32 63
32 68
32 72
32 73
32 74
32 76
32 78
32 79
32 80
32 81
32 82
32 83
33 33
33 36
33 40
33 57
33 68
33 72
33 73
33 74
33 76
33 77
33 78
33 79
33 80
33 81
33 82
33 83
33 84
33 85
34 34
34 35
34 44
34 45
34 50
34 64
34 67
34 85
34 110
35 35
35 43
35 44
35 45
35 48
35 50
35 64
35 65
35 67
35 85
35 88
35 100
35 102
36 36
36 37
36 40
36 41
36 57
36 58
36 60
36 62
36 63
36 68
36 72
36 73
36 74
36 75
36 76
36 77
36 80
36 81
36 82
36 83
37 37
37 46
37 54
37 75
37 76
37 77
37 90
37 92
37 93
37 100
37 101
37 102
37 103
37 104
37 105
37 106
37 107
38 38
38 39
38 54
38 55
38 86
38 94
38 96
38 98
38 114
39 39
39 47
39 55
39 88
39 89
39 94
39 95
39 96
39 97
39 108
39 109
39 110
40 40
40 41
40 53
40 56
40 57
40 58
40 59
40 60
40 62
40 63
40 68
40 72
40 73
40 74
40 75
40 76
40 78
40 79
40 80
40 81
40 82
40 83
41 41
41 53
41 56
41 57
41 58
41 59
41 63
41 68
41 73
41 74
41 82
41 86
41 87
41 95
41 96
41 97
41 108
41 109
42 42
42 43
42 44
42 46
42 47
42 48
42 49
42 51
42 52
42 53
42 54
42 55
42 59
42 61
42 69
42 110
43 43
43 46
43 47
43 48
43 50
43 51
43 52
43 61
43 66
43 67
43 110
44 44
44 45
44 48
44 49
44 66
44 67
45 45
45 49
45 65
45 67
45 85
45 90
45 91
45 92
45 100
45 110
45 112
45 114
46 46
46 47
46 49
46 51
46 52
46 53
46 54
46 55
46 59
46 61
46 90
46 91
46 92
46 93
46 94
46 96
46 98
46 99
46 100
46 101
46 103
46 104
46 105
46 106
46 110
46 111
46 112
46 113
46 114
47 47
47 49
47 51
47 52
47 53
47 55
47 56
47 59
47 61
47 69
47 70
47 96
47 110
47 111
48 48
48 51
48 60
48 66
48 67
49 49
49 51
49 53
49 55
49 56
49 59
49 61
49 62
49 63
49 86
49 91
49 98
49 99
49 104
49 111
49 112
49 113
49 114
49 115
50 50
50 64
50 67
50 85
50 88
51 51
51 52
51 54
51 56
51 59
51 61
51 65
51 86
51 89
52 52
52 53
52 54
52 55
52 58
52 59
52 61
52 63
52 111
53 53
53 55
53 56
53 58
53 59
53 61
53 63
53 69
53 91
53 94
53 95
53 96
53 97
53 98
53 99
53 108
53 111
53 113
54 54
54 55
54 61
54 62
54 65
54 86
54 89
54 90
54 92
54 100
54 103
54 105
54 106
55 55
55 69
55 89
55 92
55 94
55 95
55 96
55 97
55 98
55 99
55 104
55 105
55 106
55 108
55 110
55 111
55 112
55 113
55 114
55 115
56 56
56 57
56 58
56 59
56 60
56 61
56 62
56 63
56 68
56 72
56 78
56 79
56 80
56 81
56 82
56 84
56 86
56 89
57 57
57 58
57 59
57 60
57 61
57 62
57 63
57 68
57 72
57 73
57 74
57 76
57 79
57 80
57 81
57 82
57 83
58 58
58 59
58 60
58 61
58 62
58 63
58 68
58 72
58 73
58 74
58 76
58 78
58 79
58 80
58 81
58 82
59 59
59 60
59 61
59 62
59 63
59 68
59 72
59 79
59 80
59 81
59 86
59 89
60 60
60 61
60 62
60 63
60 68
60 72
60 76
60 80
60 81
61 61
61 62
61 63
61 65
61 86
61 89
61 111
62 62
62 63
62 68
62 72
62 76
62 79
62 80
62 81
63 63
63 68
63 72
63 74
63 79
63 80
63 81
63 86
63 89
64 64
64 65
64 67
64 85
64 100
65 65
65 67
65 88
65 89
65 100
66 66
66 67
66 85
67 67
67 85
67 88
67 92
67 100
67 102
68 68
68 72
68 73
68 74
68 76
68 78
68 79
68 80
68 81
68 82
68 83
69 69
69 91
69 94
69 96
69 99
69 109
69 110
69 112
70 70
70 71
70 73
70 74
70 82
70 109
71 71
71 73
71 74
71 75
71 76
71 77
71 78
71 82
71 85
71 109
72 72
72 73
72 74
72 75
72 76
72 77
72 78
72 79
72 80
72 81
72 82
72 83
73 73
73 74
73 75
73 76
73 77
73 78
73 79
73 80
73 81
73 82
74 74
74 75
74 76
74 77
74 78
74 79
74 80
74 81
74 82
74 83
74 84
75 75
75 76
75 77
75 81
76 76
76 77
76 78
76 79
76 80
76 81
76 82
76 83
76 85
77 77
77 78
77 79
77 81
77 85
78 78
78 79
78 80
78 81
78 82
78 84
78 85
79 79
79 80
79 81
79 82
80 80
80 81
80 82
80 83
81 81
81 82
81 83
82 82
82 83
82 84
83 83
84 84
84 85
84 86
84 88
85 85
86 86
86 89
87 87
87 89
87 109
88 88
88 89
89 89
89 108
90 90
90 91
90 92
90 93
90 96
90 98
90 99
90 100
90 101
90 102
90 103
90 104
90 105
90 106
90 107
90 111
90 112
90 113
90 114
91 91
91 92
91 93
91 94
91 96
91 97
91 98
91 99
91 100
91 102
91 103
91 104
91 105
91 106
91 107
91 110
91 111
91 112
91 113
91 114
91 115
92 92
92 93
92 94
92 96
92 98
92 99
92 100
92 101
92 102
92 103
92 104
92 105
92 106
92 107
92 111
92 112
92 113
92 114
93 93
93 94
93 96
93 98
93 99
93 100
93 101
93 102
93 103
93 104
93 105
93 106
93 107
93 111
93 112
93 113
93 114
93 115
94 94
94 95
94 96
94 97
94 98
94 99
94 104
94 105
94 106
94 108
94 109
94 110
94 111
94 112
94 113
94 114
94 115
95 95
95 96
95 97
95 98
95 99
95 108
95 109
95 110
95 114
95 115
96 96
96 97
96 98
96 99
96 101
96 104
96 105
96 106
96 107
96 108
96 109
96 110
96 111
96 112
96 113
96 114
96 115
97 97
97 98
97 99
97 104
97 105
97 108
97 109
97 110
97 111
97 113
97 114
97 115
98 98
98 99
98 100
98 103
98 104
98 105
98 106
98 107
98 108
98 110
98 111
98 112
98 113
98 114
98 115
99 99
99 100
99 102
99 103
99 104
99 105
99 106
99 107
99 108
99 109
99 110
99 111
99 112
99 113
99 114
99 115
100 100
100 101
100 102
100 103
100 104
100 105
100 106
100 107
100 111
100 112
100 113
100 114
101 101
101 102
101 103
101 104
101 105
101 106
101 107
101 111
101 112
101 113
102 102
102 103
102 104
102 105
102 106
102 107
102 112
102 113
102 114
103 103
103 104
103 105
103 106
103 107
103 111
103 112
103 113
103 114
104 104
104 105
104 106
104 107
104 108
104 110
104 111
104 112
104 113
104 114
104 115
105 105
105 106
105 107
105 108
105 111
105 112
105 113
105 114
105 115
106 106
106 107
106 111
106 112
106 113
106 114
106 115
107 107
107 111
107 112
107 113
107 114
107 115
108 108
108 109
108 110
108 111
108 113
108 114
108 115
109 109
109 110
109 114
109 115
110 110
110 111
110 112
110 113
110 114
110 115
111 111
111 112
111 113
111 114
111 115
112 112
112 113
112 114
112 115
113 113
113 114
113 115
114 114
114 115
115 115
