0 0
0 1
0 16
0 17
0 19
0 28
0 32
0 33
0 52
0 54
0 55
0 56
0 57
0 68
0 69
0 72
0 78
0 79
0 80
0 81
0 82
0 84
0 86
0 88
0 94
0 96
0 98
0 99
0 110
1 1
1 16
1 17
1 19
1 28
1 32
1 33
1 47
1 52
1 53
1 54
1 55
1 56
1 57
1 68
1 69
1 72
1 78
1 79
1 80
1 81
1 82
1 84
1 86
1 88
1 96
1 98
1 99
1 110
1 111
2 2
2 4
2 6
2 12
2 18
2 22
2 23
2 24
2 25
2 30
2 34
2 58
2 60
2 64
2 68
2 69
2 88
2 93
2 101
2 113
3 3
3 5
3 7
3 22
3 23
3 25
3 31
3 34
3 35
3 70
3 73
3 74
3 91
3 92
3 93
4 4
4 5
4 6
4 8
4 11
4 15
4 20
4 24
4 26
4 27
4 29
4 30
4 31
4 37
4 41
4 60
4 63
4 71
4 73
4 75
4 77
4 83
4 87
5 5
5 7
5 8
5 9
5 15
5 20
5 21
5 23
5 24
5 25
5 26
5 27
5 31
5 35
5 59
5 66
5 67
5 70
5 77
5 90
5 91
5 92
6 6
6 12
6 18
6 22
6 24
6 30
6 34
6 38
6 39
6 64
6 74
6 75
6 86
6 88
6 93
6 101
6 113
7 7
7 8
7 9
7 11
7 13
7 14
7 15
7 20
7 23
7 58
7 59
7 61
7 62
7 63
7 65
7 67
7 77
7 90
7 91
7 92
7 100
7 101
7 102
8 8
8 9
8 10
8 11
8 12
8 13
8 14
8 15
8 18
8 20
8 24
8 28
8 31
8 35
8 58
8 60
8 61
8 62
8 63
8 65
8 66
8 67
8 77
9 9
9 11
9 13
9 15
9 51
9 58
9 59
9 61
9 63
9 65
9 66
9 67
9 77
9 90
9 92
9 100
9 101
9 102
9 103
9 104
10 10
10 11
10 12
10 13
10 14
10 16
10 28
10 40
10 56
10 58
10 60
10 61
10 62
10 63
10 65
10 78
10 80
10 82
10 84
10 86
10 88
11 11
11 12
11 13
11 14
11 15
11 24
11 28
11 31
11 58
11 60
11 61
11 62
11 63
11 65
12 12
12 13
12 14
12 16
12 17
12 22
12 24
12 28
12 30
12 31
12 40
12 58
12 60
12 62
12 64
12 65
12 78
12 80
12 82
12 84
12 86
12 88
12 93
12 105
12 114
13 13
13 14
13 15
13 20
13 24
13 28
13 30
13 31
13 58
13 60
13 61
13 62
13 63
13 65
13 100
14 14
14 15
14 16
14 24
14 28
14 31
14 40
14 58
14 60
14 61
14 62
14 63
14 65
14 74
14 78
14 80
14 81
14 82
14 83
14 84
14 85
14 86
14 87
14 88
15 15
15 20
15 21
15 24
15 26
15 31
15 37
15 51
15 58
15 59
15 61
15 62
15 63
15 65
15 66
15 67
15 77
15 83
15 87
15 90
15 92
15 100
15 104
16 16
16 17
16 19
16 28
16 30
16 32
16 33
16 40
16 56
16 57
16 60
16 62
16 64
16 69
16 72
16 78
16 79
16 80
16 81
16 82
16 84
16 86
16 88
16 96
16 98
17 17
17 19
17 28
17 30
17 32
17 33
17 53
17 54
17 55
17 56
17 57
17 69
17 72
17 78
17 79
17 80
17 81
17 82
17 84
17 86
17 88
17 94
17 96
17 97
17 98
17 99
17 115
18 18
18 22
18 23
18 24
18 25
18 58
18 66
18 68
18 69
18 90
18 91
18 93
18 101
18 109
19 19
19 28
19 29
19 32
19 33
19 43
19 46
19 52
19 53
19 54
19 55
19 56
19 57
19 68
19 69
19 72
19 78
19 79
19 80
19 81
19 82
19 84
19 86
19 88
19 96
19 98
19 99
20 20
20 21
20 24
20 26
20 27
20 31
20 37
20 38
20 39
20 41
20 58
20 60
20 61
20 63
20 65
20 67
20 71
20 73
20 75
20 77
20 92
20 93
20 95
20 100
20 101
20 103
21 21
21 23
21 26
21 36
21 37
21 38
21 41
21 67
21 70
21 71
21 73
21 75
21 76
21 77
21 90
21 91
21 92
21 93
21 100
21 103
21 104
22 22
22 23
22 25
22 30
22 34
22 35
22 64
22 74
22 84
22 86
22 88
22 91
22 93
23 23
23 25
23 31
23 34
23 35
23 70
23 73
23 76
23 77
23 90
23 91
23 92
23 93
24 24
24 25
24 26
24 27
24 28
24 29
24 30
24 31
24 37
24 41
24 58
24 60
24 62
24 64
24 65
24 71
24 73
24 74
24 75
24 83
24 87
25 25
25 27
25 30
25 31
25 34
25 35
25 60
25 73
25 76
25 77
25 91
26 26
26 27
26 31
26 37
26 41
26 63
26 67
26 70
26 71
26 75
26 77
26 87
26 90
26 92
27 27
27 30
27 31
27 35
27 67
27 77
28 28
28 30
28 31
28 33
28 40
28 54
28 56
28 60
28 62
28 64
28 65
28 72
28 74
28 78
28 79
28 80
28 81
28 82
28 83
28 84
28 85
28 86
28 88
29 29
29 33
29 36
29 37
29 38
29 39
29 41
29 54
29 71
29 72
29 73
29 74
29 75
29 76
29 79
29 81
29 83
29 87
29 95
29 108
29 109
29 111
29 112
29 113
30 30
30 31
30 60
30 62
30 64
30 72
30 74
30 78
30 79
30 81
30 86
30 88
31 31
31 33
31 36
31 37
31 60
31 62
31 65
31 71
31 73
31 81
31 82
31 83
31 87
32 32
32 33
32 55
32 56
32 57
32 68
32 69
32 72
32 78
32 79
32 80
32 81
32 84
32 96
33 33
33 56
33 57
33 68
33 69
33 71
33 72
33 78
33 79
33 80
33 81
33 82
33 83
33 84
33 85
33 86
33 87
33 96
33 98
33 99
33 111
34 34
34 35
34 38
34 39
34 43
34 64
34 67
34 84
34 88
34 89
35 35
35 60
35 64
35 66
35 67
35 77
36 36
36 37
36 38
36 39
36 40
36 41
36 54
36 70
36 71
36 72
36 73
36 74
36 75
36 76
36 77
36 81
36 83
36 87
36 109
36 111
36 113
37 37
37 38
37 39
37 41
37 70
37 71
37 73
37 74
37 75
37 76
37 77
37 83
37 87
37 90
37 91
37 92
37 93
37 102
37 109
37 112
38 38
38 39
38 41
38 64
38 70
38 73
38 74
38 75
38 76
38 77
38 86
38 93
38 94
38 95
38 101
38 108
38 109
38 111
38 112
38 113
39 39
39 41
39 64
39 70
39 73
39 74
39 75
39 87
39 93
39 94
39 95
39 99
39 102
39 108
39 109
39 111
39 112
39 113
39 115
40 40
40 60
40 71
40 72
40 74
40 78
40 80
40 81
40 82
40 84
40 85
40 105
40 114
41 41
41 70
41 71
41 73
41 74
41 75
41 76
41 77
41 83
41 87
41 92
41 93
41 95
41 100
41 102
41 108
41 112
41 113
41 115
42 42
42 43
42 44
42 45
42 46
42 47
42 48
42 49
42 50
42 51
42 52
42 53
42 55
42 94
42 97
42 98
42 102
42 103
42 104
42 106
43 43
43 44
43 45
43 46
43 47
43 48
43 49
43 50
43 51
43 52
43 53
43 55
43 94
43 96
43 97
43 98
43 99
43 107
44 44
44 45
44 46
44 48
44 49
44 50
44 51
44 52
44 59
44 66
44 67
44 70
44 90
44 100
44 102
44 103
44 104
44 107
45 45
45 46
45 47
45 48
45 49
45 50
45 51
45 52
45 53
45 55
45 59
45 61
45 66
45 67
45 90
45 98
45 99
45 102
46 46
46 47
46 48
46 49
46 52
46 53
46 55
46 69
46 96
46 98
46 99
46 110
47 47
47 48
47 49
47 50
47 51
47 52
47 53
47 55
47 96
47 98
47 99
47 110
47 111
48 48
48 49
48 50
48 51
48 52
48 55
48 59
48 66
48 67
48 68
48 90
48 98
48 99
48 102
48 103
48 112
49 49
49 50
49 51
49 52
49 53
49 55
49 59
49 61
49 66
49 67
49 90
49 98
49 99
49 102
49 112
50 50
50 51
50 52
50 55
50 58
50 59
50 66
50 67
50 96
50 97
50 98
50 99
50 102
50 103
50 104
50 112
51 51
51 52
51 53
51 55
51 58
51 59
51 61
51 66
51 67
51 98
51 99
51 100
51 102
51 103
51 104
51 112
52 52
52 53
52 55
52 59
52 68
52 69
52 96
52 98
52 99
52 110
53 53
53 55
53 56
53 57
53 68
53 69
53 79
53 96
53 98
53 99
53 110
54 54
54 55
54 57
54 72
54 74
54 78
54 80
54 82
54 84
54 86
54 88
54 96
54 98
54 99
54 109
54 110
54 111
55 55
55 57
55 68
55 69
55 78
55 89
55 94
55 96
55 97
55 98
55 99
55 110
55 111
56 56
56 57
56 69
56 72
56 74
56 78
56 80
56 81
56 82
56 84
56 86
56 88
56 96
56 98
56 99
57 57
57 68
57 69
57 72
57 78
57 79
57 80
57 81
57 82
57 84
57 86
57 96
57 98
57 99
57 107
57 115
58 58
58 59
58 60
58 61
58 63
58 65
58 66
59 59
59 61
59 63
59 66
59 67
59 90
59 92
59 100
59 102
59 103
59 104
59 112
60 60
60 61
60 62
60 63
60 64
60 65
60 78
60 80
60 82
60 84
60 88
61 61
61 62
61 63
61 65
61 66
61 67
61 100
61 102
62 62
62 63
62 65
62 74
62 78
62 80
62 82
62 84
62 85
62 87
63 63
63 65
63 67
63 83
63 87
63 100
64 64
64 72
64 73
64 74
64 75
64 78
64 84
64 86
64 88
64 94
64 95
64 96
64 97
65 65
66 66
66 67
66 77
66 90
66 100
66 101
66 102
66 103
66 104
66 106
67 67
67 77
67 90
67 92
67 100
67 102
67 103
67 104
68 68
68 69
68 98
68 106
69 69
69 78
69 79
69 88
69 98
70 70
70 71
70 73
70 75
70 76
70 77
70 90
70 91
70 92
70 93
70 95
70 100
70 102
70 113
71 71
71 72
71 73
71 75
71 81
71 83
71 87
71 95
71 108
71 115
72 72
72 74
72 78
72 79
72 80
72 81
72 82
72 84
72 85
72 86
72 88
72 98
72 99
72 108
72 111
72 113
72 115
73 73
73 74
73 75
73 76
73 77
73 87
73 93
73 109
73 111
74 74
74 75
74 78
74 80
74 81
74 82
74 84
74 85
74 86
74 87
74 88
74 89
74 108
74 109
74 111
74 113
74 115
75 75
75 76
75 77
75 87
75 91
75 92
75 93
75 94
75 95
75 102
75 108
75 109
75 111
75 112
75 113
75 115
76 76
76 77
76 90
76 91
76 92
76 93
76 101
76 109
76 111
77 77
77 90
77 91
77 92
77 93
77 100
77 101
77 109
78 78
78 79
78 80
78 81
78 82
78 84
78 85
78 86
78 88
78 94
78 96
78 98
78 99
78 111
78 115
79 79
79 80
79 81
80 80
80 81
80 82
80 84
80 85
80 86
80 88
80 89
80 96
81 81
81 82
81 83
81 84
81 85
81 86
81 87
82 82
82 83
82 84
82 85
82 86
82 87
82 88
83 83
83 85
83 87
83 111
84 84
84 85
84 86
84 88
84 89
84 96
84 97
84 98
85 85
85 86
85 87
85 88
85 89
86 86
86 87
86 88
86 89
86 111
87 87
87 89
87 109
87 111
88 88
88 89
88 96
88 110
89 89
89 96
89 109
89 110
90 90
90 91
90 92
90 93
90 100
90 101
90 102
90 103
91 91
91 92
91 93
91 100
91 101
91 103
91 109
91 110
92 92
92 93
92 100
92 101
92 102
92 103
92 104
93 93
93 100
93 101
93 102
93 103
93 104
93 113
93 114
94 94
94 95
94 96
94 97
94 98
94 99
94 105
94 107
94 108
94 112
94 113
94 114
94 115
95 95
95 97
95 99
95 102
95 107
95 108
95 112
95 113
95 114
95 115
96 96
96 97
96 98
96 99
96 110
96 115
97 97
97 98
97 99
97 105
97 107
97 108
97 113
97 114
97 115
98 98
98 99
98 109
98 110
98 111
99 99
99 108
99 109
99 110
99 111
99 112
99 113
100 100
100 101
100 102
100 103
100 104
100 112
101 101
101 102
101 103
101 113
102 102
102 103
102 104
102 112
102 113
102 114
102 115
103 103
103 104
103 105
103 106
103 107
104 104
104 105
104 106
104 107
105 105
105 106
105 107
105 114
105 115
106 106
106 107
107 107
107 114
107 115
108 108
108 112
108 113
108 114
108 115
109 109
109 110
109 111
109 112
110 110
110 111
111 111
111 112
111 113
112 112
112 113
112 115
113 113
113 114
113 115
114 114
114 115
115 115
