0 0
0 1
0 10
0 12
0 16
0 17
0 19
0 28
0 36
0 42
0 46
0 52
0 53
0 56
0 57
0 72
0 73
0 80
0 81
0 84
0 98
1 1
1 10
1 11
1 13
1 16
1 17
1 19
1 28
1 29
1 46
1 53
1 57
1 61
1 63
1 72
1 73
1 74
1 75
1 78
1 79
1 80
1 81
1 90
1 98
1 111
1 112
2 2
2 3
2 4
2 5
2 6
2 7
2 8
2 14
2 18
2 20
2 22
2 23
2 24
2 25
2 26
2 27
2 30
2 50
2 58
2 64
2 65
2 66
2 67
2 87
2 88
2 91
2 93
3 3
3 4
3 5
3 6
3 7
3 9
3 15
3 18
3 22
3 23
3 25
3 26
3 27
3 31
3 39
3 50
3 61
3 64
3 65
3 67
3 86
3 87
3 88
3 89
3 92
3 106
4 4
4 5
4 6
4 7
4 8
4 9
4 14
4 15
4 22
4 23
4 24
4 25
4 26
4 27
4 38
4 39
4 64
4 87
4 88
4 89
4 91
4 92
4 93
5 5
5 6
5 7
5 8
5 14
5 15
5 18
5 20
5 21
5 22
5 23
5 24
5 25
5 26
5 27
5 30
5 31
5 35
5 38
5 60
5 64
5 65
5 67
5 82
5 86
5 87
5 88
5 91
5 92
5 93
6 6
6 7
6 14
6 15
6 18
6 20
6 22
6 23
6 24
6 25
6 26
6 27
6 30
6 31
6 50
6 60
6 64
6 65
6 67
6 84
6 85
6 87
6 88
6 92
6 93
7 7
7 9
7 11
7 13
7 14
7 15
7 23
7 25
7 31
7 60
7 61
7 64
7 65
7 82
7 85
7 86
7 87
7 88
7 89
7 92
7 93
8 8
8 9
8 14
8 15
8 52
8 54
8 55
8 60
8 61
8 88
8 89
8 91
8 92
9 9
9 14
9 15
9 23
9 31
9 61
9 64
9 65
9 88
9 89
9 92
9 94
9 109
9 115
10 10
10 11
10 12
10 13
10 16
10 17
10 28
10 29
10 46
10 51
10 52
10 53
10 56
10 62
10 72
10 73
10 75
10 78
10 80
10 81
10 84
11 11
11 12
11 13
11 15
11 16
11 17
11 28
11 29
11 51
11 53
11 72
11 73
11 75
11 78
11 80
11 81
11 82
11 84
11 85
12 12
12 13
12 14
12 15
12 16
12 50
12 51
12 52
12 53
12 56
12 80
12 84
12 86
12 113
12 115
13 13
13 14
13 15
13 23
13 48
13 50
13 51
13 52
13 53
13 70
13 75
13 80
13 84
13 85
13 86
13 89
13 93
14 14
14 15
14 22
14 23
14 26
14 27
14 31
14 50
14 51
14 52
14 53
14 64
14 82
14 83
14 84
14 85
14 86
14 87
14 88
14 89
14 91
14 93
15 15
15 23
15 25
15 30
15 31
15 50
15 52
15 53
15 61
15 64
15 65
15 70
15 75
15 82
15 83
15 84
15 85
15 86
15 87
15 89
15 92
15 93
16 16
16 17
16 19
16 28
16 29
16 32
16 36
16 41
16 46
16 47
16 56
16 57
16 62
16 63
16 68
16 72
16 73
16 74
16 75
16 76
16 78
16 79
16 80
16 81
16 83
16 90
16 97
16 98
16 99
16 100
16 101
16 102
16 111
16 112
17 17
17 19
17 28
17 29
17 32
17 46
17 47
17 53
17 56
17 57
17 62
17 63
17 72
17 73
17 74
17 75
17 76
17 78
17 79
17 80
17 81
17 90
17 98
17 99
17 100
17 111
17 112
17 115
18 18
18 19
18 22
18 24
18 25
18 26
18 27
18 30
18 33
18 64
18 65
18 66
18 67
18 106
19 19
19 28
19 29
19 32
19 33
19 53
19 57
19 62
19 63
19 68
19 72
19 73
19 74
19 75
19 76
19 78
19 79
19 80
19 81
19 90
19 98
19 99
19 111
19 112
20 20
20 21
20 22
20 24
20 25
20 26
20 27
20 30
20 31
20 35
20 37
20 41
20 66
20 67
20 70
20 71
20 85
20 91
20 93
20 104
21 21
21 24
21 25
21 30
21 31
21 33
21 37
21 38
21 40
21 41
21 66
21 67
21 69
21 71
21 79
21 92
21 95
21 96
21 97
21 107
21 108
21 110
21 111
22 22
22 23
22 24
22 25
22 26
22 27
22 30
22 31
22 34
22 50
22 64
22 84
22 85
22 88
23 23
23 25
23 27
23 30
23 31
23 50
23 64
23 65
23 82
23 83
23 84
23 85
23 86
23 87
23 88
23 92
23 93
24 24
24 25
24 26
24 27
24 30
24 31
24 33
24 35
24 38
24 39
24 40
24 41
24 66
24 67
24 71
24 82
24 83
24 85
24 88
24 91
24 92
25 25
25 26
25 27
25 30
25 31
25 33
25 35
25 64
25 65
25 66
25 67
25 82
25 83
25 85
25 86
25 87
25 91
25 92
25 93
25 104
26 26
26 27
26 35
26 38
26 39
26 50
26 54
26 67
26 69
26 85
26 86
26 87
26 88
26 105
26 106
26 107
27 27
27 39
27 50
27 64
27 67
27 70
27 82
27 84
27 85
27 86
27 88
27 93
27 102
27 106
28 28
28 29
28 31
28 32
28 53
28 56
28 62
28 63
28 72
28 73
28 74
28 75
28 76
28 78
28 79
28 80
28 81
28 83
28 90
28 94
28 100
28 115
29 29
29 31
29 46
29 53
29 56
29 63
29 72
29 73
29 74
29 75
29 76
29 78
29 79
29 80
29 81
29 83
29 90
29 98
29 99
29 111
30 30
30 31
30 33
30 41
30 64
30 71
30 82
30 83
30 85
30 91
30 93
30 108
31 31
31 33
31 64
31 71
31 82
31 83
31 85
32 32
32 33
32 41
32 56
32 57
32 59
32 62
32 63
32 66
32 68
32 72
32 73
32 74
32 76
32 78
32 79
32 80
32 81
32 94
32 99
32 115
33 33
33 35
33 63
33 66
33 68
33 71
33 114
34 34
34 35
34 44
34 45
34 64
34 113
35 35
35 44
35 45
35 66
35 67
35 107
35 110
35 114
36 36
36 37
36 38
36 39
36 40
36 41
36 42
36 43
36 44
36 45
36 46
36 47
36 54
36 55
36 56
36 69
36 76
36 95
36 96
36 97
36 98
36 99
36 105
36 107
36 110
36 114
37 37
37 38
37 39
37 40
37 41
37 42
37 43
37 46
37 47
37 54
37 55
37 69
37 70
37 71
37 76
37 77
37 95
37 96
37 97
37 98
37 104
37 105
37 107
37 112
38 38
38 39
38 40
38 41
38 43
38 44
38 45
38 54
38 55
38 66
38 68
38 69
38 87
38 88
38 95
38 96
38 97
38 105
38 106
38 107
38 108
38 110
38 114
39 39
39 40
39 54
39 55
39 59
39 66
39 69
39 77
39 87
39 88
39 92
39 94
39 95
39 96
39 105
39 106
39 107
39 109
39 110
39 114
40 40
40 41
40 47
40 66
40 69
40 70
40 82
40 83
40 95
40 96
40 97
40 98
40 99
40 106
40 107
40 109
40 110
41 41
41 46
41 47
41 57
41 62
41 63
41 69
41 70
41 71
41 72
41 73
41 74
41 76
41 78
41 79
41 83
41 95
41 96
41 98
41 99
41 107
41 108
41 111
41 112
42 42
42 43
42 44
42 45
42 46
42 47
42 49
42 51
42 54
42 55
42 56
42 69
42 96
42 98
42 99
42 111
42 112
43 43
43 44
43 45
43 46
43 47
43 49
43 51
43 54
43 55
43 56
43 96
43 98
43 99
43 111
43 112
44 44
44 45
44 46
44 47
44 48
44 49
44 51
44 54
44 55
44 96
44 98
44 110
45 45
45 46
45 47
45 48
45 49
45 50
45 51
45 54
45 55
45 67
45 69
45 87
45 95
45 96
45 98
45 108
45 110
45 111
45 114
46 46
46 47
46 49
46 51
46 53
46 54
46 55
46 56
46 57
46 69
46 75
46 80
46 81
46 90
46 95
46 96
46 98
46 111
46 112
47 47
47 49
47 55
47 56
47 57
47 69
47 81
47 90
47 95
47 96
47 97
47 98
47 99
47 108
47 110
47 111
47 112
48 48
48 49
48 50
48 51
48 52
48 54
48 55
48 58
48 59
48 61
48 65
48 66
48 67
48 86
48 87
48 89
49 49
49 50
49 51
49 54
49 55
49 96
49 98
49 111
50 50
50 51
50 52
50 53
50 64
50 65
50 67
50 84
50 85
50 86
50 87
50 88
50 91
50 93
51 51
51 52
51 53
51 54
51 55
51 59
51 61
51 86
51 89
52 52
52 53
52 54
52 61
52 89
52 113
52 115
53 53
53 57
53 72
53 73
53 75
53 79
53 80
53 81
53 89
54 54
54 55
54 58
54 59
54 61
54 68
54 69
54 87
54 88
54 89
54 96
54 98
54 105
55 55
55 56
55 59
55 68
55 69
55 89
55 96
55 98
55 99
55 107
55 110
56 56
56 57
56 62
56 63
56 68
56 72
56 76
56 78
56 80
56 81
56 94
56 98
56 99
56 103
56 111
57 57
57 68
57 69
57 71
57 72
57 73
57 74
57 76
57 78
57 79
57 80
57 81
57 98
57 99
57 102
57 111
57 112
58 58
58 59
58 60
58 61
58 66
58 67
58 101
58 112
59 59
59 61
59 62
59 63
59 66
59 68
59 89
59 94
59 96
59 99
60 60
60 61
60 62
60 63
60 64
60 65
60 88
60 89
60 93
60 101
61 61
61 63
61 65
61 75
61 76
61 77
61 89
61 94
61 113
61 115
62 62
62 63
62 66
62 68
62 72
62 78
62 79
62 80
62 81
62 82
62 83
62 100
62 101
62 102
62 112
63 63
63 68
63 72
63 74
63 75
63 76
63 78
63 79
63 80
63 81
63 83
63 90
63 99
63 101
63 111
63 112
64 64
64 65
64 67
64 84
64 85
64 88
64 92
64 93
65 65
65 66
65 67
65 77
65 86
65 87
65 88
65 89
65 92
66 66
66 67
66 68
66 95
66 96
66 97
66 102
66 103
66 104
66 105
66 108
66 110
67 67
67 86
67 87
67 93
67 96
67 103
67 107
67 108
67 110
68 68
68 78
68 80
68 94
68 96
68 97
68 99
68 100
68 103
68 105
68 110
69 69
69 88
69 95
69 96
69 97
69 105
69 106
69 107
69 108
69 110
69 114
70 70
70 71
70 73
70 74
70 75
70 77
70 82
70 83
70 85
70 98
70 100
70 102
70 104
70 112
71 71
71 73
71 79
71 102
71 104
71 108
71 112
72 72
72 73
72 74
72 75
72 76
72 78
72 79
72 80
72 81
72 90
72 98
72 99
72 111
72 112
73 73
73 74
73 75
73 76
73 78
73 79
73 80
73 81
73 83
73 90
73 98
73 111
73 112
74 74
74 75
74 76
74 78
74 79
74 81
74 112
75 75
75 76
75 77
75 78
75 79
75 80
75 81
75 90
75 98
75 112
75 115
76 76
76 77
76 78
76 79
76 81
76 90
76 96
76 97
76 98
76 99
76 110
76 111
76 112
77 77
77 94
77 96
77 104
77 105
77 106
78 78
78 79
78 80
78 81
78 90
78 99
78 100
78 111
78 112
79 79
79 80
79 81
79 90
79 98
79 99
79 100
79 111
79 112
80 80
80 81
80 82
80 83
80 84
80 90
80 98
80 99
80 100
80 102
80 111
81 81
81 90
81 98
81 99
81 100
81 102
81 111
81 112
82 82
82 83
82 84
82 85
82 86
82 87
82 100
82 101
82 102
83 83
83 84
83 85
83 86
83 100
83 102
84 84
84 85
84 86
84 87
84 88
84 93
84 102
85 85
85 86
85 87
85 92
85 93
85 100
85 102
86 86
86 87
86 88
86 89
87 87
87 88
87 89
87 92
88 88
88 89
88 91
88 92
89 89
89 92
89 113
89 115
90 90
90 92
90 96
90 97
90 98
90 99
90 111
91 91
91 92
91 93
91 101
92 92
92 93
92 109
93 93
93 100
93 101
93 102
93 103
94 94
94 100
94 101
94 106
94 109
94 113
94 114
94 115
95 95
95 96
95 97
95 99
95 108
95 109
95 110
95 111
95 114
96 96
96 97
96 98
96 99
96 107
96 108
96 110
96 111
96 112
97 97
97 99
97 107
97 108
97 109
97 110
97 114
98 98
98 99
98 110
98 111
98 112
99 99
99 101
99 103
99 109
99 110
99 111
99 112
100 100
100 101
100 102
100 103
100 112
101 101
101 102
101 103
101 109
101 112
102 102
102 103
103 103
103 104
104 104
104 105
105 105
105 106
105 107
106 106
106 107
106 113
106 114
107 107
107 110
107 114
108 108
108 110
108 111
108 114
109 109
109 110
109 114
109 115
110 110
110 114
111 111
111 112
112 112
113 113
113 114
113 115
114 114
114 115
115 115
