0 0
0 1
0 6
0 10
0 16
0 17
0 18
0 19
0 26
0 56
0 57
0 58
0 60
0 62
0 63
0 66
0 72
0 74
0 76
0 78
0 79
0 80
0 81
0 99
0 107
0 111
1 1
1 17
1 19
1 32
1 33
1 48
1 49
1 51
1 52
1 58
1 59
1 61
1 62
1 63
1 66
1 68
1 69
1 80
1 81
1 90
1 98
1 106
2 2
2 4
2 6
2 8
2 10
2 14
2 18
2 22
2 25
2 30
2 31
2 50
2 64
2 82
2 83
2 84
2 86
2 88
2 93
3 3
3 6
3 7
3 15
3 22
3 23
3 29
3 36
3 72
3 76
3 82
3 83
3 85
3 87
3 88
3 89
4 4
4 5
4 6
4 8
4 9
4 10
4 12
4 14
4 15
4 18
4 19
4 20
4 21
4 24
4 25
4 26
4 50
4 67
4 83
4 90
4 91
4 92
4 93
5 5
5 8
5 9
5 10
5 11
5 14
5 15
5 20
5 21
5 24
5 25
5 26
5 27
5 50
6 6
6 7
6 8
6 12
6 14
6 15
6 18
6 22
6 28
6 30
6 64
6 72
6 82
6 83
6 84
6 86
6 88
6 93
6 95
7 7
7 9
7 11
7 13
7 15
7 23
7 37
7 60
7 61
7 64
7 65
7 83
8 8
8 10
8 11
8 14
8 15
8 18
8 25
8 30
8 31
8 35
8 64
8 65
8 82
8 83
8 91
8 92
8 93
8 110
9 9
9 11
9 12
9 13
9 19
9 24
9 37
9 39
9 59
9 61
9 65
9 67
9 69
9 83
9 90
9 91
9 92
9 93
9 94
9 100
9 101
9 102
10 10
10 11
10 12
10 13
10 14
10 20
10 21
10 26
10 30
10 50
10 60
10 61
10 62
10 64
10 65
10 75
10 112
11 11
11 13
11 15
11 21
11 25
11 27
11 29
11 30
11 31
11 33
11 41
11 60
11 61
11 65
11 70
11 73
11 75
11 83
12 12
12 13
12 50
13 13
13 33
13 44
13 45
13 48
13 49
13 50
13 51
13 59
13 61
13 65
13 67
13 75
14 14
14 15
14 18
14 20
14 21
14 22
14 23
14 24
14 25
14 26
14 27
14 28
14 30
14 31
14 41
14 53
14 64
14 75
14 82
14 83
14 84
14 85
14 86
14 88
14 113
15 15
15 18
15 20
15 21
15 23
15 25
15 26
15 27
15 29
15 30
15 31
15 33
15 41
15 64
15 65
15 82
15 83
15 84
15 85
15 86
15 88
16 16
16 17
16 28
16 29
16 32
16 33
16 56
16 57
16 58
16 60
16 62
16 63
16 70
16 73
16 76
16 78
16 79
16 80
16 81
16 99
16 111
17 17
17 29
17 32
17 33
17 48
17 49
17 51
17 52
17 56
17 57
17 58
17 59
17 60
17 61
17 62
17 63
17 66
17 72
17 73
17 74
17 76
17 78
17 79
17 80
17 81
17 99
17 111
18 18
18 19
18 22
18 28
18 56
18 57
18 64
18 72
18 76
18 82
18 84
18 86
18 88
19 19
19 47
19 48
19 49
19 59
19 61
19 63
19 66
19 67
19 68
19 69
19 90
19 91
19 94
19 98
19 101
19 102
19 107
19 110
20 20
20 21
20 25
20 26
20 27
20 31
20 70
20 84
21 21
21 24
21 25
21 26
21 27
21 31
21 70
21 71
21 75
21 84
21 112
21 113
22 22
22 23
22 24
22 25
22 27
22 28
22 30
22 31
22 34
22 35
22 57
22 64
22 70
22 71
22 72
22 73
22 74
22 75
22 76
22 77
22 82
22 84
22 85
22 86
22 87
22 88
22 95
22 111
22 113
23 23
23 24
23 25
23 27
23 28
23 30
23 31
23 34
23 35
23 37
23 38
23 41
23 64
23 65
23 71
23 77
23 82
23 83
23 84
23 85
23 86
23 87
24 24
24 25
24 26
24 27
24 31
24 34
24 35
24 71
24 75
24 82
24 83
25 25
25 26
25 27
25 30
25 31
25 34
25 35
25 37
25 38
25 40
25 41
25 64
25 65
25 70
25 71
25 73
25 75
25 77
25 82
25 83
25 84
25 85
25 87
26 26
26 27
26 70
26 84
27 27
27 30
27 31
27 38
27 64
27 70
27 71
27 73
27 74
27 75
27 82
27 84
27 85
27 87
27 88
28 28
28 29
28 30
28 31
28 33
28 34
28 38
28 40
28 55
28 56
28 57
28 60
28 64
28 70
28 71
28 72
28 73
28 74
28 76
28 77
28 78
28 79
28 81
28 82
28 84
28 85
28 87
28 95
28 97
28 99
28 111
28 113
29 29
29 30
29 31
29 32
29 33
29 36
29 52
29 53
29 54
29 55
29 60
29 63
29 70
29 72
29 73
29 74
29 76
29 77
29 78
29 79
29 81
29 85
29 87
29 95
30 30
30 31
30 33
30 34
30 35
30 38
30 41
30 60
30 64
30 65
30 70
30 71
30 72
30 73
30 74
30 75
30 76
30 77
30 78
30 82
30 84
30 85
30 87
30 95
31 31
31 33
31 34
31 35
31 38
31 41
31 64
31 65
31 70
31 71
31 72
31 73
31 74
31 75
31 76
31 77
31 78
31 82
31 83
31 84
31 85
31 87
31 95
32 32
32 33
32 53
32 55
32 57
32 63
32 72
32 73
32 74
32 76
32 79
32 80
32 81
32 89
33 33
33 36
33 51
33 60
33 61
33 62
33 63
33 65
33 72
33 73
33 74
33 75
33 76
33 79
33 80
33 81
33 84
34 34
34 35
34 38
34 40
34 43
34 60
34 64
34 65
34 71
34 72
34 75
34 78
34 84
34 85
34 87
34 100
34 113
35 35
35 37
35 38
35 45
35 64
35 65
35 71
35 75
35 77
35 85
35 87
35 94
35 110
36 36
36 37
36 38
36 39
36 40
36 41
36 54
36 55
36 72
36 76
36 77
36 79
36 80
36 81
36 82
36 86
36 88
36 89
36 96
37 37
37 38
37 39
37 40
37 41
37 54
37 65
37 82
37 83
37 85
37 89
37 92
37 94
37 100
37 102
38 38
38 39
38 40
38 41
38 54
38 55
38 82
38 84
38 85
38 86
38 87
38 88
38 89
38 96
38 100
39 39
39 40
39 54
39 55
39 67
39 88
39 89
39 94
39 96
39 100
39 102
39 109
39 110
40 40
40 41
40 54
40 55
40 72
40 82
40 83
40 85
40 89
40 94
40 100
41 41
41 54
41 82
41 83
41 85
41 94
42 42
42 43
42 44
42 46
42 47
42 48
42 49
42 51
42 52
42 53
42 55
42 73
42 95
42 98
42 99
42 104
42 111
42 112
42 113
43 43
43 44
43 45
43 46
43 47
43 48
43 49
43 53
43 55
43 73
43 87
43 98
43 99
43 112
43 113
44 44
44 45
44 46
44 47
44 48
44 49
44 50
44 51
44 52
44 53
44 55
44 98
44 104
44 112
45 45
45 46
45 47
45 49
45 65
45 67
45 69
46 46
46 47
46 48
46 49
46 51
46 52
46 53
46 54
46 55
46 57
46 96
46 98
46 99
46 100
46 104
46 113
47 47
47 48
47 49
47 50
47 67
47 68
47 69
47 90
47 91
47 93
47 96
47 97
47 98
47 103
47 107
47 109
47 110
48 48
48 49
48 50
48 51
48 52
48 58
48 59
48 61
48 62
48 63
48 66
48 68
48 69
48 90
48 98
48 101
48 102
48 103
48 104
48 106
48 107
49 49
49 50
49 51
49 52
49 58
49 59
49 61
49 62
49 63
49 66
49 67
49 68
49 69
49 90
49 98
49 107
50 50
50 51
50 52
50 67
50 69
50 90
50 91
50 93
50 98
50 103
50 104
50 105
50 107
50 111
50 112
51 51
51 52
51 53
51 58
51 59
51 61
51 62
51 63
51 66
51 68
51 69
51 90
51 98
51 104
51 106
51 107
52 52
52 53
52 58
52 59
52 61
52 62
52 63
52 66
52 68
52 69
52 89
52 90
52 98
52 101
52 103
52 104
52 107
52 115
53 53
53 57
53 72
53 73
53 74
53 84
53 85
53 87
53 111
53 113
54 54
54 55
54 56
54 57
54 81
54 82
54 85
54 86
54 87
54 88
54 89
54 96
54 100
55 55
55 57
55 72
55 73
55 74
55 79
55 85
55 87
55 89
55 95
55 96
55 99
56 56
56 57
56 78
56 79
56 80
56 81
56 87
56 99
56 103
56 111
57 57
57 78
57 79
57 80
57 81
57 87
57 89
57 96
57 99
58 58
58 59
58 60
58 61
58 62
58 63
58 66
58 68
58 69
58 78
58 80
58 81
58 89
58 98
58 101
58 103
58 106
58 107
59 59
59 61
59 62
59 63
59 66
59 67
59 68
59 69
59 80
59 90
59 98
59 101
59 103
59 104
59 106
59 107
60 60
60 61
60 62
60 63
60 64
60 65
60 66
60 72
60 78
61 61
61 62
61 63
61 65
61 66
61 67
61 68
61 69
61 106
62 62
62 63
62 66
62 69
62 74
62 78
62 79
62 80
62 81
62 98
62 106
62 107
63 63
63 66
63 68
63 74
63 76
63 78
63 79
63 80
63 81
63 106
64 64
64 65
64 71
64 72
64 74
64 75
64 76
64 77
64 78
64 82
64 83
64 84
64 85
64 87
64 95
64 108
64 111
64 113
65 65
65 71
65 85
66 66
66 68
66 69
66 80
66 100
66 101
66 102
66 103
66 104
66 106
67 67
67 69
67 90
67 91
67 92
67 93
67 94
67 110
68 68
68 69
68 80
68 81
68 90
68 91
68 96
68 98
68 101
68 102
68 103
68 104
68 106
68 107
69 69
69 90
69 91
69 93
69 96
69 98
69 101
69 102
69 103
69 104
69 106
69 107
70 70
70 71
70 72
70 73
70 74
70 75
70 76
70 77
70 78
70 95
70 99
70 111
70 112
70 113
71 71
71 73
71 75
71 77
71 78
71 85
71 87
71 92
71 95
71 97
71 105
71 111
71 112
71 113
71 114
71 115
72 72
72 73
72 74
72 75
72 76
72 77
72 78
72 79
72 81
72 82
72 83
72 84
72 85
72 87
72 95
73 73
73 74
73 75
73 76
73 77
73 78
73 79
73 81
73 84
73 85
73 87
73 95
73 108
73 111
73 112
73 113
74 74
74 75
74 76
74 78
74 79
74 81
74 84
74 85
74 87
75 75
75 76
75 77
75 83
75 84
75 108
76 76
76 77
76 78
76 79
76 81
76 82
76 84
76 85
76 95
76 111
77 77
77 78
77 95
77 97
77 108
77 110
77 114
78 78
78 79
78 80
78 81
78 84
78 85
78 87
78 95
78 97
78 99
78 105
78 108
78 111
78 112
78 113
79 79
79 80
79 81
79 87
80 80
80 81
81 81
82 82
82 83
82 84
82 85
82 86
82 87
82 88
82 102
83 83
83 85
83 86
83 88
83 102
84 84
84 85
84 86
84 87
84 88
84 113
85 85
85 87
85 88
85 89
86 86
86 88
86 89
86 102
87 87
87 89
87 113
88 88
88 89
88 94
88 96
89 89
89 96
89 100
89 102
90 90
90 91
90 92
90 93
90 98
90 101
90 102
90 103
90 104
90 105
90 107
90 110
91 91
91 92
91 93
91 97
91 98
91 99
91 101
91 102
91 103
91 104
91 105
91 107
91 109
91 110
91 112
91 114
91 115
92 92
92 93
92 94
92 97
92 100
92 101
92 102
92 103
92 104
92 105
92 109
92 112
92 114
92 115
93 93
93 94
93 97
93 98
93 101
93 102
93 103
93 104
93 105
93 107
93 109
93 110
93 111
93 112
93 113
93 114
93 115
94 94
94 96
94 97
94 100
94 101
94 102
94 109
94 110
95 95
95 97
95 99
95 105
95 108
95 111
95 112
95 113
95 114
95 115
96 96
96 98
96 100
96 101
96 102
96 103
96 104
96 106
96 109
96 110
97 97
97 99
97 101
97 103
97 104
97 105
97 108
97 109
97 110
97 111
97 112
97 113
97 114
97 115
98 98
98 99
98 101
98 102
98 103
98 104
98 106
98 107
99 99
99 103
99 104
99 105
99 108
99 111
99 112
99 113
99 114
99 115
100 100
100 101
100 102
100 103
100 104
100 109
100 115
101 101
101 102
101 103
101 104
101 106
101 107
101 109
101 115
102 102
102 103
102 104
102 109
103 103
103 104
103 105
103 106
103 107
103 109
103 110
103 112
103 114
103 115
104 104
104 105
104 106
104 108
104 112
104 113
104 114
104 115
105 105
105 108
105 109
105 110
105 111
105 112
105 113
105 114
105 115
106 106
106 107
106 115
107 107
108 108
108 109
108 111
108 112
108 113
108 114
108 115
109 109
109 110
110 110
111 111
111 112
111 113
111 114
111 115
112 112
112 113
112 114
112 115
113 113
113 114
113 115
114 114
114 115
115 115
