0 0
0 1
0 12
0 13
0 16
0 17
0 19
0 28
0 29
0 32
0 56
0 58
0 60
0 61
0 62
0 63
0 72
0 73
0 74
0 75
0 76
0 77
0 95
0 109
1 1
1 5
1 9
1 16
1 17
1 19
1 29
1 41
1 52
1 56
1 57
1 60
1 61
1 62
1 63
1 73
1 75
1 77
1 78
1 79
1 80
1 81
1 98
1 99
1 102
1 111
1 112
1 113
2 2
2 3
2 4
2 5
2 6
2 7
2 8
2 9
2 12
2 13
2 22
2 23
2 30
2 35
2 50
2 52
2 58
2 59
2 60
2 61
2 64
2 65
2 66
2 67
2 88
2 89
2 93
3 3
3 7
3 22
3 23
3 26
3 27
3 31
3 50
3 54
3 64
3 65
3 66
3 67
3 84
3 85
3 87
3 88
3 89
3 92
3 105
3 114
4 4
4 6
4 7
4 8
4 10
4 12
4 14
4 15
4 18
4 23
4 26
4 30
4 35
4 44
4 45
4 48
4 49
4 50
4 64
4 65
4 66
4 82
4 88
4 91
4 93
5 5
5 6
5 8
5 9
5 21
5 22
5 24
5 25
5 27
5 50
5 52
5 53
5 107
5 112
6 6
6 7
6 8
6 9
6 10
6 11
6 12
6 13
6 22
6 23
6 50
6 58
6 60
6 61
6 64
6 65
6 66
6 84
6 88
6 93
7 7
7 8
7 9
7 11
7 12
7 13
7 15
7 50
7 58
7 59
7 60
7 61
7 64
7 65
7 66
7 67
7 88
7 89
7 92
8 8
8 9
8 12
8 13
8 14
8 15
8 22
8 50
8 59
8 61
8 64
8 65
8 92
8 93
8 107
9 9
9 12
9 13
9 22
9 50
9 52
9 53
9 58
9 60
9 61
9 63
9 65
10 10
10 11
10 12
10 14
10 15
10 26
10 27
10 42
10 44
10 46
10 48
10 49
10 51
10 64
10 69
10 82
10 84
10 86
10 88
10 93
11 11
11 12
11 13
11 15
11 65
11 68
11 69
11 85
11 89
11 92
12 12
12 13
12 15
12 28
12 58
12 60
12 61
12 65
12 82
13 13
13 15
13 58
13 59
13 60
13 61
13 65
13 68
13 69
13 85
13 89
13 92
13 115
14 14
14 15
14 18
14 23
14 26
14 34
14 44
14 48
14 49
14 66
14 69
14 82
14 84
14 88
14 93
14 103
14 114
15 15
15 49
15 69
15 88
15 89
15 92
15 94
15 106
15 115
16 16
16 17
16 19
16 28
16 29
16 32
16 33
16 36
16 37
16 41
16 47
16 55
16 56
16 57
16 62
16 63
16 72
16 73
16 74
16 75
16 76
16 77
16 78
16 79
16 80
16 81
16 83
16 95
16 98
16 99
17 17
17 19
17 28
17 29
17 32
17 33
17 37
17 41
17 47
17 56
17 57
17 62
17 63
17 72
17 73
17 74
17 75
17 76
17 77
17 78
17 79
17 80
17 81
17 95
17 98
17 99
17 111
17 112
18 18
18 23
18 30
18 32
18 35
18 64
18 66
18 70
18 82
18 83
18 86
18 87
18 88
18 91
18 93
18 101
18 103
19 19
19 28
19 29
19 32
19 41
19 56
19 62
19 63
19 68
19 69
19 72
19 73
19 74
19 75
19 76
19 77
19 78
19 79
19 80
19 81
19 95
19 97
19 99
19 112
20 20
20 21
20 22
20 23
20 24
20 25
20 26
20 30
20 31
20 40
20 43
20 46
20 51
20 52
20 53
20 55
20 94
20 110
21 21
21 22
21 24
21 25
21 26
21 27
21 31
21 39
21 40
21 43
21 54
21 56
21 57
21 89
21 94
21 97
21 107
21 110
22 22
22 23
22 24
22 25
22 26
22 27
22 30
22 43
22 46
22 47
22 48
22 49
22 50
22 51
22 52
22 53
22 54
22 86
22 105
22 107
23 23
23 24
23 25
23 26
23 30
23 31
23 34
23 38
23 48
23 50
23 64
23 66
23 67
23 84
23 86
23 88
23 93
23 107
23 110
24 24
24 25
24 26
24 27
24 30
24 31
24 34
24 38
24 43
24 47
24 48
24 51
24 53
24 54
24 55
24 70
24 71
24 97
24 105
24 107
24 110
25 25
25 26
25 27
25 30
25 31
25 34
25 37
25 38
25 39
25 43
25 47
25 54
25 55
25 56
25 57
25 67
25 70
25 71
25 95
25 96
25 97
25 104
25 105
25 108
25 110
26 26
26 27
26 34
26 42
26 43
26 44
26 45
26 46
26 47
26 48
26 49
26 50
26 51
26 55
26 67
26 84
26 86
26 97
26 107
26 110
26 114
27 27
27 43
27 47
27 50
27 51
27 54
27 57
27 86
27 97
27 104
27 105
27 107
27 110
27 114
28 28
28 29
28 32
28 33
28 36
28 37
28 41
28 56
28 60
28 62
28 63
28 72
28 73
28 74
28 75
28 76
28 78
28 79
28 80
28 81
28 82
28 83
28 95
29 29
29 32
29 33
29 36
29 37
29 41
29 56
29 57
29 58
29 60
29 61
29 62
29 63
29 72
29 73
29 74
29 75
29 76
29 77
29 78
29 79
29 80
29 81
29 83
29 95
29 98
29 99
29 102
29 109
29 112
29 115
30 30
30 31
30 34
30 35
30 38
30 40
30 67
30 70
30 71
30 110
31 31
31 33
31 34
31 35
31 36
31 38
31 39
31 40
31 56
31 67
31 70
31 71
31 110
32 32
32 33
32 36
32 41
32 56
32 58
32 60
32 62
32 63
32 66
32 68
32 69
32 72
32 73
32 74
32 76
32 77
32 78
32 80
32 83
32 101
32 102
32 103
32 109
32 115
33 33
33 35
33 60
33 62
33 63
33 72
33 73
33 74
33 76
33 78
33 79
33 80
33 81
33 82
33 83
34 34
34 35
34 37
34 39
34 55
34 67
34 70
34 71
34 76
34 77
34 91
34 93
34 95
34 97
34 109
34 110
35 35
35 45
35 60
35 64
35 91
36 36
36 37
36 38
36 39
36 40
36 41
36 56
36 62
36 70
36 71
36 72
36 73
36 74
36 75
36 76
36 77
36 78
36 80
36 82
36 83
36 87
36 95
36 97
36 101
36 108
37 37
37 38
37 39
37 41
37 54
37 55
37 56
37 57
37 62
37 63
37 70
37 71
37 72
37 73
37 74
37 75
37 76
37 77
37 78
37 79
37 80
37 81
37 87
37 95
37 96
37 97
37 98
37 99
37 108
37 109
37 115
38 38
38 39
38 41
38 54
38 55
38 56
38 70
38 72
38 73
38 75
38 82
38 86
38 89
38 95
38 96
38 97
38 108
38 110
39 39
39 40
39 41
39 54
39 55
39 56
39 70
39 71
39 72
39 73
39 74
39 76
39 77
39 78
39 80
39 83
39 87
39 94
39 95
39 96
39 97
39 99
39 108
39 109
39 110
40 40
40 41
40 94
41 41
41 56
41 57
41 62
41 63
41 70
41 72
41 73
41 74
41 75
41 76
41 77
41 78
41 79
41 80
41 81
41 83
41 94
41 95
41 97
41 98
41 99
41 101
41 109
41 115
42 42
42 43
42 44
42 45
42 46
42 47
42 48
42 49
42 51
42 53
42 55
42 78
42 79
42 81
42 96
42 98
42 112
43 43
43 44
43 45
43 46
43 47
43 48
43 49
43 51
43 53
43 55
43 67
43 79
43 98
43 105
43 110
44 44
44 45
44 46
44 47
44 48
44 49
44 51
44 55
44 67
45 45
45 46
45 47
45 48
45 49
45 51
45 53
45 67
45 98
46 46
46 47
46 48
46 49
46 51
46 53
46 55
46 78
46 79
46 81
46 96
46 98
46 112
47 47
47 48
47 49
47 51
47 53
47 55
47 78
47 79
47 81
47 98
47 110
47 112
48 48
48 49
48 50
48 51
48 53
48 55
48 84
48 107
49 49
49 51
49 53
49 55
49 98
50 50
50 51
50 52
50 54
50 64
50 65
50 66
50 67
50 84
50 88
50 107
51 51
51 52
51 53
51 55
51 79
51 98
52 52
52 53
52 54
52 58
52 60
52 61
52 90
53 53
53 55
53 79
53 81
53 90
53 98
53 107
54 54
54 88
54 89
55 55
55 71
55 73
55 76
55 78
55 79
55 80
55 81
55 96
55 98
56 56
56 57
56 62
56 63
56 70
56 71
56 72
56 73
56 74
56 75
56 76
56 77
56 78
56 79
56 80
56 81
56 87
56 95
56 97
56 98
56 99
56 104
56 108
56 109
56 110
56 111
56 113
57 57
57 62
57 63
57 73
57 74
57 75
57 76
57 77
57 78
57 79
57 80
57 81
57 95
57 97
57 98
57 99
57 102
57 109
57 111
57 113
58 58
58 59
58 60
58 61
58 65
58 66
58 91
58 101
58 103
58 106
59 59
59 60
59 61
59 65
59 66
59 83
59 85
59 100
59 101
59 102
59 103
59 106
59 113
60 60
60 61
60 62
60 63
60 72
60 82
60 83
60 101
61 61
61 62
61 63
61 65
61 72
61 89
61 100
61 101
61 106
61 115
62 62
62 63
62 72
62 73
62 74
62 75
62 76
62 77
62 78
62 79
62 80
62 81
62 83
62 95
62 99
62 102
62 109
63 63
63 72
63 73
63 74
63 75
63 77
63 78
63 79
63 80
63 81
63 95
63 98
63 99
63 100
63 102
63 109
63 111
64 64
64 65
64 66
64 67
64 82
64 84
64 85
64 88
64 93
65 65
65 66
65 67
65 85
65 89
65 92
66 66
66 67
66 68
66 69
66 82
66 84
66 85
66 87
66 88
66 92
66 93
66 101
66 103
67 67
67 84
67 85
67 86
67 87
67 92
67 93
67 103
67 104
67 105
67 110
68 68
68 69
68 74
68 76
68 85
68 92
68 96
68 97
68 102
68 104
68 108
68 115
69 69
69 85
69 92
69 94
69 97
69 110
69 115
70 70
70 71
70 73
70 74
70 75
70 76
70 77
70 87
70 95
70 97
70 101
70 108
70 109
70 110
70 115
71 71
71 73
71 74
71 75
71 76
71 77
71 78
71 80
71 95
71 96
71 97
71 108
71 109
71 110
71 114
72 72
72 73
72 74
72 75
72 76
72 77
72 78
72 79
72 80
72 81
72 82
72 83
72 95
72 115
73 73
73 74
73 75
73 76
73 77
73 78
73 79
73 80
73 81
73 95
73 98
73 109
73 115
74 74
74 75
74 76
74 77
74 78
74 79
74 80
74 81
74 95
74 97
74 99
74 109
74 115
75 75
75 76
75 77
75 78
75 79
75 80
75 81
75 95
75 97
75 108
75 109
75 115
76 76
76 77
76 78
76 79
76 80
76 81
76 87
76 95
76 97
76 109
76 115
77 77
77 78
77 79
77 80
77 81
77 83
77 87
77 90
77 95
77 97
77 98
77 99
77 108
77 109
77 111
77 113
77 114
77 115
78 78
78 79
78 80
78 81
78 95
78 97
78 98
78 99
78 111
78 112
79 79
79 80
79 81
79 95
79 98
80 80
80 81
80 83
80 95
80 98
80 99
80 102
80 111
80 112
81 81
81 98
81 111
81 112
82 82
82 83
82 84
82 86
82 87
82 88
82 91
82 93
82 101
82 103
83 83
83 85
83 87
83 91
83 94
83 99
83 101
83 102
83 103
83 108
83 109
84 84
84 85
84 86
84 87
84 88
84 93
84 114
85 85
85 87
85 89
85 92
85 104
85 114
86 86
86 87
86 88
86 91
86 107
86 114
87 87
87 88
87 94
87 95
87 97
87 101
87 103
87 104
87 114
88 88
88 89
88 93
89 89
89 105
90 90
90 91
90 98
90 99
90 100
90 101
90 102
90 103
90 105
90 111
91 91
91 93
91 99
91 101
91 103
91 106
91 107
91 108
91 109
92 92
92 93
92 94
92 97
92 100
92 101
92 104
92 105
92 108
92 109
92 114
92 115
93 93
93 100
93 101
93 103
94 94
94 97
94 99
94 103
94 110
94 115
95 95
95 97
95 99
95 101
95 106
95 108
95 109
95 110
95 115
96 96
96 97
96 99
96 104
96 110
96 111
96 112
96 113
96 114
97 97
97 99
97 104
97 107
97 108
97 109
97 110
97 114
97 115
98 98
98 99
98 102
98 111
98 112
99 99
99 102
99 103
99 104
99 106
99 108
99 109
99 110
99 111
99 112
99 113
100 100
100 101
100 102
100 108
100 111
101 101
101 102
101 103
101 106
101 108
101 109
102 102
102 103
102 104
102 108
102 109
102 111
102 113
103 103
103 104
103 106
103 107
103 109
103 110
103 113
103 114
104 104
104 105
104 106
104 108
104 113
104 114
105 105
105 107
105 114
106 106
106 108
106 114
106 115
107 107
107 114
108 108
108 109
108 110
108 115
109 109
109 110
109 111
109 113
110 110
110 111
111 111
111 113
112 112
113 113
113 114
114 114
115 115
