0 0
0 1
0 10
0 11
0 12
0 15
0 17
0 18
0 28
0 32
0 33
0 52
0 56
0 57
0 58
0 60
0 61
0 62
0 63
0 68
0 81
0 83
0 106
0 115
1 1
1 10
1 11
1 12
1 13
1 15
1 16
1 17
1 28
1 29
1 32
1 33
1 36
1 37
1 40
1 56
1 57
1 59
1 60
1 61
1 62
1 63
1 68
1 72
1 73
1 75
1 76
1 78
1 79
1 80
1 81
1 112
2 2
2 3
2 4
2 6
2 7
2 8
2 9
2 18
2 20
2 22
2 24
2 25
2 30
2 31
2 34
2 35
2 64
2 65
2 67
2 82
2 86
2 88
2 91
2 92
2 93
2 101
2 103
2 110
3 3
3 4
3 5
3 7
3 14
3 22
3 23
3 25
3 26
3 27
3 45
3 50
3 54
3 65
3 82
3 83
3 84
3 85
3 86
3 87
3 88
3 89
3 92
4 4
4 5
4 6
4 7
4 8
4 9
4 22
4 23
4 24
4 25
4 26
4 27
4 38
4 42
4 44
4 45
4 48
4 49
4 50
4 54
4 58
4 64
4 65
4 87
4 88
4 89
5 5
5 6
5 7
5 9
5 10
5 11
5 12
5 13
5 22
5 23
5 24
5 25
5 26
5 27
5 42
5 48
5 50
5 52
5 54
5 58
5 61
5 65
5 87
5 88
5 89
5 92
6 6
6 7
6 8
6 9
6 12
6 18
6 30
6 31
6 35
6 58
6 60
6 64
6 65
6 86
6 90
6 91
6 92
6 93
6 103
6 109
7 7
7 8
7 9
7 13
7 21
7 24
7 25
7 27
7 31
7 34
7 35
7 42
7 48
7 53
7 65
7 67
7 86
7 87
7 88
7 92
7 111
7 113
8 8
8 9
8 12
8 53
8 58
8 60
8 64
8 90
8 91
8 93
8 94
8 97
8 101
8 103
8 109
9 9
9 12
9 13
9 21
9 48
9 51
9 53
9 58
9 59
9 60
9 61
9 65
9 70
9 90
9 92
9 103
9 113
10 10
10 11
10 12
10 13
10 14
10 15
10 51
10 52
10 58
10 61
10 82
10 83
10 84
10 87
10 88
10 89
11 11
11 12
11 13
11 14
11 15
11 17
11 48
11 52
11 58
11 59
11 60
11 61
11 65
11 83
11 87
11 89
12 12
12 13
12 15
12 17
12 33
12 35
12 38
12 39
12 52
12 58
12 60
12 61
12 65
12 87
12 115
13 13
13 15
13 35
13 52
13 58
13 59
13 60
13 61
13 65
13 67
13 87
13 89
13 92
14 14
14 18
14 19
14 22
14 23
14 25
14 30
14 44
14 45
14 49
14 50
14 51
14 52
14 53
14 64
14 82
14 83
14 84
14 85
14 87
14 88
14 92
15 15
15 16
15 17
15 28
15 29
15 32
15 33
15 36
15 37
15 38
15 40
15 57
15 59
15 61
15 62
15 63
15 72
15 73
15 74
15 76
15 79
15 81
15 83
15 106
15 115
16 16
16 17
16 19
16 28
16 29
16 32
16 36
16 37
16 40
16 41
16 56
16 57
16 62
16 63
16 66
16 68
16 69
16 72
16 73
16 74
16 76
16 78
16 79
16 80
16 81
16 98
16 99
16 105
17 17
17 28
17 29
17 32
17 33
17 36
17 37
17 40
17 41
17 56
17 57
17 60
17 61
17 62
17 63
17 68
17 72
17 73
17 74
17 75
17 76
17 77
17 78
17 79
17 80
17 81
17 106
18 18
18 19
18 28
18 30
18 31
18 32
18 33
18 56
18 64
18 74
18 75
18 82
18 83
19 19
19 22
19 23
19 30
19 56
19 57
19 68
19 69
19 82
19 83
19 90
19 91
19 93
19 94
19 97
19 101
19 104
19 105
19 110
20 20
20 21
20 24
20 31
20 33
20 36
20 37
20 40
20 41
20 70
20 71
20 72
20 73
20 74
20 75
20 77
20 97
20 102
20 108
20 109
20 110
20 114
21 21
21 24
21 27
21 31
21 33
21 34
21 41
21 42
21 47
21 67
21 70
21 71
21 73
21 75
21 77
21 90
21 94
21 96
21 97
21 103
21 108
21 109
21 110
21 114
22 22
22 23
22 24
22 25
22 26
22 27
22 30
22 31
22 44
22 45
22 46
22 49
22 50
22 54
22 64
22 82
22 83
22 84
22 86
22 87
22 88
22 89
23 23
23 24
23 25
23 26
23 27
23 30
23 31
23 42
23 43
23 45
23 46
23 50
23 54
23 82
23 84
23 86
23 87
23 88
23 89
23 92
24 24
24 25
24 26
24 27
24 30
24 31
24 34
24 35
24 38
24 39
24 42
24 43
24 46
24 47
24 65
24 67
24 71
24 86
24 87
24 88
24 94
24 96
24 97
24 110
25 25
25 26
25 27
25 30
25 31
25 34
25 35
25 42
25 43
25 45
25 46
25 65
25 82
25 84
25 86
25 87
25 88
25 89
25 92
26 26
26 27
26 42
26 45
26 48
26 49
26 50
26 54
26 65
26 87
26 88
26 89
27 27
27 34
27 42
27 43
27 45
27 48
27 50
27 54
27 65
27 67
27 87
27 88
27 89
28 28
28 29
28 32
28 36
28 37
28 40
28 41
28 56
28 57
28 62
28 63
28 68
28 72
28 73
28 74
28 75
28 76
28 77
28 78
28 79
28 80
28 81
28 98
28 99
28 106
29 29
29 32
29 33
29 36
29 37
29 40
29 41
29 56
29 57
29 62
29 63
29 68
29 70
29 72
29 73
29 74
29 75
29 76
29 77
29 78
29 79
29 80
29 81
29 99
29 102
30 30
30 31
30 34
30 35
30 53
30 64
30 71
30 82
30 83
30 84
30 86
30 88
31 31
31 33
31 34
31 35
31 42
31 47
31 53
31 64
31 71
31 75
31 77
31 82
31 86
31 88
31 111
32 32
32 33
32 36
32 37
32 40
32 41
32 56
32 57
32 62
32 63
32 66
32 68
32 72
32 73
32 74
32 75
32 76
32 77
32 78
32 79
32 80
32 81
32 99
32 105
32 106
33 33
33 40
33 56
33 57
33 60
33 61
33 62
33 63
33 68
33 73
33 75
33 76
33 77
33 79
33 106
33 114
34 34
34 35
34 42
34 43
34 65
34 67
34 71
34 82
34 86
34 95
34 98
34 110
34 111
35 35
35 64
35 65
35 67
35 86
35 92
36 36
36 37
36 38
36 39
36 40
36 41
36 54
36 56
36 57
36 62
36 63
36 68
36 70
36 72
36 73
36 74
36 75
36 76
36 77
36 78
36 79
36 80
36 81
37 37
37 39
37 40
37 41
37 56
37 57
37 62
37 63
37 68
37 70
37 71
37 72
37 73
37 74
37 75
37 76
37 77
37 78
37 79
37 80
37 81
37 108
37 110
38 38
38 39
38 40
38 54
38 55
38 87
38 95
38 96
38 106
38 109
38 115
39 39
39 40
39 41
39 56
39 57
39 68
39 77
39 78
39 81
39 95
39 96
39 99
39 104
39 110
39 114
40 40
40 41
40 54
40 56
40 57
40 62
40 63
40 68
40 72
40 73
40 74
40 76
40 77
40 78
40 79
40 80
40 81
41 41
41 56
41 57
41 62
41 63
41 68
41 70
41 71
41 72
41 73
41 74
41 75
41 76
41 77
41 78
41 79
41 80
41 81
41 97
41 99
41 101
41 102
41 105
41 110
41 114
42 42
42 43
42 44
42 45
42 46
42 47
42 48
42 49
42 55
42 71
42 90
42 96
42 98
42 108
42 110
42 111
43 43
43 44
43 45
43 46
43 47
43 48
43 49
43 55
43 96
43 98
43 111
44 44
44 45
44 46
44 47
44 48
44 49
44 50
44 51
44 52
44 53
44 55
44 64
45 45
45 46
45 47
45 48
45 49
45 50
45 51
45 53
45 55
45 82
45 88
46 46
46 47
46 48
46 49
46 50
46 51
46 53
46 55
46 71
46 90
46 96
46 98
46 108
46 110
46 111
46 113
47 47
47 48
47 49
47 53
47 55
47 71
47 77
47 90
47 91
47 94
47 96
47 97
47 98
47 99
47 103
47 109
47 110
47 111
47 113
48 48
48 49
48 50
48 51
48 52
48 53
48 54
48 55
48 58
48 59
48 113
49 49
49 50
49 51
49 52
49 53
49 54
49 55
49 98
49 113
50 50
50 51
50 52
50 53
50 54
50 84
50 88
50 89
51 51
51 52
51 53
51 59
51 90
51 113
52 52
52 53
52 54
52 58
52 61
52 65
52 88
52 89
53 53
53 55
53 64
53 82
53 84
53 90
53 113
54 54
54 55
54 79
54 83
54 84
54 87
54 88
54 89
54 98
55 55
55 87
55 96
55 98
56 56
56 57
56 62
56 63
56 68
56 72
56 73
56 75
56 76
56 77
56 78
56 79
56 80
56 81
56 97
56 98
56 99
56 105
56 110
57 57
57 62
57 63
57 68
57 69
57 72
57 73
57 74
57 76
57 77
57 78
57 79
57 80
57 81
57 98
57 99
58 58
58 59
58 60
58 61
58 65
58 66
58 103
58 107
58 115
59 59
59 60
59 61
59 63
59 65
59 66
59 67
59 102
59 103
59 104
59 107
60 60
60 61
60 62
60 63
60 65
60 66
60 103
60 106
60 107
60 114
60 115
61 61
61 63
61 65
61 66
61 115
62 62
62 63
62 66
62 68
62 72
62 73
62 74
62 76
62 78
62 79
62 80
62 81
62 95
62 99
62 106
62 115
63 63
63 66
63 68
63 72
63 73
63 74
63 76
63 78
63 79
63 80
63 81
63 106
63 115
64 64
64 65
64 82
64 83
64 84
64 85
64 86
64 87
64 88
65 65
65 67
65 87
65 88
65 89
65 92
66 66
66 67
66 69
66 74
66 95
66 101
66 102
66 103
66 104
66 106
66 107
67 67
67 69
67 85
67 91
67 92
67 93
67 95
67 103
67 104
68 68
68 69
68 72
68 73
68 76
68 77
68 78
68 79
68 80
68 81
68 97
68 105
69 69
69 73
69 90
69 91
69 94
69 97
69 104
69 105
69 106
70 70
70 71
70 72
70 73
70 74
70 75
70 76
70 77
70 90
70 102
70 108
70 109
70 110
71 71
71 73
71 74
71 75
71 76
71 77
71 90
71 91
71 97
71 98
71 102
71 108
71 109
71 110
71 113
72 72
72 73
72 74
72 75
72 76
72 77
72 78
72 79
72 80
72 81
72 98
72 99
72 102
72 106
73 73
73 74
73 75
73 76
73 77
73 78
73 79
73 80
73 81
73 99
73 102
74 74
74 75
74 76
74 77
74 78
74 79
74 80
74 81
74 101
74 102
75 75
75 76
75 77
75 81
75 90
75 99
75 100
75 102
75 110
75 111
75 113
76 76
76 77
76 78
76 79
76 80
76 81
76 113
77 77
77 78
77 79
77 80
77 81
77 90
77 98
77 99
77 102
77 108
77 110
77 111
77 113
78 78
78 79
78 80
78 81
78 95
78 98
78 99
78 105
78 115
79 79
79 80
79 81
79 95
80 80
80 81
80 95
80 99
80 105
81 81
81 99
81 105
81 106
81 115
82 82
82 83
82 84
82 86
82 87
82 88
82 92
83 83
83 84
83 85
83 87
83 88
83 89
84 84
84 85
84 86
84 87
84 88
85 85
85 88
86 86
86 88
87 87
87 88
87 89
88 88
88 89
88 92
89 89
89 92
89 93
90 90
90 91
90 92
90 99
90 100
90 101
90 102
90 103
90 104
90 105
90 108
90 109
90 110
90 111
90 114
91 91
91 92
91 93
91 94
91 97
91 99
91 101
91 102
91 103
91 104
91 105
91 107
91 108
91 109
91 110
91 111
91 114
92 92
92 93
92 100
92 102
92 103
92 111
92 112
93 93
93 94
93 97
93 101
93 103
93 109
93 110
93 112
94 94
94 97
94 101
94 103
94 104
94 105
94 106
94 107
94 109
94 110
94 114
95 95
95 96
95 99
95 106
95 109
95 115
96 96
96 97
96 98
96 99
96 110
96 111
96 113
97 97
97 99
97 101
97 103
97 104
97 105
97 107
97 108
97 109
97 110
97 114
98 98
98 99
98 110
98 111
98 112
98 113
99 99
99 103
99 104
99 105
99 106
99 109
99 110
99 111
99 112
99 113
99 114
100 100
100 102
100 103
100 104
100 105
100 112
100 113
100 114
101 101
101 102
101 103
101 104
101 105
101 107
101 110
101 114
102 102
102 103
102 108
102 109
102 110
102 112
102 113
102 114
103 103
103 104
103 105
103 106
103 107
103 109
103 110
103 114
104 104
104 105
104 106
104 107
104 109
104 110
104 114
105 105
105 107
105 109
105 110
105 114
106 106
106 107
106 115
107 107
107 108
107 110
107 114
108 108
108 109
108 110
108 112
109 109
109 110
109 112
109 114
110 110
110 111
110 112
110 114
111 111
111 112
111 113
112 112
113 113
114 114
115 115
