0 0
0 1
0 2
0 3
0 4
0 6
0 18
0 19
0 20
0 32
0 56
0 58
0 60
0 61
0 62
0 64
0 82
0 83
0 88
0 107
1 1
1 18
1 19
1 32
1 51
1 56
1 57
1 59
1 63
1 66
1 68
1 69
1 82
1 93
1 98
2 2
2 3
2 4
2 6
2 7
2 9
2 15
2 18
2 22
2 23
2 25
2 39
2 41
2 56
2 58
2 60
2 61
2 64
2 65
2 75
2 83
2 88
2 90
2 92
2 100
2 101
2 105
2 107
3 3
3 5
3 6
3 7
3 18
3 19
3 21
3 22
3 23
3 39
3 41
3 56
3 64
3 83
3 88
3 89
3 90
3 92
3 100
3 102
3 105
3 107
3 108
4 4
4 6
4 8
4 9
4 15
4 20
4 25
4 26
4 39
4 52
4 55
4 58
4 82
4 83
4 92
4 100
5 5
5 6
5 7
5 8
5 9
5 12
5 14
5 20
5 21
5 23
5 24
5 26
5 27
5 30
5 31
5 64
5 70
5 71
5 90
5 92
5 108
6 6
6 7
6 22
6 23
6 26
6 30
6 31
6 39
6 60
6 64
6 71
6 82
6 83
6 88
6 92
6 100
7 7
7 12
7 22
7 23
7 30
7 31
7 39
7 64
7 71
7 92
7 100
7 105
8 8
8 12
8 13
8 14
8 20
8 21
8 24
8 26
8 27
8 48
8 71
8 72
8 94
8 106
9 9
9 15
9 25
9 39
9 41
9 45
9 55
9 58
9 61
9 65
9 73
9 74
9 75
9 83
9 92
9 101
9 107
10 10
10 11
10 12
10 13
10 16
10 17
10 28
10 29
10 30
10 31
10 33
10 34
10 50
10 62
10 64
10 72
10 74
10 76
10 77
10 78
10 79
10 81
10 84
10 86
10 94
10 109
10 111
11 11
11 12
11 13
11 17
11 28
11 29
11 30
11 31
11 37
11 38
11 71
11 72
11 73
11 74
11 76
11 77
11 78
11 79
11 84
11 105
11 110
12 12
12 13
12 14
12 17
12 21
12 22
12 27
12 28
12 29
12 30
12 31
12 37
12 38
12 48
12 70
12 71
12 72
12 94
12 106
13 13
13 14
13 16
13 17
13 29
13 32
13 36
13 48
13 51
13 72
13 73
13 74
13 76
13 78
13 81
13 86
13 87
13 94
13 95
13 106
13 109
13 111
14 14
14 20
14 21
14 24
14 26
14 27
14 28
14 30
14 31
14 48
14 71
14 72
14 94
14 106
14 109
15 15
15 22
15 25
15 39
15 41
15 45
15 55
15 58
15 61
15 65
15 73
15 74
15 75
15 82
15 83
15 92
16 16
16 17
16 28
16 29
16 32
16 36
16 42
16 43
16 50
16 51
16 57
16 62
16 63
16 72
16 73
16 74
16 76
16 78
16 79
16 80
16 81
16 85
16 86
16 87
16 94
16 95
16 97
16 106
16 109
16 111
16 112
17 17
17 28
17 29
17 31
17 36
17 37
17 40
17 42
17 43
17 54
17 62
17 63
17 72
17 73
17 74
17 76
17 78
17 79
17 81
17 85
17 86
17 94
17 95
17 96
17 97
17 106
17 109
17 111
17 112
18 18
18 19
18 56
18 59
18 64
18 66
18 67
18 68
18 69
18 84
18 90
18 92
18 108
19 19
19 32
19 56
19 57
19 59
19 66
19 68
19 69
19 80
19 82
19 91
19 98
20 20
20 21
20 24
20 26
20 27
20 36
20 39
20 40
20 52
20 55
20 56
20 57
20 58
20 71
20 82
20 83
20 88
20 94
20 95
20 112
21 21
21 23
21 24
21 26
21 27
21 28
21 30
21 31
21 37
21 38
21 40
21 55
21 71
21 72
21 92
21 101
21 108
22 22
22 23
22 25
22 30
22 31
22 39
22 64
22 71
22 92
23 23
23 38
23 71
23 89
23 92
23 93
23 100
23 101
23 102
23 105
24 24
24 25
24 26
24 27
24 30
24 31
24 40
24 42
24 43
24 44
24 55
24 58
24 59
24 71
24 87
24 94
24 112
25 25
25 30
25 31
25 33
25 39
25 41
25 55
25 56
25 58
25 60
25 61
25 64
25 65
25 71
25 73
25 74
25 75
25 83
25 92
25 100
25 101
25 107
26 26
26 27
26 30
26 38
26 40
26 55
26 71
26 82
26 83
26 88
26 92
27 27
27 30
27 37
27 38
27 71
27 86
27 87
27 94
27 97
27 106
27 109
27 111
28 28
28 29
28 30
28 31
28 36
28 37
28 40
28 41
28 53
28 62
28 70
28 71
28 72
28 73
28 74
28 75
28 76
28 77
28 78
28 79
28 80
28 81
28 84
28 85
28 97
28 109
29 29
29 31
29 36
29 37
29 40
29 41
29 47
29 53
29 54
29 70
29 72
29 73
29 74
29 75
29 76
29 77
29 78
29 79
29 81
29 84
29 85
29 96
29 97
29 109
29 110
30 30
30 31
30 33
30 41
30 62
30 64
30 71
30 72
30 77
30 79
31 31
31 33
31 41
31 62
31 64
31 71
31 72
31 73
31 74
31 75
31 78
31 79
32 32
32 33
32 44
32 45
32 50
32 51
32 57
32 60
32 61
32 62
32 63
32 66
32 76
32 79
32 80
32 81
32 86
32 87
32 95
33 33
33 34
33 35
33 41
33 45
33 50
33 51
33 60
33 61
33 62
33 63
33 64
33 65
33 73
33 74
33 75
33 76
33 77
33 78
33 80
33 81
33 85
34 34
34 35
34 50
34 62
34 64
34 77
34 84
34 110
35 35
35 37
35 47
35 51
35 53
35 67
35 77
35 81
35 84
35 96
35 99
35 108
35 110
35 115
36 36
36 37
36 38
36 40
36 43
36 52
36 54
36 55
36 63
36 72
36 73
36 74
36 76
36 78
36 79
36 80
36 81
36 82
36 83
36 85
36 86
36 87
36 94
36 95
36 96
36 97
36 104
36 109
36 111
36 112
36 114
37 37
37 38
37 40
37 47
37 54
37 72
37 73
37 76
37 77
37 78
37 79
37 81
37 85
37 94
37 96
37 97
37 99
37 108
37 109
37 110
37 115
38 38
38 39
38 40
38 54
38 55
38 72
38 88
38 89
38 94
38 96
38 97
38 99
38 104
38 105
38 106
38 108
38 109
38 110
38 114
38 115
39 39
39 41
39 55
39 75
39 82
39 83
39 88
39 89
39 105
39 107
39 108
39 114
39 115
40 40
40 54
40 55
40 72
40 76
40 78
40 79
40 85
40 88
40 89
40 94
40 95
40 96
40 97
40 99
40 108
40 109
40 112
40 114
41 41
41 47
41 53
41 55
41 61
41 64
41 70
41 72
41 73
41 74
41 75
41 77
41 83
41 84
41 85
41 92
41 101
41 102
41 107
41 108
41 114
42 42
42 43
42 44
42 45
42 46
42 49
42 50
42 51
42 52
42 57
42 58
42 63
42 66
42 78
42 79
42 80
42 81
42 86
42 87
42 91
42 94
42 95
42 111
42 112
43 43
43 44
43 45
43 46
43 47
43 49
43 50
43 51
43 58
43 63
43 66
43 76
43 78
43 79
43 80
43 81
43 85
43 95
43 112
44 44
44 45
44 46
44 48
44 49
44 50
44 51
44 87
44 91
45 45
45 46
45 47
45 48
45 49
45 50
45 51
45 53
45 59
45 66
45 67
45 80
45 91
46 46
46 47
46 49
46 51
46 52
46 53
46 55
46 73
46 75
46 80
46 81
46 84
46 85
46 98
47 47
47 49
47 51
47 53
47 67
47 70
47 72
47 73
47 74
47 75
47 77
47 80
47 84
47 85
47 105
47 110
47 115
48 48
48 49
48 50
48 51
48 66
48 67
48 86
48 91
49 49
49 50
49 51
50 50
50 51
50 52
50 62
50 63
50 66
50 79
50 80
50 81
50 84
50 85
50 91
51 51
51 52
51 53
51 63
51 66
51 67
51 78
51 80
51 81
51 91
51 98
52 52
52 54
52 57
52 58
52 59
52 80
52 82
52 83
52 88
52 91
52 95
52 98
52 99
52 104
52 112
52 113
53 53
53 61
53 67
53 70
53 72
53 73
53 74
53 75
53 80
53 84
53 85
53 89
53 102
53 105
53 107
53 108
53 110
53 115
54 54
54 55
54 86
54 88
54 89
54 94
54 95
54 96
54 97
54 98
54 99
54 104
54 105
54 106
54 109
54 110
54 112
54 113
54 114
54 115
55 55
55 75
55 83
55 88
55 89
55 92
55 95
55 99
55 107
55 114
56 56
56 57
56 58
56 59
56 60
56 65
56 66
56 68
56 83
56 88
56 92
56 100
56 101
56 107
57 57
57 59
57 63
57 66
57 68
57 69
57 81
57 82
57 86
57 87
57 91
57 93
57 94
57 95
57 97
57 98
57 99
57 104
57 106
57 109
57 111
57 112
58 58
58 59
58 66
58 68
58 82
58 83
58 88
58 91
58 92
58 100
58 101
58 107
59 59
59 66
59 67
59 68
59 69
59 90
59 91
59 92
59 93
59 98
59 103
60 60
60 61
60 62
60 63
60 64
60 65
61 61
61 63
61 64
61 65
61 74
61 75
61 107
62 62
62 63
62 64
62 74
62 76
62 78
62 79
62 80
62 81
62 85
62 87
63 63
63 66
63 74
63 76
63 78
63 79
63 80
63 81
63 85
63 86
63 87
63 95
63 111
64 64
64 65
64 71
64 75
64 84
64 92
65 65
65 66
65 67
65 74
66 66
66 67
66 68
66 69
66 91
66 93
67 67
67 68
67 69
67 90
67 105
67 110
67 115
68 68
68 69
68 90
68 91
68 93
68 98
68 103
69 69
69 90
69 91
69 93
69 98
69 99
69 103
69 104
69 106
70 70
70 72
70 73
70 74
70 77
70 84
70 90
70 102
70 105
70 108
70 110
70 115
71 71
71 72
71 87
71 92
72 72
72 73
72 74
72 75
72 76
72 77
72 78
72 79
72 81
72 84
72 85
72 96
72 97
72 108
72 109
72 110
73 73
73 74
73 75
73 76
73 77
73 78
73 79
73 80
73 81
73 84
73 85
73 109
74 74
74 75
74 76
74 77
74 78
74 79
74 80
74 81
74 84
74 85
74 109
75 75
75 76
75 77
75 84
75 85
75 105
75 107
75 108
75 114
76 76
76 77
76 78
76 79
76 80
76 81
76 85
76 86
76 87
76 94
76 95
76 96
76 97
76 109
76 111
76 114
77 77
77 78
77 79
77 80
77 81
77 84
77 85
77 108
77 110
78 78
78 79
78 80
78 81
78 85
78 86
78 87
78 94
78 95
78 96
78 97
78 106
78 109
78 111
78 112
79 79
79 80
79 81
79 85
79 86
79 87
79 95
79 97
79 109
79 111
79 112
80 80
80 81
80 84
80 85
80 91
80 98
80 109
80 110
80 111
80 114
81 81
81 85
81 86
81 91
81 94
81 95
81 97
81 98
81 109
81 110
81 111
81 112
82 82
82 83
82 86
82 87
82 88
82 95
82 100
82 112
82 114
83 83
83 88
83 95
83 100
83 107
83 114
84 84
84 85
84 96
84 108
84 110
84 115
85 85
85 95
85 97
85 109
85 112
86 86
86 87
86 94
86 95
86 97
86 104
86 106
86 109
86 111
86 112
87 87
87 94
87 95
87 106
87 109
87 111
87 112
88 88
88 89
88 90
88 93
88 96
88 98
88 99
88 104
88 105
88 108
88 112
88 114
88 115
89 89
89 96
89 97
89 98
89 99
89 105
89 107
89 108
89 110
89 114
89 115
90 90
90 91
90 92
90 93
90 98
90 99
90 101
90 105
90 108
90 110
90 115
91 91
91 98
91 99
91 104
91 111
91 112
91 115
92 92
92 93
92 100
92 101
92 102
92 107
93 93
93 98
93 99
93 100
93 101
93 102
93 103
93 104
93 106
93 112
93 113
94 94
94 95
94 96
94 97
94 99
94 104
94 106
94 109
94 111
94 112
94 113
95 95
95 96
95 97
95 104
95 106
95 109
95 111
95 112
95 113
95 114
96 96
96 97
96 98
96 99
96 105
96 106
96 108
96 109
96 110
96 111
96 112
96 114
96 115
97 97
97 98
97 99
97 104
97 106
97 109
97 110
97 111
97 112
97 114
97 115
98 98
98 99
98 104
98 106
98 111
98 112
98 113
99 99
99 105
99 106
99 108
99 109
99 110
99 111
99 112
99 113
99 115
100 100
100 101
100 102
100 107
101 101
101 102
101 103
101 107
102 102
102 103
102 107
102 114
102 115
103 103
103 104
103 105
103 106
103 113
104 104
104 105
104 106
104 112
104 113
105 105
105 108
105 110
105 113
105 114
105 115
106 106
106 109
106 111
106 112
107 107
107 114
107 115
108 108
108 110
108 115
109 109
109 110
109 111
109 112
109 114
110 110
110 111
110 115
111 111
111 112
112 112
112 113
112 114
113 113
113 114
114 114
114 115
115 115
