0 0
0 1
0 10
0 11
0 12
0 13
0 14
0 16
0 24
0 26
0 32
0 33
0 56
0 57
0 58
0 60
0 61
0 63
0 68
0 80
1 1
1 3
1 10
1 11
1 13
1 16
1 17
1 19
1 28
1 29
1 32
1 33
1 41
1 56
1 57
1 61
1 63
1 65
1 68
1 73
1 74
1 75
1 78
1 79
1 80
1 81
1 83
1 86
1 113
2 2
2 4
2 6
2 7
2 8
2 10
2 12
2 18
2 22
2 24
2 26
2 34
2 60
2 64
2 67
2 88
2 91
2 93
2 101
2 103
2 105
3 3
3 5
3 7
3 11
3 13
3 15
3 21
3 23
3 25
3 35
3 59
3 65
3 68
3 85
3 86
3 87
3 89
3 92
3 100
4 4
4 6
4 7
4 8
4 9
4 12
4 14
4 24
4 26
4 35
4 43
4 45
4 47
4 60
4 64
4 67
4 91
4 93
4 110
5 5
5 7
5 9
5 13
5 15
5 23
5 25
5 26
5 27
5 61
5 65
6 6
6 7
6 8
6 12
6 18
6 19
6 26
6 30
6 34
6 44
6 60
6 64
6 67
6 70
6 91
6 93
6 101
6 103
7 7
7 8
7 9
7 12
7 13
7 15
7 19
7 23
7 26
7 67
7 90
7 92
7 93
7 100
7 102
7 115
8 8
8 12
8 24
8 60
8 64
8 90
8 91
8 92
8 93
9 9
9 12
9 13
9 14
9 15
9 20
9 21
9 23
9 26
9 27
9 35
10 10
10 11
10 12
10 14
10 16
10 18
10 22
10 24
10 28
10 30
10 31
10 33
10 64
10 75
10 82
10 84
10 86
10 88
11 11
11 13
11 14
11 23
11 33
11 57
11 65
11 75
11 85
11 86
11 92
11 107
12 12
12 13
12 14
12 15
12 24
12 26
12 28
12 30
12 31
12 60
12 64
12 76
13 13
13 14
13 15
13 21
13 27
13 61
13 65
13 68
14 14
14 15
14 20
14 21
14 22
14 24
14 26
14 27
14 33
15 15
15 20
15 21
15 23
15 25
15 26
15 27
15 89
16 16
16 17
16 19
16 28
16 29
16 32
16 33
16 56
16 57
16 62
16 63
16 72
16 73
16 74
16 75
16 76
16 78
16 79
16 80
16 81
16 83
16 94
16 109
16 113
17 17
17 19
17 28
17 29
17 32
17 33
17 36
17 37
17 41
17 46
17 55
17 57
17 62
17 63
17 72
17 73
17 74
17 75
17 76
17 78
17 79
17 80
17 81
17 83
17 87
17 96
17 112
17 113
17 114
18 18
18 19
18 22
18 30
18 34
18 64
18 70
18 84
18 88
18 91
18 93
18 101
18 103
18 105
18 111
19 19
19 28
19 29
19 57
19 68
19 70
19 72
19 80
19 81
19 83
19 101
19 102
19 103
19 106
20 20
20 21
20 22
20 24
20 25
20 26
20 27
20 30
20 31
20 40
20 54
20 70
20 71
20 86
20 87
20 88
21 21
21 22
21 23
21 24
21 25
21 26
21 27
21 30
21 40
21 54
21 55
21 69
21 70
21 71
21 85
21 87
21 89
22 22
22 23
22 24
22 26
22 30
22 31
22 34
22 54
22 64
22 82
22 84
22 86
22 88
23 23
23 25
23 27
23 31
23 33
23 35
23 40
23 71
23 83
23 87
23 92
23 107
23 114
24 24
24 25
24 26
24 27
24 30
24 31
24 38
24 40
24 50
24 64
24 69
24 70
24 71
24 84
24 86
24 88
25 25
25 26
25 27
25 35
25 65
25 68
25 78
25 86
25 87
25 89
25 92
25 97
25 107
26 26
26 27
26 88
27 27
27 35
27 69
27 70
27 87
27 88
27 89
28 28
28 29
28 30
28 31
28 33
28 41
28 43
28 47
28 62
28 63
28 71
28 72
28 73
28 74
28 75
28 76
28 77
28 78
28 79
28 80
28 81
28 83
28 113
28 114
29 29
29 31
29 33
29 36
29 37
29 38
29 40
29 41
29 46
29 47
29 55
29 62
29 63
29 70
29 71
29 72
29 73
29 74
29 75
29 76
29 77
29 78
29 79
29 80
29 81
29 83
29 95
29 96
29 99
29 112
29 113
29 114
30 30
30 31
30 33
30 34
30 38
30 39
30 70
30 71
30 72
30 77
30 82
30 103
31 31
31 33
31 36
31 37
31 38
31 39
31 40
31 70
31 71
31 72
31 73
31 75
31 76
31 77
31 82
31 83
31 95
31 103
31 104
31 109
31 114
32 32
32 33
32 56
32 57
32 58
32 60
32 61
32 62
32 63
32 68
32 72
32 73
32 74
32 79
32 80
32 81
32 94
32 96
32 102
32 113
33 33
33 56
33 57
33 61
33 63
33 71
33 72
33 73
33 74
33 75
33 77
33 78
33 79
33 80
33 81
33 112
33 113
34 34
34 35
34 44
34 45
34 50
34 54
34 60
34 64
34 66
34 67
34 84
34 88
34 93
34 109
35 35
35 44
35 45
35 65
35 67
35 76
35 89
35 90
35 92
35 93
35 97
35 107
35 110
35 111
35 115
36 36
36 37
36 38
36 39
36 40
36 41
36 52
36 54
36 55
36 57
36 70
36 72
36 73
36 74
36 75
36 76
36 77
36 78
36 79
36 81
36 83
36 85
36 87
36 95
36 96
36 97
36 107
36 108
36 114
37 37
37 38
37 39
37 40
37 41
37 42
37 54
37 55
37 57
37 72
37 73
37 74
37 75
37 76
37 77
37 78
37 79
37 80
37 81
37 82
37 83
37 85
37 87
37 95
37 96
37 97
37 99
37 104
37 107
37 108
37 112
37 113
37 114
38 38
38 39
38 40
38 41
38 54
38 55
38 70
38 71
38 72
38 74
38 75
38 77
38 83
38 84
38 86
38 87
38 94
38 95
38 96
38 97
38 103
38 105
38 108
38 114
39 39
39 40
39 52
39 56
39 57
39 70
39 71
39 82
39 83
39 97
39 101
39 103
39 105
40 40
40 41
40 54
40 55
40 70
40 71
40 72
40 73
40 74
40 75
40 76
40 77
40 79
40 81
40 83
40 85
40 86
40 87
40 95
40 97
40 104
40 108
40 112
40 113
40 114
41 41
41 56
41 57
41 63
41 72
41 73
41 74
41 75
41 76
41 77
41 78
41 79
41 80
41 81
41 83
41 85
41 87
41 95
41 96
41 97
41 106
41 108
41 113
41 114
42 42
42 43
42 44
42 45
42 46
42 47
42 48
42 49
42 50
42 51
42 53
42 54
42 55
42 70
42 84
42 90
42 96
42 98
42 99
42 110
42 111
43 43
43 44
43 45
43 46
43 47
43 48
43 49
43 51
43 53
43 55
43 90
43 98
43 99
43 110
43 111
44 44
44 45
44 46
44 47
44 48
44 49
44 50
44 51
44 53
44 55
44 62
44 67
44 70
44 90
44 98
44 99
44 101
44 110
44 111
44 115
45 45
45 46
45 47
45 48
45 49
45 50
45 51
45 53
45 55
45 67
45 90
45 91
45 92
45 93
45 98
45 99
45 110
45 111
45 115
46 46
46 47
46 48
46 49
46 50
46 51
46 52
46 53
46 54
46 55
46 70
46 90
46 96
46 98
46 99
46 110
46 111
46 112
47 47
47 48
47 49
47 51
47 53
47 55
47 67
47 70
47 90
47 91
47 95
47 96
47 98
47 99
47 110
47 111
47 115
48 48
48 49
48 50
48 51
48 52
48 53
48 54
48 55
48 58
48 59
48 66
48 67
48 69
48 85
48 89
48 90
48 91
48 98
48 99
48 111
49 49
49 50
49 51
49 52
49 53
49 55
49 67
49 90
49 91
49 92
49 93
49 98
49 99
49 110
49 111
49 115
50 50
50 51
50 52
50 53
50 54
50 58
50 59
50 64
50 65
50 66
50 67
50 69
50 84
50 85
50 86
50 88
50 89
50 90
50 92
51 51
51 52
51 53
51 54
51 55
51 59
51 65
51 67
51 85
51 89
51 90
51 92
51 98
51 99
51 100
52 52
52 53
52 54
52 55
52 58
52 59
52 66
52 67
52 68
52 69
52 89
52 90
52 92
52 97
52 98
52 99
52 111
52 112
53 53
53 54
53 55
53 59
53 66
53 69
53 89
53 90
53 98
53 99
53 111
54 54
54 55
54 64
54 66
54 69
54 84
54 85
54 86
54 87
54 88
54 89
54 92
54 94
54 96
54 98
54 104
54 105
54 109
54 112
55 55
55 73
55 84
55 85
55 87
55 89
55 90
55 95
55 96
55 97
55 98
55 99
55 100
55 104
55 105
55 108
55 109
55 112
55 113
56 56
56 57
56 58
56 61
56 63
56 68
56 78
56 79
56 80
56 81
56 83
56 96
56 106
57 57
57 58
57 61
57 63
57 68
57 73
57 78
57 79
57 80
57 81
57 83
57 84
57 86
57 94
57 96
57 113
58 58
58 59
58 60
58 61
58 63
58 65
58 66
58 68
58 69
58 91
59 59
59 60
59 61
59 63
59 65
59 66
59 68
59 69
59 89
59 91
59 100
60 60
60 61
60 62
60 63
60 64
60 66
61 61
61 63
61 64
61 65
62 62
62 63
62 72
62 79
62 80
62 81
63 63
63 72
63 73
63 74
63 78
63 79
63 80
63 81
63 83
63 94
63 113
64 64
64 84
64 86
64 88
64 93
65 65
65 89
65 92
65 100
66 66
66 67
66 68
66 69
66 91
66 93
66 99
66 101
66 102
66 103
67 67
67 69
67 88
67 90
67 91
67 93
67 99
67 101
67 103
67 105
67 110
67 111
67 115
68 68
68 69
68 80
68 85
68 86
68 87
68 89
69 69
69 87
69 88
69 89
69 91
69 103
69 105
69 106
69 115
70 70
70 71
70 72
70 73
70 74
70 76
70 77
70 103
70 104
70 110
71 71
71 72
71 73
71 77
71 103
71 104
71 105
71 109
71 114
72 72
72 73
72 74
72 75
72 76
72 77
72 78
72 79
72 80
72 81
72 83
72 94
72 95
72 96
72 104
72 108
72 109
72 112
72 113
72 114
73 73
73 74
73 75
73 76
73 77
73 78
73 79
73 80
73 81
73 83
73 85
73 94
73 96
73 99
73 104
73 108
73 109
73 112
73 113
73 114
74 74
74 75
74 76
74 77
74 78
74 79
74 80
74 81
74 94
74 95
74 96
74 108
74 112
74 113
74 114
75 75
75 76
75 77
75 78
75 79
75 80
75 81
75 95
75 104
75 112
75 113
75 114
76 76
76 77
76 78
76 79
76 80
76 81
76 95
76 97
76 104
76 107
76 108
76 109
76 110
77 77
77 78
77 79
77 81
77 95
77 97
77 104
77 106
77 107
77 108
77 109
77 110
77 114
78 78
78 79
78 80
78 81
78 83
78 95
78 96
78 97
78 107
78 113
78 114
79 79
79 80
79 81
79 83
79 94
79 95
79 96
79 108
79 113
79 114
80 80
80 81
80 82
80 83
80 94
80 95
80 113
81 81
81 83
81 94
81 95
81 108
81 109
81 113
81 114
82 82
82 83
82 84
82 87
83 83
83 85
83 95
83 97
83 113
83 114
84 84
84 86
84 87
84 88
84 94
84 96
84 105
84 109
85 85
85 86
85 87
85 89
85 92
85 94
85 96
85 104
85 113
86 86
86 87
86 88
86 89
86 92
86 94
86 105
86 114
87 87
87 88
87 89
87 95
87 96
87 97
87 105
87 114
88 88
88 89
88 92
88 93
88 103
88 105
89 89
89 90
89 92
89 98
89 100
89 113
90 90
90 91
90 92
90 93
90 98
90 99
90 100
90 110
90 111
90 112
90 115
91 91
91 93
91 99
91 101
91 103
91 105
91 106
91 110
91 111
91 115
92 92
92 93
92 98
92 100
92 112
92 115
93 93
93 99
93 100
93 101
93 103
93 105
93 111
93 112
93 115
94 94
94 95
94 96
94 99
94 104
94 108
94 109
95 95
95 96
95 97
95 99
95 103
95 104
95 105
95 107
95 108
95 109
95 110
95 111
95 113
95 114
96 96
96 97
96 98
96 99
96 108
96 109
96 113
97 97
97 99
97 103
97 105
97 107
97 110
97 111
97 112
97 113
97 114
97 115
98 98
98 99
98 100
98 102
98 111
98 112
99 99
99 100
99 101
99 102
99 103
99 108
99 109
99 110
99 111
99 112
99 113
99 115
100 100
100 102
100 104
100 112
100 113
101 101
101 102
101 103
101 105
101 106
101 111
101 113
101 115
102 102
102 103
102 104
102 106
102 108
102 113
103 103
103 104
103 105
103 106
103 108
103 109
103 110
103 111
103 115
104 104
104 105
104 108
104 109
104 110
104 113
104 114
104 115
105 105
105 110
105 112
105 114
105 115
106 106
106 107
106 108
106 114
107 107
107 114
108 108
108 109
108 111
108 114
109 109
109 114
110 110
110 111
110 115
111 111
111 112
111 113
111 115
112 112
112 113
112 114
112 115
113 113
113 114
114 114
115 115
