0 0
0 1
0 2
0 5
0 6
0 7
0 9
0 10
0 12
0 13
0 14
0 19
0 20
0 27
0 56
0 57
0 64
0 91
0 101
0 102
0 103
0 105
1 1
1 17
1 19
1 32
1 33
1 44
1 48
1 49
1 51
1 53
1 56
1 57
1 62
1 63
1 68
1 79
1 81
1 112
2 2
2 3
2 5
2 6
2 7
2 8
2 9
2 10
2 11
2 12
2 14
2 15
2 18
2 19
2 22
2 23
2 26
2 27
2 30
2 64
2 88
2 92
3 3
3 4
3 5
3 6
3 7
3 8
3 9
3 11
3 12
3 13
3 14
3 15
3 18
3 22
3 23
3 26
3 27
3 30
3 31
3 35
3 39
3 64
3 70
3 84
3 85
3 87
3 88
3 89
3 92
3 93
4 4
4 6
4 7
4 8
4 9
4 11
4 12
4 13
4 14
4 15
4 23
4 26
4 27
4 83
4 87
4 89
4 92
4 100
4 108
5 5
5 6
5 7
5 9
5 10
5 12
5 14
5 15
5 20
5 21
5 22
5 23
5 25
5 26
5 27
5 30
5 38
5 39
5 64
5 82
5 84
5 85
5 86
5 88
5 92
6 6
6 7
6 8
6 9
6 10
6 11
6 12
6 13
6 14
6 15
6 18
6 20
6 22
6 23
6 26
6 27
6 30
6 31
6 64
6 65
6 70
6 71
6 94
7 7
7 8
7 9
7 10
7 11
7 12
7 13
7 14
7 15
7 21
7 23
7 27
7 30
7 31
7 35
7 64
7 65
7 70
7 71
7 88
7 89
7 92
7 93
8 8
8 9
8 11
8 12
8 13
8 14
8 15
8 22
8 23
8 24
8 26
8 27
8 83
8 87
8 89
8 100
9 9
9 10
9 11
9 12
9 13
9 14
9 15
9 20
9 21
9 26
9 27
9 31
9 39
9 64
9 70
9 83
9 85
9 88
9 89
9 91
9 92
10 10
10 11
10 12
10 13
10 14
10 15
10 16
10 18
10 20
10 22
10 26
10 27
10 64
10 70
10 82
10 84
10 88
11 11
11 12
11 13
11 15
11 29
11 31
11 64
11 65
11 71
11 87
11 89
11 92
11 100
12 12
12 13
12 14
12 15
12 20
12 22
12 26
12 64
12 65
13 13
13 15
13 23
13 30
13 31
13 35
13 64
13 65
13 70
13 71
13 89
14 14
14 15
14 18
14 20
14 21
14 22
14 25
14 26
14 27
14 30
14 31
14 38
14 39
14 40
14 41
14 64
14 70
14 82
14 83
14 84
14 85
14 86
14 88
14 92
15 15
15 21
15 22
15 23
15 26
15 27
15 30
15 31
15 64
15 70
15 71
15 82
15 83
15 85
15 87
15 88
15 89
15 92
15 100
16 16
16 17
16 28
16 29
16 41
16 56
16 57
16 62
16 63
16 64
16 66
16 68
16 72
16 78
16 79
16 80
16 81
16 82
16 83
16 85
17 17
17 24
17 28
17 29
17 32
17 42
17 43
17 44
17 45
17 46
17 47
17 49
17 56
17 57
17 61
17 62
17 63
17 66
17 72
17 73
17 78
17 79
17 80
17 81
17 83
17 111
17 112
18 18
18 19
18 22
18 26
18 27
18 32
18 33
18 38
18 39
18 40
18 41
18 64
18 74
18 82
18 83
18 84
18 85
18 88
19 19
19 22
19 23
19 27
19 90
19 91
19 100
19 101
19 102
19 103
19 104
19 105
19 110
19 115
20 20
20 21
20 25
20 26
20 27
20 88
20 94
20 95
20 96
20 97
20 108
21 21
21 26
21 27
21 28
21 30
21 31
21 37
21 38
21 39
21 41
21 64
21 70
21 71
21 80
21 82
21 83
21 85
21 88
22 22
22 23
22 24
22 25
22 26
22 27
22 30
22 31
22 84
22 86
22 88
22 113
22 114
23 23
23 25
23 26
23 27
23 35
23 89
23 102
23 104
23 105
23 106
23 107
23 108
23 109
23 110
23 113
23 114
23 115
24 24
24 25
24 26
24 42
24 43
24 44
24 45
24 47
24 48
24 49
24 50
24 51
24 53
24 73
24 79
24 81
24 112
24 113
25 25
25 26
25 27
25 31
25 34
25 36
25 37
25 38
25 39
25 40
25 70
25 77
25 82
25 84
25 86
25 94
25 96
25 97
25 109
26 26
26 27
26 30
26 31
26 70
26 82
26 83
26 88
27 27
27 37
27 38
27 39
27 82
27 83
27 84
27 85
27 86
27 88
28 28
28 29
28 31
28 34
28 36
28 38
28 39
28 40
28 41
28 43
28 62
28 64
28 71
28 72
28 74
28 78
28 79
28 80
28 81
28 82
28 83
28 84
28 85
29 29
29 41
29 42
29 43
29 44
29 46
29 49
29 61
29 62
29 63
29 71
29 72
29 73
29 74
29 75
29 78
29 79
29 80
29 81
29 83
30 30
30 31
30 70
30 71
30 72
30 75
30 94
30 95
30 97
30 109
31 31
31 39
31 41
31 70
31 71
31 75
31 80
31 82
31 83
31 84
31 94
31 97
32 32
32 33
32 42
32 43
32 44
32 45
32 46
32 47
32 48
32 49
32 50
32 51
32 53
32 55
32 60
32 63
32 66
32 68
32 69
32 72
32 74
32 76
32 78
32 79
32 81
33 33
33 35
33 38
33 60
33 65
33 68
33 69
33 72
33 74
33 75
33 76
33 77
33 79
34 34
34 35
34 36
34 37
34 38
34 40
34 54
34 68
34 74
34 76
34 77
34 78
34 79
34 80
34 81
34 84
34 85
34 96
35 35
35 65
35 76
35 77
35 92
35 105
35 107
35 109
35 110
35 111
35 114
35 115
36 36
36 37
36 38
36 39
36 40
36 54
36 62
36 68
36 72
36 74
36 75
36 76
36 77
36 79
36 80
36 81
36 82
36 84
36 85
36 86
36 96
37 37
37 38
37 39
37 40
37 41
37 54
37 68
37 74
37 80
37 82
37 83
37 84
37 85
37 86
37 87
37 88
37 96
38 38
38 39
38 40
38 41
38 54
38 68
38 74
38 80
38 82
38 83
38 84
38 85
38 86
38 87
38 88
39 39
39 40
39 41
39 70
39 80
39 82
39 83
39 84
39 85
39 86
39 87
39 88
39 91
39 92
40 40
40 41
40 54
40 72
40 73
40 74
40 77
40 78
40 79
40 80
40 81
40 82
40 83
40 84
40 85
40 86
40 88
40 97
41 41
41 64
41 70
41 74
41 79
41 80
41 81
41 82
41 83
41 85
41 86
41 88
42 42
42 43
42 44
42 45
42 46
42 47
42 48
42 49
42 50
42 51
42 52
42 53
42 55
42 56
42 57
42 59
42 63
42 66
42 68
42 69
42 78
42 79
42 111
42 112
43 43
43 44
43 45
43 46
43 47
43 48
43 49
43 50
43 51
43 52
43 53
43 55
43 59
43 66
43 68
43 69
43 78
43 79
43 80
43 81
43 82
43 98
43 112
44 44
44 45
44 46
44 47
44 48
44 49
44 50
44 51
44 52
44 53
44 55
44 59
44 61
44 63
44 66
44 67
44 78
44 79
44 112
45 45
45 46
45 47
45 48
45 49
45 50
45 51
45 53
45 55
45 59
45 60
45 61
45 63
45 66
45 67
45 78
45 111
46 46
46 47
46 48
46 49
46 50
46 51
46 52
46 53
46 54
46 55
46 56
46 57
46 59
46 60
46 61
46 63
46 66
46 67
46 68
46 69
46 78
46 79
46 81
46 96
46 98
46 111
46 112
47 47
47 48
47 49
47 50
47 51
47 52
47 53
47 55
47 57
47 59
47 63
47 66
47 67
47 68
47 69
47 90
47 96
47 98
47 106
47 110
47 111
47 112
48 48
48 49
48 50
48 51
48 52
48 53
48 55
48 58
48 59
48 60
48 61
48 66
48 67
48 90
48 98
48 112
49 49
49 50
49 51
49 52
49 53
49 55
49 59
49 61
49 63
49 66
49 67
49 73
49 78
49 98
49 111
49 112
50 50
50 51
50 52
50 53
50 55
50 58
50 59
50 66
50 67
50 73
50 96
50 112
51 51
51 52
51 53
51 55
51 59
51 61
51 63
51 66
51 90
51 98
51 106
51 112
52 52
52 53
52 54
52 55
52 58
52 59
52 90
52 98
53 53
53 55
53 57
53 63
53 90
53 98
53 106
53 112
54 54
54 55
54 72
54 74
54 76
54 78
54 82
54 84
54 86
54 88
54 96
54 97
54 98
55 55
55 56
55 57
55 59
55 60
55 63
55 68
55 69
55 95
55 96
55 98
55 99
55 102
55 104
55 106
55 107
55 110
55 111
55 112
55 113
56 56
56 57
56 59
56 60
56 61
56 62
56 63
56 68
56 69
56 78
56 99
56 102
56 106
56 107
56 109
56 110
56 111
56 115
57 57
57 59
57 61
57 62
57 63
57 68
57 69
57 78
57 81
57 99
57 106
57 107
57 109
57 110
57 111
58 58
58 59
58 60
58 61
58 65
58 66
58 67
58 69
58 109
59 59
59 60
59 61
59 63
59 66
59 67
59 69
59 90
59 98
59 99
59 109
59 111
59 112
59 115
60 60
60 61
60 62
60 63
60 65
60 66
60 67
60 69
60 76
60 95
60 99
60 107
60 108
60 109
60 110
60 111
60 112
60 113
60 115
61 61
61 62
61 63
61 66
61 67
61 78
61 111
61 112
62 62
62 63
62 66
62 68
62 72
62 78
62 79
62 80
62 81
62 83
62 111
63 63
63 66
63 68
63 69
63 72
63 78
63 79
63 80
63 81
63 98
63 99
63 110
63 111
63 112
64 64
64 65
64 82
64 83
64 84
64 85
64 88
64 92
64 93
65 65
65 67
65 75
65 76
65 77
65 108
65 109
65 115
66 66
66 67
66 68
66 69
66 78
66 79
66 80
66 111
67 67
67 69
67 93
67 104
67 107
67 109
67 110
67 111
67 112
67 115
68 68
68 69
68 78
68 79
68 80
68 81
69 69
69 106
69 110
70 70
70 71
70 74
70 75
70 77
70 84
70 88
70 89
71 71
71 72
71 73
71 74
71 75
71 77
71 80
71 81
71 82
71 83
71 89
72 72
72 73
72 74
72 75
72 76
72 77
72 78
72 79
72 80
72 81
72 84
73 73
73 74
73 75
73 76
73 77
73 78
73 79
73 81
74 74
74 75
74 76
74 77
74 78
74 79
74 80
74 81
74 84
74 85
75 75
75 76
75 77
75 78
75 84
76 76
76 77
76 78
76 84
76 107
76 108
76 110
76 113
76 114
77 77
77 84
77 96
77 108
77 113
77 114
78 78
78 79
78 80
78 81
78 112
79 79
79 80
79 81
79 82
79 83
79 85
80 80
80 81
80 82
80 83
80 84
80 85
80 86
81 81
81 82
81 83
81 85
82 82
82 83
82 84
82 85
82 86
82 87
82 88
82 91
83 83
83 85
83 87
84 84
84 85
84 86
84 88
84 92
84 114
85 85
85 86
85 88
85 89
85 92
86 86
86 87
86 88
86 89
87 87
87 89
88 88
88 89
88 92
88 93
89 89
89 92
89 93
89 100
89 102
89 106
89 108
90 90
90 91
90 92
90 93
90 98
90 100
90 101
90 102
90 103
90 104
90 105
90 106
91 91
91 92
91 93
91 98
91 100
91 101
91 102
91 103
91 104
91 105
92 92
92 93
92 100
92 101
92 103
92 105
93 93
93 98
93 100
93 101
93 102
93 103
93 104
93 105
93 106
93 113
93 114
94 94
94 95
94 96
94 97
94 107
94 108
94 109
94 110
94 115
95 95
95 96
95 97
95 99
95 107
95 108
95 109
95 110
95 111
95 112
95 114
95 115
96 96
96 97
96 98
96 107
96 108
96 109
96 110
96 111
96 115
97 97
97 99
97 107
97 108
97 109
97 110
97 111
97 114
98 98
98 99
98 101
98 102
98 103
98 104
98 105
98 106
98 110
98 111
98 112
99 99
99 101
99 102
99 103
99 104
99 105
99 107
99 109
99 110
99 111
99 112
99 113
99 114
99 115
100 100
100 101
100 102
100 103
100 104
100 106
100 113
101 101
101 102
101 103
101 104
101 105
101 106
101 110
101 113
101 114
102 102
102 103
102 104
102 105
102 106
102 107
102 108
102 110
102 113
102 114
103 103
103 104
103 105
103 106
103 113
103 114
104 104
104 105
104 106
104 107
104 109
104 110
104 111
104 112
104 113
104 114
104 115
105 105
105 106
105 107
105 110
105 111
105 113
105 114
105 115
106 106
106 107
106 110
106 113
106 115
107 107
107 108
107 109
107 110
107 111
107 112
107 113
107 114
107 115
108 108
108 109
108 110
108 113
108 114
108 115
109 109
109 110
109 111
109 112
109 113
109 114
109 115
110 110
110 111
110 112
110 113
110 114
110 115
111 111
111 112
111 115
112 112
112 113
112 115
113 113
113 114
113 115
114 114
114 115
115 115
