0 0
0 1
0 6
0 10
0 12
0 14
0 16
0 17
0 18
0 19
0 28
0 32
0 33
0 40
0 54
0 56
0 57
0 60
0 62
0 63
0 68
0 74
0 80
0 82
0 84
0 86
0 109
1 1
1 14
1 16
1 17
1 18
1 19
1 28
1 29
1 41
1 56
1 57
1 61
1 63
1 68
1 73
1 80
1 81
1 82
1 83
1 84
1 85
1 87
2 2
2 3
2 4
2 5
2 6
2 7
2 8
2 18
2 22
2 23
2 24
2 25
2 27
2 30
2 31
2 64
2 65
2 66
2 67
2 69
2 92
2 93
2 110
3 3
3 5
3 7
3 9
3 22
3 23
3 24
3 25
3 26
3 27
3 30
3 31
3 34
3 35
3 64
3 65
3 67
3 82
3 87
3 88
3 89
3 92
3 110
4 4
4 5
4 6
4 8
4 9
4 14
4 22
4 24
4 26
4 27
4 30
4 34
4 43
4 58
4 64
4 65
4 88
4 91
4 92
4 93
4 103
4 104
4 105
4 107
5 5
5 22
5 23
5 24
5 25
5 26
5 27
5 30
5 31
5 34
5 35
5 43
5 47
5 64
5 65
5 67
5 88
5 89
5 97
5 103
5 104
5 105
5 107
5 110
6 6
6 7
6 8
6 9
6 10
6 12
6 13
6 14
6 15
6 18
6 19
6 60
6 61
6 64
6 69
6 77
6 82
6 86
6 90
6 91
6 92
6 93
7 7
7 9
7 11
7 13
7 15
7 25
7 30
7 31
7 33
7 59
7 61
7 65
7 71
7 75
7 77
7 92
7 100
7 102
8 8
8 9
8 11
8 12
8 13
8 14
8 15
8 22
8 24
8 34
8 35
8 53
8 58
8 60
8 61
8 64
8 65
8 86
8 88
8 90
8 91
8 92
8 93
9 9
9 11
9 13
9 14
9 15
9 22
9 23
9 24
9 25
9 34
9 35
9 42
9 51
9 53
9 61
9 64
9 65
9 88
9 90
9 91
9 92
9 100
10 10
10 11
10 12
10 14
10 28
10 48
10 54
10 58
10 60
10 76
10 84
11 11
11 12
11 13
11 14
11 15
11 60
11 61
11 65
11 84
11 85
11 92
11 100
12 12
12 13
12 14
12 28
12 48
12 54
12 58
12 60
12 61
12 84
12 91
12 93
13 13
13 14
13 15
13 28
13 29
13 33
13 59
13 60
13 61
13 63
13 71
13 75
13 92
13 100
13 102
13 112
14 14
14 15
14 34
14 60
14 61
14 64
14 69
14 82
14 83
14 84
14 86
14 87
14 88
14 90
14 91
14 93
15 15
15 19
15 20
15 28
15 29
15 33
15 41
15 44
15 59
15 61
15 63
15 71
15 77
15 82
15 83
15 90
15 92
15 102
15 112
16 16
16 17
16 18
16 19
16 20
16 28
16 29
16 32
16 33
16 36
16 37
16 38
16 40
16 56
16 57
16 62
16 63
16 66
16 68
16 72
16 73
16 74
16 75
16 76
16 78
16 79
16 80
16 81
16 94
16 95
16 97
16 101
16 102
16 108
16 109
16 113
16 115
17 17
17 18
17 19
17 20
17 28
17 29
17 32
17 33
17 36
17 37
17 40
17 41
17 56
17 57
17 62
17 63
17 68
17 71
17 72
17 73
17 74
17 75
17 78
17 79
17 80
17 81
17 94
17 95
17 101
17 102
17 106
17 108
17 109
17 112
17 113
17 114
17 115
18 18
18 19
18 20
18 26
18 28
18 32
18 33
18 38
18 40
18 56
18 57
18 62
18 63
18 68
18 69
18 72
18 74
18 82
18 91
19 19
19 20
19 28
19 29
19 32
19 33
19 38
19 41
19 56
19 57
19 62
19 63
19 68
19 69
19 71
19 72
19 73
19 74
19 80
19 82
19 83
19 91
20 20
20 21
20 28
20 29
20 32
20 33
20 36
20 41
20 56
20 57
20 62
20 63
20 68
20 70
20 71
20 72
20 75
20 80
20 102
21 21
21 28
21 38
21 39
21 41
21 62
21 68
21 70
21 71
21 73
21 75
21 109
22 22
22 23
22 24
22 25
22 26
22 27
22 30
22 31
22 34
22 35
22 64
22 65
22 82
22 86
22 87
22 88
22 92
22 107
22 110
23 23
23 24
23 25
23 26
23 27
23 30
23 31
23 34
23 35
23 64
23 65
23 82
23 87
23 88
23 89
23 92
23 107
23 110
24 24
24 25
24 26
24 27
24 30
24 31
24 34
24 35
24 43
24 58
24 64
24 65
24 88
24 92
24 93
24 104
24 105
24 107
24 110
25 25
25 26
25 27
25 30
25 31
25 34
25 35
25 64
25 65
25 67
25 87
25 88
25 89
25 92
25 110
26 26
26 27
26 30
26 34
26 35
26 43
26 64
26 65
26 82
26 88
26 103
26 105
26 107
26 110
27 27
27 30
27 31
27 34
27 35
27 64
27 65
27 82
27 86
27 87
27 88
27 103
27 104
27 105
27 107
27 110
28 28
28 29
28 32
28 33
28 36
28 40
28 41
28 54
28 56
28 57
28 62
28 63
28 68
28 71
28 72
28 73
28 74
28 75
28 76
28 78
28 79
28 80
28 81
28 94
28 95
28 101
28 102
28 109
28 113
29 29
29 32
29 33
29 36
29 40
29 41
29 56
29 57
29 62
29 63
29 68
29 71
29 72
29 73
29 74
29 75
29 79
29 80
29 81
29 83
29 95
29 101
29 102
29 113
29 114
29 115
30 30
30 31
30 64
30 65
30 67
30 82
30 92
30 110
31 31
31 65
31 71
31 75
31 92
31 100
32 32
32 33
32 36
32 37
32 38
32 40
32 56
32 57
32 62
32 63
32 66
32 68
32 69
32 71
32 72
32 74
32 76
32 77
32 78
32 79
32 80
32 81
32 101
32 102
32 109
33 33
33 36
33 39
33 40
33 56
33 57
33 60
33 62
33 63
33 66
33 68
33 69
33 71
33 72
33 75
33 76
33 77
33 80
33 81
33 101
33 102
33 109
34 34
34 35
34 43
34 58
34 64
34 65
34 67
34 82
34 84
34 86
34 87
34 88
34 89
34 104
34 105
34 110
35 35
35 43
35 58
35 60
35 64
35 65
35 67
35 86
35 88
35 89
35 96
35 110
36 36
36 37
36 38
36 40
36 46
36 54
36 55
36 56
36 57
36 62
36 63
36 66
36 68
36 72
36 74
36 76
36 78
36 79
36 80
36 81
36 84
36 85
36 94
36 95
36 97
36 106
36 108
36 113
36 114
36 115
37 37
37 38
37 39
37 40
37 54
37 55
37 56
37 57
37 62
37 63
37 72
37 73
37 74
37 76
37 78
37 80
37 81
37 109
37 111
38 38
38 39
38 40
38 54
38 55
38 56
38 57
38 62
38 63
38 68
38 69
38 71
38 72
38 74
38 76
38 77
38 82
38 87
38 109
38 111
39 39
39 54
39 56
39 62
39 63
39 68
39 71
39 74
39 75
39 76
39 77
39 87
39 94
39 96
39 109
39 111
39 112
40 40
40 46
40 54
40 55
40 56
40 57
40 62
40 63
40 66
40 68
40 72
40 74
40 76
40 78
40 79
40 80
40 81
40 96
40 101
40 106
40 111
41 41
41 57
41 62
41 63
41 71
41 72
41 73
41 75
41 80
41 81
41 83
42 42
42 43
42 44
42 45
42 46
42 47
42 49
42 50
42 51
42 52
42 53
42 55
42 98
42 99
42 106
42 107
42 113
42 114
42 115
43 43
43 45
43 46
43 47
43 49
43 50
43 51
43 52
43 53
43 55
43 65
43 67
43 96
43 99
43 105
43 107
43 110
43 114
44 44
44 45
44 46
44 48
44 49
44 51
44 54
44 55
44 61
44 66
44 98
44 99
44 111
45 45
45 46
45 47
45 48
45 49
45 51
45 67
45 85
45 98
45 99
46 46
46 47
46 49
46 51
46 52
46 53
46 55
46 72
46 74
46 79
46 81
46 95
46 96
46 97
46 98
46 99
46 103
46 104
46 105
46 106
46 107
46 113
46 114
46 115
47 47
47 49
47 51
47 53
47 55
47 67
47 96
47 98
47 99
47 110
48 48
48 49
48 50
48 51
48 52
48 54
48 55
48 58
48 85
48 89
48 90
48 98
48 99
49 49
49 50
49 51
49 52
49 53
49 55
49 85
49 98
49 99
49 113
50 50
50 51
50 52
50 53
50 54
50 55
50 84
50 85
50 89
50 96
50 98
50 99
51 51
51 52
51 53
51 55
51 89
51 90
51 98
51 99
52 52
52 53
52 55
52 59
52 78
52 89
52 95
52 99
52 101
52 106
52 113
52 114
52 115
53 53
53 55
53 73
53 90
53 99
53 105
53 107
53 113
53 114
53 115
54 54
54 55
54 58
54 60
54 66
54 76
54 84
54 85
54 89
54 96
54 98
54 99
54 109
54 111
55 55
55 85
55 89
55 96
55 98
55 99
56 56
56 57
56 62
56 63
56 68
56 69
56 72
56 74
56 76
56 77
56 78
56 79
56 80
56 81
56 109
56 111
56 112
57 57
57 62
57 63
57 68
57 71
57 72
57 73
57 74
57 76
57 78
57 79
57 80
57 81
57 109
58 58
58 59
58 60
58 64
58 66
58 67
58 86
58 89
58 90
58 91
58 93
58 103
59 59
59 60
59 61
59 63
59 66
59 67
59 89
59 90
60 60
60 61
60 63
60 64
60 77
60 86
60 90
60 91
60 93
60 109
60 111
61 61
61 63
61 77
61 90
61 92
62 62
62 63
62 66
62 68
62 71
62 72
62 74
62 75
62 76
62 77
62 78
62 79
62 80
62 81
62 102
62 109
62 111
63 63
63 68
63 69
63 71
63 72
63 74
63 75
63 76
63 77
63 80
63 81
63 83
63 102
63 109
63 111
63 112
64 64
64 65
64 67
64 82
64 86
64 87
64 88
64 89
64 92
64 93
64 110
65 65
65 67
65 88
65 89
65 92
65 100
65 110
66 66
66 67
66 69
66 72
66 76
66 96
66 102
66 103
67 67
67 89
67 96
67 110
68 68
68 70
68 71
68 72
68 76
68 78
68 79
68 80
68 81
68 109
68 112
69 69
69 76
69 77
69 83
69 87
69 90
69 91
69 93
69 109
69 111
70 70
70 71
70 73
70 74
70 75
70 76
70 95
70 97
70 115
71 71
71 72
71 73
71 75
71 77
71 83
71 102
71 109
72 72
72 73
72 74
72 75
72 78
72 79
72 80
72 81
72 94
72 95
72 97
72 101
72 102
72 103
72 106
72 107
72 113
72 114
72 115
73 73
73 74
73 75
73 78
73 80
73 81
73 82
73 85
73 94
73 95
73 109
73 113
73 115
74 74
74 75
74 76
74 78
74 79
74 81
74 96
74 109
74 110
74 111
75 75
75 76
75 81
75 94
75 95
75 102
75 109
75 111
75 112
76 76
76 77
76 96
76 102
76 109
76 111
77 77
77 83
77 87
77 102
77 109
77 111
77 112
78 78
78 79
78 80
78 81
78 94
78 95
78 97
78 101
78 106
78 108
78 109
78 113
78 114
78 115
79 79
79 80
79 81
79 94
79 95
79 97
79 101
79 107
79 108
79 113
79 114
79 115
80 80
80 81
80 84
80 85
80 94
80 95
80 97
80 101
80 106
80 108
80 112
80 113
80 114
80 115
81 81
81 84
81 85
81 94
81 95
81 97
81 101
81 102
81 106
81 107
81 108
81 113
81 114
81 115
82 82
82 83
82 84
82 86
82 87
82 88
83 83
83 85
83 87
83 90
84 84
84 85
84 86
84 88
84 89
84 104
84 113
85 85
85 89
86 86
86 87
86 88
86 89
86 90
86 91
86 93
86 98
86 110
87 87
87 88
87 89
87 90
87 92
87 110
88 88
88 89
88 92
88 93
88 110
89 89
90 90
90 91
90 92
90 93
90 98
90 112
91 91
91 92
91 93
91 98
91 103
91 112
92 92
92 93
92 100
93 93
93 101
93 110
94 94
94 95
94 97
94 101
94 102
94 106
94 107
94 108
94 109
94 113
94 114
94 115
95 95
95 97
95 101
95 106
95 107
95 108
95 109
95 113
95 114
95 115
96 96
96 109
96 110
97 97
97 104
97 105
97 106
97 107
97 108
97 113
97 114
97 115
98 98
98 99
98 111
98 112
99 99
99 101
99 111
99 112
100 100
100 101
100 102
101 101
101 102
101 103
101 111
101 112
101 113
101 115
102 102
102 109
102 111
102 112
103 103
103 104
103 105
103 107
103 114
104 104
104 105
104 106
104 107
104 113
104 114
104 115
105 105
105 106
105 107
105 113
105 114
105 115
106 106
106 107
106 108
106 113
106 114
106 115
107 107
107 108
107 113
107 114
107 115
108 108
108 109
108 113
108 114
108 115
109 109
109 110
109 111
109 112
110 110
111 111
111 112
112 112
113 113
113 114
113 115
114 114
114 115
115 115
