0 0
0 1
0 10
0 11
0 13
0 16
0 17
0 18
0 32
0 56
0 58
0 59
0 60
0 61
0 62
0 63
0 66
0 70
0 72
0 73
0 74
0 75
0 76
0 95
0 102
0 103
0 104
0 105
0 106
0 107
0 114
0 115
1 1
1 10
1 11
1 13
1 15
1 16
1 17
1 19
1 29
1 32
1 37
1 54
1 56
1 58
1 59
1 60
1 61
1 62
1 63
1 70
1 71
1 72
1 73
1 74
1 75
1 76
1 95
1 98
1 100
1 102
1 104
1 106
1 107
1 115
2 2
2 4
2 6
2 8
2 14
2 18
2 22
2 24
2 26
2 27
2 50
2 58
2 64
2 66
2 67
2 88
3 3
3 5
3 7
3 21
3 22
3 23
3 25
3 26
3 27
3 64
3 65
3 83
3 86
3 87
3 88
3 89
3 92
3 93
3 113
4 4
4 5
4 8
4 12
4 14
4 20
4 22
4 23
4 24
4 25
4 26
4 27
4 30
4 31
4 34
4 64
4 66
4 67
4 91
4 93
5 5
5 7
5 9
5 21
5 23
5 25
5 26
5 27
5 52
5 53
5 64
5 65
5 88
5 89
5 90
5 91
5 92
5 93
5 101
5 112
6 6
6 9
6 12
6 13
6 32
6 35
6 42
6 43
6 44
6 45
6 48
6 49
6 55
6 61
6 65
6 97
6 99
6 113
7 7
7 9
7 11
7 13
7 15
7 23
7 27
7 64
7 65
7 86
7 88
7 89
7 92
7 113
8 8
8 12
8 14
8 22
8 24
8 50
8 58
8 66
8 67
9 9
9 12
9 13
9 15
9 31
9 45
9 49
9 60
9 61
9 65
9 95
10 10
10 11
10 12
10 13
10 17
10 19
10 28
10 29
10 41
10 70
10 71
10 72
10 73
10 74
10 75
10 76
10 77
10 80
10 82
10 84
10 106
11 11
11 13
11 15
11 65
11 71
11 73
11 107
11 115
12 12
12 13
12 14
12 15
12 16
12 29
12 30
12 32
12 42
12 44
12 45
12 49
12 58
12 60
12 61
12 62
12 63
12 66
12 72
12 74
12 114
13 13
13 15
13 17
13 29
13 31
13 32
13 33
13 41
13 60
13 61
13 63
13 65
13 71
13 72
13 73
13 74
13 75
13 95
14 14
14 18
14 26
14 50
14 58
14 60
14 64
14 66
14 105
14 106
14 107
14 114
15 15
15 17
15 20
15 21
15 29
15 31
15 33
15 37
15 39
15 41
15 60
15 61
15 63
15 65
15 70
15 71
15 72
15 73
15 74
15 75
15 83
16 16
16 17
16 18
16 19
16 28
16 29
16 30
16 32
16 56
16 58
16 59
16 60
16 61
16 62
16 63
16 66
16 68
16 70
16 72
16 73
16 74
16 75
16 76
16 79
16 80
16 95
16 102
16 104
16 106
16 107
16 114
16 115
17 17
17 19
17 28
17 29
17 30
17 31
17 32
17 33
17 37
17 38
17 41
17 56
17 57
17 60
17 61
17 62
17 63
17 70
17 71
17 72
17 73
17 74
17 76
17 79
17 80
17 81
17 102
17 104
17 106
17 107
17 114
18 18
18 19
18 32
18 56
18 58
18 59
18 60
18 62
18 66
18 68
18 72
18 74
18 84
18 102
18 104
18 106
19 19
19 28
19 29
19 32
19 33
19 62
19 63
19 68
19 69
19 78
19 79
19 80
19 81
19 83
19 84
19 91
19 101
19 102
19 106
20 20
20 21
20 25
20 26
20 27
20 28
20 29
20 30
20 31
20 37
20 39
20 41
20 57
20 70
20 71
20 72
20 73
20 74
20 75
20 76
20 77
20 80
20 82
20 86
20 97
20 108
20 109
21 21
21 22
21 23
21 25
21 26
21 27
21 28
21 31
21 36
21 37
21 39
21 41
21 68
21 69
21 70
21 71
21 75
21 78
21 79
21 80
21 81
21 83
21 93
21 101
21 110
22 22
22 23
22 24
22 25
22 26
22 27
22 34
22 50
22 51
22 52
22 53
22 64
22 82
22 87
22 88
22 89
23 23
23 24
23 25
23 26
23 27
23 34
23 52
23 53
23 64
23 69
23 82
23 83
23 87
23 88
23 89
23 90
23 91
23 92
23 93
24 24
24 25
24 34
24 42
24 43
24 44
24 45
24 47
24 48
24 49
24 50
24 51
24 64
24 66
24 67
24 85
24 89
25 25
25 26
25 27
25 31
25 34
25 39
25 41
25 47
25 52
25 53
25 64
25 70
25 71
25 82
25 83
25 87
25 88
25 89
25 90
25 92
25 93
25 110
26 26
26 27
26 64
26 69
26 82
26 87
26 88
26 91
26 93
26 105
26 114
27 27
27 34
27 39
27 68
27 69
27 78
27 87
27 88
27 89
27 91
27 92
27 93
27 101
27 103
27 105
27 110
28 28
28 29
28 30
28 31
28 36
28 38
28 40
28 41
28 62
28 69
28 72
28 78
28 79
28 80
28 81
28 82
28 83
28 84
28 96
28 101
28 106
29 29
29 30
29 31
29 32
29 33
29 37
29 41
29 56
29 61
29 62
29 63
29 70
29 71
29 72
29 73
29 74
29 75
29 76
29 77
29 80
29 84
29 95
29 98
29 109
30 30
30 31
30 32
30 41
30 62
30 63
30 70
30 71
30 72
30 73
30 74
30 75
30 76
30 77
30 80
30 82
30 84
30 86
30 108
31 31
31 33
31 41
31 63
31 70
31 71
31 72
31 73
31 74
31 75
31 77
31 82
31 84
31 86
32 32
32 33
32 56
32 58
32 59
32 60
32 61
32 62
32 63
32 66
32 72
32 74
32 76
32 84
32 102
32 104
32 106
32 114
32 115
33 33
33 34
33 60
33 63
33 64
33 78
33 79
33 81
34 34
34 35
34 45
34 47
34 51
34 52
34 53
34 82
34 90
34 110
35 35
35 42
35 43
35 44
35 45
35 46
35 47
35 48
35 49
35 52
35 53
35 54
35 55
35 76
35 77
35 90
35 95
35 96
35 97
35 99
35 108
35 109
35 110
36 36
36 37
36 38
36 39
36 40
36 57
36 68
36 69
36 78
36 79
36 80
36 81
36 82
36 83
36 84
36 87
36 94
36 96
37 37
37 38
37 39
37 41
37 56
37 57
37 68
37 70
37 71
37 72
37 73
37 74
37 75
37 76
37 77
37 95
37 108
37 109
37 110
38 38
38 39
38 40
38 41
38 54
38 68
38 69
38 77
38 80
38 81
38 82
38 84
38 87
38 88
38 94
38 96
39 39
39 41
39 56
39 57
39 68
39 70
39 71
39 73
39 75
39 76
39 77
39 87
39 88
39 95
39 110
40 40
40 41
40 69
40 80
40 81
40 82
40 83
40 84
40 85
40 86
40 94
40 96
40 97
40 110
41 41
41 70
41 71
41 72
41 73
41 74
41 75
41 76
41 77
41 80
41 81
41 82
41 83
41 84
41 96
41 109
42 42
42 43
42 44
42 45
42 46
42 47
42 48
42 49
42 50
42 51
42 54
42 55
42 66
42 95
42 97
42 98
42 111
43 43
43 44
43 45
43 46
43 47
43 48
43 49
43 50
43 51
43 54
43 55
43 95
43 97
43 98
43 99
43 111
43 112
44 44
44 45
44 46
44 47
44 48
44 49
44 50
44 51
44 52
44 53
44 54
44 55
44 61
44 95
44 98
44 99
44 100
44 108
44 109
44 111
44 112
45 45
45 46
45 47
45 48
45 49
45 51
45 52
45 53
45 55
45 65
45 92
45 95
45 97
45 98
45 99
45 100
45 108
45 109
45 111
45 112
45 113
46 46
46 47
46 48
46 49
46 50
46 51
46 52
46 54
46 55
46 76
46 95
46 96
46 97
46 98
46 99
46 108
46 109
46 111
46 112
47 47
47 48
47 53
47 54
47 67
47 69
47 77
47 90
47 96
47 97
47 109
47 110
47 111
48 48
48 49
48 50
48 51
48 52
48 53
48 54
48 55
48 90
48 98
48 99
48 111
48 112
49 49
49 50
49 51
49 52
49 53
49 54
49 55
49 61
49 63
49 95
49 98
49 99
49 108
49 111
49 112
50 50
50 51
50 54
50 55
50 64
50 66
50 67
50 85
50 87
50 88
50 89
51 51
51 52
51 53
51 54
51 55
51 65
51 85
51 89
51 90
51 97
51 98
51 99
51 109
51 111
51 112
51 113
52 52
52 53
52 54
52 55
52 57
52 89
52 90
52 92
52 98
52 99
52 100
52 109
52 112
53 53
53 55
53 57
53 89
53 90
53 91
53 92
53 93
53 97
53 99
53 100
53 108
53 109
53 110
53 111
53 112
53 113
54 54
54 55
54 57
54 58
54 76
54 77
54 87
54 96
54 98
54 109
54 110
55 55
55 85
55 89
55 95
55 96
55 97
55 98
55 99
55 100
55 108
55 109
55 111
55 112
55 113
56 56
56 57
56 58
56 59
56 60
56 62
56 66
56 68
56 72
56 73
56 74
56 76
56 95
56 100
56 102
56 103
56 104
56 105
56 106
56 107
56 114
56 115
57 57
57 68
57 90
57 99
57 100
57 102
58 58
58 59
58 60
58 61
58 62
58 63
58 66
58 74
58 98
58 102
58 106
58 107
58 114
59 59
59 60
59 61
59 62
59 63
59 66
59 74
59 98
59 100
59 102
59 104
59 105
59 106
59 107
60 60
60 61
60 62
60 63
60 64
60 66
60 72
60 74
60 102
60 104
60 105
60 106
60 107
60 114
60 115
61 61
61 62
61 63
61 65
61 72
61 73
61 74
61 75
61 95
61 98
61 102
61 106
62 62
62 63
62 66
62 72
62 74
62 79
62 80
62 81
62 102
62 104
62 106
62 107
62 114
62 115
63 63
63 72
63 73
63 74
63 75
63 98
63 102
63 106
63 114
63 115
64 64
64 65
64 88
64 89
64 105
64 107
64 114
64 115
65 65
65 88
65 89
65 92
65 97
65 113
66 66
66 67
66 72
66 74
66 102
66 103
66 104
66 106
66 107
66 114
66 115
67 67
67 69
67 85
67 91
67 93
67 101
67 110
68 68
68 69
68 77
68 80
68 82
68 84
68 87
68 88
68 106
69 69
69 78
69 80
69 81
69 82
69 83
69 84
69 88
69 90
69 91
69 93
69 94
69 96
69 101
69 110
70 70
70 71
70 72
70 73
70 74
70 75
70 76
70 77
70 80
70 84
71 71
71 72
71 73
71 74
71 75
71 76
71 77
71 86
72 72
72 73
72 74
72 75
72 76
72 80
72 81
72 84
72 95
72 98
72 102
72 104
72 106
72 108
73 73
73 74
73 75
73 76
73 77
73 86
73 95
73 98
74 74
74 75
74 76
74 77
74 95
74 98
74 102
74 104
74 106
74 115
75 75
75 76
75 77
75 86
75 95
75 97
75 108
75 109
75 113
76 76
76 77
76 84
76 95
76 98
77 77
77 82
77 84
77 86
77 96
77 97
77 109
77 110
78 78
78 79
78 80
78 81
78 83
78 91
78 93
78 101
78 104
78 105
78 107
79 79
79 80
79 81
79 82
79 83
79 101
79 105
79 106
79 107
80 80
80 81
80 82
80 83
80 84
80 101
80 102
81 81
81 82
81 83
81 91
81 101
82 82
82 83
82 84
82 86
82 94
82 96
82 110
83 83
83 90
83 91
83 93
83 96
83 101
84 84
84 86
84 94
84 96
85 85
85 86
85 89
85 94
85 96
85 97
86 86
86 89
86 92
86 94
86 96
86 97
86 113
87 87
87 88
87 89
87 93
88 88
88 89
89 89
89 90
89 91
89 92
89 93
89 94
89 96
89 97
89 112
89 113
90 90
90 91
90 92
90 93
90 99
90 100
90 101
90 109
90 110
90 111
90 112
91 91
91 92
91 93
91 99
91 101
91 103
91 105
91 110
91 111
91 112
92 92
92 93
92 94
92 97
92 99
92 100
92 101
92 108
92 111
92 112
92 113
93 93
93 94
93 101
93 103
93 105
93 110
93 111
93 112
94 94
94 96
94 97
95 95
95 97
95 98
95 99
95 100
95 102
95 104
95 108
95 109
95 112
95 113
95 115
96 96
96 97
96 110
97 97
97 99
97 108
97 109
97 110
97 111
97 112
97 113
98 98
98 99
98 100
98 102
98 108
98 109
98 111
98 112
99 99
99 100
99 108
99 109
99 111
99 112
99 113
100 100
100 102
100 103
100 104
100 108
100 111
100 112
101 101
101 103
101 104
101 110
101 111
102 102
102 103
102 104
102 106
102 107
102 115
103 103
103 104
103 105
103 106
103 107
103 111
103 114
103 115
104 104
104 105
104 106
104 107
104 114
104 115
105 105
105 106
105 107
105 114
105 115
106 106
106 107
106 114
107 107
107 114
107 115
108 108
108 109
108 110
108 112
108 113
109 109
109 110
109 111
109 112
109 113
110 110
110 111
111 111
111 112
112 112
112 113
113 113
114 114
114 115
115 115
