0 0
0 3
0 10
0 14
0 15
0 37
0 42
0 44
0 48
0 50
0 52
0 53
0 54
0 55
0 61
0 98
0 113
1 1
1 3
1 7
1 9
1 11
1 13
1 15
1 17
1 42
1 43
1 44
1 46
1 47
1 48
1 49
1 51
1 52
1 53
1 54
1 55
1 56
1 57
1 61
1 63
1 80
1 89
1 95
2 2
2 4
2 6
2 8
2 20
2 22
2 30
2 31
2 32
2 33
2 35
2 48
2 58
2 59
2 60
2 66
2 67
2 69
2 70
2 72
2 91
2 93
2 101
2 102
2 103
2 107
2 108
3 3
3 7
3 9
3 11
3 13
3 15
3 23
3 26
3 27
3 50
3 57
3 61
3 65
3 78
3 83
3 85
3 88
3 92
4 4
4 5
4 6
4 7
4 8
4 9
4 20
4 22
4 23
4 24
4 25
4 26
4 30
4 31
4 48
4 64
4 67
4 70
4 71
4 91
4 93
4 100
4 108
5 5
5 7
5 8
5 9
5 14
5 15
5 20
5 22
5 23
5 24
5 25
5 26
5 27
5 30
5 31
5 39
5 64
5 65
5 70
5 71
5 78
5 87
5 89
5 92
6 6
6 8
6 10
6 12
6 20
6 22
6 24
6 30
6 31
6 32
6 33
6 35
6 48
6 58
6 60
6 64
6 66
6 67
6 70
6 91
6 93
6 100
6 101
6 102
6 103
6 108
7 7
7 9
7 11
7 13
7 15
7 25
7 48
7 50
7 51
7 61
7 64
7 65
7 92
7 100
8 8
8 10
8 12
8 14
8 15
8 20
8 22
8 23
8 24
8 25
8 26
8 27
8 30
8 31
8 34
8 50
8 64
8 65
8 70
8 71
8 93
9 9
9 11
9 13
9 15
9 26
9 27
9 50
9 51
9 54
9 61
9 64
9 65
9 71
9 89
9 92
9 100
10 10
10 12
10 14
10 16
10 28
10 33
10 37
10 40
10 48
10 58
10 60
10 61
10 63
10 65
10 76
10 114
11 11
11 13
11 15
11 17
11 37
11 42
11 43
11 44
11 46
11 47
11 50
11 51
11 52
11 54
11 55
11 57
11 61
11 65
11 68
11 75
11 85
11 92
11 112
12 12
12 14
12 15
12 24
12 25
12 28
12 37
12 39
12 48
12 50
12 65
12 76
12 87
12 96
13 13
13 15
13 27
13 37
13 42
13 46
13 47
13 50
13 51
13 52
13 54
13 55
13 61
13 65
13 79
13 85
13 87
13 88
13 89
13 92
13 112
14 14
14 15
14 18
14 22
14 23
14 24
14 25
14 26
14 27
14 30
14 31
14 38
14 39
14 50
14 64
14 68
14 70
14 71
14 78
14 82
14 84
14 87
14 88
14 90
14 105
14 114
15 15
15 23
15 24
15 25
15 26
15 27
15 37
15 39
15 50
15 52
15 54
15 55
15 61
15 65
15 71
15 83
15 87
15 88
15 89
16 16
16 17
16 18
16 28
16 29
16 33
16 36
16 56
16 60
16 62
16 63
16 72
16 74
16 76
16 78
16 80
16 81
16 83
16 114
17 17
17 18
17 19
17 28
17 29
17 44
17 46
17 49
17 52
17 53
17 54
17 56
17 59
17 60
17 61
17 62
17 63
17 72
17 74
17 80
17 81
17 83
17 101
17 102
17 106
17 111
18 18
18 19
18 28
18 32
18 33
18 36
18 59
18 62
18 66
18 68
18 69
18 72
18 78
18 80
18 81
18 82
18 83
18 84
18 91
18 97
18 101
18 103
18 108
18 109
18 115
19 19
19 28
19 29
19 32
19 33
19 57
19 59
19 62
19 66
19 68
19 69
19 72
19 74
19 80
19 81
19 82
19 83
19 91
19 94
19 95
19 97
19 101
19 103
19 108
19 111
19 115
20 20
20 21
20 22
20 23
20 24
20 25
20 26
20 30
20 31
20 35
20 41
20 64
20 66
20 67
20 69
20 70
20 90
20 91
20 93
20 94
20 97
20 100
20 101
20 103
20 108
20 110
21 21
21 22
21 23
21 24
21 25
21 26
21 27
21 30
21 31
21 35
21 67
21 71
21 91
21 93
21 100
21 101
21 105
22 22
22 23
22 24
22 25
22 26
22 27
22 30
22 31
22 34
22 38
22 64
22 67
22 69
22 71
22 77
22 82
22 84
22 88
22 90
22 91
22 93
22 105
22 107
22 109
22 110
22 113
23 23
23 24
23 25
23 26
23 27
23 30
23 31
23 34
23 39
23 41
23 64
23 67
23 69
23 71
23 78
23 82
23 87
23 88
23 90
23 92
23 93
23 105
23 107
24 24
24 25
24 26
24 27
24 30
24 31
24 34
24 35
24 39
24 50
24 64
24 65
24 67
24 70
24 71
24 79
24 87
24 93
24 96
24 105
24 107
24 110
25 25
25 26
25 27
25 30
25 31
25 34
25 35
25 39
25 50
25 51
25 64
25 65
25 67
25 71
25 87
25 88
25 93
25 96
25 105
26 26
26 27
26 30
26 31
26 39
26 50
26 64
26 65
26 67
26 69
26 70
26 71
26 78
26 86
26 87
26 88
26 89
26 90
26 92
26 105
27 27
27 31
27 39
27 50
27 65
27 68
27 71
27 78
27 84
27 85
27 86
27 87
27 88
27 89
27 90
27 92
27 105
27 115
28 28
28 29
28 32
28 33
28 35
28 58
28 60
28 62
28 63
28 66
28 72
28 76
28 77
28 79
28 80
28 81
28 82
28 83
28 91
28 101
28 102
28 103
28 111
29 29
29 32
29 33
29 36
29 40
29 41
29 44
29 49
29 58
29 60
29 62
29 63
29 72
29 73
29 74
29 75
29 76
29 77
29 80
29 81
29 83
29 102
30 30
30 31
30 33
30 34
30 35
30 67
30 71
30 75
30 77
30 93
30 105
30 107
30 110
30 115
31 31
31 34
31 35
31 64
31 67
31 70
31 71
31 73
31 75
31 77
31 82
31 93
31 105
31 110
31 114
32 32
32 33
32 40
32 44
32 58
32 59
32 60
32 63
32 66
32 72
32 74
32 75
32 76
32 77
32 80
32 81
32 101
32 102
33 33
33 35
33 58
33 59
33 60
33 62
33 63
33 66
33 72
33 74
33 75
33 76
33 77
33 80
33 81
33 82
33 83
33 94
33 101
33 102
33 108
34 34
34 35
34 39
34 45
34 67
34 71
34 93
34 115
35 35
35 45
35 58
35 59
35 66
35 67
35 91
35 93
35 110
36 36
36 38
36 41
36 57
36 60
36 62
36 64
36 73
36 75
36 78
36 80
36 81
36 82
36 83
36 84
36 90
36 108
37 37
37 39
37 46
37 50
37 52
37 54
37 55
37 65
37 79
37 86
37 88
37 96
37 98
37 105
37 113
37 114
38 38
38 39
38 41
38 54
38 55
38 77
38 84
38 85
38 86
38 87
38 88
38 89
38 96
38 99
38 112
39 39
39 41
39 51
39 55
39 65
39 71
39 82
39 85
39 87
39 88
39 89
39 105
40 40
40 72
40 76
40 77
40 101
40 102
41 41
41 57
41 68
41 69
41 73
41 74
41 77
41 82
41 83
41 84
41 85
41 87
41 89
41 104
41 113
42 42
42 43
42 44
42 45
42 46
42 47
42 48
42 49
42 50
42 51
42 52
42 53
42 55
42 56
42 57
42 61
42 96
42 98
42 106
42 111
42 112
43 43
43 44
43 45
43 46
43 47
43 49
43 51
43 53
43 55
43 57
43 85
43 96
43 98
43 106
43 111
43 112
44 44
44 45
44 46
44 47
44 48
44 49
44 51
44 52
44 53
44 55
44 56
44 61
44 98
44 106
44 111
44 112
45 45
45 46
45 47
45 49
45 51
45 53
45 59
45 67
45 110
45 111
45 112
46 46
46 47
46 48
46 49
46 50
46 51
46 52
46 53
46 55
46 56
46 57
46 79
46 95
46 96
46 98
46 106
46 111
46 112
47 47
47 49
47 51
47 53
47 55
47 56
47 57
47 80
47 96
47 98
47 99
47 106
47 110
47 111
47 112
48 48
48 49
48 50
48 51
48 52
48 53
48 55
48 58
48 59
48 60
48 61
48 63
48 66
48 96
48 98
48 102
48 106
49 49
49 51
49 52
49 53
49 55
49 56
49 59
49 98
49 102
49 106
49 111
49 112
50 50
50 51
50 52
50 53
50 54
50 55
50 61
50 65
50 79
50 87
50 88
50 96
50 98
51 51
51 52
51 53
51 55
51 56
51 61
51 65
51 89
51 98
51 106
51 112
52 52
52 53
52 54
52 61
52 63
52 86
52 96
52 98
53 53
53 55
53 57
53 61
53 111
53 113
54 54
54 55
54 56
54 65
54 79
54 84
54 86
54 88
54 89
54 96
54 98
55 55
55 56
55 57
55 61
55 65
55 74
55 88
55 89
55 96
55 98
55 112
56 56
56 57
56 60
56 61
56 63
56 68
56 80
56 89
56 96
57 57
57 62
57 68
57 69
57 78
57 80
57 81
57 84
57 85
57 88
57 89
57 90
57 97
57 112
58 58
58 59
58 60
58 62
58 63
58 66
58 72
58 81
58 101
58 102
58 103
58 107
58 108
59 59
59 60
59 62
59 63
59 66
59 67
59 69
59 72
59 80
59 81
59 94
59 101
59 102
59 103
60 60
60 62
60 63
60 64
60 66
60 72
60 80
60 81
60 94
60 101
60 102
60 103
60 108
61 61
61 63
61 65
61 74
62 62
62 63
62 64
62 66
62 72
62 78
62 80
62 81
62 82
62 83
62 94
62 97
62 101
62 102
62 103
62 108
63 63
63 66
63 72
63 74
63 76
63 80
63 81
63 83
63 95
63 102
64 64
64 67
64 90
64 93
65 65
65 71
65 85
65 87
65 88
65 89
65 92
66 66
66 67
66 70
66 72
66 81
66 91
66 93
66 94
66 101
66 102
66 103
66 107
66 108
67 67
67 69
67 71
67 91
67 93
67 100
67 103
67 107
67 110
68 68
68 69
68 74
68 78
68 80
68 84
68 85
68 89
68 90
68 91
68 92
68 94
68 95
68 97
68 99
68 103
68 112
68 115
69 69
69 71
69 89
69 90
69 91
69 92
69 93
69 94
69 95
69 97
69 100
69 101
69 103
69 108
69 109
69 115
70 70
70 71
70 75
70 91
70 93
70 101
70 103
70 105
70 108
71 71
71 92
71 100
71 105
71 114
71 115
72 72
72 74
72 75
72 76
72 77
72 80
72 81
72 83
72 91
72 101
72 102
72 103
72 108
72 114
73 73
73 75
73 76
73 77
73 79
73 85
73 87
74 74
74 76
74 77
74 80
75 75
75 77
75 80
75 84
76 76
76 77
76 83
77 77
77 80
77 82
77 83
77 84
77 110
78 78
78 80
78 82
78 83
78 84
78 85
78 89
78 90
78 92
79 79
79 81
79 86
79 87
79 88
79 96
79 98
79 112
80 80
80 81
80 82
80 83
80 84
80 97
80 99
80 101
80 102
80 111
80 115
81 81
81 82
81 83
81 84
81 102
81 103
81 109
81 111
82 82
82 83
82 84
82 86
82 90
82 91
82 109
83 83
83 85
83 95
84 84
84 85
84 86
84 87
84 88
84 90
84 99
85 85
85 86
85 87
85 89
85 92
85 99
85 115
86 86
86 87
86 88
86 90
86 96
86 98
86 99
86 104
86 105
86 109
86 110
86 113
86 114
87 87
87 88
87 89
87 96
87 98
87 99
87 104
87 105
88 88
88 89
88 90
88 92
88 104
89 89
89 92
90 90
90 91
90 92
90 93
90 98
90 99
90 100
90 103
90 104
90 105
90 106
90 109
90 112
90 114
91 91
91 92
91 93
91 94
91 95
91 97
91 99
91 100
91 101
91 102
91 103
91 104
91 105
91 106
91 107
91 108
91 109
91 110
91 111
91 115
92 92
92 93
92 99
92 100
92 104
92 105
92 110
92 112
92 114
92 115
93 93
93 94
93 97
93 99
93 100
93 101
93 102
93 103
93 105
93 107
93 108
93 110
93 114
93 115
94 94
94 95
94 97
94 101
94 103
94 105
94 107
94 108
94 110
95 95
95 97
95 98
95 103
95 108
95 109
95 110
95 112
96 96
96 98
97 97
97 99
97 100
97 101
97 103
97 105
97 108
97 110
97 111
97 115
98 98
98 99
98 104
98 105
98 106
98 111
98 112
99 99
99 101
99 103
99 104
99 110
99 111
99 112
99 113
99 114
99 115
100 100
100 101
100 102
101 101
101 102
101 103
101 108
101 110
101 111
101 114
101 115
102 102
102 103
102 113
102 115
103 103
103 104
103 105
103 107
103 108
103 114
103 115
104 104
104 105
104 106
104 107
104 113
104 114
105 105
105 106
105 107
105 109
105 110
105 113
105 114
106 106
106 107
106 110
106 111
106 112
107 107
107 111
108 108
108 109
108 110
108 111
109 109
110 110
110 111
110 112
110 115
111 111
111 112
112 112
113 113
113 114
114 114
114 115
115 115
