0 0
0 1
0 5
0 6
0 10
0 12
0 13
0 16
0 17
0 18
0 26
0 27
0 28
0 56
0 60
0 62
0 63
0 80
0 81
0 82
1 1
1 10
1 11
1 12
1 13
1 14
1 15
1 20
1 26
1 27
1 57
1 81
1 83
1 86
1 106
2 2
2 4
2 5
2 6
2 7
2 12
2 25
2 26
2 33
2 60
2 64
3 3
3 7
3 8
3 9
3 22
3 23
3 24
3 25
3 34
3 37
3 38
3 39
3 50
3 51
3 54
3 65
3 92
3 93
3 94
3 95
3 110
4 4
4 5
4 8
4 9
4 44
4 45
4 60
4 61
5 5
5 6
5 10
5 12
5 13
5 15
5 20
5 26
5 27
5 28
5 30
5 82
5 83
5 86
5 87
6 6
6 12
6 18
6 26
6 27
6 28
6 30
6 31
6 33
6 60
6 62
6 72
6 82
6 83
6 86
7 7
7 11
7 13
7 15
7 23
7 64
7 65
7 83
7 92
8 8
8 9
8 24
8 32
8 34
8 48
8 49
8 50
8 51
8 55
8 56
8 58
8 65
8 92
8 93
8 97
8 114
9 9
9 32
9 34
9 44
9 45
9 48
9 49
9 50
9 51
9 52
9 58
9 59
9 66
9 92
9 93
10 10
10 11
10 12
10 13
10 14
10 15
10 16
10 26
10 27
10 28
10 82
10 106
10 108
11 11
11 12
11 13
11 14
11 15
11 20
11 26
11 27
11 28
11 30
11 70
11 71
11 75
11 83
11 84
12 12
12 13
12 14
12 15
12 16
12 17
12 20
12 26
12 27
12 28
12 30
12 60
12 72
12 106
12 108
13 13
13 15
13 16
13 17
13 26
13 60
13 61
13 106
14 14
14 15
14 20
14 21
14 22
14 24
14 25
14 26
14 27
14 28
14 29
14 30
14 31
14 36
14 38
14 40
14 54
14 70
14 71
14 72
14 73
14 74
14 75
14 82
14 83
14 84
14 85
14 86
14 87
14 88
14 94
14 106
14 108
14 109
15 15
15 20
15 21
15 22
15 24
15 25
15 26
15 27
15 28
15 29
15 30
15 31
15 38
15 70
15 71
15 72
15 73
15 74
15 75
15 82
15 83
15 84
15 85
15 86
15 87
15 94
15 108
16 16
16 17
16 26
16 28
16 56
16 57
16 60
16 62
16 63
16 72
16 78
16 79
16 80
16 81
17 17
17 29
17 36
17 37
17 46
17 47
17 55
17 56
17 57
17 60
17 63
17 72
17 73
17 74
17 76
17 78
17 79
17 80
17 81
17 97
17 98
17 99
17 105
17 111
17 115
18 18
18 19
18 26
18 27
18 28
18 29
18 30
18 31
18 33
18 62
18 72
18 74
18 75
18 82
18 84
18 86
18 87
19 19
19 31
19 33
19 68
19 69
19 82
19 83
19 86
19 90
20 20
20 21
20 24
20 25
20 26
20 27
20 28
20 29
20 30
20 31
20 36
20 38
20 39
20 40
20 54
20 70
20 71
20 72
20 73
20 74
20 75
20 82
20 83
20 84
20 85
20 86
20 87
20 88
20 89
20 94
20 106
20 108
20 109
21 21
21 22
21 24
21 25
21 27
21 28
21 29
21 30
21 31
21 38
21 39
21 40
21 41
21 71
21 72
21 73
21 74
21 75
21 86
21 87
21 94
21 106
21 108
21 109
22 22
22 23
22 24
22 25
22 34
22 50
22 54
22 88
22 89
22 95
22 105
22 114
22 115
23 23
23 34
23 65
23 67
23 68
23 85
23 92
23 93
23 103
24 24
24 25
24 38
24 39
24 40
24 71
24 74
24 87
24 94
24 108
24 115
25 25
25 27
25 30
25 31
25 34
25 38
25 39
25 64
25 65
25 71
25 87
26 26
26 27
26 28
26 30
26 31
26 64
26 82
26 83
26 84
26 86
26 87
27 27
27 28
27 30
27 31
27 71
27 72
27 82
27 83
27 84
27 85
27 86
27 87
28 28
28 29
28 30
28 31
28 36
28 38
28 40
28 41
28 62
28 70
28 71
28 72
28 73
28 74
28 75
28 76
28 78
28 79
28 80
28 81
28 82
28 83
28 84
28 86
28 87
28 94
28 97
28 108
28 109
28 115
29 29
29 30
29 32
29 36
29 37
29 38
29 39
29 40
29 41
29 54
29 55
29 70
29 71
29 72
29 73
29 74
29 75
29 76
29 77
29 78
29 79
29 80
29 81
29 84
29 86
29 87
29 89
29 94
29 95
29 97
29 105
29 108
29 109
29 114
29 115
30 30
30 31
30 64
30 70
30 71
30 72
30 73
30 74
30 75
30 82
30 83
30 84
30 85
30 86
30 87
30 108
30 109
31 31
31 64
31 70
31 71
31 75
31 82
31 83
31 84
31 85
31 86
31 87
31 106
31 108
32 32
32 34
32 36
32 37
32 41
32 48
32 49
32 50
32 54
32 55
32 57
32 58
32 63
32 72
32 73
32 74
32 76
32 113
32 114
32 115
33 33
33 60
33 64
33 67
33 68
33 69
33 90
34 34
34 35
34 50
34 51
34 65
34 66
34 67
34 77
34 92
34 93
34 110
34 113
35 35
35 44
35 45
35 50
35 51
35 65
35 67
35 90
35 91
35 92
35 93
35 110
36 36
36 37
36 38
36 39
36 40
36 41
36 54
36 55
36 71
36 72
36 73
36 74
36 75
36 76
36 77
36 78
36 79
36 80
36 81
36 84
36 85
36 89
36 94
36 95
36 96
36 97
36 105
36 108
36 109
36 111
36 114
36 115
37 37
37 38
37 39
37 40
37 41
37 54
37 55
37 56
37 71
37 72
37 73
37 74
37 75
37 76
37 77
37 78
37 79
37 81
37 85
37 89
37 94
37 95
37 96
37 97
37 99
37 100
37 105
37 108
37 109
37 110
37 111
37 114
37 115
38 38
38 39
38 40
38 41
38 54
38 55
38 71
38 72
38 73
38 74
38 75
38 76
38 77
38 79
38 84
38 86
38 88
38 89
38 94
38 95
38 96
38 97
38 105
38 108
38 109
38 114
38 115
39 39
39 40
39 41
39 54
39 55
39 71
39 76
39 79
39 89
39 94
39 95
39 97
39 105
39 108
39 109
39 110
39 114
39 115
40 40
40 41
40 54
40 55
40 71
40 72
40 73
40 74
40 75
40 76
40 77
40 79
40 80
40 81
40 84
40 85
40 86
40 87
40 88
40 89
40 94
40 95
40 97
40 105
40 108
40 109
40 115
41 41
41 54
41 55
41 71
41 72
41 73
41 74
41 75
41 76
41 77
41 79
41 81
41 89
41 94
41 95
41 96
41 97
41 105
41 108
41 109
41 111
41 114
41 115
42 42
42 43
42 44
42 45
42 46
42 47
42 48
42 49
42 50
42 51
42 52
42 53
42 55
42 63
42 96
42 98
42 99
42 110
42 111
42 112
43 43
43 44
43 45
43 46
43 47
43 48
43 49
43 51
43 52
43 55
43 96
43 98
43 99
43 110
43 111
43 112
44 44
44 45
44 46
44 47
44 48
44 49
44 50
44 51
44 52
44 58
44 59
44 66
44 67
44 69
44 90
44 92
44 98
44 101
44 111
44 112
44 113
45 45
45 46
45 47
45 48
45 49
45 50
45 51
45 52
45 58
45 59
45 66
45 67
45 69
45 90
45 98
45 111
45 112
46 46
46 47
46 48
46 49
46 52
46 53
46 55
46 96
46 98
46 99
46 110
46 111
46 112
47 47
47 49
47 52
47 53
47 55
47 63
47 91
47 96
47 98
47 99
47 101
47 110
47 111
47 112
48 48
48 49
48 50
48 51
48 52
48 53
48 58
48 59
48 66
48 67
48 90
48 92
48 98
48 101
48 103
48 112
48 113
49 49
49 50
49 51
49 52
49 53
49 55
49 58
49 59
49 66
49 92
49 98
49 101
49 111
49 112
49 113
49 114
50 50
50 51
50 52
50 55
50 58
50 59
50 65
50 66
50 67
50 92
50 93
50 110
50 112
50 113
50 114
51 51
51 52
51 53
51 58
51 59
51 65
51 66
51 67
51 90
51 92
51 93
51 101
51 103
51 112
51 113
51 114
52 52
52 53
52 58
52 59
52 66
52 67
52 90
52 92
52 93
52 101
52 103
53 53
53 54
53 73
53 88
53 89
53 98
53 99
53 101
53 102
53 103
53 104
54 54
54 55
54 71
54 72
54 73
54 74
54 75
54 76
54 77
54 79
54 84
54 85
54 88
54 89
54 94
54 95
54 96
54 97
54 100
54 102
54 104
54 105
54 108
54 109
54 112
54 113
54 114
54 115
55 55
55 63
55 72
55 73
55 74
55 76
55 77
55 79
55 89
55 94
55 95
55 96
55 97
55 98
55 99
55 105
55 109
55 110
55 111
55 112
55 113
55 114
55 115
56 56
56 57
56 63
56 68
56 76
56 77
56 78
56 79
56 97
56 99
57 57
57 60
57 63
57 78
57 79
57 80
57 81
57 113
58 58
58 59
58 60
58 61
58 66
58 67
58 90
58 92
58 112
58 113
59 59
59 61
59 66
59 67
59 69
59 90
59 92
59 103
60 60
60 61
60 62
60 63
60 90
61 61
61 63
61 64
61 90
61 91
62 62
62 63
62 72
62 80
62 81
62 98
62 111
63 63
63 72
63 78
63 79
63 80
63 81
63 98
63 99
63 111
64 64
64 65
65 65
65 67
65 91
65 92
65 93
65 110
66 66
66 67
66 69
66 90
66 92
66 103
67 67
67 69
67 90
67 92
67 103
67 107
68 68
68 69
69 69
69 90
69 92
69 103
69 106
69 107
70 70
70 71
70 72
70 73
70 74
70 75
70 76
70 77
70 83
70 86
71 71
71 72
71 73
71 74
71 75
71 76
71 77
71 83
71 84
71 85
71 86
71 87
71 88
71 89
71 94
71 95
71 97
71 100
71 102
71 108
71 109
71 115
72 72
72 73
72 74
72 75
72 76
72 77
72 78
72 79
72 80
72 81
72 84
72 86
72 87
72 89
72 94
72 95
72 97
72 108
72 109
72 115
73 73
73 74
73 75
73 76
73 77
73 79
73 81
73 84
73 86
73 87
73 89
73 94
73 95
73 97
73 105
73 108
73 109
73 114
73 115
74 74
74 75
74 76
74 77
74 78
74 79
74 81
74 84
74 86
74 87
74 94
74 95
74 97
74 108
74 115
75 75
75 76
75 77
75 79
75 84
75 85
75 86
75 89
75 94
75 95
75 96
75 97
75 108
75 109
75 115
76 76
76 77
76 78
76 79
76 80
76 81
76 89
76 94
76 95
76 96
76 97
76 108
76 109
76 111
76 113
76 114
76 115
77 77
77 79
77 81
77 84
77 85
77 94
77 95
77 96
77 97
77 105
77 108
77 109
77 110
77 114
77 115
78 78
78 79
78 80
78 81
78 97
78 99
78 111
79 79
79 80
79 81
79 89
79 94
79 95
79 97
79 99
79 105
79 109
79 111
79 114
79 115
80 80
80 81
80 82
80 83
80 84
81 81
82 82
82 83
82 84
82 85
82 86
82 106
82 107
83 83
83 84
83 85
83 86
83 87
83 106
83 107
84 84
84 85
84 86
84 87
84 88
85 85
85 86
85 87
85 88
85 89
85 94
85 100
85 102
86 86
86 87
86 88
86 102
86 108
86 109
87 87
87 88
87 89
87 106
88 88
88 89
88 94
88 97
88 100
88 102
88 104
88 105
88 108
88 109
88 115
89 89
89 94
89 95
89 97
89 100
89 105
89 108
89 109
89 111
89 115
90 90
90 91
90 92
90 93
90 101
90 103
90 106
90 107
91 91
91 92
91 93
91 98
91 99
91 101
91 103
92 92
92 93
92 101
92 103
93 93
93 99
93 100
93 101
93 103
94 94
94 95
94 96
94 97
94 100
94 105
94 106
94 108
94 109
94 115
95 95
95 96
95 97
95 99
95 105
95 108
95 109
95 110
95 111
95 112
95 114
95 115
96 96
96 97
96 98
96 99
96 105
96 108
96 109
96 110
96 111
96 112
96 114
96 115
97 97
97 99
97 100
97 105
97 108
97 109
97 110
97 111
97 112
97 113
97 114
97 115
98 98
98 99
98 101
98 102
98 104
98 110
98 111
98 112
99 99
99 101
99 102
99 103
99 105
99 109
99 110
99 111
99 112
99 114
99 115
100 100
100 101
100 102
100 103
100 104
100 106
100 107
101 101
101 102
101 103
101 104
101 105
101 111
101 112
102 102
102 103
102 104
102 106
102 107
103 103
103 104
103 105
103 107
103 110
104 104
104 105
104 106
104 112
105 105
105 108
105 109
105 110
105 111
105 112
105 113
105 114
105 115
106 106
106 107
106 108
107 107
108 108
108 109
108 115
109 109
109 110
109 111
109 114
109 115
110 110
110 111
110 112
110 113
110 114
111 111
111 112
111 113
111 114
111 115
112 112
112 113
112 114
112 115
113 113
113 114
113 115
114 114
114 115
115 115
