0 0
0 10
0 12
0 16
0 18
0 58
0 60
0 64
0 74
0 84
0 86
0 87
0 89
0 91
0 93
0 95
0 97
0 101
0 115
1 1
1 7
1 11
1 16
1 17
1 19
1 28
1 29
1 32
1 33
1 36
1 40
1 41
1 56
1 57
1 62
1 63
1 72
1 77
1 78
1 79
1 80
1 81
1 83
1 85
1 102
2 2
2 4
2 6
2 18
2 22
2 23
2 24
2 28
2 30
2 33
2 34
2 35
2 53
2 58
2 64
2 72
3 3
3 7
3 15
3 18
3 23
3 60
3 62
3 64
3 65
3 87
3 92
3 100
4 4
4 5
4 8
4 9
4 20
4 22
4 23
4 24
4 25
4 26
4 30
4 43
4 69
4 70
4 82
4 91
4 93
4 103
5 5
5 9
5 15
5 20
5 21
5 22
5 23
5 24
5 25
5 26
5 27
5 38
5 42
5 43
5 45
5 50
5 54
5 69
5 70
5 82
5 86
5 88
5 89
5 103
5 104
6 6
6 7
6 12
6 18
6 19
6 22
6 23
6 28
6 30
6 31
6 33
6 64
7 7
7 11
7 12
7 13
7 17
7 19
7 29
7 32
7 33
7 57
7 59
7 61
7 62
7 63
7 65
7 78
7 80
7 92
7 100
7 102
8 8
8 9
8 15
8 30
8 101
8 108
9 9
9 13
9 15
9 24
9 36
9 37
9 39
9 48
9 59
9 61
9 65
9 105
10 10
10 11
10 12
10 13
10 14
10 16
10 18
10 28
10 48
10 52
10 57
10 60
10 61
10 74
10 75
10 84
10 91
10 93
10 94
10 95
10 101
10 108
10 114
10 115
11 11
11 13
11 16
11 17
11 29
11 32
11 37
11 41
11 57
11 61
11 62
11 63
11 78
11 80
11 81
11 83
11 85
11 92
11 100
11 102
11 112
11 114
12 12
12 13
12 14
12 16
12 18
12 52
12 57
12 58
12 59
12 60
12 61
12 62
12 63
12 91
12 93
12 95
12 101
12 108
12 114
12 115
13 13
13 16
13 17
13 29
13 37
13 39
13 57
13 59
13 60
13 61
13 63
13 65
13 73
13 78
13 80
13 81
13 92
13 94
13 95
13 97
13 100
13 102
13 105
13 108
13 110
13 111
13 112
13 114
13 115
14 14
14 15
14 18
14 22
14 26
14 27
14 28
14 48
14 52
14 54
14 58
14 60
14 64
14 66
14 82
14 84
14 87
14 88
14 89
14 91
14 93
14 101
15 15
15 21
15 24
15 25
15 26
15 38
15 40
15 82
15 83
15 87
15 88
15 89
15 104
16 16
16 17
16 28
16 29
16 57
16 62
16 63
16 72
16 73
16 74
16 75
16 76
16 77
16 78
16 80
16 81
16 98
16 102
16 111
17 17
17 29
17 33
17 35
17 36
17 37
17 40
17 41
17 47
17 56
17 57
17 63
17 72
17 73
17 74
17 76
17 77
17 78
17 79
17 80
17 81
17 98
17 100
17 102
17 110
17 111
17 112
18 18
18 19
18 22
18 23
18 28
18 60
18 64
18 82
18 87
18 89
18 91
18 93
18 101
18 103
19 19
19 28
19 29
19 31
19 32
19 33
19 68
19 69
19 72
19 80
19 81
19 83
19 91
20 20
20 21
20 23
20 24
20 25
20 26
20 27
20 30
20 31
20 38
20 40
20 45
20 46
20 49
20 53
20 69
20 70
20 71
20 83
20 85
21 21
21 23
21 24
21 25
21 26
21 30
21 31
21 33
21 36
21 38
21 40
21 44
21 45
21 68
21 71
21 75
21 83
21 85
22 22
22 23
22 24
22 25
22 26
22 27
22 28
22 30
22 31
22 34
22 44
22 45
22 50
22 64
22 66
22 67
22 70
22 71
22 82
22 84
22 86
22 87
22 88
22 91
23 23
23 24
23 25
23 26
23 27
23 30
23 31
23 34
23 43
23 44
23 45
23 50
23 66
23 67
23 70
23 71
23 82
23 86
23 87
23 88
23 91
24 24
24 25
24 26
24 27
24 30
24 31
24 34
24 38
24 40
24 42
24 43
24 44
24 45
24 46
24 47
24 49
24 50
24 53
24 66
24 67
24 70
24 71
24 88
25 25
25 26
25 27
25 30
25 31
25 33
25 34
25 35
25 38
25 40
25 42
25 43
25 44
25 45
25 46
25 47
25 49
25 50
25 53
25 66
25 67
25 69
25 88
26 26
26 27
26 30
26 31
26 34
26 38
26 44
26 45
26 49
26 50
26 54
26 67
26 69
26 70
26 71
26 82
26 84
26 85
26 86
26 87
26 88
27 27
27 30
27 31
27 34
27 35
27 38
27 44
27 45
27 49
27 50
27 53
27 54
27 56
27 67
27 82
27 84
27 85
27 86
27 87
27 88
28 28
28 40
28 41
28 72
28 74
28 75
28 76
28 82
28 84
29 29
29 33
29 35
29 36
29 37
29 40
29 41
29 47
29 56
29 57
29 63
29 72
29 73
29 74
29 76
29 77
29 78
29 79
29 80
29 81
29 83
29 98
29 100
29 102
29 110
30 30
30 31
30 33
30 34
30 44
30 45
30 46
30 50
30 70
30 71
30 86
31 31
31 33
31 34
31 40
31 42
31 43
31 44
31 45
31 46
31 49
31 53
31 67
31 70
31 71
32 32
32 33
32 34
32 46
32 115
33 33
33 34
33 35
33 40
33 45
33 46
33 47
33 56
33 57
33 72
33 77
33 78
33 79
33 80
33 81
34 34
34 35
34 42
34 43
34 44
34 45
34 46
34 47
34 49
34 50
34 53
34 67
35 35
35 36
35 38
35 40
35 41
35 44
35 45
35 47
35 56
35 66
35 67
35 68
35 72
35 76
35 77
35 79
35 80
35 81
35 98
35 110
36 36
36 37
36 38
36 40
36 41
36 47
36 49
36 56
36 57
36 63
36 72
36 73
36 74
36 76
36 77
36 78
36 79
36 80
36 81
36 98
36 102
36 112
37 37
37 39
37 41
37 48
37 55
37 59
37 60
37 61
37 63
37 65
37 73
37 76
37 79
37 92
37 94
37 95
37 96
37 97
37 98
37 99
37 100
37 102
37 104
37 105
37 106
37 107
37 108
37 109
37 110
37 111
37 112
37 113
37 114
37 115
38 38
38 39
38 40
38 41
38 44
38 46
38 47
38 49
38 50
38 53
38 54
38 55
38 56
38 68
38 71
38 76
38 79
38 82
38 85
38 86
38 88
38 96
38 98
39 39
39 41
39 55
39 61
39 65
39 73
39 94
39 95
39 96
39 97
39 98
39 99
39 105
39 108
39 109
39 110
39 111
39 112
39 114
39 115
40 40
40 41
40 47
40 56
40 57
40 72
40 75
40 77
40 78
40 79
40 80
40 81
40 82
40 83
40 85
41 41
41 56
41 57
41 71
41 72
41 73
41 74
41 76
41 77
41 78
41 79
41 80
41 81
41 83
41 84
41 85
41 98
41 102
42 42
42 43
42 44
42 45
42 46
42 49
42 50
42 51
42 53
42 55
42 70
42 71
42 94
42 96
42 105
42 108
42 109
42 114
42 115
43 43
43 44
43 45
43 51
43 67
43 69
43 70
43 93
43 94
43 103
43 104
43 105
43 107
43 108
43 109
43 114
43 115
44 44
44 45
44 46
44 47
44 48
44 49
44 50
44 51
44 53
44 66
44 67
44 70
44 71
45 45
45 46
45 47
45 49
45 50
45 51
45 53
45 66
45 67
45 71
46 46
46 47
46 49
46 50
46 51
46 53
46 55
46 71
46 96
46 98
46 110
47 47
47 49
47 53
47 68
47 77
47 78
47 79
47 80
47 81
47 98
47 110
48 48
48 50
48 51
48 52
48 54
48 58
48 59
48 60
48 66
48 89
48 93
48 101
48 103
48 105
48 108
48 114
49 49
49 50
49 51
49 53
49 67
49 70
49 71
49 81
49 84
49 85
49 98
50 50
50 51
50 52
50 53
50 54
50 58
50 66
50 67
50 70
50 86
50 88
50 89
51 51
51 52
51 53
51 54
51 55
51 59
51 70
51 96
51 97
51 105
51 106
51 108
51 109
51 111
51 112
51 114
52 52
52 54
52 55
52 58
52 59
52 60
52 89
52 90
52 93
52 108
53 53
53 55
53 56
53 81
53 84
53 85
54 54
54 55
54 58
54 66
54 88
54 89
54 93
54 96
54 98
54 99
54 103
54 111
55 55
55 87
55 89
55 96
55 97
55 98
55 99
55 108
55 109
55 110
55 111
55 112
56 56
56 68
56 72
56 74
56 76
56 77
56 78
56 79
56 80
56 81
56 84
56 85
56 86
56 87
56 88
56 98
57 57
57 61
57 63
57 69
57 72
57 78
57 79
57 80
57 81
57 98
57 102
58 58
58 59
58 60
58 61
58 64
58 65
58 66
58 67
58 88
58 89
58 101
58 103
58 110
59 59
59 60
59 61
59 62
59 63
59 65
59 66
59 69
59 89
59 92
59 100
59 102
59 103
59 104
59 106
59 107
59 110
60 60
60 61
60 62
60 63
60 64
60 65
60 89
60 92
60 93
60 95
60 97
60 101
60 103
60 106
60 107
60 108
60 109
60 114
61 61
61 63
61 65
61 73
61 92
61 94
61 95
61 97
61 100
61 102
61 105
61 106
61 108
61 109
61 110
61 111
61 112
61 113
61 114
61 115
62 62
62 63
62 64
62 80
62 83
62 89
62 92
62 95
62 102
62 104
62 106
62 107
63 63
63 65
63 77
63 78
63 80
63 81
63 92
63 97
63 100
63 102
63 107
63 111
63 112
64 64
64 65
64 82
64 87
64 88
64 89
64 107
65 65
65 92
65 94
65 97
65 100
65 106
65 107
65 109
66 66
66 67
66 101
66 103
66 107
66 110
67 67
67 103
68 68
68 69
68 77
68 79
68 87
69 69
69 91
70 70
70 71
70 91
70 93
70 106
71 71
71 84
71 85
71 86
71 87
72 72
72 73
72 74
72 76
72 77
72 78
72 80
72 81
72 98
73 73
73 74
73 76
73 77
73 78
73 79
73 81
73 90
73 92
73 97
73 98
73 100
73 102
73 111
74 74
74 76
74 82
74 84
74 91
74 98
75 75
75 77
75 82
75 91
75 92
75 93
75 102
76 76
76 77
76 78
76 79
76 80
76 81
76 96
76 98
76 99
76 102
76 110
76 111
76 112
77 77
77 78
77 79
77 80
77 81
77 92
77 98
77 100
77 102
77 110
77 111
78 78
78 79
78 80
78 81
78 83
78 102
78 111
79 79
79 80
79 81
79 92
79 98
79 100
79 102
79 110
80 80
80 81
80 83
80 98
80 102
81 81
81 83
81 85
81 98
81 102
82 82
82 83
82 84
82 85
82 86
82 87
82 88
82 89
83 83
83 85
83 102
84 84
84 85
84 86
84 88
85 85
85 86
85 87
85 88
86 86
86 87
86 88
86 89
87 87
87 88
87 89
88 88
88 89
89 89
89 103
89 107
89 113
90 90
90 91
90 92
90 93
90 98
90 101
91 91
91 93
91 101
91 103
91 115
92 92
92 93
92 97
92 100
92 102
92 103
92 104
92 107
92 111
92 112
92 113
92 114
93 93
93 94
93 101
93 103
93 105
93 106
93 107
93 108
93 113
93 114
93 115
94 94
94 95
94 96
94 97
94 99
94 100
94 101
94 103
94 104
94 105
94 106
94 107
94 108
94 109
94 111
94 112
94 113
94 114
94 115
95 95
95 97
95 99
95 101
95 104
95 105
95 106
95 108
95 109
95 111
95 112
95 113
95 114
95 115
96 96
96 97
96 98
96 99
96 100
96 105
96 108
96 109
96 110
96 111
96 112
96 114
96 115
97 97
97 98
97 99
97 100
97 101
97 102
97 104
97 105
97 106
97 107
97 108
97 109
97 110
97 111
97 112
97 113
97 114
97 115
98 98
98 99
98 100
98 102
98 110
98 111
98 112
99 99
99 100
99 101
99 102
99 105
99 108
99 109
99 110
99 111
99 112
99 113
99 114
99 115
100 100
100 101
100 102
100 105
100 106
100 107
100 108
100 109
100 110
100 111
100 112
100 113
101 101
101 103
101 104
101 105
101 106
101 107
101 108
101 109
101 113
101 114
101 115
102 102
102 110
102 111
102 112
102 113
103 103
103 104
103 105
103 106
103 107
103 113
103 114
103 115
104 104
104 105
104 106
104 107
104 108
104 109
104 114
104 115
105 105
105 106
105 107
105 108
105 109
105 111
105 112
105 113
105 114
105 115
106 106
106 107
106 108
106 109
106 112
106 113
106 114
106 115
107 107
107 109
107 113
107 114
108 108
108 109
108 111
108 112
108 113
108 114
108 115
109 109
109 110
109 111
109 112
109 113
109 114
109 115
110 110
110 111
110 112
110 113
111 111
111 112
111 113
111 114
112 112
112 113
112 114
112 115
113 113
113 114
113 115
114 114
114 115
115 115
