0 0
0 1
0 10
0 11
0 12
0 13
0 16
0 17
0 19
0 28
0 29
0 32
0 33
0 41
0 56
0 62
0 63
0 72
0 73
0 74
0 75
0 78
0 80
0 81
0 83
0 99
0 101
0 114
1 1
1 11
1 13
1 16
1 17
1 19
1 28
1 29
1 33
1 41
1 56
1 57
1 62
1 63
1 68
1 69
1 78
1 79
1 80
1 81
1 83
1 90
1 101
1 102
1 112
2 2
2 6
2 7
2 8
2 10
2 12
2 14
2 18
2 22
2 23
2 24
2 25
2 30
2 31
2 35
2 38
2 58
2 60
2 64
2 65
2 70
2 75
2 77
2 82
2 84
2 86
2 88
2 108
2 110
3 3
3 7
3 13
3 22
3 23
3 30
3 39
3 64
3 65
3 85
3 87
3 89
3 92
4 4
4 5
4 8
4 9
4 14
4 15
4 24
4 25
4 26
4 68
4 88
4 89
5 5
5 8
5 9
5 15
5 24
5 25
5 26
5 27
5 34
5 35
5 48
5 50
5 58
5 65
5 66
5 67
5 88
5 89
5 94
5 104
6 6
6 7
6 10
6 11
6 12
6 13
6 14
6 18
6 22
6 28
6 30
6 31
6 32
6 33
6 38
6 60
6 62
6 63
6 70
6 72
6 75
6 76
6 82
6 84
6 86
6 88
7 7
7 11
7 12
7 13
7 25
7 31
7 39
7 61
7 65
7 92
8 8
8 9
8 14
8 15
8 22
8 23
8 24
8 30
8 31
8 82
8 86
8 88
9 9
9 15
9 24
9 25
9 26
9 35
9 42
9 48
9 49
9 50
9 51
9 52
9 53
9 58
9 59
9 66
9 94
9 104
9 106
10 10
10 11
10 12
10 13
10 14
10 16
10 28
10 30
10 31
10 60
10 62
10 63
10 70
10 72
10 73
10 74
10 75
10 76
10 80
10 82
10 84
10 114
11 11
11 12
11 13
11 14
11 16
11 17
11 19
11 28
11 29
11 30
11 31
11 32
11 41
11 61
11 62
11 63
11 72
11 73
11 74
11 75
11 76
11 78
11 80
11 81
11 83
11 101
12 12
12 13
12 15
12 16
12 58
12 60
12 61
12 62
12 63
12 75
12 107
13 13
13 14
13 15
13 16
13 19
13 28
13 29
13 30
13 31
13 32
13 41
13 62
13 63
13 70
13 72
13 73
13 74
13 75
13 76
13 78
13 80
13 81
13 82
13 83
13 92
13 93
13 101
14 14
14 15
14 18
14 19
14 22
14 23
14 28
14 30
14 31
14 60
14 63
14 64
14 75
14 77
14 82
14 83
14 84
14 86
14 88
15 15
15 19
15 59
15 61
15 82
15 83
15 88
15 89
15 104
15 107
16 16
16 17
16 18
16 19
16 28
16 29
16 30
16 32
16 33
16 41
16 56
16 62
16 63
16 72
16 73
16 74
16 76
16 78
16 79
16 80
16 81
16 83
16 98
16 99
16 101
16 113
16 114
17 17
17 19
17 28
17 29
17 33
17 41
17 56
17 57
17 62
17 63
17 68
17 69
17 72
17 73
17 74
17 78
17 79
17 80
17 81
17 83
17 90
17 98
17 99
17 112
17 113
18 18
18 19
18 22
18 28
18 30
18 32
18 36
18 40
18 60
18 64
18 72
18 73
18 74
18 75
18 76
18 82
18 84
18 86
19 19
19 20
19 28
19 29
19 31
19 32
19 33
19 41
19 56
19 57
19 62
19 63
19 68
19 69
19 72
19 73
19 74
19 78
19 79
19 80
19 81
19 83
19 90
19 101
19 102
20 20
20 21
20 31
20 37
20 41
20 70
20 71
20 73
20 75
20 77
20 83
21 21
21 23
21 25
21 26
21 27
21 34
21 37
21 38
21 39
21 40
21 41
21 65
21 70
21 71
21 73
21 77
21 83
21 90
21 92
21 108
21 110
22 22
22 23
22 24
22 30
22 31
22 32
22 38
22 64
22 70
22 74
22 77
22 82
22 84
22 86
22 87
22 88
22 91
22 110
23 23
23 24
23 25
23 27
23 30
23 31
23 39
23 64
23 65
23 70
23 71
23 77
23 82
23 84
23 85
23 86
23 91
23 92
23 110
24 24
24 25
24 26
24 27
24 34
24 35
24 45
24 58
24 59
24 64
24 65
24 66
24 67
24 84
24 88
24 89
25 25
25 26
25 27
25 34
25 35
25 37
25 58
25 64
25 65
25 66
25 67
25 71
25 77
25 88
25 110
26 26
26 27
26 34
26 35
26 58
26 65
26 66
26 67
26 71
26 89
26 104
26 105
27 27
27 34
27 35
27 37
27 39
27 45
27 58
27 64
27 65
27 66
27 67
27 88
27 89
27 94
27 96
27 108
27 110
28 28
28 29
28 30
28 31
28 33
28 36
28 40
28 41
28 62
28 63
28 70
28 72
28 73
28 74
28 75
28 76
28 78
28 79
28 80
28 81
28 82
28 83
28 86
28 95
28 101
28 113
28 114
29 29
29 33
29 40
29 41
29 56
29 62
29 63
29 72
29 73
29 74
29 75
29 76
29 78
29 79
29 80
29 81
29 83
29 101
29 102
29 112
29 113
29 114
30 30
30 31
30 32
30 62
30 64
30 70
30 72
30 73
30 74
30 76
30 77
30 82
30 83
30 84
30 86
30 87
31 31
31 40
31 41
31 64
31 70
31 72
31 73
31 74
31 75
31 76
31 77
31 80
31 81
31 82
31 83
31 84
31 86
32 32
32 33
32 40
32 41
32 62
32 76
32 78
32 79
32 80
32 81
32 82
33 33
33 56
33 57
33 60
33 62
33 63
33 68
33 69
33 78
33 79
33 80
33 81
33 101
34 34
34 35
34 37
34 45
34 64
34 65
34 66
34 67
34 69
34 70
34 94
34 97
34 109
35 35
35 44
35 45
35 48
35 50
35 51
35 58
35 64
35 65
35 66
35 67
35 88
35 89
35 106
35 108
35 110
36 36
36 37
36 38
36 40
36 54
36 55
36 72
36 73
36 74
36 75
36 76
36 94
36 95
36 114
37 37
37 38
37 41
37 70
37 73
37 74
37 76
37 90
37 94
37 95
37 96
37 97
37 99
37 109
37 110
37 112
37 113
37 114
38 38
38 39
38 40
38 41
38 54
38 55
38 64
38 70
38 76
38 77
38 79
38 82
38 83
38 86
38 87
38 88
38 89
38 95
38 96
38 108
38 109
38 110
39 39
39 40
39 64
39 65
39 70
39 71
39 77
39 82
39 83
39 86
39 87
39 88
39 89
39 108
39 110
40 40
40 41
40 70
40 71
40 72
40 73
40 74
40 75
40 76
40 77
40 79
40 82
40 83
40 86
40 87
41 41
41 62
41 70
41 72
41 73
41 74
41 75
41 78
41 79
41 80
41 81
41 83
41 99
41 101
41 102
41 112
41 113
41 114
42 42
42 43
42 44
42 45
42 46
42 47
42 48
42 49
42 50
42 51
42 52
42 53
42 55
42 94
42 95
42 96
42 97
42 98
42 99
42 113
42 114
42 115
43 43
43 44
43 45
43 46
43 47
43 48
43 49
43 50
43 51
43 52
43 53
43 54
43 55
43 95
43 96
43 97
43 98
43 99
43 113
43 114
44 44
44 45
44 46
44 47
44 48
44 49
44 50
44 51
44 52
44 53
44 55
44 59
44 66
44 98
44 99
44 106
45 45
45 46
45 47
45 48
45 49
45 50
45 51
45 52
45 53
45 55
45 58
45 65
45 66
45 67
45 85
45 109
45 110
45 111
46 46
46 47
46 48
46 49
46 50
46 51
46 52
46 53
46 54
46 55
46 94
46 95
46 96
46 97
46 98
46 99
46 112
46 113
47 47
47 48
47 49
47 50
47 51
47 53
47 54
47 55
47 71
47 76
47 77
47 79
47 96
47 97
47 98
47 99
47 108
47 109
47 110
48 48
48 49
48 50
48 51
48 52
48 53
48 55
48 58
48 59
48 66
48 67
48 94
48 98
48 99
48 100
48 104
48 106
49 49
49 50
49 51
49 52
49 53
49 54
49 55
49 59
49 98
49 99
49 104
49 106
50 50
50 51
50 52
50 53
50 54
50 55
50 59
50 66
50 67
50 94
50 96
50 98
50 99
50 104
51 51
51 52
51 53
51 55
51 58
51 59
51 66
51 67
51 98
51 99
51 100
51 104
51 106
52 52
52 53
52 55
52 56
52 58
52 59
52 66
52 98
52 99
53 53
53 54
53 55
53 98
53 99
53 112
54 54
54 55
54 76
54 79
54 82
54 86
54 87
54 88
54 89
54 94
54 95
54 96
54 97
54 98
54 99
54 108
54 109
54 110
54 112
54 114
55 55
55 76
55 78
55 79
55 86
55 87
55 94
55 95
55 96
55 97
55 98
55 99
55 108
55 109
55 112
55 114
56 56
56 57
56 59
56 60
56 61
56 62
56 63
56 66
56 68
56 69
56 80
56 81
56 90
56 99
56 101
56 102
56 103
57 57
57 59
57 61
57 63
57 66
57 68
57 69
57 81
57 90
57 92
57 100
57 102
57 103
58 58
58 59
58 60
58 61
58 65
58 66
58 67
58 88
58 89
58 106
59 59
59 60
59 61
59 63
59 66
59 67
59 69
59 100
59 102
59 104
59 105
59 106
60 60
60 61
60 63
60 65
60 88
60 89
61 61
61 63
61 65
61 88
61 89
61 92
62 62
62 63
62 72
62 73
62 74
62 75
62 76
62 78
62 79
62 80
62 81
62 82
62 83
62 101
63 63
63 80
63 81
63 83
63 101
63 102
64 64
64 65
64 67
64 71
64 77
64 82
64 84
64 85
64 86
64 87
64 88
64 89
64 108
64 110
65 65
65 67
65 85
65 88
65 89
65 92
65 108
65 110
66 66
66 67
66 69
66 94
66 100
66 103
66 104
66 105
66 106
67 67
67 69
67 71
67 100
67 104
67 105
67 106
68 68
68 69
68 78
68 79
68 80
68 81
68 112
69 69
69 90
69 94
69 100
69 102
69 103
69 105
70 70
70 71
70 72
70 73
70 74
70 75
70 76
70 77
70 78
70 80
70 91
70 108
70 109
70 110
71 71
71 77
71 91
71 110
72 72
72 73
72 74
72 75
72 76
72 78
72 80
72 81
72 83
72 95
72 97
72 101
72 109
72 112
72 113
72 114
72 115
73 73
73 74
73 75
73 76
73 77
73 78
73 79
73 80
73 81
73 83
73 91
73 109
73 112
73 113
73 114
74 74
74 75
74 76
74 78
74 80
74 81
74 82
74 83
74 95
74 96
74 97
74 109
74 112
74 113
74 114
75 75
75 76
75 77
75 78
75 80
75 82
75 83
75 91
75 95
75 114
76 76
76 77
76 78
76 79
76 80
76 81
76 82
76 86
76 95
76 96
76 97
76 98
76 109
76 112
76 113
76 114
77 77
77 82
77 83
77 91
77 108
77 110
78 78
78 79
78 80
78 81
78 95
78 96
78 97
78 98
78 99
78 109
78 112
78 113
78 114
78 115
79 79
79 80
79 81
79 83
79 87
79 96
79 98
79 109
79 110
79 112
80 80
80 81
80 83
80 95
80 97
80 99
80 101
80 112
80 114
81 81
81 83
81 98
81 99
81 101
81 109
81 111
81 112
81 113
81 114
82 82
82 83
82 84
82 86
82 87
82 88
82 108
82 110
83 83
83 87
83 101
83 102
84 84
84 85
84 86
84 88
84 108
84 110
85 85
86 86
86 87
86 88
86 95
86 110
87 87
87 88
87 89
87 96
87 108
87 109
87 110
87 111
88 88
88 89
88 108
88 110
89 89
89 108
90 90
90 91
90 92
90 93
90 99
90 100
90 101
90 102
90 103
90 105
91 91
91 92
91 93
91 99
91 100
91 101
91 102
91 103
91 111
92 92
92 93
92 100
92 101
92 102
92 103
93 93
93 100
93 101
93 102
93 103
93 104
93 105
93 111
93 112
93 113
93 115
94 94
94 95
94 96
94 97
94 99
94 100
94 109
94 112
94 113
94 114
94 115
95 95
95 96
95 97
95 98
95 99
95 108
95 109
95 111
95 112
95 113
95 114
95 115
96 96
96 97
96 98
96 99
96 108
96 109
96 110
96 111
96 112
96 113
96 114
97 97
97 98
97 99
97 108
97 109
97 111
97 112
97 113
97 114
97 115
98 98
98 99
98 109
98 111
98 112
98 113
98 114
99 99
99 109
99 111
99 112
99 113
99 114
99 115
100 100
100 101
100 102
100 103
100 104
100 105
101 101
101 102
101 103
101 104
101 105
101 107
101 115
102 102
102 103
102 104
102 105
102 107
103 103
103 104
103 105
103 107
104 104
104 105
104 106
104 107
105 105
105 106
105 107
105 115
106 106
106 107
107 107
108 108
108 109
108 110
109 109
109 110
109 111
109 112
109 113
109 114
110 110
110 111
111 111
111 112
111 113
112 112
112 113
112 114
112 115
113 113
113 114
113 115
114 114
114 115
115 115
