0 0
0 1
0 10
0 16
0 17
0 18
0 19
0 28
0 29
0 52
0 56
0 57
0 58
0 60
0 61
0 69
0 78
0 80
0 81
0 90
0 98
0 99
0 100
0 101
0 102
0 103
0 104
0 111
0 112
0 113
0 114
1 1
1 10
1 11
1 13
1 16
1 17
1 19
1 29
1 41
1 52
1 55
1 56
1 57
1 58
1 59
1 61
1 68
1 73
1 74
1 76
1 80
1 81
1 99
1 100
1 102
1 104
1 114
2 2
2 3
2 4
2 5
2 6
2 7
2 8
2 12
2 14
2 22
2 23
2 24
2 25
2 27
2 30
2 31
2 50
2 60
2 64
2 65
2 88
3 3
3 4
3 5
3 6
3 7
3 8
3 14
3 15
3 21
3 22
3 23
3 24
3 25
3 27
3 30
3 31
3 34
3 35
3 40
3 64
3 65
3 82
3 83
3 85
3 86
3 87
3 88
3 92
3 110
4 4
4 5
4 6
4 7
4 8
4 9
4 12
4 14
4 15
4 20
4 22
4 23
4 24
4 25
4 26
4 27
4 60
4 61
4 64
4 65
4 88
4 90
4 91
4 92
4 93
5 5
5 6
5 7
5 8
5 9
5 15
5 20
5 21
5 22
5 23
5 24
5 25
5 26
5 27
5 31
5 34
5 35
5 65
5 67
5 88
5 89
5 92
5 94
5 110
6 6
6 8
6 14
6 15
6 20
6 22
6 23
6 24
6 25
6 26
6 27
6 30
6 31
6 34
6 50
6 60
6 64
6 82
6 88
6 93
7 7
7 8
7 9
7 11
7 13
7 35
7 45
7 59
7 61
7 65
7 92
7 100
8 8
8 9
8 10
8 11
8 12
8 14
8 15
8 22
8 23
8 24
8 25
8 26
8 27
8 30
8 31
8 60
8 64
8 65
8 82
8 86
8 87
8 88
8 89
8 91
8 92
8 93
9 9
9 13
9 23
9 58
9 61
9 65
9 90
9 91
9 92
9 93
9 100
9 105
10 10
10 11
10 12
10 13
10 14
10 48
10 58
10 60
10 61
10 64
10 74
10 88
11 11
11 12
11 13
11 14
11 15
11 31
11 61
11 64
11 65
11 71
11 75
11 77
11 83
11 89
12 12
12 13
12 14
12 24
12 26
12 48
12 58
12 60
12 61
12 64
12 65
12 88
12 89
12 93
13 13
13 58
13 59
13 60
13 61
13 65
13 89
13 100
14 14
14 15
14 22
14 23
14 24
14 25
14 26
14 27
14 28
14 30
14 31
14 37
14 38
14 40
14 64
14 82
14 83
14 84
14 86
14 87
14 88
14 89
15 15
15 20
15 21
15 22
15 23
15 24
15 25
15 26
15 27
15 30
15 31
15 36
15 38
15 40
15 64
15 65
15 82
15 83
15 84
15 88
15 89
15 92
16 16
16 17
16 18
16 19
16 28
16 29
16 32
16 36
16 41
16 56
16 57
16 62
16 63
16 70
16 72
16 73
16 74
16 75
16 76
16 77
16 78
16 79
16 80
16 81
16 84
16 99
16 101
16 102
16 111
16 114
17 17
17 18
17 28
17 29
17 32
17 33
17 56
17 57
17 62
17 63
17 68
17 72
17 73
17 74
17 76
17 78
17 79
17 80
17 81
17 99
17 101
18 18
18 19
18 28
18 29
18 32
18 36
18 62
18 63
18 68
18 69
18 72
18 76
18 79
18 80
18 81
18 82
18 83
18 84
18 98
18 99
18 101
18 102
18 103
18 111
19 19
19 28
19 29
19 41
19 57
19 62
19 63
19 68
19 69
19 70
19 73
19 76
19 80
19 81
19 82
19 83
19 91
19 97
19 98
19 99
19 101
19 102
19 103
19 111
19 113
20 20
20 21
20 22
20 23
20 24
20 25
20 26
20 27
20 31
20 36
20 38
20 40
20 82
20 83
20 94
21 21
21 23
21 25
21 26
21 27
21 30
21 31
21 34
21 36
21 38
21 39
21 40
21 71
21 75
21 82
21 83
21 85
21 94
22 22
22 23
22 24
22 25
22 26
22 27
22 30
22 31
22 34
22 38
22 40
22 50
22 64
22 65
22 82
22 83
22 85
22 86
22 87
22 88
22 89
22 110
23 23
23 24
23 25
23 26
23 27
23 30
23 31
23 34
23 35
23 38
23 40
23 50
23 64
23 65
23 82
23 83
23 85
23 86
23 87
23 88
23 89
23 92
23 110
24 24
24 25
24 26
24 27
24 30
24 31
24 34
24 35
24 38
24 40
24 50
24 64
24 65
24 82
24 86
24 87
24 88
24 89
24 110
25 25
25 26
25 27
25 30
25 31
25 34
25 35
25 37
25 38
25 40
25 50
25 64
25 65
25 71
25 82
25 83
25 85
25 86
25 87
25 88
25 89
25 110
26 26
26 27
26 38
26 40
26 82
26 88
26 93
26 94
26 115
27 27
27 30
27 31
27 35
27 37
27 38
27 40
27 50
27 64
27 65
27 82
27 84
27 85
27 86
27 87
27 88
27 89
27 94
27 110
28 28
28 29
28 30
28 32
28 33
28 36
28 41
28 57
28 62
28 63
28 70
28 72
28 73
28 74
28 75
28 76
28 77
28 78
28 79
28 80
28 81
28 82
28 83
28 84
29 29
29 32
29 33
29 36
29 41
29 56
29 57
29 62
29 63
29 68
29 70
29 71
29 72
29 73
29 74
29 75
29 76
29 77
29 78
29 79
29 80
29 81
29 83
29 113
30 30
30 31
30 32
30 33
30 34
30 38
30 40
30 50
30 64
30 71
30 72
30 74
30 75
30 82
30 83
30 85
30 86
30 87
30 88
31 31
31 32
31 33
31 34
31 35
31 37
31 38
31 40
31 50
31 64
31 65
31 71
31 75
31 77
31 82
31 83
31 85
31 86
31 87
31 88
31 110
32 32
32 33
32 34
32 36
32 39
32 40
32 41
32 57
32 62
32 63
32 68
32 72
32 73
32 74
32 75
32 77
32 78
32 79
32 80
32 81
32 82
32 83
32 84
32 85
33 33
33 36
33 39
33 40
33 41
33 57
33 62
33 63
33 72
33 73
33 74
33 75
33 76
33 77
33 78
33 79
33 80
33 81
33 82
33 83
33 85
34 34
34 35
34 64
34 65
34 67
34 83
34 85
34 86
34 87
34 88
34 110
35 35
35 45
35 65
35 67
35 87
35 89
35 110
36 36
36 38
36 40
36 41
36 62
36 63
36 72
36 73
36 75
36 76
36 77
36 78
36 79
36 80
36 81
36 82
36 83
36 84
36 85
36 112
37 37
37 38
37 39
37 40
37 41
37 71
37 73
37 75
37 76
37 77
37 82
37 85
37 86
37 87
37 88
37 89
38 38
38 39
38 40
38 41
38 50
38 54
38 64
38 71
38 75
38 77
38 79
38 82
38 83
38 84
38 85
38 86
38 87
38 88
38 89
39 39
39 40
39 41
39 55
39 63
39 72
39 75
39 77
39 89
39 96
40 40
40 41
40 70
40 71
40 72
40 73
40 74
40 75
40 76
40 77
40 79
40 82
40 83
40 84
40 85
40 86
40 87
40 88
40 94
40 106
41 41
41 70
41 71
41 72
41 73
41 74
41 75
41 76
41 77
41 79
41 80
41 82
41 106
42 42
42 43
42 44
42 45
42 46
42 47
42 48
42 49
42 51
42 52
42 53
42 55
42 58
42 59
42 66
42 67
42 95
42 96
42 97
42 99
42 104
42 105
42 108
42 111
43 43
43 44
43 45
43 46
43 47
43 48
43 49
43 51
43 52
43 53
43 55
43 67
43 95
43 96
44 44
44 45
44 46
44 47
44 48
44 49
44 51
44 52
44 53
44 55
44 58
44 59
44 66
44 67
44 95
44 96
44 104
44 105
44 108
45 45
45 46
45 47
45 48
45 49
45 51
45 55
45 59
45 66
45 67
45 96
45 104
45 108
46 46
46 47
46 48
46 49
46 51
46 53
46 55
46 96
46 98
46 105
46 108
46 111
47 47
47 48
47 49
47 51
47 53
47 55
47 59
47 66
47 67
47 90
47 96
47 110
48 48
48 49
48 50
48 51
48 52
48 53
48 54
48 55
48 58
48 59
48 61
48 65
48 66
48 67
48 93
48 95
48 96
48 105
48 107
49 49
49 51
49 52
49 53
49 55
49 58
49 59
49 66
49 67
49 90
49 99
49 100
49 101
49 102
49 104
49 105
49 108
49 114
50 50
50 54
50 64
50 67
50 85
50 86
50 87
50 88
51 51
51 52
51 53
51 55
51 58
51 59
51 61
51 66
51 67
51 90
51 96
51 100
51 104
51 105
52 52
52 53
52 54
52 56
52 57
52 58
52 59
52 60
52 61
52 66
52 68
52 95
52 97
52 99
52 100
52 101
52 104
52 105
53 53
53 55
53 57
53 59
53 95
53 98
53 99
53 100
53 101
53 104
53 105
54 54
54 55
54 66
54 69
54 86
54 88
54 96
55 55
55 96
55 98
55 99
56 56
56 57
56 62
56 63
56 68
56 76
56 78
56 79
56 80
56 81
56 97
56 99
56 100
56 101
56 102
56 103
56 104
56 105
56 112
56 113
56 114
57 57
57 62
57 63
57 68
57 72
57 73
57 74
57 76
57 78
57 79
57 80
57 81
57 95
57 98
57 99
57 101
57 102
57 104
57 112
57 113
57 114
58 58
58 59
58 60
58 61
58 66
58 90
58 91
58 93
58 100
58 101
59 59
59 61
59 66
59 67
59 68
59 69
59 90
59 97
59 99
59 100
59 101
59 102
59 103
59 104
59 105
60 60
60 61
60 66
60 93
61 61
61 65
61 89
61 90
61 100
61 102
62 62
62 63
62 68
62 69
62 72
62 76
62 78
62 79
62 80
62 81
62 82
62 83
62 84
62 85
62 99
62 101
62 104
62 111
62 112
62 113
63 63
63 66
63 68
63 69
63 72
63 73
63 78
63 79
63 80
63 81
63 83
63 99
63 104
64 64
64 65
64 74
64 82
64 83
64 86
64 87
64 88
64 89
65 65
65 87
65 88
65 89
65 92
66 66
66 67
66 68
66 69
66 103
66 104
66 108
67 67
67 69
67 110
68 68
68 69
68 79
68 80
68 81
68 97
68 99
68 101
68 102
68 103
68 104
68 113
69 69
69 80
69 81
69 91
69 93
69 97
69 99
69 101
69 102
69 103
69 104
69 108
69 111
69 113
70 70
70 71
70 73
70 74
70 75
70 76
70 77
70 78
71 71
71 72
71 73
71 75
71 77
71 83
71 89
72 72
72 73
72 74
72 75
72 76
72 77
72 78
72 79
72 80
72 81
72 83
73 73
73 74
73 75
73 76
73 77
73 78
73 79
73 80
73 81
73 106
74 74
74 75
74 76
74 77
75 75
75 76
75 77
75 79
76 76
76 77
76 80
76 81
77 77
77 78
77 80
77 81
77 82
77 83
78 78
78 79
78 80
78 81
78 83
78 84
78 113
78 114
79 79
79 80
79 81
79 84
80 80
80 81
80 83
80 84
80 99
80 101
80 102
80 103
80 104
80 111
80 112
80 113
80 114
81 81
81 84
81 85
81 99
81 101
81 103
81 104
81 113
81 114
82 82
82 83
82 84
82 85
82 86
82 87
82 88
83 83
83 84
83 85
84 84
84 85
84 86
84 114
85 85
85 86
85 87
85 88
86 86
86 87
86 88
87 87
87 88
87 89
88 88
88 89
89 89
90 90
90 91
90 92
90 93
90 94
90 97
90 98
90 99
90 100
90 101
90 102
90 103
90 104
90 105
90 109
90 111
90 112
91 91
91 92
91 93
91 94
91 97
91 98
91 99
91 100
91 101
91 102
91 103
91 104
91 108
91 110
91 111
91 112
92 92
92 93
92 100
92 102
92 103
92 112
93 93
93 98
93 99
93 100
93 101
93 102
93 103
93 108
93 111
93 112
93 113
94 94
94 108
94 111
94 115
95 95
95 96
95 97
95 99
95 108
95 109
95 113
96 96
96 97
96 98
96 108
96 110
97 97
97 98
97 99
97 100
97 101
97 102
97 103
97 104
97 108
97 109
97 111
97 112
97 113
97 114
97 115
98 98
98 99
98 101
98 102
98 103
98 104
98 111
98 112
98 113
98 114
98 115
99 99
99 100
99 101
99 102
99 103
99 104
99 108
99 111
99 112
99 113
99 114
99 115
100 100
100 101
100 102
100 103
100 104
100 105
100 111
100 113
101 101
101 102
101 103
101 104
101 105
101 108
101 111
101 112
101 113
101 114
102 102
102 103
102 104
102 105
102 111
102 112
102 113
102 114
103 103
103 104
103 105
103 111
103 112
103 113
104 104
104 105
104 111
104 112
104 113
104 114
104 115
105 105
105 106
105 107
105 115
106 106
106 107
107 107
107 110
107 115
108 108
108 109
108 111
108 112
108 114
109 109
109 110
110 110
110 115
111 111
111 112
111 113
111 114
112 112
112 113
112 114
113 113
113 114
114 114
114 115
115 115
