0 0
0 1
0 2
0 6
0 10
0 12
0 28
0 32
0 44
0 48
0 49
0 50
0 52
0 53
0 54
0 58
0 59
0 60
0 62
0 63
0 66
0 68
0 69
0 86
0 88
0 90
0 91
0 93
0 98
0 101
0 103
0 108
1 1
1 17
1 19
1 44
1 49
1 52
1 53
1 57
1 58
1 59
1 63
1 68
1 69
1 90
1 91
1 98
1 99
1 113
2 2
2 5
2 6
2 7
2 11
2 12
2 22
2 26
2 27
2 44
2 48
2 49
2 50
2 51
2 58
2 60
2 66
3 3
3 5
3 6
3 7
3 9
3 11
3 13
3 15
3 18
3 19
3 21
3 23
3 24
3 25
3 27
3 30
3 31
3 33
3 39
3 65
3 71
3 73
3 75
3 82
3 83
3 87
3 89
3 92
3 95
4 4
4 5
4 8
4 9
4 20
4 21
4 24
4 26
4 27
4 30
4 45
4 70
4 71
4 95
5 5
5 7
5 9
5 15
5 21
5 22
5 23
5 24
5 25
5 26
5 27
5 30
5 31
5 71
5 92
6 6
6 7
6 11
6 12
6 13
6 14
6 18
6 28
6 32
6 33
6 60
6 61
6 62
6 64
6 65
6 72
6 74
6 82
6 86
6 87
6 88
6 89
7 7
7 9
7 11
7 13
7 15
7 25
7 27
7 31
7 35
7 43
7 51
7 61
7 65
7 67
7 87
7 92
7 96
7 97
7 100
7 102
8 8
8 9
8 10
8 12
8 59
8 61
8 64
8 65
8 95
9 9
9 11
9 13
9 15
9 24
9 25
9 27
9 30
9 31
9 35
9 61
9 64
9 65
9 67
9 71
9 92
9 97
9 100
9 111
10 10
10 12
10 14
10 16
10 28
10 50
10 60
10 64
10 74
10 82
10 84
10 85
10 86
10 88
10 101
10 108
10 115
11 11
11 12
11 13
11 15
11 35
11 51
11 60
11 61
11 64
11 65
11 67
11 87
11 89
11 92
12 12
12 13
12 15
12 48
12 49
12 50
12 51
12 52
12 58
12 60
12 61
12 62
12 63
12 64
12 65
12 90
12 101
13 13
13 15
13 29
13 33
13 51
13 61
13 62
13 64
13 65
13 75
13 83
13 87
13 92
13 100
13 102
14 14
14 15
14 18
14 19
14 22
14 23
14 24
14 25
14 28
14 30
14 31
14 40
14 41
14 63
14 64
14 68
14 69
14 74
14 75
14 82
14 83
14 84
14 86
14 88
14 89
14 95
14 108
14 114
14 115
15 15
15 23
15 25
15 28
15 29
15 30
15 31
15 33
15 40
15 41
15 61
15 62
15 63
15 64
15 65
15 71
15 72
15 73
15 74
15 75
15 77
15 82
15 83
15 87
15 92
15 95
15 113
15 114
16 16
16 17
16 22
16 28
16 36
16 38
16 40
16 50
16 56
16 57
16 70
16 78
16 79
16 80
16 81
16 82
16 84
16 93
16 94
16 108
16 115
17 17
17 19
17 28
17 29
17 40
17 41
17 52
17 53
17 62
17 63
17 72
17 74
17 77
17 80
17 81
17 82
17 83
17 90
17 95
18 18
18 19
18 23
18 28
18 29
18 30
18 31
18 36
18 40
18 41
18 68
18 69
18 72
18 73
18 74
18 75
18 82
18 83
18 84
18 86
18 87
18 88
18 89
18 91
18 93
18 95
18 106
18 109
18 112
19 19
19 20
19 23
19 28
19 29
19 30
19 31
19 33
19 36
19 37
19 39
19 40
19 41
19 68
19 69
19 72
19 73
19 74
19 75
19 77
19 80
19 81
19 82
19 83
19 84
19 86
19 87
19 88
19 89
19 91
19 93
19 95
19 106
19 109
19 112
19 113
20 20
20 21
20 23
20 24
20 26
20 27
20 36
20 37
20 38
20 39
20 40
20 68
20 70
20 71
20 73
20 75
20 95
20 106
20 107
20 109
21 21
21 22
21 23
21 26
21 27
21 39
21 55
21 70
21 71
21 73
21 76
21 77
21 91
21 93
21 106
22 22
22 23
22 24
22 25
22 26
22 27
22 30
22 34
22 50
22 53
22 56
22 57
22 68
22 84
22 86
22 88
22 93
23 23
23 24
23 25
23 26
23 27
23 30
23 31
23 38
23 39
23 40
23 41
23 56
23 57
23 68
23 69
23 71
23 75
23 79
23 82
23 83
23 84
23 85
23 86
23 87
23 88
23 89
23 92
23 95
23 109
24 24
24 25
24 26
24 27
24 30
24 31
24 34
24 35
24 56
24 57
24 64
24 68
24 82
24 84
24 88
24 89
24 93
24 109
24 110
24 115
25 25
25 26
25 27
25 30
25 31
25 71
25 82
25 83
25 84
25 85
25 87
25 89
26 26
26 27
26 30
26 34
26 49
26 50
26 53
26 55
26 56
26 57
26 68
26 88
26 96
26 107
26 110
27 27
27 30
27 34
27 35
27 57
27 71
27 88
27 96
27 107
27 110
28 28
28 29
28 30
28 31
28 36
28 37
28 40
28 41
28 60
28 62
28 63
28 70
28 71
28 72
28 73
28 74
28 75
28 80
28 81
28 82
28 83
28 84
28 86
28 87
28 95
28 108
29 29
29 31
29 33
29 36
29 37
29 39
29 40
29 41
29 61
29 62
29 63
29 70
29 71
29 72
29 73
29 74
29 75
29 76
29 77
29 79
29 80
29 81
29 82
29 83
29 95
29 112
30 30
30 31
30 33
30 41
30 64
30 71
30 75
30 82
30 83
30 84
30 85
30 89
30 95
30 109
30 115
31 31
31 33
31 37
31 39
31 41
31 71
31 73
31 75
31 77
31 82
31 83
31 84
31 85
31 87
31 89
31 92
31 95
32 32
32 33
32 42
32 43
32 44
32 54
32 58
32 66
32 72
32 74
32 78
32 98
32 101
32 102
32 103
32 104
32 105
33 33
33 36
33 37
33 40
33 41
33 43
33 72
33 74
33 75
33 77
33 80
33 81
33 83
33 84
33 85
33 102
33 111
34 34
34 35
34 43
34 45
34 48
34 50
34 56
34 57
34 64
34 66
34 67
34 84
34 85
34 88
34 96
34 110
35 35
35 42
35 43
35 45
35 46
35 47
35 51
35 64
35 65
35 66
35 67
35 85
35 96
35 97
35 110
36 36
36 37
36 38
36 39
36 40
36 41
36 62
36 70
36 72
36 73
36 74
36 76
36 77
36 78
36 79
36 80
36 81
36 82
36 83
36 84
36 85
36 95
36 106
36 108
36 112
37 37
37 38
37 39
37 40
37 41
37 70
37 72
37 73
37 74
37 75
37 76
37 77
37 78
37 79
37 80
37 81
37 82
37 83
37 84
37 85
37 95
37 97
37 112
38 38
38 39
38 40
38 54
38 56
38 68
38 70
38 72
38 73
38 76
38 77
38 78
38 79
38 85
38 86
38 94
38 106
38 110
39 39
39 40
39 41
39 70
39 71
39 72
39 73
39 75
39 76
39 77
39 79
39 86
39 87
39 92
39 95
39 97
39 106
39 107
39 109
39 112
40 40
40 41
40 56
40 62
40 68
40 72
40 73
40 74
40 75
40 77
40 79
40 80
40 81
40 82
40 83
40 84
40 85
40 95
40 113
40 115
41 41
41 72
41 73
41 74
41 75
41 77
41 80
41 81
41 82
41 83
41 85
41 95
41 114
42 42
42 43
42 44
42 45
42 46
42 47
42 49
42 51
42 55
42 96
42 97
42 98
42 99
42 102
42 103
42 105
42 111
42 114
43 43
43 44
43 45
43 46
43 47
43 48
43 50
43 51
43 55
43 66
43 67
43 96
43 97
43 98
43 99
43 100
43 102
43 103
43 110
43 111
44 44
44 45
44 46
44 47
44 48
44 49
44 50
44 51
44 52
44 53
44 54
44 55
44 58
44 59
44 63
44 66
44 90
44 91
44 96
44 98
44 99
44 102
44 103
45 45
45 46
45 47
45 49
45 51
45 55
45 65
45 67
45 96
45 97
45 99
45 100
45 102
45 104
45 110
45 111
45 114
46 46
46 47
46 49
46 51
46 54
46 55
46 66
46 67
46 94
46 96
46 97
46 98
46 99
46 100
46 102
46 110
46 111
47 47
47 49
47 51
47 55
47 67
47 96
47 97
47 98
47 99
47 102
47 103
47 110
47 111
48 48
48 49
48 50
48 51
48 52
48 53
48 54
48 55
48 58
48 59
48 60
48 62
48 66
48 90
48 96
48 98
48 99
48 101
49 49
49 50
49 51
49 52
49 53
49 54
49 55
49 58
49 59
49 63
49 90
49 91
49 98
49 99
49 102
50 50
50 51
50 52
50 53
50 54
50 56
50 57
50 58
50 60
50 66
50 88
50 90
50 98
50 101
51 51
51 52
51 53
51 54
51 55
51 58
51 59
51 61
51 63
51 65
51 67
51 90
51 96
51 98
51 99
51 100
51 102
52 52
52 53
52 54
52 55
52 58
52 59
52 60
52 62
52 63
52 66
52 90
52 91
52 98
52 99
52 101
52 113
53 53
53 54
53 55
53 58
53 59
53 62
53 63
53 90
53 91
53 98
53 99
53 101
53 113
54 54
54 55
54 58
54 59
54 60
54 66
54 88
54 90
54 94
54 96
54 98
54 99
54 101
54 102
54 107
55 55
55 58
55 59
55 90
55 91
55 94
55 96
55 97
55 98
55 99
55 102
55 103
55 105
55 106
56 56
56 57
56 68
56 78
56 79
56 80
56 81
56 110
57 57
57 59
57 68
57 69
57 79
57 81
57 84
57 88
57 93
58 58
58 59
58 60
58 62
58 63
58 66
58 90
58 91
58 98
58 99
58 101
59 59
59 61
59 63
59 66
59 69
59 90
59 91
59 98
59 99
59 106
60 60
60 61
60 62
60 63
60 66
60 72
60 90
60 98
60 101
61 61
61 62
61 63
61 64
61 65
61 92
61 100
62 62
62 63
62 72
62 74
62 80
62 81
62 83
62 90
62 98
62 113
63 63
63 72
63 81
63 83
63 90
63 91
63 98
63 99
63 102
63 113
64 64
64 65
64 67
64 74
64 82
64 84
64 88
64 89
64 105
65 65
65 67
65 89
65 92
65 100
66 66
66 67
66 90
66 96
66 98
66 107
66 110
67 67
67 78
67 85
67 96
67 97
67 100
67 107
67 110
68 68
68 69
68 82
68 84
68 86
68 88
68 89
68 91
68 93
68 95
68 106
68 109
68 115
69 69
69 82
69 84
69 86
69 88
69 89
69 91
69 93
69 109
70 70
70 71
70 72
70 73
70 75
70 76
70 77
70 79
70 106
71 71
71 72
71 73
71 75
71 77
71 79
71 83
71 92
71 95
71 100
72 72
72 73
72 74
72 75
72 78
72 80
72 81
72 82
72 83
72 95
72 101
73 73
73 74
73 75
73 76
73 77
73 79
73 80
73 81
73 82
73 83
73 95
73 109
73 112
74 74
74 75
74 80
74 82
74 83
74 84
74 86
74 87
74 105
75 75
75 76
75 77
75 80
75 81
75 82
75 83
75 87
75 95
75 109
75 113
75 114
76 76
76 77
76 78
76 79
76 109
77 77
77 79
77 80
77 81
77 83
77 85
77 97
77 109
77 110
77 112
78 78
78 79
78 85
78 96
78 110
79 79
79 80
79 81
79 84
79 85
79 94
79 110
80 80
80 81
80 82
80 83
80 84
80 85
80 95
80 108
80 112
81 81
81 82
81 83
81 84
81 85
81 95
81 108
81 109
81 112
81 113
81 115
82 82
82 83
82 84
82 86
82 87
82 88
82 89
82 93
82 95
82 108
82 109
82 112
82 114
82 115
83 83
83 84
83 87
83 95
83 112
83 113
83 114
83 115
84 84
84 85
84 86
84 88
84 89
84 93
84 95
84 108
84 109
84 115
85 85
85 89
85 94
85 110
86 86
86 87
86 88
86 89
86 93
86 109
87 87
87 89
87 92
87 106
88 88
88 89
89 89
89 105
90 90
90 91
90 98
90 99
90 101
91 91
91 92
91 93
91 98
91 99
91 103
91 109
91 112
92 92
92 93
92 95
92 100
92 112
93 93
93 95
93 101
93 109
93 112
94 94
94 95
94 96
94 97
94 102
94 105
94 108
94 110
94 115
95 95
95 97
95 108
95 109
95 112
95 113
95 115
96 96
96 97
96 98
96 99
96 100
96 102
96 103
96 107
96 110
96 111
97 97
97 99
97 100
97 102
97 106
97 107
97 110
97 111
97 112
98 98
98 99
98 102
98 103
99 99
99 102
99 111
99 112
100 100
100 102
101 101
101 102
101 103
101 108
102 102
102 103
102 113
103 103
103 104
103 105
103 108
103 111
104 104
104 105
104 109
104 111
105 105
105 108
105 115
106 106
106 107
107 107
107 110
108 108
108 113
108 114
108 115
109 109
109 111
109 112
110 110
110 111
111 111
111 112
112 112
112 113
112 114
112 115
113 113
113 114
113 115
114 114
114 115
115 115
