0 0
0 1
0 2
0 4
0 6
0 7
0 8
0 9
0 10
0 14
0 15
0 18
0 48
0 52
0 53
0 58
0 60
0 61
0 88
0 95
0 99
0 109
0 114
1 1
1 18
1 19
1 37
1 39
1 48
1 52
1 53
1 57
1 58
1 59
1 61
1 68
1 69
1 89
1 93
1 99
1 101
1 102
1 103
1 104
1 105
1 106
1 107
1 111
1 112
2 2
2 3
2 4
2 6
2 7
2 8
2 9
2 12
2 22
2 24
2 25
2 30
2 48
2 50
2 64
2 93
2 109
2 114
2 115
3 3
3 5
3 7
3 15
3 18
3 19
3 20
3 22
3 23
3 25
3 26
3 27
3 30
3 38
3 54
3 71
3 77
3 86
3 89
3 92
4 4
4 5
4 6
4 7
4 8
4 9
4 10
4 13
4 14
4 21
4 24
4 46
4 48
4 50
4 51
4 52
4 61
4 70
4 73
4 74
4 75
4 76
4 99
4 109
5 5
5 8
5 14
5 20
5 21
5 22
5 24
5 25
5 26
5 27
5 35
5 48
5 50
5 52
5 53
5 55
5 82
5 84
5 86
5 88
5 89
5 96
5 109
5 110
6 6
6 7
6 8
6 9
6 10
6 11
6 12
6 13
6 28
6 29
6 30
6 31
6 33
6 50
6 60
6 61
6 65
6 75
6 92
7 7
7 8
7 9
7 11
7 12
7 13
7 15
7 20
7 33
7 50
7 60
7 61
7 65
7 71
7 92
7 109
8 8
8 9
8 12
8 13
8 14
8 15
8 21
8 24
8 25
8 35
8 48
8 50
8 52
8 58
8 60
8 61
8 65
8 88
8 93
8 95
8 99
8 109
8 114
9 9
9 10
9 12
9 13
9 14
9 15
9 20
9 31
9 60
9 61
9 83
9 92
9 107
10 10
10 11
10 12
10 13
10 14
10 15
10 22
10 28
10 30
10 64
10 74
10 75
10 82
10 84
11 11
11 12
11 13
11 14
11 15
11 16
11 17
11 29
11 54
11 61
11 65
11 73
11 75
11 85
11 89
11 92
11 99
11 111
11 112
12 12
12 13
12 15
12 20
12 38
12 48
12 54
12 60
12 61
12 65
12 89
12 90
12 92
12 106
12 108
12 113
13 13
13 14
13 15
13 28
13 29
13 52
13 54
13 61
13 65
13 71
13 73
13 74
13 75
13 85
13 89
13 92
13 99
13 106
13 111
14 14
14 15
14 22
14 23
14 24
14 28
14 30
14 70
14 75
14 82
14 83
14 84
14 86
14 93
14 99
14 111
14 112
15 15
15 20
15 26
15 28
15 29
15 38
15 40
15 52
15 54
15 70
15 71
15 73
15 75
15 83
15 85
15 106
15 107
15 112
16 16
16 17
16 28
16 29
16 31
16 32
16 33
16 36
16 42
16 43
16 44
16 45
16 46
16 49
16 56
16 57
16 62
16 63
16 72
16 74
16 75
16 76
16 78
16 79
16 80
16 81
16 95
16 98
17 17
17 23
17 28
17 29
17 31
17 32
17 33
17 36
17 37
17 40
17 41
17 44
17 49
17 56
17 57
17 62
17 63
17 71
17 72
17 73
17 74
17 75
17 76
17 77
17 78
17 79
17 80
17 81
17 85
17 113
18 18
18 19
18 22
18 34
18 51
18 53
18 59
18 62
18 63
18 66
18 68
18 82
18 83
18 86
18 101
18 102
19 19
19 34
19 37
19 38
19 41
19 68
19 69
19 82
19 83
19 93
19 98
19 101
19 102
19 103
19 104
19 105
19 107
19 110
19 112
20 20
20 22
20 23
20 24
20 25
20 26
20 27
20 31
20 35
20 38
20 40
20 54
20 71
20 89
20 113
21 21
21 22
21 24
21 25
21 27
21 28
21 29
21 30
21 31
21 35
21 37
21 64
21 71
21 74
21 75
21 79
21 82
21 86
21 95
21 109
21 113
22 22
22 23
22 24
22 25
22 26
22 27
22 30
22 31
22 34
22 64
22 71
22 82
22 84
22 86
23 23
23 24
23 25
23 27
23 30
23 31
23 34
23 64
23 71
23 75
23 77
23 82
23 83
23 84
23 85
23 86
23 92
23 113
24 24
24 25
24 26
24 27
24 46
24 48
24 50
24 51
24 52
24 53
24 64
24 82
24 84
24 86
24 88
24 109
24 115
25 25
25 26
25 27
25 34
25 35
25 37
25 38
25 50
25 64
25 65
25 84
25 86
25 87
25 88
25 89
25 110
25 115
26 26
26 27
26 38
26 39
26 50
26 52
26 54
26 64
26 65
26 88
26 89
26 114
27 27
27 34
27 35
27 37
27 38
27 39
27 54
27 64
27 65
27 82
27 84
27 86
27 87
27 88
27 89
27 110
28 28
28 29
28 30
28 31
28 32
28 33
28 40
28 41
28 44
28 56
28 62
28 70
28 71
28 72
28 73
28 74
28 75
28 76
28 78
28 79
28 80
28 81
28 82
28 83
28 106
29 29
29 30
29 31
29 32
29 33
29 37
29 40
29 41
29 42
29 44
29 46
29 49
29 56
29 57
29 62
29 70
29 71
29 72
29 73
29 74
29 75
29 76
29 78
29 79
29 80
29 81
29 83
29 111
29 113
30 30
30 31
30 33
30 44
30 64
30 70
30 71
30 72
30 73
30 74
30 75
30 82
30 83
31 31
31 33
31 40
31 41
31 44
31 45
31 49
31 64
31 71
31 72
31 74
31 75
31 80
31 81
31 82
31 83
31 113
32 32
32 33
32 40
32 42
32 44
32 45
32 49
32 56
32 57
32 62
32 63
32 72
32 78
32 79
32 80
32 81
32 96
32 98
33 33
33 35
33 40
33 41
33 44
33 56
33 57
33 60
33 65
33 72
33 74
33 76
33 78
33 79
33 80
33 81
33 99
34 34
34 35
34 36
34 37
34 38
34 56
34 64
34 66
34 67
34 68
34 69
34 80
34 81
34 82
34 84
34 86
34 94
34 105
34 115
35 35
35 37
35 38
35 39
35 41
35 65
35 68
35 69
35 71
35 94
35 96
35 97
35 104
35 105
35 110
36 36
36 37
36 38
36 39
36 40
36 41
36 54
36 55
36 62
36 66
36 68
36 69
36 72
36 74
36 76
36 78
36 80
36 81
36 85
36 89
36 94
36 104
36 106
36 108
37 37
37 38
37 39
37 40
37 41
37 55
37 56
37 57
37 68
37 69
37 70
37 71
37 73
37 74
37 76
37 77
37 78
37 79
37 80
37 81
37 85
37 87
37 89
37 94
37 96
37 97
37 104
37 105
37 106
37 108
37 113
38 38
38 39
38 40
38 41
38 54
38 58
38 65
38 68
38 69
38 88
38 89
38 94
38 104
38 105
38 115
39 39
39 40
39 52
39 54
39 55
39 68
39 69
39 70
39 87
39 89
39 94
39 95
39 97
39 103
39 104
39 106
39 107
39 108
39 114
39 115
40 40
40 41
40 44
40 49
40 55
40 62
40 70
40 71
40 72
40 74
40 75
40 80
40 81
40 83
40 85
40 94
40 96
40 106
40 107
41 41
41 56
41 57
41 68
41 69
41 71
41 72
41 73
41 74
41 79
41 80
41 81
41 83
41 94
41 104
41 106
41 108
41 113
42 42
42 43
42 44
42 45
42 46
42 47
42 49
42 50
42 51
42 53
42 55
42 62
42 63
42 72
42 73
42 75
42 76
42 79
42 82
42 96
42 98
42 111
42 112
43 43
43 44
43 45
43 46
43 47
43 48
43 49
43 50
43 51
43 53
43 55
43 59
43 62
43 63
43 79
43 96
43 98
43 110
43 111
44 44
44 45
44 46
44 47
44 49
44 51
44 53
44 62
44 63
44 66
44 72
44 78
44 80
44 81
44 83
44 96
44 98
45 45
45 46
45 47
45 49
45 51
45 62
45 67
45 81
45 96
45 98
46 46
46 47
46 49
46 50
46 51
46 53
46 55
46 62
46 63
46 70
46 76
46 79
46 82
46 96
46 98
46 110
46 111
46 112
47 47
47 49
47 51
47 53
47 55
47 62
47 63
47 82
47 96
47 98
47 110
47 111
47 112
48 48
48 50
48 51
48 52
48 58
48 59
48 61
48 66
48 69
48 88
48 89
48 103
48 107
48 114
49 49
49 51
49 53
49 62
49 63
49 72
49 80
49 81
49 83
49 96
49 98
49 102
50 50
50 51
50 53
50 64
50 65
50 95
50 109
50 110
50 114
51 51
51 53
51 55
51 59
51 62
51 63
51 66
51 98
52 52
52 53
52 55
52 58
52 59
52 61
52 70
52 73
52 75
52 76
52 88
52 89
52 90
52 95
52 99
52 103
52 106
52 109
53 53
53 55
53 63
53 96
53 98
53 111
53 112
54 54
54 55
54 65
54 85
54 88
54 89
54 90
54 92
54 98
54 104
54 114
55 55
55 63
55 74
55 76
55 78
55 79
55 81
55 89
55 96
55 98
55 99
55 110
55 111
56 56
56 57
56 68
56 69
56 72
56 78
56 79
56 80
56 81
56 91
56 94
56 101
57 57
57 68
57 69
57 72
57 76
57 78
57 79
57 80
57 81
57 93
57 96
57 97
57 98
57 100
57 101
58 58
58 59
58 60
58 61
58 65
58 66
58 67
58 68
58 69
58 88
58 93
58 103
58 104
59 59
59 61
59 62
59 63
59 66
59 67
59 68
59 69
59 86
59 89
59 98
59 100
59 101
59 103
59 104
60 60
60 61
60 64
60 65
60 88
61 61
61 65
61 88
61 109
61 112
62 62
62 63
62 66
62 72
62 78
62 79
62 80
62 81
62 83
62 85
62 98
62 101
63 63
63 79
63 81
63 98
63 112
64 64
64 65
64 82
64 84
64 86
64 113
65 65
65 88
65 89
65 109
65 113
66 66
66 67
66 68
66 69
66 86
66 93
66 100
66 101
66 103
66 104
67 67
67 68
67 69
67 87
67 91
67 93
67 94
67 100
67 101
67 102
67 103
67 104
67 108
67 110
67 115
68 68
68 69
68 78
68 80
68 81
68 83
68 91
68 93
68 94
68 97
68 100
68 101
68 102
68 103
68 104
68 105
68 106
68 107
68 108
69 69
69 80
69 81
69 89
69 90
69 93
69 94
69 100
69 101
69 102
69 103
69 104
69 105
69 106
69 108
69 110
70 70
70 71
70 72
70 73
70 74
70 75
70 76
70 77
70 83
70 95
70 97
70 99
70 105
70 106
70 107
70 111
71 71
71 72
71 73
71 74
71 75
71 77
71 79
71 81
71 83
71 94
71 96
71 111
71 113
72 72
72 73
72 74
72 75
72 76
72 78
72 79
72 80
72 81
72 83
72 106
73 73
73 74
73 75
73 76
73 77
73 79
73 80
73 81
73 83
73 99
73 107
73 111
73 112
74 74
74 75
74 76
74 77
74 78
74 79
74 80
74 81
74 82
74 83
74 99
74 106
74 111
75 75
75 76
75 77
75 79
75 83
75 95
75 107
75 111
76 76
76 77
76 78
76 79
76 95
76 99
76 109
77 77
77 79
77 92
77 95
77 97
77 99
77 105
77 111
78 78
78 79
78 80
78 81
78 95
78 96
78 97
78 98
78 104
78 109
79 79
79 80
79 81
79 98
79 113
80 80
80 81
80 82
80 83
80 85
80 96
80 98
80 101
80 106
81 81
81 94
81 96
81 97
81 98
82 82
82 83
82 84
82 86
82 87
82 93
82 96
82 110
82 111
83 83
83 101
83 106
83 107
83 112
84 84
84 85
84 86
84 87
84 88
85 85
85 89
86 86
86 87
86 88
86 89
86 93
86 101
86 103
87 87
87 93
87 95
87 103
87 108
88 88
88 89
88 90
88 109
89 89
89 90
89 104
89 106
89 108
90 90
90 91
90 92
90 93
90 94
90 95
90 97
90 100
90 103
90 106
90 108
90 114
91 91
91 92
91 93
91 94
91 97
91 99
91 100
91 101
91 110
91 114
92 92
92 93
92 100
92 102
92 108
92 113
92 114
93 93
93 97
93 99
93 100
93 101
93 103
93 110
94 94
94 95
94 97
94 100
94 103
94 104
94 105
94 106
94 108
94 110
94 113
94 114
94 115
95 95
95 97
95 107
95 108
95 109
95 114
95 115
96 96
96 97
96 98
96 99
96 110
96 111
97 97
97 99
97 103
97 104
97 105
97 106
97 109
97 110
97 114
97 115
98 98
98 99
98 102
98 111
98 112
99 99
99 111
99 112
100 100
100 101
100 103
100 104
100 108
100 110
101 101
101 102
101 103
101 104
101 105
101 111
101 112
102 102
102 104
102 105
102 107
102 115
103 103
103 104
103 105
103 106
103 107
103 108
103 110
104 104
104 105
104 108
104 110
104 115
105 105
105 107
105 110
105 114
105 115
106 106
106 107
106 108
106 113
107 107
107 108
108 108
108 113
108 114
108 115
109 109
109 110
109 114
109 115
110 110
110 111
111 111
111 112
112 112
113 113
114 114
114 115
115 115
