0 0
0 2
0 6
0 10
0 18
0 23
0 32
0 33
0 56
0 60
0 78
0 86
0 106
1 1
1 4
1 18
1 19
1 39
1 46
1 50
1 52
1 57
1 63
1 68
1 69
1 76
1 80
1 84
1 88
1 90
1 92
1 95
1 100
1 103
1 105
1 106
1 107
1 112
2 2
2 3
2 6
2 7
2 13
2 17
2 22
2 23
2 31
2 32
2 55
2 89
3 3
3 6
3 7
3 18
3 19
3 22
3 23
3 39
3 55
3 82
3 88
3 89
3 92
3 93
3 114
4 4
4 5
4 8
4 9
4 14
4 15
4 20
4 24
4 25
4 26
4 27
4 36
4 39
4 40
4 59
4 69
4 95
4 103
4 105
4 109
4 114
5 5
5 8
5 9
5 14
5 15
5 20
5 21
5 24
5 25
5 26
5 27
5 30
5 36
5 38
5 40
5 42
5 59
5 68
5 69
5 70
5 80
5 83
5 103
6 6
6 7
6 10
6 12
6 13
6 17
6 22
6 23
6 31
6 32
6 55
6 64
6 89
7 7
7 13
7 17
7 22
7 23
7 26
7 55
7 82
7 88
7 89
7 92
7 114
8 8
8 9
8 10
8 12
8 14
8 15
8 20
8 24
8 25
8 26
8 27
8 28
8 30
8 36
8 38
8 40
8 41
8 51
8 54
8 70
8 72
8 73
8 74
8 75
8 76
8 80
8 83
8 84
8 85
8 94
8 95
8 103
8 109
8 115
9 9
9 14
9 15
9 20
9 21
9 24
9 25
9 26
9 27
9 30
9 40
9 42
9 59
9 70
9 75
9 83
9 103
10 10
10 11
10 12
10 13
10 15
10 16
10 21
10 25
10 28
10 29
10 30
10 31
10 33
10 60
10 62
10 64
10 70
10 71
10 72
10 73
10 74
10 75
10 78
11 11
11 13
11 30
11 31
11 33
11 48
11 50
11 58
11 60
11 61
11 62
11 63
11 70
12 12
12 13
12 14
12 16
12 20
12 27
12 28
12 29
12 30
12 31
12 34
12 37
12 38
12 41
12 54
12 70
12 71
12 72
12 73
12 74
13 13
13 17
13 22
13 23
13 29
13 31
13 32
13 33
13 71
13 73
14 14
14 15
14 20
14 21
14 24
14 25
14 26
14 27
14 28
14 30
14 36
14 38
14 40
14 41
14 54
14 70
14 74
14 80
14 83
14 84
14 94
14 95
14 103
14 105
14 109
14 112
14 115
15 15
15 20
15 21
15 22
15 25
15 26
15 27
15 30
15 38
15 40
15 70
15 83
15 103
16 16
16 28
16 29
16 34
16 36
16 37
16 38
16 40
16 41
16 54
16 60
16 70
16 71
16 72
16 73
16 74
16 75
16 76
16 78
16 80
16 84
16 85
17 17
17 22
17 23
17 29
17 31
17 32
17 55
17 79
17 86
17 88
17 89
17 98
18 18
18 19
18 35
18 39
18 49
18 57
18 68
18 88
18 90
18 92
18 95
18 106
18 107
19 19
19 39
19 47
19 57
19 67
19 68
19 69
19 88
19 90
19 91
19 92
19 93
19 95
19 100
19 102
19 105
19 113
20 20
20 21
20 24
20 25
20 26
20 27
20 28
20 30
20 36
20 38
20 40
20 41
20 54
20 70
20 72
20 74
20 80
21 21
21 24
21 25
21 26
21 27
21 30
21 62
21 70
21 71
21 80
21 87
22 22
22 23
22 26
22 27
22 31
22 55
22 89
22 114
23 23
23 31
23 32
23 55
23 89
23 92
23 114
24 24
24 25
24 27
24 30
24 36
24 40
24 46
24 59
24 68
24 75
24 76
24 80
24 82
24 83
24 84
24 95
24 97
24 99
24 101
24 102
24 103
24 105
24 107
24 109
24 115
25 25
25 27
25 28
25 30
25 36
25 38
25 40
25 41
25 59
25 70
25 71
25 74
25 75
25 76
25 80
25 83
25 101
25 102
25 103
25 107
25 115
26 26
26 27
26 36
26 40
26 53
26 54
26 55
26 82
26 83
26 103
26 105
26 112
26 114
27 27
27 28
27 30
27 36
27 38
27 40
27 41
27 54
27 70
27 74
27 80
27 83
27 94
27 103
28 28
28 29
28 30
28 31
28 34
28 36
28 37
28 38
28 40
28 41
28 54
28 70
28 71
28 72
28 73
28 74
28 75
28 76
28 78
28 80
28 94
28 115
29 29
29 31
29 32
29 33
29 34
29 37
29 38
29 41
29 54
29 60
29 71
29 72
29 73
29 74
29 75
29 79
29 81
29 87
30 30
30 31
30 38
30 41
30 62
30 70
30 71
30 74
31 31
31 32
31 48
31 64
31 70
31 71
31 73
32 32
32 33
32 41
32 56
32 60
32 61
32 63
32 79
32 85
32 86
33 33
33 56
33 58
33 60
33 61
33 62
33 63
33 65
33 79
33 86
33 106
34 34
34 35
34 37
34 58
34 60
34 71
34 73
34 74
34 75
34 76
34 77
34 85
34 89
35 35
35 44
35 57
35 58
35 59
35 61
35 66
35 67
35 68
35 75
35 81
35 93
35 103
35 111
36 36
36 37
36 40
36 54
36 68
36 70
36 72
36 74
36 75
36 76
36 77
36 78
36 80
36 81
36 84
36 94
36 95
36 101
36 103
36 104
36 105
36 107
36 109
36 113
36 115
37 37
37 38
37 41
37 51
37 54
37 72
37 73
37 74
37 75
37 76
37 77
37 78
37 79
37 80
37 81
37 85
37 94
37 97
37 101
37 104
37 108
37 110
37 115
38 38
38 40
38 41
38 54
38 72
38 74
38 79
38 85
38 89
38 94
38 110
39 39
39 46
39 52
39 57
39 66
39 69
39 82
39 84
39 86
39 88
39 90
39 92
39 93
39 95
39 96
39 97
39 98
39 101
39 105
39 106
39 107
39 113
40 40
40 41
40 54
40 59
40 68
40 69
40 72
40 74
40 75
40 76
40 80
40 81
40 83
40 84
40 85
40 94
40 95
40 103
40 104
40 105
40 107
40 109
40 115
41 41
41 54
41 74
41 85
41 94
41 109
41 112
42 42
42 43
42 44
42 45
42 46
42 47
42 48
42 49
42 50
42 51
42 53
42 59
42 91
42 92
42 93
42 100
42 101
42 103
42 104
42 107
42 109
42 110
42 111
43 43
43 44
43 45
43 47
43 48
43 49
43 50
43 51
43 53
43 79
43 81
43 85
43 91
43 99
43 101
43 103
43 104
43 109
43 110
43 111
43 112
44 44
44 45
44 47
44 48
44 49
44 50
44 51
44 75
44 81
44 103
44 109
44 110
45 45
45 47
45 48
45 49
45 51
45 59
45 65
45 66
45 67
45 68
45 69
45 81
45 93
45 94
45 97
45 100
45 101
45 102
45 103
45 104
45 105
45 108
45 109
45 110
45 111
45 113
45 115
46 46
46 50
46 52
46 80
46 82
46 84
46 88
46 90
46 91
46 93
46 96
46 98
46 99
46 101
46 102
46 105
46 107
46 111
46 112
47 47
47 49
47 51
47 66
47 67
47 68
47 69
47 81
47 92
47 93
47 97
47 100
47 101
47 104
47 108
47 109
47 110
48 48
48 49
48 50
48 51
48 58
48 60
48 64
48 65
48 75
48 87
49 49
49 51
49 65
49 66
49 87
49 99
49 101
49 104
49 107
49 113
49 115
50 50
50 51
50 52
50 53
50 57
50 61
50 62
50 63
50 64
50 84
50 91
50 103
50 106
50 107
50 111
51 51
51 64
51 85
51 89
51 104
52 52
52 53
52 54
52 57
52 82
52 84
52 86
52 88
52 90
52 96
52 97
52 98
52 99
52 101
52 104
52 105
52 108
52 111
52 112
52 115
53 53
53 83
53 85
53 91
53 93
53 101
53 103
53 104
53 111
53 112
53 114
54 54
54 68
54 72
54 74
54 85
54 89
54 94
54 95
54 101
54 103
54 104
54 105
54 108
54 109
54 113
54 114
54 115
55 55
55 85
55 89
55 114
56 56
56 58
56 60
56 61
56 62
56 63
56 65
56 66
56 79
56 86
56 87
56 90
56 96
56 99
56 106
56 107
57 57
57 61
57 63
57 65
57 66
57 67
57 68
57 69
57 84
57 88
57 90
57 92
57 93
57 95
57 96
57 98
57 100
57 103
57 104
57 105
57 106
57 107
57 113
58 58
58 59
58 60
58 61
58 62
58 63
58 65
58 66
58 67
58 71
58 77
58 87
58 90
58 96
58 106
58 107
59 59
59 65
59 66
59 67
59 68
59 69
59 93
59 100
59 102
59 103
59 104
59 105
59 107
59 110
59 111
60 60
60 61
60 62
60 63
60 64
60 65
60 66
60 73
60 74
60 75
60 77
60 86
60 87
60 106
61 61
61 62
61 63
61 65
61 66
61 67
61 77
61 86
61 87
61 90
61 96
61 97
61 98
61 100
61 106
62 62
62 63
62 64
62 70
62 73
62 75
62 76
62 77
62 84
62 85
62 86
62 87
62 99
62 106
63 63
63 65
63 66
63 67
63 77
63 79
63 81
63 85
63 86
63 87
63 98
63 106
64 64
64 65
64 70
65 65
65 66
65 67
65 87
65 90
65 96
65 98
65 100
65 106
65 107
65 111
66 66
66 67
66 68
66 69
66 76
66 77
66 90
66 97
66 100
66 103
66 104
66 105
66 107
67 67
67 68
67 69
67 90
67 97
67 100
67 102
67 103
67 104
67 105
67 108
67 110
67 115
68 68
68 69
68 80
68 94
68 95
68 100
68 101
68 102
68 103
68 104
68 105
68 107
68 108
68 109
68 110
68 115
69 69
69 90
69 91
69 93
69 94
69 95
69 97
69 100
69 101
69 102
69 103
69 104
69 105
69 108
69 109
69 110
69 113
69 115
70 70
70 71
70 72
70 73
70 74
70 75
70 76
70 77
70 80
71 71
71 72
71 73
71 74
71 75
71 76
71 77
72 72
72 73
72 74
72 75
72 76
72 78
72 81
72 85
72 94
72 115
73 73
73 74
73 75
73 76
73 77
73 78
73 80
73 81
73 84
73 85
74 74
74 75
74 76
74 78
74 80
74 84
74 85
74 115
75 75
75 76
75 77
75 78
75 80
75 81
75 83
75 84
75 85
75 107
75 115
76 76
76 77
76 78
76 80
76 81
76 84
76 85
76 103
76 105
76 107
76 115
77 77
77 80
77 84
77 87
78 78
78 80
78 81
78 84
78 95
78 103
78 104
78 105
78 107
78 113
78 115
79 79
79 81
79 85
79 87
79 96
79 97
79 98
79 110
80 80
80 84
80 95
80 101
80 103
80 104
80 105
80 107
80 109
80 115
81 81
81 85
81 97
81 101
81 103
81 104
81 108
81 109
81 110
82 82
82 86
82 88
82 90
82 91
82 98
82 99
82 106
82 107
82 112
83 83
83 85
83 91
83 103
83 112
84 84
84 88
84 95
84 101
84 105
84 107
84 115
85 85
85 89
85 103
85 115
86 86
86 87
86 88
86 90
86 91
86 96
86 97
86 98
86 99
86 106
86 111
86 112
87 87
87 88
87 90
87 96
87 97
87 98
87 99
87 106
87 107
88 88
88 90
88 92
88 93
88 95
88 96
88 98
88 99
88 106
89 89
89 108
90 90
90 91
90 92
90 93
90 96
90 97
90 98
90 99
90 106
90 107
90 111
90 113
91 91
91 92
91 93
91 98
91 99
91 105
91 110
91 111
91 112
92 92
92 93
92 98
92 100
92 102
92 113
92 114
93 93
93 95
93 98
93 99
93 100
93 101
93 102
93 105
93 109
93 110
93 111
93 113
93 114
94 94
94 95
94 101
94 102
94 103
94 104
94 105
94 108
94 109
94 110
94 113
94 114
94 115
95 95
95 100
95 103
95 104
95 105
95 107
95 108
95 109
95 113
95 115
96 96
96 97
96 98
96 99
96 106
96 107
96 108
96 110
96 111
96 113
97 97
97 98
97 99
97 100
97 101
97 102
97 104
97 105
97 106
97 107
97 108
97 109
97 110
97 113
97 115
98 98
98 99
98 101
98 102
98 106
98 110
98 111
98 112
98 113
99 99
99 101
99 102
99 105
99 106
99 107
99 108
99 111
99 112
99 113
99 115
100 100
100 101
100 102
100 103
100 104
100 105
100 108
100 113
100 115
101 101
101 102
101 103
101 104
101 105
101 107
101 108
101 109
101 110
101 111
101 112
101 113
101 115
102 102
102 103
102 104
102 105
102 108
102 112
102 113
102 114
102 115
103 103
103 104
103 105
103 107
103 108
103 109
103 110
103 113
103 115
104 104
104 105
104 108
104 109
104 110
104 113
104 115
105 105
105 107
105 108
105 109
105 112
105 113
105 114
105 115
106 106
106 107
106 111
107 107
107 111
107 115
108 108
108 109
108 110
108 113
108 115
109 109
109 110
110 110
110 111
110 113
110 115
111 111
112 112
112 114
113 113
113 114
113 115
114 114
115 115
