0 0
0 1
0 6
0 10
0 11
0 17
0 18
0 19
0 32
0 56
0 58
0 60
0 62
0 63
0 76
0 80
0 93
1 1
1 11
1 12
1 13
1 16
1 17
1 19
1 29
1 32
1 52
1 57
1 58
1 59
1 61
1 63
1 68
1 69
1 73
1 75
1 79
1 81
2 2
2 3
2 4
2 6
2 7
2 8
2 22
2 24
2 25
2 26
2 27
2 34
2 60
2 61
2 65
2 67
2 92
2 93
2 94
2 100
2 101
2 102
2 103
2 104
2 105
2 110
2 114
3 3
3 6
3 7
3 9
3 11
3 12
3 13
3 15
3 19
3 23
3 31
3 33
3 35
3 39
3 61
3 65
3 71
3 83
3 92
3 95
4 4
4 5
4 6
4 7
4 8
4 9
4 12
4 13
4 20
4 21
4 24
4 25
4 26
4 33
4 35
4 45
4 60
4 61
4 67
4 92
4 93
4 100
4 114
5 5
5 8
5 9
5 20
5 21
5 24
5 25
5 26
5 27
5 35
5 61
5 66
5 101
5 111
5 114
6 6
6 7
6 8
6 9
6 10
6 11
6 12
6 13
6 15
6 18
6 19
6 60
6 61
6 62
6 65
6 77
6 92
6 93
6 100
7 7
7 9
7 10
7 11
7 12
7 13
7 15
7 19
7 23
7 29
7 31
7 33
7 35
7 60
7 61
7 63
7 65
7 83
7 92
7 100
8 8
8 9
8 10
8 12
8 14
8 15
8 20
8 21
8 24
8 26
8 28
8 34
8 60
8 64
8 65
8 92
8 93
8 110
8 114
9 9
9 11
9 12
9 13
9 15
9 19
9 23
9 25
9 29
9 33
9 35
9 45
9 61
9 63
9 83
9 92
9 100
10 10
10 11
10 12
10 13
10 14
10 15
10 16
10 18
10 19
10 37
10 60
10 61
10 62
10 65
10 74
10 75
10 80
10 81
10 108
11 11
11 12
11 13
11 15
11 18
11 19
11 29
11 60
11 61
11 65
11 73
11 74
11 75
11 83
11 85
11 95
12 12
12 13
12 14
12 15
12 16
12 17
12 18
12 19
12 29
12 35
12 36
12 37
12 60
12 61
12 62
12 63
12 65
12 73
12 74
12 75
12 77
12 79
12 80
12 81
13 13
13 15
13 18
13 19
13 29
13 33
13 41
13 60
13 61
13 63
13 72
13 73
13 74
13 75
13 83
13 92
14 14
14 15
14 16
14 20
14 22
14 26
14 28
14 37
14 38
14 40
14 54
14 64
14 76
14 82
14 83
14 84
14 87
14 88
14 90
14 96
15 15
15 19
15 23
15 28
15 41
15 60
15 61
15 65
15 74
15 75
15 83
15 92
16 16
16 17
16 19
16 28
16 29
16 36
16 37
16 41
16 54
16 56
16 57
16 60
16 62
16 63
16 72
16 73
16 74
16 75
16 76
16 78
16 79
16 80
16 81
16 82
16 85
16 87
16 89
16 108
17 17
17 28
17 29
17 32
17 36
17 41
17 56
17 57
17 60
17 62
17 63
17 68
17 72
17 73
17 74
17 75
17 78
17 79
17 80
17 81
17 85
18 18
18 19
18 32
18 33
18 60
18 61
18 63
18 68
18 94
18 100
19 19
19 29
19 32
19 33
19 61
19 63
19 68
19 69
19 75
19 79
19 80
19 81
19 83
19 92
19 100
20 20
20 21
20 24
20 26
20 27
20 30
20 42
20 64
20 101
20 103
20 110
20 111
20 113
21 21
21 24
21 25
21 26
21 27
21 96
21 99
21 103
21 111
21 113
21 114
22 22
22 23
22 24
22 25
22 26
22 27
22 30
22 34
22 38
22 39
22 43
22 47
22 50
22 53
22 54
22 55
22 64
22 70
22 82
22 84
22 88
22 89
22 91
22 96
22 99
22 105
22 106
22 108
22 109
22 110
22 111
22 114
23 23
23 25
23 27
23 30
23 31
23 39
23 64
23 70
23 83
23 89
23 92
23 97
23 105
23 110
24 24
24 25
24 26
24 27
24 30
24 34
24 42
24 43
24 50
24 64
24 66
24 67
24 84
24 93
24 101
24 103
24 110
24 111
24 112
25 25
25 26
25 27
25 30
25 31
25 33
25 34
25 35
25 39
25 43
25 44
25 45
25 49
25 51
25 66
25 92
25 103
25 104
25 105
25 110
25 111
25 112
25 114
26 26
26 27
26 34
26 50
26 58
26 64
26 84
26 88
26 93
26 101
26 103
26 105
26 110
26 111
26 113
26 114
27 27
27 42
27 43
27 47
27 50
27 51
27 64
27 65
27 66
27 84
27 96
27 103
27 106
27 110
27 111
27 114
28 28
28 29
28 30
28 36
28 40
28 41
28 54
28 72
28 74
28 75
28 76
28 78
28 80
28 82
28 83
28 84
28 88
29 29
29 31
29 32
29 33
29 41
29 57
29 61
29 63
29 72
29 73
29 74
29 75
29 78
29 79
29 80
29 81
29 83
30 30
30 31
30 33
30 39
30 41
30 53
30 55
30 64
30 70
30 71
30 74
30 83
30 106
30 107
30 111
30 112
31 31
31 33
31 39
31 44
31 45
31 49
31 70
31 71
31 75
31 83
31 106
31 112
32 32
32 33
32 56
32 57
32 58
32 60
32 61
32 62
32 63
32 79
32 80
32 81
33 33
33 34
33 35
33 44
33 45
33 60
33 61
33 63
33 100
34 34
34 35
34 38
34 39
34 43
34 45
34 64
34 67
34 84
34 88
34 93
34 105
34 109
34 110
34 114
35 35
35 39
35 44
35 45
35 61
35 67
35 100
35 110
36 36
36 37
36 38
36 40
36 41
36 54
36 55
36 56
36 57
36 62
36 70
36 71
36 72
36 73
36 74
36 75
36 76
36 77
36 78
36 79
36 80
36 81
36 82
36 86
36 87
36 88
36 89
36 94
36 96
36 107
36 108
36 115
37 37
37 38
37 39
37 40
37 41
37 54
37 55
37 72
37 73
37 74
37 75
37 76
37 77
37 78
37 79
37 82
37 83
37 85
37 86
37 87
37 89
37 94
37 108
38 38
38 39
38 40
38 41
38 43
38 54
38 55
38 70
38 74
38 76
38 82
38 84
38 86
38 87
38 88
38 89
38 94
38 95
38 96
38 97
38 105
38 106
38 108
38 109
38 110
38 114
38 115
39 39
39 41
39 43
39 44
39 45
39 47
39 55
39 67
39 89
39 95
39 96
39 97
39 105
39 106
39 109
39 110
39 111
39 115
40 40
40 41
40 54
40 55
40 57
40 71
40 72
40 74
40 75
40 76
40 77
40 78
40 80
40 82
40 83
40 84
40 86
40 87
40 89
40 96
41 41
41 52
41 54
41 55
41 57
41 62
41 70
41 71
41 72
41 73
41 74
41 75
41 76
41 78
41 79
41 80
41 81
41 82
41 83
41 85
41 87
41 89
41 95
41 106
41 107
41 108
42 42
42 43
42 44
42 45
42 46
42 47
42 48
42 49
42 50
42 51
42 52
42 53
42 59
42 66
42 98
42 99
42 103
42 106
42 110
42 111
42 112
43 43
43 44
43 45
43 46
43 47
43 48
43 49
43 50
43 51
43 52
43 53
43 55
43 59
43 66
43 96
43 98
43 99
43 103
43 106
43 110
43 111
43 112
44 44
44 45
44 46
44 47
44 48
44 49
44 51
44 53
44 59
44 66
44 67
44 98
44 99
44 102
44 103
44 106
44 110
44 112
45 45
45 46
45 47
45 48
45 49
45 51
45 53
45 59
45 66
45 67
45 98
45 99
45 100
45 102
45 103
45 110
45 112
46 46
46 47
46 48
46 49
46 50
46 51
46 52
46 53
46 55
46 59
46 66
46 90
46 96
46 98
46 99
46 103
46 106
46 110
46 111
46 112
47 47
47 48
47 49
47 50
47 51
47 52
47 53
47 55
47 59
47 66
47 90
47 91
47 96
47 98
47 99
47 103
47 106
47 107
47 110
47 111
47 112
48 48
48 49
48 50
48 51
48 52
48 53
48 58
48 59
48 66
48 91
48 98
48 99
48 101
48 102
48 103
48 106
48 110
48 112
49 49
49 50
49 51
49 52
49 53
49 55
49 59
49 66
49 90
49 91
49 98
49 99
49 103
49 106
49 110
49 111
49 112
50 50
50 51
50 52
50 58
50 59
50 64
50 65
50 66
50 67
50 96
50 98
50 101
50 103
50 104
50 110
51 51
51 52
51 53
51 55
51 58
51 59
51 66
51 98
51 99
51 101
51 103
51 106
51 110
51 112
52 52
52 53
52 54
52 55
52 58
52 59
52 89
52 98
52 99
52 106
52 112
53 53
53 55
53 59
53 66
53 90
53 91
53 98
53 99
53 101
53 103
53 106
53 109
53 110
53 111
53 112
53 113
54 54
54 55
54 57
54 62
54 70
54 71
54 72
54 73
54 74
54 76
54 77
54 82
54 85
54 86
54 87
54 88
54 89
54 96
54 108
54 109
55 55
55 70
55 72
55 76
55 77
55 86
55 88
55 89
55 91
55 96
55 97
55 98
55 99
55 108
55 109
55 110
55 111
55 112
55 115
56 56
56 57
56 58
56 62
56 63
56 72
56 76
56 77
56 78
56 79
56 80
56 81
56 99
57 57
57 59
57 63
57 68
57 69
57 72
57 75
57 78
57 79
57 80
57 81
57 82
57 86
57 98
58 58
58 59
58 60
58 62
58 66
58 101
59 59
59 66
59 98
59 99
59 101
59 103
59 112
60 60
60 61
60 62
60 63
60 65
60 74
60 75
60 80
60 81
60 93
61 61
61 62
61 63
61 65
61 75
61 92
61 100
62 62
62 63
62 72
62 73
62 74
62 80
62 81
62 85
62 88
63 63
63 73
63 75
63 79
63 80
63 81
64 64
64 65
64 82
64 84
64 86
64 87
64 88
64 110
65 65
65 67
65 92
65 104
66 66
66 67
66 98
66 101
66 102
66 103
66 104
66 105
66 106
66 110
67 67
67 90
67 92
67 100
67 102
67 103
67 104
67 105
67 110
68 68
68 69
68 75
68 79
68 81
68 95
68 106
69 69
69 79
69 83
69 90
70 70
70 71
70 73
70 74
70 77
70 89
70 95
70 106
70 107
70 108
71 71
71 73
71 74
71 75
71 77
71 82
71 86
71 87
71 89
71 107
72 72
72 73
72 74
72 75
72 76
72 78
72 79
72 80
72 81
72 83
72 87
72 88
72 89
73 73
73 74
73 75
73 76
73 77
73 78
73 79
73 81
73 83
73 87
74 74
74 75
74 76
74 78
74 80
74 83
74 87
74 89
74 107
74 108
75 75
75 77
75 79
75 80
75 81
75 83
75 87
75 95
76 76
76 77
76 78
76 88
76 96
76 109
76 111
77 77
77 78
77 87
77 88
77 89
77 96
77 97
77 104
77 113
77 115
78 78
78 79
78 80
78 81
78 89
78 113
79 79
79 80
79 81
79 85
79 87
80 80
80 81
80 83
80 84
80 85
81 81
81 85
81 87
82 82
82 84
82 85
82 86
82 87
82 88
82 89
82 90
82 108
82 109
83 83
83 87
84 84
84 85
84 86
84 88
84 90
84 91
84 93
84 109
84 110
84 111
85 85
85 87
85 89
86 86
86 87
86 88
86 91
86 93
86 96
86 98
86 109
87 87
87 88
87 89
87 96
87 108
88 88
88 89
88 96
88 109
88 114
88 115
89 89
89 95
89 96
89 97
89 108
89 109
89 115
90 90
90 91
90 98
90 99
90 103
90 110
90 112
90 113
90 115
91 91
91 93
91 94
91 97
91 98
91 99
91 101
91 102
91 103
91 104
91 105
91 109
91 110
91 112
91 113
92 92
92 93
92 100
92 105
93 93
93 100
93 101
93 102
93 103
93 104
93 105
93 113
94 94
94 95
94 96
94 97
94 102
94 104
94 105
94 106
94 107
94 108
94 109
95 95
95 97
95 104
95 106
95 108
95 109
95 115
96 96
96 97
96 98
96 99
96 108
96 109
96 110
96 111
96 112
96 114
97 97
97 98
97 99
97 102
97 104
97 105
97 109
97 110
97 113
97 114
97 115
98 98
98 99
98 102
98 103
98 106
98 111
98 112
98 113
99 99
99 101
99 102
99 103
99 104
99 105
99 109
99 111
99 112
99 113
99 115
100 100
100 101
100 102
100 103
100 105
101 101
101 102
101 103
101 104
101 105
101 106
101 111
101 114
102 102
102 103
102 104
102 105
102 113
103 103
103 104
103 105
103 106
103 110
103 111
103 113
104 104
104 105
104 107
104 109
104 113
104 114
104 115
105 105
105 109
105 110
105 111
105 113
105 114
105 115
106 106
106 107
107 107
107 108
107 112
108 108
108 109
109 109
109 110
109 111
109 115
110 110
110 111
110 114
110 115
111 111
111 112
111 113
111 115
112 112
112 113
113 113
114 114
114 115
115 115
