0 0
0 1
0 14
0 15
0 19
0 21
0 26
0 27
0 56
0 57
0 58
0 60
0 68
0 82
0 85
0 88
0 102
0 108
0 113
1 1
1 19
1 32
1 56
1 57
1 59
1 61
1 62
1 63
1 66
1 68
1 69
1 81
1 82
1 85
1 96
1 97
1 98
1 99
1 108
2 2
2 3
2 4
2 5
2 6
2 7
2 8
2 9
2 10
2 12
2 14
2 18
2 21
2 22
2 23
2 24
2 26
2 30
2 31
2 33
2 64
2 88
2 91
2 92
2 93
2 94
2 101
3 3
3 4
3 5
3 6
3 7
3 8
3 15
3 18
3 19
3 22
3 23
3 25
3 35
3 64
3 65
3 68
3 69
3 84
3 87
3 88
3 91
3 92
3 93
4 4
4 5
4 6
4 7
4 8
4 9
4 14
4 21
4 22
4 24
4 25
4 26
4 27
4 35
4 60
4 64
4 82
4 88
4 90
4 91
4 92
4 93
5 5
5 8
5 9
5 18
5 21
5 24
5 25
5 27
5 34
5 60
5 61
5 64
5 65
5 88
5 90
5 91
5 92
5 93
6 6
6 7
6 8
6 10
6 12
6 13
6 14
6 20
6 21
6 22
6 23
6 24
6 28
6 30
6 31
6 33
6 70
6 71
6 72
6 73
6 75
6 76
6 93
6 100
6 102
7 7
7 8
7 10
7 11
7 12
7 13
7 22
7 23
7 30
7 31
7 33
7 45
7 71
7 92
7 93
7 100
7 102
7 104
8 8
8 9
8 14
8 18
8 21
8 22
8 25
8 34
8 35
8 40
8 60
8 61
8 64
8 68
8 82
8 83
8 88
8 90
8 91
8 92
8 93
8 101
9 9
9 12
9 14
9 15
9 22
9 24
9 26
9 27
9 35
9 64
9 82
9 86
9 88
9 90
9 93
10 10
10 12
10 14
10 18
10 20
10 22
10 23
10 28
10 29
10 30
10 31
10 33
10 70
10 71
10 72
10 75
10 76
10 78
10 84
10 102
11 11
11 13
11 15
11 20
11 29
11 30
11 71
11 75
11 77
11 79
11 85
11 95
11 99
11 100
11 102
11 104
11 109
11 112
11 113
11 114
12 12
12 13
12 14
12 15
12 20
12 22
12 23
12 24
12 26
12 28
12 29
12 30
12 31
12 70
12 71
12 72
12 73
12 75
13 13
13 17
13 20
13 28
13 29
13 30
13 31
13 36
13 37
13 41
13 70
13 71
13 72
13 73
13 74
13 75
13 76
13 77
13 80
13 81
13 95
14 14
14 15
14 18
14 19
14 20
14 21
14 22
14 24
14 26
14 27
14 30
14 38
14 40
14 56
14 64
14 68
14 82
14 83
14 84
14 86
14 87
14 88
14 91
14 93
15 15
15 19
15 20
15 21
15 24
15 26
15 27
15 38
15 39
15 41
15 54
15 56
15 57
15 68
15 82
15 83
15 85
15 87
15 88
15 89
15 91
15 108
16 16
16 17
16 28
16 29
16 32
16 36
16 46
16 49
16 55
16 62
16 63
16 72
16 74
16 78
16 79
16 80
16 81
16 84
16 96
17 17
17 28
17 29
17 31
17 36
17 37
17 41
17 42
17 43
17 44
17 46
17 47
17 48
17 49
17 55
17 62
17 63
17 70
17 71
17 72
17 73
17 74
17 75
17 76
17 78
17 79
17 80
17 81
17 96
18 18
18 19
18 22
18 24
18 33
18 34
18 57
18 64
18 68
18 82
18 84
18 88
18 91
18 93
18 98
19 19
19 32
19 35
19 56
19 57
19 60
19 61
19 68
19 69
19 82
19 83
19 91
19 98
19 101
19 103
19 108
19 111
20 20
20 23
20 24
20 26
20 28
20 29
20 30
20 36
20 38
20 39
20 41
20 70
20 71
20 72
20 73
20 74
20 75
20 95
20 100
20 109
20 112
20 113
20 114
20 115
21 21
21 24
21 25
21 26
21 27
21 30
21 82
21 83
21 88
21 91
21 92
21 93
21 98
21 100
21 101
21 108
21 111
22 22
22 23
22 24
22 26
22 30
22 31
22 33
22 64
22 84
22 88
22 93
23 23
23 24
23 30
23 31
23 33
23 70
23 71
23 95
23 100
23 102
23 104
23 114
24 24
24 25
24 26
24 27
24 30
24 38
24 64
24 82
24 86
24 87
24 88
25 25
25 27
25 34
25 38
25 44
25 45
25 50
25 51
25 92
26 26
26 27
26 38
26 54
26 64
26 82
26 85
26 86
26 88
26 89
26 100
26 108
26 113
26 115
27 27
27 35
27 38
27 39
27 45
27 54
27 58
27 60
27 65
27 82
27 85
27 86
27 87
27 88
27 89
27 92
27 93
27 100
27 108
27 109
27 112
27 113
28 28
28 29
28 30
28 31
28 32
28 36
28 40
28 41
28 55
28 62
28 63
28 70
28 71
28 72
28 73
28 74
28 75
28 78
28 79
28 80
28 81
28 83
29 29
29 30
29 31
29 36
29 37
29 41
29 42
29 44
29 46
29 49
29 55
29 63
29 70
29 71
29 72
29 73
29 74
29 75
29 76
29 77
29 78
29 79
29 80
29 81
29 95
29 112
29 114
30 30
30 31
30 33
30 41
30 70
30 71
30 72
30 73
30 74
30 75
30 76
30 77
30 78
30 95
30 100
30 102
31 31
31 33
31 36
31 41
31 42
31 70
31 71
31 72
31 73
31 74
31 75
31 76
31 77
31 78
31 80
31 95
32 32
32 33
32 40
32 62
32 63
32 72
32 80
32 81
32 84
33 33
33 71
33 72
33 74
33 75
33 76
33 78
33 113
34 34
34 35
34 40
34 60
34 64
34 65
34 67
34 68
34 88
34 90
34 92
34 93
34 94
34 101
34 103
35 35
35 45
35 58
35 60
35 61
35 64
35 65
35 66
35 67
35 68
35 87
35 88
35 89
35 90
35 91
35 92
35 93
35 101
35 108
36 36
36 37
36 38
36 39
36 41
36 62
36 63
36 70
36 71
36 72
36 73
36 74
36 75
36 76
36 77
36 78
36 79
36 80
36 81
36 95
36 114
37 37
37 39
37 41
37 44
37 46
37 49
37 51
37 52
37 53
37 54
37 55
37 70
37 72
37 73
37 74
37 75
37 76
37 77
37 81
37 95
37 99
37 109
37 112
37 114
37 115
38 38
38 39
38 41
38 54
38 87
38 89
39 39
39 41
39 52
39 53
39 54
39 55
39 85
39 87
39 89
39 99
39 114
39 115
40 40
40 61
40 68
40 69
40 72
40 78
40 82
40 83
40 94
41 41
41 54
41 70
41 71
41 72
41 73
41 74
41 75
41 76
41 77
41 80
41 81
41 95
41 100
41 114
41 115
42 42
42 43
42 44
42 45
42 46
42 47
42 48
42 49
42 50
42 51
42 71
42 75
42 76
42 77
42 78
42 79
42 80
42 95
42 96
42 109
42 110
42 112
43 43
43 44
43 45
43 46
43 47
43 48
43 49
43 50
43 51
43 59
43 76
43 77
43 79
43 80
43 95
43 96
43 104
43 109
43 110
43 112
44 44
44 45
44 46
44 47
44 48
44 49
44 50
44 51
44 52
44 53
44 55
44 62
44 63
44 71
44 72
44 73
44 75
44 76
44 77
44 79
44 95
44 96
44 101
44 109
44 112
45 45
45 46
45 47
45 48
45 49
45 50
45 51
45 58
45 59
45 66
45 67
45 92
45 100
45 101
45 102
45 104
45 109
45 110
45 112
46 46
46 47
46 48
46 49
46 50
46 51
46 52
46 53
46 55
46 63
46 75
46 76
46 77
46 79
46 81
46 96
46 98
46 99
46 109
46 111
46 112
47 47
47 48
47 49
47 50
47 51
47 52
47 53
47 55
47 66
47 96
47 98
47 110
47 111
48 48
48 49
48 50
48 51
48 52
48 53
48 54
48 55
48 58
48 59
48 62
48 63
48 66
48 79
48 96
48 101
48 112
49 49
49 50
49 51
49 55
49 59
49 62
49 63
49 66
49 72
49 79
49 96
49 101
49 112
50 50
50 51
50 52
50 54
50 55
50 59
50 62
50 63
50 66
50 67
50 96
50 98
51 51
51 52
51 53
51 59
51 66
51 67
51 110
51 112
52 52
52 53
52 54
52 55
52 66
52 90
52 98
52 110
53 53
53 55
53 73
53 74
53 76
53 77
53 83
53 98
53 99
53 111
53 112
54 54
54 55
54 58
54 66
54 87
54 89
54 95
54 96
54 98
54 99
54 109
54 114
55 55
55 62
55 63
55 72
55 74
55 81
55 83
55 96
55 97
55 98
55 99
55 111
56 56
56 57
56 68
56 69
56 82
56 84
56 85
56 86
56 87
56 96
56 98
56 99
56 108
56 111
56 113
57 57
57 59
57 60
57 61
57 63
57 64
57 66
57 67
57 68
57 69
57 82
57 83
57 84
57 85
57 86
57 90
57 98
57 103
57 108
58 58
58 59
58 60
58 65
58 66
58 67
58 89
58 94
58 101
58 104
58 110
59 59
59 61
59 63
59 65
59 66
59 67
59 69
59 89
59 94
59 104
59 106
59 110
60 60
60 61
60 64
60 65
60 67
60 68
60 82
60 87
60 88
60 90
60 91
60 93
60 101
60 103
60 108
61 61
61 64
61 65
61 66
61 67
61 68
61 82
61 83
61 88
61 90
61 91
61 93
61 94
61 98
62 62
62 63
62 72
62 79
62 80
62 81
63 63
63 72
63 79
63 80
63 81
63 96
64 64
64 65
64 67
64 68
64 82
64 83
64 84
64 86
64 87
64 88
64 89
64 90
64 91
64 92
64 93
65 65
65 66
65 67
65 68
65 69
65 85
65 86
65 87
65 88
65 89
65 90
65 91
65 92
65 93
65 104
65 110
66 66
66 67
66 68
66 69
66 89
66 90
66 94
66 101
66 103
66 105
66 106
66 110
67 67
67 68
67 69
67 86
67 88
67 89
67 90
67 92
67 93
67 94
67 101
67 103
67 104
67 106
67 110
68 68
68 69
68 82
68 83
68 84
68 85
68 86
68 87
68 88
68 90
68 91
68 92
68 93
68 98
68 103
68 108
69 69
69 83
69 84
69 86
69 87
69 88
69 90
69 98
69 106
69 107
69 110
70 70
70 71
70 72
70 73
70 74
70 75
70 76
70 77
70 78
70 79
70 80
70 95
70 100
70 102
71 71
71 72
71 73
71 74
71 75
71 76
71 77
71 78
71 79
71 80
71 95
71 100
71 102
71 109
71 112
71 113
71 114
72 72
72 73
72 74
72 75
72 76
72 77
72 78
72 79
72 80
72 81
73 73
73 74
73 75
73 76
73 77
73 78
73 79
73 80
73 81
73 95
73 109
73 112
73 113
73 114
73 115
74 74
74 75
74 76
74 77
74 78
74 79
74 80
74 81
74 95
74 112
74 113
74 114
75 75
75 76
75 77
75 78
75 79
75 80
75 95
75 100
75 102
75 109
75 112
75 113
75 114
76 76
76 77
76 78
76 79
76 95
76 99
76 100
76 102
76 109
76 112
76 113
77 77
77 78
77 79
77 95
77 100
77 102
77 109
77 111
77 112
77 113
77 114
78 78
78 79
78 80
78 81
79 79
79 80
79 81
79 95
79 99
79 102
79 109
79 111
79 112
79 113
79 114
80 80
80 81
80 107
81 81
81 96
82 82
82 83
82 84
82 86
82 88
82 90
82 91
82 93
82 98
82 103
82 108
82 111
83 83
83 90
83 94
83 98
84 84
84 86
84 88
84 107
85 85
85 86
85 87
85 89
85 92
85 99
85 108
85 109
85 111
85 112
85 113
85 114
86 86
86 87
86 88
86 89
86 90
86 103
86 104
86 106
86 107
87 87
87 88
87 89
87 91
87 92
87 93
87 103
87 108
88 88
88 89
88 90
88 91
88 92
88 93
88 94
89 89
89 90
89 91
89 92
89 110
90 90
90 91
90 92
90 93
90 98
90 101
90 103
90 104
90 110
91 91
91 92
91 93
91 100
91 101
91 103
91 111
91 115
92 92
92 93
92 100
92 101
92 102
92 104
92 108
92 111
93 93
93 101
93 103
94 94
94 101
95 95
95 100
95 102
95 109
95 112
95 113
95 114
95 115
96 96
96 97
96 98
96 99
96 108
96 109
96 111
97 97
97 99
97 108
97 115
98 98
98 99
98 108
98 111
99 99
99 108
99 109
99 111
99 112
99 113
99 114
99 115
100 100
100 102
100 104
100 108
100 109
100 112
100 113
100 114
100 115
101 101
101 103
102 102
102 104
102 109
102 112
102 113
102 114
103 103
103 104
103 108
104 104
104 107
105 105
105 106
105 107
105 110
105 115
106 106
106 107
106 110
107 107
107 110
108 108
108 109
108 111
108 112
108 113
108 114
109 109
109 111
109 112
109 113
109 114
110 110
111 111
111 112
111 113
112 112
112 113
112 114
112 115
113 113
113 114
113 115
114 114
114 115
115 115
