0 0
0 1
0 16
0 17
0 28
0 29
0 36
0 39
0 41
0 56
0 57
0 62
0 63
0 72
0 73
0 74
0 76
0 77
0 78
0 79
0 80
0 81
0 83
0 87
1 1
1 16
1 17
1 28
1 29
1 36
1 37
1 39
1 40
1 56
1 57
1 62
1 63
1 72
1 73
1 74
1 76
1 77
1 79
1 80
1 81
1 82
1 98
1 99
1 115
2 2
2 3
2 4
2 5
2 6
2 7
2 8
2 9
2 18
2 20
2 21
2 22
2 23
2 25
2 26
2 27
2 30
2 31
2 64
2 66
3 3
3 6
3 7
3 15
3 18
3 19
3 23
3 30
3 31
3 33
3 35
3 64
3 69
3 82
3 83
4 4
4 5
4 6
4 8
4 9
4 12
4 20
4 21
4 25
4 26
4 27
4 42
4 43
4 44
4 45
4 46
4 47
4 48
4 49
4 50
4 51
4 53
4 101
4 102
4 103
4 104
4 108
4 113
5 5
5 6
5 8
5 9
5 20
5 21
5 25
5 26
5 27
5 34
5 42
5 43
5 44
5 45
5 46
5 47
5 48
5 49
5 51
5 53
5 55
5 95
5 98
5 101
5 102
5 103
5 104
5 108
5 109
5 111
6 6
6 7
6 8
6 9
6 12
6 20
6 21
6 22
6 23
6 25
6 26
6 27
6 30
6 31
6 35
6 64
6 66
6 69
6 91
6 92
6 93
6 101
6 103
7 7
7 9
7 13
7 15
7 18
7 19
7 30
7 31
7 33
7 60
7 61
7 64
7 71
8 8
8 9
8 12
8 20
8 21
8 25
8 26
8 27
8 42
8 43
8 44
8 45
8 46
8 47
8 48
8 49
8 50
8 51
8 53
8 98
8 99
8 101
8 102
8 103
8 104
8 105
8 113
9 9
9 20
9 21
9 25
9 26
9 27
9 35
9 42
9 43
9 44
9 45
9 46
9 47
9 48
9 49
9 51
9 53
9 58
9 95
9 98
9 102
9 103
9 104
9 108
10 10
10 11
10 12
10 14
10 16
10 18
10 22
10 23
10 24
10 28
10 31
10 37
10 64
10 65
10 67
10 76
10 82
10 83
10 84
10 85
10 87
11 11
11 12
11 13
11 14
11 15
11 16
11 17
11 22
11 23
11 28
11 31
11 32
11 37
11 40
11 41
11 73
11 74
11 77
11 78
11 79
11 80
11 81
11 82
11 83
11 84
11 85
11 87
12 12
12 13
12 14
12 69
12 78
12 83
12 101
12 107
13 13
13 14
13 15
13 17
13 28
13 29
13 31
13 33
13 36
13 37
13 40
13 41
13 60
13 61
13 62
13 71
13 72
13 73
13 74
13 75
13 77
13 80
13 81
13 82
13 83
14 14
14 15
14 16
14 28
14 37
14 39
14 41
14 60
14 64
14 65
14 77
14 81
14 82
14 83
15 15
15 28
15 29
15 30
15 31
15 33
15 35
15 36
15 37
15 40
15 41
15 60
15 61
15 64
15 71
15 72
15 73
15 74
15 75
15 77
15 82
15 83
16 16
16 17
16 18
16 28
16 29
16 36
16 37
16 39
16 41
16 56
16 57
16 62
16 63
16 72
16 73
16 74
16 76
16 77
16 78
16 79
16 80
16 81
16 82
16 83
16 85
16 87
16 95
17 17
17 19
17 28
17 29
17 32
17 36
17 37
17 39
17 40
17 41
17 56
17 57
17 62
17 63
17 72
17 73
17 74
17 75
17 76
17 77
17 78
17 79
17 80
17 81
17 82
17 83
17 85
17 106
18 18
18 19
18 20
18 30
18 31
18 32
18 33
18 64
18 72
18 74
18 76
18 77
18 82
18 83
18 85
18 92
18 96
19 19
19 28
19 29
19 32
19 33
19 41
19 61
19 62
19 63
19 69
19 70
19 71
19 72
19 73
19 74
19 77
19 78
19 79
19 81
19 83
19 90
19 101
19 102
19 112
20 20
20 21
20 22
20 26
20 27
20 30
20 70
20 71
20 94
21 21
21 25
21 26
21 27
21 42
21 43
21 44
21 45
21 47
21 51
21 70
21 94
21 103
21 113
22 22
22 23
22 24
22 25
22 30
22 31
22 33
22 50
22 64
22 66
22 67
22 70
22 71
22 85
22 93
22 110
23 23
23 24
23 30
23 31
23 33
23 35
23 50
23 64
23 65
23 67
23 68
23 69
23 70
23 71
23 89
23 91
23 97
23 110
24 24
24 25
24 26
24 30
24 31
24 34
24 35
24 50
24 53
24 64
24 66
24 67
24 84
24 86
24 88
24 110
25 25
25 26
25 27
25 34
25 35
25 42
25 43
25 44
25 45
25 48
25 50
25 51
25 53
25 55
25 64
25 65
25 66
25 67
25 104
25 108
26 26
26 27
26 42
26 43
26 44
26 45
26 46
26 47
26 49
26 51
26 53
26 55
26 96
26 98
26 103
26 104
26 108
26 109
27 27
27 42
27 43
27 44
27 45
27 46
27 47
27 48
27 49
27 51
27 53
27 55
27 96
27 98
27 102
27 103
27 104
27 108
27 109
28 28
28 29
28 31
28 32
28 33
28 36
28 37
28 39
28 40
28 41
28 56
28 57
28 62
28 63
28 70
28 71
28 72
28 73
28 74
28 75
28 76
28 77
28 78
28 79
28 80
28 81
28 82
28 83
28 84
28 85
28 86
28 87
28 88
29 29
29 32
29 33
29 36
29 37
29 39
29 40
29 41
29 56
29 57
29 61
29 62
29 63
29 70
29 71
29 72
29 73
29 74
29 75
29 76
29 77
29 78
29 79
29 80
29 81
29 82
29 83
29 100
30 30
30 31
30 32
30 33
30 40
30 64
30 66
30 70
30 71
30 72
30 73
30 74
30 75
30 82
30 85
31 31
31 32
31 33
31 35
31 40
31 64
31 66
31 70
31 71
31 72
31 73
31 74
31 75
31 82
31 83
31 85
31 86
31 110
32 32
32 33
32 62
32 66
32 72
32 73
32 74
32 75
32 76
32 78
32 79
32 81
32 83
32 92
32 106
33 33
33 35
33 40
33 41
33 60
33 64
33 70
33 71
33 72
33 73
33 74
33 75
33 79
33 82
33 83
33 86
33 88
34 34
34 35
34 44
34 45
34 48
34 50
34 51
34 53
34 54
34 64
34 65
34 66
34 67
34 84
34 88
34 110
35 35
35 52
35 60
35 64
35 65
35 66
35 67
35 84
35 89
35 110
36 36
36 37
36 38
36 39
36 40
36 41
36 54
36 56
36 57
36 62
36 63
36 72
36 73
36 74
36 75
36 76
36 77
36 78
36 79
36 80
36 81
36 82
36 83
36 84
36 95
36 96
36 100
36 108
36 112
36 113
37 37
37 38
37 39
37 40
37 41
37 56
37 57
37 72
37 73
37 74
37 75
37 76
37 77
37 78
37 79
37 80
37 81
37 82
37 83
38 38
38 39
38 40
38 54
38 77
38 82
38 84
38 86
38 87
38 88
38 94
38 96
38 109
39 39
39 40
39 41
39 54
39 55
39 56
39 57
39 63
39 76
39 77
39 78
39 79
39 80
39 81
39 82
39 83
39 87
39 89
39 94
39 95
39 96
39 109
40 40
40 41
40 56
40 57
40 62
40 63
40 71
40 72
40 73
40 74
40 75
40 76
40 77
40 79
40 80
40 81
40 82
40 83
40 84
40 86
40 88
41 41
41 56
41 62
41 63
41 70
41 71
41 72
41 73
41 74
41 75
41 76
41 77
41 78
41 79
41 80
41 81
41 82
41 83
42 42
42 43
42 44
42 45
42 46
42 47
42 48
42 49
42 50
42 51
42 52
42 53
42 55
42 98
42 99
42 101
42 103
42 104
42 105
42 111
42 113
43 43
43 44
43 45
43 46
43 47
43 48
43 49
43 50
43 51
43 52
43 53
43 55
43 58
43 59
43 91
43 96
43 98
43 99
43 103
43 104
43 105
44 44
44 45
44 46
44 47
44 48
44 49
44 50
44 51
44 52
44 53
44 55
44 58
44 91
44 96
44 98
44 99
44 103
44 104
44 105
44 107
45 45
45 46
45 47
45 48
45 49
45 50
45 51
45 52
45 53
45 55
45 58
45 59
45 65
45 66
45 67
45 96
45 98
45 99
45 104
46 46
46 47
46 48
46 49
46 51
46 52
46 53
46 55
46 94
46 98
46 99
46 101
46 102
46 103
46 104
46 105
46 107
46 111
46 112
46 113
47 47
47 48
47 49
47 50
47 51
47 52
47 53
47 55
47 94
47 96
47 98
47 99
47 103
47 104
47 105
47 107
47 109
47 111
47 112
47 113
48 48
48 49
48 50
48 51
48 52
48 53
48 55
48 67
48 90
48 91
48 98
48 99
48 103
48 104
48 105
48 107
49 49
49 51
49 52
49 53
49 55
49 58
49 59
49 91
49 96
49 98
49 99
49 103
49 104
49 105
49 107
50 50
50 51
50 52
50 53
50 65
50 67
50 93
51 51
51 52
51 53
51 55
51 67
51 98
51 99
51 103
51 104
51 105
51 107
52 52
52 53
52 65
52 67
52 90
52 91
52 98
52 99
53 53
53 55
53 98
53 99
53 105
53 108
53 111
53 113
54 54
54 55
54 84
54 87
54 88
54 89
54 94
54 95
54 96
54 98
54 99
54 104
54 105
54 108
54 109
55 55
55 94
55 95
55 96
55 98
55 99
55 109
55 111
55 112
56 56
56 57
56 62
56 63
56 73
56 74
56 75
56 76
56 77
56 78
56 79
56 80
56 81
56 83
56 95
56 99
57 57
57 62
57 63
57 73
57 74
57 76
57 77
57 78
57 79
57 80
57 81
57 83
57 95
58 58
58 59
58 60
58 66
58 90
58 91
58 103
58 104
59 59
59 66
59 67
59 100
59 103
59 104
59 106
60 60
60 61
60 64
60 65
60 88
61 61
61 62
61 63
61 72
61 80
61 100
61 106
61 114
62 62
62 63
62 72
62 73
62 74
62 75
62 76
62 77
62 78
62 79
62 80
62 81
62 83
62 101
62 102
63 63
63 72
63 73
63 74
63 75
63 76
63 77
63 78
63 79
63 80
63 81
63 83
63 100
63 106
63 112
64 64
64 65
64 66
64 67
64 71
64 82
64 84
64 85
64 88
64 110
65 65
65 66
65 67
65 87
65 89
66 66
66 67
66 68
67 67
67 87
67 110
68 68
68 69
68 83
68 87
68 89
68 90
68 97
68 110
69 69
69 83
69 89
69 90
69 97
69 110
70 70
70 71
70 72
70 73
70 74
70 75
70 76
70 77
71 71
71 72
71 73
71 74
71 75
71 76
71 77
71 82
71 83
72 72
72 73
72 74
72 75
72 76
72 77
72 78
72 79
72 80
72 81
72 82
72 83
72 86
72 100
73 73
73 74
73 75
73 76
73 77
73 78
73 79
73 80
73 81
73 82
73 83
74 74
74 75
74 76
74 77
74 78
74 79
74 80
74 81
74 82
74 83
74 85
75 75
75 76
75 77
75 79
75 80
75 81
75 82
75 83
75 86
75 106
76 76
76 77
76 78
76 79
76 80
76 81
76 82
76 83
76 95
76 96
76 100
77 77
77 78
77 79
77 80
77 81
77 82
77 83
78 78
78 79
78 80
78 81
78 83
78 85
78 87
78 95
79 79
79 80
79 81
79 82
79 83
79 87
80 80
80 81
80 82
80 83
80 84
81 81
81 82
81 83
81 85
81 87
82 82
82 83
82 84
82 85
82 86
82 87
82 88
83 83
83 85
83 87
84 84
84 85
84 86
84 88
84 89
85 85
85 87
85 89
86 86
86 87
86 88
87 87
87 88
87 89
87 110
88 88
88 89
88 109
89 89
89 108
90 90
90 91
90 92
90 103
90 105
90 107
90 113
91 91
91 92
91 93
91 97
91 99
91 103
91 105
91 107
92 92
92 93
92 100
92 101
92 102
92 103
92 107
92 114
93 93
93 101
93 103
93 105
93 107
93 113
93 114
94 94
94 96
94 98
94 99
94 101
94 105
94 107
94 111
94 112
94 113
95 95
95 96
95 100
95 102
95 103
95 104
95 108
95 109
96 96
96 98
96 99
96 100
96 106
96 108
96 109
96 115
97 97
97 99
97 109
97 110
98 98
98 99
98 100
98 102
98 104
98 108
98 109
98 111
98 112
98 113
99 99
99 100
99 101
99 102
99 103
99 104
99 105
99 109
99 111
99 112
99 113
100 100
100 101
100 102
100 103
100 104
100 108
100 111
100 112
100 113
100 114
101 101
101 102
101 103
101 104
101 105
101 107
101 112
101 113
102 102
102 103
102 104
102 108
102 111
102 112
102 113
102 114
103 103
103 104
103 105
103 107
103 114
104 104
104 105
104 109
104 113
104 114
105 105
105 107
105 114
106 106
106 109
107 107
107 113
107 114
108 108
108 109
109 109
110 110
111 111
111 112
111 113
112 112
112 113
113 113
114 114
115 115
