0 0
0 1
0 3
0 6
0 9
0 10
0 11
0 12
0 13
0 18
0 32
0 55
0 58
0 60
0 61
0 101
1 1
1 9
1 10
1 11
1 12
1 13
1 48
1 50
1 51
1 52
1 53
1 54
1 58
1 59
1 61
1 73
1 89
1 90
1 109
2 2
2 3
2 4
2 6
2 7
2 18
2 21
2 22
2 24
2 60
2 62
2 65
2 67
2 70
2 77
2 91
2 92
2 93
2 96
2 100
2 101
2 103
3 3
3 5
3 7
3 23
3 34
3 35
3 39
3 41
3 65
3 70
3 71
3 77
3 84
3 88
3 92
3 93
3 103
3 108
3 109
3 110
4 4
4 6
4 7
4 8
4 9
4 11
4 12
4 14
4 15
4 26
4 35
4 58
4 60
4 64
4 65
4 90
4 91
4 92
4 93
5 5
5 20
5 21
5 22
5 23
5 24
5 25
5 26
5 27
5 31
5 37
5 38
5 40
5 41
5 48
5 50
5 51
5 53
5 71
5 77
5 87
5 88
5 96
5 109
5 110
5 112
6 6
6 7
6 8
6 9
6 10
6 11
6 12
6 13
6 15
6 18
6 60
6 64
6 65
6 91
6 92
6 93
6 100
6 101
7 7
7 8
7 9
7 11
7 12
7 13
7 15
7 65
7 67
7 70
7 92
7 93
7 110
8 8
8 9
8 11
8 12
8 14
8 15
8 26
8 35
8 60
8 64
8 65
8 90
8 91
8 92
8 93
8 94
8 100
8 107
8 113
8 114
8 115
9 9
9 10
9 11
9 12
9 13
9 14
9 15
9 26
9 58
9 65
9 92
9 93
9 113
10 10
10 11
10 12
10 14
10 28
10 54
10 55
10 73
10 74
10 76
10 78
10 80
10 87
10 98
11 11
11 12
11 13
11 15
11 29
11 48
11 60
11 65
11 72
11 73
11 75
11 92
11 114
12 12
12 13
12 14
12 15
12 16
12 18
12 29
12 60
12 62
12 65
12 72
12 83
12 90
12 92
12 100
12 102
12 104
13 13
13 15
13 16
13 17
13 29
13 52
13 60
13 62
13 63
13 65
13 72
13 75
13 90
13 92
13 100
13 102
13 114
14 14
14 15
14 36
14 38
14 39
14 89
14 90
14 91
14 92
14 93
14 107
14 114
15 15
15 19
15 29
15 33
15 60
15 64
15 65
15 83
15 90
15 92
15 94
15 95
15 97
15 100
15 102
15 107
15 113
15 114
16 16
16 17
16 18
16 28
16 29
16 32
16 60
16 62
16 63
16 72
16 74
16 78
16 79
16 80
16 81
16 85
16 100
17 17
17 28
17 29
17 32
17 50
17 52
17 53
17 56
17 62
17 63
17 72
17 73
17 74
17 75
17 76
17 78
17 79
17 80
17 81
17 83
18 18
18 19
18 28
18 32
18 33
18 60
18 62
18 70
18 72
18 83
18 89
18 100
18 101
18 102
18 103
18 104
18 105
19 19
19 28
19 29
19 30
19 32
19 33
19 53
19 72
19 74
19 82
19 83
19 90
19 94
19 95
19 97
19 99
19 100
19 102
19 104
19 105
19 106
19 107
19 108
19 109
19 110
19 111
19 112
19 113
19 114
19 115
20 20
20 21
20 22
20 23
20 24
20 25
20 26
20 27
20 30
20 31
20 33
20 34
20 35
20 37
20 38
20 40
20 41
20 42
20 43
20 53
20 63
20 64
20 71
20 75
20 76
21 21
21 22
21 23
21 24
21 25
21 26
21 27
21 37
21 38
21 40
21 47
21 50
21 61
21 66
21 67
21 71
21 79
21 84
21 87
21 88
21 96
21 110
22 22
22 23
22 24
22 25
22 26
22 27
22 30
22 31
22 33
22 34
22 35
22 38
22 40
22 53
22 64
22 71
22 88
23 23
23 24
23 25
23 26
23 30
23 31
23 33
23 34
23 35
23 40
23 64
23 71
23 83
23 88
24 24
24 25
24 26
24 27
24 30
24 31
24 34
24 35
24 37
24 38
24 40
24 42
24 43
24 47
24 53
24 57
24 64
24 66
24 71
24 88
24 96
24 110
25 25
25 26
25 27
25 30
25 31
25 34
25 35
25 37
25 38
25 40
25 41
25 42
25 43
25 45
25 47
25 53
25 66
25 71
25 76
25 87
25 96
25 110
26 26
26 27
26 30
26 31
26 34
26 35
26 38
26 39
26 42
26 47
26 55
26 59
26 61
26 64
26 71
27 27
27 36
27 37
27 38
27 40
27 43
27 47
27 50
27 53
27 54
27 56
27 57
27 66
27 67
27 71
27 84
27 86
27 87
27 88
27 96
27 98
27 106
27 109
27 110
28 28
28 29
28 30
28 31
28 32
28 33
28 36
28 40
28 46
28 53
28 72
28 73
28 74
28 76
28 78
28 79
28 80
28 81
28 82
28 83
28 86
29 29
29 30
29 31
29 32
29 33
29 36
29 41
29 53
29 72
29 73
29 74
29 75
29 76
29 78
29 79
29 81
29 82
29 83
29 94
29 95
29 97
29 99
29 111
29 112
29 113
29 114
29 115
30 30
30 31
30 32
30 33
30 34
30 35
30 38
30 40
30 41
30 42
30 43
30 44
30 53
30 64
30 71
30 72
30 73
30 74
30 76
30 81
30 82
30 86
31 31
31 32
31 33
31 34
31 35
31 38
31 40
31 41
31 44
31 64
31 71
31 72
31 75
31 78
31 82
31 83
32 32
32 33
32 53
32 57
32 68
32 69
32 72
32 73
32 74
32 78
32 79
32 81
32 83
33 33
33 34
33 35
33 53
33 68
33 71
33 72
33 73
33 74
33 75
33 76
33 82
33 83
33 108
33 114
34 34
34 35
34 37
34 38
34 39
34 41
34 55
34 61
34 64
34 66
34 67
34 68
34 69
34 70
34 71
34 75
34 77
34 88
34 91
34 101
34 103
34 108
35 35
35 38
35 39
35 41
35 64
35 67
35 69
35 71
35 77
35 88
35 91
35 92
35 108
35 109
35 110
36 36
36 37
36 38
36 40
36 41
36 54
36 71
36 72
36 73
36 74
36 75
36 76
36 77
36 79
36 81
36 82
36 83
36 84
36 85
36 87
36 96
36 108
36 110
37 37
37 38
37 39
37 41
37 53
37 54
37 55
37 57
37 71
37 73
37 74
37 75
37 76
37 77
37 79
37 86
37 87
37 91
37 99
37 106
37 110
38 38
38 39
38 40
38 41
38 42
38 47
38 54
38 55
38 57
38 71
38 73
38 74
38 76
38 77
38 84
38 86
38 87
38 88
38 96
38 98
39 39
39 54
39 55
39 57
39 59
39 61
39 69
39 71
39 77
39 88
39 89
39 91
39 92
39 103
39 106
39 108
40 40
40 41
40 71
40 74
40 76
40 77
40 80
40 81
40 83
40 84
40 87
41 41
41 71
41 73
41 74
41 75
41 76
41 77
41 82
41 86
41 87
41 110
42 42
42 43
42 44
42 45
42 46
42 47
42 48
42 49
42 55
42 74
42 82
42 87
42 96
42 98
42 110
42 111
43 43
43 44
43 45
43 46
43 47
43 48
43 49
43 81
43 82
43 87
43 96
43 98
43 99
43 107
43 110
43 111
44 44
44 45
44 46
44 47
44 48
44 49
44 50
44 51
44 82
44 96
44 98
44 111
45 45
45 46
45 47
45 48
45 49
45 50
45 67
45 82
45 87
45 96
45 98
45 110
45 111
46 46
46 47
46 48
46 49
46 50
46 51
46 55
46 80
46 87
46 96
46 98
47 47
47 48
47 49
47 55
47 80
47 96
47 98
47 110
48 48
48 49
48 50
48 51
48 52
48 58
48 96
48 98
48 99
48 111
48 112
49 49
49 50
49 51
49 55
49 82
49 96
49 98
49 111
50 50
50 51
50 52
50 53
50 58
50 65
50 87
50 96
50 97
50 99
50 111
50 112
50 113
51 51
51 52
51 53
51 58
51 86
51 98
51 106
51 111
51 112
52 52
52 53
52 54
52 57
52 58
52 59
52 62
52 68
52 79
52 89
52 90
52 97
52 112
52 113
52 114
52 115
53 53
53 56
53 57
53 68
53 79
53 86
53 90
53 95
53 97
53 99
53 106
53 109
53 111
53 112
53 114
53 115
54 54
54 55
54 56
54 57
54 58
54 61
54 62
54 66
54 69
54 77
54 84
54 85
54 88
54 89
54 96
54 101
54 103
55 55
55 58
55 59
55 66
55 80
55 98
55 103
56 56
56 57
56 59
56 61
56 62
56 63
56 66
56 68
56 69
56 79
56 81
56 84
56 99
57 57
57 59
57 61
57 62
57 63
57 66
57 68
57 69
57 78
57 79
57 81
57 84
57 86
57 88
57 89
58 58
58 59
58 61
58 65
58 66
58 89
59 59
59 60
59 61
59 62
59 63
59 66
59 68
59 79
59 89
60 60
60 61
60 62
60 63
60 64
60 65
60 69
60 89
60 90
60 92
60 100
60 101
60 102
60 103
61 61
61 62
61 63
61 69
61 77
61 88
61 89
61 90
62 62
62 63
62 79
62 80
62 81
62 89
62 100
62 101
62 102
62 103
63 63
63 68
63 79
63 81
63 89
63 90
63 100
63 101
63 102
64 64
64 65
64 67
64 69
64 84
64 88
65 65
65 67
65 85
65 88
65 92
65 93
65 110
66 66
66 67
66 68
66 69
66 84
66 88
66 101
67 67
67 68
67 69
67 84
67 85
67 88
67 93
67 101
68 68
68 69
68 78
68 79
68 81
68 84
68 88
68 89
68 102
69 69
69 83
69 84
69 88
69 89
69 101
69 102
69 103
70 70
70 74
70 75
70 77
70 90
70 92
70 93
70 94
70 95
70 97
70 101
70 102
70 103
70 104
70 105
70 106
70 108
70 109
70 113
70 114
70 115
71 71
71 75
71 76
71 77
71 91
71 95
71 109
71 110
72 72
72 73
72 74
72 75
72 76
72 78
72 79
72 81
72 82
72 83
72 111
72 114
73 73
73 74
73 75
73 76
73 77
73 79
73 82
73 86
73 106
73 109
73 111
74 74
74 75
74 76
74 79
74 80
74 81
74 82
74 96
74 111
74 114
75 75
75 76
75 77
75 79
75 90
75 94
75 95
75 97
75 105
75 106
75 108
75 112
75 113
75 114
75 115
76 76
76 77
76 79
76 111
77 77
77 90
77 91
77 92
77 93
77 108
77 109
77 110
78 78
78 80
78 81
78 84
78 85
79 79
79 80
79 81
79 99
79 112
79 113
80 80
80 81
80 84
80 85
80 98
81 81
81 82
81 84
81 85
82 82
82 83
82 85
82 86
82 87
82 94
82 97
82 99
82 110
82 111
82 114
83 83
83 84
83 85
83 87
84 84
84 85
84 86
84 87
84 88
84 89
85 85
85 87
85 88
85 89
86 86
86 87
86 97
86 99
86 111
87 87
87 96
87 110
87 111
88 88
88 89
88 91
88 101
88 103
89 89
89 100
89 101
89 102
89 103
90 90
90 91
90 92
90 93
90 94
90 95
90 97
90 99
90 100
90 101
90 102
90 103
90 104
90 106
90 107
90 108
90 109
90 112
90 113
90 114
90 115
91 91
91 92
91 93
91 100
91 101
91 102
91 103
91 104
91 105
91 107
92 92
92 93
92 94
92 95
92 97
92 99
92 100
92 101
92 102
92 103
92 104
92 105
92 106
92 107
92 108
92 109
92 112
92 113
92 114
93 93
93 100
93 101
93 102
93 103
93 104
93 105
93 106
93 107
94 94
94 95
94 97
94 99
94 100
94 102
94 103
94 104
94 105
94 106
94 107
94 108
94 109
94 111
94 112
94 113
94 114
94 115
95 95
95 97
95 99
95 102
95 104
95 105
95 106
95 107
95 108
95 109
95 110
95 111
95 112
95 113
95 114
95 115
96 96
96 98
96 99
96 104
96 105
96 106
96 110
96 111
97 97
97 99
97 100
97 102
97 104
97 105
97 106
97 107
97 108
97 109
97 110
97 111
97 112
97 113
97 114
97 115
98 98
99 99
99 104
99 105
99 106
99 107
99 109
99 110
99 111
99 112
99 113
99 114
99 115
100 100
100 101
100 102
100 103
100 104
100 105
100 107
100 114
100 115
101 101
101 102
101 103
101 104
101 105
102 102
102 103
102 104
102 105
102 107
102 113
102 114
102 115
103 103
103 104
103 105
103 106
103 107
103 109
103 113
103 115
104 104
104 105
104 106
104 107
104 111
104 112
104 113
104 114
104 115
105 105
105 106
105 107
105 108
105 109
105 111
105 112
105 113
105 114
105 115
106 106
106 107
106 108
106 109
106 110
106 111
106 112
106 113
106 114
106 115
107 107
107 111
107 113
107 114
107 115
108 108
108 109
108 111
108 112
108 113
108 115
109 109
109 110
109 111
109 112
109 113
109 115
110 110
110 111
110 112
111 111
111 112
111 113
111 114
111 115
112 112
112 113
112 114
112 115
113 113
113 114
113 115
114 114
114 115
115 115
