0 0
0 1
0 10
0 12
0 14
0 16
0 17
0 18
0 28
0 48
0 49
0 56
0 57
0 58
0 59
0 68
0 70
0 72
0 73
0 74
0 76
0 78
0 80
0 81
0 83
0 84
0 98
1 1
1 10
1 11
1 15
1 16
1 17
1 18
1 19
1 28
1 29
1 36
1 40
1 56
1 57
1 62
1 63
1 68
1 72
1 73
1 74
1 78
1 79
1 80
1 81
1 83
1 84
1 85
1 111
2 2
2 4
2 5
2 6
2 7
2 8
2 20
2 21
2 24
2 25
2 26
2 27
2 30
2 31
2 33
2 34
2 35
2 65
2 66
2 67
2 70
2 71
2 75
2 76
2 92
3 3
3 22
3 23
3 24
3 25
3 26
3 30
3 34
3 35
3 37
3 50
3 53
3 64
3 75
3 82
3 86
3 88
3 89
4 4
4 5
4 6
4 7
4 8
4 9
4 20
4 21
4 23
4 24
4 25
4 26
4 27
4 35
4 58
4 60
4 61
4 65
4 67
4 91
4 92
4 93
4 103
4 105
4 114
4 115
5 5
5 6
5 7
5 8
5 9
5 12
5 13
5 20
5 21
5 25
5 27
5 35
5 44
5 45
5 47
5 51
5 65
5 67
5 90
5 92
5 93
5 101
5 102
5 103
5 104
5 105
5 106
5 115
6 6
6 7
6 8
6 9
6 15
6 18
6 20
6 21
6 30
6 31
6 33
6 70
6 71
6 75
7 7
7 8
7 9
7 13
7 31
7 33
7 35
7 45
7 60
7 61
7 65
7 66
7 67
7 91
7 92
7 93
7 95
7 100
7 103
7 104
7 108
7 109
8 8
8 9
8 12
8 15
8 18
8 20
8 21
8 25
8 30
8 31
8 35
8 44
8 60
8 61
8 65
8 70
8 75
9 9
9 13
9 15
9 31
9 45
9 60
9 61
9 65
9 67
9 90
9 91
9 92
9 93
9 95
9 100
9 101
9 103
9 104
9 105
9 108
9 113
9 115
10 10
10 11
10 12
10 14
10 16
10 19
10 28
10 40
10 42
10 53
10 64
10 78
10 80
10 81
10 84
10 85
10 88
11 11
11 13
11 14
11 15
11 16
11 23
11 28
11 29
11 64
11 82
11 83
11 84
11 85
11 90
11 114
12 12
12 13
12 14
12 18
12 42
12 44
12 48
12 58
12 59
12 60
12 61
12 65
12 98
12 108
13 13
13 15
13 58
13 60
13 61
13 65
13 90
13 91
13 92
13 93
13 95
13 100
13 101
13 102
13 108
13 113
14 14
14 15
14 16
14 18
14 28
14 49
14 52
14 53
14 56
14 60
14 64
14 69
14 82
14 83
14 84
14 88
14 112
15 15
15 16
15 17
15 18
15 28
15 29
15 30
15 31
15 33
15 36
15 40
15 56
15 62
15 63
15 71
15 72
15 73
15 74
15 75
15 83
16 16
16 17
16 18
16 19
16 22
16 28
16 29
16 36
16 40
16 41
16 56
16 57
16 62
16 63
16 68
16 70
16 72
16 73
16 74
16 76
16 77
16 78
16 79
16 80
16 81
16 82
16 83
16 84
16 85
16 98
17 17
17 28
17 29
17 32
17 33
17 36
17 37
17 40
17 41
17 56
17 57
17 62
17 63
17 68
17 70
17 72
17 73
17 74
17 75
17 76
17 77
17 78
17 79
17 80
17 81
17 83
17 84
17 85
17 95
17 98
18 18
18 19
18 28
18 30
18 42
18 70
18 72
18 73
18 74
18 80
18 83
18 98
19 19
19 22
19 28
19 57
19 68
19 69
19 82
19 90
19 94
19 97
19 101
19 103
19 105
20 20
20 21
20 24
20 25
20 26
20 27
20 30
20 31
20 33
20 34
20 35
20 37
20 45
20 66
20 70
20 89
21 21
21 24
21 25
21 27
21 35
21 39
21 44
21 58
21 65
21 87
21 93
21 105
21 106
22 22
22 23
22 24
22 26
22 27
22 28
22 30
22 40
22 50
22 53
22 64
22 82
22 83
22 84
22 85
22 86
22 88
22 89
23 23
23 24
23 25
23 26
23 30
23 34
23 35
23 50
23 64
23 67
23 69
23 82
23 86
23 88
23 89
23 114
24 24
24 25
24 26
24 27
24 30
24 34
24 35
24 38
24 39
24 50
24 67
24 86
24 88
24 89
24 96
24 107
24 110
25 25
25 26
25 27
25 30
25 34
25 35
25 38
25 45
25 55
25 65
25 67
25 88
25 89
25 110
26 26
26 27
26 34
26 35
26 37
26 43
26 50
26 54
26 67
26 86
26 88
26 89
26 91
26 110
27 27
27 35
27 38
27 44
27 45
27 47
27 48
27 50
27 51
27 54
27 55
27 89
27 98
28 28
28 29
28 30
28 31
28 32
28 33
28 36
28 40
28 41
28 56
28 57
28 62
28 63
28 68
28 70
28 72
28 73
28 74
28 75
28 76
28 77
28 78
28 79
28 80
28 81
28 82
28 83
28 84
28 85
29 29
29 30
29 31
29 32
29 33
29 36
29 40
29 41
29 56
29 62
29 63
29 70
29 72
29 73
29 74
29 75
29 76
29 77
29 78
29 79
29 80
29 81
29 83
29 84
29 85
29 87
30 30
30 31
30 32
30 33
30 36
30 37
30 40
30 70
30 72
30 73
30 74
30 75
30 76
30 77
30 83
31 31
31 32
31 33
31 35
31 36
31 37
31 40
31 70
31 71
31 72
31 73
31 74
31 75
31 76
31 77
31 83
32 32
32 33
32 35
32 36
32 37
32 40
32 41
32 63
32 66
32 70
32 71
32 72
32 73
32 74
32 75
32 76
32 77
32 78
32 79
32 83
32 110
33 33
33 35
33 36
33 37
33 40
33 45
33 63
33 66
33 72
33 73
33 74
33 75
33 76
33 77
33 79
33 95
34 34
34 35
34 37
34 50
34 64
34 65
34 66
34 67
34 71
34 75
34 88
34 92
35 35
35 37
35 44
35 45
35 65
35 66
35 67
35 71
35 75
35 91
35 92
35 110
36 36
36 37
36 38
36 40
36 41
36 62
36 63
36 70
36 71
36 72
36 73
36 74
36 75
36 76
36 77
36 78
36 79
36 80
36 81
36 83
36 84
36 85
37 37
37 38
37 39
37 40
37 41
37 54
37 66
37 70
37 72
37 73
37 74
37 75
37 76
37 77
37 78
37 85
37 88
37 110
37 113
38 38
38 39
38 41
38 50
38 54
38 55
38 72
38 73
38 76
38 77
38 86
38 87
38 88
38 96
38 106
38 110
38 114
39 39
39 41
39 54
39 55
39 87
39 106
39 107
39 110
39 113
39 115
40 40
40 41
40 57
40 62
40 63
40 70
40 71
40 72
40 73
40 74
40 75
40 76
40 77
40 78
40 79
40 80
40 81
40 82
40 83
40 84
40 85
41 41
41 62
41 72
41 73
41 74
41 75
41 76
41 78
41 79
41 80
41 81
41 83
41 84
41 85
41 87
42 42
42 43
42 44
42 45
42 46
42 47
42 48
42 49
42 55
42 96
42 97
42 98
42 111
43 43
43 44
43 45
43 46
43 47
43 48
43 49
43 51
43 54
43 55
43 69
43 96
43 98
43 99
43 110
43 111
43 112
44 44
44 45
44 46
44 47
44 48
44 49
44 51
44 55
44 58
44 59
44 98
44 102
44 106
45 45
45 46
45 47
45 49
45 65
45 66
45 67
45 96
45 102
45 104
46 46
46 47
46 48
46 49
46 51
46 52
46 53
46 54
46 55
46 96
46 98
46 99
46 111
46 112
46 115
47 47
47 48
47 49
47 51
47 53
47 54
47 55
47 69
47 90
47 91
47 96
47 98
47 99
47 101
47 103
47 104
47 105
47 106
47 110
47 111
47 115
48 48
48 49
48 50
48 51
48 52
48 53
48 54
48 55
48 58
48 59
48 98
49 49
49 51
49 53
49 54
49 55
49 56
49 58
49 59
49 80
49 81
49 96
49 98
49 111
50 50
50 51
50 52
50 53
50 54
50 55
50 58
50 64
50 67
50 86
50 88
51 51
51 52
51 53
51 54
51 55
51 58
51 59
51 98
51 102
51 104
52 52
52 53
52 54
52 55
52 56
52 57
52 58
52 59
52 64
52 69
52 86
52 87
52 88
52 112
52 114
53 53
53 54
53 55
53 56
53 57
53 64
53 86
53 88
53 98
53 112
54 54
54 55
54 86
54 87
54 88
54 96
54 98
54 114
55 55
55 58
55 59
55 69
55 88
55 96
55 98
55 99
55 106
55 115
56 56
56 57
56 59
56 62
56 63
56 72
56 73
56 75
56 78
56 79
56 80
56 81
56 83
56 84
56 98
57 57
57 62
57 63
57 68
57 72
57 73
57 74
57 76
57 78
57 79
57 80
57 81
57 82
57 84
57 85
57 88
57 98
57 112
58 58
58 59
58 60
58 61
58 65
58 91
58 93
58 98
58 99
58 103
58 104
58 106
58 107
58 114
58 115
59 59
59 61
59 66
59 98
59 99
59 102
59 106
59 115
60 60
60 61
60 62
60 63
60 65
60 107
61 61
61 65
61 69
61 93
61 100
61 104
61 105
61 109
62 62
62 63
62 72
62 73
62 74
62 76
62 78
62 79
62 80
62 81
62 83
62 84
62 85
62 87
62 98
63 63
63 72
63 73
63 74
63 75
63 76
63 77
63 78
63 79
63 80
63 81
63 83
63 85
63 95
64 64
64 82
64 84
64 85
64 86
64 88
64 112
65 65
65 67
65 90
65 91
65 92
65 93
65 100
65 103
65 104
65 108
65 109
66 66
66 67
66 73
66 76
66 92
66 95
66 100
67 67
67 69
67 88
67 91
67 92
67 93
67 96
67 99
67 102
67 103
67 104
67 105
67 106
67 110
67 115
68 68
68 69
68 70
68 72
68 73
68 74
68 78
68 79
68 80
68 82
68 97
68 111
69 69
69 82
69 86
69 96
69 103
69 104
69 105
69 106
69 107
69 112
69 114
69 115
70 70
70 71
70 72
70 73
70 74
70 75
70 76
70 77
70 78
70 81
70 89
71 71
71 72
71 73
71 74
71 75
71 76
71 77
71 89
71 95
72 72
72 73
72 74
72 75
72 76
72 77
72 78
72 79
72 80
72 81
72 83
72 85
73 73
73 74
73 75
73 76
73 77
73 78
73 79
73 80
73 81
73 83
73 85
73 89
74 74
74 75
74 76
74 77
74 78
74 79
74 80
74 81
74 83
74 85
75 75
75 76
75 77
75 78
75 79
75 81
75 83
75 85
76 76
76 77
76 78
76 79
76 80
76 81
76 83
76 85
77 77
77 78
77 79
77 81
77 85
77 95
77 110
78 78
78 79
78 80
78 81
78 83
78 84
78 85
78 95
79 79
79 80
79 81
79 83
79 84
79 85
79 95
80 80
80 81
80 82
80 83
80 84
80 85
80 98
81 81
81 83
81 84
81 85
81 95
81 98
82 82
82 83
82 84
82 85
82 86
82 88
82 96
82 110
82 112
83 83
83 84
83 85
83 87
84 84
84 85
84 86
84 87
84 88
85 85
85 86
85 87
86 86
86 87
86 88
86 89
86 96
87 87
87 106
87 107
88 88
88 89
88 96
88 112
89 89
90 90
90 91
90 92
90 93
90 94
90 95
90 97
90 98
90 99
90 100
90 101
90 102
90 103
90 104
90 105
90 106
90 107
90 108
90 111
90 113
90 114
90 115
91 91
91 92
91 93
91 94
91 97
91 99
91 100
91 101
91 102
91 103
91 104
91 105
91 106
91 107
91 108
91 110
91 111
91 114
91 115
92 92
92 93
92 95
92 99
92 100
92 101
92 102
92 103
92 104
92 105
92 108
92 113
92 115
93 93
93 94
93 97
93 99
93 100
93 101
93 102
93 103
93 104
93 105
93 106
93 108
93 111
93 113
93 114
93 115
94 94
94 97
94 103
94 104
94 105
94 106
94 107
94 115
95 95
95 100
95 108
95 109
96 96
96 97
96 104
96 105
96 107
96 109
96 110
96 114
96 115
97 97
97 103
97 104
97 105
97 107
97 108
97 109
97 110
97 111
97 114
97 115
98 98
98 99
98 101
98 111
98 115
99 99
99 100
99 101
99 102
99 103
99 104
99 105
99 106
99 110
99 115
100 100
100 101
100 102
100 103
100 104
100 105
100 111
100 115
101 101
101 102
101 103
101 104
101 105
101 115
102 102
102 103
102 104
102 105
102 106
102 115
103 103
103 104
103 105
103 106
103 107
103 108
103 111
103 114
103 115
104 104
104 105
104 106
104 107
104 108
104 111
104 112
104 114
104 115
105 105
105 106
105 107
105 108
105 109
105 111
105 112
105 114
105 115
106 106
106 107
106 113
106 114
106 115
107 107
107 108
107 112
107 114
107 115
108 108
108 111
108 112
108 114
108 115
109 109
109 115
110 110
110 114
111 111
112 112
112 114
113 113
114 114
114 115
115 115
