0 0
0 1
0 10
0 16
0 18
0 28
0 30
0 32
0 33
0 56
0 57
0 68
0 76
0 79
0 80
0 81
0 82
0 94
0 99
1 1
1 19
1 32
1 33
1 56
1 57
1 63
1 68
1 81
1 99
1 107
2 2
2 3
2 4
2 6
2 7
2 8
2 13
2 22
2 23
2 61
2 65
2 67
2 92
3 3
3 4
3 6
3 7
3 8
3 9
3 11
3 13
3 15
3 21
3 22
3 23
3 31
3 61
3 64
3 65
3 70
3 71
3 85
3 92
4 4
4 5
4 8
4 9
4 24
4 26
4 70
4 71
4 75
4 92
5 5
5 8
5 9
5 24
5 25
5 26
5 27
5 50
5 52
5 70
5 71
5 75
5 92
5 100
6 6
6 7
6 10
6 11
6 12
6 13
6 14
6 15
6 22
6 23
6 31
6 61
6 64
6 65
6 70
6 92
7 7
7 9
7 11
7 13
7 15
7 22
7 23
7 60
7 61
7 64
7 65
7 67
7 92
8 8
8 9
8 21
8 24
8 26
8 27
8 70
8 71
8 75
8 92
9 9
9 13
9 24
9 25
9 61
9 65
9 92
10 10
10 11
10 12
10 13
10 14
10 16
10 17
10 20
10 22
10 26
10 27
10 28
10 29
10 30
10 31
10 56
10 70
10 71
10 72
10 73
10 74
10 75
10 78
10 82
10 84
11 11
11 12
11 13
11 14
11 15
11 17
11 20
11 28
11 29
11 30
11 31
11 64
11 71
11 72
11 73
11 74
11 75
11 82
11 83
11 87
12 12
12 13
12 14
12 15
12 16
12 17
12 20
12 22
12 23
12 26
12 27
12 28
12 29
12 30
12 31
12 56
12 70
12 71
12 72
12 73
12 74
12 82
13 13
13 14
13 15
13 61
13 65
13 92
14 14
14 15
14 16
14 20
14 21
14 22
14 26
14 27
14 28
14 29
14 30
14 31
14 38
14 56
14 64
14 70
14 71
14 72
14 73
14 74
14 75
14 82
14 83
14 106
15 15
15 20
15 26
15 27
15 31
15 64
15 82
15 83
16 16
16 17
16 20
16 28
16 29
16 30
16 32
16 33
16 36
16 40
16 46
16 52
16 53
16 56
16 70
16 71
16 72
16 73
16 74
16 75
16 76
16 78
16 79
16 80
16 81
16 82
16 84
16 112
17 17
17 28
17 29
17 30
17 31
17 32
17 33
17 36
17 40
17 41
17 46
17 52
17 56
17 62
17 63
17 71
17 72
17 73
17 74
17 75
17 77
17 78
17 79
17 80
17 81
18 18
18 19
18 30
18 31
18 56
18 68
18 82
18 83
18 87
18 94
18 95
18 99
18 106
18 109
18 110
19 19
19 57
19 67
19 68
19 69
19 90
19 91
19 94
19 98
19 99
19 101
19 103
19 109
19 111
20 20
20 21
20 25
20 26
20 27
20 28
20 29
20 30
20 31
20 38
20 40
20 41
20 56
20 70
20 71
20 72
20 73
20 74
20 75
20 82
20 83
20 106
21 21
21 25
21 26
21 27
21 28
21 29
21 30
21 31
21 32
21 33
21 36
21 37
21 39
21 40
21 41
21 62
21 70
21 71
21 72
21 73
21 74
21 75
21 76
21 82
21 83
21 87
22 22
22 23
22 50
22 52
22 64
22 65
22 70
22 71
22 92
23 23
23 25
23 27
23 50
23 65
23 85
23 92
23 93
24 24
24 25
24 41
24 54
24 75
24 88
24 89
25 25
25 26
25 27
25 30
25 31
25 38
25 71
25 87
26 26
26 27
26 30
26 38
26 70
26 71
26 82
26 87
26 106
27 27
27 30
27 38
27 70
27 71
27 87
27 106
27 112
28 28
28 29
28 30
28 31
28 32
28 33
28 36
28 37
28 40
28 41
28 56
28 62
28 70
28 71
28 72
28 73
28 74
28 75
28 76
28 77
28 78
28 79
28 80
28 81
28 82
28 83
28 113
29 29
29 30
29 31
29 32
29 33
29 36
29 37
29 40
29 41
29 56
29 62
29 63
29 70
29 71
29 72
29 73
29 74
29 75
29 76
29 77
29 78
29 79
29 80
29 81
29 82
29 83
29 84
30 30
30 31
30 32
30 33
30 39
30 41
30 56
30 62
30 70
30 71
30 72
30 73
30 74
30 75
30 76
30 77
30 78
30 79
30 80
30 81
30 82
30 83
30 87
31 31
31 32
31 33
31 39
31 62
31 64
31 71
31 72
31 73
31 74
31 75
31 76
31 77
31 79
31 81
31 82
31 83
31 87
32 32
32 33
32 36
32 37
32 40
32 41
32 54
32 56
32 57
32 62
32 63
32 72
32 73
32 74
32 75
32 76
32 77
32 78
32 79
32 80
32 81
32 86
32 95
32 97
32 113
32 114
33 33
33 36
33 37
33 40
33 41
33 54
33 56
33 57
33 60
33 62
33 63
33 72
33 73
33 74
33 75
33 76
33 77
33 78
33 79
33 80
33 81
33 82
33 83
33 86
33 95
33 97
33 108
33 114
34 34
34 35
34 37
34 58
34 60
34 61
34 64
34 65
34 67
34 76
34 77
34 84
34 88
34 95
34 97
34 110
35 35
35 45
35 58
35 59
35 61
35 65
35 66
35 67
35 69
35 90
35 91
35 110
36 36
36 37
36 38
36 39
36 40
36 41
36 54
36 55
36 56
36 62
36 63
36 72
36 73
36 74
36 75
36 76
36 77
36 78
36 79
36 80
36 81
36 82
36 83
36 84
36 94
36 95
36 96
36 97
36 99
36 104
36 105
36 108
36 109
36 113
36 114
37 37
37 38
37 39
37 40
37 41
37 54
37 55
37 73
37 74
37 75
37 76
37 77
37 79
37 82
37 83
37 84
37 85
37 87
37 94
37 95
37 96
37 97
37 99
37 104
37 105
37 109
37 110
37 113
37 114
38 38
38 39
38 40
38 41
38 68
38 87
38 94
38 95
38 96
38 97
38 105
38 113
39 39
39 40
39 41
39 54
39 55
39 77
39 82
39 87
39 94
39 95
39 96
39 97
39 107
39 109
39 110
40 40
40 41
40 55
40 56
40 62
40 71
40 72
40 73
40 74
40 75
40 80
40 81
40 82
40 83
40 94
40 95
40 96
40 97
40 99
40 104
40 106
40 107
40 112
40 113
40 114
41 41
41 54
41 55
41 71
41 72
41 73
41 74
41 75
41 76
41 77
41 78
41 79
41 81
41 82
41 83
41 96
41 97
41 114
42 42
42 43
42 44
42 45
42 46
42 47
42 48
42 49
42 50
42 51
42 53
42 55
42 59
42 96
42 98
42 101
42 102
42 110
42 111
42 112
42 113
43 43
43 44
43 45
43 46
43 47
43 48
43 49
43 50
43 51
43 53
43 55
43 59
43 96
43 98
43 110
43 111
43 112
43 113
44 44
44 45
44 46
44 47
44 48
44 49
44 50
44 51
44 53
44 55
44 59
44 86
44 96
44 98
44 110
44 111
44 112
45 45
45 46
45 47
45 48
45 49
45 50
45 51
45 53
45 55
45 58
45 59
45 66
45 67
45 96
45 98
45 110
45 112
46 46
46 47
46 48
46 49
46 50
46 51
46 52
46 53
46 55
46 72
46 73
46 74
46 75
46 78
46 96
46 98
46 111
46 112
46 113
47 47
47 48
47 49
47 51
47 53
47 55
47 59
47 69
47 90
47 91
47 96
47 98
47 110
47 111
47 112
47 113
48 48
48 49
48 50
48 51
48 52
48 53
48 55
48 58
48 59
48 86
48 100
48 111
48 112
49 49
49 50
49 51
49 53
49 55
49 59
49 86
49 96
49 98
49 110
49 111
49 112
50 50
50 51
50 52
50 53
50 58
50 59
50 65
50 93
50 100
50 112
51 51
51 52
51 53
51 58
51 59
51 100
51 101
52 52
52 53
52 70
52 71
52 72
52 73
52 74
52 75
52 100
52 112
53 53
53 72
53 74
53 101
53 111
53 112
53 113
54 54
54 55
54 77
54 81
54 86
54 87
54 88
54 89
54 94
54 95
54 96
54 97
54 98
54 99
54 102
54 104
54 105
54 107
54 109
54 111
54 113
54 114
54 115
55 55
55 86
55 94
55 95
55 96
55 97
55 98
55 99
55 104
55 105
55 109
55 110
55 111
55 112
55 113
55 114
55 115
56 56
56 57
56 68
56 70
56 71
56 72
56 73
56 74
56 75
56 76
56 77
56 78
56 79
56 80
56 81
56 82
56 84
56 94
56 99
56 113
57 57
57 68
57 80
57 81
57 94
57 97
57 99
57 107
57 111
57 115
58 58
58 59
58 60
58 61
58 65
58 66
58 67
58 69
58 88
58 91
58 115
59 59
59 61
59 66
59 67
59 69
59 90
59 91
59 93
59 98
59 100
59 101
59 102
59 103
59 110
60 60
60 61
60 63
60 64
60 81
60 88
61 61
61 63
61 64
61 65
61 66
61 67
61 92
62 62
62 63
62 72
62 73
62 74
62 76
62 77
62 78
62 79
62 80
62 81
63 63
63 72
63 78
63 79
63 80
63 81
63 83
63 114
64 64
64 65
64 84
64 85
65 65
65 85
65 92
65 100
66 66
66 67
66 68
66 69
66 103
66 104
66 115
67 67
67 69
67 90
67 91
67 92
67 93
67 98
67 103
67 104
67 110
68 68
68 69
68 91
68 94
68 99
68 103
68 106
69 69
69 90
69 91
69 93
69 94
69 98
69 101
69 102
69 103
69 104
69 110
69 111
69 115
70 70
70 71
70 72
70 73
70 74
70 75
70 76
70 77
70 106
70 112
71 71
71 72
71 73
71 74
71 75
71 76
71 77
71 78
71 82
72 72
72 73
72 74
72 75
72 76
72 77
72 78
72 79
72 80
72 81
72 82
72 112
73 73
73 74
73 75
73 76
73 77
73 78
73 79
73 80
73 81
73 82
73 83
74 74
74 75
74 76
74 77
74 78
74 79
74 80
74 82
74 112
75 75
75 76
75 77
75 78
75 79
75 80
75 81
75 112
76 76
76 77
76 78
76 79
76 80
76 81
76 82
76 83
76 84
76 94
76 95
76 97
76 99
77 77
77 78
77 79
77 80
77 81
77 84
77 85
77 94
77 95
77 97
77 99
77 109
77 114
78 78
78 79
78 80
78 81
78 95
78 99
78 108
78 109
78 113
79 79
79 80
79 81
79 84
79 95
79 108
79 109
79 114
80 80
80 81
80 84
80 108
80 113
81 81
81 83
81 84
81 94
81 95
81 97
81 99
81 108
81 109
81 114
82 82
82 83
82 84
82 87
82 94
82 96
82 97
82 106
83 83
83 84
83 87
83 94
83 97
83 114
84 84
84 85
84 86
84 88
84 95
84 97
84 99
84 109
84 113
84 114
85 85
85 87
85 89
86 86
86 87
86 88
86 99
86 107
86 111
86 114
87 87
87 89
87 106
87 107
88 88
88 89
88 91
88 97
88 102
88 104
88 115
89 89
89 97
89 100
89 102
89 104
89 105
89 107
89 114
89 115
90 90
90 91
90 92
90 93
90 98
90 99
90 100
90 101
90 102
90 103
90 111
90 115
91 91
91 92
91 93
91 98
91 99
91 100
91 101
91 102
91 103
91 104
91 105
91 110
91 111
91 115
92 92
92 93
92 100
93 93
93 98
93 99
93 100
93 101
93 102
93 103
93 105
93 106
93 111
93 112
93 115
94 94
94 95
94 96
94 97
94 98
94 99
94 103
94 104
94 105
94 106
94 107
94 108
94 109
94 110
94 113
94 114
94 115
95 95
95 96
95 97
95 98
95 99
95 104
95 105
95 108
95 109
95 110
95 111
95 113
95 114
95 115
96 96
96 97
96 98
96 99
96 103
96 104
96 105
96 109
96 110
96 111
96 112
96 113
96 114
97 97
97 98
97 99
97 103
97 104
97 105
97 107
97 109
97 110
97 113
97 114
97 115
98 98
98 99
98 101
98 102
98 103
98 104
98 105
98 108
98 109
98 110
98 111
98 112
98 113
98 115
99 99
99 101
99 102
99 103
99 104
99 105
99 107
99 108
99 109
99 110
99 111
99 112
99 113
99 114
99 115
100 100
100 101
100 102
100 103
100 111
100 112
101 101
101 102
101 103
101 104
101 105
101 106
101 107
101 111
101 112
101 113
101 115
102 102
102 103
102 104
102 105
102 106
102 107
102 111
102 112
102 113
102 114
102 115
103 103
103 104
103 105
103 106
103 107
103 110
103 111
103 112
103 113
103 115
104 104
104 105
104 107
104 110
104 111
104 113
104 114
104 115
105 105
105 107
105 108
105 109
105 110
105 111
105 113
105 114
105 115
106 106
106 107
106 112
107 107
107 115
108 108
108 109
108 111
108 113
108 114
108 115
109 109
109 110
109 111
109 113
109 114
110 110
110 111
111 111
111 112
111 113
111 114
111 115
112 112
112 113
113 113
113 114
113 115
114 114
114 115
115 115
