0 0
0 1
0 10
0 16
0 17
0 21
0 28
0 32
0 33
0 36
0 41
0 56
0 61
0 62
0 63
0 68
0 72
0 76
0 77
0 78
0 79
0 80
0 81
0 82
0 83
0 86
0 87
0 106
1 1
1 11
1 16
1 17
1 29
1 32
1 33
1 36
1 37
1 38
1 39
1 40
1 41
1 56
1 57
1 62
1 63
1 69
1 75
1 76
1 77
1 78
1 79
1 80
1 81
1 82
1 83
1 84
1 86
1 87
1 88
1 95
1 96
1 106
2 2
2 3
2 4
2 5
2 6
2 7
2 8
2 10
2 12
2 14
2 15
2 18
2 22
2 23
2 26
2 27
2 30
2 31
2 70
2 71
3 3
3 4
3 5
3 6
3 7
3 9
3 14
3 15
3 18
3 19
3 22
3 23
3 26
3 27
3 30
3 31
3 44
3 48
3 50
3 70
3 71
4 4
4 5
4 6
4 8
4 9
4 15
4 22
4 23
4 24
4 25
4 26
4 27
4 91
4 93
4 103
4 114
5 5
5 8
5 9
5 18
5 22
5 24
5 25
5 26
5 27
5 92
5 93
5 100
5 101
5 103
5 104
5 105
5 112
5 113
5 114
6 6
6 7
6 8
6 10
6 12
6 14
6 15
6 18
6 22
6 23
6 26
6 27
6 30
6 31
6 70
6 71
7 7
7 8
7 9
7 11
7 13
7 14
7 15
7 18
7 22
7 23
7 30
7 31
7 64
7 70
7 71
8 8
8 9
8 13
8 15
8 20
8 24
8 25
8 26
8 27
8 29
8 30
8 31
8 32
8 41
8 70
8 72
8 73
8 74
8 75
8 92
8 93
8 101
8 103
8 104
8 113
9 9
9 15
9 24
9 25
9 26
9 27
9 90
9 91
9 92
9 93
9 100
9 101
9 102
9 103
9 104
9 105
9 114
10 10
10 12
10 16
10 17
10 28
10 70
10 72
10 74
10 76
10 78
10 80
10 82
11 11
11 13
11 15
11 17
11 20
11 28
11 29
11 30
11 31
11 32
11 33
11 60
11 64
11 70
11 71
11 72
11 73
11 74
11 75
11 83
11 84
11 102
12 12
12 16
12 22
12 28
12 30
12 31
12 47
12 70
12 72
12 74
12 78
13 13
13 15
13 17
13 20
13 28
13 29
13 30
13 31
13 32
13 33
13 60
13 70
13 71
13 72
13 73
13 74
13 75
13 83
14 14
14 15
14 18
14 20
14 22
14 23
14 28
14 30
14 31
14 40
14 70
14 71
14 72
14 74
14 75
15 15
15 18
15 20
15 21
15 22
15 23
15 25
15 26
15 27
15 28
15 29
15 30
15 31
15 33
15 70
15 71
15 72
15 73
15 74
15 75
15 83
16 16
16 17
16 28
16 36
16 38
16 40
16 41
16 56
16 62
16 63
16 72
16 74
16 76
16 77
16 78
16 79
16 80
16 81
16 82
16 83
16 84
16 86
16 88
16 96
17 17
17 28
17 29
17 36
17 37
17 40
17 41
17 56
17 60
17 62
17 63
17 72
17 73
17 74
17 75
17 76
17 77
17 78
17 79
17 80
17 81
17 82
17 83
17 84
17 86
17 87
17 88
17 95
18 18
18 19
18 20
18 22
18 23
18 26
18 27
18 29
18 30
18 31
18 33
18 70
18 71
18 73
18 75
19 19
19 20
19 23
19 27
19 29
19 33
19 70
19 71
19 73
19 75
19 83
20 20
20 21
20 25
20 26
20 27
20 28
20 29
20 30
20 31
20 32
20 33
20 41
20 70
20 71
20 72
20 73
20 74
20 75
20 77
20 83
21 21
21 24
21 25
21 26
21 27
21 56
22 22
22 23
22 26
22 27
22 30
22 31
22 42
22 49
22 53
22 70
22 71
23 23
23 26
23 27
23 30
23 31
23 70
23 71
24 24
24 25
24 26
24 27
24 91
24 92
24 93
24 94
24 96
24 98
24 99
24 100
24 101
24 103
24 104
24 105
24 108
24 110
24 111
24 112
24 114
25 25
25 26
25 27
25 104
25 108
26 26
26 27
26 53
26 93
26 100
26 103
26 112
27 27
27 29
27 30
27 31
27 70
27 71
27 73
27 75
27 102
28 28
28 29
28 30
28 31
28 32
28 33
28 36
28 40
28 41
28 62
28 70
28 71
28 72
28 73
28 74
28 75
28 76
28 77
28 78
28 79
28 80
28 81
28 82
28 83
28 88
29 29
29 30
29 31
29 32
29 33
29 36
29 40
29 41
29 70
29 71
29 72
29 73
29 74
29 75
29 76
29 77
29 79
29 81
29 83
30 30
30 31
30 33
30 70
30 71
30 72
30 73
30 74
30 75
31 31
31 33
31 70
31 71
31 72
31 73
31 74
31 75
32 32
32 33
32 56
32 68
32 70
32 72
32 73
32 74
32 76
32 78
32 83
33 33
33 41
33 56
33 70
33 71
33 72
33 73
33 74
33 75
33 76
33 77
33 81
33 83
34 34
34 35
34 42
34 43
34 46
34 48
34 49
34 50
34 51
34 53
34 55
34 65
34 66
34 67
34 85
34 89
34 97
34 99
34 100
34 105
34 110
34 111
34 112
34 114
35 35
35 36
35 37
35 38
35 39
35 54
35 55
35 57
35 61
35 67
35 69
35 82
35 87
35 89
35 90
35 91
35 94
35 95
35 96
35 97
35 98
35 99
35 104
35 105
35 106
35 109
35 110
35 111
35 114
36 36
36 37
36 38
36 39
36 40
36 41
36 54
36 56
36 57
36 62
36 63
36 69
36 72
36 73
36 74
36 75
36 76
36 77
36 78
36 79
36 80
36 81
36 82
36 83
36 84
36 86
36 87
36 88
36 94
36 95
36 96
36 98
36 106
36 115
37 37
37 38
37 39
37 40
37 41
37 54
37 55
37 57
37 69
37 75
37 76
37 77
37 79
37 81
37 82
37 83
37 86
37 87
37 88
37 89
37 91
37 94
37 95
37 96
37 97
37 98
37 104
37 105
37 106
37 108
37 109
37 110
37 114
37 115
38 38
38 39
38 40
38 41
38 54
38 55
38 57
38 69
38 76
38 77
38 79
38 82
38 83
38 84
38 86
38 87
38 88
38 89
38 90
38 91
38 94
38 95
38 96
38 97
38 98
38 104
38 105
38 106
38 108
38 109
38 110
38 114
38 115
39 39
39 40
39 41
39 54
39 55
39 57
39 69
39 76
39 77
39 79
39 82
39 83
39 86
39 87
39 88
39 89
39 90
39 91
39 94
39 95
39 96
39 97
39 98
39 99
39 103
39 104
39 105
39 106
39 108
39 109
39 110
39 114
39 115
40 40
40 41
40 54
40 72
40 73
40 74
40 75
40 76
40 77
40 78
40 79
40 80
40 81
40 82
40 83
40 84
40 86
40 87
40 88
40 95
40 96
41 41
41 72
41 73
41 74
41 75
41 76
41 77
41 79
41 81
41 82
41 83
41 86
41 87
41 88
41 95
41 96
42 42
42 43
42 44
42 45
42 46
42 47
42 48
42 49
42 50
42 51
42 52
42 53
42 65
42 66
42 85
42 111
42 112
43 43
43 44
43 45
43 46
43 47
43 48
43 49
43 50
43 51
43 52
43 53
43 65
43 66
43 85
43 111
43 112
44 44
44 45
44 46
44 48
44 49
44 50
44 51
44 53
44 64
44 65
44 66
44 67
45 45
45 46
45 47
45 48
45 49
45 50
45 51
45 65
45 66
45 67
46 46
46 47
46 48
46 49
46 50
46 51
46 52
46 53
46 65
46 85
46 99
46 111
46 112
47 47
47 49
47 51
47 53
47 55
47 65
47 85
47 97
47 99
47 110
47 111
48 48
48 49
48 50
48 51
48 52
48 53
48 58
48 65
48 66
48 67
49 49
49 50
49 51
49 52
49 53
49 65
49 66
49 111
49 112
50 50
50 51
50 52
50 53
50 58
50 64
50 65
50 66
50 67
50 100
51 51
51 52
51 53
51 59
51 61
51 65
51 66
51 67
51 85
51 111
51 112
52 52
52 53
52 54
52 65
52 67
52 90
52 100
52 112
53 53
53 55
53 65
53 85
53 89
53 97
53 99
53 110
53 111
53 112
54 54
54 55
54 69
54 86
54 87
54 88
54 89
54 90
54 91
54 94
54 95
54 96
54 97
54 98
54 99
54 104
54 105
54 108
54 110
54 114
55 55
55 85
55 89
55 91
55 94
55 95
55 96
55 97
55 98
55 99
55 103
55 105
55 107
55 108
55 109
55 110
55 111
55 112
55 114
56 56
56 57
56 61
56 62
56 63
56 68
56 76
56 78
56 79
56 80
56 81
56 82
56 83
56 86
56 87
56 98
56 106
57 57
57 59
57 61
57 63
57 67
57 69
57 76
57 79
57 81
57 82
57 86
57 87
57 88
57 89
57 90
57 91
57 94
57 95
57 96
57 98
57 105
57 106
57 115
58 58
58 60
58 62
58 63
58 64
58 65
58 66
58 67
59 59
59 61
59 63
59 65
59 66
59 67
59 69
59 97
59 99
59 105
59 106
59 110
59 115
60 60
60 62
60 64
60 80
60 84
61 61
61 63
61 65
61 67
61 81
61 85
62 62
62 63
62 76
62 78
62 80
62 81
62 84
63 63
63 65
63 76
63 78
63 79
63 80
63 81
63 82
63 86
63 95
63 96
63 106
64 64
64 84
65 65
65 66
65 67
65 85
66 66
66 67
66 110
67 67
67 69
67 106
67 109
67 110
68 68
68 86
68 90
69 69
69 76
69 82
69 83
69 86
69 87
69 88
69 89
69 90
69 94
69 96
69 97
69 106
69 109
70 70
70 71
70 72
70 73
70 74
70 75
71 71
71 72
71 73
71 74
71 75
72 72
72 73
72 74
72 75
72 76
72 77
72 78
72 79
72 80
72 81
72 82
72 83
73 73
73 74
73 75
73 76
73 77
73 79
73 81
73 83
74 74
74 75
74 76
74 77
74 78
74 79
74 80
74 81
74 82
74 83
74 88
75 75
75 76
75 77
75 79
75 81
75 83
76 76
76 77
76 78
76 79
76 80
76 81
76 82
76 83
76 86
76 87
76 88
76 95
76 96
76 106
77 77
77 78
77 79
77 80
77 81
77 82
77 83
77 94
77 95
77 108
77 109
78 78
78 79
78 80
78 81
78 82
79 79
79 80
79 81
79 82
79 83
79 86
79 87
79 88
79 89
79 95
79 96
79 106
80 80
80 81
80 82
80 83
80 84
80 88
81 81
81 82
81 83
81 86
81 95
81 96
81 106
82 82
82 83
82 86
82 87
82 88
82 96
82 98
82 106
82 115
83 83
83 86
83 87
83 88
83 106
84 84
84 87
84 88
84 90
85 85
85 89
85 97
85 107
86 86
86 87
86 88
86 90
86 94
86 95
86 96
86 98
86 106
86 115
87 87
87 88
87 89
87 90
87 91
87 94
87 95
87 96
87 98
87 104
87 106
87 115
88 88
88 90
88 96
88 98
88 106
89 89
89 91
89 94
89 95
89 96
89 97
89 99
89 105
89 107
89 109
89 110
89 114
90 90
90 91
90 92
90 93
90 96
90 98
90 99
90 100
90 101
90 105
90 106
90 114
90 115
91 91
91 92
91 93
91 94
91 96
91 97
91 98
91 99
91 100
91 101
91 103
91 104
91 105
91 106
91 110
91 111
91 112
91 114
92 92
92 93
92 98
92 99
92 100
92 101
92 102
92 103
92 104
92 105
92 111
92 112
92 113
92 114
93 93
93 98
93 99
93 100
93 101
93 102
93 103
93 104
93 105
93 111
93 112
93 113
93 114
94 94
94 95
94 96
94 97
94 98
94 99
94 104
94 105
94 106
94 107
94 108
94 109
94 110
94 111
94 114
94 115
95 95
95 96
95 97
95 98
95 99
95 104
95 106
95 107
95 108
95 109
95 110
95 115
96 96
96 97
96 98
96 99
96 104
96 105
96 106
96 108
96 109
96 110
96 111
96 114
96 115
97 97
97 98
97 99
97 103
97 104
97 105
97 107
97 108
97 109
97 110
97 111
97 112
97 114
97 115
98 98
98 99
98 100
98 101
98 103
98 104
98 105
98 106
98 108
98 110
98 111
98 112
98 114
98 115
99 99
99 100
99 101
99 103
99 104
99 105
99 110
99 111
99 112
99 113
99 114
100 100
100 101
100 102
100 103
100 104
100 105
100 111
100 112
100 114
101 101
101 102
101 103
101 104
101 105
101 112
101 113
101 114
102 102
102 103
102 104
102 113
103 103
103 104
103 105
103 112
103 113
103 114
104 104
104 105
104 106
104 108
104 110
104 111
104 113
104 114
105 105
105 106
105 108
105 110
105 111
105 112
105 113
105 114
105 115
106 106
106 114
107 107
107 109
108 108
108 109
108 110
108 114
109 109
109 110
109 115
110 110
110 111
110 112
110 114
110 115
111 111
111 112
111 114
112 112
112 114
113 113
114 114
115 115
