0 0
0 2
0 6
0 10
0 18
0 22
0 32
0 53
0 56
0 57
0 58
0 60
0 63
0 101
1 1
1 7
1 10
1 11
1 17
1 19
1 28
1 33
1 39
1 41
1 49
1 57
1 59
1 61
1 63
1 79
1 80
1 83
1 95
1 109
2 2
2 3
2 6
2 10
2 18
2 22
2 23
2 26
2 56
2 58
2 60
2 88
3 3
3 5
3 6
3 7
3 8
3 18
3 22
3 23
3 26
3 27
3 42
3 46
3 50
3 52
3 53
3 54
3 55
3 58
3 60
3 64
3 82
3 86
3 88
3 89
3 92
3 93
3 101
3 102
3 112
4 4
4 5
4 8
4 9
4 12
4 15
4 18
4 20
4 21
4 24
4 26
4 27
4 41
4 54
4 71
4 75
4 84
4 86
4 91
4 94
4 99
4 100
4 102
4 105
4 114
4 115
5 5
5 8
5 9
5 14
5 15
5 18
5 20
5 21
5 23
5 24
5 25
5 26
5 27
5 29
5 50
5 52
5 54
5 71
5 75
5 84
5 86
5 88
5 91
5 92
5 100
5 102
5 112
6 6
6 10
6 12
6 22
6 23
6 26
6 56
6 58
6 60
6 64
6 86
6 88
6 89
7 7
7 39
7 57
7 61
7 65
7 82
7 104
8 8
8 9
8 14
8 15
8 18
8 20
8 21
8 26
8 27
8 29
8 38
8 42
8 43
8 46
8 50
8 52
8 54
8 64
8 71
8 73
8 75
8 84
8 91
8 92
8 100
8 102
8 112
9 9
9 15
9 20
9 21
9 24
9 25
9 26
9 27
9 29
9 41
9 70
9 71
9 75
9 84
9 110
9 115
10 10
10 11
10 12
10 13
10 16
10 22
10 28
10 30
10 31
10 60
10 62
10 63
10 64
10 80
11 11
11 12
11 13
11 15
11 16
11 17
11 22
11 28
11 29
11 30
11 31
11 62
11 63
11 71
12 12
12 13
12 16
12 22
12 29
12 30
12 31
12 41
12 62
12 71
12 73
12 75
12 80
12 99
12 109
12 115
13 13
13 15
13 16
13 21
13 22
13 28
13 29
13 30
13 31
13 62
13 70
13 71
13 73
13 75
13 80
14 14
14 15
14 23
14 25
14 37
14 46
14 51
14 52
14 53
14 54
14 65
14 66
14 82
14 84
14 88
14 91
14 92
14 100
15 15
15 18
15 20
15 21
15 24
15 26
15 27
15 29
15 30
15 38
15 41
15 43
15 46
15 50
15 52
15 54
15 70
15 71
15 73
15 75
15 84
15 91
15 100
15 112
16 16
16 17
16 19
16 21
16 28
16 29
16 30
16 31
16 33
16 41
16 56
16 62
16 63
16 70
16 71
16 72
16 73
16 74
16 75
16 76
16 77
16 78
16 80
16 81
16 97
16 99
16 108
17 17
17 19
17 28
17 33
17 39
17 62
17 63
17 72
17 74
17 76
17 78
17 79
17 80
17 81
17 82
17 83
18 18
18 19
18 20
18 53
18 56
18 58
18 71
18 75
18 88
18 91
18 92
18 98
18 100
18 102
18 105
18 112
18 113
18 114
19 19
19 28
19 33
19 57
19 59
19 62
19 69
19 70
19 72
19 75
19 77
19 80
19 81
19 83
19 97
19 98
19 99
19 110
20 20
20 21
20 24
20 26
20 27
20 29
20 36
20 41
20 70
20 71
20 73
20 75
20 85
20 100
20 105
20 115
21 21
21 24
21 26
21 27
21 29
21 30
21 41
21 54
21 70
21 71
21 73
21 75
21 84
21 85
21 86
21 87
21 97
21 99
21 109
21 115
22 22
22 23
22 30
22 31
22 32
22 53
22 56
22 58
22 64
22 88
22 89
22 90
23 23
23 26
23 27
23 34
23 46
23 51
23 53
23 58
23 64
23 65
23 66
23 88
23 89
23 90
23 92
23 93
24 24
24 25
24 26
24 27
24 43
24 70
24 73
24 75
24 84
24 85
24 91
24 109
24 114
25 25
25 34
25 35
25 65
25 67
25 82
25 84
25 85
26 26
26 27
26 46
26 54
26 58
26 70
26 88
26 97
26 101
26 107
27 27
27 38
27 42
27 46
27 52
27 54
27 55
27 58
27 87
27 88
27 89
27 92
27 96
27 100
27 101
27 102
27 106
27 112
28 28
28 29
28 30
28 31
28 33
28 34
28 35
28 37
28 41
28 62
28 63
28 70
28 72
28 73
28 74
28 76
28 77
28 78
28 79
28 80
28 81
28 83
28 95
28 97
28 109
29 29
29 30
29 37
29 41
29 43
29 70
29 71
29 72
29 73
29 74
29 75
29 77
29 80
29 81
29 85
30 30
30 31
30 41
30 44
30 62
30 63
30 70
30 71
30 72
30 73
30 75
30 77
30 80
31 31
31 33
31 35
31 44
31 45
31 57
31 62
31 67
31 69
31 70
31 71
31 72
31 73
31 74
31 76
31 77
31 78
31 80
31 109
32 32
32 33
32 53
32 56
32 57
32 60
32 63
32 100
32 106
32 111
32 113
33 33
33 34
33 35
33 44
33 45
33 61
33 63
33 65
33 67
33 72
33 74
33 76
33 77
33 78
33 80
33 81
33 83
34 34
34 35
34 44
34 45
34 65
34 66
34 67
34 72
34 76
34 78
34 79
34 83
34 84
35 35
35 44
35 45
35 59
35 65
35 66
35 67
35 69
35 70
35 72
35 76
35 77
35 78
35 95
35 97
35 108
35 109
35 110
36 36
36 38
36 40
36 42
36 43
36 46
36 50
36 54
36 55
36 82
36 84
36 85
36 87
36 92
36 93
36 94
36 96
36 100
36 106
36 111
36 112
36 113
36 114
37 37
37 38
37 39
37 40
37 41
37 43
37 51
37 73
37 74
37 77
37 81
37 83
37 95
37 100
37 109
38 38
38 39
38 40
38 41
38 42
38 46
38 52
38 54
38 55
38 84
38 87
38 89
38 90
38 92
38 94
38 95
38 96
38 98
38 105
38 109
38 111
38 112
38 113
38 114
38 115
39 39
39 40
39 41
39 55
39 57
39 72
39 74
39 78
39 79
39 81
39 82
39 83
39 87
39 94
39 95
39 97
39 98
39 99
39 108
39 109
39 110
39 115
40 40
40 46
40 54
40 55
40 74
40 78
40 81
40 82
40 83
40 85
40 87
40 92
40 93
40 94
40 96
40 98
40 102
40 104
40 114
40 115
41 41
41 57
41 72
41 73
41 75
41 80
41 87
41 94
41 95
41 97
41 99
41 108
41 109
41 115
42 42
42 43
42 44
42 46
42 47
42 48
42 49
42 50
42 51
42 52
42 53
42 54
42 55
42 64
42 84
42 85
42 92
42 93
42 96
42 100
42 106
42 107
42 112
42 113
42 114
43 43
43 44
43 45
43 46
43 48
43 49
43 50
43 51
43 53
43 73
43 77
43 84
43 85
43 91
43 100
43 106
43 114
44 44
44 45
44 48
44 49
44 50
44 51
44 66
44 67
44 69
44 76
44 78
45 45
45 48
45 49
45 65
45 66
45 67
45 69
45 78
45 110
46 46
46 47
46 50
46 51
46 52
46 53
46 54
46 55
46 66
46 85
46 88
46 89
46 91
46 92
46 93
46 96
46 100
46 106
46 107
46 112
46 113
47 47
47 55
47 59
47 67
47 68
47 69
47 89
47 90
47 94
47 96
47 98
47 103
47 104
47 105
47 106
47 107
47 110
47 111
47 113
48 48
48 49
48 50
48 51
48 52
48 53
48 58
48 59
48 60
48 61
48 64
48 66
48 67
48 69
48 98
49 49
49 51
49 53
49 59
49 66
49 106
50 50
50 51
50 52
50 53
50 54
50 55
50 60
50 64
50 84
50 85
50 92
50 93
50 96
50 98
50 100
50 102
50 106
50 107
50 112
50 113
50 114
51 51
51 52
51 53
51 85
51 91
51 93
51 100
51 101
51 106
51 107
51 113
52 52
52 53
52 54
52 55
52 60
52 64
52 84
52 88
52 89
52 92
52 93
52 94
52 96
52 98
52 100
52 102
52 107
52 112
52 113
52 114
53 53
53 54
53 55
53 58
53 60
53 63
53 64
53 88
53 89
53 91
53 92
53 93
53 96
53 100
53 103
53 106
53 107
53 111
53 112
53 113
54 54
54 55
54 58
54 68
54 84
54 86
54 87
54 88
54 89
54 91
54 92
54 93
54 94
54 96
54 98
54 100
54 102
54 104
54 105
54 107
54 112
54 114
54 115
55 55
55 86
55 87
55 88
55 89
55 92
55 93
55 94
55 95
55 96
55 97
55 98
55 99
55 101
55 103
55 104
55 105
55 106
55 107
55 108
55 111
55 112
55 113
55 114
56 56
56 57
56 58
56 60
56 62
56 63
56 73
57 57
57 63
57 76
57 81
57 115
58 58
58 59
58 60
58 64
58 66
58 88
58 89
58 101
58 104
58 112
59 59
59 61
59 62
59 66
59 67
59 69
59 83
59 90
59 97
59 109
60 60
60 61
60 62
60 63
60 64
60 88
60 89
60 92
60 100
60 112
61 61
61 62
61 63
61 65
61 67
61 98
62 62
62 63
62 70
62 71
62 72
62 80
62 81
63 63
63 64
63 81
63 111
63 113
64 64
64 88
64 89
64 92
64 93
64 102
64 104
64 107
64 112
64 113
65 65
65 66
65 67
65 82
65 84
65 88
66 66
66 67
66 68
66 69
66 82
66 88
66 93
67 67
67 69
67 91
67 98
67 110
68 68
68 69
68 79
68 87
68 88
68 89
68 92
68 94
68 96
68 98
68 102
68 103
68 104
68 105
68 110
68 112
69 69
69 70
69 97
69 98
69 110
70 70
70 71
70 72
70 73
70 74
70 75
70 76
70 77
70 78
70 80
70 81
70 97
70 99
71 71
71 73
71 75
71 77
71 80
71 86
71 87
71 99
72 72
72 73
72 74
72 76
72 77
72 78
72 79
72 80
72 81
72 83
72 95
72 97
72 108
72 109
73 73
73 74
73 75
73 76
73 77
73 80
73 81
73 85
73 95
73 99
74 74
74 75
74 76
74 77
74 78
74 79
74 80
74 81
74 83
74 85
74 95
74 97
74 108
75 75
75 77
75 80
75 81
75 85
75 99
75 114
75 115
76 76
76 77
76 78
76 79
76 80
76 81
76 85
76 95
76 97
76 108
77 77
77 78
77 79
77 80
77 81
77 85
78 78
78 79
78 80
78 81
78 82
78 83
78 95
78 97
78 99
78 102
78 108
78 109
78 110
79 79
79 81
79 94
79 108
80 80
80 81
80 97
81 81
81 95
81 97
81 99
81 108
81 109
82 82
82 83
82 87
82 88
82 92
82 98
82 102
82 104
83 83
83 87
83 95
83 97
83 108
84 84
84 85
84 91
84 114
85 85
85 86
85 93
85 103
85 107
85 113
85 114
86 86
86 87
86 88
86 89
86 94
86 95
86 97
86 99
86 102
86 103
86 104
86 105
86 107
86 108
86 111
86 114
86 115
87 87
87 94
87 95
87 96
87 97
87 98
87 99
87 102
87 104
87 108
87 109
87 114
87 115
88 88
88 89
88 92
88 93
88 94
88 96
88 102
88 104
88 112
89 89
89 90
89 92
89 93
89 94
89 96
89 102
89 103
89 104
89 105
89 107
89 108
89 111
89 112
89 113
90 90
90 101
90 103
90 104
90 105
90 111
91 91
91 92
91 93
91 98
91 99
91 100
91 102
91 103
91 104
91 105
91 106
91 110
91 112
91 114
92 92
92 93
92 94
92 96
92 98
92 100
92 102
92 104
92 105
92 106
92 111
92 112
92 113
92 114
93 93
93 94
93 96
93 100
93 101
93 102
93 103
93 104
93 105
93 106
93 107
93 111
93 112
93 113
93 114
94 94
94 95
94 96
94 97
94 98
94 99
94 102
94 104
94 105
94 108
94 109
94 111
94 112
94 113
94 114
94 115
95 95
95 97
95 99
95 108
95 109
95 115
96 96
96 98
96 100
96 102
96 104
96 105
96 106
96 111
96 112
96 113
97 97
97 99
97 108
97 109
97 115
98 98
98 99
98 102
98 104
98 108
98 110
98 112
98 114
98 115
99 99
99 102
99 103
99 104
99 105
99 108
99 109
99 110
99 114
99 115
100 100
100 102
100 106
100 112
100 113
100 114
101 101
101 103
101 105
101 106
101 107
101 111
101 113
102 102
102 103
102 104
102 105
102 110
102 112
102 114
102 115
103 103
103 104
103 105
103 107
103 111
103 113
103 114
104 104
104 105
104 108
104 110
104 114
104 115
105 105
105 107
105 110
105 111
105 113
105 114
105 115
106 106
106 107
106 113
106 114
107 107
107 111
107 112
107 113
107 114
108 108
108 109
108 115
109 109
109 110
109 115
110 110
110 115
111 111
111 112
111 113
111 114
112 112
112 113
112 114
113 113
113 114
114 114
114 115
115 115
