0 0
0 1
0 2
0 6
0 10
0 14
0 18
0 19
0 28
0 36
0 56
0 57
0 58
0 60
0 81
0 108
1 1
1 3
1 18
1 19
1 21
1 22
1 52
1 53
1 56
1 57
1 58
1 59
1 61
1 63
1 68
1 69
1 88
1 89
1 92
1 95
1 97
1 108
1 109
1 113
1 114
1 115
2 2
2 6
2 7
2 10
2 12
2 18
2 22
2 23
2 24
2 32
2 48
2 50
2 60
2 64
2 67
2 70
2 91
2 92
2 93
2 100
2 101
2 102
2 103
2 104
2 105
2 106
2 107
2 109
3 3
3 5
3 7
3 9
3 15
3 23
3 24
3 25
3 31
3 59
3 61
3 64
3 65
3 67
3 87
3 88
3 89
3 92
3 114
4 4
4 8
4 15
4 24
4 26
4 58
4 60
4 66
4 67
4 70
4 82
4 83
4 92
4 93
4 102
5 5
5 9
5 15
5 21
5 22
5 23
5 24
5 25
5 26
5 27
5 35
5 50
5 51
5 65
5 67
5 70
5 84
5 86
5 87
5 88
5 89
5 97
5 110
5 114
5 115
6 6
6 7
6 10
6 11
6 12
6 18
6 22
6 23
6 24
6 30
6 31
6 32
6 48
6 60
6 64
6 93
6 100
6 101
6 104
6 106
6 107
7 7
7 11
7 13
7 15
7 24
7 45
7 59
7 64
7 65
7 67
7 92
7 100
8 8
8 13
8 14
8 17
8 28
8 29
8 36
8 40
8 52
8 61
8 71
9 9
9 11
9 13
9 15
9 21
9 24
9 25
9 27
9 33
9 35
9 41
9 45
9 50
9 51
9 64
9 65
9 84
9 88
9 89
10 10
10 12
10 14
10 22
10 28
10 32
10 48
10 50
10 60
10 62
10 78
10 86
10 93
10 96
10 101
10 103
10 104
10 105
10 106
10 107
11 11
11 12
11 13
11 21
11 32
11 33
11 35
11 50
11 51
11 64
11 65
11 86
11 88
11 89
12 12
12 13
12 28
12 30
12 32
12 34
12 39
12 48
12 60
12 62
12 64
12 70
12 73
12 75
12 77
12 78
12 93
12 96
12 101
12 102
12 103
12 104
12 105
12 106
12 107
13 13
13 15
13 17
13 29
13 31
13 33
13 45
13 51
13 64
13 65
13 71
13 72
13 74
13 75
14 14
14 16
14 17
14 19
14 20
14 28
14 29
14 36
14 38
14 40
14 42
14 46
14 52
14 54
14 72
14 73
14 81
14 82
14 86
14 98
14 99
15 15
15 24
15 25
15 26
15 27
15 33
15 35
15 41
15 43
15 51
15 64
15 65
15 70
15 83
15 85
15 89
15 115
16 16
16 17
16 20
16 28
16 29
16 36
16 37
16 39
16 40
16 41
16 42
16 44
16 46
16 47
16 55
16 56
16 57
16 62
16 63
16 71
16 72
16 73
16 74
16 75
16 76
16 77
16 78
16 79
16 80
16 81
16 98
16 99
16 111
17 17
17 20
17 28
17 29
17 36
17 37
17 40
17 42
17 44
17 46
17 47
17 49
17 56
17 57
17 58
17 61
17 62
17 63
17 71
17 72
17 73
17 74
17 75
17 76
17 78
17 79
17 80
17 81
17 83
17 98
17 99
17 111
18 18
18 19
18 23
18 30
18 57
18 58
18 60
18 68
18 69
18 92
18 93
18 95
18 108
18 109
18 113
18 114
19 19
19 52
19 53
19 56
19 57
19 59
19 67
19 68
19 69
19 81
19 82
19 90
19 91
19 92
19 94
19 95
19 103
19 108
19 109
19 112
19 114
20 20
20 28
20 29
20 36
20 37
20 38
20 39
20 40
20 41
20 42
20 44
20 46
20 47
20 54
20 55
20 63
20 71
20 72
20 73
20 74
20 75
20 76
20 77
20 79
20 80
20 81
20 83
20 94
20 98
21 21
21 22
21 24
21 26
21 27
21 32
21 33
21 35
21 50
21 51
21 84
21 85
21 86
21 88
21 89
21 96
21 97
21 109
21 113
21 114
21 115
22 22
22 23
22 24
22 25
22 26
22 27
22 32
22 35
22 50
22 67
22 68
22 86
22 88
22 89
22 97
22 103
22 105
22 106
22 107
22 109
22 110
22 115
23 23
23 24
23 25
23 27
23 30
23 31
23 50
23 64
23 67
23 69
23 82
23 86
23 87
23 88
23 89
23 92
23 97
23 105
23 106
23 107
23 114
24 24
24 25
24 26
24 27
24 35
24 50
24 51
24 64
24 65
24 67
24 70
24 92
24 93
24 100
24 103
24 104
24 109
25 25
25 26
25 27
25 30
25 31
25 50
25 67
25 83
25 84
25 87
25 89
25 110
26 26
26 27
26 39
26 41
26 53
26 82
26 86
26 94
26 96
26 97
26 103
26 104
26 105
26 110
26 115
27 27
27 41
27 50
27 82
27 84
27 86
27 87
27 88
27 89
27 97
27 105
27 110
27 115
28 28
28 29
28 36
28 37
28 40
28 41
28 42
28 44
28 46
28 47
28 55
28 56
28 58
28 60
28 62
28 63
28 71
28 72
28 73
28 74
28 75
28 76
28 78
28 79
28 80
28 81
28 96
28 98
28 99
28 111
29 29
29 36
29 37
29 40
29 42
29 43
29 44
29 46
29 47
29 55
29 58
29 60
29 62
29 63
29 71
29 72
29 73
29 74
29 75
29 76
29 77
29 78
29 79
29 80
29 81
29 83
29 98
29 99
29 111
30 30
30 31
30 32
30 64
30 71
30 75
30 77
30 107
31 31
31 64
31 65
31 71
31 75
31 76
31 77
31 82
31 83
31 87
32 32
32 33
32 40
32 50
32 78
32 79
32 86
32 88
32 96
32 104
32 109
33 33
33 34
33 35
33 36
33 41
33 64
33 65
33 71
33 72
33 74
33 75
33 76
33 77
33 80
33 83
33 84
33 85
34 34
34 42
34 43
34 72
34 73
34 75
34 77
34 78
34 80
35 35
35 45
35 50
35 51
35 64
35 65
35 86
35 88
35 89
35 110
36 36
36 37
36 38
36 40
36 41
36 47
36 55
36 56
36 60
36 62
36 63
36 71
36 72
36 73
36 74
36 75
36 76
36 78
36 79
36 80
36 81
36 83
36 99
37 37
37 38
37 39
37 40
37 41
37 44
37 46
37 54
37 55
37 56
37 62
37 63
37 71
37 72
37 73
37 74
37 75
37 76
37 77
37 78
37 79
37 80
37 81
37 83
37 98
37 99
38 38
38 39
38 40
38 54
38 55
38 71
38 73
38 78
38 79
38 86
38 94
38 96
38 98
38 104
38 105
38 106
38 107
39 39
39 40
39 41
39 44
39 47
39 49
39 54
39 55
39 62
39 72
39 78
39 79
39 87
39 94
39 96
39 98
39 103
39 104
39 105
39 111
40 40
40 44
40 54
40 55
40 56
40 57
40 58
40 71
40 72
40 73
40 74
40 75
40 78
40 79
40 80
40 81
40 94
40 96
40 98
40 99
41 41
41 42
41 43
41 44
41 46
41 47
41 55
41 63
41 71
41 72
41 74
41 75
41 76
41 77
41 78
41 79
41 80
41 81
41 83
41 98
41 99
42 42
42 43
42 44
42 46
42 47
42 49
42 53
42 55
42 62
42 71
42 72
42 73
42 74
42 75
42 76
42 80
42 81
42 83
42 96
42 98
42 99
42 111
43 43
43 44
43 45
43 46
43 47
43 49
43 55
43 71
43 72
43 75
43 80
43 83
43 84
43 85
43 98
43 99
43 111
44 44
44 45
44 46
44 47
44 48
44 49
44 52
44 53
44 55
44 62
44 66
44 72
44 73
44 74
44 80
44 81
44 90
44 96
44 98
44 99
44 102
44 111
45 45
45 48
45 49
45 51
45 65
45 67
45 100
46 46
46 47
46 49
46 53
46 55
46 70
46 71
46 72
46 73
46 74
46 75
46 76
46 77
46 80
46 81
46 82
46 83
46 98
46 99
46 111
47 47
47 49
47 53
47 55
47 71
47 72
47 73
47 74
47 75
47 80
47 81
47 83
47 96
47 98
47 99
47 111
48 48
48 49
48 52
48 58
48 60
48 66
48 90
48 91
48 96
48 98
48 99
48 100
48 102
48 103
48 104
48 106
48 109
48 110
48 111
49 49
49 52
49 53
49 58
49 59
49 66
49 90
49 91
49 98
49 99
49 111
49 112
50 50
50 51
50 64
50 67
50 84
50 86
50 88
50 89
50 97
50 107
50 109
50 110
51 51
51 65
51 67
51 88
51 89
51 109
52 52
52 53
52 57
52 58
52 59
52 61
52 66
52 68
52 69
52 90
52 91
52 110
52 112
52 114
53 53
53 54
53 57
53 59
53 61
53 63
53 68
53 69
53 87
53 90
53 91
53 97
53 98
53 110
53 111
53 112
54 54
54 55
54 77
54 82
54 86
54 87
54 94
54 96
54 98
54 105
54 106
54 107
55 55
55 62
55 71
55 72
55 73
55 74
55 75
55 77
55 78
55 79
55 80
55 81
55 94
55 96
55 98
55 99
55 105
55 109
55 111
56 56
56 57
56 61
56 63
56 66
56 68
56 69
56 74
56 79
56 80
56 81
56 97
56 112
56 114
57 57
57 58
57 59
57 61
57 63
57 66
57 68
57 69
57 79
57 81
57 94
57 95
57 97
57 108
57 112
57 114
57 115
58 58
58 59
58 60
58 61
58 63
58 66
58 90
58 95
58 108
59 59
59 61
59 66
59 67
59 68
59 69
59 90
59 92
59 108
60 60
60 62
60 63
60 73
60 79
60 101
60 106
61 61
61 63
61 65
61 83
61 87
61 89
61 114
61 115
62 62
62 63
62 71
62 72
62 73
62 75
62 77
62 78
62 79
62 80
62 81
62 98
62 99
62 101
63 63
63 71
63 72
63 73
63 74
63 75
63 76
63 77
63 79
63 80
63 81
63 83
63 99
64 64
64 65
64 71
64 85
64 86
64 88
64 89
65 65
65 88
65 89
66 66
66 67
66 68
66 69
66 90
66 102
67 67
67 68
67 69
67 89
67 90
67 92
67 97
67 100
67 103
67 114
67 115
68 68
68 69
68 90
68 94
68 97
68 108
68 109
68 112
68 114
68 115
69 69
69 90
69 91
69 92
69 95
69 103
69 104
69 108
69 109
69 110
69 112
69 114
70 70
70 77
70 82
70 92
70 93
70 100
70 101
70 102
70 103
70 105
71 71
71 72
71 73
71 74
71 75
71 76
71 77
71 79
71 80
71 81
71 83
71 85
72 72
72 73
72 74
72 75
72 76
72 77
72 78
72 79
72 80
72 81
72 83
72 98
72 99
73 73
73 74
73 75
73 76
73 77
73 78
73 79
73 80
73 81
73 98
73 99
74 74
74 75
74 76
74 77
74 78
74 79
74 80
74 81
74 83
74 98
74 99
75 75
75 76
75 77
75 78
75 79
75 80
75 81
75 83
76 76
76 77
76 79
76 80
76 81
76 83
76 97
77 77
77 78
77 79
77 80
77 81
77 82
77 83
77 105
77 106
78 78
78 79
78 80
78 81
78 94
78 96
78 98
78 99
79 79
79 80
79 81
79 94
79 96
79 98
79 99
80 80
80 81
80 83
80 84
80 98
80 99
80 111
81 81
81 94
81 98
81 99
81 111
82 82
82 83
82 86
82 87
82 102
82 105
82 107
82 114
82 115
83 83
83 85
83 87
84 84
84 85
84 86
84 87
84 88
84 89
84 115
85 85
85 88
85 89
85 114
86 86
86 87
86 88
86 89
86 96
86 97
86 106
86 107
86 114
86 115
87 87
87 89
87 105
87 107
88 88
88 89
88 97
88 114
88 115
89 89
89 97
89 114
89 115
90 90
90 91
90 92
90 95
90 98
90 100
90 103
90 104
90 108
90 109
90 110
90 111
90 112
91 91
91 92
91 93
91 94
91 99
91 100
91 101
91 102
91 103
91 104
91 109
91 110
91 112
92 92
92 93
92 95
92 100
92 101
92 103
92 109
92 112
92 114
93 93
93 100
93 101
93 102
93 103
93 104
93 105
93 106
93 109
94 94
94 96
94 97
94 103
94 104
94 105
94 106
94 109
95 95
95 108
95 109
95 112
96 96
96 98
96 99
96 104
96 105
96 106
96 109
96 110
96 111
97 97
97 102
97 105
97 110
97 113
97 114
97 115
98 98
98 99
98 111
99 99
99 111
99 112
100 100
100 101
100 102
100 103
100 104
100 105
100 106
100 107
101 101
101 102
101 103
101 104
101 106
102 102
102 103
102 104
102 105
102 106
102 107
103 103
103 104
103 105
103 107
103 109
103 110
103 112
104 104
104 105
104 106
104 107
104 109
104 110
105 105
105 106
105 107
106 106
106 107
107 107
108 108
108 109
108 115
109 109
109 110
109 112
109 113
110 110
110 111
110 112
111 111
111 112
112 112
112 113
112 114
113 113
113 114
113 115
114 114
114 115
115 115
