0 0
0 1
0 2
0 3
0 6
0 10
0 16
0 18
0 32
0 33
0 56
0 57
0 58
0 60
0 62
0 63
0 95
0 97
0 99
0 111
0 113
1 1
1 2
1 3
1 16
1 18
1 19
1 32
1 33
1 44
1 55
1 56
1 57
1 62
1 63
1 68
1 69
1 97
1 98
1 101
1 104
1 111
1 113
2 2
2 3
2 6
2 7
2 12
2 18
2 22
2 23
2 26
2 27
2 32
2 33
2 42
2 43
2 44
2 45
2 47
2 48
2 49
2 50
2 51
2 55
2 60
2 64
2 65
2 66
2 67
2 87
2 90
2 91
2 92
2 93
2 98
2 99
2 101
2 112
2 113
3 3
3 6
3 7
3 18
3 21
3 22
3 23
3 26
3 33
3 42
3 50
3 86
3 87
3 90
3 92
4 4
4 5
4 8
4 9
4 14
4 15
4 17
4 24
4 29
4 36
4 38
4 40
4 41
4 46
4 53
4 54
4 73
4 75
4 79
4 82
4 88
5 5
5 8
5 9
5 11
5 13
5 14
5 15
5 17
5 20
5 24
5 25
5 26
5 29
5 36
5 37
5 38
5 40
5 41
5 46
5 52
5 54
5 72
5 73
5 74
5 75
5 76
5 79
5 84
5 85
5 88
5 96
6 6
6 7
6 12
6 18
6 22
6 23
6 30
6 31
6 33
6 42
6 43
6 44
6 45
6 49
6 50
6 55
6 64
6 86
6 87
6 92
6 93
6 99
7 7
7 12
7 22
7 23
7 31
7 32
7 33
7 42
7 43
7 44
7 45
7 48
7 49
7 50
7 51
7 55
7 64
7 65
7 92
8 8
8 9
8 11
8 13
8 14
8 15
8 17
8 20
8 24
8 25
8 28
8 29
8 36
8 37
8 38
8 40
8 41
8 52
8 53
8 54
8 70
8 72
8 73
8 74
8 75
8 76
8 77
8 79
8 82
8 83
8 84
8 85
8 88
8 109
9 9
9 11
9 13
9 14
9 15
9 17
9 20
9 24
9 25
9 28
9 29
9 36
9 37
9 38
9 40
9 41
9 52
9 54
9 71
9 72
9 73
9 74
9 75
9 76
9 77
9 78
9 79
9 81
9 83
9 84
9 85
9 88
9 96
10 10
10 11
10 12
10 16
10 28
10 50
10 63
10 80
10 95
10 103
11 11
11 12
11 13
11 14
11 15
11 17
11 25
11 28
11 29
11 30
11 31
11 36
11 52
11 71
11 72
11 73
11 74
11 75
11 76
11 79
11 84
11 85
12 12
12 44
12 48
12 50
12 55
12 60
13 13
13 14
13 15
13 17
13 25
13 28
13 29
13 30
13 31
13 36
13 37
13 40
13 41
13 52
13 54
13 71
13 72
13 73
13 74
13 75
13 76
13 77
13 79
13 81
14 14
14 15
14 17
14 20
14 24
14 25
14 28
14 29
14 36
14 37
14 38
14 40
14 41
14 53
14 54
14 70
14 72
14 73
14 74
14 75
14 76
14 77
14 79
14 81
14 82
14 83
14 84
14 85
14 88
14 109
15 15
15 17
15 20
15 25
15 28
15 29
15 36
15 37
15 38
15 39
15 40
15 41
15 54
15 70
15 71
15 72
15 73
15 74
15 75
15 76
15 77
15 78
15 79
15 81
15 83
15 84
15 85
15 88
15 109
16 16
16 56
16 57
16 62
16 63
16 70
16 78
16 80
16 81
16 115
17 17
17 20
17 24
17 25
17 28
17 29
17 30
17 36
17 37
17 38
17 40
17 41
17 54
17 70
17 71
17 72
17 73
17 74
17 75
17 76
17 77
17 78
17 79
17 80
17 81
17 84
17 85
18 18
18 19
18 32
18 33
18 56
18 57
18 60
18 62
18 66
18 68
18 69
18 90
18 93
18 101
18 113
19 19
19 32
19 33
19 56
19 57
19 59
19 66
19 67
19 68
19 69
19 90
19 91
19 97
19 98
19 104
19 106
20 20
20 21
20 24
20 25
20 26
20 29
20 36
20 37
20 38
20 39
20 40
20 41
20 54
20 70
20 71
20 72
20 73
20 74
20 75
20 76
20 77
20 78
20 79
20 81
20 83
20 84
20 88
20 89
20 105
20 109
21 21
21 22
21 24
21 25
21 26
21 27
21 30
21 31
21 39
21 41
21 86
21 87
22 22
22 23
22 26
22 27
22 30
22 31
22 33
22 34
22 35
22 42
22 43
22 44
22 45
22 46
22 47
22 49
22 50
22 51
22 53
22 55
22 64
22 86
22 87
22 92
22 93
22 99
22 110
22 112
23 23
23 24
23 26
23 30
23 31
23 34
23 42
23 43
23 45
23 46
23 47
23 50
23 51
23 53
23 64
23 87
23 92
23 93
24 24
24 25
24 26
24 29
24 30
24 31
24 36
24 46
24 52
24 53
24 54
24 64
24 73
24 74
24 75
24 76
24 79
24 82
24 84
24 87
25 25
25 29
25 30
25 31
25 36
25 37
25 38
25 40
25 41
25 46
25 52
25 54
25 71
25 72
25 73
25 74
25 75
25 76
25 77
25 78
25 79
25 82
25 84
25 85
25 88
25 96
26 26
26 27
26 30
26 41
26 64
26 82
26 86
26 87
26 88
27 27
27 30
27 34
27 35
27 42
27 47
27 51
27 65
27 66
27 67
27 82
27 87
27 98
27 110
27 112
28 28
28 29
28 30
28 36
28 40
28 70
28 71
28 72
28 73
28 74
28 75
28 76
28 77
28 78
28 79
28 80
28 81
28 84
28 85
29 29
29 36
29 37
29 38
29 39
29 40
29 41
29 54
29 70
29 71
29 72
29 73
29 74
29 75
29 76
29 77
29 78
29 79
29 80
29 81
29 83
29 84
29 85
29 88
29 109
30 30
30 31
30 46
30 71
30 72
30 74
30 76
30 87
31 31
31 33
31 34
31 35
31 42
31 43
31 45
31 46
31 51
31 64
31 71
32 32
32 33
32 44
32 56
32 57
32 58
32 59
32 60
32 61
32 62
32 63
32 66
32 97
32 101
32 110
32 111
32 113
33 33
33 34
33 35
33 42
33 44
33 45
33 49
33 50
33 55
33 56
33 57
33 58
33 59
33 60
33 61
33 62
33 63
33 65
33 66
33 67
33 97
33 101
33 102
33 104
33 110
33 111
34 34
34 35
34 42
34 43
34 44
34 45
34 46
34 47
34 49
34 51
34 64
34 66
34 67
34 94
34 96
34 110
35 35
35 42
35 43
35 44
35 45
35 47
35 49
35 51
35 64
35 65
35 66
35 67
35 110
36 36
36 37
36 38
36 40
36 41
36 54
36 70
36 71
36 72
36 73
36 74
36 75
36 76
36 77
36 78
36 79
36 80
36 81
36 82
36 83
36 84
36 85
36 88
36 109
37 37
37 38
37 39
37 40
37 41
37 54
37 70
37 71
37 72
37 73
37 74
37 75
37 76
37 77
37 78
37 79
37 81
37 83
37 84
37 88
37 89
37 109
38 38
38 39
38 40
38 41
38 54
38 70
38 72
38 73
38 74
38 75
38 76
38 77
38 78
38 79
38 81
38 83
38 84
38 85
38 88
38 105
39 39
39 40
39 41
39 54
39 56
39 57
39 58
39 73
39 83
39 88
39 89
39 105
39 109
40 40
40 41
40 54
40 70
40 71
40 72
40 73
40 74
40 75
40 76
40 77
40 78
40 79
40 81
40 82
40 83
40 84
40 85
40 88
40 109
41 41
41 54
41 70
41 71
41 72
41 73
41 74
41 75
41 76
41 77
41 79
41 81
41 83
41 84
41 85
41 88
41 89
41 105
42 42
42 43
42 44
42 45
42 46
42 47
42 48
42 49
42 50
42 51
42 53
42 55
42 67
42 90
42 92
42 93
42 97
42 98
42 99
42 110
42 111
43 43
43 44
43 45
43 46
43 47
43 48
43 49
43 50
43 51
43 53
43 55
43 64
43 66
43 67
43 96
43 99
43 110
44 44
44 45
44 46
44 47
44 48
44 49
44 50
44 51
44 55
44 59
44 66
44 67
44 90
44 96
44 97
44 98
44 99
44 110
44 112
45 45
45 46
45 47
45 48
45 49
45 50
45 51
45 55
45 65
45 66
45 67
45 97
45 98
45 99
45 110
45 112
46 46
46 47
46 49
46 50
46 51
46 52
46 53
46 55
46 96
46 110
47 47
47 48
47 49
47 50
47 51
47 53
47 55
47 66
47 67
47 69
47 90
47 91
47 96
47 97
47 98
47 99
47 110
48 48
48 49
48 50
48 51
48 55
48 58
48 59
48 60
48 61
48 65
48 66
48 67
48 90
48 91
48 96
48 98
48 99
48 108
48 112
49 49
49 50
49 51
49 52
49 53
49 55
49 59
49 65
49 66
49 67
49 69
49 90
49 91
49 96
49 97
49 98
49 99
49 110
49 112
50 50
50 51
50 52
50 55
50 64
50 65
50 92
50 93
50 98
50 99
50 101
50 110
51 51
51 52
51 55
51 59
51 65
51 66
51 67
51 90
51 96
51 98
51 99
51 110
51 112
52 52
52 53
52 54
52 71
52 85
52 96
53 53
53 55
53 90
53 99
54 54
54 72
54 73
54 74
54 75
54 76
54 77
54 78
54 79
54 80
54 81
54 84
54 85
54 88
54 96
55 55
55 66
55 69
55 90
55 91
55 95
55 96
55 97
55 98
55 99
55 110
55 111
56 56
56 57
56 58
56 59
56 60
56 61
56 62
56 63
56 66
56 68
56 69
56 80
56 89
56 91
56 97
56 98
56 99
56 111
57 57
57 58
57 59
57 60
57 61
57 62
57 63
57 66
57 67
57 68
57 69
57 80
57 89
57 91
57 97
57 98
57 99
57 104
57 111
57 112
58 58
58 59
58 60
58 61
58 62
58 63
58 65
58 66
58 67
58 89
58 91
58 98
59 59
59 60
59 61
59 65
59 66
59 67
59 68
59 69
59 89
59 91
59 98
59 106
59 112
60 60
60 61
60 62
60 63
60 65
60 66
60 89
61 61
61 62
61 63
61 65
61 66
61 67
61 89
61 98
61 112
62 62
62 63
62 80
62 111
63 63
63 80
63 95
63 97
63 104
63 111
64 64
64 65
64 82
64 87
64 93
65 65
65 66
65 67
66 66
66 67
66 68
66 69
66 90
66 91
66 98
66 106
66 112
67 67
67 68
67 69
67 90
67 91
67 94
67 98
67 102
67 104
67 106
67 108
67 110
67 112
68 68
68 69
68 90
68 91
68 97
68 98
68 106
68 108
69 69
69 90
69 91
69 93
69 94
69 97
69 98
69 99
69 104
69 106
69 107
69 108
69 110
69 112
70 70
70 71
70 72
70 73
70 74
70 75
70 76
70 77
70 78
70 79
70 80
70 81
70 83
70 84
70 114
70 115
71 71
71 72
71 73
71 74
71 75
71 76
71 77
71 79
71 81
71 85
72 72
72 73
72 74
72 75
72 76
72 77
72 78
72 79
72 80
72 81
72 83
72 84
72 85
72 109
73 73
73 74
73 75
73 76
73 77
73 78
73 79
73 80
73 81
73 83
73 84
73 85
73 88
73 109
74 74
74 75
74 76
74 77
74 78
74 79
74 80
74 81
74 83
74 84
74 85
75 75
75 76
75 77
75 78
75 79
75 80
75 81
75 83
75 84
75 85
76 76
76 77
76 78
76 79
76 80
76 81
76 82
76 83
76 84
76 85
77 77
77 78
77 79
77 80
77 81
77 83
77 84
77 109
77 114
77 115
78 78
78 79
78 80
78 81
78 84
78 115
79 79
79 80
79 81
79 82
79 83
79 84
79 85
79 88
80 80
80 81
80 84
80 85
81 81
81 83
81 84
81 85
81 109
82 82
82 84
82 86
82 88
83 83
83 109
84 84
84 85
84 88
85 85
86 86
86 87
86 93
87 87
87 93
88 88
88 89
89 89
89 90
89 91
89 92
89 98
89 105
89 112
90 90
90 91
90 92
90 93
90 98
90 99
90 104
90 106
90 112
91 91
91 92
91 93
91 98
91 99
91 101
91 104
91 106
91 107
91 108
91 112
92 92
92 93
92 98
92 99
92 100
92 103
92 104
92 114
92 115
93 93
93 95
93 101
93 102
93 104
93 108
93 110
93 111
93 113
93 114
93 115
94 94
94 96
94 98
94 108
94 109
95 95
95 97
95 99
95 102
95 103
95 104
95 107
95 110
95 111
95 113
95 115
96 96
96 110
97 97
97 99
97 101
97 102
97 110
97 111
98 98
98 99
98 106
98 112
99 99
99 107
99 110
99 112
100 100
100 102
101 101
101 102
101 103
101 104
101 110
101 113
101 114
101 115
102 102
102 104
102 107
102 113
103 103
103 104
103 105
103 107
103 114
103 115
104 104
104 107
104 111
104 113
104 114
104 115
105 105
105 106
105 107
105 109
105 114
105 115
106 106
107 107
107 108
107 114
107 115
108 108
109 109
110 110
110 111
111 111
111 113
112 112
112 113
113 113
113 115
114 114
114 115
115 115
