0 0
0 1
0 2
0 10
0 14
0 16
0 18
0 19
0 22
0 28
0 56
0 57
0 58
0 60
0 64
0 68
0 76
0 80
0 82
0 84
0 88
1 1
1 11
1 15
1 17
1 19
1 33
1 56
1 57
1 68
1 78
1 81
1 94
1 100
1 111
1 112
1 113
2 2
2 6
2 10
2 12
2 14
2 22
2 24
2 25
2 26
2 27
2 34
2 42
2 43
2 47
2 48
2 50
2 58
2 60
2 64
2 67
2 84
2 87
2 88
2 91
2 93
2 101
3 3
3 18
3 25
3 27
3 30
3 31
3 59
3 66
3 74
3 87
3 98
4 4
4 5
4 6
4 8
4 20
4 21
4 29
4 40
4 41
4 58
4 59
4 60
4 61
4 62
4 63
4 66
4 71
4 72
4 73
4 75
4 89
4 91
5 5
5 7
5 9
5 11
5 13
5 15
5 20
5 21
5 29
5 33
5 37
5 40
5 41
5 59
5 61
5 70
5 71
5 72
5 73
5 75
5 89
5 90
5 102
5 104
5 107
5 112
5 115
6 6
6 8
6 12
6 58
6 60
6 64
6 66
6 67
6 91
6 93
6 101
6 106
7 7
7 9
7 11
7 13
7 15
7 23
7 29
7 33
7 37
7 41
7 61
7 65
7 67
7 71
7 85
7 89
7 90
7 92
7 100
7 102
7 104
7 105
7 106
7 107
7 112
8 8
8 9
8 14
8 24
8 52
8 58
8 59
8 60
8 64
8 66
8 67
8 89
8 91
8 105
9 9
9 10
9 11
9 12
9 13
9 14
9 15
9 23
9 24
9 52
9 64
9 65
9 89
9 90
9 101
9 104
9 107
9 112
10 10
10 11
10 12
10 13
10 14
10 15
10 16
10 22
10 23
10 24
10 25
10 27
10 28
10 60
10 64
10 65
10 82
10 83
10 84
10 88
11 11
11 12
11 13
11 14
11 15
11 21
11 23
11 29
11 41
11 64
11 65
11 71
11 83
11 85
11 89
11 92
11 97
11 100
11 107
11 112
12 12
12 13
12 14
12 15
12 21
12 24
12 60
12 61
12 64
12 65
12 75
12 88
12 89
13 13
13 15
13 21
13 23
13 29
13 33
13 37
13 41
13 60
13 61
13 62
13 65
13 71
13 73
13 75
13 89
13 90
13 100
13 102
13 104
13 105
13 106
13 107
13 112
14 14
14 15
14 16
14 22
14 24
14 25
14 26
14 27
14 28
14 60
14 64
14 82
14 84
14 87
14 88
15 15
15 21
15 23
15 25
15 28
15 29
15 37
15 41
15 64
15 65
15 71
15 83
15 85
15 88
15 89
15 90
15 92
15 94
15 100
15 107
15 112
16 16
16 18
16 19
16 22
16 25
16 27
16 28
16 50
16 53
16 56
16 57
16 68
16 69
16 78
16 79
16 80
16 82
16 83
16 84
16 88
17 17
17 29
17 36
17 38
17 49
17 54
17 56
17 57
17 68
17 78
17 79
17 80
17 81
17 83
17 86
17 92
17 100
18 18
18 19
18 22
18 28
18 30
18 31
18 32
18 53
18 56
18 57
18 58
18 59
18 62
18 66
18 68
18 69
18 72
18 74
18 76
18 77
18 79
18 80
18 82
18 84
18 99
18 103
18 110
19 19
19 28
19 31
19 56
19 57
19 68
19 69
19 72
19 74
19 76
19 77
19 78
19 79
19 80
19 81
19 82
19 83
19 91
19 95
19 110
19 111
20 20
20 21
20 24
20 25
20 26
20 27
20 30
20 31
20 38
20 39
20 49
20 54
20 70
20 71
20 83
20 86
20 87
20 107
20 115
21 21
21 23
21 24
21 25
21 26
21 29
21 30
21 31
21 36
21 38
21 40
21 41
21 71
21 72
21 75
21 83
21 86
21 89
21 90
21 95
21 104
21 107
21 112
22 22
22 24
22 25
22 26
22 27
22 28
22 30
22 38
22 42
22 43
22 46
22 47
22 50
22 51
22 53
22 57
22 82
22 84
22 86
22 87
22 88
22 93
22 110
23 23
23 25
23 31
23 41
23 65
23 75
23 83
23 85
23 87
23 90
23 91
23 95
23 97
23 112
24 24
24 25
24 26
24 27
24 30
24 34
24 35
24 38
24 39
24 42
24 43
24 44
24 46
24 47
24 48
24 49
24 50
24 51
24 54
24 55
24 82
24 86
24 87
24 88
24 96
24 114
25 25
25 26
25 27
25 28
25 30
25 35
25 38
25 39
25 42
25 43
25 46
25 47
25 48
25 50
25 51
25 82
25 83
25 84
25 85
25 86
25 87
25 88
25 94
25 96
25 97
25 110
26 26
26 27
26 30
26 38
26 42
26 43
26 46
26 48
26 50
26 82
26 86
26 87
26 88
27 27
27 30
27 34
27 35
27 38
27 39
27 42
27 43
27 46
27 47
27 48
27 50
27 51
27 82
27 83
27 84
27 85
27 86
27 87
27 88
27 94
27 96
27 97
27 110
28 28
28 29
28 31
28 36
28 40
28 72
28 74
28 75
28 76
28 80
28 82
28 83
28 84
28 88
28 109
29 29
29 31
29 33
29 36
29 37
29 40
29 41
29 61
29 62
29 71
29 72
29 73
29 74
29 75
29 76
29 77
29 78
29 80
29 81
29 83
29 95
29 100
29 102
29 104
29 106
29 112
30 30
30 31
30 34
30 38
30 39
30 40
30 44
30 46
30 49
30 54
30 71
30 72
30 82
30 83
30 86
30 87
30 95
30 96
30 97
30 110
31 31
31 33
31 36
31 40
31 41
31 71
31 72
31 73
31 74
31 75
31 76
31 77
31 81
31 83
31 95
31 98
31 112
32 32
32 33
32 40
32 44
32 45
32 49
32 56
32 57
32 58
32 62
32 63
32 66
32 68
32 69
32 72
32 73
32 74
32 77
32 78
32 79
32 80
32 81
32 98
32 99
32 103
32 108
32 110
32 113
33 33
33 36
33 37
33 40
33 41
33 61
33 62
33 63
33 66
33 72
33 73
33 74
33 75
33 77
33 78
33 80
33 81
33 98
33 102
33 111
33 112
34 34
34 35
34 38
34 42
34 43
34 44
34 45
34 46
34 47
34 48
34 49
34 50
34 51
34 54
34 55
34 67
34 87
34 96
34 97
35 35
35 38
35 42
35 43
35 44
35 45
35 46
35 48
35 49
35 50
35 51
35 55
35 85
35 87
35 96
35 97
36 36
36 37
36 40
36 41
36 62
36 63
36 71
36 72
36 73
36 74
36 75
36 76
36 77
36 78
36 79
36 80
36 81
36 83
36 86
36 92
36 95
36 100
36 102
36 106
36 112
37 37
37 39
37 40
37 41
37 65
37 70
37 71
37 73
37 74
37 76
37 89
37 94
37 100
37 102
37 103
37 104
37 105
37 106
37 107
37 112
37 113
37 115
38 38
38 39
38 42
38 43
38 46
38 48
38 49
38 50
38 51
38 54
38 55
38 82
38 83
38 85
38 86
38 87
38 88
38 94
38 96
38 97
39 39
39 42
39 46
39 47
39 48
39 49
39 50
39 51
39 54
39 55
39 85
39 87
39 94
39 96
39 97
39 107
39 114
39 115
40 40
40 41
40 49
40 54
40 71
40 72
40 73
40 74
40 75
40 78
40 80
40 108
40 115
41 41
41 61
41 62
41 65
41 71
41 72
41 73
41 74
41 75
41 76
41 77
41 89
41 95
41 102
41 104
41 106
41 112
42 42
42 43
42 44
42 45
42 46
42 47
42 48
42 49
42 50
42 51
42 53
42 54
42 55
42 56
42 57
42 87
42 93
42 96
42 97
42 99
42 101
42 114
43 43
43 44
43 45
43 46
43 47
43 48
43 49
43 50
43 51
43 54
43 55
43 67
43 87
43 96
43 97
43 99
43 101
43 114
44 44
44 45
44 46
44 47
44 48
44 49
44 50
44 51
44 53
44 54
44 55
44 67
44 96
44 98
44 108
45 45
45 46
45 47
45 49
45 51
45 55
45 67
45 96
45 97
45 114
46 46
46 47
46 48
46 49
46 50
46 51
46 53
46 54
46 55
46 56
46 57
46 68
46 82
46 87
46 93
46 96
46 97
46 99
46 101
46 114
47 47
47 48
47 49
47 50
47 51
47 53
47 55
47 56
47 57
47 87
47 93
47 94
47 96
47 97
47 99
47 101
47 110
47 114
48 48
48 49
48 50
48 51
48 52
48 53
48 54
48 55
48 57
48 85
48 87
48 96
49 49
49 50
49 51
49 53
49 54
49 55
49 56
49 57
49 68
49 78
49 79
49 86
49 87
49 96
49 98
49 99
49 113
49 115
50 50
50 51
50 53
50 54
50 55
50 56
50 57
50 68
50 82
50 84
50 85
50 87
50 88
50 94
50 96
51 51
51 52
51 53
51 54
51 55
51 56
51 57
51 68
51 87
51 96
51 99
52 52
52 53
52 54
52 58
52 59
52 60
52 61
52 63
52 66
52 70
52 89
52 104
52 115
53 53
53 54
53 55
53 56
53 57
53 68
53 78
53 79
53 98
53 99
53 113
53 115
54 54
54 55
54 56
54 57
54 68
54 70
54 87
54 96
54 108
54 115
55 55
55 56
55 57
55 68
55 79
55 87
55 96
55 98
55 99
55 108
55 113
55 114
55 115
56 56
56 57
56 68
56 69
56 78
56 79
56 80
56 81
56 82
56 84
56 86
56 96
56 99
56 110
56 113
57 57
57 68
57 69
57 78
57 79
57 80
57 81
57 86
57 96
57 98
57 99
57 113
58 58
58 59
58 60
58 61
58 62
58 63
58 66
58 73
58 74
58 76
58 89
58 103
59 59
59 60
59 61
59 62
59 63
59 66
59 67
59 70
59 73
59 74
59 76
59 89
59 103
59 104
60 60
60 61
60 62
60 63
60 64
60 66
60 89
60 91
61 61
61 62
61 63
61 66
61 67
61 70
61 72
61 73
61 75
61 77
61 81
61 89
61 102
61 104
61 105
61 112
62 62
62 63
62 66
62 72
62 73
62 74
62 75
62 76
62 77
62 78
62 80
62 81
62 98
62 102
62 111
62 112
63 63
63 66
63 72
63 77
63 78
63 81
63 98
64 64
64 65
64 84
64 88
64 91
65 65
65 85
65 89
65 90
65 92
65 100
65 102
65 104
65 105
65 107
65 112
66 66
66 67
66 72
66 73
66 74
66 76
66 77
66 98
66 103
67 67
67 90
67 91
67 104
67 105
67 106
68 68
68 69
68 78
68 79
68 80
68 81
68 82
68 96
68 99
68 110
68 113
69 69
69 78
69 79
69 80
69 81
69 99
69 111
70 70
70 71
70 73
70 98
70 102
70 104
70 115
71 71
71 72
71 73
71 74
71 75
71 83
71 86
71 89
71 100
71 102
71 104
71 105
71 107
71 112
72 72
72 73
72 74
72 75
72 76
72 77
72 78
72 80
72 81
72 95
72 98
72 106
73 73
73 74
73 75
73 76
73 77
73 80
73 91
73 98
73 102
73 103
73 104
73 105
73 106
73 111
73 112
74 74
74 75
74 76
74 77
74 80
74 95
74 98
74 103
74 111
75 75
75 76
75 77
75 80
75 81
75 95
75 103
75 106
75 109
75 111
75 112
76 76
76 77
76 80
76 95
76 99
76 103
76 111
77 77
77 81
77 95
77 99
77 103
77 109
77 110
77 111
77 112
78 78
78 79
78 80
78 81
78 98
78 99
78 100
78 113
78 115
79 79
79 80
79 81
79 86
79 98
79 99
79 100
79 113
80 80
80 81
80 84
81 81
81 86
81 92
81 98
81 100
81 102
82 82
82 83
82 84
82 86
82 87
82 88
82 94
82 110
83 83
83 84
83 85
83 87
83 88
83 92
83 94
83 95
83 96
83 97
83 100
83 110
84 84
84 85
84 88
85 85
85 87
85 88
85 89
85 92
85 94
85 96
85 97
85 100
85 102
86 86
86 87
86 110
87 87
87 88
87 96
87 97
88 88
89 89
89 104
89 105
89 106
90 90
90 91
90 98
90 102
90 104
90 107
90 111
90 112
91 91
91 93
91 101
91 103
91 111
92 92
92 100
92 102
92 110
93 93
93 101
93 103
93 109
93 110
93 111
94 94
94 96
94 97
94 107
94 109
94 110
94 111
94 113
95 95
95 97
95 108
95 109
95 110
95 111
95 112
96 96
96 97
96 99
96 110
96 114
97 97
97 106
97 107
97 110
97 114
98 98
98 99
98 111
98 113
99 99
99 103
99 111
99 113
100 100
100 102
100 107
101 101
101 103
102 102
102 104
102 106
102 107
102 112
103 103
103 104
103 107
103 109
103 111
103 113
104 104
104 105
104 106
104 107
104 112
105 105
105 106
105 107
106 106
106 107
107 107
107 109
107 111
107 112
108 108
109 109
109 110
109 111
109 112
109 113
110 110
110 111
111 111
111 112
111 113
112 112
113 113
113 114
113 115
114 114
114 115
115 115
