0 0
0 1
0 10
0 18
0 19
0 56
0 57
0 58
0 62
0 63
0 68
0 78
0 79
0 81
0 113
1 1
1 18
1 19
1 52
1 56
1 57
1 59
1 63
1 68
1 69
1 73
1 78
1 79
1 80
1 81
1 113
2 2
2 4
2 5
2 6
2 7
2 8
2 22
2 25
2 26
2 27
2 34
2 39
2 50
2 53
2 58
2 59
2 60
2 66
2 67
2 69
2 88
2 89
2 91
2 93
2 94
2 97
2 108
2 110
2 115
3 3
3 5
3 7
3 11
3 18
3 21
3 22
3 23
3 24
3 25
3 26
3 27
3 64
3 65
3 83
3 84
3 85
3 87
3 88
3 89
3 92
4 4
4 5
4 6
4 8
4 9
4 14
4 15
4 19
4 20
4 26
4 27
4 46
4 47
4 48
4 52
4 53
4 54
4 58
4 59
4 66
4 67
4 69
4 88
4 89
4 94
4 96
4 98
4 108
4 109
4 115
5 5
5 7
5 9
5 15
5 25
5 26
5 27
5 34
5 37
5 39
5 54
5 64
5 65
5 67
5 69
5 87
5 88
5 89
5 109
6 6
6 7
6 8
6 9
6 10
6 12
6 13
6 28
6 29
6 44
6 48
6 60
6 61
6 66
6 72
6 90
6 91
7 7
7 8
7 9
7 11
7 13
7 15
7 60
7 61
7 65
7 90
7 92
7 102
7 112
8 8
8 9
8 14
8 15
8 30
8 46
8 47
8 53
8 60
8 61
8 66
8 90
8 91
8 98
9 9
9 13
9 15
9 24
9 29
9 44
9 61
9 83
9 90
9 92
9 100
9 102
9 112
10 10
10 11
10 12
10 13
10 16
10 17
10 28
10 29
10 30
10 31
10 43
10 48
10 49
10 62
10 63
10 68
10 72
10 73
10 75
10 78
10 79
10 80
10 81
10 112
11 11
11 13
11 16
11 17
11 23
11 28
11 29
11 30
11 31
11 43
11 49
11 61
11 62
11 63
11 65
11 73
11 75
11 78
11 79
11 80
11 81
11 85
11 92
11 112
12 12
12 13
12 15
12 16
12 17
12 28
12 29
12 33
12 42
12 43
12 44
12 48
12 49
12 51
12 58
12 59
12 60
12 61
12 62
12 66
12 72
12 73
12 78
12 81
13 13
13 15
13 16
13 17
13 28
13 29
13 31
13 33
13 43
13 45
13 48
13 49
13 61
13 62
13 63
13 65
13 72
13 73
13 75
13 78
13 79
13 80
13 81
13 112
14 14
14 15
14 18
14 19
14 26
14 27
14 36
14 37
14 46
14 52
14 53
14 54
14 55
14 69
14 82
14 83
14 84
14 88
14 89
14 94
14 97
14 98
14 109
14 115
15 15
15 26
15 41
15 46
15 48
15 52
15 61
15 69
15 89
16 16
16 17
16 28
16 29
16 30
16 31
16 42
16 43
16 44
16 45
16 49
16 51
16 56
16 57
16 62
16 63
16 68
16 70
16 71
16 72
16 73
16 74
16 75
16 76
16 78
16 79
16 80
16 81
16 103
16 112
16 113
17 17
17 28
17 29
17 31
17 33
17 43
17 49
17 56
17 57
17 62
17 63
17 68
17 72
17 73
17 74
17 75
17 76
17 78
17 79
17 80
17 81
18 18
18 19
18 47
18 52
18 53
18 58
18 59
18 68
18 69
18 83
19 19
19 20
19 26
19 36
19 39
19 41
19 46
19 47
19 53
19 57
19 59
19 69
19 82
19 83
19 94
19 96
19 98
19 109
19 115
20 20
20 21
20 26
20 27
20 36
20 38
20 39
20 41
20 54
20 55
20 57
20 69
20 82
20 83
20 88
20 89
20 94
20 104
20 105
20 108
20 114
20 115
21 21
21 22
21 23
21 25
21 27
21 30
21 31
21 38
21 56
21 64
21 68
21 71
21 75
21 78
21 81
21 85
21 89
22 22
22 23
22 24
22 25
22 26
22 27
22 30
22 31
22 34
22 40
22 50
22 64
22 65
22 77
22 82
22 84
22 85
22 86
22 87
22 92
22 114
23 23
23 24
23 25
23 31
23 64
23 71
23 75
23 77
23 82
23 83
23 85
23 86
23 87
23 92
23 114
24 24
24 25
24 26
24 30
24 31
24 40
24 67
24 85
24 95
25 25
25 26
25 27
25 30
25 31
25 35
25 37
25 40
25 50
25 64
25 65
25 67
25 71
25 77
25 84
25 85
25 95
25 109
25 110
26 26
26 27
26 34
26 37
26 39
26 41
26 50
26 52
26 53
26 54
26 55
26 67
26 69
26 82
26 83
26 84
26 88
26 89
26 94
26 97
26 104
26 109
27 27
27 34
27 37
27 38
27 39
27 41
27 53
27 54
27 55
27 58
27 59
27 64
27 66
27 67
27 69
27 82
27 86
27 87
27 88
27 89
27 94
27 96
27 97
27 105
27 108
27 109
27 110
27 114
27 115
28 28
28 29
28 30
28 31
28 32
28 33
28 42
28 43
28 44
28 45
28 48
28 49
28 62
28 63
28 68
28 70
28 72
28 73
28 74
28 76
28 78
28 79
28 80
28 81
28 112
29 29
29 30
29 31
29 33
29 42
29 43
29 44
29 45
29 49
29 61
29 62
29 63
29 70
29 72
29 73
29 74
29 75
29 76
29 78
29 79
29 80
29 81
29 100
29 102
29 112
30 30
30 31
30 33
30 42
30 43
30 45
30 50
30 51
30 64
30 70
30 71
30 72
30 73
30 75
30 76
30 77
30 78
30 79
30 81
31 31
31 33
31 35
31 43
31 44
31 45
31 49
31 64
31 70
31 71
31 72
31 73
31 75
31 76
31 77
31 78
31 79
31 80
31 81
31 85
32 32
32 33
32 46
32 63
32 72
32 109
32 112
33 33
33 35
33 42
33 43
33 44
33 45
33 63
33 72
33 74
33 76
33 80
33 81
33 112
34 34
34 35
34 37
34 50
34 64
34 65
34 66
34 67
34 82
34 87
34 88
34 95
34 97
34 108
34 110
35 35
35 45
35 65
35 67
35 77
35 110
36 36
36 37
36 38
36 39
36 40
36 41
36 52
36 53
36 54
36 55
36 69
36 74
36 76
36 82
36 84
36 87
36 88
36 89
36 94
36 96
36 99
36 108
36 109
37 37
37 38
37 39
37 40
37 41
37 52
37 53
37 54
37 55
37 67
37 69
37 77
37 82
37 83
37 84
37 85
37 87
37 88
37 89
37 94
37 96
37 97
37 108
37 109
37 110
38 38
38 39
38 41
38 54
38 55
38 76
38 82
38 83
38 86
38 87
38 88
38 89
38 94
38 96
38 99
38 105
38 107
38 114
38 115
39 39
39 41
39 53
39 54
39 55
39 67
39 69
39 82
39 83
39 86
39 87
39 88
39 89
39 94
39 96
39 97
39 99
39 105
39 109
39 110
39 115
40 40
40 41
40 68
40 74
40 76
40 77
40 82
40 83
40 84
40 85
40 95
40 109
41 41
41 46
41 52
41 53
41 54
41 55
41 57
41 69
41 83
41 88
41 89
41 94
41 109
41 115
42 42
42 43
42 44
42 45
42 46
42 47
42 48
42 49
42 50
42 51
42 72
42 74
42 78
42 80
42 81
43 43
43 44
43 45
43 46
43 47
43 48
43 49
43 51
43 56
43 63
43 70
43 72
43 73
43 76
43 78
43 80
43 81
44 44
44 45
44 46
44 48
44 49
44 51
44 61
44 62
44 72
44 78
44 80
44 81
44 102
45 45
45 48
45 49
45 51
45 62
45 71
45 72
45 78
45 80
45 81
45 102
46 46
46 47
46 48
46 49
46 50
46 51
46 52
46 53
46 69
46 74
46 83
46 95
46 96
46 98
46 109
47 47
47 49
47 53
47 58
47 59
47 69
47 94
47 95
47 96
47 97
47 98
47 108
47 109
47 110
47 111
48 48
48 49
48 50
48 51
48 90
49 49
49 51
49 56
49 62
49 63
49 72
49 78
49 79
49 80
49 81
49 112
50 50
50 51
50 52
50 64
50 65
50 84
50 85
50 95
51 51
51 52
51 53
51 70
51 98
52 52
52 53
52 54
52 55
52 57
52 58
52 68
52 89
52 98
53 53
53 54
53 55
53 57
53 69
53 83
53 88
53 94
53 96
53 97
53 98
53 109
53 110
54 54
54 55
54 58
54 66
54 69
54 82
54 86
54 87
54 88
54 89
54 93
54 94
54 96
54 97
54 98
54 99
54 105
54 107
54 109
54 110
54 115
55 55
55 82
55 86
55 87
55 88
55 89
55 91
55 93
55 94
55 96
55 97
55 99
55 105
55 107
55 109
55 110
55 114
55 115
56 56
56 57
56 62
56 63
56 68
56 73
56 75
56 78
56 79
56 80
56 81
56 113
57 57
57 63
57 68
57 73
57 75
57 78
57 79
57 80
57 81
58 58
58 59
58 60
58 66
58 88
58 89
58 96
58 97
58 108
59 59
59 60
59 61
59 66
59 67
59 69
59 94
59 96
59 97
59 98
59 106
59 108
59 110
60 60
60 61
60 63
60 66
60 88
60 90
60 108
61 61
61 63
61 65
61 90
61 100
61 112
62 62
62 63
62 68
62 72
62 73
62 75
62 78
62 79
62 80
62 81
62 102
62 103
62 113
63 63
63 72
63 73
63 78
63 79
63 80
63 81
63 102
64 64
64 65
64 71
64 75
64 82
64 84
64 85
64 86
64 87
64 88
64 89
64 91
64 92
64 103
64 114
65 65
65 67
65 85
65 87
65 92
66 66
66 67
66 69
66 94
66 95
66 96
66 97
66 108
66 109
66 110
67 67
67 69
67 87
67 88
67 94
67 95
67 96
67 97
67 108
67 109
67 110
68 68
68 73
68 74
68 75
68 78
68 79
68 80
68 81
68 84
68 85
68 113
69 69
69 82
69 83
69 88
69 89
69 94
69 95
69 96
69 97
69 98
69 108
69 109
69 110
69 115
70 70
70 71
70 72
70 73
70 74
70 75
70 76
70 78
70 80
70 81
70 101
71 71
71 73
71 75
71 77
71 78
71 79
71 80
71 81
71 85
71 103
72 72
72 73
72 74
72 75
72 76
72 78
72 79
72 80
72 81
72 102
72 112
73 73
73 74
73 75
73 76
73 77
73 78
73 79
73 80
73 81
73 85
74 74
74 75
74 76
74 80
74 81
74 84
75 75
75 76
75 78
75 79
75 80
75 81
75 85
75 103
75 113
76 76
76 77
76 78
76 79
76 80
76 81
77 77
77 85
77 95
77 109
77 110
78 78
78 79
78 80
78 81
78 103
78 113
79 79
79 80
79 81
79 113
80 80
80 81
80 84
80 112
81 81
81 113
82 82
82 83
82 86
82 87
82 88
82 89
82 91
82 94
82 96
82 97
82 105
82 106
82 108
82 110
82 114
82 115
83 83
83 94
83 109
83 115
84 84
84 85
84 95
84 109
85 85
85 87
85 95
86 86
86 87
86 88
86 89
86 91
86 92
86 93
86 103
86 104
86 105
86 106
86 107
86 113
86 114
86 115
87 87
87 88
87 89
87 91
87 92
87 93
87 94
87 96
87 97
87 99
87 103
87 105
87 106
87 107
87 110
87 114
88 88
88 89
88 94
88 96
88 97
88 108
88 109
88 110
89 89
89 91
89 93
89 94
89 97
89 99
89 105
89 107
89 114
89 115
90 90
90 91
90 92
90 93
90 98
90 100
90 102
90 106
90 107
90 111
90 112
91 91
91 92
91 93
91 96
91 97
91 98
91 99
91 103
91 105
91 106
91 107
91 110
91 111
91 114
91 115
92 92
92 93
92 100
92 102
92 103
92 104
92 105
92 106
92 107
92 112
92 114
93 93
93 94
93 97
93 99
93 100
93 101
93 102
93 103
93 104
93 105
93 106
93 107
93 113
93 114
93 115
94 94
94 95
94 96
94 97
94 98
94 99
94 105
94 108
94 109
94 110
94 111
94 114
94 115
95 95
95 97
95 98
95 108
95 109
95 110
95 111
96 96
96 97
96 98
96 99
96 105
96 106
96 107
96 108
96 109
96 110
96 111
96 115
97 97
97 98
97 99
97 105
97 106
97 108
97 109
97 110
97 111
97 114
97 115
98 98
98 99
98 106
98 109
98 110
98 111
98 112
99 99
99 103
99 105
99 107
99 110
99 111
99 113
99 114
99 115
100 100
100 101
100 102
100 103
100 104
100 105
100 106
100 107
100 113
100 114
101 101
101 102
101 103
101 104
101 105
101 113
102 102
102 103
102 104
102 105
102 113
102 114
103 103
103 104
103 105
103 106
103 107
103 113
103 114
104 104
104 105
104 113
104 114
104 115
105 105
105 106
105 107
105 113
105 114
105 115
106 106
106 107
106 110
106 111
106 114
107 107
107 110
107 111
107 114
108 108
108 109
108 110
108 111
109 109
109 110
109 111
109 115
110 110
110 111
110 114
111 111
111 112
112 112
113 113
113 114
114 114
114 115
115 115
