0 0
0 1
0 17
0 19
0 36
0 37
0 52
0 55
0 56
0 57
0 68
0 69
0 70
0 73
0 74
0 75
0 80
0 87
0 99
0 115
1 1
1 16
1 17
1 19
1 20
1 26
1 37
1 52
1 53
1 54
1 56
1 57
1 60
1 68
1 69
1 70
1 73
1 77
1 80
1 81
1 82
1 87
1 89
1 91
1 93
1 101
1 115
2 2
2 3
2 6
2 22
2 23
2 26
2 27
2 34
2 38
2 50
2 60
2 64
2 67
2 69
2 86
2 87
2 88
2 89
2 93
2 94
2 96
2 99
2 101
2 109
2 110
2 113
2 115
3 3
3 5
3 15
3 19
3 22
3 23
3 25
3 26
3 27
3 35
3 43
3 50
3 53
3 59
3 61
3 64
3 65
3 67
3 69
3 83
3 84
3 86
3 87
3 88
3 89
3 93
3 99
3 109
3 113
3 114
4 4
4 5
4 8
4 14
4 18
4 19
4 20
4 25
4 26
4 27
4 35
4 38
4 48
4 49
4 54
4 70
4 74
4 82
4 94
5 5
5 6
5 7
5 8
5 9
5 13
5 15
5 25
5 27
5 35
5 48
5 61
5 65
6 6
6 7
6 8
6 9
6 10
6 12
6 13
6 24
6 25
6 30
6 31
6 33
6 58
6 60
6 61
6 64
6 65
6 88
6 92
6 100
6 104
6 105
7 7
7 8
7 9
7 10
7 11
7 12
7 13
7 15
7 25
7 28
7 29
7 31
7 61
7 63
7 65
7 75
7 92
7 95
7 97
7 100
7 108
8 8
8 9
8 10
8 12
8 14
8 15
8 18
8 25
8 38
8 42
8 46
8 48
8 58
8 90
8 91
8 93
8 103
8 104
8 105
9 9
9 10
9 11
9 12
9 13
9 15
9 24
9 25
9 28
9 29
9 31
9 33
9 61
9 65
9 83
9 90
10 10
10 11
10 12
10 13
10 15
10 18
10 28
10 29
10 33
10 42
10 58
10 60
10 61
10 62
10 71
10 72
10 73
10 74
10 75
10 76
10 81
10 83
10 92
10 105
10 112
10 115
11 11
11 12
11 13
11 15
11 17
11 28
11 29
11 37
11 39
11 60
11 61
11 65
11 70
11 72
11 73
11 75
11 83
11 95
11 97
11 112
12 12
12 13
12 15
12 16
12 17
12 18
12 24
12 28
12 29
12 33
12 41
12 58
12 60
12 61
12 62
12 63
12 70
12 72
12 73
12 74
12 75
12 76
12 77
12 81
12 92
12 105
12 112
13 13
13 15
13 17
13 18
13 28
13 29
13 37
13 39
13 58
13 60
13 61
13 65
13 70
13 72
13 73
13 74
13 75
13 76
13 83
13 112
14 14
14 15
14 16
14 24
14 28
14 36
14 38
14 42
14 46
14 48
14 49
14 54
14 62
14 72
14 74
14 76
14 81
14 82
14 91
14 93
14 94
14 96
14 101
14 102
14 111
15 15
15 17
15 21
15 25
15 28
15 29
15 37
15 39
15 40
15 41
15 48
15 61
15 65
15 75
15 76
15 83
15 90
15 99
15 112
15 113
16 16
16 17
16 28
16 29
16 32
16 33
16 36
16 37
16 41
16 56
16 57
16 62
16 63
16 68
16 72
16 73
16 76
16 79
16 80
16 81
16 100
17 17
17 18
17 20
17 28
17 29
17 36
17 37
17 40
17 41
17 56
17 57
17 60
17 62
17 68
17 72
17 73
17 76
17 77
17 79
17 80
17 81
17 87
18 18
18 19
18 28
18 29
18 33
18 38
18 41
18 54
18 58
18 60
18 62
18 63
18 70
18 72
18 73
18 74
18 75
18 76
18 77
18 80
18 81
19 19
19 20
19 22
19 23
19 26
19 27
19 41
19 47
19 51
19 52
19 53
19 68
19 69
19 70
19 86
19 87
19 89
19 90
19 91
19 93
19 94
19 97
19 109
20 20
20 21
20 26
20 27
20 38
20 41
20 49
20 51
20 56
20 68
20 69
20 70
20 82
20 91
21 21
21 26
21 31
21 35
21 49
21 51
21 65
21 71
21 82
21 83
21 85
21 91
21 93
21 101
22 22
22 23
22 26
22 27
22 30
22 35
22 50
22 51
22 52
22 53
22 64
22 67
22 69
22 82
22 84
22 86
22 87
22 88
22 89
22 93
22 94
22 96
22 99
22 101
22 109
22 110
22 113
23 23
23 26
23 27
23 43
23 50
23 51
23 52
23 53
23 64
23 67
23 69
23 82
23 84
23 85
23 86
23 87
23 88
23 89
23 94
23 109
23 110
23 113
24 24
24 25
24 28
24 29
24 30
24 31
24 33
24 42
24 44
24 46
24 48
24 49
24 72
24 75
24 97
24 98
24 104
24 111
25 25
25 26
25 27
25 30
25 31
25 35
25 48
25 49
25 50
25 61
25 65
25 71
26 26
26 27
26 30
26 34
26 35
26 38
26 48
26 49
26 50
26 53
26 64
26 65
26 67
26 68
26 69
26 82
26 84
26 85
26 86
26 87
26 88
26 89
26 93
26 94
26 101
26 106
26 109
26 110
27 27
27 35
27 47
27 50
27 53
27 59
27 64
27 65
27 67
27 69
27 82
27 84
27 85
27 86
27 87
27 88
27 89
27 93
27 94
27 96
27 109
27 110
28 28
28 29
28 30
28 31
28 33
28 36
28 37
28 41
28 44
28 46
28 62
28 63
28 70
28 72
28 73
28 75
28 76
28 77
28 78
28 79
28 80
28 81
28 83
28 102
29 29
29 31
29 32
29 33
29 36
29 37
29 41
29 44
29 45
29 46
29 58
29 62
29 63
29 70
29 71
29 72
29 73
29 74
29 75
29 76
29 77
29 79
29 80
29 81
29 102
30 30
30 31
30 33
30 63
30 64
30 78
30 83
30 84
30 85
30 100
30 102
30 104
31 31
31 33
31 44
31 45
31 46
31 49
31 62
31 70
31 71
31 72
31 77
31 78
31 81
31 83
31 98
31 100
31 102
31 104
32 32
32 33
32 36
32 43
32 44
32 45
32 57
32 58
32 62
32 63
32 67
32 72
32 73
32 78
32 79
32 80
32 81
32 84
32 107
32 110
32 111
33 33
33 42
33 44
33 45
33 46
33 58
33 60
33 62
33 63
33 72
33 73
33 76
33 77
33 80
33 81
33 102
33 104
33 111
34 34
34 35
34 45
34 66
34 67
34 69
34 70
34 71
34 77
34 82
34 86
34 89
34 110
35 35
35 42
35 43
35 45
35 49
35 54
35 58
35 61
35 65
35 71
35 86
35 88
35 93
35 110
36 36
36 37
36 38
36 40
36 41
36 54
36 55
36 56
36 57
36 62
36 70
36 72
36 73
36 74
36 76
36 79
36 80
36 81
36 83
36 94
36 96
36 101
36 107
36 112
37 37
37 39
37 40
37 41
37 55
37 56
37 71
37 72
37 73
37 75
37 76
37 77
37 80
37 81
37 85
37 87
37 95
37 96
37 107
37 109
38 38
38 39
38 40
38 42
38 54
38 55
38 71
38 74
38 76
38 89
38 93
38 94
38 96
38 99
38 101
38 112
38 115
39 39
39 40
39 53
39 55
39 65
39 71
39 87
39 89
39 95
39 97
39 99
39 106
39 109
39 115
40 40
40 41
40 56
40 58
40 73
40 76
40 77
40 89
40 94
40 97
40 107
40 108
40 112
41 41
41 44
41 56
41 57
41 62
41 68
41 70
41 72
41 73
41 75
41 76
41 77
41 78
41 79
41 80
41 81
41 83
41 91
41 97
41 108
41 112
42 42
42 43
42 44
42 45
42 46
42 47
42 48
42 49
42 51
42 54
42 71
42 90
42 98
42 100
42 104
42 105
42 111
43 43
43 44
43 45
43 46
43 47
43 48
43 49
43 50
43 51
43 53
43 67
43 93
43 98
43 110
43 111
44 44
44 45
44 46
44 47
44 48
44 49
44 51
44 58
44 62
44 66
44 72
44 80
44 81
44 98
44 111
45 45
45 46
45 47
45 49
45 58
45 59
45 66
45 67
45 85
45 111
46 46
46 47
46 48
46 49
46 51
46 55
46 62
46 71
46 72
46 78
46 90
46 92
46 98
46 102
46 103
46 104
46 105
46 111
47 47
47 48
47 49
47 50
47 51
47 52
47 53
47 54
47 66
47 67
47 69
47 86
47 90
47 91
47 93
47 98
47 110
47 111
48 48
48 49
48 50
48 51
48 52
48 54
48 96
48 98
49 49
49 50
49 51
49 53
49 90
49 91
49 93
49 98
49 111
50 50
50 51
50 52
50 53
50 67
50 69
50 82
50 84
50 86
50 94
50 96
50 98
50 110
51 51
51 52
51 53
51 55
51 56
51 57
51 83
51 91
51 98
52 52
52 53
52 54
52 55
52 68
52 69
52 74
52 86
52 89
52 91
52 93
52 98
53 53
53 55
53 56
53 68
53 69
53 87
53 89
53 91
53 93
53 99
53 109
54 54
54 55
54 58
54 68
54 70
54 74
54 86
54 88
54 89
54 91
54 93
54 94
54 96
54 98
54 101
54 106
55 55
55 56
55 57
55 68
55 74
55 87
55 89
55 94
55 95
55 96
55 97
55 98
55 99
55 108
55 109
56 56
56 57
56 59
56 62
56 68
56 73
56 80
56 81
56 87
56 91
56 99
56 101
56 108
57 57
57 62
57 68
57 80
57 81
57 87
57 101
58 58
58 59
58 60
58 61
58 62
58 63
58 66
58 70
58 72
58 73
58 74
58 76
58 77
58 107
59 59
59 61
59 63
59 65
59 66
59 67
59 86
59 93
59 96
59 106
60 60
60 61
60 62
60 63
60 64
60 72
60 76
60 88
60 89
60 107
60 115
61 61
61 63
61 65
61 88
61 89
61 95
61 106
61 107
62 62
62 63
62 72
62 73
62 74
62 76
62 79
62 80
62 81
62 100
62 102
62 111
63 63
63 64
63 72
63 76
63 80
63 81
63 95
63 102
63 105
63 107
63 111
64 64
64 65
64 66
64 67
64 82
64 84
64 85
64 88
64 100
64 113
65 65
65 67
65 85
65 88
65 106
65 107
65 110
66 66
66 67
66 78
66 84
66 86
66 96
66 110
67 67
67 69
67 78
67 84
67 85
67 86
67 88
67 96
67 110
68 68
68 69
68 80
68 86
68 89
68 91
68 93
68 101
69 69
69 82
69 84
69 86
69 87
69 88
69 89
69 91
69 93
69 110
70 70
70 71
70 72
70 73
70 74
70 75
70 76
70 77
70 89
71 71
71 73
71 75
71 77
71 83
71 94
72 72
72 73
72 74
72 75
72 76
72 77
72 78
72 79
72 80
72 81
72 107
72 111
73 73
73 74
73 75
73 76
73 77
73 78
73 80
73 81
74 74
74 75
74 76
74 77
74 80
74 111
75 75
75 76
75 77
75 78
75 83
75 95
75 97
75 106
75 107
75 108
76 76
76 77
76 79
76 80
76 81
76 95
76 97
76 102
76 108
76 112
76 114
77 77
77 81
78 78
78 79
78 80
78 81
78 92
78 95
78 100
78 102
78 103
78 104
78 105
78 108
78 113
78 114
79 79
79 80
79 81
79 112
80 80
80 81
80 83
81 81
81 83
82 82
82 83
82 84
82 85
82 86
82 88
82 101
83 83
83 87
83 99
84 84
84 85
84 86
84 87
84 88
84 110
85 85
85 86
85 88
85 107
86 86
86 87
86 88
86 89
86 93
86 94
86 96
86 101
86 110
87 87
87 88
87 89
87 95
87 99
87 109
87 113
87 115
88 88
88 89
88 101
89 89
89 91
89 93
89 95
89 99
89 106
89 109
90 90
90 92
90 97
90 98
90 99
90 100
90 102
90 103
90 104
90 105
90 111
90 112
90 113
90 114
91 91
91 93
91 99
91 101
92 92
92 97
92 98
92 99
92 100
92 102
92 103
92 104
92 105
92 111
92 112
92 113
92 114
92 115
93 93
93 99
93 101
93 109
94 94
94 96
94 97
94 99
94 101
94 103
94 108
94 109
94 110
94 113
94 115
95 95
95 97
95 99
95 106
95 107
95 108
95 109
95 113
95 114
95 115
96 96
96 101
96 102
96 106
96 110
96 115
97 97
97 98
97 99
97 104
97 108
97 111
97 112
97 113
97 114
98 98
98 103
98 104
98 105
98 108
98 111
99 99
99 101
99 103
99 109
99 111
99 112
99 113
99 114
99 115
100 100
100 102
100 103
100 104
100 105
101 101
101 107
101 112
102 102
102 103
102 104
102 105
102 111
102 112
102 113
102 114
102 115
103 103
103 104
103 105
103 110
103 111
103 113
103 114
103 115
104 104
104 105
104 111
104 113
104 114
104 115
105 105
105 111
105 113
105 114
105 115
106 106
106 108
106 109
106 110
107 107
108 108
108 112
108 114
109 109
110 110
111 111
111 112
112 112
112 113
112 114
113 113
113 114
113 115
114 114
114 115
115 115
