0 0
0 1
0 2
0 4
0 6
0 7
0 8
0 10
0 12
0 14
0 15
0 18
0 32
0 56
0 58
0 60
0 62
0 66
0 68
0 73
0 74
0 75
0 76
0 82
0 83
0 94
0 101
1 1
1 10
1 11
1 12
1 13
1 14
1 15
1 16
1 17
1 18
1 19
1 28
1 29
1 30
1 32
1 33
1 56
1 57
1 58
1 59
1 60
1 61
1 62
1 63
1 66
1 68
1 72
1 73
1 74
1 75
1 76
1 79
1 81
1 83
1 89
1 101
1 102
2 2
2 3
2 4
2 5
2 6
2 7
2 8
2 10
2 14
2 18
2 22
2 23
2 24
2 25
2 27
2 32
2 60
2 64
2 66
2 67
2 69
2 82
2 88
2 91
2 92
2 93
2 101
2 113
3 3
3 5
3 18
3 19
3 21
3 22
3 23
3 24
3 25
3 27
3 34
3 35
3 84
3 85
3 86
3 87
3 88
3 92
3 93
3 97
3 101
3 108
3 113
4 4
4 5
4 6
4 7
4 8
4 9
4 12
4 13
4 14
4 15
4 24
4 26
4 44
4 60
4 65
4 67
4 69
4 90
4 91
4 92
4 100
5 5
5 9
5 21
5 22
5 23
5 24
5 25
5 26
5 27
5 34
5 35
5 67
5 110
5 113
6 6
6 7
6 8
6 9
6 10
6 11
6 12
6 14
6 15
6 18
6 22
6 28
6 32
6 33
6 60
6 64
6 82
6 83
6 92
6 101
7 7
7 8
7 9
7 10
7 11
7 12
7 13
7 14
7 15
7 28
7 29
7 30
7 31
7 32
7 33
7 60
7 61
7 64
7 65
7 72
7 74
7 83
7 92
7 101
8 8
8 9
8 10
8 11
8 12
8 13
8 14
8 15
8 28
8 58
8 60
8 64
8 69
8 82
8 83
8 92
8 93
8 100
8 101
8 102
8 104
9 9
9 10
9 11
9 12
9 13
9 14
9 15
9 33
9 60
9 61
9 64
9 65
9 83
10 10
10 11
10 12
10 13
10 14
10 15
10 18
10 28
10 29
10 30
10 31
10 58
10 60
10 61
10 62
10 64
10 65
10 66
10 72
10 79
10 82
10 83
10 101
11 11
11 12
11 13
11 14
11 15
11 28
11 29
11 30
11 31
11 33
11 60
11 61
11 62
11 64
11 65
11 72
11 83
11 85
11 101
11 102
12 12
12 13
12 14
12 15
12 16
12 28
12 29
12 30
12 31
12 33
12 48
12 58
12 60
12 61
12 62
12 65
12 72
12 83
12 101
13 13
13 14
13 15
13 16
13 28
13 29
13 30
13 31
13 33
13 58
13 60
13 61
13 62
13 65
13 72
13 73
13 74
14 14
14 15
14 18
14 28
14 32
14 58
14 60
14 64
14 65
14 72
14 76
14 82
14 83
14 101
15 15
15 28
15 29
15 30
15 31
15 32
15 33
15 36
15 58
15 60
15 61
15 62
15 65
15 72
15 74
15 82
15 83
15 100
15 101
16 16
16 17
16 18
16 19
16 28
16 29
16 30
16 32
16 33
16 36
16 40
16 56
16 57
16 62
16 63
16 68
16 70
16 72
16 73
16 74
16 75
16 76
16 78
16 79
16 80
16 81
16 108
17 17
17 18
17 19
17 28
17 29
17 30
17 32
17 33
17 56
17 57
17 62
17 63
17 68
17 70
17 72
17 73
17 74
17 75
17 76
17 78
17 79
17 80
17 81
17 85
17 101
17 108
17 112
18 18
18 19
18 22
18 28
18 32
18 56
18 62
18 66
18 68
18 72
18 73
18 74
18 75
18 76
18 78
18 79
18 80
18 81
18 82
18 83
18 85
18 88
18 101
19 19
19 28
19 32
19 33
19 56
19 68
19 69
19 70
19 73
19 74
19 76
19 78
19 79
19 80
19 81
20 20
20 21
20 24
20 26
20 27
20 37
20 41
20 42
20 43
20 45
20 46
20 47
20 53
20 70
20 71
20 75
20 77
20 96
20 110
20 111
21 21
21 22
21 23
21 24
21 25
21 26
21 27
21 43
21 55
21 71
21 75
21 77
21 87
21 95
21 96
21 97
21 98
21 109
21 110
21 111
21 112
21 113
22 22
22 23
22 24
22 25
22 26
22 27
22 34
22 50
22 64
22 66
22 77
22 82
22 84
22 85
22 86
22 87
22 88
22 92
22 95
22 97
22 101
22 103
22 109
22 113
23 23
23 24
23 25
23 26
23 27
23 34
23 35
23 39
23 50
23 64
23 66
23 82
23 84
23 85
23 86
23 87
23 88
23 90
23 92
23 95
23 97
23 101
23 109
23 113
24 24
24 25
24 26
24 27
24 34
24 35
24 45
24 50
24 67
24 71
24 77
24 90
24 91
24 98
24 110
24 111
24 113
25 25
25 27
25 30
25 31
25 34
25 35
25 64
25 84
25 85
25 92
25 101
25 108
25 113
26 26
26 27
26 34
26 35
26 37
26 39
26 41
26 43
26 46
26 47
26 50
26 67
26 77
26 86
26 88
26 110
26 111
27 27
27 34
27 35
27 37
27 38
27 39
27 46
27 47
27 50
27 66
27 67
27 77
27 84
27 85
27 86
27 88
27 104
27 110
27 111
28 28
28 29
28 30
28 31
28 32
28 33
28 36
28 56
28 60
28 61
28 62
28 63
28 68
28 72
28 73
28 74
28 76
28 78
28 79
28 80
28 81
28 83
28 101
28 108
29 29
29 30
29 31
29 33
29 36
29 40
29 41
29 60
29 61
29 62
29 63
29 72
29 73
29 74
29 75
29 76
29 78
29 79
29 80
29 81
29 83
30 30
30 31
30 33
30 60
30 61
30 62
30 63
30 65
30 72
31 31
31 33
31 60
31 65
31 72
31 83
31 100
32 32
32 33
32 56
32 60
32 62
32 66
32 68
32 72
32 73
32 74
32 76
32 79
32 80
32 81
32 101
33 33
33 56
33 60
33 62
33 65
33 72
33 73
33 74
33 80
33 81
33 83
33 100
33 101
34 34
34 35
34 50
34 64
34 66
34 67
34 77
34 84
34 85
34 86
34 88
34 109
34 110
35 35
35 45
35 47
35 51
35 67
35 90
35 91
35 110
36 36
36 37
36 38
36 39
36 40
36 41
36 54
36 56
36 62
36 63
36 68
36 72
36 73
36 74
36 76
36 78
36 80
36 81
36 89
36 94
36 96
36 104
37 37
37 38
37 39
37 40
37 41
37 42
37 43
37 46
37 47
37 52
37 53
37 54
37 55
37 71
37 76
37 77
37 94
37 104
37 107
37 110
37 111
37 114
37 115
38 38
38 39
38 40
38 41
38 42
38 43
38 46
38 47
38 52
38 53
38 54
38 55
38 71
38 86
38 94
38 95
38 96
38 97
38 98
38 109
38 110
38 111
38 115
39 39
39 40
39 41
39 42
39 43
39 46
39 47
39 52
39 53
39 54
39 55
39 82
39 86
39 87
39 94
39 95
39 96
39 97
39 98
39 109
39 110
39 111
39 115
40 40
40 41
40 46
40 53
40 54
40 72
40 74
40 76
40 78
40 80
40 94
40 104
41 41
41 42
41 46
41 47
41 54
41 55
41 56
41 62
41 63
41 68
41 72
41 73
41 74
41 76
41 77
41 80
41 82
41 83
41 94
41 104
41 114
41 115
42 42
42 43
42 44
42 45
42 46
42 47
42 49
42 53
42 55
42 98
42 111
42 115
43 43
43 44
43 45
43 46
43 47
43 49
43 53
43 55
43 90
43 98
43 99
43 110
43 111
44 44
44 45
44 46
44 47
44 48
44 49
44 51
44 53
44 55
44 71
44 90
44 96
44 98
44 107
44 110
44 111
45 45
45 46
45 47
45 49
45 51
45 53
45 55
45 65
45 67
45 71
45 90
45 105
45 107
45 110
46 46
46 47
46 48
46 49
46 51
46 53
46 54
46 55
46 71
46 94
46 96
46 98
46 107
46 110
46 111
47 47
47 49
47 53
47 55
47 71
47 90
47 95
47 96
47 97
47 98
47 99
47 105
47 107
47 110
47 111
48 48
48 49
48 50
48 51
48 52
48 53
48 54
48 55
48 58
48 59
48 71
48 96
48 98
48 107
49 49
49 51
49 52
49 53
49 54
49 55
49 98
49 107
50 50
50 51
50 52
50 53
50 54
50 55
50 64
50 66
50 84
50 88
50 98
51 51
51 52
51 53
51 54
51 55
51 58
51 59
51 61
51 65
51 71
51 107
52 52
52 53
52 54
52 55
52 58
52 59
52 61
52 63
52 66
52 89
52 105
52 107
53 53
53 54
53 55
53 71
53 90
53 96
53 98
53 99
53 105
53 107
53 110
53 111
53 114
54 54
54 55
54 71
54 84
54 90
54 94
54 95
54 96
54 97
54 98
54 109
54 115
55 55
55 71
55 87
55 90
55 95
55 96
55 97
55 98
55 99
55 105
55 107
55 109
55 110
55 111
56 56
56 57
56 62
56 63
56 66
56 68
56 72
56 73
56 74
56 75
56 76
56 78
56 79
56 80
56 81
56 86
56 89
56 101
57 57
57 63
57 68
57 78
57 79
57 80
57 81
57 84
57 86
57 87
57 88
57 89
57 113
58 58
58 59
58 60
58 61
58 62
58 63
58 66
58 68
58 69
58 89
59 59
59 61
59 63
59 66
59 89
59 107
60 60
60 61
60 62
60 63
60 65
60 69
60 72
60 82
60 83
60 101
61 61
61 62
61 63
61 65
61 66
61 68
61 72
61 73
61 74
61 89
62 62
62 63
62 66
62 68
62 72
62 73
62 74
62 76
62 79
62 80
62 81
62 82
62 83
62 101
62 102
63 63
63 66
63 68
63 72
63 73
63 74
63 75
63 76
63 79
63 80
63 81
63 89
63 115
64 64
64 65
64 67
64 82
64 84
64 85
64 88
64 92
65 65
65 67
66 66
66 68
66 74
66 82
66 88
66 101
67 67
67 69
67 90
67 91
67 92
67 105
67 107
67 110
68 68
68 72
68 73
68 74
68 75
68 76
68 78
68 79
68 80
68 81
68 89
68 94
68 101
69 69
69 90
69 91
69 92
69 93
70 70
70 71
70 73
70 74
70 75
70 76
70 77
70 79
70 81
70 108
71 71
71 75
71 107
71 110
72 72
72 73
72 74
72 75
72 76
72 78
72 79
72 80
72 81
72 83
72 101
73 73
73 74
73 75
73 76
73 77
73 78
73 79
73 80
73 81
73 101
73 108
73 112
74 74
74 75
74 76
74 77
74 78
74 79
74 80
74 81
74 83
74 101
75 75
75 76
75 77
75 79
75 81
75 102
75 112
75 113
76 76
76 77
76 78
76 79
76 80
76 81
76 82
76 83
76 84
76 86
76 94
76 101
76 102
76 115
77 77
77 79
77 80
77 84
77 86
77 88
77 99
77 110
77 111
77 112
77 113
77 114
78 78
78 79
78 80
78 81
78 87
78 89
78 95
78 97
79 79
79 80
79 81
79 84
79 85
79 101
79 108
79 112
80 80
80 81
80 83
81 81
81 85
81 101
81 108
82 82
82 83
82 84
82 86
82 88
82 94
82 104
82 115
83 83
83 85
83 94
83 100
83 101
83 102
83 104
84 84
84 85
84 86
84 88
84 101
84 103
84 104
84 108
84 109
84 113
85 85
85 88
85 101
85 108
86 86
86 87
86 88
86 89
86 95
86 97
86 114
87 87
87 88
87 89
87 95
87 96
87 97
87 98
87 99
87 103
87 108
87 109
87 110
88 88
88 89
88 93
88 104
88 110
88 113
88 114
88 115
89 89
89 104
90 90
90 91
90 92
90 93
90 97
90 98
90 99
90 103
90 105
90 107
90 110
90 111
91 91
91 92
91 93
91 97
91 98
91 99
91 100
91 103
91 105
91 110
91 111
91 112
91 113
92 92
92 93
92 100
92 101
92 102
92 103
92 104
92 113
93 93
93 99
93 100
93 101
93 102
93 103
93 104
93 111
93 113
93 114
94 94
94 102
94 108
94 115
95 95
95 96
95 97
95 98
95 99
95 103
95 108
95 109
95 110
95 111
96 96
96 97
96 98
96 99
96 105
96 109
96 110
96 111
97 97
97 98
97 99
97 103
97 108
97 109
97 110
97 111
97 112
97 113
98 98
98 99
98 103
98 109
98 110
98 111
98 112
98 113
99 99
99 103
99 105
99 106
99 109
99 110
99 111
99 112
99 113
99 114
100 100
100 102
100 104
101 101
101 102
101 103
101 108
101 113
102 102
102 103
102 104
102 112
102 113
102 114
102 115
103 103
103 104
103 108
103 109
103 113
103 115
104 104
104 114
104 115
105 105
105 106
105 107
105 110
105 114
105 115
106 106
106 107
106 114
107 107
107 110
107 114
108 108
108 109
109 109
109 110
109 111
109 112
110 110
110 111
110 113
111 111
111 112
111 113
112 112
112 113
113 113
113 114
113 115
114 114
114 115
115 115
