0 0
0 1
0 6
0 7
0 12
0 13
0 16
0 17
0 29
0 32
0 33
0 58
0 60
0 62
0 72
0 74
0 76
0 80
0 91
0 100
0 101
0 102
0 103
1 1
1 6
1 7
1 11
1 13
1 15
1 16
1 17
1 19
1 29
1 32
1 33
1 40
1 56
1 58
1 60
1 61
1 62
1 63
1 65
1 68
1 72
1 78
1 79
1 80
1 83
1 90
1 92
1 100
1 102
1 103
1 109
2 2
2 3
2 4
2 8
2 10
2 14
2 18
2 20
2 21
2 22
2 23
2 24
2 25
2 27
2 30
2 31
2 42
2 43
2 46
2 50
2 51
2 53
2 64
2 70
2 82
2 84
2 86
2 88
2 94
2 96
3 3
3 4
3 5
3 7
3 8
3 9
3 11
3 14
3 15
3 18
3 20
3 21
3 22
3 23
3 25
3 27
3 31
3 34
3 41
3 67
3 83
3 85
3 87
3 89
3 92
4 4
4 8
4 9
4 20
4 23
4 24
4 26
4 30
5 5
5 7
5 8
5 9
5 10
5 14
5 18
5 22
5 23
5 24
5 25
5 27
5 31
5 64
5 67
5 88
5 93
6 6
6 7
6 9
6 12
6 13
6 33
6 45
6 49
6 58
6 64
6 65
6 67
6 72
6 73
6 74
6 92
6 100
6 101
6 102
6 103
7 7
7 8
7 9
7 11
7 13
7 15
7 45
7 49
7 61
7 64
7 65
7 67
7 92
7 95
7 100
7 101
7 102
7 103
7 109
8 8
8 9
8 10
8 14
8 15
8 19
8 22
8 23
8 24
8 25
8 30
8 31
8 41
8 64
8 82
8 83
8 88
9 9
9 13
9 15
9 31
9 35
9 64
9 65
9 92
10 10
10 11
10 14
10 18
10 19
10 22
10 23
10 25
10 27
10 50
10 53
10 64
10 82
10 84
10 85
10 86
10 88
10 93
11 11
11 13
11 14
11 15
11 19
11 25
11 28
11 29
11 36
11 38
11 41
11 67
11 72
11 76
11 77
11 83
11 85
11 92
11 109
12 12
12 13
12 16
12 32
12 44
12 45
12 48
12 49
12 52
12 65
12 101
12 110
13 13
13 15
13 16
13 29
13 45
13 48
13 49
13 61
13 65
13 67
13 89
13 92
13 100
13 101
13 102
14 14
14 15
14 20
14 21
14 22
14 23
14 24
14 25
14 26
14 27
14 38
14 50
14 57
14 82
14 83
14 84
14 85
14 86
14 87
14 88
14 89
14 93
15 15
15 25
15 26
15 29
15 38
15 41
15 59
15 62
15 76
15 77
15 79
15 83
15 92
15 95
15 109
16 16
16 17
16 28
16 29
16 32
16 33
16 52
16 56
16 58
16 59
16 60
16 61
16 62
16 63
16 66
16 68
16 72
16 74
16 76
16 78
16 79
16 80
16 81
16 101
16 102
16 103
17 17
17 19
17 28
17 29
17 32
17 33
17 52
17 56
17 58
17 59
17 60
17 61
17 62
17 63
17 66
17 68
17 72
17 73
17 74
17 76
17 78
17 79
17 80
17 81
17 83
17 91
17 98
17 99
17 101
17 102
17 103
18 18
18 23
18 30
18 31
18 64
18 66
18 67
18 88
18 108
19 19
19 23
19 28
19 56
19 62
19 68
19 69
19 72
19 73
19 74
19 78
19 83
19 90
19 91
19 93
19 114
20 20
20 21
20 22
20 23
20 24
20 25
20 26
20 27
20 30
20 31
20 38
20 42
20 43
20 46
20 48
20 50
20 51
20 53
20 55
20 57
20 70
20 71
20 82
20 84
20 85
20 86
20 87
20 88
20 89
20 94
20 96
21 21
21 22
21 23
21 24
21 25
21 26
21 27
21 30
21 31
21 36
21 37
21 38
21 39
21 43
21 46
21 54
21 55
21 70
21 71
21 82
21 84
21 85
21 86
21 87
21 88
21 89
21 94
21 96
21 97
21 110
22 22
22 23
22 24
22 25
22 26
22 27
22 30
22 31
22 34
22 42
22 43
22 46
22 50
22 51
22 53
22 57
22 70
22 82
22 84
22 85
22 86
22 87
22 88
22 94
22 96
22 114
23 23
23 24
23 25
23 27
23 30
23 31
23 50
23 64
23 82
23 84
23 85
23 86
23 87
23 88
23 94
24 24
24 25
24 26
24 27
24 30
24 31
24 43
24 50
24 57
24 82
24 84
24 85
24 86
24 87
24 88
24 96
25 25
25 26
25 27
25 30
25 31
25 38
25 39
25 40
25 82
25 83
25 84
25 85
25 86
25 87
25 88
25 94
25 109
26 26
26 27
26 37
26 38
26 39
26 41
26 46
26 48
26 50
26 52
26 54
26 55
26 57
26 59
26 71
26 85
26 89
26 96
26 104
27 27
27 31
27 38
27 39
27 57
27 70
27 82
27 83
27 84
27 85
27 86
27 87
27 88
27 89
27 94
27 114
27 115
28 28
28 29
28 36
28 37
28 38
28 56
28 62
28 63
28 68
28 69
28 72
28 74
28 76
28 79
28 80
28 81
28 83
28 84
28 85
28 111
29 29
29 32
29 33
29 36
29 37
29 38
29 39
29 41
29 54
29 60
29 62
29 63
29 72
29 73
29 74
29 75
29 76
29 77
29 79
29 80
29 81
29 83
29 98
29 102
29 103
30 30
30 31
30 42
30 43
30 46
30 47
30 50
30 64
30 71
30 82
30 84
30 86
30 88
31 31
31 43
31 45
31 50
31 64
31 67
31 71
31 82
31 84
31 86
31 88
32 32
32 33
32 52
32 56
32 58
32 59
32 60
32 61
32 62
32 63
32 66
32 68
32 72
32 73
32 74
32 76
32 78
32 79
32 80
32 81
32 99
32 101
32 102
32 103
33 33
33 36
33 40
33 56
33 58
33 60
33 61
33 62
33 63
33 65
33 66
33 68
33 72
33 74
33 75
33 76
33 79
33 80
33 81
33 99
33 102
33 103
34 34
34 44
34 45
34 55
34 67
34 74
34 96
34 97
34 104
34 108
34 110
34 114
35 35
35 38
35 39
35 40
35 45
35 94
35 109
35 110
35 115
36 36
36 37
36 38
36 39
36 40
36 52
36 54
36 62
36 70
36 72
36 73
36 74
36 75
36 76
36 77
36 79
36 80
36 81
36 83
36 85
36 94
36 103
36 108
36 109
36 110
36 111
36 115
37 37
37 38
37 39
37 40
37 52
37 54
37 55
37 70
37 71
37 72
37 73
37 75
37 76
37 77
37 85
37 89
37 94
37 96
37 97
37 98
37 103
37 110
37 111
37 113
37 115
38 38
38 39
38 40
38 54
38 55
38 57
38 70
38 71
38 76
38 77
38 79
38 83
38 85
38 87
38 89
38 94
38 96
38 109
38 110
38 111
38 115
39 39
39 40
39 54
39 55
39 57
39 70
39 79
39 83
39 85
39 87
39 89
39 94
39 96
39 97
39 103
39 109
39 110
39 111
39 115
40 40
40 82
40 94
40 100
40 103
40 109
40 115
41 41
41 70
41 72
41 73
41 74
41 75
41 76
41 77
41 83
41 109
42 42
42 43
42 44
42 46
42 47
42 48
42 49
42 50
42 51
42 52
42 53
42 54
42 55
42 57
42 70
42 71
42 75
42 96
42 98
42 99
42 106
42 112
43 43
43 44
43 45
43 46
43 47
43 48
43 49
43 50
43 51
43 53
43 55
43 71
43 75
43 86
43 96
43 98
43 106
44 44
44 45
44 46
44 47
44 48
44 49
44 50
44 51
44 53
44 55
44 65
44 67
44 71
44 96
44 98
44 105
44 106
44 110
45 45
45 48
45 49
45 50
45 51
45 64
45 65
45 67
46 46
46 47
46 48
46 49
46 50
46 51
46 52
46 53
46 54
46 55
46 57
46 70
46 71
46 90
46 96
46 98
46 99
46 106
46 111
46 112
47 47
47 48
47 49
47 50
47 51
47 53
47 55
47 70
47 71
47 73
47 74
47 75
47 90
47 96
47 98
47 99
47 104
47 106
47 110
47 111
47 112
48 48
48 49
48 50
48 51
48 52
48 53
48 54
48 55
48 65
48 71
48 98
48 110
48 112
49 49
49 50
49 51
49 52
49 53
49 65
49 90
49 98
50 50
50 51
50 53
50 55
50 71
50 84
50 86
50 88
50 89
50 96
51 51
51 52
51 53
51 55
51 65
51 89
51 90
51 106
51 112
51 113
52 52
52 53
52 54
52 58
52 59
52 60
52 61
52 63
52 71
52 98
52 112
52 113
53 53
53 54
53 55
53 57
53 70
53 71
53 86
53 98
53 99
53 105
53 106
53 112
53 113
54 54
54 55
54 57
54 59
54 70
54 71
54 76
54 77
54 85
54 87
54 89
54 96
54 98
54 104
54 105
54 110
54 111
54 112
55 55
55 57
55 70
55 71
55 77
55 89
55 96
55 98
55 99
55 104
55 105
55 106
55 110
55 111
55 112
56 56
56 57
56 58
56 60
56 62
56 63
56 68
56 69
56 79
56 80
56 81
56 98
56 99
56 102
57 57
57 59
57 63
57 68
57 69
57 80
57 81
57 84
57 85
57 86
57 88
57 96
57 98
57 104
57 106
57 111
57 112
58 58
58 59
58 60
58 61
58 62
58 63
58 65
58 66
58 68
58 80
58 81
58 98
58 99
58 101
58 102
58 103
59 59
59 60
59 61
59 62
59 63
59 66
59 79
59 80
59 81
59 98
59 101
59 102
59 109
59 111
59 112
60 60
60 61
60 62
60 63
60 66
60 68
60 72
60 79
60 80
60 81
60 101
60 102
60 103
61 61
61 62
61 63
61 65
61 66
61 78
61 79
61 80
61 81
61 101
61 102
61 103
62 62
62 63
62 66
62 68
62 69
62 72
62 73
62 74
62 76
62 77
62 78
62 79
62 80
62 81
62 83
62 102
62 103
63 63
63 66
63 68
63 72
63 76
63 78
63 79
63 80
63 81
63 98
63 99
63 101
63 102
63 103
63 111
63 112
64 64
64 65
64 66
64 67
64 88
65 65
65 67
65 92
65 100
65 101
65 102
66 66
66 67
66 68
66 77
66 78
66 79
66 80
66 95
66 101
66 102
66 103
67 67
67 108
67 110
68 68
68 69
68 72
68 74
68 80
68 81
68 91
68 99
69 69
69 70
69 80
69 81
69 83
69 85
69 87
69 90
69 91
69 93
69 96
69 97
69 99
69 104
69 105
69 106
69 111
69 112
69 114
70 70
70 77
70 82
70 87
70 94
70 95
70 96
70 97
70 108
70 109
70 111
70 112
71 71
71 75
71 96
71 98
71 105
71 107
72 72
72 73
72 74
72 75
72 76
72 77
72 80
72 81
72 83
72 98
72 99
72 102
72 103
73 73
73 74
73 75
73 76
73 81
73 90
73 91
73 98
73 99
73 102
73 103
73 108
74 74
74 75
74 76
74 77
74 80
74 81
74 83
74 90
74 99
75 75
75 76
75 77
75 96
76 76
76 77
76 79
76 80
76 81
76 83
76 95
76 99
76 102
76 103
76 108
76 110
77 77
77 83
77 92
77 93
77 95
77 96
77 104
77 108
77 109
77 111
78 78
78 79
78 80
78 81
78 94
78 97
78 102
78 103
78 113
78 114
78 115
79 79
79 80
79 81
79 83
79 115
80 80
80 81
80 83
80 98
80 102
80 103
80 111
81 81
81 98
81 99
81 102
81 103
81 104
81 107
81 112
82 82
82 83
82 84
82 85
82 86
82 87
82 88
82 94
83 83
83 85
83 87
83 92
83 109
84 84
84 85
84 86
84 87
84 88
84 107
85 85
85 86
85 87
85 88
85 89
85 94
85 96
85 115
86 86
86 87
86 88
87 87
87 88
87 94
87 96
87 97
87 110
87 115
88 88
88 89
88 114
89 89
89 96
89 115
90 90
90 91
90 92
90 98
90 99
90 102
90 106
90 112
91 91
91 92
91 93
91 98
91 99
91 101
91 102
91 103
91 112
91 113
92 92
92 93
92 95
92 100
92 101
92 102
92 103
92 104
92 109
92 110
93 93
93 95
93 99
93 100
93 101
93 102
93 103
93 104
93 108
93 113
94 94
94 97
94 113
94 114
94 115
95 95
95 101
95 103
95 104
95 108
95 109
95 113
96 96
96 97
96 104
96 105
96 106
96 110
96 111
97 97
97 104
97 105
97 106
97 107
97 114
97 115
98 98
98 99
98 106
98 111
98 112
99 99
99 101
99 102
99 103
99 104
99 105
99 106
99 111
99 112
99 113
100 100
100 101
100 102
100 103
100 109
100 113
101 101
101 102
101 103
101 108
101 113
102 102
102 103
102 104
103 103
103 108
103 109
103 113
104 104
104 105
104 106
104 111
104 114
105 105
105 106
105 107
105 114
106 106
106 107
106 114
107 107
107 114
107 115
108 108
108 110
108 111
108 112
108 113
109 109
110 110
110 111
111 111
111 112
112 112
112 113
113 113
114 114
114 115
115 115
