0 0
0 1
0 6
0 10
0 12
0 14
0 15
0 16
0 18
0 19
0 28
0 29
0 32
0 56
0 57
0 58
0 60
0 61
0 63
0 68
0 72
0 74
0 76
0 89
0 100
0 101
1 1
1 3
1 7
1 10
1 16
1 18
1 19
1 29
1 32
1 33
1 41
1 56
1 57
1 59
1 61
1 62
1 63
1 68
1 69
1 73
1 74
1 75
1 76
1 77
1 78
1 80
1 95
1 100
2 2
2 3
2 4
2 6
2 7
2 8
2 9
2 11
2 14
2 18
2 22
2 28
2 30
2 31
2 34
2 44
2 46
2 48
2 50
2 58
2 60
2 64
2 70
2 82
2 83
2 84
2 88
3 3
3 5
3 7
3 15
3 18
3 22
3 23
3 26
3 52
3 64
3 65
3 83
3 84
3 85
3 88
3 89
3 90
3 92
4 4
4 5
4 6
4 7
4 8
4 9
4 14
4 15
4 18
4 20
4 22
4 24
4 26
4 28
4 29
4 30
4 34
4 48
4 50
4 53
4 58
4 60
4 64
4 70
4 71
4 72
4 75
4 82
4 83
5 5
5 7
5 8
5 9
5 13
5 14
5 15
5 22
5 24
5 26
5 27
5 34
5 50
5 52
5 54
5 64
5 65
5 70
5 71
5 83
5 84
5 85
5 88
5 89
5 92
6 6
6 7
6 8
6 10
6 11
6 13
6 14
6 18
6 19
6 22
6 28
6 29
6 32
6 33
6 44
6 50
6 60
6 64
6 72
6 75
6 76
6 83
7 7
7 9
7 11
7 13
7 15
7 29
7 33
7 61
7 64
7 65
7 67
7 75
7 83
7 85
7 90
7 92
8 8
8 9
8 12
8 13
8 14
8 15
8 22
8 24
8 26
8 34
8 48
8 50
8 53
8 58
8 60
8 64
8 65
8 70
8 71
8 72
8 75
8 82
8 88
9 9
9 12
9 13
9 14
9 15
9 16
9 22
9 24
9 30
9 64
9 65
9 70
9 71
9 73
9 75
9 84
9 88
10 10
10 12
10 14
10 15
10 16
10 18
10 19
10 22
10 28
10 29
10 32
10 33
10 38
10 56
10 61
10 72
10 75
10 76
10 82
10 84
10 100
11 11
11 13
11 17
11 23
11 65
11 83
11 84
11 85
11 90
11 92
12 12
12 13
12 14
12 15
12 16
12 22
12 24
12 28
12 30
12 38
12 60
12 65
12 71
12 72
12 82
12 86
12 88
13 13
13 14
13 15
13 16
13 17
13 29
13 30
13 50
13 60
13 64
13 65
13 70
13 71
13 72
13 83
13 86
14 14
14 15
14 16
14 22
14 24
14 26
14 28
14 29
14 34
14 36
14 38
14 50
14 53
14 60
14 64
14 70
14 71
14 72
14 82
14 83
14 84
14 86
14 88
15 15
15 16
15 26
15 28
15 29
15 38
15 54
15 65
15 72
15 73
15 75
15 87
15 89
15 95
15 100
16 16
16 17
16 19
16 28
16 29
16 32
16 36
16 38
16 56
16 57
16 60
16 62
16 63
16 68
16 72
16 73
16 74
16 75
16 76
16 78
16 79
16 80
16 81
16 100
17 17
17 25
17 28
17 29
17 57
17 62
17 72
17 76
17 78
17 79
17 80
17 81
17 88
17 103
17 114
17 115
18 18
18 19
18 28
18 29
18 32
18 52
18 68
18 72
18 73
18 74
18 75
18 76
18 81
18 83
18 91
18 101
19 19
19 28
19 29
19 32
19 33
19 56
19 57
19 61
19 68
19 69
19 72
19 74
19 75
19 76
19 80
19 81
19 99
20 20
20 21
20 24
20 26
20 29
20 30
20 32
20 36
20 38
20 39
20 40
20 63
20 70
20 71
20 72
20 73
20 74
20 75
20 76
20 77
20 79
21 21
21 23
21 24
21 25
21 27
21 30
21 31
21 35
21 36
21 37
21 38
21 39
21 40
21 62
21 67
21 71
21 73
21 79
21 86
21 87
21 96
21 97
21 105
21 106
21 109
21 110
21 111
21 113
22 22
22 23
22 24
22 25
22 26
22 27
22 30
22 31
22 34
22 50
22 64
22 70
22 82
22 84
22 86
22 88
22 93
22 114
22 115
23 23
23 24
23 25
23 27
23 31
23 35
23 67
23 84
23 85
23 86
23 87
23 88
23 89
23 92
23 96
23 103
23 104
23 109
23 110
23 114
23 115
24 24
24 25
24 27
24 30
24 31
24 34
24 35
24 64
24 70
24 71
24 73
24 75
24 78
24 86
24 88
24 105
24 106
25 25
25 27
25 31
25 35
25 43
25 47
25 67
25 86
25 87
25 88
25 92
25 93
25 94
25 97
25 103
25 104
25 105
25 106
25 107
25 110
25 114
25 115
26 26
26 27
26 28
26 29
26 34
26 36
26 50
26 60
26 64
26 82
26 83
26 84
26 85
26 88
26 89
27 27
27 34
27 35
27 37
27 39
27 52
27 54
27 58
27 82
27 84
27 85
27 86
27 87
27 88
27 89
27 92
27 93
27 94
27 96
27 97
27 103
27 104
27 106
27 110
27 114
28 28
28 29
28 32
28 36
28 40
28 60
28 64
28 72
28 74
28 76
28 79
28 81
28 82
28 83
28 84
29 29
29 32
29 33
29 36
29 38
29 40
29 60
29 61
29 63
29 72
29 73
29 74
29 75
29 76
29 77
29 78
29 79
29 80
29 81
29 83
29 95
30 30
30 31
30 32
30 33
30 35
30 60
30 64
30 67
30 70
30 71
30 75
30 84
30 85
30 86
31 31
31 33
31 35
31 45
31 64
31 67
31 71
31 86
31 87
31 96
31 109
31 110
32 32
32 33
32 36
32 41
32 56
32 57
32 59
32 60
32 61
32 62
32 63
32 66
32 68
32 72
32 74
32 75
32 76
32 77
32 79
32 80
32 99
32 100
33 33
33 35
33 61
33 62
33 63
33 64
33 65
33 66
33 67
33 72
33 75
33 76
33 77
33 80
33 81
34 34
34 35
34 64
34 66
34 67
34 84
34 85
34 86
34 104
34 105
35 35
35 45
35 65
35 66
35 67
35 86
35 88
35 106
36 36
36 37
36 38
36 39
36 40
36 55
36 60
36 72
36 73
36 74
36 76
36 77
36 79
36 82
36 84
36 86
36 95
36 97
37 37
37 38
37 39
37 40
37 41
37 54
37 55
37 68
37 73
37 74
37 76
37 77
37 87
37 89
37 94
37 95
37 96
37 97
37 99
37 100
37 105
37 108
37 109
37 110
37 111
37 113
37 114
37 115
38 38
38 39
38 40
38 54
38 55
38 56
38 60
38 72
38 77
38 82
38 86
38 89
38 95
38 99
38 100
38 102
38 105
38 109
39 39
39 40
39 41
39 55
39 87
39 89
39 95
39 97
39 99
39 109
39 110
39 111
40 40
40 55
40 60
40 72
40 74
40 76
40 77
40 79
40 81
40 82
40 87
40 94
40 95
40 97
40 101
40 109
41 41
41 55
41 56
41 57
41 59
41 61
41 63
41 68
41 69
41 73
41 74
41 75
41 76
41 77
41 96
41 98
41 99
41 100
41 110
41 111
41 113
42 42
42 43
42 44
42 45
42 46
42 47
42 48
42 49
42 50
42 51
42 52
42 53
42 55
42 90
42 91
42 94
42 98
42 105
42 107
42 112
43 43
43 44
43 45
43 46
43 47
43 48
43 49
43 51
43 53
43 55
43 67
43 90
43 96
43 98
43 99
43 107
43 111
43 112
44 44
44 45
44 46
44 47
44 48
44 49
44 50
44 51
44 53
44 55
44 91
44 98
44 111
44 112
45 45
45 46
45 47
45 48
45 49
45 51
45 55
45 67
45 69
45 96
45 98
45 111
45 112
46 46
46 47
46 48
46 49
46 50
46 51
46 52
46 53
46 55
46 58
46 90
46 91
46 94
46 98
46 101
46 112
47 47
47 48
47 49
47 51
47 53
47 55
47 67
47 69
47 90
47 91
47 96
47 98
47 99
47 110
47 111
47 112
47 113
48 48
48 49
48 50
48 51
48 52
48 53
48 55
48 58
48 69
48 90
48 91
48 98
48 111
48 112
49 49
49 50
49 51
49 52
49 53
49 55
49 59
49 69
49 90
49 91
49 98
49 99
49 101
49 107
49 111
49 112
50 50
50 51
50 52
50 53
50 58
50 64
50 83
50 88
50 90
51 51
51 52
51 53
51 55
51 58
51 69
51 90
51 91
51 98
51 107
51 111
51 112
52 52
52 53
52 54
52 55
52 58
52 83
52 88
52 89
52 90
52 94
52 98
52 114
53 53
53 55
53 82
53 83
53 90
53 91
53 101
54 54
54 82
54 85
54 87
54 88
54 89
54 93
54 94
54 95
54 96
54 97
54 100
54 102
54 103
54 104
54 105
54 107
54 108
54 113
54 114
54 115
55 55
55 56
55 91
55 95
55 96
55 97
55 98
55 99
55 101
55 103
55 110
55 111
55 112
55 113
56 56
56 57
56 59
56 61
56 62
56 63
56 68
56 73
56 74
56 76
56 79
56 80
56 95
56 99
56 100
57 57
57 59
57 61
57 62
57 63
57 68
57 69
57 73
57 74
57 76
57 77
57 78
57 79
57 80
57 81
57 99
57 115
58 58
58 59
58 60
58 61
58 66
58 82
58 89
59 59
59 61
59 62
59 63
59 66
59 67
59 69
59 98
59 100
59 107
59 110
59 111
60 60
60 61
60 62
60 63
60 64
60 66
60 72
60 75
60 82
61 61
61 62
61 63
61 65
61 66
61 73
61 74
61 75
61 76
61 77
61 80
61 100
62 62
62 63
62 73
62 78
62 79
62 80
62 81
62 87
62 96
62 99
62 100
62 102
62 108
63 63
63 66
63 73
63 74
63 75
63 76
63 78
63 79
63 80
63 81
64 64
64 65
64 70
64 82
64 83
64 84
64 88
65 65
65 67
65 84
65 85
65 89
65 92
66 66
66 67
66 69
67 67
67 69
67 85
67 96
67 98
67 110
68 68
68 69
68 73
68 74
68 76
68 78
68 79
68 80
68 95
68 97
68 99
68 101
68 103
68 113
69 69
69 98
69 99
69 110
69 111
69 112
70 70
70 71
70 73
70 74
70 75
70 86
71 71
71 73
71 75
71 86
72 72
72 73
72 74
72 75
72 76
72 77
72 78
72 79
72 80
72 81
72 82
73 73
73 74
73 75
73 76
73 77
73 79
73 81
74 74
74 75
74 76
74 77
74 78
74 79
74 80
74 81
75 75
75 76
75 77
75 81
76 76
76 77
76 78
76 79
76 80
76 81
77 77
77 95
77 99
77 109
78 78
78 79
78 80
78 81
78 97
79 79
79 80
79 81
80 80
80 81
80 100
81 81
82 82
82 83
82 84
82 86
82 87
82 88
82 91
82 93
83 83
83 84
83 85
83 88
83 90
83 92
84 84
84 85
84 87
84 88
84 89
84 92
85 85
85 87
85 89
85 92
85 95
85 97
85 109
86 86
86 87
86 88
86 96
86 97
86 104
86 105
86 106
86 114
87 87
87 88
87 89
87 95
87 96
87 97
87 102
87 103
87 104
87 105
87 108
87 110
87 113
87 114
88 88
88 89
88 92
88 93
88 94
88 103
88 104
88 105
88 114
88 115
89 89
89 93
89 94
89 95
89 97
89 100
89 107
89 114
90 90
90 91
90 92
90 93
90 94
90 98
90 104
90 111
90 114
90 115
91 91
91 93
91 99
91 100
91 101
91 102
91 103
91 104
91 105
91 110
91 111
91 113
91 114
91 115
92 92
92 93
92 94
92 106
92 108
92 114
92 115
93 93
93 94
93 97
93 101
93 103
93 104
93 105
93 106
93 107
93 108
93 113
93 114
93 115
94 94
94 95
94 96
94 97
94 101
94 103
94 105
94 107
94 108
94 113
94 114
94 115
95 95
95 96
95 97
95 99
95 100
95 107
95 108
95 109
95 112
96 96
96 97
96 98
96 99
96 103
96 104
96 108
96 109
96 110
96 111
96 112
96 114
97 97
97 99
97 103
97 105
97 106
97 107
97 108
97 109
97 110
97 113
97 114
97 115
98 98
98 99
98 108
98 110
98 111
98 112
99 99
99 100
99 101
99 102
99 103
99 110
99 111
99 112
99 113
100 100
100 101
100 102
100 103
100 109
100 113
101 101
101 102
101 103
101 109
101 113
102 102
102 103
102 104
102 105
102 107
102 109
102 111
102 112
102 113
103 103
103 104
103 105
103 106
103 107
103 113
103 114
103 115
104 104
104 105
104 106
104 107
104 108
104 110
104 111
104 113
104 114
104 115
105 105
105 106
105 107
105 113
105 114
105 115
106 106
106 107
106 114
107 107
107 114
107 115
108 108
108 114
108 115
109 109
109 111
110 110
110 111
110 112
110 113
111 111
111 112
111 113
112 112
112 113
113 113
113 114
113 115
114 114
114 115
115 115
