0 0
0 1
0 10
0 11
0 12
0 13
0 14
0 15
0 16
0 17
0 19
0 26
0 56
0 57
0 58
0 60
0 61
0 62
0 63
0 69
0 80
0 86
0 93
0 101
0 109
1 1
1 11
1 13
1 14
1 15
1 17
1 19
1 51
1 53
1 56
1 57
1 58
1 59
1 61
1 63
1 68
1 69
1 75
1 77
1 90
1 100
1 101
1 102
1 103
1 104
1 109
1 111
2 2
2 4
2 6
2 7
2 8
2 9
2 12
2 14
2 18
2 22
2 50
2 54
2 58
2 60
2 64
2 66
2 88
2 91
2 93
2 103
3 3
3 5
3 7
3 13
3 21
3 23
3 25
3 27
3 30
3 31
3 34
3 35
3 45
3 64
3 65
3 67
3 71
3 88
3 89
3 90
3 92
3 115
4 4
4 5
4 6
4 8
4 9
4 12
4 14
4 18
4 19
4 22
4 23
4 58
4 60
4 64
4 88
4 91
4 92
4 93
4 100
4 101
4 102
5 5
5 7
5 8
5 9
5 11
5 15
5 19
5 23
5 25
5 26
5 27
5 35
5 41
5 92
6 6
6 7
6 8
6 9
6 12
6 14
6 18
6 19
6 32
6 33
6 58
6 60
6 64
6 66
6 88
6 91
6 92
6 93
6 100
6 101
6 102
6 103
7 7
7 9
7 11
7 13
7 15
7 23
7 25
7 27
7 60
7 61
7 64
7 65
7 88
7 90
7 92
7 102
8 8
8 9
8 14
8 18
8 19
8 23
8 53
8 64
8 88
8 91
8 92
8 93
8 100
8 102
8 106
9 9
9 11
9 13
9 15
9 19
9 23
9 33
9 41
9 65
9 75
9 90
9 92
9 98
9 100
9 102
10 10
10 12
10 13
10 14
10 16
10 22
10 33
10 50
10 58
10 60
10 64
10 74
10 76
10 78
10 81
10 82
10 84
10 86
10 88
10 92
10 114
11 11
11 12
11 13
11 14
11 15
11 16
11 17
11 26
11 27
11 33
11 35
11 37
11 41
11 58
11 60
11 61
11 63
11 65
11 67
11 69
11 71
11 75
11 84
11 88
11 89
11 92
12 12
12 13
12 14
12 15
12 16
12 22
12 33
12 50
12 58
12 60
12 61
12 64
12 65
12 78
12 79
12 84
12 88
12 92
13 13
13 14
13 15
13 16
13 26
13 27
13 33
13 37
13 58
13 60
13 61
13 63
13 64
13 65
13 71
13 75
13 88
13 92
14 14
14 15
14 22
14 26
14 27
14 33
14 50
14 54
14 58
14 60
14 61
14 64
14 65
14 88
14 92
14 93
15 15
15 16
15 17
15 26
15 27
15 29
15 33
15 41
15 58
15 60
15 61
15 62
15 63
15 65
15 71
15 75
15 78
15 81
15 83
15 92
15 101
16 16
16 17
16 28
16 29
16 36
16 38
16 39
16 56
16 60
16 62
16 63
16 72
16 74
16 78
16 79
16 80
16 81
16 83
16 85
16 94
16 101
16 114
17 17
17 28
17 29
17 36
17 37
17 39
17 41
17 56
17 57
17 62
17 63
17 72
17 73
17 74
17 76
17 78
17 79
17 80
17 81
17 83
17 101
17 114
18 18
18 19
18 24
18 28
18 30
18 31
18 32
18 33
18 36
18 66
18 72
18 77
18 82
18 87
18 91
18 102
18 107
19 19
19 23
19 34
19 53
19 57
19 58
19 59
19 63
19 68
19 69
19 73
19 90
19 91
19 93
19 100
19 101
19 102
19 103
19 107
19 109
20 20
20 21
20 25
20 27
20 30
20 31
20 35
20 37
20 40
20 41
20 42
20 43
20 44
20 45
20 46
20 47
20 48
20 67
20 77
20 96
20 105
20 110
21 21
21 23
21 25
21 28
21 30
21 31
21 35
21 37
21 39
21 42
21 67
21 78
21 79
21 80
21 83
21 85
21 87
21 94
21 96
21 115
22 22
22 23
22 24
22 26
22 34
22 48
22 50
22 54
22 58
22 60
22 64
22 65
22 67
22 76
22 84
22 88
23 23
23 24
23 25
23 27
23 30
23 31
23 34
23 35
23 64
23 65
23 84
23 88
23 92
23 93
23 104
24 24
24 25
24 30
24 31
24 32
24 34
24 50
24 64
24 66
24 82
24 85
24 87
24 89
24 91
25 25
25 26
25 27
25 30
25 31
25 33
25 35
25 67
25 83
25 85
25 87
26 26
26 27
26 48
26 54
26 58
26 60
26 61
26 65
26 88
27 27
27 35
27 54
27 58
27 60
27 61
27 65
27 67
27 88
27 92
28 28
28 29
28 36
28 39
28 56
28 62
28 70
28 72
28 74
28 78
28 80
28 81
28 82
28 83
28 85
28 87
28 94
28 95
28 96
28 97
28 99
28 114
29 29
29 30
29 36
29 37
29 39
29 40
29 41
29 56
29 57
29 62
29 63
29 70
29 72
29 73
29 74
29 75
29 76
29 78
29 80
29 81
29 83
29 95
29 101
29 114
30 30
30 31
30 32
30 40
30 44
30 70
30 73
30 82
30 83
30 87
31 31
31 32
31 33
31 35
31 40
31 41
31 64
31 67
31 71
31 77
31 83
31 85
32 32
32 33
32 38
32 59
32 62
32 66
32 68
32 70
32 72
32 77
33 33
33 35
33 37
33 41
33 60
33 63
33 64
33 65
33 67
33 71
33 73
33 74
33 75
33 76
33 77
33 92
34 34
34 35
34 40
34 44
34 66
34 67
34 68
34 77
34 87
34 107
34 110
34 115
35 35
35 44
35 45
35 65
35 67
35 71
35 79
35 84
35 85
35 110
36 36
36 39
36 40
36 56
36 57
36 62
36 68
36 70
36 72
36 74
36 77
36 78
36 79
36 80
36 81
36 83
36 87
36 94
36 95
36 96
36 97
36 101
37 37
37 38
37 39
37 40
37 41
37 62
37 63
37 70
37 71
37 72
37 73
37 74
37 75
37 76
37 77
37 79
37 81
37 95
37 109
38 38
38 39
38 40
38 54
38 72
38 74
38 85
38 96
38 109
38 114
39 39
39 41
39 62
39 72
39 78
39 79
39 80
39 81
39 83
39 85
39 87
39 89
39 94
39 95
39 96
39 97
40 40
40 41
40 63
40 68
40 70
40 71
40 73
40 74
40 75
40 76
40 77
40 95
40 107
40 109
41 41
41 43
41 49
41 62
41 71
41 72
41 73
41 74
41 75
41 76
41 77
41 83
41 95
41 109
42 42
42 43
42 44
42 45
42 46
42 47
42 48
42 49
42 51
42 52
42 55
42 87
42 96
42 97
42 98
42 99
42 104
42 105
42 108
42 110
42 111
42 112
42 113
42 115
43 43
43 44
43 45
43 46
43 47
43 48
43 49
43 51
43 52
43 55
43 70
43 96
43 98
43 99
43 104
43 105
43 110
43 111
43 112
43 113
43 115
44 44
44 45
44 46
44 47
44 48
44 49
44 51
44 52
44 53
44 55
44 96
44 98
44 99
44 104
44 105
44 110
44 111
44 112
44 113
44 115
45 45
45 46
45 47
45 48
45 49
45 51
45 55
45 96
45 98
45 99
45 104
45 105
45 110
45 111
45 112
45 113
45 115
46 46
46 47
46 48
46 49
46 51
46 52
46 53
46 55
46 57
46 86
46 87
46 96
46 98
46 99
46 102
46 104
46 105
46 108
46 110
46 112
46 113
47 47
47 48
47 49
47 51
47 55
47 57
47 70
47 77
47 86
47 96
47 98
47 99
47 104
47 105
47 107
47 108
47 110
47 111
47 112
47 113
47 115
48 48
48 49
48 50
48 51
48 52
48 54
48 55
48 58
48 61
48 86
48 96
48 98
48 103
48 104
48 105
48 110
48 112
48 113
48 114
49 49
49 51
49 52
49 53
49 55
49 57
49 86
49 96
49 98
49 99
49 102
49 103
49 104
49 105
49 106
49 110
49 111
49 112
49 113
50 50
50 54
50 64
50 67
50 84
50 85
50 88
50 89
50 114
51 51
51 52
51 53
51 55
51 57
51 59
51 61
51 86
51 98
51 99
51 100
51 102
51 103
51 104
51 105
51 106
51 107
51 110
51 112
52 52
52 53
52 54
52 55
52 57
52 61
52 87
52 96
52 98
52 99
52 102
52 103
52 105
52 107
52 108
52 112
53 53
53 55
53 57
53 59
53 82
53 91
53 93
53 97
53 98
53 99
53 100
53 102
53 104
53 105
53 106
53 107
53 112
53 115
54 54
54 58
54 60
54 64
54 88
54 89
54 96
55 55
55 57
55 59
55 70
55 82
55 86
55 87
55 91
55 96
55 97
55 98
55 99
55 102
55 104
55 105
55 106
55 107
55 108
55 110
55 112
55 113
56 56
56 57
56 62
56 63
56 68
56 69
56 72
56 73
56 80
56 81
56 83
56 97
56 98
56 99
56 100
56 101
56 111
56 112
57 57
57 59
57 61
57 63
57 68
57 69
57 80
57 86
57 97
57 98
57 99
57 100
57 101
57 102
57 103
57 105
57 111
57 112
58 58
58 59
58 60
58 61
58 63
58 65
58 66
58 69
58 88
58 92
58 93
58 103
58 109
59 59
59 61
59 63
59 66
59 69
59 82
59 91
59 93
59 97
59 102
59 103
59 104
59 105
59 106
59 107
59 115
60 60
60 61
60 62
60 63
60 64
60 65
60 71
60 76
60 88
60 92
60 109
61 61
61 63
61 65
61 69
61 88
61 103
61 104
61 105
62 62
62 63
62 66
62 70
62 72
62 73
62 74
62 76
62 78
62 80
62 81
62 83
62 94
62 95
62 101
62 109
63 63
63 71
63 73
63 74
63 75
63 76
63 77
63 95
63 100
63 101
63 103
63 109
64 64
64 65
64 67
64 84
64 85
64 88
64 89
64 92
65 65
65 67
65 69
65 71
65 84
65 88
65 89
65 92
66 66
66 67
66 82
66 91
66 93
66 102
66 103
66 106
67 67
67 70
67 71
67 77
67 85
67 110
68 68
68 69
68 70
68 71
68 73
68 74
68 75
68 76
68 77
68 87
68 103
68 107
68 108
68 111
68 112
68 115
69 69
69 88
69 97
69 103
69 104
69 105
69 111
70 70
70 71
70 72
70 73
70 74
70 75
70 76
70 77
70 80
70 87
70 95
70 96
70 107
70 110
70 115
71 71
71 73
71 74
71 75
71 76
71 77
71 95
71 109
72 72
72 73
72 74
72 78
72 80
72 81
72 83
72 85
72 94
72 95
72 97
72 99
72 101
73 73
73 74
73 75
73 76
73 77
73 81
73 95
73 109
73 111
74 74
74 75
74 76
74 77
74 79
74 81
74 83
74 95
74 111
75 75
75 76
75 77
75 90
75 92
75 95
75 109
75 111
76 76
76 77
76 109
77 77
77 90
77 107
77 109
77 110
77 113
78 78
78 79
78 80
78 81
78 83
78 84
78 85
78 94
78 96
78 97
78 114
79 79
79 80
79 81
79 85
79 97
80 80
80 81
80 83
80 85
80 87
80 94
80 95
80 96
80 97
80 101
81 81
81 83
81 84
81 85
81 94
81 95
81 97
81 114
82 82
82 86
82 87
82 91
82 93
82 96
82 97
82 99
82 106
82 108
83 83
83 85
83 87
83 94
83 95
83 98
83 99
83 101
83 114
84 84
84 85
84 88
84 89
84 94
85 85
85 89
85 94
85 96
85 97
85 114
86 86
86 90
86 104
86 110
87 87
87 89
87 91
87 94
87 96
87 97
87 99
87 107
87 108
87 110
87 115
88 88
88 89
88 91
88 92
88 93
89 89
89 97
90 90
90 91
90 92
90 93
90 98
90 99
90 100
90 101
90 102
90 103
90 106
90 107
90 108
90 113
91 91
91 93
91 97
91 100
91 101
91 102
91 103
91 107
91 108
91 112
92 92
92 93
92 101
93 93
93 98
93 99
93 101
93 102
93 103
93 104
93 105
93 106
93 107
93 112
94 94
94 96
94 97
94 106
94 114
94 115
95 95
95 97
95 108
95 109
96 96
96 97
96 98
96 99
96 106
96 110
96 113
96 114
97 97
97 99
97 104
97 106
97 108
97 115
98 98
98 99
98 100
98 101
98 102
98 103
98 104
98 105
98 106
98 111
98 112
98 113
98 114
99 99
99 100
99 101
99 102
99 103
99 104
99 106
99 108
99 110
99 111
99 112
99 113
99 114
100 100
100 101
100 102
100 107
100 112
101 101
101 102
101 103
101 104
101 106
101 111
101 112
102 102
102 103
102 104
102 105
102 106
102 107
102 108
102 112
102 113
102 115
103 103
103 104
103 105
103 106
103 107
103 108
103 109
103 111
103 112
103 113
104 104
104 105
104 106
104 110
104 113
104 115
105 105
105 106
105 107
105 110
105 111
105 112
105 113
105 115
106 106
106 111
106 113
106 114
107 107
107 108
107 109
107 110
107 113
107 115
108 108
108 110
108 113
108 115
109 109
109 111
109 113
110 110
110 113
111 111
111 112
111 113
112 112
113 113
114 114
115 115
