0 0
0 1
0 16
0 17
0 18
0 19
0 28
0 40
0 56
0 57
0 58
0 62
0 63
0 68
0 69
0 81
0 82
0 86
0 91
0 107
0 111
1 1
1 16
1 17
1 18
1 19
1 36
1 40
1 56
1 57
1 58
1 59
1 60
1 61
1 62
1 63
1 68
1 69
1 79
1 81
1 90
1 94
1 97
1 102
1 103
1 104
1 105
1 107
2 2
2 4
2 6
2 7
2 8
2 9
2 10
2 12
2 14
2 22
2 24
2 30
2 32
2 34
2 44
2 45
2 48
2 50
2 58
2 60
2 66
2 67
2 91
2 93
2 99
2 100
2 101
2 103
2 110
2 113
3 3
3 5
3 11
3 15
3 23
3 26
3 27
3 36
3 37
3 41
3 52
3 65
3 71
3 73
3 74
3 75
3 76
3 77
3 78
3 79
3 83
3 84
3 85
3 87
3 88
3 89
3 92
3 95
3 112
4 4
4 5
4 6
4 7
4 8
4 9
4 10
4 14
4 24
4 25
4 35
4 42
4 44
4 45
4 48
4 49
4 50
4 51
4 58
4 59
4 66
4 67
4 91
4 93
4 99
4 100
4 101
4 103
4 108
4 112
5 5
5 7
5 9
5 11
5 15
5 23
5 25
5 26
5 27
5 43
5 44
5 45
5 49
5 51
5 53
5 65
5 67
5 78
5 92
5 95
5 97
5 100
5 104
5 105
5 108
5 112
6 6
6 7
6 8
6 9
6 10
6 12
6 14
6 28
6 32
6 44
6 45
6 49
6 58
6 60
6 61
6 91
6 93
6 100
6 101
6 107
7 7
7 8
7 9
7 13
7 15
7 44
7 45
7 49
7 51
7 59
7 61
7 65
7 67
7 90
7 92
7 93
7 100
7 101
8 8
8 9
8 10
8 12
8 14
8 44
8 45
8 50
8 58
8 59
8 60
8 66
8 67
8 93
8 99
8 100
8 101
8 103
9 9
9 10
9 13
9 14
9 15
9 25
9 35
9 44
9 45
9 49
9 50
9 51
9 59
9 61
9 65
9 67
9 91
9 92
9 93
9 100
9 101
10 10
10 11
10 12
10 13
10 14
10 15
10 22
10 34
10 44
10 45
10 48
10 50
10 64
10 67
10 91
10 93
10 99
11 11
11 13
11 15
11 23
11 27
11 31
11 43
11 45
11 49
11 51
11 52
11 55
11 65
11 75
11 78
11 83
11 84
11 85
11 89
11 92
12 12
12 13
12 16
12 28
12 29
12 32
12 40
12 58
12 60
12 61
12 63
12 72
12 94
12 101
12 103
13 13
13 15
13 29
13 45
13 49
13 51
13 54
13 55
13 61
13 65
13 101
14 14
14 15
14 22
14 24
14 30
14 34
14 35
14 44
14 45
14 50
14 64
14 67
14 82
14 86
14 91
14 93
14 99
14 110
15 15
15 23
15 31
15 44
15 45
15 50
15 51
15 55
15 65
15 67
15 83
15 92
15 99
16 16
16 17
16 18
16 27
16 28
16 29
16 36
16 38
16 40
16 41
16 56
16 57
16 60
16 62
16 63
16 72
16 73
16 74
16 75
16 76
16 78
16 79
16 80
16 81
16 87
17 17
17 18
17 27
17 28
17 29
17 36
17 37
17 40
17 41
17 56
17 57
17 62
17 63
17 72
17 73
17 75
17 76
17 77
17 78
17 79
17 80
17 81
17 86
17 87
17 89
17 111
17 113
18 18
18 19
18 28
18 29
18 32
18 36
18 40
18 56
18 57
18 62
18 63
18 68
18 72
18 73
18 74
18 76
18 77
18 79
18 82
18 83
18 111
19 19
19 28
19 40
19 53
19 56
19 57
19 58
19 59
19 61
19 62
19 63
19 68
19 69
19 81
19 82
19 83
19 95
19 104
19 105
20 20
20 21
20 22
20 23
20 24
20 25
20 36
20 40
20 41
20 46
20 55
20 68
20 83
20 96
20 97
21 21
21 27
21 30
21 31
21 36
21 38
21 39
21 40
21 46
21 47
21 54
21 57
21 68
21 70
21 71
21 79
21 80
21 81
21 94
21 95
21 96
21 97
21 104
21 105
21 110
21 114
22 22
22 23
22 24
22 25
22 26
22 30
22 31
22 34
22 35
22 38
22 47
22 50
22 54
22 55
22 57
22 64
22 84
22 86
22 88
22 96
22 99
22 110
22 111
22 113
23 23
23 24
23 25
23 26
23 27
23 30
23 31
23 47
23 50
23 51
23 52
23 53
23 55
23 64
23 65
23 71
23 83
23 84
23 88
23 92
23 110
23 113
24 24
24 25
24 26
24 30
24 31
24 34
24 35
24 46
24 47
24 50
24 51
24 54
24 55
24 64
24 66
24 67
24 88
24 93
24 96
24 98
24 110
24 113
25 25
25 26
25 31
25 34
25 35
25 46
25 50
25 51
25 55
25 66
25 67
25 89
25 90
25 97
25 98
25 100
25 101
25 110
25 114
26 26
26 27
26 34
26 35
26 46
26 47
26 54
26 55
26 68
26 71
26 74
26 84
26 85
26 86
26 88
26 89
26 92
26 97
26 98
26 108
26 110
26 111
27 27
27 37
27 43
27 46
27 47
27 53
27 54
27 65
27 71
27 72
27 74
27 75
27 76
27 77
27 78
27 79
27 80
27 84
27 85
27 87
27 88
27 89
27 92
27 95
27 105
27 109
27 114
28 28
28 29
28 32
28 36
28 40
28 49
28 53
28 56
28 60
28 62
28 63
28 72
28 73
28 74
28 76
28 77
28 79
28 80
28 81
28 82
28 94
29 29
29 31
29 32
29 33
29 36
29 37
29 40
29 41
29 49
29 56
29 62
29 63
29 72
29 73
29 74
29 75
29 76
29 77
29 78
29 79
29 80
29 81
30 30
30 31
30 35
30 39
30 46
30 47
30 55
30 57
30 70
30 71
30 88
30 96
30 99
30 110
30 113
30 114
31 31
31 33
31 39
31 46
31 47
31 54
31 55
31 70
31 71
31 72
31 75
31 87
31 110
31 113
32 32
32 33
32 37
32 39
32 40
32 44
32 60
32 62
32 72
32 73
32 76
32 111
33 33
33 34
33 35
33 47
33 68
33 81
33 107
33 110
33 111
34 34
34 35
34 43
34 44
34 45
34 47
34 50
34 64
34 65
34 66
34 67
34 84
34 85
34 86
34 88
34 108
34 110
34 111
34 113
35 35
35 42
35 43
35 44
35 45
35 47
35 51
35 64
35 65
35 67
35 86
35 88
35 110
35 111
35 113
36 36
36 37
36 38
36 40
36 41
36 56
36 57
36 62
36 63
36 68
36 70
36 71
36 72
36 73
36 74
36 75
36 76
36 77
36 78
36 79
36 80
36 81
36 83
36 87
36 94
36 95
37 37
37 38
37 39
37 41
37 46
37 47
37 54
37 55
37 70
37 71
37 72
37 73
37 74
37 75
37 76
37 77
37 78
37 79
37 83
37 84
37 85
37 87
37 88
37 89
37 111
38 38
38 39
38 40
38 41
38 42
38 46
38 47
38 54
38 55
38 70
38 71
38 72
38 73
38 74
38 75
38 76
38 81
38 95
38 96
38 112
38 115
39 39
39 40
39 41
39 46
39 47
39 54
39 55
39 70
39 71
39 73
39 85
39 87
39 94
39 96
39 110
40 40
40 41
40 56
40 57
40 60
40 62
40 63
40 68
40 69
40 70
40 72
40 73
40 74
40 76
40 79
40 80
40 81
40 87
40 94
40 96
40 107
41 41
41 54
41 56
41 57
41 62
41 63
41 70
41 71
41 72
41 73
41 74
41 75
41 76
41 77
41 78
41 79
41 81
41 83
41 84
41 85
41 86
41 87
41 88
41 89
41 98
41 102
42 42
42 43
42 44
42 45
42 46
42 47
42 48
42 49
42 70
42 72
42 109
42 115
43 43
43 44
43 45
43 46
43 47
43 48
43 49
43 50
43 64
43 65
43 84
43 92
43 109
43 114
44 44
44 45
44 47
44 48
44 49
44 61
44 64
44 65
44 67
44 100
44 115
45 45
45 47
45 48
45 49
45 50
45 51
45 64
45 65
45 67
45 100
45 108
46 46
46 47
46 54
46 55
46 70
46 71
46 85
46 87
46 95
46 96
46 98
46 109
46 110
47 47
47 55
47 64
47 71
47 84
47 86
47 88
47 109
47 110
47 111
47 114
48 48
48 49
48 50
48 51
48 55
48 91
48 93
48 100
48 112
48 114
49 49
49 51
49 55
49 61
49 100
49 105
49 115
50 50
50 51
50 54
50 55
50 64
50 65
50 67
50 88
50 90
50 91
50 92
50 93
50 98
50 100
50 110
50 114
51 51
51 52
51 53
51 55
51 65
51 67
51 90
51 91
51 92
51 98
51 100
51 105
51 114
52 52
52 53
52 58
52 59
52 69
52 78
52 83
52 89
52 90
52 91
53 53
53 56
53 57
53 69
53 79
53 80
53 81
53 91
53 95
53 99
53 105
54 54
54 55
54 71
54 79
54 85
54 87
54 88
54 89
54 96
54 98
54 110
54 113
55 55
55 71
55 89
55 96
55 98
55 99
55 110
55 113
56 56
56 57
56 58
56 62
56 63
56 68
56 69
56 79
56 80
56 81
56 82
56 87
56 89
56 99
57 57
57 60
57 62
57 63
57 68
57 69
57 79
57 80
57 81
57 82
57 87
57 102
57 107
57 111
58 58
58 59
58 60
58 61
58 62
58 63
58 66
58 68
58 69
58 90
58 91
58 93
58 94
58 101
58 102
58 103
58 104
58 105
58 107
59 59
59 60
59 61
59 62
59 63
59 66
59 67
59 68
59 69
59 90
59 91
59 101
59 102
59 103
59 104
59 105
59 107
59 108
60 60
60 61
60 62
60 63
60 66
60 68
60 94
60 101
60 102
60 103
60 107
61 61
61 63
61 65
61 66
61 69
61 82
61 90
61 100
61 102
61 103
61 107
62 62
62 63
62 66
62 68
62 72
62 73
62 74
62 76
62 79
62 80
62 81
62 82
62 83
62 87
63 63
63 66
63 68
63 72
63 73
63 74
63 76
63 79
63 81
63 90
63 102
64 64
64 65
64 67
64 74
64 82
64 84
64 86
64 88
64 93
64 111
65 65
65 67
65 84
65 85
65 89
65 92
65 100
66 66
66 67
66 68
66 93
66 101
66 102
66 103
66 104
67 67
67 93
67 100
67 101
67 108
67 110
68 68
68 69
68 81
68 82
68 91
68 97
68 103
69 69
69 80
69 81
69 90
69 94
69 95
69 97
69 103
69 104
69 105
70 70
70 71
70 72
70 73
70 76
70 77
70 78
70 79
71 71
71 72
71 73
71 74
71 75
71 76
71 77
71 78
71 85
71 88
71 89
71 92
71 113
72 72
72 73
72 74
72 75
72 76
72 77
72 78
72 79
72 80
72 81
72 95
72 109
72 113
73 73
73 74
73 75
73 76
73 77
73 78
73 79
73 81
73 83
73 84
73 85
73 87
73 111
74 74
74 75
74 76
74 77
74 78
74 79
74 83
74 84
74 85
74 86
74 88
74 89
74 111
75 75
75 76
75 77
75 78
75 79
75 83
75 84
75 85
75 86
75 87
75 89
75 111
76 76
76 77
76 78
76 79
76 81
76 83
76 84
76 86
76 87
76 88
76 109
76 111
77 77
77 78
77 79
77 83
77 84
77 85
77 86
77 88
77 92
77 111
78 78
78 79
78 80
78 81
78 89
78 92
78 108
78 112
78 113
79 79
79 80
79 81
79 87
79 89
79 94
79 95
79 105
79 109
80 80
80 81
80 86
80 87
80 94
80 95
81 81
81 85
81 86
81 87
81 111
82 82
82 83
82 84
82 86
82 91
82 106
83 83
83 84
83 85
83 89
83 92
83 95
84 84
84 85
84 86
84 88
84 89
84 111
85 85
85 86
85 87
85 88
85 89
85 92
86 86
86 87
86 88
86 106
86 111
87 87
87 89
87 96
87 106
87 107
87 109
88 88
88 89
88 111
88 113
89 89
89 98
90 90
90 91
90 92
90 93
90 101
90 103
91 91
91 93
91 99
91 101
91 103
92 92
92 93
92 97
92 100
92 108
92 112
93 93
93 99
93 100
93 101
93 103
93 108
93 112
94 94
94 95
94 96
94 97
94 103
94 104
94 105
94 109
94 114
95 95
95 97
95 104
95 105
95 108
95 109
95 112
96 96
96 98
96 103
96 104
96 105
96 109
96 110
97 97
97 98
97 100
97 103
97 104
97 105
97 108
97 112
97 114
98 98
98 99
98 102
98 110
99 99
99 112
99 113
99 115
100 100
100 101
100 102
100 108
101 101
101 102
101 103
101 107
102 102
102 103
102 107
102 108
103 103
103 104
103 105
103 107
103 108
103 114
104 104
104 105
104 106
104 108
104 114
105 105
105 108
105 109
105 114
106 106
106 107
107 107
107 115
108 108
108 113
109 109
110 110
111 111
112 112
113 113
114 114
115 115
