0 0
0 1
0 10
0 16
0 17
0 19
0 32
0 53
0 56
0 57
0 62
0 63
0 68
0 69
0 79
0 80
0 81
0 82
0 83
0 84
0 87
0 89
0 93
0 101
1 1
1 10
1 14
1 17
1 19
1 50
1 51
1 53
1 56
1 57
1 58
1 63
1 68
1 69
1 79
1 80
1 81
1 84
1 86
1 87
1 106
2 2
2 3
2 4
2 5
2 6
2 7
2 8
2 9
2 10
2 11
2 12
2 13
2 15
2 18
2 20
2 22
2 26
2 30
2 38
2 54
2 58
2 60
2 61
2 62
2 65
2 67
2 72
2 75
2 88
3 3
3 5
3 7
3 11
3 18
3 20
3 22
3 23
3 25
3 26
3 27
3 30
3 31
3 38
3 39
3 41
3 70
3 84
3 85
3 86
3 87
3 88
3 89
3 92
4 4
4 5
4 6
4 7
4 8
4 9
4 13
4 14
4 15
4 20
4 24
4 26
4 30
4 40
4 54
4 60
4 61
4 63
4 65
4 72
4 94
4 102
4 104
4 105
4 106
4 108
5 5
5 7
5 8
5 9
5 14
5 15
5 20
5 22
5 24
5 26
5 27
5 30
5 38
5 41
5 94
5 99
5 102
5 104
5 105
5 106
5 108
5 111
5 112
5 114
5 115
6 6
6 7
6 9
6 10
6 11
6 12
6 13
6 18
6 23
6 32
6 33
6 34
6 35
6 54
6 58
6 60
6 61
6 64
6 65
6 67
6 75
6 89
6 93
6 101
6 112
7 7
7 8
7 9
7 11
7 13
7 15
7 29
7 30
7 35
7 38
7 41
7 60
7 61
7 65
7 67
7 71
7 72
7 73
7 74
7 75
8 8
8 9
8 13
8 14
8 15
8 16
8 20
8 24
8 26
8 28
8 30
8 40
8 42
8 54
8 60
8 61
8 65
8 72
8 94
8 105
8 106
8 108
8 114
8 115
9 9
9 10
9 13
9 14
9 15
9 16
9 24
9 28
9 30
9 40
9 41
9 60
9 61
9 65
9 72
9 87
9 95
9 106
9 108
9 111
9 114
10 10
10 11
10 12
10 13
10 14
10 16
10 53
10 54
10 60
10 61
10 62
10 64
10 65
10 75
10 81
10 84
10 86
10 88
10 91
10 93
10 109
10 110
10 114
11 11
11 12
11 13
11 23
11 32
11 35
11 54
11 64
11 65
11 75
11 83
11 84
11 85
11 86
11 88
11 89
11 110
12 12
12 13
12 32
12 34
12 36
12 38
12 52
12 54
12 58
12 60
12 61
12 65
12 67
12 75
12 88
12 94
12 95
12 109
12 110
13 13
13 14
13 15
13 17
13 29
13 30
13 35
13 40
13 41
13 54
13 58
13 60
13 61
13 62
13 63
13 65
13 67
13 72
13 75
13 81
14 14
14 15
14 19
14 20
14 22
14 24
14 26
14 27
14 30
14 42
14 49
14 50
14 51
14 53
14 56
14 57
14 68
14 69
14 72
14 82
14 87
14 94
14 99
14 105
14 106
14 108
14 112
14 113
15 15
15 24
15 26
15 30
15 41
15 61
15 65
15 82
15 86
15 87
15 88
15 89
15 106
16 16
16 17
16 21
16 24
16 28
16 29
16 40
16 43
16 56
16 57
16 60
16 62
16 63
16 71
16 72
16 77
16 78
16 79
16 80
16 81
16 82
16 83
16 91
16 99
17 17
17 29
17 35
17 37
17 39
17 49
17 56
17 57
17 59
17 61
17 62
17 63
17 71
17 73
17 77
17 79
17 80
17 81
17 83
17 89
18 18
18 19
18 20
18 22
18 26
18 27
18 32
18 33
18 38
18 54
18 94
18 96
18 101
18 102
18 108
19 19
19 22
19 23
19 25
19 31
19 33
19 53
19 55
19 56
19 57
19 68
19 69
19 70
19 78
19 82
19 84
19 85
19 87
19 90
19 91
19 92
19 93
19 99
20 20
20 22
20 24
20 26
20 27
20 30
20 38
20 41
20 42
20 43
20 44
20 48
20 49
20 50
20 70
20 72
20 106
21 21
21 24
21 25
21 27
21 31
21 40
21 43
21 45
21 56
21 62
21 68
21 80
21 81
21 83
21 97
21 99
21 103
21 108
21 111
22 22
22 23
22 24
22 25
22 26
22 27
22 30
22 33
22 50
22 53
22 64
22 65
22 69
22 82
22 84
22 85
22 86
22 87
22 88
22 89
22 92
22 112
23 23
23 25
23 31
23 34
23 35
23 64
23 65
23 70
23 82
23 83
23 84
23 85
23 86
23 87
23 88
23 89
23 90
23 92
24 24
24 25
24 26
24 27
24 30
24 31
24 64
24 78
24 79
24 80
24 81
24 84
24 86
24 87
24 88
24 91
24 93
24 99
24 108
24 111
25 25
25 26
25 27
25 30
25 31
25 39
25 43
25 45
25 70
25 76
25 78
25 80
25 83
25 85
25 87
26 26
26 27
26 30
26 42
26 43
26 45
26 48
26 49
26 50
26 51
26 68
26 69
26 94
26 99
26 102
26 103
26 104
26 105
26 106
26 108
26 112
26 115
27 27
27 30
27 31
27 38
27 42
27 50
27 55
27 68
27 69
27 87
27 94
27 99
27 108
27 111
27 115
28 28
28 30
28 31
28 40
28 42
28 43
28 44
28 45
28 55
28 62
28 72
28 76
28 78
28 80
28 82
28 83
28 87
28 99
28 106
29 29
29 35
29 37
29 39
29 40
29 41
29 49
29 56
29 57
29 61
29 62
29 63
29 70
29 71
29 73
29 75
29 76
29 77
29 79
29 80
29 81
29 83
30 30
30 31
30 40
30 41
30 43
30 45
30 49
30 72
30 80
30 87
31 31
31 43
31 45
31 70
31 76
31 78
31 80
31 82
31 83
31 85
31 87
32 32
32 33
32 35
32 54
32 58
32 60
32 61
32 66
32 67
32 101
33 33
33 58
33 59
33 61
33 63
33 66
33 74
33 101
33 112
34 34
34 35
34 36
34 37
34 64
34 66
34 67
34 70
34 74
34 84
34 88
34 92
34 95
34 97
34 100
34 101
34 107
34 109
34 110
35 35
35 36
35 37
35 39
35 64
35 65
35 67
35 71
35 73
35 75
35 77
35 83
35 85
35 86
35 89
36 36
36 37
36 38
36 39
36 46
36 67
36 70
36 73
36 75
36 76
36 95
36 96
36 97
36 107
36 109
36 110
37 37
37 38
37 39
37 46
37 55
37 70
37 71
37 73
37 74
37 75
37 76
37 77
37 78
37 79
37 88
37 95
37 97
37 107
37 110
38 38
38 39
38 41
38 52
38 54
38 105
38 106
38 107
38 115
39 39
39 41
39 46
39 52
39 55
39 70
39 71
39 73
39 77
39 85
39 87
39 88
39 89
39 92
40 40
40 41
40 42
40 43
40 45
40 46
40 60
40 62
40 63
40 71
40 72
40 80
40 81
40 95
40 97
40 106
40 108
41 41
41 42
41 43
41 71
41 72
41 75
41 77
41 83
42 42
42 43
42 44
42 45
42 46
42 47
42 48
42 49
42 55
42 72
42 78
42 79
42 94
42 96
42 98
42 99
42 108
43 43
43 44
43 45
43 46
43 47
43 48
43 49
43 51
43 55
43 72
43 98
43 99
43 102
43 103
43 104
43 108
44 44
44 45
44 46
44 47
44 48
44 49
44 50
44 51
44 55
44 59
44 66
44 72
44 96
44 98
44 102
44 103
44 104
44 106
44 115
45 45
45 47
45 48
45 49
45 51
45 55
45 59
45 72
45 98
45 102
45 103
45 104
46 46
46 47
46 48
46 55
46 73
46 79
46 95
46 96
46 97
46 98
46 100
46 104
46 108
46 109
46 110
46 111
46 113
47 47
47 55
47 74
47 95
47 96
47 97
47 109
47 110
48 48
48 49
48 50
48 51
48 52
48 54
48 58
48 59
48 60
48 66
48 72
48 74
48 96
48 98
48 102
48 103
48 104
48 105
48 106
48 113
49 49
49 50
49 51
49 56
49 57
49 58
49 59
49 63
49 69
49 72
49 81
49 103
50 50
50 51
50 52
50 55
50 59
50 66
50 68
50 69
50 70
50 73
50 74
50 94
50 96
50 97
50 98
50 102
50 103
50 104
50 105
50 106
50 113
51 51
51 53
51 55
51 56
51 57
51 58
51 59
51 82
51 90
51 98
51 99
51 103
51 113
52 52
52 54
52 58
52 60
52 61
52 66
52 73
52 75
52 88
52 89
52 98
52 102
52 106
52 113
53 53
53 56
53 57
53 69
53 79
53 82
53 84
53 89
53 90
53 91
53 92
53 93
53 99
54 54
54 60
54 61
54 65
54 88
54 89
54 94
54 95
54 96
54 97
54 102
54 104
54 105
54 106
54 107
54 109
54 110
54 113
55 55
55 84
55 87
55 90
55 94
55 95
55 96
55 97
55 98
55 99
55 104
55 105
55 106
55 107
55 108
55 111
56 56
56 57
56 58
56 59
56 62
56 63
56 68
56 69
56 71
56 79
56 80
56 81
56 82
56 83
56 93
57 57
57 63
57 68
57 69
57 79
57 80
57 81
57 87
57 99
58 58
58 59
58 60
58 61
58 62
58 63
58 66
58 72
58 102
58 103
59 59
59 62
59 63
59 66
59 74
59 83
59 102
59 103
60 60
60 61
60 62
60 63
60 66
60 67
60 72
60 75
61 61
61 63
61 65
61 67
61 75
61 89
62 62
62 63
62 66
62 67
62 71
62 72
62 80
62 81
62 83
62 103
63 63
63 66
63 71
63 72
63 79
63 80
63 81
63 83
64 64
64 65
64 75
64 82
64 84
64 85
64 86
64 87
64 88
64 89
64 92
64 114
65 65
65 67
65 75
65 84
65 86
65 88
65 89
65 92
65 114
66 66
66 67
66 68
66 69
66 70
66 102
66 103
67 67
67 71
68 68
68 69
68 87
68 90
68 93
68 94
68 97
68 99
68 106
68 111
69 69
69 87
69 91
69 93
69 94
69 99
69 106
70 70
70 71
70 73
70 74
70 75
70 76
70 77
70 78
70 79
70 92
71 71
71 73
71 75
71 76
71 77
71 79
71 80
71 81
71 83
72 72
72 102
72 103
72 104
72 106
73 73
73 74
73 75
73 76
73 77
73 79
73 113
74 74
74 75
74 76
74 78
74 113
75 75
75 76
75 77
75 81
75 88
76 76
76 77
76 78
76 79
76 80
77 77
77 78
77 79
77 80
77 81
77 90
78 78
78 79
78 80
78 115
79 79
79 80
79 81
80 80
80 81
80 83
80 87
81 81
81 83
82 82
82 83
82 84
82 85
82 86
82 87
82 90
82 91
82 93
82 101
83 83
83 85
83 87
84 84
84 85
84 86
84 87
84 88
84 89
84 91
84 92
84 105
84 107
84 113
84 114
85 85
85 86
85 87
85 88
85 89
85 92
86 86
86 87
86 88
86 89
86 92
87 87
87 88
87 89
87 106
88 88
88 89
88 92
88 95
88 97
88 105
88 110
88 113
88 114
89 89
89 92
89 114
90 90
90 91
90 92
90 93
90 98
90 99
90 100
90 111
90 112
91 91
91 92
91 93
91 94
91 99
91 100
91 101
91 111
91 112
92 92
92 93
92 94
92 100
92 105
92 112
92 113
92 114
92 115
93 93
93 99
93 100
93 101
93 112
93 113
94 94
94 95
94 96
94 97
94 99
94 104
94 105
94 106
94 108
94 109
94 110
94 111
94 112
94 113
94 114
94 115
95 95
95 96
95 97
95 102
95 104
95 105
95 106
95 108
95 109
95 110
95 111
95 113
95 114
96 96
96 97
96 98
96 99
96 100
96 102
96 103
96 104
96 105
96 106
96 107
96 108
96 109
96 110
96 111
96 112
96 113
96 115
97 97
97 99
97 100
97 102
97 104
97 105
97 106
97 107
97 108
97 109
97 110
97 111
97 113
98 98
98 99
98 100
98 101
98 102
98 103
98 104
98 105
98 106
98 111
98 112
98 113
98 115
99 99
99 102
99 103
99 104
99 105
99 106
99 108
99 111
99 112
99 113
99 114
99 115
100 100
100 101
100 102
100 103
100 104
100 105
100 106
100 107
100 111
100 113
101 101
101 102
101 103
101 105
101 107
101 112
102 102
102 103
102 104
102 105
102 106
102 108
102 111
102 112
102 113
102 115
103 103
103 104
103 105
103 106
103 107
103 111
103 113
104 104
104 105
104 106
104 107
104 108
104 109
104 111
104 112
104 113
104 114
104 115
105 105
105 106
105 107
105 108
105 109
105 111
105 112
105 113
105 114
105 115
106 106
106 107
106 108
106 111
106 113
106 114
106 115
107 107
107 109
107 110
107 111
107 113
108 108
108 109
108 110
108 111
108 112
108 113
108 114
108 115
109 109
109 110
109 111
109 113
109 114
109 115
110 110
110 111
110 113
111 111
111 112
111 113
111 114
111 115
112 112
112 113
112 114
112 115
113 113
113 114
113 115
114 114
114 115
115 115
