0 0
0 1
0 2
0 3
0 4
0 14
0 15
0 18
0 19
0 21
0 39
0 52
0 54
0 56
0 57
0 58
0 59
0 60
0 61
0 66
0 68
0 69
0 83
0 86
0 88
0 89
0 98
0 107
1 1
1 3
1 14
1 15
1 18
1 19
1 39
1 40
1 52
1 54
1 56
1 57
1 58
1 59
1 66
1 67
1 68
1 69
1 83
1 88
1 89
1 94
1 107
1 113
1 114
2 2
2 3
2 5
2 6
2 7
2 14
2 15
2 22
2 23
2 26
2 27
2 54
2 58
2 59
2 88
2 89
3 3
3 5
3 7
3 14
3 15
3 18
3 19
3 20
3 21
3 23
3 27
3 39
3 52
3 56
3 57
3 58
3 59
3 66
3 67
3 68
3 69
3 88
3 89
3 106
3 114
4 4
4 8
4 14
4 18
4 24
4 30
4 38
4 39
4 54
4 82
4 83
4 87
4 115
5 5
5 7
5 9
5 15
5 18
5 20
5 21
5 24
5 25
5 26
5 27
5 88
6 6
6 22
6 54
6 64
6 70
6 71
6 82
6 86
6 87
6 88
6 89
7 7
7 14
7 15
7 20
7 21
7 23
7 26
7 27
7 34
7 62
7 64
7 88
8 8
8 9
8 14
8 20
8 24
8 25
8 26
8 94
8 98
9 9
9 16
9 20
9 21
9 24
9 25
9 26
9 41
9 52
9 56
9 60
9 87
10 10
10 11
10 12
10 13
10 16
10 17
10 28
10 29
10 30
10 31
10 32
10 33
10 34
10 35
10 37
10 42
10 50
10 63
10 64
10 72
10 73
10 74
10 76
10 77
10 78
10 79
10 80
10 81
10 84
10 85
10 96
10 101
10 109
10 110
10 111
11 11
11 12
11 13
11 16
11 17
11 22
11 28
11 29
11 30
11 31
11 32
11 33
11 34
11 50
11 62
11 64
11 72
11 73
11 74
11 76
11 77
11 78
11 79
11 80
11 81
11 84
11 85
11 92
11 96
11 109
11 110
11 111
12 12
12 13
12 16
12 17
12 28
12 29
12 30
12 31
12 32
12 33
12 37
12 42
12 44
12 45
12 47
12 48
12 49
12 50
12 51
12 53
12 62
12 63
12 72
12 73
12 74
12 78
12 79
12 80
12 81
12 84
12 85
12 109
12 110
12 111
13 13
13 16
13 17
13 28
13 29
13 31
13 32
13 33
13 62
13 63
13 64
13 72
13 73
13 74
13 78
13 79
13 80
13 81
13 96
13 109
13 110
14 14
14 15
14 18
14 20
14 21
14 26
14 38
14 39
14 54
14 56
14 57
14 58
14 59
14 68
14 83
14 88
14 89
14 94
14 107
15 15
15 18
15 20
15 21
15 23
15 25
15 26
15 27
15 36
15 56
15 57
15 58
15 59
15 60
15 83
15 88
15 89
16 16
16 17
16 22
16 25
16 28
16 29
16 30
16 31
16 32
16 33
16 34
16 41
16 64
16 71
16 72
16 73
16 74
16 78
16 79
16 80
16 81
16 84
16 93
16 96
16 101
16 109
16 111
17 17
17 28
17 29
17 30
17 31
17 32
17 33
17 44
17 50
17 62
17 63
17 70
17 71
17 72
17 73
17 74
17 78
17 79
17 80
17 81
17 109
18 18
18 19
18 21
18 27
18 39
18 40
18 41
18 52
18 56
18 57
18 58
18 59
18 66
18 67
18 68
18 69
18 82
18 83
18 86
18 88
18 89
18 90
18 91
18 94
18 106
18 107
18 113
18 114
18 115
19 19
19 27
19 36
19 37
19 39
19 40
19 41
19 52
19 53
19 57
19 59
19 66
19 67
19 68
19 69
19 113
19 114
20 20
20 21
20 24
20 25
20 26
20 27
20 39
20 40
20 41
20 55
20 93
20 94
20 96
20 114
21 21
21 24
21 25
21 26
21 27
21 36
21 39
21 40
21 56
21 88
21 94
21 97
21 108
21 114
21 115
22 22
22 23
22 25
22 27
22 34
22 64
22 71
22 74
22 78
22 92
23 23
23 25
23 27
23 32
23 44
23 49
23 62
23 64
23 71
24 24
24 25
24 26
24 28
24 38
24 41
24 87
24 93
25 25
25 26
25 27
25 28
25 72
25 78
25 93
26 26
26 27
26 38
26 39
26 55
26 88
26 94
27 27
27 59
27 88
27 104
27 114
28 28
28 29
28 30
28 31
28 32
28 33
28 34
28 37
28 41
28 42
28 44
28 62
28 70
28 71
28 72
28 73
28 74
28 75
28 76
28 77
28 78
28 79
28 80
28 81
28 84
28 97
28 108
28 109
28 110
28 111
29 29
29 30
29 31
29 32
29 33
29 34
29 35
29 37
29 41
29 42
29 43
29 46
29 47
29 50
29 55
29 72
29 73
29 74
29 75
29 76
29 77
29 78
29 79
29 80
29 81
29 84
29 85
29 92
29 93
29 96
29 101
29 109
29 110
29 111
30 30
30 31
30 32
30 33
30 38
30 41
30 42
30 47
30 50
30 70
30 71
30 72
30 73
30 74
30 75
30 76
30 77
30 79
30 80
30 81
30 84
30 86
30 87
30 95
30 99
30 108
30 109
30 110
30 111
30 112
30 115
31 31
31 32
31 33
31 34
31 35
31 37
31 41
31 42
31 43
31 47
31 50
31 64
31 70
31 71
31 72
31 73
31 74
31 76
31 77
31 78
31 79
31 80
31 81
31 84
31 96
31 109
31 110
31 111
32 32
32 33
32 37
32 41
32 44
32 46
32 47
32 55
32 62
32 63
32 64
32 71
32 72
32 73
32 74
32 76
32 78
32 79
32 80
32 81
32 84
32 96
32 101
32 109
32 110
32 111
33 33
33 34
33 35
33 37
33 41
33 42
33 44
33 45
33 47
33 50
33 63
33 64
33 72
33 73
33 74
33 76
33 77
33 78
33 79
33 80
33 81
33 84
33 96
33 109
33 110
33 111
34 34
34 35
34 42
34 45
34 64
34 77
34 84
34 108
34 109
34 110
34 111
35 35
35 37
35 42
35 43
35 45
35 50
35 67
35 76
35 77
35 84
35 85
35 97
35 109
35 110
35 114
35 115
36 36
36 40
36 41
36 46
36 62
36 76
36 79
36 80
36 81
36 85
36 94
36 97
36 114
36 115
37 37
37 38
37 41
37 42
37 43
37 45
37 46
37 47
37 50
37 51
37 53
37 55
37 72
37 73
37 75
37 76
37 77
37 79
37 80
37 81
37 84
37 85
37 92
37 96
37 97
37 109
37 110
37 111
37 114
38 38
38 39
38 40
38 41
38 54
38 55
38 75
38 82
38 83
38 86
38 87
38 94
38 96
38 98
38 107
38 112
39 39
39 40
39 41
39 54
39 55
39 56
39 57
39 59
39 68
39 69
39 82
39 83
39 86
39 87
39 94
39 96
39 105
40 40
40 41
40 55
40 68
40 76
40 79
40 94
40 99
40 112
40 113
40 114
40 115
41 41
41 68
41 72
41 73
41 76
41 78
41 79
41 80
41 81
41 84
41 114
42 42
42 43
42 44
42 45
42 46
42 47
42 50
42 51
42 55
42 72
42 73
42 75
42 76
42 77
42 79
42 80
42 81
42 84
42 85
42 96
42 97
42 109
42 110
42 111
42 115
43 43
43 45
43 46
43 50
43 51
43 55
43 73
43 75
43 76
43 77
43 79
43 81
43 84
43 85
43 96
43 97
43 109
43 110
43 111
43 114
43 115
44 44
44 45
44 48
44 49
44 50
44 51
44 72
44 74
44 79
44 80
44 81
45 45
45 47
45 48
45 49
45 50
45 51
45 67
45 79
45 80
45 81
45 85
45 97
45 103
45 109
45 110
45 111
46 46
46 47
46 50
46 51
46 53
46 55
46 73
46 75
46 76
46 77
46 79
46 81
46 85
46 96
46 109
46 110
46 112
46 114
47 47
47 53
47 73
47 75
47 76
47 80
47 84
47 91
47 92
47 93
47 95
47 96
47 98
47 109
47 110
47 111
47 112
47 113
48 48
48 49
48 50
48 51
48 53
49 49
49 50
49 51
50 50
50 51
50 73
50 76
50 77
50 79
50 81
50 84
50 85
50 97
50 109
50 110
50 111
51 51
51 53
51 75
51 76
51 77
51 79
51 81
51 85
51 97
51 110
51 112
52 52
52 53
52 56
52 57
52 58
52 59
52 60
52 61
52 66
52 67
52 68
52 69
52 83
52 88
52 89
52 90
52 91
52 98
52 106
52 107
53 53
53 65
53 67
53 96
54 54
54 55
54 56
54 57
54 58
54 59
54 60
54 61
54 75
54 86
54 87
54 88
54 89
55 55
55 73
55 75
55 76
55 77
55 79
55 84
55 86
55 87
55 94
55 96
55 109
55 111
55 114
56 56
56 57
56 58
56 59
56 60
56 61
56 66
56 68
56 70
56 83
56 86
56 88
56 89
56 95
56 98
56 106
56 107
56 108
57 57
57 58
57 59
57 60
57 61
57 66
57 68
57 69
57 83
57 88
57 89
57 90
57 95
57 98
57 106
57 107
57 108
57 113
57 115
58 58
58 59
58 60
58 61
58 66
58 68
58 69
58 83
58 88
58 89
58 106
58 107
59 59
59 60
59 61
59 66
59 67
59 68
59 69
59 83
59 88
59 89
59 90
59 106
59 107
60 60
60 61
60 64
60 70
60 71
60 88
60 89
60 100
60 108
61 61
61 62
61 63
61 66
61 88
61 89
61 107
62 62
62 63
62 80
62 81
62 97
62 108
63 63
63 79
63 80
63 81
64 64
64 65
64 71
64 92
64 93
64 110
65 65
65 67
65 92
65 93
66 66
66 67
66 68
66 69
66 83
66 88
66 89
66 90
66 91
66 98
66 106
66 107
66 113
66 115
67 67
67 68
67 69
67 91
67 92
67 93
67 103
67 104
67 107
67 114
68 68
68 69
68 82
68 83
68 86
68 88
68 89
68 90
68 94
68 98
68 106
68 107
68 113
68 114
68 115
69 69
69 82
69 83
69 86
69 90
69 91
69 98
69 106
69 107
69 113
69 115
70 70
70 71
70 72
70 74
70 95
70 108
71 71
71 72
71 73
71 74
71 77
71 78
71 80
72 72
72 73
72 74
72 75
72 76
72 77
72 78
72 79
72 80
72 81
72 84
72 96
72 101
72 109
72 110
72 111
73 73
73 74
73 75
73 76
73 77
73 78
73 79
73 80
73 81
73 84
73 85
73 96
73 101
73 109
73 110
73 111
74 74
74 75
74 76
74 78
74 79
74 80
74 81
74 84
74 96
74 101
74 109
74 111
75 75
75 76
75 77
75 79
75 81
75 84
75 85
75 96
75 109
75 110
75 112
76 76
76 77
76 79
76 80
76 81
76 84
76 85
76 94
76 96
76 97
76 101
76 102
76 109
76 110
76 111
76 112
76 114
76 115
77 77
77 79
77 80
77 81
77 84
77 85
77 96
77 97
77 101
77 102
77 103
77 109
77 110
77 111
77 114
77 115
78 78
78 79
78 80
78 81
78 84
78 101
79 79
79 80
79 81
79 84
79 85
79 96
79 109
79 110
79 111
80 80
80 81
80 84
80 95
80 96
80 97
80 109
80 110
80 111
81 81
81 84
81 85
81 96
81 109
81 110
81 111
82 82
82 83
82 86
82 87
82 90
82 91
82 95
82 98
82 99
82 100
82 108
82 113
82 115
83 83
83 87
83 88
83 89
83 90
83 91
83 94
83 95
83 98
83 99
83 107
83 108
83 113
83 115
84 84
84 85
84 93
84 96
84 101
84 109
84 110
84 111
85 85
85 96
85 109
85 110
85 111
86 86
86 87
86 88
86 89
86 105
87 87
87 89
88 88
88 89
88 90
88 107
89 89
89 90
89 105
90 90
90 91
90 95
90 98
90 99
90 100
90 106
90 108
90 113
90 115
91 91
91 92
91 93
91 98
91 99
91 100
91 106
91 108
91 110
91 111
91 113
91 115
92 92
92 93
92 96
92 103
92 104
92 105
92 109
92 110
93 93
93 96
93 100
93 101
93 103
93 109
93 110
93 111
94 94
94 97
94 98
94 99
94 108
94 112
94 113
94 114
94 115
95 95
95 97
95 98
95 99
95 108
95 113
96 96
96 109
96 110
96 111
96 114
97 97
97 99
97 102
97 108
97 109
97 110
97 111
97 112
97 113
97 114
97 115
98 98
98 99
98 100
98 106
98 108
98 111
98 112
98 113
98 115
99 99
99 108
99 111
99 112
99 113
99 115
100 100
100 101
100 102
100 103
100 104
100 106
100 113
100 115
101 101
101 102
101 103
101 104
101 109
102 102
102 103
102 104
102 106
102 109
102 115
103 103
103 104
103 105
103 109
104 104
104 105
104 107
105 105
105 107
106 106
106 107
106 113
107 107
108 108
108 111
108 112
108 113
108 115
109 109
109 110
109 111
110 110
110 111
111 111
112 112
112 113
112 114
112 115
113 113
113 114
113 115
114 114
114 115
115 115
