0 0
0 1
0 2
0 3
0 6
0 7
0 11
0 13
0 18
0 19
0 21
0 30
0 34
0 56
0 57
0 58
0 59
0 60
0 61
0 66
0 79
0 101
1 1
1 3
1 7
1 11
1 18
1 19
1 20
1 21
1 32
1 48
1 57
1 59
1 63
1 66
1 67
1 79
1 100
2 2
2 3
2 5
2 6
2 7
2 8
2 10
2 11
2 13
2 18
2 19
2 21
2 22
2 23
2 24
2 25
2 26
2 30
2 31
2 33
2 34
2 35
2 48
2 50
2 58
2 60
2 61
2 64
2 65
2 67
2 71
2 90
2 100
2 101
3 3
3 5
3 7
3 18
3 19
3 20
3 21
3 25
3 27
3 56
4 4
4 9
4 26
4 27
5 5
5 7
5 8
5 11
5 13
5 20
5 21
5 22
5 23
5 24
5 25
5 26
5 27
5 30
5 31
5 35
5 48
5 50
5 58
5 64
5 66
5 67
5 71
5 100
5 101
6 6
6 7
6 8
6 10
6 11
6 22
6 23
6 30
6 31
6 42
6 44
6 48
6 56
6 58
6 60
6 61
6 64
6 65
6 71
6 100
6 101
7 7
7 11
7 13
7 18
7 19
7 21
7 22
7 23
7 25
7 30
7 31
7 33
7 35
7 48
7 56
7 58
7 59
7 60
7 61
7 63
7 64
7 65
7 66
7 67
7 71
7 100
7 101
8 8
8 10
8 30
8 31
8 50
8 64
8 65
8 71
8 100
9 9
9 24
9 75
9 80
9 100
9 101
10 10
10 11
10 13
10 16
10 17
10 30
10 31
10 33
10 60
10 64
10 71
11 11
11 13
11 16
11 17
11 19
11 21
11 23
11 25
11 29
11 30
11 31
11 34
11 48
11 49
11 56
11 60
11 61
11 62
11 64
11 71
11 79
11 90
11 100
11 101
12 12
12 28
12 33
12 42
12 48
12 49
12 50
12 60
12 61
12 62
12 63
12 80
12 81
12 100
12 101
13 13
13 15
13 16
13 17
13 29
13 34
13 61
13 71
14 14
14 15
14 36
14 38
14 40
14 72
14 113
14 114
15 15
15 37
15 54
15 104
15 105
15 113
15 114
15 115
16 16
16 17
16 21
16 25
16 28
16 29
16 30
16 34
16 56
16 62
16 64
16 71
16 78
16 80
17 17
17 20
17 21
17 25
17 28
17 29
17 30
17 42
17 43
17 44
17 45
17 49
17 56
17 62
17 63
17 64
17 70
17 71
17 73
17 75
17 76
17 78
17 79
17 80
17 81
17 100
17 101
18 18
18 19
18 32
19 19
19 21
19 23
19 30
19 32
19 59
19 66
19 67
20 20
20 21
20 24
20 25
20 26
20 30
20 34
20 50
20 70
20 71
20 73
20 75
20 79
20 81
20 84
20 101
21 21
21 22
21 23
21 24
21 25
21 27
21 30
21 31
21 33
21 34
21 35
21 44
21 45
21 49
21 50
21 56
21 64
21 67
21 70
21 71
21 73
21 75
21 78
21 79
21 80
21 81
21 84
21 100
21 101
22 22
22 23
22 24
22 25
22 26
22 27
22 30
22 31
22 33
22 35
22 45
22 50
22 64
22 65
22 67
22 70
22 71
22 101
23 23
23 24
23 25
23 30
23 31
23 33
23 35
23 64
23 65
23 67
23 71
23 101
24 24
24 25
24 26
24 30
24 31
24 35
24 50
24 64
24 70
24 84
25 25
25 26
25 27
25 30
25 31
25 33
25 35
25 50
25 64
25 67
25 70
25 71
25 78
25 79
25 84
25 100
25 101
26 26
26 27
27 27
27 88
28 28
28 29
28 32
28 43
28 62
28 63
28 72
28 73
28 74
28 76
28 77
28 78
28 79
28 80
28 81
29 29
29 30
29 32
29 56
29 62
29 63
29 70
29 71
29 72
29 73
29 74
29 75
29 76
29 77
29 78
29 79
29 80
29 81
30 30
30 31
30 32
30 33
30 34
30 35
30 43
30 44
30 45
30 49
30 50
30 60
30 63
30 64
30 65
30 67
30 70
30 71
30 75
30 78
30 79
30 81
30 100
30 101
30 110
31 31
31 32
31 33
31 35
31 44
31 45
31 49
31 50
31 60
31 61
31 63
31 64
31 65
31 67
31 70
31 71
31 75
31 100
31 101
31 110
32 32
32 33
32 44
32 60
32 62
32 63
32 65
32 73
32 74
32 76
32 78
32 81
33 33
33 35
33 42
33 43
33 44
33 45
33 47
33 48
33 49
33 60
33 61
33 62
33 63
33 64
33 65
33 67
33 69
33 70
33 71
33 75
33 80
33 81
33 100
33 101
33 110
34 34
34 35
34 56
34 64
34 67
34 78
35 35
35 43
35 44
35 45
35 47
35 48
35 49
35 50
35 64
35 65
35 67
35 69
35 71
35 100
35 101
35 110
36 36
36 37
36 38
36 39
36 40
36 41
36 52
36 54
36 55
36 72
36 82
36 83
36 85
36 87
36 89
36 91
36 94
36 95
36 97
36 98
36 99
36 102
36 103
36 104
36 105
36 107
36 108
36 111
36 112
36 113
36 114
36 115
37 37
37 38
37 39
37 40
37 54
37 55
37 77
37 82
37 83
37 87
37 89
37 91
37 94
37 95
37 97
37 98
37 99
37 102
37 103
37 104
37 105
37 107
37 108
37 111
37 112
37 113
37 114
37 115
38 38
38 39
38 40
38 41
38 52
38 53
38 54
38 55
38 82
38 83
38 85
38 87
38 89
38 91
38 92
38 94
38 95
38 96
38 97
38 98
38 99
38 102
38 103
38 104
38 105
38 107
38 108
38 111
38 112
38 113
38 114
38 115
39 39
39 40
39 41
39 52
39 53
39 54
39 55
39 77
39 82
39 83
39 85
39 87
39 89
39 91
39 94
39 95
39 96
39 97
39 98
39 99
39 102
39 103
39 104
39 105
39 107
39 108
39 109
39 111
39 112
39 113
39 114
39 115
40 40
40 41
40 52
40 53
40 54
40 55
40 72
40 82
40 83
40 85
40 87
40 89
40 91
40 94
40 95
40 96
40 97
40 98
40 99
40 102
40 103
40 104
40 105
40 107
40 108
40 111
40 112
40 113
40 114
40 115
41 41
41 46
41 55
41 74
41 75
41 76
41 77
41 82
41 85
41 89
41 96
41 99
41 103
41 113
41 114
42 42
42 43
42 44
42 45
42 46
42 47
42 48
42 49
42 50
42 51
42 62
42 63
42 67
42 70
42 71
42 73
42 75
42 76
42 80
42 81
42 90
42 100
42 101
42 110
43 43
43 44
43 45
43 46
43 47
43 48
43 49
43 50
43 51
43 70
43 71
43 73
43 75
43 78
43 80
43 81
43 100
43 101
43 110
44 44
44 45
44 46
44 47
44 48
44 49
44 50
44 60
44 63
44 64
44 65
44 67
44 70
44 71
44 73
44 75
44 76
44 81
44 100
44 101
44 110
45 45
45 47
45 48
45 49
45 50
45 51
45 60
45 63
45 64
45 65
45 67
45 70
45 71
45 73
45 75
45 78
45 81
45 84
45 100
45 101
45 110
46 46
46 47
46 49
46 68
46 75
46 96
46 109
46 110
47 47
47 48
47 49
47 51
47 63
47 68
47 73
47 75
47 77
47 80
47 81
47 90
47 96
47 100
47 101
47 109
47 110
48 48
48 49
48 50
48 51
48 58
48 59
48 60
48 61
48 63
48 65
48 66
48 67
48 69
48 90
48 100
48 101
48 110
49 49
49 50
49 51
49 58
49 60
49 61
49 63
49 64
49 65
49 66
49 67
49 70
49 71
49 75
49 90
49 100
49 101
49 110
50 50
50 51
50 64
50 65
50 67
50 70
50 71
50 75
50 81
50 84
50 100
50 101
50 110
51 51
51 53
51 67
51 90
51 110
52 52
52 53
52 54
52 55
52 87
52 89
52 91
52 95
52 98
52 99
52 103
52 104
52 105
52 111
52 112
52 113
52 114
52 115
53 53
53 54
53 55
53 82
53 87
53 89
53 91
53 94
53 95
53 96
53 97
53 98
53 99
53 103
53 104
53 105
53 111
53 112
53 113
53 114
53 115
54 54
54 55
54 82
54 83
54 87
54 89
54 91
54 92
54 94
54 95
54 97
54 98
54 99
54 102
54 103
54 104
54 105
54 107
54 108
54 111
54 112
54 113
54 114
54 115
55 55
55 82
55 83
55 85
55 87
55 89
55 91
55 94
55 95
55 96
55 97
55 98
55 99
55 102
55 103
55 104
55 105
55 107
55 108
55 111
55 112
55 113
55 114
55 115
56 56
56 57
56 60
56 73
56 78
56 79
57 57
57 78
57 79
58 58
58 59
58 60
58 61
58 65
58 66
58 67
58 100
58 101
58 106
59 59
59 60
59 61
59 66
59 67
59 88
59 90
59 106
60 60
60 61
60 62
60 63
60 64
60 65
60 66
60 67
60 71
60 100
60 101
61 61
61 62
61 63
61 65
61 66
61 67
61 71
61 90
61 100
61 101
62 62
62 63
62 66
62 72
62 73
62 76
62 77
62 78
62 79
62 80
62 81
62 100
62 101
62 110
63 63
63 64
63 65
63 70
63 71
63 73
63 74
63 75
63 76
63 77
63 78
63 79
63 80
63 81
63 100
63 101
63 110
64 64
64 65
64 67
64 70
64 71
64 78
64 81
64 84
64 100
64 101
65 65
65 67
65 70
65 71
65 84
65 100
65 101
66 66
66 67
66 69
66 90
67 67
67 69
67 71
67 90
67 100
67 101
67 110
68 68
68 69
69 69
69 90
69 110
70 70
70 71
70 73
70 74
70 75
70 76
70 79
70 81
70 84
70 100
70 101
70 110
71 71
71 73
71 75
71 77
71 78
71 79
71 80
71 81
71 100
71 101
71 110
72 72
72 73
72 74
72 76
72 77
72 78
72 80
72 81
73 73
73 74
73 75
73 76
73 77
73 78
73 79
73 80
73 81
73 100
73 101
73 110
74 74
74 75
74 76
74 77
74 79
74 80
74 81
74 84
74 85
74 96
75 75
75 76
75 77
75 79
75 80
75 81
75 100
75 101
75 110
76 76
76 77
76 78
76 79
76 80
76 81
77 77
77 79
77 80
77 81
77 83
77 96
77 97
77 110
78 78
78 79
78 80
78 81
78 101
78 110
79 79
79 80
79 81
79 100
79 101
79 110
80 80
80 81
80 100
80 101
80 110
81 81
81 84
81 100
81 101
81 110
82 82
82 83
82 89
82 91
82 95
82 97
82 98
82 99
82 102
82 103
82 104
82 105
82 107
82 113
82 114
82 115
83 83
83 87
83 89
83 94
83 95
83 97
83 99
83 103
83 107
83 113
83 114
83 115
84 84
84 85
84 110
85 85
85 87
85 89
85 111
86 86
86 87
86 88
86 97
86 102
86 106
87 87
87 89
87 91
87 92
87 94
87 95
87 97
87 98
87 99
87 102
87 103
87 104
87 105
87 107
87 108
87 111
87 112
87 113
87 114
87 115
88 88
88 90
88 102
88 106
89 89
89 91
89 92
89 94
89 95
89 97
89 98
89 99
89 102
89 103
89 104
89 105
89 107
89 108
89 111
89 112
89 113
89 114
89 115
90 90
90 100
90 101
90 106
90 109
90 110
91 91
91 92
91 93
91 94
91 95
91 97
91 98
91 99
91 102
91 103
91 104
91 105
91 107
91 108
91 111
91 112
91 113
91 114
91 115
92 92
92 93
92 102
92 103
92 104
92 105
92 106
92 107
92 112
92 113
92 114
92 115
93 93
94 94
94 95
94 96
94 97
94 98
94 99
94 102
94 103
94 104
94 105
94 107
94 108
94 109
94 111
94 112
94 113
94 114
94 115
95 95
95 96
95 97
95 98
95 99
95 102
95 103
95 104
95 105
95 107
95 108
95 111
95 112
95 113
95 114
95 115
96 96
96 97
96 98
96 99
96 109
96 110
96 111
97 97
97 98
97 99
97 102
97 103
97 104
97 105
97 107
97 108
97 109
97 111
97 112
97 113
97 114
97 115
98 98
98 99
98 102
98 103
98 104
98 105
98 107
98 108
98 111
98 112
98 113
98 114
98 115
99 99
99 102
99 103
99 104
99 105
99 107
99 108
99 111
99 112
99 113
99 114
99 115
100 100
100 101
100 110
101 101
101 110
102 102
102 103
102 104
102 105
102 106
102 107
102 108
102 111
102 112
102 113
102 114
102 115
103 103
103 104
103 105
103 107
103 108
103 111
103 112
103 113
103 114
103 115
104 104
104 105
104 107
104 108
104 111
104 112
104 113
104 114
104 115
105 105
105 107
105 108
105 111
105 112
105 113
105 114
105 115
106 106
106 107
107 107
107 108
107 111
107 112
107 113
107 114
107 115
108 108
108 112
108 113
108 114
108 115
109 109
109 110
109 111
110 110
111 111
111 112
111 113
111 114
111 115
112 112
112 113
112 114
112 115
113 113
113 114
113 115
114 114
114 115
115 115
