0 0
0 1
0 2
0 10
0 11
0 12
0 14
0 16
0 18
0 19
0 20
0 26
0 42
0 43
0 56
0 57
0 68
0 69
0 78
0 84
0 85
0 86
0 87
0 88
0 89
0 90
0 91
0 98
0 99
0 101
0 103
0 105
0 109
0 111
0 112
0 113
1 1
1 10
1 11
1 12
1 13
1 14
1 16
1 17
1 18
1 19
1 28
1 42
1 51
1 56
1 57
1 61
1 63
1 68
1 69
1 82
1 86
1 89
1 90
1 99
1 100
1 109
1 112
1 113
2 2
2 3
2 6
2 18
2 19
2 20
2 22
2 24
2 25
2 26
2 27
2 30
2 32
2 43
2 46
2 50
2 51
2 52
2 53
2 54
2 64
2 66
2 74
2 75
2 78
2 81
2 84
2 85
2 86
2 91
2 98
2 101
2 111
2 112
3 3
3 18
3 19
3 24
3 27
3 42
3 50
3 54
3 55
3 62
3 82
3 83
3 84
3 85
3 87
3 89
3 98
3 112
4 4
4 5
4 6
4 7
4 8
4 9
4 12
4 13
4 14
4 15
4 23
4 33
4 35
4 58
4 60
4 61
4 64
4 65
4 90
4 91
4 92
4 93
4 111
5 5
5 6
5 7
5 8
5 9
5 12
5 13
5 15
5 23
5 35
5 37
5 48
5 58
5 60
5 61
5 65
5 92
5 93
5 102
5 107
6 6
6 7
6 8
6 9
6 12
6 23
6 33
6 35
6 48
6 60
6 64
6 65
6 70
6 74
6 75
6 88
6 91
6 92
6 93
7 7
7 8
7 9
7 11
7 13
7 15
7 23
7 29
7 35
7 44
7 60
7 61
7 63
7 64
7 65
7 67
7 72
7 92
7 100
7 104
8 8
8 9
8 11
8 12
8 13
8 15
8 23
8 29
8 31
8 33
8 35
8 60
8 61
8 64
8 65
8 92
8 93
8 100
9 9
9 11
9 12
9 13
9 15
9 23
9 29
9 35
9 48
9 58
9 60
9 61
9 65
9 71
9 92
9 93
9 100
9 107
10 10
10 11
10 12
10 13
10 14
10 19
10 52
10 56
10 58
10 60
10 68
10 69
10 74
10 78
10 81
10 88
10 89
10 90
10 91
10 93
10 114
11 11
11 12
11 13
11 14
11 15
11 17
11 28
11 29
11 58
11 60
11 61
11 63
11 65
11 69
11 79
11 88
11 92
11 93
11 100
11 112
12 12
12 13
12 14
12 15
12 23
12 48
12 58
12 60
12 61
12 64
12 65
12 68
12 74
12 88
12 89
12 91
12 92
12 93
12 100
13 13
13 14
13 15
13 17
13 23
13 29
13 39
13 58
13 60
13 61
13 65
13 69
13 88
13 89
13 90
13 92
13 93
13 100
13 108
14 14
14 15
14 58
14 60
14 64
14 68
14 69
14 77
14 86
14 87
14 88
14 89
14 93
14 109
15 15
15 23
15 29
15 39
15 58
15 60
15 61
15 65
15 71
15 83
15 92
15 93
15 94
15 100
15 108
16 16
16 17
16 19
16 28
16 32
16 42
16 51
16 56
16 57
16 62
16 78
16 79
16 81
16 82
16 84
16 85
16 94
16 101
16 103
16 105
17 17
17 28
17 29
17 55
17 57
17 59
17 61
17 62
17 63
17 68
17 81
17 99
17 105
17 109
18 18
18 19
18 20
18 22
18 26
18 27
18 32
18 42
18 43
18 50
18 51
18 56
18 57
18 68
18 69
18 84
18 85
18 86
18 87
18 89
18 99
18 101
18 103
18 104
18 105
18 109
18 111
18 112
19 19
19 20
19 26
19 27
19 42
19 52
19 54
19 56
19 68
19 69
19 74
19 75
19 78
19 81
19 82
19 84
19 85
19 86
19 90
19 91
19 98
19 101
19 103
19 105
19 111
19 112
19 113
20 20
20 21
20 22
20 24
20 25
20 26
20 27
20 30
20 32
20 42
20 43
20 44
20 46
20 47
20 49
20 50
20 51
20 53
20 57
20 64
20 74
20 75
20 76
20 79
20 84
20 86
20 101
20 103
20 111
20 112
21 21
21 26
21 27
21 31
21 42
21 43
21 46
21 47
21 54
21 55
21 83
21 94
21 96
21 97
21 98
21 113
22 22
22 23
22 24
22 25
22 26
22 27
22 30
22 43
22 50
22 52
22 53
22 54
22 64
22 70
22 74
22 76
22 79
22 82
22 84
22 85
22 86
22 87
22 88
22 89
22 91
23 23
23 31
23 37
23 39
23 55
23 60
23 64
23 70
23 71
23 75
23 83
23 88
23 89
23 90
23 91
23 92
23 93
23 94
23 96
24 24
24 25
24 27
24 30
24 31
24 32
24 33
24 34
24 35
24 38
24 40
24 44
24 45
24 49
24 50
24 55
24 62
24 66
24 67
24 72
24 84
24 94
24 96
24 115
25 25
25 26
25 27
25 30
25 31
25 32
25 33
25 34
25 35
25 36
25 38
25 40
25 41
25 44
25 45
25 49
25 50
25 55
25 66
25 67
25 71
25 72
25 83
25 87
25 96
25 97
25 106
25 115
26 26
26 27
26 30
26 38
26 50
26 52
26 54
26 56
26 82
26 83
26 84
26 85
26 86
26 87
26 88
26 91
26 98
26 101
26 102
26 112
27 27
27 30
27 36
27 37
27 38
27 41
27 50
27 54
27 56
27 82
27 83
27 84
27 85
27 86
27 87
27 89
27 98
27 114
28 28
28 29
28 30
28 31
28 36
28 38
28 39
28 40
28 41
28 68
28 72
28 78
28 80
28 81
28 82
28 83
28 84
28 85
28 94
28 108
29 29
29 31
29 33
29 40
29 55
29 61
29 62
29 63
29 65
29 72
29 73
29 94
29 95
29 108
30 30
30 31
30 32
30 33
30 34
30 35
30 41
30 44
30 45
30 49
30 50
30 62
30 64
30 66
30 67
30 70
30 72
30 73
30 80
30 82
30 84
31 31
31 33
31 34
31 35
31 38
31 39
31 40
31 41
31 45
31 55
31 67
31 70
31 71
31 72
31 80
31 81
31 83
31 94
31 96
31 108
32 32
32 33
32 34
32 35
32 44
32 45
32 49
32 50
32 51
32 59
32 62
32 66
32 67
32 72
32 80
32 106
32 107
32 115
33 33
33 34
33 35
33 44
33 45
33 60
33 62
33 64
33 66
33 67
33 72
34 34
34 35
34 38
34 44
34 45
34 48
34 49
34 64
34 66
34 67
35 35
35 44
35 45
35 48
35 60
35 61
35 64
35 65
35 66
35 67
36 36
36 37
36 38
36 39
36 40
36 41
36 55
36 70
36 71
36 80
36 83
36 94
36 96
36 97
36 106
36 107
36 108
36 114
36 115
37 37
37 38
37 39
37 41
37 70
37 71
37 77
37 83
37 92
37 93
37 94
37 96
37 97
37 114
37 115
38 38
38 39
38 40
38 41
38 55
38 56
38 72
38 80
38 83
38 106
38 108
38 114
38 115
39 39
39 40
39 41
39 54
39 55
39 68
39 70
39 72
39 83
39 89
39 94
39 95
39 96
39 97
39 108
39 114
39 115
40 40
40 41
40 55
40 72
40 80
40 81
40 83
40 94
40 96
40 97
40 108
40 114
40 115
41 41
41 70
41 71
41 72
41 73
41 74
41 80
41 83
41 87
41 96
41 106
41 115
42 42
42 43
42 46
42 47
42 53
42 54
42 55
42 78
42 79
42 82
42 84
42 85
42 86
42 87
42 90
42 94
42 97
42 98
42 105
42 110
42 111
42 113
43 43
43 44
43 45
43 46
43 47
43 50
43 51
43 53
43 54
43 55
43 76
43 77
43 78
43 79
43 84
43 86
43 87
43 95
43 97
43 98
43 101
43 110
43 111
43 113
44 44
44 45
44 46
44 48
44 49
44 53
44 62
44 66
44 67
45 45
45 46
45 48
45 49
45 50
45 62
45 66
45 67
45 80
45 84
45 86
46 46
46 47
46 50
46 51
46 53
46 54
46 55
46 78
46 79
46 81
46 84
46 91
46 94
46 95
46 96
46 97
46 98
46 99
46 105
46 110
46 111
46 113
47 47
47 53
47 55
47 76
47 77
47 86
47 87
47 90
47 91
47 97
47 98
47 99
47 109
47 110
47 111
47 113
47 114
48 48
48 49
48 50
48 51
48 58
48 59
48 60
48 61
48 66
48 93
48 95
48 102
48 106
49 49
49 50
49 51
49 59
49 62
49 63
49 66
49 67
49 106
50 50
50 51
50 54
50 64
50 66
50 84
50 85
50 86
50 87
50 95
50 109
51 51
51 57
51 59
51 62
51 63
51 77
51 86
51 101
51 102
51 103
51 109
51 111
52 52
52 54
52 58
52 59
52 62
52 74
52 78
52 79
52 81
52 84
52 88
52 98
52 101
53 53
53 57
53 79
53 90
53 91
53 92
53 97
53 98
53 99
53 101
53 105
53 110
53 111
53 113
54 54
54 55
54 78
54 79
54 81
54 82
54 83
54 84
54 85
54 86
54 87
54 88
54 89
54 94
54 96
54 97
54 98
54 108
54 114
55 55
55 78
55 81
55 83
55 87
55 94
55 95
55 96
55 97
55 98
55 99
55 105
55 108
55 109
55 110
55 114
55 115
56 56
56 57
56 68
56 69
56 80
56 85
56 89
56 101
56 103
56 105
56 106
56 107
56 109
57 57
57 58
57 59
57 68
57 69
57 89
57 90
57 101
57 103
57 104
57 105
57 106
57 107
57 109
58 58
58 59
58 60
58 61
58 63
58 65
58 66
58 93
58 106
58 107
59 59
59 61
59 62
59 63
59 66
59 102
59 103
59 106
59 107
59 109
60 60
60 61
60 63
60 64
60 65
60 88
60 92
60 93
60 100
61 61
61 63
61 65
61 72
61 92
61 93
61 100
61 102
62 62
62 63
62 66
62 67
62 72
62 79
62 80
62 84
63 63
63 66
63 100
63 102
63 106
64 64
64 65
64 75
64 79
64 84
64 88
65 65
65 67
65 79
65 92
65 93
65 100
66 66
66 67
66 72
66 80
66 106
66 107
67 67
67 72
67 102
68 68
68 69
68 88
68 89
68 109
69 69
69 74
69 85
69 88
69 89
69 90
69 91
69 105
70 70
70 71
70 73
70 74
70 75
70 76
70 83
70 91
70 92
70 93
70 94
70 96
70 98
70 115
71 71
71 73
71 74
71 75
71 76
71 77
71 83
71 90
71 91
71 92
71 93
71 96
71 106
71 108
71 115
72 72
72 73
72 74
73 73
73 74
73 75
73 76
73 77
73 98
73 112
74 74
74 75
74 76
74 77
74 98
74 103
74 112
74 115
75 75
75 76
75 77
75 91
75 98
75 106
75 112
76 76
76 77
76 91
76 99
76 106
76 109
76 111
76 112
76 113
77 77
77 99
77 106
77 109
77 110
77 111
77 112
78 78
78 79
78 80
78 81
78 82
78 84
78 85
78 94
78 96
78 97
78 105
79 79
79 81
79 84
79 85
79 86
79 88
80 80
80 81
80 84
80 96
81 81
81 82
81 83
81 84
81 85
81 94
81 96
81 97
81 98
81 105
82 82
82 83
82 84
82 85
82 86
82 87
82 88
82 112
83 83
83 85
83 87
83 90
83 94
83 96
83 97
83 108
83 114
83 115
84 84
84 85
84 86
84 87
84 88
85 85
85 86
85 87
85 88
86 86
86 87
86 88
86 110
86 112
87 87
87 89
87 106
87 109
87 110
87 114
88 88
88 89
88 91
88 93
89 89
89 90
89 91
90 90
90 91
90 92
90 93
90 97
90 98
90 100
90 101
90 102
90 103
90 104
90 105
90 107
90 108
90 110
90 113
90 114
91 91
91 92
91 93
91 98
91 99
91 101
91 111
91 112
91 113
92 92
92 93
92 100
92 101
92 104
92 105
92 107
92 113
93 93
93 100
93 101
93 102
93 104
93 107
93 108
93 113
94 94
94 96
94 97
94 98
94 108
94 114
94 115
95 95
95 96
95 97
95 99
95 104
95 108
95 109
95 110
96 96
96 97
96 98
96 108
96 110
96 114
96 115
97 97
97 98
97 99
97 104
97 105
97 108
97 109
97 110
97 114
97 115
98 98
98 99
98 105
98 109
98 110
98 111
98 112
98 113
98 114
98 115
99 99
99 104
99 105
99 108
99 109
99 110
99 111
99 112
99 113
99 114
99 115
100 100
100 103
101 101
101 102
101 103
101 104
101 105
101 107
101 111
101 113
102 102
102 103
102 106
102 107
102 111
103 103
103 105
103 107
104 104
104 105
104 108
104 109
104 110
104 114
105 105
105 107
105 109
105 110
105 113
105 114
105 115
106 106
106 109
106 111
106 114
106 115
107 107
107 115
108 108
108 114
109 109
109 110
109 111
109 114
109 115
110 110
110 111
110 113
110 114
111 111
111 112
111 113
112 112
113 113
113 114
114 114
114 115
115 115
