0 0
0 1
0 10
0 16
0 17
0 19
0 49
0 52
0 54
0 55
0 56
0 57
0 68
0 80
0 81
0 86
0 87
0 99
0 102
0 103
0 109
1 1
1 6
1 7
1 10
1 12
1 18
1 19
1 68
1 69
1 84
1 85
2 2
2 3
2 6
2 7
2 22
2 23
2 24
2 25
2 34
2 50
2 64
2 65
2 66
2 67
2 88
2 92
2 93
3 3
3 5
3 6
3 7
3 8
3 9
3 22
3 23
3 25
3 33
3 34
3 35
3 64
3 65
3 66
3 88
3 92
3 108
4 4
4 5
4 8
4 9
4 15
4 23
4 25
4 27
4 65
4 67
5 5
5 8
5 9
5 15
5 25
5 27
5 33
5 34
5 35
5 41
5 61
5 64
5 65
5 67
5 85
5 106
5 114
6 6
6 7
6 12
6 18
6 20
6 22
6 23
6 24
6 30
6 68
6 86
6 87
6 88
6 91
6 92
6 93
6 101
6 102
7 7
7 9
7 15
7 20
7 22
7 35
7 50
7 58
7 64
7 65
7 67
7 69
7 88
7 90
7 91
7 92
7 93
7 100
7 101
7 102
8 8
8 9
8 15
8 25
8 27
8 33
8 50
8 61
8 64
8 65
8 67
8 114
9 9
9 15
9 33
9 35
9 50
9 51
9 59
9 61
9 64
9 65
9 67
9 90
9 106
10 10
10 11
10 12
10 14
10 18
10 28
10 30
10 57
10 68
10 82
10 84
10 86
10 87
10 97
10 113
11 11
11 13
11 14
11 15
11 27
11 31
11 64
11 65
11 71
11 83
11 84
11 85
11 89
12 12
12 14
12 18
12 22
12 68
12 86
12 87
12 94
12 97
13 13
13 15
13 17
13 19
13 20
13 28
13 58
13 60
13 61
13 69
13 79
13 89
14 14
14 15
14 18
14 20
14 22
14 23
14 24
14 25
14 26
14 27
14 30
14 31
14 34
14 64
14 82
14 83
14 84
14 85
14 86
14 87
14 88
14 89
15 15
15 20
15 35
15 58
15 60
15 61
15 64
15 65
15 67
15 69
15 83
15 88
15 89
15 90
16 16
16 17
16 28
16 29
16 32
16 36
16 37
16 38
16 39
16 40
16 41
16 46
16 49
16 52
16 53
16 54
16 55
16 56
16 57
16 62
16 63
16 70
16 72
16 73
16 74
16 75
16 76
16 77
16 78
16 79
16 80
16 81
16 95
16 96
16 98
16 99
16 108
16 109
16 111
16 113
16 114
16 115
17 17
17 28
17 29
17 36
17 37
17 38
17 39
17 41
17 46
17 52
17 53
17 54
17 55
17 56
17 57
17 62
17 63
17 70
17 71
17 72
17 73
17 74
17 76
17 77
17 78
17 79
17 80
17 81
17 95
17 96
17 98
17 99
17 108
17 109
17 113
18 18
18 22
18 23
18 30
18 31
18 77
18 82
18 83
18 84
18 85
18 86
18 87
18 91
19 19
19 57
19 58
19 68
19 69
20 20
20 22
20 24
20 26
20 34
20 58
20 60
20 64
20 65
20 88
20 89
20 90
20 91
20 92
20 93
20 102
21 21
21 24
21 25
21 26
21 27
21 30
21 31
21 34
21 40
21 42
21 43
21 44
21 45
21 47
21 48
21 50
21 51
21 110
22 22
22 23
22 24
22 25
22 27
22 30
22 31
22 34
22 35
22 64
22 82
22 84
22 87
22 88
22 91
22 93
23 23
23 24
23 25
23 26
23 27
23 30
23 31
23 34
23 67
23 70
23 71
23 82
23 84
23 85
23 91
24 24
24 25
24 26
24 27
24 30
24 31
24 34
24 64
24 67
24 82
24 84
24 85
24 86
24 87
24 88
24 89
24 91
25 25
25 27
25 30
25 31
25 34
25 35
25 64
25 65
25 67
25 82
25 83
25 84
25 85
25 88
25 89
26 26
26 34
26 52
26 70
26 71
26 77
26 88
26 89
26 91
26 102
27 27
27 30
27 31
27 34
27 64
27 65
27 67
27 82
27 83
27 84
27 85
27 88
27 89
27 106
28 28
28 29
28 32
28 33
28 36
28 37
28 38
28 39
28 40
28 41
28 46
28 53
28 54
28 55
28 56
28 57
28 62
28 63
28 72
28 73
28 74
28 75
28 76
28 78
28 79
28 80
28 81
28 95
28 96
28 97
28 98
28 99
28 108
28 109
28 111
28 113
28 114
28 115
29 29
29 32
29 33
29 36
29 37
29 38
29 39
29 40
29 41
29 46
29 47
29 53
29 54
29 55
29 56
29 59
29 61
29 62
29 63
29 72
29 73
29 74
29 75
29 76
29 77
29 78
29 79
29 80
29 81
29 96
29 98
29 99
29 109
29 111
29 112
29 113
29 114
30 30
30 31
30 34
30 82
30 83
30 84
30 85
30 86
30 87
31 31
31 34
31 77
31 82
31 83
31 84
31 85
31 86
31 87
32 32
32 33
32 36
32 37
32 66
32 68
32 72
32 78
32 80
32 81
32 94
32 95
32 96
32 108
32 109
32 113
32 115
33 33
33 37
33 39
33 41
33 60
33 61
33 63
33 74
33 96
33 110
34 34
34 35
34 64
34 65
34 67
34 82
34 83
34 88
35 35
35 40
35 58
35 60
35 61
35 64
35 65
35 67
35 83
35 88
35 89
35 102
36 36
36 37
36 38
36 39
36 41
36 46
36 53
36 54
36 55
36 56
36 62
36 63
36 72
36 73
36 74
36 75
36 76
36 78
36 79
36 80
36 81
36 96
36 98
36 99
36 108
36 112
36 113
36 114
36 115
37 37
37 38
37 39
37 40
37 41
37 42
37 46
37 47
37 53
37 54
37 55
37 56
37 62
37 63
37 72
37 73
37 74
37 75
37 76
37 77
37 78
37 79
37 80
37 81
37 95
37 96
37 98
37 99
37 105
37 108
37 109
37 111
37 112
37 113
37 114
37 115
38 38
38 39
38 40
38 41
38 46
38 47
38 53
38 54
38 55
38 56
38 62
38 63
38 70
38 72
38 73
38 74
38 75
38 76
38 77
38 78
38 79
38 80
38 81
38 96
38 98
38 99
38 109
38 111
38 113
38 114
39 39
39 40
39 54
39 55
39 56
39 57
39 60
39 61
39 62
39 63
39 72
39 73
39 74
39 75
39 76
39 77
39 78
39 79
39 80
39 81
39 95
39 96
39 97
39 98
39 99
39 108
39 109
39 111
39 113
39 114
39 115
40 40
40 41
40 42
40 46
40 47
40 54
40 55
40 62
40 63
40 72
40 79
40 80
40 81
40 96
40 110
40 113
41 41
41 46
41 47
41 55
41 61
41 62
41 63
41 72
41 73
41 74
41 75
41 76
41 77
41 78
41 79
41 80
41 81
41 83
41 96
41 110
41 111
42 42
42 43
42 44
42 45
42 46
42 47
42 48
42 49
42 52
42 53
42 55
42 57
42 76
42 77
42 79
42 96
42 98
42 99
42 110
42 111
43 43
43 44
43 45
43 46
43 47
43 48
43 49
43 55
43 79
43 96
43 98
43 99
43 105
43 110
43 111
44 44
44 45
44 46
44 47
44 48
44 49
44 50
44 51
44 52
44 53
44 57
44 96
44 98
44 99
44 110
44 111
45 45
45 46
45 47
45 48
45 49
45 50
45 104
45 110
46 46
46 47
46 48
46 49
46 52
46 53
46 54
46 55
46 56
46 57
46 62
46 72
46 73
46 74
46 76
46 77
46 78
46 79
46 80
46 81
46 96
46 98
46 99
46 110
46 111
46 113
47 47
47 48
47 49
47 53
47 55
47 72
47 76
47 77
47 79
47 96
47 98
47 99
47 105
47 110
47 111
48 48
48 49
48 50
48 51
48 52
48 53
48 91
48 104
48 109
49 49
49 51
49 52
49 53
49 54
49 55
49 56
49 57
49 59
49 66
49 78
49 79
49 96
49 98
49 99
49 105
49 109
49 111
50 50
50 51
50 53
50 71
50 94
50 104
51 51
51 52
51 53
51 57
51 66
51 94
51 95
51 104
51 108
51 109
52 52
52 53
52 54
52 55
52 56
52 57
52 70
52 71
52 72
52 73
52 76
52 77
52 79
52 80
52 81
52 98
52 99
53 53
53 54
53 55
53 56
53 57
53 70
53 71
53 72
53 73
53 76
53 77
53 78
53 79
53 80
53 81
53 95
53 96
53 98
53 99
53 108
53 109
53 111
54 54
54 55
54 56
54 57
54 62
54 63
54 72
54 73
54 74
54 75
54 76
54 78
54 79
54 80
54 81
54 95
54 96
54 98
54 99
54 109
54 113
54 114
55 55
55 56
55 57
55 62
55 63
55 72
55 73
55 74
55 76
55 77
55 78
55 79
55 80
55 81
55 95
55 96
55 98
55 99
55 108
55 109
55 113
55 114
55 115
56 56
56 57
56 62
56 63
56 70
56 72
56 73
56 74
56 76
56 77
56 78
56 79
56 80
56 81
56 95
56 96
56 98
56 99
56 113
56 115
57 57
57 79
57 80
57 94
57 95
57 96
57 97
57 98
57 99
57 108
57 111
57 112
57 113
57 114
57 115
58 58
58 59
58 60
58 61
58 65
58 66
58 69
58 88
58 89
58 100
58 102
58 106
58 107
59 59
59 61
59 63
59 66
59 69
59 104
59 106
60 60
60 61
60 62
60 63
60 64
60 65
60 83
60 88
60 89
60 107
61 61
61 62
61 63
61 64
61 65
61 66
61 89
61 110
62 62
62 63
62 72
62 73
62 74
62 75
62 76
62 77
62 78
62 79
62 80
62 81
62 96
62 113
62 114
62 115
63 63
63 72
63 73
63 74
63 75
63 76
63 77
63 79
63 80
63 81
63 83
63 96
63 113
64 64
64 65
64 67
64 83
64 85
64 88
64 89
64 90
64 92
64 93
64 106
65 65
65 67
65 69
65 85
65 88
65 89
65 90
65 100
65 106
66 66
66 78
66 108
67 67
67 69
67 85
67 88
67 90
67 100
67 104
67 106
68 68
68 69
68 90
68 92
68 93
68 101
68 102
68 103
69 69
69 88
69 89
69 90
69 92
69 93
69 100
69 101
69 102
69 106
69 107
69 112
70 70
70 71
70 73
70 74
70 75
70 76
70 77
70 80
70 81
70 99
70 101
70 103
71 71
71 73
71 75
71 76
71 77
71 91
72 72
72 73
72 74
72 75
72 76
72 77
72 78
72 79
72 80
72 81
72 96
72 98
72 99
72 109
72 111
72 113
73 73
73 74
73 75
73 76
73 77
73 78
73 79
73 80
73 81
73 96
73 98
73 99
73 111
73 115
74 74
74 75
74 76
74 77
74 78
74 79
74 80
74 81
74 96
74 98
74 115
75 75
75 76
75 77
75 78
75 79
75 80
75 81
75 96
75 98
75 99
75 111
75 112
76 76
76 77
76 78
76 79
76 80
76 81
76 87
76 96
76 98
76 99
76 111
76 112
76 115
77 77
77 79
77 80
77 81
77 82
77 83
77 87
77 96
77 98
77 99
77 110
77 111
78 78
78 79
78 80
78 81
78 95
78 96
78 98
78 99
78 108
78 109
78 111
78 112
78 114
78 115
79 79
79 80
79 81
79 95
79 96
79 98
79 99
79 109
79 111
79 113
79 114
79 115
80 80
80 81
80 96
80 98
80 99
80 108
80 111
80 112
80 113
80 115
81 81
81 95
81 96
81 98
81 99
81 108
81 109
81 111
81 113
81 115
82 82
82 83
82 84
82 85
82 86
82 87
82 88
83 83
83 84
83 85
83 87
83 88
83 89
84 84
84 85
84 86
84 87
84 88
85 85
85 86
85 87
85 88
85 89
86 86
86 87
86 113
87 87
87 91
87 93
88 88
88 89
88 90
88 91
88 92
88 93
88 100
88 101
88 102
88 107
89 89
89 90
89 100
89 101
89 102
89 106
89 107
90 90
90 91
90 92
90 93
90 100
90 101
90 102
90 103
90 104
90 106
90 112
91 91
91 92
91 93
91 100
91 101
91 102
92 92
92 93
92 100
92 101
92 102
92 103
92 112
93 93
93 100
93 101
93 102
93 103
93 112
94 94
94 95
94 97
94 108
94 109
94 115
95 95
95 97
95 98
95 99
95 108
95 109
95 112
95 114
95 115
96 96
96 98
96 99
96 105
96 108
96 109
96 110
96 111
96 113
96 114
97 97
97 108
97 109
97 112
97 114
97 115
98 98
98 99
98 108
98 111
98 112
99 99
99 111
99 112
99 113
99 114
99 115
100 100
100 101
100 102
100 103
100 104
100 106
100 107
101 101
101 102
101 103
101 104
101 107
101 112
102 102
102 103
102 107
103 103
103 104
103 107
103 112
104 104
104 105
104 106
104 107
105 105
105 107
105 115
106 106
106 107
106 112
107 107
108 108
108 109
108 111
108 112
108 114
108 115
109 109
110 110
110 111
111 111
111 112
112 112
112 115
113 113
113 114
113 115
114 114
114 115
115 115
