0 0
0 10
0 12
0 16
0 28
0 32
0 38
0 48
0 52
0 54
0 56
0 57
0 58
0 59
0 60
0 61
0 62
0 63
0 66
0 69
0 72
0 104
0 105
0 107
1 1
1 11
1 13
1 15
1 16
1 17
1 19
1 28
1 29
1 32
1 36
1 37
1 39
1 56
1 57
1 58
1 59
1 60
1 61
1 63
1 68
1 69
1 72
1 74
1 75
1 78
1 80
1 81
1 83
1 89
1 97
2 2
2 6
2 7
2 8
2 10
2 12
2 14
2 18
2 19
2 22
2 23
2 35
2 50
2 64
2 67
2 70
2 88
2 93
2 94
2 104
2 105
2 107
2 110
3 3
3 5
3 7
3 9
3 13
3 14
3 15
3 18
3 19
3 22
3 23
3 26
3 27
3 37
3 39
3 65
3 79
3 82
3 83
3 86
3 88
3 89
3 92
3 97
3 106
4 4
4 5
4 10
4 11
4 13
4 14
4 15
4 26
4 27
4 34
4 35
4 37
4 38
4 39
4 50
4 52
4 55
4 59
4 68
4 86
4 104
4 105
4 107
5 5
5 7
5 9
5 15
5 19
5 23
5 25
5 26
5 27
5 34
5 35
5 37
5 38
5 39
5 54
5 65
5 67
5 69
5 86
5 88
5 89
5 94
5 104
5 105
5 110
6 6
6 7
6 8
6 9
6 10
6 12
6 18
6 22
6 23
6 30
6 31
6 64
6 65
6 70
6 82
6 84
6 87
6 88
6 90
6 91
6 92
6 93
6 94
6 100
6 101
6 102
6 103
6 105
6 107
6 110
6 115
7 7
7 9
7 13
7 19
7 22
7 23
7 31
7 59
7 64
7 65
7 82
7 84
7 87
7 88
7 89
7 92
7 106
7 113
7 114
8 8
8 14
8 18
8 22
8 23
8 24
8 30
8 31
8 50
8 53
8 64
8 67
8 70
8 73
8 74
8 76
8 82
8 84
8 88
8 110
8 113
9 9
9 18
9 19
9 23
9 25
9 27
9 34
9 39
9 65
9 82
9 84
9 87
9 88
9 89
9 113
10 10
10 11
10 12
10 13
10 14
10 16
10 17
10 38
10 48
10 52
10 58
10 60
10 61
10 68
10 90
10 91
10 93
10 98
10 99
10 102
10 104
10 107
11 11
11 12
11 13
11 15
11 16
11 17
11 21
11 28
11 29
11 37
11 38
11 39
11 41
11 55
11 56
11 61
11 75
11 81
12 12
12 13
12 14
12 15
12 17
12 18
12 28
12 29
12 38
12 52
12 54
12 58
12 60
12 61
12 63
12 70
12 72
12 75
12 86
12 90
12 91
12 92
12 93
12 102
13 13
13 14
13 15
13 17
13 19
13 29
13 32
13 37
13 38
13 39
13 52
13 56
13 57
13 58
13 59
13 60
13 61
13 65
13 89
13 97
13 112
14 14
14 15
14 18
14 22
14 28
14 29
14 38
14 64
14 68
14 72
14 82
14 86
14 88
14 93
15 15
15 17
15 28
15 29
15 36
15 37
15 38
15 39
15 40
15 41
15 48
15 52
15 54
15 55
15 60
15 61
15 72
15 83
15 86
15 97
16 16
16 17
16 28
16 29
16 36
16 56
16 57
16 58
16 60
16 62
16 63
16 66
16 72
16 78
16 79
16 80
16 81
16 95
16 100
16 108
16 109
16 112
17 17
17 28
17 29
17 36
17 37
17 39
17 41
17 55
17 56
17 57
17 60
17 68
17 72
17 78
17 79
17 80
17 81
17 83
17 95
17 98
17 112
18 18
18 19
18 22
18 33
18 35
18 38
18 47
18 50
18 51
18 52
18 54
18 60
18 68
18 70
18 82
18 88
19 19
19 23
19 27
19 57
19 58
19 68
19 69
19 89
19 95
19 97
19 104
19 108
19 109
20 20
20 21
20 22
20 24
20 25
20 26
20 30
20 31
20 35
20 71
20 73
20 74
20 76
20 77
20 85
20 87
20 92
20 96
20 100
20 102
20 107
20 110
20 113
21 21
21 24
21 25
21 26
21 27
21 30
21 31
21 37
21 71
21 85
21 92
21 95
21 96
21 99
21 100
21 102
21 110
21 113
22 22
22 23
22 24
22 25
22 30
22 31
22 35
22 50
22 64
22 67
22 70
22 73
22 74
22 76
22 82
22 84
22 86
22 87
22 88
22 91
22 92
22 93
22 94
22 100
22 101
22 107
22 110
22 113
23 23
23 24
23 25
23 27
23 30
23 31
23 34
23 64
23 65
23 67
23 69
23 70
23 82
23 84
23 87
23 88
23 89
23 92
23 93
23 94
23 104
23 105
23 107
23 110
23 113
23 115
24 24
24 25
24 26
24 27
24 30
24 31
24 34
24 35
24 43
24 45
24 50
24 67
24 74
24 83
24 85
24 94
24 97
24 110
24 113
25 25
25 27
25 30
25 31
25 34
25 35
25 39
25 43
25 44
25 45
25 67
25 74
25 83
25 85
25 89
25 94
25 97
25 110
25 113
25 115
26 26
26 27
26 35
26 38
26 43
26 44
26 45
26 50
26 59
26 66
26 67
26 68
26 96
26 99
26 110
26 113
27 27
27 34
27 45
27 59
27 66
27 67
27 69
27 89
27 94
27 95
27 104
27 105
27 106
27 107
27 108
27 109
27 110
27 113
27 114
27 115
28 28
28 29
28 30
28 31
28 32
28 36
28 40
28 41
28 56
28 57
28 60
28 62
28 63
28 72
28 76
28 78
28 79
28 80
28 81
28 83
29 29
29 32
29 33
29 36
29 37
29 38
29 39
29 41
29 55
29 60
29 72
29 73
29 75
29 78
29 79
29 80
29 81
29 83
30 30
30 31
30 33
30 40
30 64
30 65
30 70
30 71
30 73
30 74
30 75
30 76
30 77
30 82
30 83
30 84
30 85
30 87
30 88
30 89
30 100
30 101
30 110
30 113
31 31
31 33
31 40
31 62
31 64
31 65
31 70
31 71
31 73
31 74
31 76
31 77
31 80
31 82
31 83
31 84
31 85
31 100
31 101
31 108
31 109
31 113
31 115
32 32
32 33
32 36
32 40
32 46
32 49
32 55
32 57
32 60
32 62
32 63
32 72
32 74
32 78
32 79
32 80
32 81
32 83
32 97
33 33
33 34
33 35
33 40
33 44
33 64
33 65
33 102
33 110
33 114
34 34
34 35
34 45
34 50
34 64
34 67
34 77
34 92
34 113
34 114
34 115
35 35
35 37
35 38
35 41
35 45
35 48
35 50
35 54
35 67
35 75
35 77
35 86
35 88
35 90
35 96
35 110
36 36
36 37
36 38
36 39
36 40
36 41
36 43
36 49
36 54
36 60
36 62
36 72
36 73
36 74
36 75
36 76
36 77
36 78
36 79
36 80
36 81
36 83
36 85
36 99
36 112
37 37
37 38
37 39
37 40
37 41
37 43
37 48
37 52
37 54
37 55
37 72
37 73
37 75
37 76
37 77
37 79
37 81
37 83
37 112
38 38
38 39
38 48
38 51
38 52
38 54
38 55
38 59
38 60
38 61
38 72
38 86
38 90
38 96
39 39
39 40
39 41
39 52
39 54
39 55
39 73
39 75
39 77
39 83
39 86
39 87
39 89
39 94
40 40
40 41
40 62
40 63
40 72
40 73
40 74
40 75
40 76
40 77
40 82
40 83
40 86
40 89
40 95
40 109
41 41
41 55
41 72
41 73
41 74
41 75
41 76
41 77
41 83
41 87
41 94
41 95
42 42
42 43
42 44
42 45
42 46
42 47
42 49
42 55
42 62
42 78
42 79
42 80
42 81
42 85
42 98
43 43
43 44
43 45
43 46
43 47
43 48
43 49
43 50
43 55
43 67
43 79
43 80
43 81
43 96
43 97
43 98
43 110
44 44
44 45
44 46
44 47
44 48
44 49
44 53
44 55
44 56
44 62
44 66
44 67
44 79
45 45
45 46
45 47
45 49
45 50
45 55
45 66
45 67
45 85
45 106
46 46
46 47
46 48
46 49
46 55
46 67
46 79
46 80
46 81
46 96
46 98
47 47
47 48
47 49
47 53
47 55
47 72
47 79
47 80
47 81
47 96
47 98
47 111
48 48
48 49
48 50
48 51
48 52
48 54
48 55
48 58
48 59
48 61
48 66
48 67
48 69
48 90
48 96
48 98
48 112
49 49
49 53
49 55
49 56
49 57
49 62
49 79
49 80
49 81
49 98
50 50
50 51
50 52
50 54
50 64
50 67
50 68
50 94
50 96
50 110
51 51
51 52
51 53
51 54
51 55
51 58
51 59
51 60
51 61
51 65
51 69
51 90
51 96
51 98
51 103
51 112
52 52
52 53
52 54
52 55
52 58
52 59
52 60
52 61
52 69
52 90
52 91
52 96
52 98
52 103
53 53
53 56
53 71
53 84
53 88
53 91
54 54
54 60
54 61
54 65
54 68
54 86
54 88
54 89
54 90
54 96
54 98
55 55
55 78
55 79
55 81
55 96
55 98
56 56
56 57
56 58
56 59
56 60
56 62
56 63
56 66
56 69
56 78
56 80
56 81
56 95
56 99
56 109
57 57
57 58
57 59
57 62
57 63
57 66
57 68
57 69
57 78
57 79
57 80
57 81
57 95
57 112
58 58
58 59
58 60
58 61
58 62
58 63
58 66
58 69
58 78
58 90
58 91
58 103
58 104
58 105
58 107
59 59
59 60
59 61
59 63
59 66
59 68
59 69
59 90
59 104
59 105
60 60
60 61
60 62
60 63
60 72
60 90
60 91
60 99
60 101
60 102
60 103
61 61
61 63
61 69
61 90
61 91
61 112
62 62
62 63
62 64
62 72
62 78
62 79
62 80
62 81
62 83
62 84
62 85
62 99
62 101
62 109
62 115
63 63
63 72
63 80
63 84
63 89
63 100
63 101
63 102
63 109
64 64
64 65
64 67
64 82
64 84
64 85
64 86
64 88
64 93
64 100
64 101
64 106
64 107
64 114
65 65
65 84
65 88
65 89
65 92
65 100
65 102
65 108
65 112
65 113
65 114
66 66
66 67
66 68
66 69
66 78
66 95
66 103
66 104
66 105
66 108
66 109
66 115
67 67
67 85
67 94
67 96
67 110
68 68
68 69
68 98
68 99
69 69
69 89
69 95
69 104
69 105
70 70
70 71
70 72
70 73
70 74
70 75
70 76
70 77
70 82
70 87
70 88
70 90
70 91
70 92
70 101
71 71
71 73
71 74
71 75
71 76
71 77
71 87
71 90
71 91
71 92
71 93
71 104
71 105
71 107
72 72
72 73
72 74
72 75
72 76
72 78
72 79
72 80
72 81
72 83
72 87
73 73
73 74
73 75
73 76
73 77
73 82
73 83
73 84
73 87
73 91
73 92
73 101
73 102
74 74
74 75
74 76
74 77
74 81
74 83
74 85
74 87
74 100
74 101
74 106
75 75
75 76
75 77
75 82
75 87
75 90
75 91
75 92
75 102
76 76
76 77
76 83
76 87
76 91
76 92
76 93
76 99
76 100
76 101
76 102
77 77
77 90
77 91
77 92
77 102
78 78
78 79
78 80
78 81
78 93
78 99
78 109
79 79
79 80
79 81
79 83
79 85
80 80
80 81
80 83
80 84
80 85
80 99
80 100
80 101
80 111
81 81
81 83
81 85
81 97
81 98
82 82
82 83
82 84
82 86
82 87
82 88
82 89
82 91
82 101
82 106
83 83
83 85
83 87
83 97
84 84
84 85
84 86
84 87
84 88
84 89
84 93
84 100
84 101
84 104
84 107
84 113
85 85
85 87
85 89
85 94
85 108
85 111
85 113
86 86
86 87
86 88
86 93
86 105
87 87
87 88
87 89
88 88
88 89
88 92
88 93
88 107
88 113
89 89
90 90
90 91
90 92
90 93
90 94
90 98
90 102
90 104
90 107
90 111
90 115
91 91
91 92
91 93
91 94
91 99
91 101
91 103
91 104
91 105
91 107
91 115
92 92
92 93
92 100
92 101
92 102
92 113
93 93
93 100
93 101
93 103
93 104
93 105
93 107
94 94
94 96
94 111
94 115
95 95
95 97
95 99
95 104
95 108
95 109
95 111
95 112
96 96
96 98
96 99
96 102
96 110
96 111
96 112
97 97
97 99
97 103
97 106
97 110
97 111
98 98
98 99
98 102
98 111
98 112
99 99
99 101
99 102
99 106
99 107
99 110
99 111
99 112
99 113
99 115
100 100
100 101
100 102
100 107
100 110
100 111
100 112
100 113
101 101
101 102
101 107
101 108
102 102
102 111
102 112
102 113
103 103
103 105
103 106
104 104
104 105
104 107
104 108
104 109
104 114
104 115
105 105
105 106
105 107
105 108
105 109
105 114
105 115
106 106
106 108
106 111
106 112
106 114
106 115
107 107
107 108
107 109
107 110
107 113
107 114
108 108
108 109
108 111
108 112
108 114
109 109
110 110
110 111
110 113
111 111
111 112
112 112
112 113
112 114
113 113
113 114
113 115
114 114
114 115
115 115
