0 0
0 1
0 2
0 3
0 5
0 6
0 7
0 10
0 12
0 18
0 19
0 22
0 23
0 27
0 30
0 31
0 56
0 58
0 71
0 88
0 90
0 104
1 1
1 3
1 7
1 10
1 11
1 12
1 13
1 18
1 19
1 22
1 23
1 31
1 57
1 58
1 59
1 62
1 63
1 68
1 100
1 106
2 2
2 3
2 6
2 18
2 19
2 22
2 23
2 27
2 30
2 90
2 112
3 3
3 7
3 11
3 13
3 18
3 19
3 22
3 23
3 31
3 33
3 57
3 59
3 62
3 68
3 69
4 4
4 5
4 8
4 9
4 12
4 20
4 24
4 26
4 27
4 35
4 66
4 100
4 101
5 5
5 9
5 24
5 25
5 26
5 27
5 42
5 43
5 44
5 48
5 49
5 50
5 58
5 66
5 100
5 101
5 106
6 6
6 22
6 23
6 27
6 30
6 40
6 47
6 81
6 88
6 90
6 112
7 7
7 11
7 12
7 13
7 18
7 19
7 22
7 23
7 30
7 31
7 57
7 59
7 62
8 8
8 9
8 14
8 24
8 25
8 28
8 65
8 68
8 69
8 80
9 9
9 24
9 25
9 34
9 35
9 44
9 48
9 58
9 59
9 64
9 66
9 67
9 105
9 106
10 10
10 12
10 16
10 18
10 31
10 32
10 56
10 59
10 62
10 63
10 64
10 87
11 11
11 13
11 16
11 17
11 18
11 19
11 22
11 23
11 33
11 39
11 57
11 59
11 61
11 69
12 12
12 22
12 30
12 31
12 63
12 70
12 71
13 13
13 15
13 17
13 18
13 19
13 22
13 23
13 29
13 30
13 31
13 41
13 70
13 71
13 73
14 14
14 15
14 20
14 25
14 28
14 29
14 36
14 37
14 40
14 52
14 72
14 74
14 79
14 80
14 82
14 83
15 15
15 20
15 21
15 26
15 27
15 28
15 29
15 30
15 36
15 37
15 41
15 52
15 53
15 70
15 72
15 73
15 74
15 79
15 83
16 16
16 28
16 32
16 33
16 34
16 35
16 46
16 47
16 57
16 59
16 61
16 63
16 65
16 67
16 68
16 69
16 78
16 80
16 82
16 97
16 107
16 108
17 17
17 28
17 29
17 31
17 36
17 40
17 70
17 71
17 72
17 73
17 74
17 77
17 78
17 79
17 80
17 83
17 96
18 18
18 19
18 22
18 23
18 32
18 33
18 57
18 58
18 59
18 68
18 69
19 19
19 22
19 23
19 33
19 57
19 59
19 68
19 69
20 20
20 21
20 25
20 26
20 27
20 29
20 30
20 36
20 37
20 38
20 40
20 41
20 53
20 70
20 71
20 72
20 73
20 74
20 75
20 76
20 79
20 81
20 83
20 85
20 95
21 21
21 25
21 26
21 27
21 29
21 30
21 31
21 36
21 37
21 38
21 40
21 41
21 70
21 71
21 72
21 73
21 74
21 75
21 76
21 77
21 79
21 81
21 85
21 95
22 22
22 23
22 30
22 31
22 70
22 71
23 23
23 29
23 30
23 31
23 70
23 71
24 24
24 25
24 28
24 34
24 35
24 47
24 67
25 25
25 28
25 29
25 30
25 31
25 40
25 70
25 71
25 72
25 73
25 74
25 75
25 76
25 77
25 79
25 81
26 26
26 27
26 37
26 41
26 53
26 83
27 27
27 36
27 40
27 46
27 52
27 54
27 81
27 83
27 88
27 92
27 98
27 101
27 112
28 28
28 34
28 36
28 37
28 40
28 47
28 61
28 65
28 72
28 74
28 76
28 77
28 78
28 80
28 83
28 108
28 109
29 29
29 30
29 31
29 36
29 38
29 40
29 41
29 70
29 71
29 72
29 73
29 74
29 75
29 76
29 77
29 79
29 81
29 85
29 95
30 30
30 31
30 41
30 70
30 71
30 72
30 73
30 74
30 75
30 79
30 81
31 31
31 41
31 70
31 71
31 73
31 74
31 75
31 81
32 32
32 33
32 59
32 60
32 64
32 67
32 69
33 33
33 57
33 58
33 59
33 60
33 61
33 64
33 67
33 68
33 69
34 34
34 35
34 42
34 43
34 44
34 45
34 46
34 48
34 49
34 50
34 61
34 62
34 63
34 64
34 65
34 66
34 67
34 76
34 77
34 78
34 80
34 91
34 99
34 101
34 102
34 103
34 105
34 107
34 109
34 110
34 111
34 114
34 115
35 35
35 42
35 43
35 44
35 45
35 46
35 47
35 48
35 49
35 50
35 51
35 61
35 63
35 65
35 66
35 67
35 76
35 77
35 78
35 80
35 84
35 100
35 101
35 107
35 109
35 110
36 36
36 37
36 38
36 39
36 40
36 41
36 47
36 54
36 55
36 70
36 72
36 74
36 75
36 76
36 77
36 78
36 79
36 81
36 83
36 90
36 93
36 94
36 95
36 96
36 97
36 98
36 108
36 109
36 111
36 112
36 113
37 37
37 38
37 39
37 40
37 41
37 46
37 47
37 54
37 55
37 61
37 72
37 74
37 76
37 77
37 78
37 79
37 81
37 83
37 85
37 93
37 94
37 95
37 96
37 97
37 98
37 99
37 108
37 109
37 111
37 112
38 38
38 39
38 40
38 41
38 54
38 70
38 71
38 72
38 73
38 74
38 75
38 76
38 77
38 79
38 81
38 83
38 85
38 87
38 90
38 94
38 95
38 96
38 98
38 108
39 39
39 41
39 46
39 53
39 54
39 55
39 61
39 76
39 77
39 82
39 83
39 84
39 87
39 89
39 94
39 95
39 96
39 97
39 98
39 99
39 103
39 107
39 108
39 109
39 111
39 113
40 40
40 41
40 54
40 70
40 71
40 72
40 73
40 74
40 75
40 76
40 77
40 79
40 81
40 83
40 90
40 94
40 95
40 96
40 98
41 41
41 53
41 54
41 70
41 71
41 72
41 73
41 74
41 75
41 76
41 81
41 83
41 84
41 85
41 89
41 95
42 42
42 43
42 44
42 45
42 46
42 47
42 48
42 49
42 50
42 51
42 52
42 55
42 66
42 68
42 82
42 84
42 91
42 96
42 97
42 98
42 99
42 100
42 101
42 103
42 105
42 107
42 109
42 110
42 111
42 113
42 114
42 115
43 43
43 44
43 45
43 46
43 48
43 49
43 50
43 51
43 55
43 66
43 82
43 84
43 85
43 91
43 96
43 97
43 98
43 99
43 100
43 101
43 102
43 103
43 106
43 107
43 110
43 111
43 113
43 114
43 115
44 44
44 45
44 48
44 49
44 50
44 51
44 62
44 64
44 65
44 66
44 67
44 84
44 106
44 110
45 45
45 46
45 48
45 49
45 50
45 51
45 55
45 60
45 62
45 64
45 65
45 66
45 67
45 110
46 46
46 47
46 48
46 49
46 50
46 51
46 52
46 53
46 55
46 61
46 65
46 66
46 67
46 69
46 93
46 94
46 96
46 97
46 98
46 99
46 103
46 107
46 108
46 109
46 110
46 111
46 112
46 113
46 114
46 115
47 47
47 49
47 51
47 52
47 55
47 61
47 65
47 76
47 77
47 78
47 83
47 93
47 94
47 96
47 97
47 98
47 99
47 101
47 108
47 109
47 110
47 111
47 112
47 113
48 48
48 49
48 50
48 51
48 58
48 60
48 64
48 66
48 67
48 68
48 69
49 49
49 50
49 51
49 52
49 55
49 65
49 66
49 67
49 68
49 69
49 91
49 97
49 99
49 100
49 105
49 107
49 110
49 111
49 115
50 50
50 51
50 52
50 55
50 64
50 65
50 66
50 67
50 69
50 84
50 97
50 99
50 110
50 111
51 51
51 52
51 55
51 65
51 68
51 69
51 82
51 84
51 97
51 99
51 100
51 103
51 107
51 109
51 110
51 111
51 113
51 114
51 115
52 52
52 53
52 54
52 55
52 82
52 88
52 92
52 93
52 96
52 97
52 98
52 99
52 103
52 108
52 111
52 112
52 113
52 114
53 53
53 54
53 55
53 88
53 89
53 95
53 96
53 97
53 98
53 99
53 108
53 111
54 54
54 55
54 56
54 75
54 81
54 83
54 85
54 87
54 88
54 89
54 90
54 91
54 94
54 95
54 96
54 97
54 98
54 99
54 108
54 110
54 111
54 112
54 114
54 115
55 55
55 61
55 82
55 83
55 87
55 88
55 89
55 91
55 92
55 93
55 94
55 95
55 96
55 97
55 98
55 99
55 103
55 105
55 108
55 109
55 110
55 111
55 112
55 113
55 114
55 115
56 56
56 58
56 60
56 62
56 68
56 86
56 88
56 89
56 90
56 91
56 92
56 104
56 106
57 57
57 58
57 59
57 61
57 63
57 65
57 66
57 68
57 69
57 82
58 58
58 59
58 60
58 64
58 66
58 67
58 68
58 69
58 104
59 59
59 60
59 61
59 62
59 63
59 64
59 66
59 67
59 68
59 69
60 60
60 64
60 66
60 67
60 68
60 69
61 61
61 63
61 65
61 67
61 68
61 69
61 78
61 80
61 82
61 93
61 97
61 103
61 105
61 107
61 108
61 109
61 111
61 112
61 113
62 62
62 64
62 66
62 84
62 89
62 100
62 106
63 63
63 65
63 102
63 106
64 64
64 66
64 67
64 68
64 69
65 65
65 66
65 67
65 68
65 69
65 80
65 107
66 66
66 67
66 68
66 69
66 92
66 100
66 101
66 102
66 105
66 106
67 67
67 68
67 69
67 105
67 107
67 115
68 68
68 69
68 91
68 103
68 105
69 69
69 103
69 105
69 107
70 70
70 71
70 72
70 73
70 74
70 75
70 76
70 77
70 79
70 81
71 71
71 72
71 73
71 74
71 75
71 76
71 77
71 79
71 81
71 85
72 72
72 73
72 74
72 75
72 76
72 77
72 78
72 79
72 80
72 81
72 83
72 95
73 73
73 74
73 75
73 76
73 77
73 79
73 81
73 85
73 95
74 74
74 75
74 76
74 77
74 78
74 79
74 81
74 94
74 95
75 75
75 76
75 77
75 79
75 81
75 85
75 95
76 76
76 77
76 78
76 79
76 80
76 81
76 83
76 84
76 85
76 94
76 95
76 96
76 108
76 109
77 77
77 78
77 79
77 80
77 81
77 83
77 85
77 94
77 95
77 96
77 97
77 98
77 101
77 108
77 109
77 110
77 111
78 78
78 80
78 82
78 93
78 94
78 95
78 96
78 97
78 108
78 109
78 111
78 113
79 79
79 81
79 83
79 85
79 94
79 95
80 80
80 82
80 84
80 109
81 81
81 85
81 94
81 95
82 82
82 84
82 87
82 93
82 97
82 99
82 102
82 103
82 107
82 109
82 110
82 111
82 113
82 115
83 83
83 93
83 94
83 95
83 96
83 97
83 98
83 108
83 109
83 111
83 112
83 113
84 84
84 85
84 89
85 85
85 89
85 94
85 95
85 97
85 99
85 109
85 110
86 86
86 88
87 87
87 89
87 91
87 95
87 96
87 97
87 99
87 108
87 115
88 88
88 89
88 90
88 91
88 96
88 98
88 104
88 111
89 89
89 91
89 92
89 99
90 90
90 91
90 92
90 93
90 98
90 104
90 112
90 113
90 114
91 91
91 92
91 93
91 98
91 99
91 102
91 103
91 104
91 105
91 106
91 107
91 111
91 113
91 114
91 115
92 92
92 93
92 99
92 102
92 103
92 104
92 105
92 106
92 112
92 113
92 114
92 115
93 93
93 94
93 96
93 97
93 98
93 99
93 101
93 102
93 103
93 104
93 105
93 107
93 108
93 109
93 111
93 112
93 113
93 114
93 115
94 94
94 95
94 96
94 97
94 98
94 99
94 108
94 109
94 110
94 111
94 112
94 114
94 115
95 95
95 96
95 97
95 98
95 99
95 108
95 109
95 111
96 96
96 97
96 98
96 99
96 101
96 108
96 109
96 110
96 111
96 112
96 113
96 114
96 115
97 97
97 98
97 99
97 103
97 107
97 108
97 109
97 110
97 111
97 112
97 113
97 114
97 115
98 98
98 99
98 101
98 108
98 109
98 110
98 111
98 112
98 113
98 114
98 115
99 99
99 102
99 103
99 105
99 107
99 108
99 109
99 110
99 111
99 112
99 113
99 114
99 115
100 100
100 101
100 102
100 106
101 101
101 102
101 106
101 110
101 115
102 102
102 103
102 104
102 105
102 106
102 113
102 114
102 115
103 103
103 104
103 105
103 106
103 107
103 111
103 112
103 113
103 114
103 115
104 104
104 105
104 106
104 113
104 114
104 115
105 105
105 106
105 107
105 113
105 114
105 115
106 106
106 107
106 114
106 115
107 107
107 108
107 109
107 113
107 114
107 115
108 108
108 109
108 110
108 111
108 112
108 113
108 114
108 115
109 109
109 110
109 111
109 112
109 115
110 110
110 111
110 112
110 115
111 111
111 112
111 113
111 114
111 115
112 112
112 113
112 114
112 115
113 113
113 114
113 115
114 114
114 115
115 115
