0 0
0 1
0 7
0 10
0 11
0 12
0 13
0 14
0 18
0 30
0 56
0 60
0 64
0 84
0 85
0 89
1 1
1 11
1 13
1 17
1 28
1 29
1 32
1 33
1 56
1 57
1 63
1 68
1 74
1 76
1 77
1 84
1 96
2 2
2 3
2 4
2 5
2 6
2 7
2 8
2 9
2 14
2 18
2 19
2 22
2 23
2 24
2 25
2 26
2 27
2 38
2 64
2 67
2 86
2 87
2 88
2 90
2 91
3 3
3 4
3 5
3 6
3 7
3 8
3 9
3 10
3 12
3 15
3 20
3 21
3 22
3 23
3 25
3 26
3 27
3 31
3 35
3 38
3 42
3 43
3 64
3 65
3 86
3 87
3 90
3 92
3 105
4 4
4 5
4 6
4 7
4 8
4 9
4 14
4 20
4 21
4 22
4 23
4 24
4 25
4 26
4 27
4 38
4 49
4 51
4 86
4 87
4 90
4 91
5 5
5 6
5 7
5 8
5 10
5 12
5 15
5 20
5 21
5 22
5 23
5 24
5 25
5 26
5 27
5 38
5 39
5 70
5 86
5 87
5 90
5 105
5 115
6 6
6 7
6 8
6 14
6 18
6 20
6 21
6 22
6 24
6 25
6 26
6 27
6 30
6 38
6 48
6 50
6 64
6 86
6 87
6 90
6 91
7 7
7 8
7 9
7 10
7 11
7 12
7 13
7 15
7 20
7 21
7 23
7 25
7 31
7 35
7 61
7 64
7 65
7 71
7 87
7 90
7 92
7 100
7 114
8 8
8 9
8 14
8 15
8 22
8 23
8 49
8 51
8 64
8 65
8 67
8 68
8 88
8 90
8 91
8 92
9 9
9 14
9 15
9 19
9 23
9 35
9 61
9 64
9 65
9 85
9 88
9 90
9 92
9 93
10 10
10 11
10 12
10 13
10 14
10 15
10 16
10 20
10 21
10 26
10 27
10 38
10 39
10 54
10 56
10 60
10 62
10 64
10 79
10 84
10 85
10 89
10 92
10 100
10 114
10 115
11 11
11 13
11 15
11 30
11 31
11 33
11 61
11 64
11 65
11 73
11 74
11 76
11 77
11 85
11 92
11 109
11 114
12 12
12 13
12 14
12 15
12 16
12 20
12 21
12 26
12 27
12 38
12 39
12 42
12 54
12 56
12 60
12 62
12 79
12 84
12 89
12 92
12 100
12 105
12 114
12 115
13 13
13 15
13 31
13 33
13 45
13 61
13 65
13 100
13 107
13 109
14 14
14 15
14 18
14 19
14 22
14 23
14 27
14 64
14 82
14 84
14 85
14 88
14 89
14 90
14 91
14 92
14 93
14 107
15 15
15 19
15 23
15 39
15 42
15 61
15 65
15 85
15 89
15 90
15 91
15 92
15 105
16 16
16 17
16 28
16 56
16 57
16 60
16 62
16 63
16 72
16 78
16 79
16 80
16 81
16 82
16 89
16 98
16 99
16 100
16 112
16 115
17 17
17 18
17 28
17 29
17 46
17 49
17 52
17 53
17 55
17 56
17 57
17 62
17 63
17 72
17 78
17 79
17 80
17 81
17 89
17 98
17 100
17 112
18 18
18 19
18 24
18 30
18 32
18 53
18 55
18 57
18 68
18 69
18 81
18 82
18 86
18 91
18 93
18 99
19 19
19 32
19 68
19 69
19 76
19 83
19 90
19 91
19 93
19 111
19 113
20 20
20 21
20 22
20 23
20 24
20 25
20 26
20 27
20 38
20 39
20 42
20 52
20 54
20 62
20 86
20 87
20 90
20 105
20 114
20 115
21 21
21 22
21 23
21 24
21 25
21 26
21 27
21 31
21 38
21 39
21 42
21 43
21 54
21 70
21 86
21 87
21 105
21 114
21 115
22 22
22 23
22 24
22 25
22 26
22 27
22 30
22 38
22 41
22 64
22 82
22 86
22 87
22 90
22 105
23 23
23 24
23 25
23 26
23 27
23 35
23 38
23 52
23 64
23 85
23 86
23 87
23 89
23 90
23 100
23 105
23 115
24 24
24 25
24 26
24 27
24 30
24 34
24 38
24 70
24 86
24 87
24 114
25 25
25 26
25 27
25 30
25 31
25 34
25 35
25 38
25 39
25 45
25 70
25 71
25 87
25 114
25 115
26 26
26 27
26 38
26 39
26 42
26 52
26 54
26 55
26 62
26 70
26 86
26 87
26 90
26 105
26 115
27 27
27 38
27 39
27 42
27 54
27 70
27 86
27 87
27 105
27 115
28 28
28 29
28 32
28 36
28 37
28 40
28 47
28 57
28 62
28 63
28 72
28 73
28 74
28 76
28 77
28 78
28 79
28 80
28 81
28 82
28 83
28 84
28 97
28 98
28 99
28 108
28 111
28 112
28 113
29 29
29 32
29 33
29 36
29 37
29 40
29 41
29 43
29 47
29 55
29 62
29 63
29 72
29 73
29 74
29 75
29 76
29 77
29 78
29 79
29 80
29 81
29 83
29 94
29 95
29 98
29 99
29 108
29 109
29 111
29 112
29 113
30 30
30 31
30 33
30 34
30 42
30 43
30 70
30 71
30 73
30 74
30 75
30 76
30 86
30 109
30 114
31 31
31 33
31 34
31 35
31 42
31 43
31 45
31 65
31 70
31 71
31 73
31 74
31 75
31 76
31 77
31 94
31 95
31 109
31 114
32 32
32 33
32 36
32 51
32 57
32 59
32 60
32 63
32 66
32 68
32 69
32 72
32 74
32 75
32 76
32 78
32 81
32 94
32 96
32 109
33 33
33 34
33 35
33 36
33 40
33 45
33 61
33 65
33 67
33 68
33 72
33 73
33 74
33 75
33 76
33 77
33 94
33 95
33 109
33 112
34 34
34 35
34 45
34 67
34 71
34 74
34 77
34 94
34 95
34 101
34 109
34 110
34 111
34 114
35 35
35 45
35 65
35 67
35 71
35 77
35 90
35 92
35 94
35 95
35 106
35 110
35 115
36 36
36 37
36 40
36 41
36 57
36 62
36 63
36 68
36 69
36 72
36 73
36 74
36 75
36 76
36 77
36 78
36 79
36 81
36 84
36 93
36 94
36 95
36 96
36 109
36 111
36 112
36 113
37 37
37 38
37 39
37 40
37 41
37 43
37 47
37 54
37 55
37 72
37 78
37 79
37 81
37 83
37 95
37 98
37 105
37 108
37 115
38 38
38 39
38 41
38 42
38 43
38 54
38 62
38 86
38 87
38 105
38 114
38 115
39 39
39 42
39 54
39 62
39 86
39 98
39 105
39 108
39 110
39 115
40 40
40 41
40 47
40 54
40 57
40 62
40 72
40 73
40 74
40 75
40 76
40 77
40 78
40 79
40 81
40 82
40 83
40 95
40 98
40 99
40 101
40 109
40 110
40 111
40 112
40 113
41 41
41 52
41 54
41 62
41 63
41 72
41 73
41 74
41 75
41 79
41 80
41 81
41 83
41 95
41 98
41 103
41 110
41 113
41 115
42 42
42 43
42 46
42 47
42 54
42 90
42 92
42 95
42 99
42 103
42 105
42 108
42 109
42 110
42 111
42 112
42 113
42 114
43 43
43 46
43 47
43 95
43 103
43 108
43 109
43 110
43 111
43 112
43 113
43 114
44 44
44 45
44 46
44 47
44 48
44 49
44 50
44 51
44 52
44 53
44 55
44 58
44 59
44 63
44 66
44 96
44 97
44 98
45 45
45 47
45 48
45 49
45 50
45 51
45 53
45 55
45 58
45 65
45 66
45 67
45 77
45 94
45 96
45 97
45 109
46 46
46 47
46 48
46 49
46 50
46 51
46 52
46 53
46 55
46 56
46 59
46 78
46 79
46 81
46 85
46 89
46 96
46 98
46 113
47 47
47 48
47 49
47 51
47 52
47 53
47 55
47 79
47 80
47 81
47 83
47 96
47 98
48 48
48 49
48 50
48 51
48 52
48 53
48 55
48 58
48 59
48 66
48 67
48 70
48 96
48 98
49 49
49 50
49 51
49 53
49 55
49 58
49 59
49 66
49 85
49 87
49 96
49 98
50 50
50 51
50 52
50 53
50 55
50 58
50 59
50 66
50 67
50 96
51 51
51 53
51 55
51 58
51 59
51 66
51 67
51 85
51 96
51 98
52 52
52 53
52 54
52 55
52 58
52 59
52 62
52 63
52 66
52 79
52 80
52 81
52 86
52 89
52 98
52 101
52 102
52 103
52 105
52 115
53 53
53 55
53 57
53 58
53 59
53 63
53 66
53 78
53 79
53 80
53 81
53 96
53 98
54 54
54 55
54 62
54 63
54 79
54 80
54 81
54 86
54 89
54 98
54 103
54 105
54 108
54 115
55 55
55 63
55 80
55 81
55 89
55 96
55 98
56 56
56 57
56 62
56 63
56 78
56 79
56 80
56 81
56 82
56 84
56 85
56 89
57 57
57 59
57 63
57 66
57 68
57 69
57 76
57 78
57 79
57 80
57 81
57 82
57 83
57 84
57 96
58 58
58 59
58 60
58 61
58 63
58 66
58 67
58 70
58 87
58 96
58 98
59 59
59 60
59 61
59 62
59 63
59 66
59 69
59 79
59 81
59 89
59 96
59 98
59 102
59 106
60 60
60 61
60 62
60 63
60 64
60 65
60 68
60 74
60 88
60 89
61 61
61 65
61 89
61 92
61 102
61 104
62 62
62 63
62 72
62 78
62 79
62 80
62 81
62 86
62 98
62 102
62 112
62 113
62 114
62 115
63 63
63 66
63 72
63 73
63 74
63 78
63 79
63 80
63 81
63 96
63 98
63 112
64 64
64 65
64 67
64 74
64 84
64 85
64 87
64 88
65 65
65 67
65 74
65 77
65 85
65 87
65 88
65 90
65 92
66 66
66 67
66 68
66 69
66 96
66 98
66 102
66 106
67 67
67 87
67 88
67 106
67 110
68 68
68 69
68 76
68 84
68 88
68 93
68 97
68 101
68 107
69 69
69 76
69 81
69 84
69 88
69 93
69 97
69 103
69 106
70 70
70 71
70 75
70 77
70 87
71 71
71 75
71 77
71 83
71 87
71 90
71 95
71 106
71 110
72 72
72 73
72 74
72 75
72 76
72 77
72 78
72 79
72 80
72 81
72 83
72 94
72 95
72 97
72 98
72 99
72 108
72 109
72 111
72 112
72 113
73 73
73 74
73 75
73 76
73 77
73 78
73 83
73 94
73 95
73 112
73 113
74 74
74 75
74 76
74 77
74 78
74 83
74 94
74 95
74 109
74 112
74 113
75 75
75 76
75 77
75 83
75 94
75 95
75 109
75 112
76 76
76 77
76 78
76 91
76 93
76 94
76 95
76 97
76 99
76 109
76 111
76 112
76 113
76 114
77 77
77 83
77 92
77 94
77 95
77 97
77 106
77 109
77 110
77 111
77 112
78 78
78 79
78 80
78 81
78 82
78 83
78 98
78 99
78 112
79 79
79 80
79 81
79 82
79 83
79 84
79 89
79 98
79 99
79 100
79 102
79 113
79 115
80 80
80 81
80 82
80 83
80 84
80 89
80 98
80 99
80 100
80 108
80 115
81 81
81 82
81 83
81 98
82 82
82 83
82 84
82 86
82 91
82 98
82 99
82 101
82 110
83 83
83 98
83 110
84 84
84 85
84 88
84 89
84 113
85 85
85 88
85 89
85 96
85 97
85 100
86 86
86 87
86 91
86 103
86 105
87 87
88 88
88 89
88 92
88 93
89 89
89 100
89 105
89 108
90 90
90 91
90 92
90 93
90 99
90 102
90 103
90 104
90 105
90 106
90 107
90 111
91 91
91 92
91 93
91 99
91 101
91 103
91 106
91 107
91 108
91 110
91 111
91 114
92 92
92 93
92 95
92 100
92 102
92 104
92 105
92 106
92 107
92 108
92 111
92 114
92 115
93 93
93 97
93 99
93 101
93 103
93 105
93 106
93 107
93 108
93 111
94 94
94 95
94 96
94 97
94 99
94 101
94 109
94 111
94 112
94 113
94 114
95 95
95 99
95 103
95 104
95 108
95 109
95 111
95 112
95 113
95 114
96 96
96 97
96 98
96 109
97 97
97 99
97 101
97 102
97 106
97 107
97 110
97 111
97 112
98 98
98 102
98 115
99 99
99 101
99 102
99 103
99 104
99 105
99 106
99 108
99 110
99 111
99 112
99 113
99 114
99 115
100 100
100 105
100 107
101 101
101 102
101 103
101 110
101 111
101 112
102 102
102 103
102 104
102 105
102 106
102 107
102 108
102 111
102 115
103 103
103 104
103 105
103 110
103 111
103 113
103 114
104 104
104 105
104 108
104 111
104 113
104 114
104 115
105 105
105 107
105 108
105 111
105 115
106 106
106 108
106 110
106 111
107 107
108 108
108 110
108 111
108 112
108 114
109 109
109 111
109 112
109 113
109 114
110 110
110 111
110 114
111 111
111 112
111 113
111 114
111 115
112 112
112 113
112 114
112 115
113 113
113 114
114 114
114 115
115 115
