0 0
0 1
0 2
0 6
0 8
0 10
0 12
0 14
0 18
0 19
0 22
0 27
0 30
0 35
0 48
0 50
0 51
0 58
0 60
0 71
0 73
0 75
0 84
0 88
1 1
1 2
1 6
1 8
1 10
1 11
1 12
1 13
1 14
1 18
1 19
1 27
1 30
1 31
1 32
1 33
1 35
1 58
1 60
1 65
1 71
1 73
1 74
1 75
1 84
1 88
2 2
2 4
2 5
2 6
2 7
2 8
2 10
2 14
2 18
2 19
2 22
2 24
2 25
2 26
2 30
2 31
2 48
2 50
2 66
2 67
2 71
2 75
2 84
2 88
3 3
3 5
3 7
3 9
3 15
3 20
3 22
3 23
3 34
3 37
3 50
3 85
3 88
3 89
4 4
4 5
4 6
4 7
4 8
4 9
4 13
4 15
4 20
4 24
4 26
4 48
4 49
4 50
4 51
5 5
5 6
5 7
5 8
5 9
5 15
5 20
5 21
5 23
5 24
5 26
5 48
5 50
5 51
5 89
6 6
6 7
6 8
6 9
6 10
6 12
6 13
6 14
6 18
6 19
6 24
6 32
6 33
6 48
6 50
6 51
6 60
6 88
7 7
7 8
7 9
7 20
7 26
7 62
7 70
7 85
7 89
8 8
8 9
8 10
8 12
8 14
8 15
8 19
8 21
8 22
8 24
8 25
8 27
8 45
8 48
8 50
8 51
8 67
8 84
8 88
9 9
9 44
9 49
9 91
9 111
9 112
10 10
10 11
10 12
10 14
10 15
10 18
10 19
10 22
10 27
10 30
10 31
10 32
10 33
10 58
10 60
10 68
10 71
10 73
10 74
10 75
10 76
10 84
10 88
11 11
11 12
11 13
11 28
11 29
11 33
11 57
11 62
11 63
11 64
11 65
11 68
11 72
11 73
11 74
11 75
11 76
11 78
11 80
11 81
11 83
11 84
11 85
12 12
12 13
12 14
12 15
12 18
12 27
12 35
12 48
12 50
12 60
12 64
12 65
12 74
12 75
12 84
12 88
13 13
13 15
13 16
13 28
13 29
13 33
13 35
13 48
13 51
13 57
13 60
13 62
13 63
13 65
13 68
13 75
13 80
13 81
13 83
14 14
14 15
14 18
14 19
14 21
14 22
14 24
14 25
14 27
14 30
14 31
14 34
14 50
14 58
14 60
14 68
14 75
14 84
14 88
15 15
15 20
15 21
15 25
15 26
15 34
15 41
15 50
15 64
15 65
15 84
15 85
15 88
15 89
16 16
16 17
16 28
16 29
16 36
16 39
16 40
16 46
16 52
16 55
16 56
16 57
16 60
16 61
16 62
16 63
16 65
16 72
16 78
16 79
16 80
16 81
16 83
16 89
16 106
17 17
17 28
17 29
17 32
17 33
17 52
17 56
17 57
17 61
17 62
17 63
17 69
17 72
17 78
17 79
17 80
17 81
17 106
18 18
18 19
18 22
18 27
18 30
18 31
18 32
18 34
18 50
18 58
18 66
18 68
18 71
18 73
18 75
18 76
18 77
18 84
18 88
19 19
19 22
19 27
19 30
19 31
19 33
19 35
19 58
19 67
19 71
19 73
19 75
19 76
19 84
19 88
19 112
20 20
20 21
20 23
20 24
20 26
20 34
20 36
20 37
20 38
20 39
20 41
20 50
20 87
20 89
21 21
21 24
21 25
21 31
21 71
22 22
22 23
22 24
22 25
22 26
22 27
22 30
22 31
22 35
22 48
22 50
22 67
22 71
22 75
22 84
22 88
23 23
23 24
23 25
23 26
23 37
23 50
23 67
23 109
23 110
24 24
24 25
24 26
24 27
24 35
24 45
24 48
24 50
24 51
24 59
24 67
24 70
24 84
24 88
25 25
25 27
25 30
25 31
25 34
25 35
25 50
25 51
25 67
25 71
25 84
25 85
25 88
26 26
26 38
26 48
26 50
27 27
27 30
27 31
27 35
27 50
27 51
27 67
27 71
27 75
27 84
27 88
28 28
28 29
28 33
28 56
28 57
28 58
28 60
28 62
28 63
28 64
28 65
28 68
28 69
28 72
28 73
28 74
28 76
28 78
28 79
28 80
28 81
28 82
28 83
29 29
29 32
29 33
29 36
29 38
29 39
29 40
29 41
29 55
29 56
29 57
29 62
29 63
29 64
29 65
29 68
29 72
29 73
29 74
29 76
29 77
29 78
29 79
29 80
29 81
29 82
29 83
29 87
29 97
29 107
30 30
30 31
30 32
30 33
30 58
30 66
30 68
30 70
30 71
30 73
30 75
30 76
30 77
30 78
30 84
31 31
31 32
31 33
31 66
31 68
31 70
31 71
31 73
31 75
31 76
31 77
31 84
31 85
31 88
32 32
32 33
32 58
32 66
32 68
32 69
32 72
32 73
32 74
32 75
32 76
32 77
32 79
33 33
33 57
33 58
33 60
33 62
33 63
33 64
33 65
33 68
33 71
33 72
33 73
33 74
33 75
33 76
33 77
33 78
33 79
33 80
33 81
33 83
33 84
33 85
34 34
34 36
34 37
34 39
34 50
34 64
34 66
34 74
34 75
34 76
34 77
34 79
34 84
34 85
34 86
34 88
35 35
35 43
35 44
35 45
35 48
35 50
35 51
35 60
35 65
35 67
35 75
35 88
36 36
36 37
36 38
36 39
36 40
36 41
36 46
36 52
36 54
36 55
36 69
36 72
36 74
36 82
36 86
36 87
36 89
36 94
36 95
36 96
36 97
36 106
36 107
37 37
37 38
37 39
37 40
37 41
37 46
37 54
37 55
37 59
37 86
37 87
37 89
37 94
37 95
37 96
37 97
37 106
37 107
37 109
38 38
38 39
38 40
38 41
38 46
38 52
38 53
38 54
38 55
38 82
38 86
38 87
38 89
38 94
38 95
38 96
38 97
38 98
38 99
38 100
38 102
38 104
38 106
38 107
38 108
38 109
39 39
39 40
39 41
39 46
39 52
39 54
39 55
39 69
39 82
39 86
39 87
39 89
39 94
39 95
39 96
39 97
39 102
39 106
39 107
39 108
40 40
40 41
40 42
40 52
40 55
40 69
40 72
40 74
40 82
40 83
40 86
40 87
40 89
40 94
40 96
40 97
40 106
40 107
41 41
41 52
41 54
41 55
41 69
41 72
41 74
41 82
41 86
41 87
41 89
41 106
41 107
42 42
42 43
42 46
42 47
42 49
42 52
42 53
42 54
42 55
42 56
42 61
42 63
42 80
42 81
42 100
42 106
43 43
43 44
43 45
43 47
43 48
43 49
43 51
43 66
43 67
43 91
43 111
43 112
44 44
44 45
44 47
44 48
44 49
44 51
44 67
44 90
44 91
44 93
44 112
45 45
45 47
45 48
45 49
45 51
45 67
45 90
45 91
45 92
45 93
45 105
45 110
45 111
45 112
46 46
46 47
46 52
46 53
46 54
46 55
46 61
46 62
46 86
46 90
46 92
46 94
46 95
46 96
46 97
46 98
46 99
46 100
46 101
46 102
46 103
46 104
46 106
46 107
46 109
46 110
46 111
46 113
46 114
47 47
47 49
47 52
47 53
47 55
47 61
47 62
47 90
47 91
47 92
47 98
47 99
47 100
47 102
47 103
47 104
47 105
47 109
47 110
47 111
47 113
48 48
48 49
48 50
48 51
48 60
48 67
49 49
49 51
49 52
49 54
49 90
49 91
49 92
49 98
49 99
49 110
49 111
49 112
50 50
50 51
50 67
50 75
50 84
50 85
50 88
50 89
51 51
51 67
52 52
52 53
52 54
52 55
52 56
52 62
52 63
52 80
52 81
52 82
52 83
52 86
52 87
52 89
52 90
52 92
52 94
52 95
52 96
52 97
52 98
52 99
52 100
52 102
52 104
52 106
52 107
52 109
52 111
53 53
53 54
53 55
53 82
53 90
53 92
53 95
53 96
53 97
53 98
53 99
53 100
53 101
53 102
53 103
53 104
53 106
53 107
53 108
53 109
53 111
53 113
54 54
54 55
54 62
54 82
54 86
54 87
54 89
54 90
54 92
54 96
54 97
54 98
54 99
54 100
54 102
54 104
54 106
54 107
54 109
54 110
55 55
55 56
55 82
55 86
55 87
55 89
55 90
55 92
55 94
55 95
55 96
55 97
55 98
55 99
55 100
55 101
55 102
55 103
55 104
55 106
55 107
55 109
55 110
55 113
55 114
56 56
56 57
56 61
56 63
56 69
56 72
56 78
56 79
56 80
56 81
56 82
57 57
57 58
57 60
57 61
57 62
57 63
57 69
57 72
57 73
57 74
57 78
57 79
57 80
57 81
57 83
58 58
58 60
58 61
58 63
58 65
58 66
58 68
58 71
58 75
58 76
58 77
58 78
58 79
58 84
59 59
59 77
60 60
60 61
60 62
60 63
60 64
60 65
60 68
60 80
60 81
60 84
60 88
61 61
61 62
61 63
61 65
61 78
61 79
61 80
61 81
62 62
62 63
62 72
62 80
62 81
62 83
62 90
62 98
62 106
62 107
63 63
63 65
63 72
63 78
63 79
63 80
63 81
63 83
63 106
64 64
64 65
64 72
64 74
64 75
64 76
64 77
64 83
64 84
64 85
64 88
65 65
65 72
65 73
65 74
65 75
65 77
65 78
65 80
65 84
65 85
66 66
66 67
66 71
66 77
66 85
67 67
67 71
67 91
67 112
68 68
68 72
68 73
68 74
68 75
68 76
68 77
68 78
68 84
69 69
69 72
69 74
69 76
69 80
69 82
69 106
70 70
70 71
70 73
70 76
70 77
71 71
71 73
71 75
71 76
71 77
71 78
71 84
72 72
72 73
72 74
72 75
72 76
72 77
72 78
72 79
72 80
72 81
72 82
72 83
72 107
73 73
73 74
73 75
73 76
73 77
73 78
73 79
73 81
73 84
74 74
74 75
74 76
74 77
74 78
74 84
74 85
74 88
75 75
75 76
75 77
75 84
75 88
76 76
76 77
76 78
76 79
76 84
77 77
77 78
77 79
77 84
77 85
78 78
78 79
78 80
78 81
78 83
78 84
79 79
79 80
79 81
80 80
80 81
80 82
80 83
81 81
81 82
81 83
82 82
82 83
82 87
82 90
83 83
84 84
84 85
84 88
85 85
86 86
86 87
86 89
86 94
86 95
86 96
86 97
86 100
86 102
86 104
86 106
86 107
86 109
86 110
87 87
87 89
87 94
87 95
87 96
88 88
89 89
89 107
90 90
90 91
90 92
90 93
90 97
90 98
90 99
90 100
90 101
90 102
90 103
90 104
90 105
90 106
90 109
90 110
90 111
90 112
90 113
90 114
90 115
91 91
91 92
91 93
91 98
91 99
91 100
91 101
91 102
91 103
91 104
91 105
91 108
91 109
91 110
91 111
91 112
91 113
91 114
91 115
92 92
92 93
92 97
92 98
92 99
92 100
92 101
92 102
92 103
92 104
92 105
92 106
92 108
92 109
92 110
92 111
92 112
92 113
92 114
92 115
93 93
93 98
93 99
93 100
93 101
93 102
93 103
93 104
93 105
93 109
93 110
93 111
93 112
93 113
93 114
93 115
94 94
94 95
94 96
94 97
94 98
94 99
94 102
94 103
94 104
94 106
94 107
94 108
94 109
94 111
94 113
94 114
94 115
95 95
95 96
95 97
95 98
95 99
95 102
95 104
95 106
95 107
95 108
95 109
95 111
95 113
95 114
95 115
96 96
96 97
96 98
96 99
96 100
96 102
96 103
96 104
96 106
96 107
96 108
96 109
96 111
96 113
96 114
96 115
97 97
97 98
97 99
97 100
97 101
97 102
97 103
97 104
97 106
97 107
97 108
97 109
97 110
97 111
97 113
97 114
97 115
98 98
98 99
98 100
98 101
98 102
98 103
98 104
98 105
98 106
98 107
98 108
98 109
98 110
98 111
98 113
98 114
98 115
99 99
99 100
99 101
99 102
99 103
99 104
99 105
99 106
99 107
99 108
99 109
99 110
99 111
99 112
99 113
99 114
99 115
100 100
100 101
100 102
100 103
100 104
100 105
100 106
100 107
100 109
100 110
100 111
100 113
100 114
100 115
101 101
101 102
101 103
101 104
101 105
101 106
101 107
101 109
101 110
101 111
101 112
101 113
101 114
101 115
102 102
102 103
102 104
102 105
102 106
102 107
102 109
102 110
102 111
102 113
102 114
102 115
103 103
103 104
103 105
103 106
103 107
103 109
103 110
103 111
103 112
103 113
103 114
103 115
104 104
104 105
104 106
104 107
104 109
104 110
104 111
104 113
104 114
104 115
105 105
105 109
105 110
105 111
105 112
105 113
105 114
105 115
106 106
106 107
106 109
106 111
106 113
106 114
106 115
107 107
108 108
108 109
108 111
108 113
108 114
108 115
109 109
109 110
109 111
109 112
109 113
109 114
109 115
110 110
110 111
110 113
110 115
111 111
111 112
111 113
111 114
111 115
112 112
112 113
112 115
113 113
113 114
113 115
114 114
114 115
115 115
