0 0
0 1
0 12
0 13
0 16
0 19
0 32
0 39
0 48
0 49
0 56
0 58
0 59
0 60
0 61
0 62
0 63
0 68
0 72
0 76
0 77
0 79
0 96
0 106
1 1
1 4
1 5
1 8
1 12
1 13
1 14
1 48
1 49
1 51
1 52
1 58
1 59
1 60
1 61
1 63
1 89
1 98
1 102
1 103
1 112
2 2
2 3
2 4
2 6
2 7
2 9
2 20
2 22
2 23
2 24
2 25
2 30
2 31
2 64
2 67
2 70
2 71
2 75
2 92
2 93
2 107
3 3
3 7
3 9
3 20
3 22
3 23
3 24
3 25
3 27
3 30
3 31
3 42
3 43
3 64
3 65
3 82
3 83
3 84
3 85
3 107
4 4
4 5
4 6
4 8
4 10
4 12
4 14
4 20
4 26
4 27
4 38
4 48
4 52
4 58
4 59
4 88
4 90
4 93
4 100
4 102
4 103
4 111
4 112
4 113
5 5
5 8
5 12
5 24
5 26
5 27
5 44
5 48
5 49
5 51
5 59
5 65
5 85
5 100
5 110
5 111
6 6
6 7
6 8
6 9
6 10
6 12
6 14
6 15
6 20
6 33
6 34
6 35
6 64
6 70
6 71
6 92
6 93
7 7
7 8
7 9
7 11
7 12
7 13
7 14
7 15
7 23
7 30
7 31
7 65
7 71
7 92
7 93
8 8
8 10
8 12
8 13
8 14
8 15
8 19
8 48
8 58
8 59
8 60
8 61
8 90
8 91
8 93
9 9
9 13
9 14
9 15
9 23
9 31
9 65
9 71
9 75
9 82
9 84
9 88
9 92
9 107
10 10
10 11
10 12
10 14
10 15
10 20
10 58
10 60
10 64
10 84
10 93
11 11
11 13
11 15
11 16
11 28
11 29
11 36
11 37
11 40
11 60
11 63
11 72
11 76
11 80
11 81
11 82
11 83
11 95
12 12
12 13
12 14
12 15
12 48
12 50
12 51
12 58
12 60
12 61
12 65
12 88
12 89
12 92
12 93
13 13
13 14
13 15
13 60
13 61
13 65
13 72
13 88
13 89
14 14
14 15
14 20
14 23
14 26
14 52
14 58
14 61
14 64
14 65
14 70
14 84
14 88
14 89
14 93
14 107
14 112
15 15
15 20
15 23
15 61
15 65
15 71
15 72
15 82
15 88
15 89
15 93
15 113
16 16
16 17
16 18
16 19
16 28
16 29
16 32
16 36
16 37
16 39
16 40
16 41
16 55
16 56
16 57
16 60
16 62
16 63
16 68
16 72
16 73
16 74
16 76
16 77
16 78
16 79
16 80
16 81
16 94
16 95
16 99
16 108
16 109
16 115
17 17
17 18
17 19
17 28
17 29
17 32
17 37
17 40
17 56
17 57
17 60
17 62
17 63
17 68
17 72
17 73
17 74
17 76
17 78
17 79
17 80
17 81
17 95
17 98
17 101
17 108
17 109
17 115
18 18
18 19
18 28
18 29
18 32
18 33
18 56
18 62
18 63
18 68
18 72
18 76
18 78
18 79
18 80
18 81
18 82
18 83
18 101
19 19
19 28
19 29
19 32
19 33
19 36
19 39
19 40
19 41
19 56
19 57
19 60
19 62
19 63
19 68
19 69
19 72
19 75
19 76
19 78
19 79
19 80
19 81
19 90
19 95
19 98
19 101
19 108
20 20
20 21
20 22
20 23
20 24
20 26
20 27
20 30
20 50
20 53
20 64
20 70
20 71
20 84
20 85
20 88
20 93
20 102
20 103
20 111
20 112
20 113
21 21
21 28
21 29
21 30
21 36
21 40
21 41
21 57
21 70
21 73
21 75
21 82
21 83
21 87
21 96
21 98
22 22
22 23
22 24
22 25
22 26
22 27
22 30
22 31
22 42
22 45
22 50
22 64
22 65
22 66
22 67
22 70
22 83
22 84
22 85
22 110
23 23
23 24
23 25
23 26
23 27
23 30
23 31
23 35
23 64
23 65
23 70
23 71
23 75
23 82
23 83
23 84
23 85
23 88
23 92
23 97
23 100
23 107
23 114
24 24
24 25
24 26
24 27
24 30
24 31
24 35
24 42
24 44
24 45
24 50
24 51
24 64
24 65
24 67
24 84
24 85
24 92
24 100
24 110
25 25
25 26
25 27
25 30
25 31
25 64
25 70
25 71
25 73
25 74
25 75
25 84
25 85
25 92
25 110
26 26
26 27
26 48
26 50
26 51
26 52
26 64
26 66
26 67
26 85
26 89
26 102
26 110
26 111
26 112
27 27
27 50
27 51
27 64
27 66
27 67
27 69
27 85
27 89
27 102
27 110
28 28
28 29
28 30
28 31
28 32
28 36
28 37
28 39
28 40
28 41
28 55
28 56
28 57
28 60
28 62
28 63
28 72
28 73
28 74
28 75
28 76
28 77
28 78
28 79
28 80
28 81
28 82
28 83
28 94
28 95
28 101
28 108
28 115
29 29
29 30
29 31
29 32
29 36
29 37
29 39
29 40
29 41
29 55
29 56
29 57
29 60
29 62
29 63
29 72
29 73
29 74
29 75
29 76
29 77
29 78
29 79
29 80
29 81
29 82
29 83
29 94
29 98
29 108
29 115
30 30
30 31
30 40
30 41
30 53
30 70
30 71
30 72
30 73
30 74
30 75
30 76
30 77
30 82
30 83
30 87
31 31
31 40
31 41
31 70
31 71
31 73
31 74
31 75
31 77
31 82
31 83
31 94
32 32
32 33
32 34
32 36
32 39
32 56
32 57
32 60
32 61
32 62
32 63
32 66
32 68
32 69
32 72
32 73
32 74
32 76
32 77
32 79
32 98
32 101
32 102
32 106
33 33
33 35
33 60
33 62
33 63
33 68
33 76
33 77
33 79
33 101
33 106
34 34
34 35
34 45
34 49
34 50
34 51
34 53
34 64
34 66
34 70
34 71
34 87
34 91
34 93
34 96
34 106
35 35
35 50
35 51
35 58
35 64
35 65
35 66
35 67
35 69
35 84
35 85
35 87
35 88
35 92
35 93
35 103
35 112
36 36
36 37
36 38
36 39
36 40
36 41
36 54
36 55
36 60
36 61
36 62
36 63
36 72
36 73
36 74
36 76
36 77
36 80
36 82
36 83
36 87
36 88
36 90
36 94
36 96
36 104
37 37
37 38
37 39
37 40
37 41
37 46
37 54
37 55
37 57
37 72
37 73
37 74
37 76
37 78
37 80
37 81
37 94
37 95
37 96
37 97
37 99
37 108
37 109
37 114
37 115
38 38
38 39
38 40
38 41
38 54
38 55
38 58
38 60
38 61
38 72
38 87
38 88
38 90
38 96
38 104
38 106
39 39
39 40
39 41
39 54
39 55
39 56
39 63
39 72
39 74
39 76
39 77
39 83
39 87
39 95
39 96
39 98
39 106
39 108
40 40
40 41
40 54
40 55
40 72
40 73
40 74
40 76
40 77
40 80
40 81
40 82
40 83
40 87
41 41
41 54
41 55
41 56
41 57
41 72
41 73
41 74
41 76
41 77
41 80
41 81
41 82
41 83
41 87
41 94
41 98
42 42
42 43
42 44
42 45
42 46
42 47
42 48
42 49
42 50
42 51
42 53
42 55
42 66
42 85
42 86
42 96
42 98
42 110
42 111
43 43
43 44
43 45
43 46
43 47
43 48
43 49
43 50
43 51
43 53
43 55
43 96
43 98
43 110
43 111
44 44
44 45
44 46
44 47
44 48
44 49
44 50
44 51
44 53
44 55
44 58
44 59
44 66
44 67
44 85
44 86
44 96
44 110
44 111
45 45
45 46
45 47
45 48
45 49
45 50
45 51
45 53
45 55
45 59
45 64
45 65
45 66
45 67
45 85
45 86
45 96
45 110
46 46
46 47
46 48
46 49
46 50
46 51
46 53
46 55
46 96
46 98
46 99
46 105
46 109
46 110
46 111
47 47
47 48
47 49
47 50
47 51
47 53
47 55
47 79
47 91
47 96
47 98
47 99
47 110
47 111
48 48
48 49
48 50
48 51
48 52
48 53
48 58
48 59
48 66
48 96
48 110
48 111
48 112
49 49
49 50
49 51
49 52
49 53
49 55
49 58
49 59
49 66
49 96
49 98
49 110
49 111
50 50
50 51
50 58
50 59
50 64
50 65
50 66
50 67
50 85
50 93
50 102
50 103
50 110
51 51
51 52
51 53
51 55
51 58
51 59
51 65
51 66
51 67
51 85
51 110
51 111
52 52
52 53
52 54
52 58
52 89
52 90
52 91
52 96
52 98
52 108
52 109
52 112
53 53
53 90
53 91
53 96
53 98
53 111
54 54
54 55
54 82
54 87
54 88
54 89
54 96
54 98
54 104
54 105
54 109
54 115
55 55
55 87
55 94
55 96
55 97
55 98
55 99
55 109
55 115
56 56
56 57
56 60
56 61
56 62
56 63
56 68
56 72
56 76
56 77
56 78
56 79
56 80
56 81
56 98
56 99
56 101
56 102
56 106
56 108
57 57
57 60
57 62
57 63
57 68
57 69
57 73
57 74
57 76
57 77
57 78
57 79
57 80
57 81
57 98
57 101
57 102
57 106
57 108
57 112
58 58
58 59
58 60
58 61
58 66
58 88
58 89
58 91
58 93
58 96
58 101
58 102
58 103
58 112
59 59
59 60
59 61
59 63
59 66
59 67
59 69
59 102
59 103
59 106
60 60
60 61
60 62
60 63
60 72
60 76
60 93
60 100
60 101
60 102
60 103
60 106
60 113
61 61
61 62
61 63
61 72
61 89
61 93
61 101
61 102
61 103
61 112
62 62
62 63
62 68
62 72
62 76
62 77
62 78
62 79
62 80
62 81
62 101
62 102
62 106
63 63
63 68
63 72
63 76
63 77
63 78
63 79
63 80
63 81
63 101
63 102
63 106
63 108
64 64
64 65
64 67
64 82
64 83
64 84
64 85
64 86
64 87
64 88
64 93
65 65
65 67
65 84
65 85
65 87
65 88
65 89
65 92
65 93
66 66
66 67
66 69
66 86
66 110
67 67
67 85
67 93
67 103
67 107
67 110
68 68
68 69
68 76
68 78
68 79
68 80
68 81
68 99
68 106
68 108
69 69
69 75
69 90
69 91
69 97
69 99
69 101
69 102
69 103
69 104
70 70
70 71
70 73
70 74
70 75
70 77
71 71
71 72
71 73
71 74
71 75
71 77
72 72
72 73
72 74
72 75
72 76
72 77
72 79
72 80
72 81
72 95
72 98
73 73
73 74
73 75
73 76
73 77
73 80
73 81
74 74
74 75
74 76
74 77
74 78
74 80
74 81
74 95
75 75
75 76
75 77
75 80
75 81
75 92
75 95
75 100
75 108
76 76
76 77
76 79
76 80
76 81
76 101
76 106
76 108
77 77
77 79
77 80
77 106
78 78
78 79
78 80
78 81
78 94
78 95
78 97
78 99
78 105
78 109
78 114
78 115
79 79
79 80
79 81
79 96
79 98
79 102
79 106
80 80
80 81
80 94
80 95
80 99
80 108
80 109
80 115
81 81
81 94
81 95
81 98
81 99
81 108
81 109
81 114
81 115
82 82
82 83
82 84
82 85
82 86
82 87
82 88
83 83
83 84
83 85
83 86
83 87
84 84
84 85
84 86
84 87
84 88
84 97
84 105
84 107
84 109
84 114
84 115
85 85
85 86
85 87
85 88
85 89
85 107
85 110
86 86
86 87
86 101
86 113
87 87
87 88
87 89
88 88
88 89
88 92
88 97
88 103
88 104
88 105
88 109
88 112
88 115
89 89
89 90
89 103
89 112
90 90
90 91
90 92
90 94
90 95
90 97
90 98
90 100
90 102
90 103
90 104
90 105
90 108
90 109
90 113
91 91
91 93
91 99
91 101
91 103
91 108
91 111
92 92
92 93
92 100
92 102
92 103
92 104
92 113
93 93
93 100
93 101
93 102
93 103
94 94
94 95
94 97
94 99
94 104
94 105
94 107
94 108
94 109
94 114
94 115
95 95
95 97
95 105
95 108
95 109
95 114
95 115
96 96
96 98
96 99
96 106
96 110
97 97
97 99
97 104
97 105
97 107
97 108
97 109
97 110
97 114
97 115
98 98
98 99
98 101
98 102
98 104
98 111
98 113
99 99
99 103
99 104
99 105
99 107
99 109
99 110
99 111
99 114
99 115
100 100
100 101
100 102
100 103
100 104
100 110
100 113
100 114
101 101
101 102
101 103
101 113
102 102
102 103
102 104
102 110
102 111
102 112
102 113
102 114
103 103
103 104
103 107
103 110
103 111
103 112
103 113
104 104
104 105
104 107
104 109
104 110
104 112
104 113
104 114
104 115
105 105
105 107
105 109
105 110
105 114
105 115
106 106
106 108
107 107
107 109
107 110
107 114
107 115
108 108
108 109
108 113
108 114
109 109
109 112
109 114
109 115
110 110
110 111
110 113
111 111
111 112
111 114
112 112
112 113
112 114
113 113
113 114
114 114
114 115
115 115
