0 0
0 1
0 10
0 11
0 12
0 13
0 14
0 16
0 17
0 18
0 19
0 28
0 56
0 58
0 60
0 61
0 62
0 76
0 94
0 99
0 100
0 105
0 114
1 1
1 3
1 11
1 17
1 54
1 56
1 57
1 68
1 69
1 73
1 74
1 77
1 94
1 100
1 111
2 2
2 4
2 6
2 8
2 20
2 22
2 23
2 24
2 25
2 26
2 27
2 30
2 31
2 50
2 53
2 66
2 67
2 89
3 3
3 7
3 10
3 11
3 22
3 23
3 25
3 26
3 27
3 64
3 65
3 67
3 83
3 85
3 89
3 92
3 112
4 4
4 5
4 6
4 8
4 9
4 10
4 12
4 20
4 21
4 23
4 24
4 25
4 26
4 27
4 30
4 31
4 49
4 51
4 52
4 53
4 70
4 71
4 101
4 102
4 104
4 115
5 5
5 9
5 10
5 20
5 23
5 24
5 25
5 26
5 27
5 48
5 49
5 51
5 52
5 53
5 61
5 71
5 90
5 92
5 102
5 104
5 108
5 114
6 6
6 7
6 8
6 12
6 14
6 18
6 20
6 30
6 31
6 58
6 60
6 64
6 72
6 91
6 101
7 7
7 9
7 10
7 11
7 12
7 13
7 14
7 15
7 18
7 28
7 29
7 33
7 60
7 61
7 64
7 65
7 72
7 82
7 90
7 92
7 95
7 114
8 8
8 9
8 12
8 24
8 25
8 26
8 30
8 31
8 52
8 70
8 73
8 75
9 9
9 16
9 17
9 29
9 45
9 46
9 49
9 61
9 62
9 63
9 72
9 73
9 80
9 81
9 101
9 102
9 106
10 10
10 11
10 12
10 13
10 14
10 15
10 16
10 20
10 21
10 23
10 26
10 27
10 61
10 70
10 71
10 82
10 84
10 92
10 93
10 100
10 103
10 104
10 105
10 113
10 114
10 115
11 11
11 13
11 16
11 20
11 23
11 26
11 27
11 31
11 56
11 71
11 73
11 77
11 92
11 114
12 12
12 13
12 14
12 15
12 16
12 18
12 20
12 21
12 28
12 58
12 60
12 61
12 72
12 82
12 86
12 90
12 91
12 93
12 99
12 100
12 101
12 102
12 103
12 104
12 113
12 114
13 13
13 14
13 15
13 16
13 18
13 28
13 29
13 33
13 58
13 60
13 61
13 62
13 63
13 72
13 76
13 79
13 80
13 82
13 93
13 99
13 100
13 113
13 114
14 14
14 15
14 16
14 18
14 28
14 58
14 60
14 61
14 72
14 82
14 84
14 86
14 88
14 91
14 93
14 99
14 100
14 101
14 103
14 104
14 105
14 113
14 114
15 15
15 16
15 18
15 28
15 39
15 40
15 58
15 60
15 61
15 72
15 79
15 82
15 86
15 88
15 89
15 93
15 95
15 96
15 97
15 99
15 100
15 111
15 113
15 114
16 16
16 17
16 28
16 29
16 42
16 60
16 61
16 62
16 63
16 70
16 72
16 76
16 78
16 79
16 80
16 81
16 82
16 99
16 104
16 113
16 114
17 17
17 28
17 29
17 32
17 33
17 37
17 39
17 40
17 41
17 42
17 43
17 55
17 56
17 57
17 62
17 63
17 72
17 73
17 74
17 76
17 77
17 78
17 79
17 80
17 81
17 83
17 87
17 106
17 112
18 18
18 19
18 28
18 32
18 58
18 59
18 60
18 66
18 69
18 72
18 107
19 19
19 20
19 21
19 23
19 28
19 66
19 68
19 69
19 70
19 91
19 97
19 103
19 105
20 20
20 21
20 22
20 23
20 24
20 25
20 26
20 27
20 30
20 31
20 51
20 53
20 56
20 70
20 71
20 86
20 93
20 104
20 113
21 21
21 24
21 25
21 26
21 27
21 30
21 31
21 32
21 51
21 69
21 70
21 71
21 95
21 96
21 104
21 109
21 115
22 22
22 23
22 24
22 25
22 26
22 27
22 30
22 34
22 38
22 50
22 54
22 56
22 57
22 64
22 65
22 67
22 68
22 79
22 83
22 84
22 88
22 89
22 96
22 110
23 23
23 24
23 25
23 26
23 27
23 30
23 31
23 66
23 67
23 69
23 71
23 83
23 85
23 89
24 24
24 25
24 26
24 27
24 30
24 31
24 34
24 35
24 42
24 43
24 44
24 45
24 50
24 51
24 52
24 56
24 57
24 65
24 66
24 70
24 71
24 75
25 25
25 26
25 27
25 30
25 31
25 34
25 35
25 42
25 43
25 45
25 50
25 51
25 56
25 57
25 65
25 67
25 69
25 70
25 71
25 85
26 26
26 27
26 30
26 31
26 48
26 50
26 51
26 52
26 69
26 70
26 71
26 84
26 92
26 102
26 104
26 115
27 27
27 30
27 34
27 48
27 50
27 51
27 52
27 53
27 65
27 69
27 70
27 71
27 84
27 89
27 92
27 104
27 114
28 28
28 29
28 32
28 33
28 39
28 40
28 55
28 60
28 62
28 63
28 72
28 76
28 77
28 78
28 80
28 81
28 82
28 83
28 87
28 95
29 29
29 31
29 32
29 33
29 39
29 40
29 41
29 43
29 46
29 49
29 55
29 60
29 61
29 62
29 63
29 72
29 73
29 74
29 76
29 77
29 78
29 80
29 81
29 83
29 87
29 95
29 109
30 30
30 31
30 57
30 68
30 70
30 71
30 75
30 83
31 31
31 32
31 70
31 71
31 73
31 75
31 77
31 83
31 85
32 32
32 33
32 37
32 39
32 40
32 41
32 55
32 60
32 62
32 63
32 72
32 74
32 81
32 83
32 87
32 95
33 33
33 35
33 36
33 37
33 39
33 40
33 41
33 55
33 60
33 63
33 64
33 72
33 77
33 81
33 87
33 88
33 95
33 98
34 34
34 35
34 37
34 50
34 52
34 54
34 57
34 64
34 65
34 66
34 67
34 68
34 69
34 84
34 88
34 104
34 110
35 35
35 37
35 38
35 39
35 41
35 42
35 43
35 47
35 50
35 54
35 65
35 88
35 89
35 90
35 95
35 96
35 98
35 110
35 113
36 36
36 37
36 38
36 39
36 40
36 41
36 47
36 54
36 55
36 60
36 72
36 74
36 76
36 77
36 78
36 81
36 87
36 88
36 91
36 94
36 106
36 107
36 110
37 37
37 38
37 39
37 40
37 41
37 42
37 43
37 47
37 54
37 55
37 56
37 57
37 68
37 73
37 74
37 75
37 76
37 77
37 78
37 81
37 83
37 85
37 87
37 88
37 89
37 96
37 97
37 110
37 112
38 38
38 39
38 47
38 54
38 55
38 57
38 66
38 77
38 87
38 88
38 94
38 96
38 99
38 100
38 103
38 105
38 106
38 107
38 110
38 111
38 113
39 39
39 40
39 41
39 47
39 54
39 55
39 72
39 76
39 77
39 78
39 81
39 83
39 87
39 88
39 94
39 95
39 97
39 106
39 109
40 40
40 41
40 55
40 60
40 63
40 72
40 74
40 76
40 77
40 81
40 83
40 87
40 88
40 95
40 109
41 41
41 42
41 43
41 45
41 55
41 63
41 72
41 73
41 74
41 76
41 77
41 78
41 81
41 83
41 87
41 95
41 98
41 109
41 112
42 42
42 43
42 44
42 45
42 46
42 47
42 49
42 55
42 56
42 62
42 74
42 75
42 78
42 79
42 80
42 81
42 96
42 98
42 99
42 102
42 110
42 111
42 112
43 43
43 44
43 45
43 46
43 47
43 49
43 55
43 62
43 73
43 75
43 78
43 79
43 80
43 81
43 87
43 98
43 102
43 110
43 112
44 44
44 45
44 46
44 47
44 49
44 55
44 62
44 63
44 66
44 67
44 72
44 78
44 80
44 81
44 98
44 102
44 107
44 110
45 45
45 46
45 47
45 49
45 62
45 63
45 64
45 67
45 78
45 81
45 98
45 102
46 46
46 47
46 48
46 49
46 52
46 58
46 59
46 60
46 62
46 63
46 72
46 90
46 98
46 101
46 102
46 103
47 47
47 49
47 55
47 75
47 77
47 78
47 80
47 81
47 86
47 87
47 96
47 98
47 99
47 102
47 110
48 48
48 49
48 51
48 52
48 53
48 58
48 59
48 60
48 61
48 66
48 69
48 70
48 90
48 92
48 98
48 101
48 103
48 107
48 108
49 49
49 51
49 55
49 59
49 62
49 63
49 72
49 78
49 81
49 87
49 98
49 101
49 102
49 107
50 50
50 52
50 54
50 57
50 64
50 65
50 66
50 67
50 69
50 84
50 88
50 89
50 96
50 98
50 110
51 51
51 52
51 53
51 59
51 66
51 69
51 70
51 71
51 92
51 108
52 52
52 53
52 54
52 58
52 59
52 66
52 69
52 89
52 90
52 91
52 98
52 101
52 102
52 103
52 104
52 107
52 108
53 53
53 58
53 59
53 70
53 82
53 89
53 90
53 91
53 92
53 93
53 108
54 54
54 55
54 56
54 57
54 58
54 66
54 68
54 87
54 88
54 89
54 94
54 96
54 98
54 99
54 100
54 106
54 110
54 111
54 113
55 55
55 72
55 77
55 81
55 83
55 87
55 88
55 94
55 98
55 106
55 107
55 110
56 56
56 57
56 68
56 70
56 71
56 73
56 74
56 75
56 77
56 94
56 96
56 110
56 111
56 112
57 57
57 68
57 69
57 70
57 71
57 73
57 74
57 75
57 77
57 94
57 96
57 100
57 110
57 111
57 112
58 58
58 59
58 60
58 61
58 66
58 82
58 89
58 90
58 91
58 93
58 100
58 101
58 103
58 107
59 59
59 60
59 66
59 90
59 91
59 98
59 101
59 102
59 103
59 107
60 60
60 61
60 62
60 63
60 72
60 82
60 86
60 88
60 90
60 91
60 93
60 101
61 61
61 63
61 65
61 72
61 90
61 92
61 101
61 107
61 114
62 62
62 63
62 72
62 73
62 78
62 80
62 81
63 63
63 72
63 74
63 80
63 81
63 90
63 91
63 98
64 64
64 65
64 67
64 78
64 79
64 84
64 88
64 91
65 65
65 67
65 78
65 79
65 84
65 85
65 88
65 89
65 90
65 92
66 66
66 67
66 68
66 69
66 84
66 88
66 89
66 96
66 98
66 101
66 103
66 107
67 67
67 69
67 84
67 88
67 90
68 68
68 69
68 70
68 85
68 89
68 94
68 96
68 97
68 110
69 69
69 70
69 94
69 96
69 97
69 103
69 104
69 108
70 70
70 71
70 80
70 82
70 93
70 94
70 104
70 111
71 71
71 73
71 74
71 75
71 77
71 83
71 92
71 104
72 72
72 73
72 74
72 76
72 78
72 80
72 81
72 82
72 87
73 73
73 74
73 75
73 76
73 77
73 81
73 83
73 85
74 74
74 76
74 78
74 81
74 87
75 75
75 76
75 77
75 81
75 87
75 102
75 110
75 111
75 112
76 76
76 77
76 78
76 80
76 81
76 87
76 100
76 109
76 115
77 77
77 80
77 81
77 83
77 87
77 94
77 109
77 112
77 115
78 78
78 79
78 80
78 81
78 87
78 88
78 98
78 110
79 79
79 80
79 81
79 84
79 96
79 112
80 80
80 81
80 82
80 109
80 112
81 81
81 85
81 87
81 110
82 82
82 84
82 86
82 91
82 93
82 99
82 103
82 104
82 105
82 109
82 113
82 114
83 83
83 85
83 87
84 84
84 85
84 86
84 88
84 89
84 93
84 96
84 97
84 104
85 85
85 89
85 97
86 86
86 88
86 91
86 93
86 98
86 99
86 101
86 102
86 103
86 104
86 113
87 87
87 88
87 94
87 98
87 106
87 107
87 110
88 88
88 89
88 94
88 96
88 98
88 99
88 110
89 89
89 96
90 90
90 91
90 92
90 93
90 98
90 100
90 101
90 102
90 103
90 104
90 108
91 91
91 93
91 99
91 101
91 102
91 103
91 108
92 92
92 100
92 102
92 103
92 104
92 108
92 114
93 93
93 99
93 101
93 102
93 103
93 104
93 105
93 113
93 114
94 94
94 103
94 105
94 106
94 107
94 108
94 110
94 114
95 95
95 97
95 108
95 109
95 114
95 115
96 96
96 97
96 98
96 99
96 109
96 110
96 111
96 112
96 113
96 115
97 97
97 105
97 109
97 115
98 98
98 99
98 102
98 108
98 110
98 111
99 99
99 100
99 101
99 102
99 103
99 104
99 105
99 110
99 111
99 112
99 113
99 114
100 100
100 102
100 103
100 104
101 101
101 102
101 103
101 104
101 105
101 108
102 102
102 103
102 104
102 108
102 110
102 114
103 103
103 104
103 105
103 107
103 108
103 113
103 114
104 104
104 105
104 108
104 112
104 113
104 114
104 115
105 105
105 107
105 108
105 109
105 113
105 114
105 115
106 106
106 107
107 107
107 108
107 114
108 108
108 109
108 114
109 109
109 112
109 115
110 110
110 111
110 112
110 113
111 111
111 112
112 112
112 113
112 114
112 115
113 113
113 114
114 114
115 115
