0 0
0 1
0 10
0 11
0 12
0 13
0 16
0 17
0 28
0 29
0 32
0 42
0 43
0 46
0 48
0 51
0 54
0 55
0 60
0 61
0 62
0 63
0 72
0 96
0 98
0 99
0 111
0 112
1 1
1 16
1 17
1 19
1 28
1 29
1 32
1 33
1 56
1 57
1 62
1 63
1 68
1 72
1 78
1 79
1 80
1 81
1 83
1 98
1 99
1 101
1 102
1 111
1 112
2 2
2 4
2 6
2 8
2 10
2 14
2 18
2 22
2 24
2 26
2 27
2 64
2 82
2 83
2 93
3 3
3 5
3 8
3 9
3 18
3 22
3 23
3 27
3 64
3 70
3 86
3 87
3 88
3 91
3 92
4 4
4 5
4 6
4 8
4 9
4 14
4 18
4 20
4 22
4 23
4 24
4 25
4 26
4 27
4 35
4 64
4 70
4 82
4 86
4 88
4 91
4 93
5 5
5 8
5 9
5 18
5 22
5 23
5 24
5 25
5 26
5 27
5 34
5 35
5 38
5 64
5 65
5 67
5 70
5 82
5 84
5 86
5 87
5 88
5 91
5 92
5 94
5 110
5 114
6 6
6 7
6 8
6 9
6 10
6 12
6 14
6 18
6 22
6 24
6 60
6 64
6 70
6 76
6 83
6 93
7 7
7 9
7 12
7 13
7 31
7 44
7 61
7 65
7 71
7 78
7 92
7 100
7 102
7 113
8 8
8 9
8 14
8 18
8 22
8 23
8 24
8 64
8 70
8 73
8 74
8 76
8 82
8 83
8 88
8 91
8 93
9 9
9 13
9 15
9 23
9 24
9 25
9 35
9 47
9 64
9 65
9 70
9 71
9 88
9 92
9 110
10 10
10 11
10 12
10 13
10 14
10 15
10 36
10 38
10 42
10 43
10 46
10 50
10 54
10 60
10 96
11 11
11 12
11 13
11 28
11 29
11 36
11 42
11 43
11 46
11 48
11 50
11 52
11 54
11 55
11 60
11 61
11 62
11 63
11 72
11 85
11 89
11 98
11 112
12 12
12 13
12 15
12 29
12 32
12 33
12 42
12 43
12 49
12 50
12 60
12 62
13 13
13 15
13 36
13 38
13 42
13 43
13 46
13 47
13 48
13 49
13 50
13 54
13 55
13 60
13 62
13 65
13 96
13 98
13 112
14 14
14 15
14 18
14 22
14 23
14 24
14 25
14 26
14 27
14 36
14 37
14 38
14 41
14 64
14 82
14 83
14 86
14 88
15 15
15 22
15 34
15 38
15 50
15 83
15 88
15 96
16 16
16 17
16 28
16 29
16 32
16 44
16 49
16 56
16 57
16 60
16 61
16 62
16 63
16 71
16 72
16 73
16 77
16 78
16 79
16 80
16 81
16 98
16 99
16 102
16 111
16 112
17 17
17 19
17 28
17 29
17 30
17 31
17 56
17 57
17 60
17 61
17 62
17 63
17 71
17 72
17 73
17 75
17 76
17 77
17 78
17 79
17 80
17 81
17 83
17 98
17 99
17 101
17 105
17 111
17 112
17 113
17 114
18 18
18 19
18 22
18 23
18 24
18 28
18 30
18 64
18 70
18 82
18 83
18 86
18 88
18 91
18 93
19 19
19 32
19 33
19 56
19 57
19 68
19 69
19 79
19 80
19 81
19 83
19 90
19 93
19 97
19 101
19 102
19 103
19 106
19 111
20 20
20 21
20 25
20 26
20 30
20 31
20 33
20 34
20 35
20 40
20 57
20 67
20 70
20 71
20 73
20 77
20 80
20 81
20 82
20 83
20 86
20 103
20 113
21 21
21 25
21 26
21 30
21 31
21 32
21 33
21 34
21 35
21 39
21 40
21 45
21 57
21 66
21 67
21 71
21 80
21 81
21 103
21 111
21 113
21 115
22 22
22 23
22 24
22 25
22 26
22 27
22 34
22 38
22 52
22 53
22 64
22 70
22 74
22 82
22 84
22 86
22 87
22 88
22 91
23 23
23 24
23 25
23 26
23 27
23 34
23 38
23 39
23 64
23 67
23 70
23 82
23 84
23 86
23 87
23 88
23 91
23 110
24 24
24 25
24 26
24 27
24 34
24 38
24 64
24 67
24 70
24 82
24 84
24 86
24 87
24 88
24 91
24 110
25 25
25 26
25 27
25 34
25 35
25 38
25 39
25 45
25 47
25 50
25 64
25 67
25 70
25 71
25 82
25 84
25 86
25 87
25 88
25 110
26 26
26 27
26 34
26 35
26 38
26 39
26 64
26 67
26 70
26 82
26 84
26 86
26 87
26 88
26 110
26 114
26 115
27 27
27 34
27 38
27 39
27 47
27 64
27 67
27 70
27 82
27 84
27 85
27 86
27 87
27 88
27 110
28 28
28 29
28 30
28 36
28 37
28 40
28 41
28 53
28 56
28 57
28 60
28 61
28 62
28 63
28 70
28 71
28 72
28 73
28 74
28 75
28 76
28 77
28 78
28 79
28 80
28 81
28 82
28 83
28 98
28 99
28 112
28 114
29 29
29 30
29 31
29 32
29 33
29 40
29 41
29 56
29 57
29 60
29 61
29 62
29 63
29 71
29 72
29 73
29 74
29 75
29 76
29 77
29 78
29 79
29 80
29 81
29 83
29 98
29 99
29 111
29 112
30 30
30 31
30 32
30 33
30 40
30 57
30 71
30 72
30 73
30 74
30 76
30 77
30 78
30 79
30 80
30 81
30 82
30 83
30 111
30 113
31 31
31 33
31 40
31 56
31 57
31 70
31 71
31 73
31 76
31 77
31 78
31 80
31 81
31 83
31 103
31 111
31 113
32 32
32 33
32 44
32 49
32 56
32 57
32 60
32 62
32 66
32 68
32 72
32 73
32 79
32 80
32 81
32 98
32 109
32 111
33 33
33 40
33 57
33 68
33 71
33 72
33 73
33 76
33 77
33 78
33 79
33 80
33 81
33 83
33 103
33 111
34 34
34 35
34 38
34 39
34 45
34 47
34 50
34 65
34 67
34 71
34 84
34 85
34 86
34 87
34 88
34 110
34 115
35 35
35 44
35 45
35 65
35 66
35 67
35 71
35 80
35 110
36 36
36 37
36 38
36 40
36 41
36 42
36 43
36 46
36 47
36 54
36 55
36 72
36 73
36 74
36 75
36 82
36 84
36 85
36 86
36 96
37 37
37 38
37 39
37 40
37 41
37 43
37 46
37 47
37 52
37 53
37 54
37 55
37 74
37 75
37 82
37 84
37 85
37 86
37 87
37 89
37 94
37 95
37 96
37 99
37 105
37 107
37 108
38 38
38 39
38 41
38 42
38 43
38 46
38 47
38 50
38 52
38 53
38 54
38 55
38 75
38 82
38 84
38 86
38 87
38 88
38 89
38 94
38 95
38 96
38 108
38 110
38 114
39 39
39 47
39 55
39 86
39 87
39 88
39 94
39 95
39 110
39 113
39 114
39 115
40 40
40 41
40 70
40 71
40 72
40 73
40 75
40 77
40 78
40 79
40 80
40 81
40 82
40 83
40 99
41 41
41 43
41 46
41 52
41 53
41 54
41 72
41 73
41 74
41 75
41 77
41 82
41 83
41 95
41 99
41 104
41 107
41 112
42 42
42 43
42 44
42 45
42 46
42 47
42 48
42 49
42 50
42 54
42 55
42 60
42 62
42 85
42 95
42 96
42 98
42 99
42 112
43 43
43 46
43 47
43 48
43 49
43 50
43 54
43 55
43 60
43 85
43 95
43 96
43 98
43 110
44 44
44 45
44 49
44 65
44 66
44 67
44 92
44 100
44 102
44 109
44 111
45 45
45 47
45 49
45 65
45 66
45 67
45 69
45 92
45 97
45 102
45 109
45 110
46 46
46 47
46 48
46 50
46 51
46 52
46 53
46 54
46 55
46 60
46 61
46 75
46 89
46 95
46 96
46 98
46 99
46 112
47 47
47 49
47 50
47 54
47 55
47 84
47 85
47 96
47 110
48 48
48 50
48 51
48 52
48 53
48 54
48 55
48 58
48 61
48 65
48 96
48 98
48 112
49 49
49 50
49 66
49 67
49 96
49 98
49 99
49 100
49 102
49 111
50 50
50 51
50 54
50 55
50 65
50 84
50 85
50 89
50 96
51 51
51 52
51 53
51 54
51 55
51 58
51 59
51 61
51 63
51 85
51 89
51 91
51 95
51 105
51 106
51 107
52 52
52 53
52 54
52 55
52 58
52 61
52 63
52 74
52 75
52 87
52 88
52 89
52 91
52 105
52 107
53 53
53 54
53 55
53 58
53 61
53 63
53 73
53 74
53 75
53 87
53 89
53 91
53 105
53 106
53 107
53 112
54 54
54 55
54 75
54 84
54 85
54 88
54 89
54 94
54 95
54 96
54 107
55 55
55 84
55 85
55 89
55 96
55 98
55 99
56 56
56 57
56 62
56 63
56 71
56 72
56 73
56 75
56 77
56 78
56 79
56 80
56 81
56 98
56 99
56 111
56 112
57 57
57 68
57 71
57 72
57 73
57 77
57 78
57 79
57 80
57 81
57 83
57 90
57 97
57 99
57 101
57 102
57 103
57 111
58 58
58 59
58 61
58 63
58 78
58 79
58 89
58 95
58 99
58 101
58 104
58 106
58 107
58 112
59 59
59 61
59 63
59 66
59 68
59 78
59 79
59 90
59 94
59 99
59 100
59 101
59 102
59 103
59 104
59 106
60 60
60 61
60 62
60 63
60 72
60 73
60 74
60 75
60 76
60 77
60 78
60 98
60 99
60 111
60 112
61 61
61 62
61 63
61 78
61 89
61 95
61 98
61 99
61 100
61 101
61 104
61 105
61 106
61 108
61 112
62 62
62 63
62 72
62 77
62 78
62 79
62 80
62 81
62 98
62 99
62 100
62 101
62 108
62 111
62 112
63 63
63 72
63 73
63 75
63 77
63 78
63 79
63 81
63 83
63 89
63 98
63 99
63 101
63 105
63 111
63 112
64 64
64 70
64 71
64 76
64 82
64 86
64 87
64 88
64 91
64 93
64 114
65 65
65 67
65 92
65 100
65 104
66 66
66 67
66 68
66 69
66 93
66 97
66 100
66 102
66 103
66 115
67 67
67 69
67 84
67 85
67 92
67 94
67 103
67 110
67 115
68 68
68 69
68 79
68 80
68 81
68 90
68 92
68 93
68 97
68 100
68 101
68 102
68 103
68 109
69 69
69 90
69 91
69 92
69 93
69 94
69 97
69 100
69 102
69 103
69 106
69 109
69 110
70 70
70 71
70 73
70 74
70 75
70 76
70 77
70 82
70 84
70 86
70 87
70 88
70 114
71 71
71 73
71 76
71 77
71 78
71 80
71 81
71 111
71 113
71 114
72 72
72 73
72 74
72 75
72 76
72 77
72 78
72 79
72 80
72 81
72 98
72 99
72 111
72 112
73 73
73 74
73 75
73 76
73 77
73 78
73 79
73 80
73 81
73 111
73 112
74 74
74 75
74 76
74 79
74 112
75 75
75 77
75 82
75 84
75 105
75 107
75 112
76 76
76 77
76 78
76 79
76 80
76 101
76 108
76 113
77 77
77 78
77 79
77 80
77 81
77 83
77 99
77 111
77 112
77 114
78 78
78 79
78 80
78 81
78 98
78 99
78 101
78 102
78 111
78 113
79 79
79 80
79 81
79 83
79 97
79 99
79 101
79 102
79 111
79 112
80 80
80 81
80 83
80 97
80 99
80 102
80 111
80 113
81 81
81 83
81 99
81 101
81 102
81 111
81 112
82 82
82 83
82 84
82 86
82 87
82 88
82 114
83 83
83 101
84 84
84 85
84 86
84 87
84 88
84 89
84 110
85 85
85 87
85 89
85 96
85 110
86 86
86 87
86 88
86 114
87 87
87 88
87 105
87 108
87 114
88 88
88 89
88 91
88 92
88 110
89 89
89 91
89 94
89 104
89 105
89 106
89 107
90 90
90 91
90 92
90 93
90 94
90 97
90 100
90 101
90 102
90 103
90 104
90 105
90 106
90 107
91 91
91 92
91 93
91 105
91 106
92 92
92 93
92 94
92 97
92 100
92 102
92 103
92 105
92 106
92 110
93 93
93 94
93 97
93 100
93 101
93 102
93 103
93 104
93 106
93 107
94 94
94 95
94 97
94 100
94 104
94 105
94 106
94 107
94 108
94 110
95 95
95 99
95 104
95 105
95 107
95 108
95 109
96 96
96 98
96 110
97 97
97 100
97 101
97 102
97 103
97 108
97 109
98 98
98 99
98 111
98 112
99 99
99 102
99 104
99 111
99 112
100 100
100 101
100 102
100 103
100 104
100 106
100 107
101 101
101 102
101 103
101 104
101 106
102 102
102 103
102 104
102 106
102 111
103 103
103 113
103 115
104 104
104 105
104 106
104 107
104 112
105 105
105 106
105 107
105 108
105 114
106 106
106 107
107 107
107 112
108 108
108 109
108 114
109 109
109 110
110 110
111 111
111 112
111 113
112 112
113 113
113 114
113 115
114 114
115 115
