0 0
0 1
0 17
0 18
0 19
0 26
0 32
0 48
0 52
0 54
0 56
0 57
0 58
0 59
0 61
0 62
0 63
0 78
0 79
0 81
0 89
0 113
1 1
1 3
1 19
1 32
1 48
1 50
1 52
1 54
1 56
1 57
1 58
1 59
1 61
1 63
1 68
1 69
1 82
1 89
1 104
2 2
2 6
2 7
2 12
2 22
2 23
2 24
2 25
2 30
2 31
2 33
2 35
2 50
2 60
2 64
2 65
2 66
2 67
2 88
2 92
2 93
2 100
2 101
3 3
3 5
3 7
3 9
3 11
3 15
3 19
3 21
3 22
3 23
3 24
3 25
3 27
3 31
3 50
3 51
3 84
3 85
3 90
3 95
4 4
4 5
4 6
4 8
4 9
4 10
4 12
4 14
4 15
4 18
4 20
4 24
4 26
4 27
4 35
4 60
4 61
4 66
4 67
4 82
4 93
4 98
4 108
5 5
5 8
5 9
5 14
5 15
5 26
5 27
5 39
5 42
5 48
5 50
5 58
5 59
5 83
5 89
5 95
5 106
5 107
5 108
5 109
6 6
6 7
6 8
6 9
6 11
6 12
6 13
6 20
6 30
6 33
6 60
6 62
6 64
6 65
6 66
6 67
6 88
6 92
6 93
6 100
6 101
7 7
7 8
7 9
7 11
7 13
7 23
7 33
7 45
7 49
7 60
7 61
7 64
7 65
7 67
7 90
7 92
7 112
8 8
8 9
8 11
8 12
8 14
8 15
8 20
8 60
8 64
8 70
8 71
8 75
8 76
8 77
8 88
8 97
8 114
9 9
9 11
9 13
9 15
9 20
9 21
9 23
9 26
9 41
9 60
9 61
9 75
9 95
10 10
10 11
10 12
10 13
10 14
10 15
10 16
10 18
10 28
10 29
10 60
10 70
10 71
10 72
10 73
10 74
10 75
10 76
10 78
10 80
10 81
10 102
11 11
11 12
11 13
11 15
11 23
11 29
11 30
11 31
11 61
11 65
11 71
11 73
11 75
11 76
11 77
11 78
11 85
11 92
11 102
12 12
12 13
12 14
12 16
12 17
12 28
12 29
12 40
12 60
12 61
12 62
12 63
12 66
12 70
12 72
12 73
12 74
12 75
12 76
12 78
12 79
12 80
12 81
12 100
12 101
12 102
13 13
13 15
13 16
13 17
13 28
13 29
13 52
13 60
13 61
13 70
13 71
13 72
13 73
13 75
13 76
13 77
13 78
13 79
13 81
13 102
14 14
14 15
14 18
14 19
14 20
14 22
14 26
14 27
14 28
14 36
14 37
14 38
14 39
14 40
14 41
14 48
14 80
14 82
14 83
14 84
14 90
14 107
14 108
15 15
15 20
15 26
15 27
15 28
15 29
15 37
15 41
15 48
15 52
15 54
15 70
15 73
15 77
15 83
15 89
15 104
16 16
16 17
16 28
16 29
16 38
16 42
16 43
16 56
16 57
16 62
16 63
16 72
16 73
16 74
16 75
16 76
16 78
16 79
16 80
16 81
16 87
16 101
16 102
17 17
17 28
17 29
17 38
17 52
17 56
17 57
17 60
17 61
17 62
17 63
17 72
17 73
17 74
17 75
17 76
17 77
17 78
17 79
17 80
17 81
17 102
18 18
18 19
18 22
18 26
18 28
18 32
18 41
18 68
18 70
18 73
18 74
18 75
18 76
18 82
18 83
19 19
19 22
19 23
19 26
19 28
19 32
19 39
19 41
19 48
19 56
19 57
19 58
19 59
19 68
19 69
19 75
19 82
19 83
19 90
19 98
19 104
19 108
20 20
20 21
20 24
20 25
20 26
20 30
20 33
20 38
20 39
20 41
20 70
20 74
20 75
20 77
20 83
20 95
20 113
21 21
21 22
21 23
21 24
21 25
21 27
21 30
21 31
21 34
21 35
21 37
21 39
21 41
21 70
21 71
21 77
21 83
21 95
21 97
21 99
21 108
21 110
21 111
22 22
22 23
22 24
22 25
22 27
22 30
22 31
22 33
22 34
22 50
22 51
22 64
22 69
22 82
22 83
22 84
22 85
22 90
22 91
22 93
22 95
22 108
22 109
23 23
23 25
23 30
23 31
23 33
23 51
23 64
23 65
23 71
23 84
23 85
23 91
23 95
23 97
23 109
24 24
24 25
24 27
24 30
24 31
24 34
24 35
24 51
24 64
24 65
24 67
24 69
24 84
24 93
24 110
25 25
25 27
25 30
25 31
25 33
25 34
25 35
25 50
25 51
25 64
25 65
25 67
25 69
25 84
25 85
25 95
26 26
26 27
26 34
26 37
26 38
26 39
26 41
26 48
26 56
26 58
26 59
26 82
26 83
26 89
27 27
27 34
27 35
27 39
27 48
27 50
27 51
27 54
27 57
27 58
27 59
27 67
27 68
27 69
27 82
27 83
27 84
27 89
27 95
27 96
27 98
27 105
27 108
27 109
27 110
28 28
28 29
28 36
28 40
28 52
28 59
28 62
28 63
28 72
28 73
28 74
28 76
28 78
28 79
28 80
28 81
28 82
28 83
28 84
28 99
29 29
29 37
29 42
29 43
29 46
29 52
29 61
29 62
29 63
29 70
29 71
29 72
29 73
29 74
29 75
29 76
29 77
29 78
29 79
29 80
29 81
29 102
30 30
30 31
30 33
30 35
30 64
30 65
30 67
30 70
30 71
30 75
30 76
30 77
31 31
31 33
31 35
31 51
31 65
31 67
31 71
31 75
31 76
31 77
32 32
32 33
32 34
32 56
32 60
32 63
32 65
32 66
32 72
33 33
33 34
33 35
33 49
33 60
33 63
33 65
33 66
33 67
34 34
34 35
34 51
34 64
34 65
34 67
34 94
34 95
34 105
34 108
34 109
34 110
35 35
35 45
35 47
35 49
35 65
35 66
35 67
35 69
35 90
35 91
35 93
35 95
35 105
35 108
35 109
35 110
36 36
36 37
36 38
36 39
36 40
36 41
36 53
36 70
36 71
36 72
36 74
36 76
36 77
36 78
36 80
36 82
36 83
36 84
36 85
36 90
36 91
36 95
36 96
36 99
36 105
36 108
36 110
36 111
37 37
37 38
37 39
37 40
37 41
37 47
37 52
37 53
37 54
37 55
37 70
37 71
37 73
37 76
37 77
37 80
37 83
37 85
37 89
37 96
37 97
37 99
37 105
37 110
37 111
38 38
38 39
38 40
38 41
38 55
38 56
38 57
38 68
38 74
38 75
38 78
38 80
38 82
38 83
38 86
38 87
38 95
38 96
38 99
38 101
38 103
38 105
38 111
39 39
39 40
39 41
39 55
39 83
39 87
39 89
39 90
39 95
39 96
39 97
39 99
39 105
39 108
39 110
39 111
39 113
40 40
40 41
40 77
40 80
40 82
40 83
40 84
40 85
40 99
40 111
41 41
41 55
41 70
41 71
41 73
41 74
41 75
41 76
41 77
41 82
41 83
41 90
41 91
41 95
41 97
41 98
41 99
41 108
41 110
41 111
41 113
42 42
42 43
42 44
42 45
42 46
42 47
42 49
42 55
42 56
42 62
42 72
42 79
42 81
42 98
42 111
42 112
43 43
43 44
43 45
43 46
43 47
43 49
43 55
43 56
43 79
43 81
43 96
43 98
43 111
43 112
44 44
44 45
44 46
44 47
44 49
44 55
44 56
44 62
44 65
44 66
44 67
44 96
44 98
44 111
44 112
45 45
45 46
45 47
45 49
45 55
45 62
45 65
45 66
45 67
45 96
45 98
45 111
45 112
46 46
46 47
46 49
46 55
46 56
46 72
46 96
46 98
46 111
46 112
47 47
47 49
47 53
47 55
47 67
47 90
47 95
47 96
47 98
47 99
47 105
47 110
47 111
47 112
48 48
48 50
48 51
48 52
48 53
48 54
48 55
48 58
48 59
48 68
48 82
48 83
48 86
48 89
48 90
48 96
48 97
48 98
48 104
48 106
48 107
48 109
49 49
49 55
49 65
49 66
49 67
49 96
49 98
49 111
49 112
50 50
50 51
50 52
50 53
50 54
50 58
50 59
50 84
50 89
50 94
50 97
50 106
50 109
51 51
51 52
51 53
51 54
51 58
51 59
51 85
51 89
51 96
51 97
51 104
51 106
52 52
52 53
52 54
52 57
52 58
52 59
52 61
52 63
52 73
52 75
52 77
52 78
52 82
52 83
52 84
52 86
52 89
53 53
53 54
53 55
53 84
53 90
53 96
53 97
53 98
53 99
53 105
53 107
53 110
53 111
53 112
54 54
54 55
54 56
54 57
54 58
54 59
54 68
54 82
54 86
54 89
54 93
54 96
54 98
54 104
54 107
55 55
55 96
55 97
55 98
55 99
55 110
55 111
55 112
56 56
56 57
56 58
56 62
56 63
56 68
56 69
56 72
56 74
56 78
56 79
56 80
56 81
56 87
57 57
57 58
57 59
57 63
57 68
57 69
57 79
57 80
57 81
57 87
57 89
58 58
58 59
58 61
58 68
58 82
58 89
58 94
58 104
58 106
58 107
58 109
58 115
59 59
59 61
59 63
59 68
59 82
59 83
59 86
59 89
59 104
59 107
59 109
59 115
60 60
60 61
60 62
60 63
60 65
60 66
60 72
60 74
60 75
60 76
60 78
60 79
60 81
60 86
60 100
60 101
60 102
60 106
61 61
61 62
61 63
61 72
61 78
61 86
61 102
62 62
62 63
62 66
62 72
62 74
62 78
62 79
62 80
62 81
62 86
62 101
62 102
63 63
63 72
63 78
63 79
63 81
64 64
64 65
64 67
64 84
64 85
64 88
64 93
64 107
65 65
65 66
65 67
66 66
66 67
66 100
66 101
66 106
66 109
67 67
67 69
67 91
67 93
67 95
67 96
67 103
67 105
67 106
67 108
67 109
67 110
68 68
68 69
68 82
68 85
68 87
68 89
68 90
68 91
68 93
68 96
68 98
68 99
68 104
68 110
69 69
69 82
69 89
69 90
69 91
69 92
69 93
69 95
69 96
69 98
69 103
69 104
69 105
69 108
69 110
69 114
69 115
70 70
70 71
70 73
70 74
70 75
70 76
70 77
70 91
70 99
70 111
70 113
71 71
71 73
71 74
71 75
71 76
71 77
71 78
71 85
71 97
71 114
72 72
72 73
72 74
72 75
72 76
72 78
72 79
72 80
72 81
72 101
73 73
73 74
73 75
73 76
73 77
73 78
73 79
73 80
73 81
73 85
73 89
73 102
74 74
74 75
74 76
74 77
74 78
74 79
74 80
74 81
74 101
74 111
74 113
75 75
75 76
75 77
75 78
75 80
75 81
75 102
75 113
76 76
76 77
76 78
76 79
76 81
76 97
76 99
76 111
77 77
77 83
77 85
77 104
78 78
78 79
78 80
78 81
79 79
79 80
79 81
80 80
80 81
80 82
80 84
80 85
80 99
81 81
81 94
82 82
82 83
82 84
82 86
82 87
82 89
82 90
82 91
82 93
82 96
82 98
82 101
82 104
82 108
83 83
83 84
83 89
83 90
83 91
83 95
83 96
83 97
83 98
83 99
83 105
83 108
83 110
83 111
84 84
84 85
84 88
84 89
84 90
84 91
84 97
84 107
85 85
85 87
85 92
85 114
86 86
86 87
86 88
86 89
86 92
86 93
86 100
86 101
86 102
86 103
86 106
86 107
87 87
87 88
87 89
87 90
87 91
87 92
87 93
87 101
87 102
87 103
87 106
87 114
87 115
88 88
88 89
88 91
88 92
88 93
88 95
88 97
88 100
88 101
88 102
88 103
88 106
88 107
88 113
89 89
89 97
89 103
89 104
89 106
89 107
89 114
89 115
90 90
90 91
90 92
90 93
90 95
90 96
90 98
90 99
90 103
90 104
90 105
90 108
90 110
90 111
90 112
90 114
90 115
91 91
91 92
91 93
91 95
91 98
91 99
91 103
91 105
91 108
91 110
91 112
91 114
91 115
92 92
92 93
92 100
92 101
92 102
92 103
92 106
92 111
92 112
92 113
92 114
92 115
93 93
93 100
93 101
93 102
93 103
93 106
93 113
93 114
93 115
94 94
94 103
94 106
94 109
94 115
95 95
95 96
95 97
95 98
95 99
95 105
95 108
95 109
95 110
95 111
95 113
96 96
96 97
96 98
96 99
96 104
96 105
96 106
96 107
96 108
96 110
96 111
96 112
97 97
97 99
97 109
97 110
97 111
98 98
98 99
98 105
98 108
98 110
98 111
98 112
99 99
99 108
99 110
99 111
99 112
99 113
100 100
100 101
100 102
100 103
100 106
100 107
101 101
101 102
101 103
101 106
102 102
102 103
102 106
102 113
103 103
103 104
103 105
103 106
103 111
103 114
103 115
104 104
104 105
104 110
104 114
104 115
105 105
105 107
105 108
105 110
105 111
105 114
106 106
106 107
106 109
106 114
107 107
107 109
107 114
108 108
108 110
108 111
109 109
109 110
110 110
110 111
110 112
111 111
111 112
111 113
112 112
113 113
113 115
114 114
114 115
115 115
