0 0
0 1
0 6
0 16
0 17
0 18
0 19
0 29
0 32
0 56
0 57
0 58
0 59
0 60
0 61
0 62
0 63
0 68
0 74
0 79
0 86
0 87
0 89
0 98
0 100
0 101
0 102
0 103
0 106
1 1
1 11
1 17
1 19
1 57
1 63
1 68
1 76
1 77
1 79
1 85
1 86
1 87
1 89
1 97
1 108
1 113
2 2
2 7
2 8
2 13
2 22
2 23
2 24
2 25
2 34
2 35
2 65
2 66
2 67
2 75
2 92
2 93
2 107
3 3
3 4
3 5
3 7
3 8
3 9
3 14
3 15
3 19
3 20
3 21
3 22
3 23
3 24
3 25
3 26
3 27
3 31
3 65
3 69
3 75
3 82
3 83
3 85
3 88
3 89
3 92
3 113
4 4
4 5
4 7
4 8
4 9
4 13
4 14
4 15
4 20
4 21
4 24
4 25
4 26
4 27
4 33
4 52
4 54
4 60
4 72
4 75
4 82
4 83
4 88
4 89
4 114
5 5
5 7
5 8
5 9
5 14
5 15
5 20
5 21
5 22
5 23
5 24
5 25
5 26
5 27
5 54
5 69
5 75
5 82
5 83
5 88
5 89
5 100
5 113
5 114
6 6
6 7
6 17
6 18
6 22
6 56
6 57
6 58
6 64
6 82
6 86
6 90
6 91
6 100
6 101
6 102
6 106
6 107
7 7
7 8
7 9
7 15
7 21
7 23
7 26
7 59
7 61
7 65
7 69
7 82
7 83
7 92
7 107
8 8
8 9
8 12
8 13
8 14
8 15
8 20
8 21
8 24
8 25
8 26
8 27
8 33
8 52
8 72
8 75
8 82
8 83
8 88
8 89
8 114
9 9
9 12
9 13
9 14
9 15
9 20
9 21
9 24
9 25
9 26
9 27
9 33
9 52
9 60
9 61
9 72
9 75
9 83
9 88
9 89
9 114
10 10
10 11
10 12
10 16
10 17
10 28
10 29
10 30
10 32
10 74
10 76
10 79
10 80
10 84
10 85
10 95
10 108
10 111
11 11
11 12
11 13
11 16
11 17
11 28
11 30
11 31
11 32
11 33
11 65
11 75
11 80
11 81
11 83
11 84
11 85
11 95
11 108
11 111
12 12
12 13
12 14
12 15
12 24
12 25
12 33
12 52
12 75
12 76
12 80
12 85
12 95
12 111
13 13
13 14
13 15
13 24
13 25
13 28
13 32
13 33
13 52
13 61
13 65
13 72
13 75
13 76
13 80
13 95
13 111
14 14
14 15
14 20
14 21
14 23
14 24
14 25
14 26
14 27
14 33
14 52
14 54
14 60
14 72
14 75
14 82
14 83
14 88
14 89
14 95
15 15
15 20
15 21
15 24
15 25
15 26
15 27
15 33
15 52
15 58
15 59
15 60
15 61
15 72
15 75
15 80
15 83
16 16
16 17
16 18
16 28
16 29
16 32
16 37
16 40
16 56
16 57
16 62
16 63
16 70
16 73
16 74
16 76
16 78
16 79
16 80
16 81
16 85
16 95
16 105
17 17
17 28
17 29
17 30
17 32
17 37
17 40
17 41
17 42
17 43
17 44
17 45
17 46
17 47
17 53
17 56
17 57
17 62
17 63
17 70
17 71
17 73
17 74
17 76
17 78
17 79
17 80
17 81
17 86
17 87
17 95
17 109
18 18
18 19
18 28
18 40
18 56
18 57
18 58
18 59
18 66
18 68
18 74
18 76
18 80
18 109
19 19
19 21
19 57
19 59
19 66
19 67
19 68
19 69
19 71
19 90
19 91
19 97
20 20
20 21
20 24
20 25
20 26
20 27
20 60
20 72
20 75
20 77
20 83
20 88
20 89
20 100
20 113
20 114
20 115
21 21
21 22
21 24
21 25
21 26
21 27
21 68
21 69
21 77
21 82
21 83
21 88
21 89
21 94
21 97
21 100
21 102
21 104
21 113
21 114
21 115
22 22
22 23
22 24
22 25
22 26
22 27
22 34
22 35
22 41
22 50
22 64
22 88
22 89
22 92
22 100
22 102
22 104
22 110
22 113
23 23
23 24
23 25
23 30
23 31
23 33
23 65
23 67
23 92
24 24
24 25
24 26
24 27
24 31
24 33
24 50
24 52
24 72
24 75
24 114
25 25
25 26
25 27
25 31
25 33
25 52
25 72
25 75
25 88
25 114
26 26
26 27
26 54
26 58
26 59
26 60
26 69
26 75
26 82
26 83
26 88
26 89
26 100
26 102
26 113
26 114
27 27
27 69
27 77
27 82
27 83
27 88
27 89
27 94
27 97
27 100
27 102
27 110
27 113
27 114
27 115
28 28
28 29
28 30
28 31
28 32
28 33
28 36
28 42
28 43
28 44
28 46
28 62
28 70
28 72
28 73
28 74
28 76
28 78
28 79
28 80
28 81
28 84
28 95
28 109
28 111
29 29
29 30
29 31
29 32
29 37
29 40
29 41
29 42
29 43
29 44
29 45
29 46
29 47
29 53
29 55
29 56
29 57
29 62
29 63
29 71
29 73
29 74
29 76
29 78
29 79
29 80
29 81
29 86
29 87
29 95
29 98
29 99
29 105
29 109
29 111
30 30
30 31
30 40
30 64
30 74
30 78
30 79
30 80
30 81
30 84
30 85
30 95
31 31
31 33
31 36
31 78
31 80
31 81
31 84
31 95
31 109
32 32
32 33
32 56
32 57
32 60
32 61
32 62
32 63
32 70
32 72
32 73
32 74
32 76
32 78
32 80
32 81
32 106
32 107
33 33
33 34
33 36
33 50
33 52
33 62
33 63
33 65
33 72
33 73
33 75
33 78
33 80
33 81
33 95
33 111
34 34
34 35
34 50
34 51
34 52
34 53
34 65
34 75
34 76
34 77
34 110
34 111
34 114
35 35
35 37
35 40
35 43
35 44
35 45
35 46
35 50
35 51
35 53
35 67
35 76
35 77
35 92
35 110
35 113
35 114
35 115
36 36
36 37
36 40
36 46
36 52
36 53
36 72
36 76
36 78
36 80
36 81
36 85
36 96
36 109
36 110
36 111
37 37
37 38
37 39
37 40
37 41
37 42
37 43
37 44
37 45
37 46
37 47
37 51
37 53
37 55
37 56
37 57
37 70
37 71
37 73
37 74
37 76
37 78
37 79
37 81
37 86
37 87
37 95
37 96
37 98
37 99
37 105
37 109
37 110
37 111
38 38
38 39
38 40
38 41
38 54
38 55
38 56
38 57
38 68
38 69
38 78
38 82
38 86
38 87
38 88
38 89
38 90
38 94
38 96
38 98
38 99
38 103
38 106
38 109
38 112
39 39
39 40
39 41
39 54
39 55
39 56
39 57
39 68
39 69
39 82
39 86
39 87
39 88
39 89
39 90
39 94
39 96
39 97
39 98
39 99
39 103
39 106
39 109
39 112
40 40
40 41
40 44
40 45
40 46
40 48
40 57
40 67
40 68
40 70
40 74
40 79
40 81
40 86
40 87
40 96
40 107
40 109
41 41
41 55
41 57
41 64
41 68
41 69
41 71
41 73
41 74
41 79
41 86
41 94
41 96
41 97
41 103
41 104
41 105
41 106
41 107
41 110
42 42
42 43
42 44
42 45
42 46
42 47
42 48
42 49
42 53
42 55
42 78
42 81
42 86
42 87
42 95
42 98
42 99
42 109
42 111
43 43
43 44
43 45
43 46
43 47
43 49
43 51
43 53
43 55
43 71
43 76
43 78
43 80
43 81
43 86
43 87
43 95
43 98
43 99
43 109
43 111
44 44
44 45
44 46
44 47
44 48
44 49
44 51
44 53
44 55
44 78
44 81
44 86
44 95
44 98
44 99
44 109
44 111
45 45
45 46
45 47
45 48
45 49
45 51
45 53
45 55
45 78
45 81
45 86
45 91
45 98
45 99
45 110
45 111
46 46
46 47
46 49
46 51
46 53
46 55
46 71
46 76
46 78
46 80
46 81
46 87
46 95
46 96
46 98
46 99
46 109
46 110
46 111
47 47
47 48
47 49
47 53
47 55
47 78
47 81
47 86
47 87
47 95
47 96
47 98
47 99
47 109
47 111
48 48
48 49
48 50
48 51
48 54
48 55
48 86
48 90
48 91
48 93
48 98
48 99
48 100
48 102
48 103
48 104
48 106
48 112
49 49
49 51
49 53
49 55
49 86
49 91
49 98
49 99
49 111
50 50
50 51
50 52
50 53
50 73
50 75
50 84
50 110
50 111
51 51
51 52
51 53
51 67
51 76
51 77
51 91
51 110
51 114
51 115
52 52
52 53
52 72
52 75
52 91
52 108
52 111
53 53
53 55
53 71
53 76
53 78
53 81
53 95
53 98
53 99
53 108
53 111
53 114
54 54
54 55
54 56
54 58
54 59
54 60
54 64
54 82
54 87
54 88
54 89
54 90
54 96
54 98
54 100
54 102
54 106
54 112
55 55
55 56
55 71
55 78
55 79
55 81
55 86
55 87
55 95
55 96
55 97
55 98
55 99
55 105
55 109
55 111
55 112
56 56
56 57
56 58
56 59
56 60
56 62
56 63
56 68
56 70
56 71
56 74
56 78
56 79
56 81
56 86
56 87
56 98
56 99
56 100
56 101
56 102
56 103
56 106
56 112
57 57
57 58
57 59
57 62
57 63
57 68
57 70
57 71
57 73
57 74
57 79
57 81
57 86
57 87
57 101
57 102
57 103
57 106
57 112
58 58
58 59
58 60
58 61
58 63
58 66
58 83
58 89
58 100
58 101
58 102
58 106
59 59
59 60
59 61
59 63
59 66
59 67
59 68
59 69
59 83
59 89
59 91
59 106
60 60
60 61
60 62
60 63
60 64
60 72
60 83
60 88
60 89
60 100
60 101
60 102
61 61
61 62
61 63
61 65
61 66
61 83
61 89
62 62
62 63
62 70
62 72
62 74
62 78
62 80
62 81
62 101
62 106
63 63
63 74
63 78
63 79
63 80
63 81
63 87
63 101
64 64
64 84
64 86
64 88
64 100
64 101
64 102
64 103
64 106
64 107
65 65
65 67
65 75
65 92
66 66
66 67
66 68
66 69
66 91
66 92
67 67
67 68
67 69
67 90
67 91
67 92
67 93
67 107
67 110
68 68
68 69
68 71
68 73
68 74
68 87
68 89
68 90
68 97
68 113
69 69
69 77
69 82
69 88
69 89
69 90
69 91
69 92
69 93
69 94
69 97
69 103
69 104
69 107
69 110
69 113
69 114
70 70
70 71
70 73
70 74
70 76
70 77
70 81
70 105
71 71
71 73
71 74
71 75
71 78
71 79
71 105
72 72
72 73
72 75
72 80
72 95
73 73
73 74
73 75
73 76
73 77
73 79
73 80
73 81
73 84
73 105
74 74
74 76
74 79
74 80
74 81
74 84
74 86
74 87
74 101
74 105
74 106
74 107
74 109
75 75
75 76
76 76
76 77
76 79
76 80
76 81
76 84
76 85
76 94
76 95
76 97
76 108
76 113
76 114
77 77
77 94
77 97
77 108
77 110
77 113
77 114
77 115
78 78
78 79
78 80
78 81
78 86
78 87
78 95
78 98
78 99
78 109
78 111
79 79
79 80
79 81
79 85
79 86
79 87
79 95
79 105
79 109
80 80
80 81
80 83
80 84
80 85
80 87
80 95
80 105
80 109
80 111
81 81
81 86
81 87
81 95
81 109
81 111
82 82
82 83
82 87
82 88
82 89
82 90
82 98
82 99
82 113
83 83
83 89
83 98
83 99
84 84
84 85
84 95
84 113
85 85
85 95
85 108
86 86
86 87
86 96
86 98
86 99
86 106
86 109
87 87
87 96
87 98
87 99
87 106
87 109
88 88
88 89
88 90
88 92
88 93
88 94
88 96
88 100
88 102
88 112
88 113
88 114
89 89
89 90
89 91
89 92
89 96
89 100
89 102
89 112
89 113
90 90
90 91
90 92
90 93
90 100
90 102
90 103
90 104
90 106
90 112
91 91
91 92
91 93
91 112
92 92
92 93
92 100
92 101
92 102
92 103
92 104
92 115
93 93
93 100
93 101
93 102
93 103
93 104
93 105
93 106
94 94
94 96
94 97
94 102
94 103
94 104
94 108
94 110
94 113
94 114
94 115
95 95
95 98
95 99
95 108
95 109
95 111
96 96
96 98
96 99
96 109
96 110
97 97
97 103
97 104
97 105
97 108
97 110
97 113
97 114
97 115
98 98
98 99
98 109
98 111
98 112
99 99
99 109
99 111
99 112
100 100
100 101
100 102
100 103
100 104
100 106
100 115
101 101
101 102
101 103
101 104
101 105
101 106
102 102
102 103
102 104
102 106
102 115
103 103
103 104
103 105
103 106
103 107
104 104
104 105
104 106
104 107
104 113
104 115
105 105
105 107
105 109
106 106
106 107
107 107
107 109
107 110
108 108
108 113
108 114
108 115
109 109
109 111
110 110
110 113
110 114
111 111
112 112
112 113
112 115
113 113
113 114
113 115
114 114
114 115
115 115
