0 0
0 1
0 18
0 19
0 33
0 36
0 40
0 41
0 56
0 61
0 62
0 63
0 68
0 74
0 75
0 80
0 81
0 90
0 101
0 104
1 1
1 13
1 18
1 19
1 28
1 32
1 33
1 39
1 46
1 56
1 57
1 62
1 63
1 68
1 69
1 74
1 80
1 81
1 86
1 94
1 95
1 96
1 97
1 98
1 101
1 104
1 108
1 109
1 111
1 113
1 115
2 2
2 3
2 5
2 6
2 7
2 18
2 19
2 21
2 22
2 23
2 25
2 26
2 31
2 32
2 50
2 67
2 69
2 70
2 75
2 88
2 89
3 3
3 5
3 6
3 7
3 15
3 18
3 20
3 21
3 22
3 23
3 24
3 25
3 26
3 27
3 31
3 50
3 65
3 67
3 69
3 70
3 75
3 88
3 89
3 90
3 92
4 4
4 5
4 7
4 9
4 26
4 30
4 52
4 58
4 59
4 61
4 75
4 83
4 90
4 91
4 92
4 102
4 103
4 104
4 106
4 107
4 112
4 114
4 115
5 5
5 7
5 9
5 15
5 20
5 21
5 25
5 26
5 27
5 31
5 35
5 38
5 58
5 59
5 67
5 70
5 71
5 75
5 88
5 89
5 90
5 92
5 104
5 107
6 6
6 7
6 18
6 21
6 22
6 23
6 60
6 64
6 71
6 73
6 77
6 88
6 89
6 93
7 7
7 9
7 18
7 21
7 26
7 50
7 58
7 59
7 61
7 65
7 67
7 69
7 75
7 88
7 90
7 92
7 103
7 104
8 8
8 9
8 10
8 11
8 12
8 13
8 14
8 17
8 42
8 43
8 51
8 53
8 76
8 82
8 91
8 93
8 98
8 99
8 100
8 102
8 113
8 114
9 9
9 11
9 15
9 21
9 26
9 58
9 59
9 60
9 61
9 65
9 67
9 83
9 90
9 92
9 100
9 102
9 112
9 114
10 10
10 11
10 12
10 14
10 16
10 17
10 22
10 28
10 34
10 37
10 42
10 43
10 46
10 47
10 48
10 57
10 64
10 72
10 74
10 76
10 79
10 82
10 84
10 86
10 96
10 110
11 11
11 13
11 14
11 15
11 61
11 65
11 76
11 83
11 100
11 114
12 12
12 13
12 14
12 16
12 17
12 22
12 28
12 34
12 37
12 38
12 43
12 46
12 47
12 54
12 55
12 57
12 68
12 72
12 74
12 76
12 82
12 84
12 86
12 93
12 96
12 101
12 109
12 110
13 13
13 15
13 61
13 62
13 80
13 83
13 100
13 101
13 102
13 114
13 115
14 14
14 15
14 17
14 24
14 28
14 34
14 37
14 42
14 43
14 46
14 47
14 48
14 49
14 53
14 82
14 83
14 84
14 86
14 96
14 98
14 105
14 106
14 107
14 113
14 115
15 15
15 24
15 25
15 27
15 82
15 83
15 92
16 16
16 17
16 28
16 29
16 34
16 36
16 37
16 39
16 40
16 55
16 62
16 72
16 74
16 76
16 78
16 79
16 80
16 81
16 84
16 86
16 96
16 97
16 98
16 99
16 108
16 111
17 17
17 28
17 29
17 34
17 35
17 37
17 38
17 43
17 47
17 48
17 54
17 55
17 70
17 71
17 72
17 73
17 76
17 77
17 79
17 105
18 18
18 19
18 21
18 23
18 31
18 32
18 33
18 39
18 56
18 57
18 68
18 69
18 74
18 103
18 104
18 109
19 19
19 32
19 33
19 39
19 56
19 57
19 62
19 63
19 68
19 69
19 74
19 80
19 81
19 94
19 95
19 96
19 97
19 101
19 104
19 109
20 20
20 21
20 22
20 23
20 24
20 25
20 26
20 27
20 30
20 31
20 38
20 50
20 64
20 73
20 82
20 88
20 89
21 21
21 23
21 25
21 26
21 27
21 31
21 38
21 50
21 68
21 69
21 75
21 88
21 89
21 90
22 22
22 23
22 24
22 25
22 27
22 32
22 34
22 37
22 38
22 42
22 43
22 47
22 50
22 64
22 69
22 73
22 78
22 79
22 84
22 86
22 88
22 89
22 110
23 23
23 24
23 25
23 27
23 30
23 31
23 50
23 64
23 69
23 73
23 82
23 88
23 89
24 24
24 25
24 27
24 30
24 31
24 50
24 64
24 69
24 82
24 84
24 85
24 88
24 92
25 25
25 27
25 30
25 31
25 50
25 64
25 65
25 69
25 78
25 84
25 85
25 88
25 89
25 92
26 26
26 27
26 35
26 38
26 58
26 59
26 67
26 70
26 71
26 75
26 88
26 89
26 90
26 91
26 92
26 107
27 27
27 31
27 38
27 69
27 75
27 82
27 84
27 88
27 89
28 28
28 29
28 32
28 33
28 34
28 36
28 37
28 39
28 40
28 56
28 57
28 62
28 63
28 72
28 74
28 76
28 78
28 80
28 81
28 86
28 94
28 95
28 96
28 97
28 101
28 108
28 109
28 111
29 29
29 36
29 37
29 38
29 62
29 63
29 71
29 72
29 73
29 74
29 76
29 77
29 79
29 81
29 100
29 105
30 30
30 31
30 50
30 64
30 82
30 83
30 107
31 31
31 50
31 106
32 32
32 33
32 34
32 57
32 68
32 69
32 78
32 97
32 109
33 33
33 36
33 39
33 40
33 56
33 57
33 62
33 63
33 68
33 69
33 72
33 74
33 78
33 80
33 81
33 86
33 94
33 95
33 96
33 97
33 104
33 108
33 109
33 111
33 115
34 34
34 35
34 37
34 43
34 44
34 47
34 48
34 64
34 65
34 72
34 73
34 76
34 77
34 78
34 79
34 84
34 86
34 87
34 110
34 111
34 113
35 35
35 38
35 45
35 51
35 67
35 70
35 71
35 73
35 75
35 76
35 77
35 79
35 88
35 89
35 105
35 107
36 36
36 39
36 40
36 41
36 52
36 56
36 62
36 63
36 72
36 74
36 78
36 80
36 81
36 84
36 94
36 95
36 96
36 97
36 98
36 99
36 108
36 111
37 37
37 39
37 42
37 43
37 44
37 46
37 47
37 48
37 49
37 51
37 54
37 55
37 57
37 64
37 72
37 73
37 76
37 77
37 78
37 79
37 86
37 87
37 95
37 96
37 97
37 105
37 109
37 110
37 111
37 113
38 38
38 47
38 54
38 55
38 70
38 71
38 73
38 76
38 77
38 79
38 88
38 89
39 39
39 46
39 47
39 55
39 56
39 57
39 72
39 74
39 78
39 81
39 86
39 87
39 94
39 95
39 96
39 97
39 108
39 109
39 111
40 40
40 41
40 52
40 59
40 62
40 63
40 72
40 74
40 78
40 80
40 81
40 94
40 95
40 96
40 97
40 98
40 99
40 108
40 112
40 115
41 41
41 62
41 63
41 74
41 75
41 80
41 81
41 90
41 98
41 99
41 102
41 112
42 42
42 43
42 45
42 46
42 47
42 48
42 49
42 51
42 64
42 86
42 87
42 93
42 96
42 110
42 113
43 43
43 44
43 45
43 46
43 47
43 48
43 49
43 51
43 54
43 55
43 64
43 76
43 77
43 78
43 79
43 84
43 86
43 87
43 96
43 110
43 113
44 44
44 45
44 46
44 47
44 48
44 49
44 50
44 51
44 53
44 55
44 64
44 66
44 85
44 87
44 98
44 99
44 100
44 102
44 105
44 110
44 111
44 112
44 113
45 45
45 46
45 47
45 48
45 49
45 50
45 51
45 53
45 64
45 65
45 66
45 67
45 110
45 112
45 113
46 46
46 47
46 48
46 49
46 51
46 53
46 55
46 57
46 64
46 81
46 84
46 86
46 95
46 96
46 97
46 98
46 99
46 108
46 109
46 110
46 111
46 112
46 113
46 114
47 47
47 48
47 49
47 51
47 53
47 54
47 55
47 64
47 72
47 74
47 76
47 79
47 86
47 93
47 96
47 109
47 110
47 111
47 113
48 48
48 49
48 51
48 53
48 55
48 57
48 84
48 86
48 96
48 98
48 99
48 110
48 111
48 112
48 113
49 49
49 51
49 53
49 55
49 87
49 91
49 96
49 98
49 99
49 100
49 102
49 105
49 110
49 111
49 112
49 113
50 50
50 64
50 65
50 66
50 69
50 85
51 51
51 53
51 55
51 66
51 91
51 98
51 99
51 105
51 110
51 111
51 112
51 113
51 114
52 52
52 53
52 59
52 62
52 63
52 75
52 90
52 94
52 98
52 99
52 103
52 115
53 53
53 55
53 80
53 81
53 86
53 91
53 93
53 96
53 98
53 99
53 100
53 102
53 105
53 111
53 112
53 113
53 115
54 54
54 55
54 71
54 73
54 76
54 77
54 79
54 89
54 91
54 110
55 55
55 96
55 98
55 99
55 105
55 110
55 111
55 113
56 56
56 57
56 62
56 68
56 72
56 74
56 80
56 81
56 94
56 96
56 97
56 101
56 109
57 57
57 64
57 68
57 69
57 72
57 74
57 78
57 80
57 81
57 84
57 86
57 94
57 95
57 96
57 97
57 101
57 108
57 109
57 110
57 111
57 113
58 58
58 59
58 60
58 61
58 66
58 67
58 90
58 91
58 103
58 104
58 112
59 59
59 61
59 62
59 63
59 66
59 67
59 90
59 91
59 94
59 98
59 99
59 100
59 101
59 102
59 103
59 104
59 108
59 112
59 114
59 115
60 60
60 61
60 63
60 65
60 67
61 61
61 62
61 63
61 80
61 90
61 100
61 102
61 103
61 108
62 62
62 63
62 72
62 74
62 80
62 81
62 94
62 95
62 97
62 98
62 99
62 100
62 101
62 102
62 103
62 108
62 109
62 111
62 115
63 63
63 72
63 74
63 80
63 81
63 94
63 95
63 97
63 98
63 99
63 100
63 101
63 102
63 103
63 108
63 109
63 111
63 115
64 64
64 65
64 84
64 86
64 87
64 110
64 113
65 65
65 66
65 67
65 85
65 87
65 92
66 66
66 67
67 67
67 71
67 77
67 79
67 89
68 68
68 69
68 78
68 96
68 101
68 110
69 69
69 104
70 70
70 71
70 73
70 75
70 76
70 77
70 79
70 88
70 89
70 90
70 92
70 105
71 71
71 73
71 75
71 76
71 77
71 79
71 88
71 89
71 105
71 107
72 72
72 74
72 76
72 78
72 80
72 81
72 86
72 93
72 95
72 96
72 97
72 101
72 106
72 109
72 111
73 73
73 75
73 76
73 77
73 79
73 89
73 105
74 74
74 80
74 81
74 86
74 93
74 95
74 96
74 97
74 101
74 109
75 75
75 77
75 88
75 89
75 90
76 76
76 77
76 78
76 79
76 110
77 77
77 79
77 88
77 89
77 105
78 78
78 79
78 81
78 84
78 86
78 96
78 97
79 79
79 89
79 105
79 110
80 80
80 81
80 86
80 94
80 95
80 96
80 97
80 98
80 99
80 100
80 101
80 102
80 108
80 109
80 111
80 113
80 114
80 115
81 81
81 84
81 85
81 86
81 94
81 95
81 96
81 97
81 98
81 99
81 102
81 108
81 109
81 111
81 112
81 113
81 114
81 115
82 82
82 83
82 84
82 91
83 83
83 85
83 87
83 114
83 115
84 84
84 85
84 86
84 87
84 96
84 113
85 85
85 87
85 94
85 97
85 108
85 111
86 86
86 87
86 93
86 95
86 96
86 97
86 101
86 108
86 109
86 110
86 111
86 113
87 87
87 96
87 97
87 108
87 111
87 113
88 88
88 89
88 90
88 92
89 89
89 92
90 90
90 91
90 92
90 102
90 103
90 104
91 91
91 93
91 99
91 101
91 102
91 103
92 92
92 100
93 93
93 101
93 102
93 103
93 109
94 94
94 95
94 96
94 97
94 98
94 99
94 100
94 101
94 102
94 108
94 109
94 111
94 112
94 113
94 114
94 115
95 95
95 96
95 97
95 98
95 99
95 100
95 101
95 102
95 103
95 104
95 108
95 109
95 111
95 112
95 113
95 114
95 115
96 96
96 97
96 98
96 99
96 108
96 109
96 111
96 113
96 115
97 97
97 98
97 99
97 100
97 101
97 102
97 108
97 109
97 111
97 112
97 113
97 115
98 98
98 99
98 100
98 101
98 102
98 108
98 109
98 111
98 112
98 113
98 114
98 115
99 99
99 100
99 101
99 102
99 108
99 109
99 111
99 112
99 113
99 114
99 115
100 100
100 101
100 102
100 108
100 109
100 111
100 112
100 113
100 114
100 115
101 101
101 102
101 103
101 104
101 108
101 109
101 111
101 112
101 113
101 114
101 115
102 102
102 103
102 104
102 108
102 109
102 111
102 112
102 113
102 114
102 115
103 103
103 104
103 109
104 104
104 109
104 114
104 115
105 105
105 106
105 107
105 113
106 106
106 107
106 115
107 107
107 114
107 115
108 108
108 109
108 111
108 112
108 113
108 114
108 115
109 109
109 111
109 113
109 115
110 110
110 113
111 111
111 112
111 113
111 114
111 115
112 112
112 113
112 114
112 115
113 113
113 114
113 115
114 114
114 115
115 115
