0 0
0 10
0 14
0 15
0 16
0 41
0 56
0 58
0 60
0 61
0 62
0 63
0 75
0 80
0 92
0 93
0 99
0 100
0 102
0 112
1 1
1 16
1 17
1 52
1 54
1 57
1 59
1 63
1 87
1 89
1 102
1 107
1 113
1 115
2 2
2 3
2 6
2 7
2 8
2 20
2 22
2 23
2 30
2 31
2 43
2 44
2 45
2 46
2 64
2 67
2 85
2 87
2 96
3 3
3 6
3 18
3 19
3 20
3 22
3 23
3 64
3 68
3 79
3 84
3 85
3 86
3 87
3 106
3 115
4 4
4 5
4 8
4 9
4 10
4 11
4 12
4 13
4 14
4 15
4 16
4 24
4 26
4 58
4 60
4 61
4 62
4 63
4 65
4 88
4 101
5 5
5 8
5 9
5 10
5 11
5 14
5 15
5 24
5 25
5 26
5 38
5 39
5 65
5 80
5 84
5 88
5 92
6 6
6 7
6 8
6 9
6 10
6 11
6 12
6 13
6 24
6 32
6 33
6 44
6 45
6 58
6 60
6 61
6 62
6 64
6 65
6 67
6 83
6 100
6 101
6 102
7 7
7 8
7 9
7 10
7 11
7 12
7 13
7 14
7 15
7 24
7 33
7 44
7 45
7 58
7 59
7 61
7 62
7 65
7 100
7 101
7 102
8 8
8 9
8 10
8 11
8 12
8 13
8 14
8 15
8 24
8 25
8 26
8 58
8 60
8 61
8 65
8 91
8 92
8 100
8 101
8 102
9 9
9 10
9 11
9 12
9 13
9 14
9 15
9 16
9 24
9 26
9 29
9 58
9 60
9 61
9 62
9 63
9 64
9 65
9 76
9 80
9 83
9 91
9 92
9 100
9 101
9 102
10 10
10 11
10 12
10 13
10 14
10 15
10 16
10 24
10 44
10 58
10 59
10 60
10 61
10 62
10 63
10 70
10 80
10 83
10 100
10 101
10 102
10 111
10 112
10 113
11 11
11 13
11 14
11 15
11 21
11 58
11 59
11 65
11 84
11 85
11 88
11 92
11 100
12 12
12 13
12 14
12 15
12 16
12 24
12 28
12 29
12 32
12 44
12 58
12 59
12 60
12 61
12 62
12 63
12 70
12 72
12 73
12 74
12 80
12 83
12 91
12 100
12 101
12 102
12 111
12 112
13 13
13 14
13 15
13 16
13 24
13 28
13 29
13 33
13 44
13 58
13 59
13 60
13 61
13 62
13 63
13 65
13 70
13 72
13 73
13 77
13 80
13 83
13 100
13 101
13 102
13 112
14 14
14 15
14 24
14 26
14 41
14 60
14 65
14 75
14 80
14 83
14 91
14 92
14 100
14 102
15 15
15 16
15 24
15 26
15 29
15 41
15 58
15 60
15 61
15 62
15 63
15 65
15 74
15 75
15 76
15 80
15 83
15 88
15 91
15 92
15 100
15 101
15 102
15 112
16 16
16 17
16 18
16 19
16 24
16 28
16 29
16 58
16 60
16 61
16 62
16 63
16 70
16 72
16 73
16 74
16 76
16 77
16 80
16 81
16 83
16 92
16 100
16 101
16 102
16 103
16 112
16 113
17 17
17 18
17 19
17 29
17 57
17 63
17 68
17 74
17 76
17 77
17 78
17 79
17 80
17 81
17 83
17 97
17 103
17 104
17 107
17 113
18 18
18 19
18 22
18 28
18 29
18 32
18 68
18 69
18 73
18 74
18 76
18 79
18 80
18 81
18 82
18 83
18 106
18 115
19 19
19 24
19 28
19 29
19 32
19 33
19 63
19 68
19 69
19 72
19 73
19 74
19 76
19 79
19 80
19 81
19 82
19 83
19 103
19 106
19 115
20 20
20 22
20 23
20 25
20 30
20 31
20 54
20 66
20 71
20 86
20 89
20 94
20 96
20 106
20 108
21 21
21 27
21 31
21 37
21 38
21 39
21 40
21 42
21 43
21 50
21 51
21 55
21 56
21 65
21 71
21 78
21 84
21 85
21 88
21 94
21 95
21 96
21 97
21 104
22 22
22 23
22 25
22 27
22 30
22 31
22 34
22 35
22 38
22 39
22 55
22 57
22 64
22 68
22 79
22 82
22 84
22 86
22 87
22 93
22 109
23 23
23 27
23 31
23 36
23 38
23 39
23 54
23 55
23 57
23 68
23 79
23 82
23 84
23 85
23 86
23 87
23 88
23 89
23 94
23 95
23 97
23 104
23 108
23 109
23 114
24 24
24 25
24 26
24 28
24 29
24 58
24 60
24 61
24 62
24 63
24 74
24 80
24 83
24 91
24 101
25 25
25 26
25 27
25 31
25 34
25 35
25 67
25 91
25 93
25 94
25 110
26 26
26 38
26 39
26 68
26 69
26 80
26 84
26 91
26 92
27 27
27 36
27 37
27 38
27 39
27 43
27 47
27 48
27 50
27 51
27 52
27 53
27 54
27 55
27 56
27 57
27 84
27 85
27 88
27 94
27 95
27 96
27 97
27 98
27 104
27 107
27 109
27 110
28 28
28 29
28 32
28 33
28 40
28 41
28 60
28 61
28 62
28 63
28 72
28 73
28 74
28 75
28 76
28 80
28 81
28 83
28 91
28 111
28 115
29 29
29 32
29 33
29 40
29 41
29 61
29 62
29 63
29 72
29 73
29 74
29 76
29 77
29 78
29 80
29 81
29 83
29 100
29 102
29 103
29 106
30 30
30 31
30 32
30 41
30 45
30 71
30 73
30 79
30 94
30 95
30 96
30 97
30 98
30 108
30 109
30 110
30 114
31 31
31 33
31 45
31 67
31 71
31 78
31 79
31 94
31 95
31 96
31 97
31 98
31 108
31 110
31 114
32 32
32 33
32 34
32 40
32 41
32 60
32 61
32 66
32 67
32 72
32 73
32 74
32 75
32 76
32 77
32 79
32 81
32 83
33 33
33 40
33 41
33 58
33 61
33 63
33 65
33 67
33 72
33 73
33 76
33 77
33 78
33 81
34 34
34 35
34 36
34 37
34 53
34 64
34 66
34 67
34 68
34 69
34 75
34 77
34 82
34 91
34 93
34 103
34 109
35 35
35 37
35 64
35 65
35 66
35 67
35 68
35 69
35 77
35 91
35 103
36 36
36 37
36 38
36 39
36 40
36 50
36 51
36 52
36 53
36 54
36 55
36 57
36 68
36 79
36 82
36 87
36 89
36 90
36 94
36 97
36 104
36 105
36 107
36 109
37 37
37 38
37 39
37 40
37 52
37 53
37 54
37 57
37 66
37 77
37 78
37 88
37 89
37 94
37 103
37 104
37 107
38 38
38 39
38 50
38 52
38 54
38 55
38 57
38 68
38 84
38 85
38 87
38 88
38 94
38 95
38 96
38 97
38 104
38 105
38 107
38 109
38 114
38 115
39 39
39 50
39 51
39 52
39 53
39 54
39 55
39 57
39 68
39 79
39 84
39 85
39 86
39 87
39 88
39 89
39 94
39 95
39 96
39 97
39 104
39 105
39 107
39 109
40 40
40 42
40 48
40 50
40 51
40 72
40 74
40 77
40 78
40 94
40 104
40 107
41 41
41 56
41 60
41 61
41 72
41 73
41 74
41 75
41 82
41 91
41 108
42 42
42 43
42 44
42 45
42 46
42 47
42 48
42 49
42 50
42 51
42 55
42 94
42 96
42 98
42 99
42 111
43 43
43 44
43 45
43 46
43 47
43 48
43 49
43 50
43 51
43 55
43 85
43 94
43 96
43 97
43 98
43 99
43 108
43 110
43 111
43 114
43 115
44 44
44 45
44 46
44 47
44 48
44 49
44 51
44 55
44 74
44 96
44 98
44 99
44 105
44 110
44 111
45 45
45 46
45 47
45 48
45 49
45 50
45 51
45 55
45 96
45 98
45 99
45 105
45 110
46 46
46 47
46 48
46 49
46 50
46 51
46 55
46 87
46 96
46 98
46 99
46 111
47 47
47 48
47 49
47 50
47 51
47 53
47 55
47 94
47 96
47 97
47 98
47 99
47 110
47 111
47 115
48 48
48 49
48 50
48 51
48 53
48 55
48 94
48 96
48 98
48 99
48 104
48 105
48 107
48 111
49 49
49 50
49 51
49 55
49 87
49 96
49 98
49 99
49 105
49 111
49 113
50 50
50 51
50 53
50 55
50 66
50 87
50 94
50 96
50 98
50 109
51 51
51 52
51 53
51 54
51 55
51 66
51 87
51 94
51 96
51 98
51 99
51 105
51 107
51 111
52 52
52 53
52 54
52 56
52 57
52 59
52 66
52 68
52 69
52 89
52 94
52 103
52 104
52 106
52 107
52 109
53 53
53 54
53 55
53 56
53 57
53 66
53 68
53 69
53 82
53 87
53 89
53 94
53 96
53 97
53 103
53 107
53 109
54 54
54 57
54 59
54 66
54 71
54 85
54 87
54 89
54 94
54 95
54 96
54 97
54 104
54 105
54 106
54 107
54 108
54 109
54 115
55 55
55 57
55 85
55 86
55 87
55 94
55 96
55 97
55 98
55 99
55 104
55 105
55 107
55 109
56 56
56 57
56 75
56 78
56 82
56 89
56 95
56 97
56 99
56 109
56 112
57 57
57 68
57 79
57 84
57 85
57 86
57 87
57 88
57 89
57 90
57 95
57 97
57 104
57 109
58 58
58 59
58 60
58 61
58 62
58 63
58 77
58 100
58 101
58 102
59 59
59 61
59 62
59 63
59 66
59 70
59 89
59 100
59 101
59 102
59 106
59 113
60 60
60 61
60 62
60 63
60 73
60 75
60 76
60 80
60 83
60 91
60 92
60 93
60 100
60 101
60 102
60 112
61 61
61 62
61 63
61 65
61 72
61 73
61 77
61 83
61 91
61 92
61 100
61 101
61 102
62 62
62 63
62 70
62 72
62 73
62 74
62 75
62 76
62 77
62 80
62 81
62 83
62 91
62 92
62 100
62 101
62 102
62 103
62 111
62 112
62 113
63 63
63 70
63 72
63 73
63 74
63 75
63 76
63 77
63 80
63 81
63 83
63 100
63 101
63 102
63 103
63 112
63 113
64 64
64 65
64 67
64 76
64 84
64 88
65 65
65 76
65 77
65 84
65 85
65 88
65 92
66 66
66 67
66 69
66 89
66 93
66 94
66 107
67 67
67 69
67 110
68 68
68 69
68 79
68 81
68 82
68 97
68 103
68 104
68 106
68 107
68 109
68 115
69 69
69 70
69 82
69 91
69 101
69 103
69 106
69 107
70 70
70 71
70 75
70 89
70 90
70 91
70 100
70 101
70 102
70 103
71 71
71 75
71 90
71 94
71 95
71 96
71 97
71 98
71 108
71 109
71 110
72 72
72 73
72 74
72 75
72 76
72 77
72 78
72 81
72 99
72 101
72 103
72 111
73 73
73 74
73 75
73 76
73 80
73 81
73 83
73 91
73 102
74 74
74 75
74 76
74 78
74 79
74 80
74 81
74 83
74 99
74 103
74 111
74 112
74 113
75 75
75 76
75 77
75 78
75 80
75 81
75 90
75 91
75 92
75 100
76 76
76 77
76 78
76 79
76 80
76 81
76 83
76 92
76 100
76 102
76 112
77 77
77 78
77 81
77 102
77 103
77 107
78 78
78 79
78 81
78 90
79 79
79 81
79 87
79 94
79 95
79 97
79 105
79 108
79 109
79 114
79 115
80 80
80 81
80 83
80 90
80 91
80 92
80 100
80 102
80 106
81 81
81 82
81 83
81 92
81 100
81 103
81 106
82 82
82 93
82 106
83 83
83 91
83 92
83 100
83 102
83 106
84 84
84 85
84 86
84 87
84 88
84 89
84 92
85 85
85 86
85 87
85 88
85 94
85 95
85 96
85 108
85 114
86 86
86 87
86 88
86 89
87 87
87 89
87 94
87 96
87 98
87 104
87 105
87 107
87 109
88 88
88 89
88 92
88 95
88 104
88 112
89 89
89 107
89 113
90 90
90 91
90 92
90 93
90 98
90 111
90 112
91 91
91 92
91 93
91 100
91 101
91 103
92 92
92 100
92 102
92 112
93 93
93 100
93 101
93 102
93 106
94 94
94 95
94 96
94 97
94 98
94 104
94 105
94 108
94 109
94 110
95 95
95 96
95 97
95 99
95 104
95 105
95 108
95 109
95 114
96 96
96 97
96 98
96 99
96 105
96 108
96 109
96 111
96 114
97 97
97 98
97 99
97 104
97 105
97 107
97 108
97 109
97 110
97 111
97 114
97 115
98 98
98 99
98 105
98 108
98 110
98 111
98 115
99 99
99 108
99 111
99 112
99 115
100 100
100 101
100 102
100 106
101 101
101 102
101 103
102 102
102 112
103 103
103 104
103 106
103 107
104 104
104 105
104 107
104 109
105 105
105 107
105 109
105 111
105 113
105 114
106 106
106 107
106 115
107 107
108 108
108 109
108 110
108 114
108 115
109 109
109 110
109 114
109 115
110 110
110 111
111 111
111 112
111 115
112 112
112 113
113 113
114 114
114 115
115 115
