0 0
0 1
0 10
0 11
0 12
0 13
0 16
0 17
0 28
0 29
0 37
0 41
0 56
0 57
0 58
0 60
0 61
0 62
0 63
0 72
0 76
0 79
0 80
0 81
1 1
1 11
1 13
1 16
1 17
1 28
1 29
1 36
1 37
1 41
1 52
1 54
1 55
1 56
1 57
1 59
1 61
1 62
1 63
1 68
1 72
1 73
1 74
1 75
1 76
1 79
1 80
1 81
2 2
2 3
2 5
2 6
2 8
2 18
2 20
2 21
2 22
2 23
2 25
2 26
2 27
2 30
2 31
2 64
2 70
2 71
2 82
2 83
2 88
2 89
2 91
2 93
2 113
2 114
3 3
3 5
3 6
3 7
3 9
3 20
3 21
3 22
3 23
3 25
3 27
3 30
3 31
3 33
3 34
3 35
3 51
3 53
3 64
3 71
3 83
3 92
3 93
3 97
3 110
3 114
4 4
4 5
4 6
4 7
4 8
4 9
4 10
4 11
4 12
4 13
4 14
4 23
4 26
4 93
5 5
5 6
5 7
5 8
5 9
5 12
5 20
5 22
5 23
5 26
5 27
5 30
5 34
5 35
5 42
5 64
5 91
5 92
5 93
5 109
5 110
5 113
6 6
6 7
6 8
6 9
6 12
6 18
6 19
6 30
6 31
6 33
6 64
6 70
6 83
6 90
6 91
6 93
6 101
6 114
7 7
7 8
7 9
7 11
7 15
7 19
7 30
7 31
7 33
7 61
7 65
7 71
7 75
7 77
7 102
7 114
8 8
8 9
8 10
8 11
8 12
8 13
8 14
8 93
9 9
9 15
9 23
9 31
9 33
9 35
9 48
9 49
9 50
9 51
9 53
9 64
9 65
9 71
9 92
9 102
9 113
10 10
10 11
10 12
10 13
10 14
10 16
10 28
10 29
10 36
10 41
10 56
10 58
10 60
10 61
10 62
10 63
10 72
10 79
10 80
10 81
10 84
11 11
11 12
11 13
11 14
11 16
11 17
11 28
11 29
11 36
11 37
11 41
11 56
11 57
11 60
11 61
11 62
11 63
11 72
11 73
11 74
11 75
11 76
11 79
11 80
11 81
12 12
12 13
12 14
12 28
12 58
12 60
12 61
13 13
13 14
13 15
13 16
13 28
13 29
13 36
13 37
13 41
13 56
13 60
13 61
13 62
13 63
13 72
13 73
13 74
13 75
13 76
13 78
13 79
13 80
13 81
13 84
13 85
14 14
14 15
14 16
14 26
14 28
14 36
14 60
14 79
14 86
14 88
14 89
15 15
15 21
15 25
15 28
15 31
15 50
15 75
15 78
15 83
15 84
15 85
15 88
16 16
16 17
16 28
16 29
16 36
16 37
16 41
16 56
16 57
16 60
16 61
16 62
16 63
16 72
16 73
16 74
16 75
16 76
16 77
16 78
16 79
16 80
16 81
16 84
16 85
16 86
16 108
17 17
17 28
17 29
17 32
17 36
17 37
17 41
17 56
17 57
17 60
17 61
17 62
17 63
17 68
17 72
17 73
17 74
17 75
17 76
17 77
17 78
17 79
17 80
17 81
17 85
17 86
17 87
18 18
18 30
18 70
18 84
18 90
18 91
18 93
18 101
19 19
19 33
19 58
19 60
19 68
19 69
19 90
19 91
19 100
19 102
19 103
19 104
19 105
19 107
20 20
20 21
20 22
20 23
20 24
20 25
20 26
20 27
20 30
20 35
20 42
20 50
20 53
20 64
20 67
20 85
20 88
20 89
20 96
21 21
21 22
21 23
21 24
21 25
21 26
21 27
21 31
21 38
21 50
21 53
21 64
21 78
21 83
21 85
21 86
21 88
21 89
21 96
22 22
22 23
22 24
22 25
22 26
22 27
22 30
22 34
22 35
22 42
22 43
22 48
22 49
22 50
22 51
22 53
22 64
22 70
22 71
22 82
22 83
22 84
22 86
22 87
22 88
22 89
22 93
22 96
22 110
22 113
23 23
23 24
23 25
23 26
23 27
23 30
23 31
23 35
23 42
23 48
23 50
23 51
23 53
23 64
23 82
23 83
23 88
23 89
23 92
23 93
23 96
23 97
23 107
23 110
23 113
23 114
24 24
24 25
24 26
24 27
24 30
24 35
24 38
24 39
24 42
24 46
24 50
24 51
24 53
24 55
24 64
24 82
24 85
24 86
24 88
24 89
24 96
24 108
25 25
25 26
25 27
25 30
25 31
25 34
25 35
25 38
25 42
25 46
25 50
25 51
25 53
25 64
25 65
25 71
25 85
25 86
25 88
25 89
25 95
25 96
25 108
25 110
26 26
26 27
26 30
26 38
26 42
26 50
26 51
26 53
26 64
26 82
26 86
26 87
26 88
26 89
26 93
26 107
27 27
27 30
27 31
27 34
27 35
27 38
27 42
27 43
27 51
27 53
27 64
27 82
27 83
27 86
27 87
27 88
27 89
27 93
27 110
27 114
28 28
28 29
28 31
28 36
28 37
28 41
28 56
28 60
28 62
28 63
28 70
28 72
28 73
28 74
28 75
28 76
28 77
28 78
28 79
28 80
28 81
28 84
28 85
28 86
28 108
29 29
29 31
29 32
29 33
29 36
29 37
29 41
29 56
29 57
29 60
29 61
29 62
29 63
29 72
29 73
29 74
29 75
29 76
29 77
29 78
29 79
29 80
29 81
30 30
30 31
30 33
30 34
30 35
30 64
30 70
30 71
30 77
30 83
30 84
30 87
30 88
31 31
31 33
31 64
31 70
31 71
31 72
31 75
31 76
31 77
31 83
31 114
32 32
32 33
32 57
32 63
32 66
32 68
32 69
32 72
32 80
32 81
32 108
33 33
33 34
33 35
33 64
33 69
33 77
33 83
33 90
33 102
33 114
33 115
34 34
34 35
34 64
34 65
34 88
34 91
34 93
34 102
34 103
34 104
34 105
34 110
34 115
35 35
35 42
35 64
35 65
35 67
35 90
35 92
35 93
35 96
35 102
35 103
35 104
35 105
35 106
35 109
35 110
35 112
35 113
35 115
36 36
36 37
36 38
36 41
36 55
36 56
36 62
36 70
36 71
36 72
36 73
36 74
36 76
36 77
36 78
36 79
36 80
36 81
36 84
36 85
36 89
37 37
37 38
37 41
37 54
37 55
37 56
37 57
37 62
37 63
37 72
37 73
37 74
37 75
37 76
37 77
37 79
37 80
37 81
37 85
37 86
37 87
38 38
38 39
38 40
38 53
38 55
38 56
38 85
38 86
38 87
38 88
39 39
39 40
39 42
39 46
39 47
39 52
39 54
39 55
39 82
39 92
39 93
39 94
39 95
39 96
39 98
39 100
39 105
39 106
39 109
39 110
40 40
40 51
40 53
40 55
40 68
40 82
40 94
40 95
40 96
40 101
40 106
41 41
41 56
41 57
41 62
41 63
41 70
41 71
41 72
41 73
41 74
41 75
41 76
41 77
41 79
41 80
41 81
41 84
41 85
42 42
42 43
42 44
42 45
42 46
42 47
42 48
42 49
42 50
42 51
42 53
42 55
42 67
42 82
42 94
42 96
42 98
42 106
42 109
42 110
42 111
42 112
42 113
42 115
43 43
43 44
43 45
43 46
43 47
43 48
43 49
43 51
43 52
43 53
43 54
43 55
43 82
43 94
43 96
43 98
43 99
43 106
43 110
43 111
43 112
43 113
44 44
44 45
44 46
44 47
44 48
44 49
44 55
44 59
44 66
44 67
44 96
44 98
44 106
44 109
44 110
44 111
44 112
44 113
45 45
45 46
45 47
45 48
45 49
45 51
45 55
45 59
45 66
45 67
45 96
45 98
45 106
45 110
45 111
45 112
45 113
46 46
46 47
46 48
46 49
46 50
46 51
46 52
46 53
46 54
46 55
46 66
46 82
46 94
46 96
46 98
46 106
46 110
46 111
46 112
46 113
47 47
47 48
47 49
47 51
47 52
47 53
47 54
47 55
47 59
47 67
47 82
47 94
47 95
47 96
47 98
47 99
47 104
47 106
47 109
47 110
47 111
47 112
47 113
47 115
48 48
48 49
48 50
48 51
48 52
48 53
48 54
48 55
48 59
48 82
48 94
48 96
48 98
48 106
48 110
48 112
48 113
49 49
49 50
49 51
49 52
49 53
49 54
49 55
49 59
49 66
49 82
49 94
49 96
49 98
49 106
49 110
49 112
49 113
50 50
50 51
50 52
50 53
50 54
50 55
50 64
50 82
50 88
50 89
50 94
50 96
50 110
50 113
51 51
51 52
51 53
51 54
51 55
51 88
51 89
51 94
51 96
51 112
51 113
52 52
52 53
52 54
52 55
52 59
52 82
52 89
52 94
52 96
52 98
52 113
53 53
53 54
53 55
53 82
53 87
53 88
53 89
53 94
53 96
53 106
53 112
53 113
54 54
54 55
54 82
54 84
54 86
54 96
54 98
54 113
55 55
55 59
55 74
55 96
56 56
56 57
56 61
56 62
56 63
56 68
56 72
56 73
56 74
56 76
56 78
56 79
56 80
56 81
56 85
57 57
57 59
57 61
57 62
57 63
57 68
57 72
57 73
57 76
57 79
57 80
57 81
57 98
58 58
58 59
58 60
58 61
58 66
58 67
58 69
58 90
58 91
58 100
58 101
58 102
58 103
58 104
58 105
58 107
59 59
59 61
59 66
59 67
59 68
59 69
59 90
59 98
59 100
59 101
59 102
59 103
59 104
59 105
59 106
59 109
60 60
60 61
60 62
60 63
60 79
60 80
60 81
60 101
61 61
61 62
61 63
61 65
61 80
61 81
62 62
62 63
62 72
62 73
62 74
62 75
62 76
62 77
62 78
62 79
62 80
62 81
62 85
63 63
63 72
63 73
63 74
63 75
63 76
63 77
63 78
63 79
63 80
63 81
64 64
64 65
64 83
64 84
64 88
64 89
64 93
64 110
64 114
64 115
65 65
65 88
65 102
65 114
66 66
66 67
66 69
66 98
66 100
66 102
66 112
67 67
67 69
67 90
67 91
67 92
67 98
67 100
67 101
67 102
67 103
67 104
67 105
67 106
67 109
67 110
67 111
67 115
68 68
68 69
68 94
68 98
69 69
69 90
69 91
69 92
69 97
69 100
69 102
69 103
69 104
69 105
69 106
69 107
69 109
69 115
70 70
70 71
70 72
70 73
70 74
70 75
70 76
70 77
70 84
70 87
70 89
71 71
71 73
71 74
71 75
71 76
71 77
71 83
71 87
72 72
72 73
72 74
72 75
72 76
72 77
72 78
72 79
72 80
72 81
72 84
72 85
73 73
73 74
73 75
73 76
73 77
73 79
73 80
73 81
73 85
73 87
74 74
74 75
74 76
74 77
74 79
74 80
74 81
74 85
74 87
75 75
75 76
75 77
75 79
76 76
76 77
76 79
76 80
76 81
76 87
77 77
77 79
77 83
78 78
78 79
78 80
78 81
78 83
78 84
78 85
78 108
79 79
79 80
79 81
79 85
79 86
79 87
79 108
80 80
80 81
80 84
80 85
80 86
80 108
81 81
81 84
81 85
82 82
82 86
82 88
82 93
82 94
82 96
82 98
82 103
82 104
82 105
82 109
82 110
82 113
83 83
83 85
84 84
84 85
84 86
84 87
84 88
84 89
85 85
85 86
85 89
86 86
86 87
86 88
86 108
87 87
87 88
87 112
88 88
88 89
88 95
89 89
90 90
90 91
90 92
90 93
90 94
90 96
90 100
90 101
90 102
90 103
90 104
90 105
90 106
90 107
90 109
90 110
90 111
90 115
91 91
91 92
91 93
91 94
91 100
91 101
91 102
91 103
91 104
91 105
91 107
91 109
91 110
92 92
92 93
92 94
92 96
92 100
92 101
92 102
92 103
92 104
92 105
92 106
92 107
92 109
92 110
92 111
93 93
93 94
93 101
93 103
93 104
93 105
93 106
93 107
93 109
93 115
94 94
94 95
94 96
94 97
94 98
94 100
94 106
94 109
94 110
94 113
95 95
95 96
95 99
95 110
96 96
96 97
96 98
96 99
96 104
96 106
96 109
96 110
96 112
96 113
96 115
97 97
97 102
97 103
97 104
97 105
97 106
97 107
97 108
97 109
97 110
97 114
97 115
98 98
98 99
98 100
98 103
98 104
98 106
98 110
98 112
98 115
99 99
99 110
99 111
100 100
100 101
100 103
100 104
100 109
100 111
101 101
101 102
101 103
101 104
101 105
102 102
102 103
102 104
102 105
102 106
102 109
102 110
102 111
102 113
102 114
102 115
103 103
103 104
103 105
103 106
103 107
103 109
103 110
103 115
104 104
104 105
104 106
104 107
104 109
104 110
104 111
104 115
105 105
105 106
105 107
105 109
105 110
105 115
106 106
106 109
106 110
106 111
106 112
106 113
106 115
107 107
107 109
108 108
108 114
109 109
109 110
109 111
109 112
109 115
110 110
110 111
110 112
110 113
110 114
110 115
111 111
111 112
111 113
112 112
112 113
112 115
113 113
114 114
115 115
