0 0
0 2
0 6
0 10
0 18
0 19
0 22
0 55
0 56
0 58
0 83
0 88
0 89
0 92
0 93
0 99
0 100
0 101
0 103
0 105
0 106
0 107
0 113
1 1
1 7
1 12
1 13
1 16
1 18
1 19
1 29
1 32
1 33
1 36
1 41
1 49
1 57
1 59
1 60
1 61
1 62
1 63
1 68
1 69
1 72
1 73
1 80
2 2
2 3
2 4
2 5
2 6
2 10
2 18
2 22
2 23
2 24
2 25
2 26
2 27
2 35
2 50
2 67
2 88
2 103
3 3
3 4
3 5
3 6
3 7
3 14
3 18
3 21
3 22
3 23
3 25
3 26
3 27
3 30
3 31
3 50
3 52
3 88
4 4
4 5
4 6
4 7
4 9
4 14
4 15
4 20
4 22
4 23
4 24
4 26
4 27
4 30
4 50
4 67
4 88
4 105
5 5
5 6
5 7
5 9
5 23
5 25
5 26
5 27
5 35
5 45
5 50
5 52
5 65
5 66
5 67
5 88
6 6
6 7
6 9
6 13
6 23
6 30
6 88
6 92
6 100
6 105
6 106
7 7
7 11
7 12
7 13
7 29
7 30
7 31
7 48
7 49
7 52
7 61
7 65
8 8
8 11
8 13
8 14
8 15
8 17
8 28
8 29
8 50
8 70
8 72
8 73
8 78
8 80
8 84
8 87
9 9
9 13
9 15
9 50
9 100
9 105
10 10
10 12
10 13
10 16
10 54
11 11
11 13
11 14
11 17
11 28
11 29
11 61
11 63
11 64
11 65
11 71
11 77
11 78
11 80
11 84
12 12
12 13
12 16
12 28
12 32
12 33
12 44
12 48
12 49
12 60
12 61
12 62
12 63
12 64
12 66
12 72
12 78
12 80
13 13
13 15
13 16
13 17
13 28
13 29
13 48
13 49
13 51
13 60
13 61
13 62
13 63
13 65
13 70
13 71
13 72
13 73
13 78
13 80
14 14
14 15
14 21
14 22
14 26
14 28
14 29
14 50
14 52
14 82
14 83
14 84
14 88
15 15
15 20
15 26
15 29
15 52
15 83
15 88
16 16
16 17
16 19
16 28
16 29
16 32
16 33
16 44
16 48
16 49
16 56
16 57
16 61
16 62
16 63
16 68
16 70
16 71
16 72
16 73
16 74
16 75
16 76
16 77
16 78
16 79
16 80
16 81
17 17
17 20
17 21
17 28
17 29
17 30
17 31
17 44
17 49
17 51
17 61
17 62
17 63
17 70
17 71
17 72
17 73
17 74
17 75
17 77
17 78
17 79
17 80
17 81
17 82
17 84
17 87
18 18
18 19
18 22
18 56
18 57
18 58
18 68
18 73
18 75
18 83
18 89
18 95
18 100
18 101
18 103
18 106
18 107
18 108
18 109
18 113
19 19
19 32
19 33
19 56
19 57
19 59
19 60
19 62
19 68
19 69
19 72
19 74
19 76
19 80
19 81
19 108
20 20
20 21
20 26
20 29
20 30
20 37
20 42
20 44
20 45
20 50
20 70
20 104
21 21
21 23
21 24
21 25
21 26
21 27
21 28
21 29
21 30
21 31
21 70
21 71
21 72
21 73
21 75
21 77
21 78
21 79
21 80
21 81
21 84
22 22
22 23
22 24
22 25
22 26
22 27
22 34
22 38
22 40
22 50
22 54
22 55
22 84
22 86
22 88
22 89
22 97
22 101
22 103
22 108
23 23
23 24
23 25
23 26
23 27
23 31
23 34
23 35
23 50
23 64
23 67
23 84
23 88
24 24
24 25
24 26
24 27
24 30
24 31
24 34
24 35
24 43
24 45
24 50
24 67
24 84
25 25
25 26
25 27
25 30
25 31
25 34
25 35
25 43
25 45
25 50
25 67
25 71
25 75
25 76
25 77
25 84
26 26
26 27
26 30
26 50
26 52
26 67
26 69
26 88
26 106
27 27
27 34
27 38
27 46
27 50
27 52
27 54
27 67
27 68
27 69
27 86
27 88
27 96
27 108
28 28
28 29
28 31
28 33
28 49
28 57
28 61
28 62
28 63
28 68
28 70
28 71
28 72
28 73
28 74
28 75
28 76
28 77
28 78
28 79
28 80
28 81
28 84
29 29
29 30
29 31
29 36
29 41
29 44
29 49
29 51
29 52
29 61
29 62
29 63
29 70
29 71
29 72
29 73
29 74
29 75
29 76
29 77
29 78
29 79
29 80
29 81
29 82
29 84
30 30
30 31
30 70
30 73
31 31
31 33
31 70
31 71
31 72
31 73
31 75
31 77
31 78
31 80
31 84
32 32
32 33
32 36
32 41
32 44
32 56
32 57
32 59
32 60
32 61
32 62
32 63
32 66
32 68
32 69
32 72
32 73
32 74
32 76
32 77
32 79
32 80
32 81
32 94
32 110
33 33
33 57
33 59
33 60
33 61
33 62
33 63
33 64
33 66
33 67
33 68
33 69
33 72
33 73
33 74
33 76
33 77
33 78
33 80
33 81
34 34
34 35
34 45
34 50
34 64
34 65
34 67
34 71
34 77
34 84
34 85
34 99
34 101
34 102
34 103
35 35
35 45
35 50
35 64
35 65
35 66
35 67
35 77
36 36
36 37
36 38
36 39
36 40
36 41
36 43
36 44
36 46
36 52
36 54
36 62
36 72
36 73
36 74
36 75
36 76
36 77
36 81
36 82
36 84
36 96
36 110
37 37
37 38
37 39
37 40
37 41
37 47
37 52
37 53
37 54
37 55
37 82
37 83
37 85
37 86
37 88
37 89
37 96
37 97
37 98
37 99
37 111
37 112
38 38
38 39
38 40
38 41
38 46
38 47
38 52
38 53
38 54
38 55
38 74
38 82
38 85
38 86
38 88
38 89
38 96
38 98
38 110
38 111
38 112
38 115
39 39
39 40
39 41
39 47
39 53
39 54
39 55
39 86
39 89
39 91
39 94
39 96
39 97
39 98
39 99
39 110
39 111
39 112
39 114
40 40
40 41
40 43
40 47
40 54
40 74
40 82
40 85
40 94
40 96
40 98
40 106
40 109
40 110
40 111
40 115
41 41
41 73
41 74
41 75
41 76
41 81
41 82
41 84
41 85
41 87
41 94
41 95
41 96
41 108
41 110
41 111
42 42
42 43
42 44
42 45
42 46
42 47
42 48
42 49
42 50
42 51
42 65
42 66
42 67
42 110
43 43
43 44
43 45
43 46
43 47
43 48
43 49
43 50
43 51
43 65
43 66
43 67
43 74
43 76
43 96
43 109
43 110
43 111
44 44
44 45
44 46
44 47
44 48
44 49
44 50
44 51
44 62
44 63
44 65
44 66
44 67
44 71
44 72
44 76
44 78
44 80
45 45
45 46
45 47
45 48
45 49
45 50
45 51
45 65
45 66
45 67
45 71
45 77
46 46
46 47
46 48
46 49
46 50
46 51
46 52
46 54
46 65
46 66
46 67
46 96
46 110
47 47
47 48
47 49
47 51
47 53
47 54
47 55
47 67
47 85
47 94
47 96
47 97
47 98
47 99
47 104
47 105
47 110
47 111
47 112
48 48
48 49
48 50
48 51
48 65
48 66
48 67
48 78
49 49
49 50
49 51
49 63
49 65
49 66
49 70
49 71
49 72
49 73
49 77
49 78
49 80
50 50
50 51
50 65
50 67
51 51
51 52
51 53
51 65
52 52
52 53
52 54
52 82
52 84
52 86
52 88
52 92
53 53
53 54
53 55
53 85
53 86
53 88
53 89
53 90
53 91
53 92
53 93
53 95
53 96
53 97
53 98
53 99
53 100
53 101
53 102
53 103
53 107
53 108
53 111
53 112
53 113
53 114
53 115
54 54
54 55
54 85
54 86
54 88
54 89
54 91
54 92
54 93
54 96
54 97
54 98
54 99
54 102
54 104
54 111
54 112
54 114
55 55
55 83
55 85
55 86
55 87
55 88
55 89
55 90
55 91
55 92
55 93
55 95
55 96
55 97
55 98
55 99
55 100
55 101
55 102
55 103
55 104
55 105
55 107
55 111
55 112
55 113
55 114
55 115
56 56
56 57
56 58
56 60
56 83
56 100
56 103
57 57
57 59
57 60
57 61
57 62
57 63
57 66
57 68
57 69
57 72
57 73
57 74
57 76
57 77
57 78
57 79
57 80
57 81
57 94
58 58
58 59
58 60
58 61
58 65
58 88
58 100
58 101
58 103
58 106
58 107
59 59
59 60
59 61
59 62
59 66
59 68
59 69
59 77
59 94
59 106
59 110
60 60
60 61
60 62
60 63
60 64
60 66
61 61
61 62
61 63
61 64
61 65
61 71
61 72
61 73
61 76
61 77
61 80
61 81
62 62
62 63
62 64
62 66
62 68
62 69
62 70
62 71
62 72
62 73
62 74
62 76
62 77
62 78
62 80
62 81
63 63
63 65
63 70
63 71
63 72
63 73
63 74
63 75
63 76
63 77
63 78
63 79
63 80
63 81
64 64
64 65
64 67
64 76
64 77
64 84
65 65
65 67
65 71
66 66
66 67
66 68
66 69
66 110
67 67
67 104
67 110
68 68
68 69
68 72
68 73
68 74
68 76
68 77
68 78
68 79
68 80
68 81
68 94
68 108
68 109
69 69
69 77
69 80
69 94
69 110
70 70
70 71
70 72
70 73
70 75
70 76
70 77
70 78
70 79
70 80
70 81
71 71
71 72
71 73
71 74
71 75
71 76
71 77
71 78
71 79
71 80
71 81
72 72
72 73
72 74
72 75
72 76
72 77
72 78
72 79
72 80
72 81
73 73
73 74
73 75
73 76
73 77
73 78
73 79
73 80
73 81
73 82
73 84
73 87
73 109
74 74
74 75
74 76
74 77
74 78
74 79
74 80
74 81
74 84
74 87
74 96
74 108
74 109
74 112
75 75
75 76
75 77
75 78
75 79
75 80
75 81
75 82
75 83
75 84
75 87
75 108
75 109
76 76
76 77
76 78
76 79
76 80
76 81
76 84
76 87
76 96
76 109
77 77
77 78
77 79
77 80
77 81
77 84
77 109
78 78
78 79
78 80
78 81
79 79
79 80
79 81
80 80
80 81
81 81
81 82
81 83
81 84
81 85
81 109
82 82
82 83
82 84
82 85
82 86
82 87
82 88
82 90
82 92
83 83
83 85
83 86
83 87
83 88
83 89
83 92
83 95
83 97
83 105
83 106
83 107
83 115
84 84
84 85
84 87
84 108
85 85
85 86
85 87
85 88
85 89
85 90
85 92
85 95
85 96
85 97
85 98
85 99
85 107
85 108
85 109
85 110
85 111
85 112
85 114
85 115
86 86
86 87
86 88
86 89
86 92
86 97
87 87
87 89
87 92
87 95
87 107
88 88
88 89
88 90
88 92
88 97
88 99
88 106
88 115
89 89
89 90
89 91
89 92
89 93
89 95
89 97
89 98
89 99
89 100
89 101
89 102
89 103
89 105
89 106
89 107
89 108
89 111
89 113
89 114
89 115
90 90
90 91
90 92
90 93
90 97
90 98
90 99
90 100
90 101
90 102
90 107
90 114
91 91
91 92
91 93
91 97
91 98
91 99
91 100
91 101
91 102
91 103
91 104
91 105
91 107
91 111
91 112
91 113
91 114
91 115
92 92
92 93
92 95
92 97
92 100
92 105
92 106
92 107
93 93
93 97
93 98
93 99
93 100
93 101
93 102
93 103
93 104
93 105
93 107
93 111
93 112
93 113
93 114
93 115
94 94
94 95
94 96
94 97
94 105
94 106
94 107
94 108
94 109
94 110
94 111
94 115
95 95
95 96
95 97
95 100
95 101
95 103
95 106
95 107
95 108
95 109
95 113
95 114
95 115
96 96
96 97
96 98
96 99
96 103
96 108
96 109
96 110
96 111
96 112
96 113
96 114
96 115
97 97
97 98
97 99
97 100
97 101
97 102
97 103
97 104
97 105
97 106
97 107
97 108
97 109
97 110
97 111
97 113
97 114
97 115
98 98
98 99
98 101
98 102
98 104
98 105
98 107
98 109
98 110
98 111
98 112
98 113
98 114
98 115
99 99
99 100
99 101
99 102
99 103
99 104
99 105
99 107
99 111
99 112
99 113
99 114
99 115
100 100
100 101
100 102
100 103
100 105
100 107
100 108
100 113
100 114
101 101
101 102
101 103
101 104
101 105
101 107
101 108
101 111
101 113
101 114
102 102
102 103
102 104
102 105
102 107
102 111
102 112
102 113
102 114
102 115
103 103
103 104
103 105
103 107
103 108
103 111
103 113
103 114
103 115
104 104
104 105
104 112
104 113
104 114
105 105
105 106
105 107
105 110
105 111
105 113
105 114
105 115
106 106
106 107
106 108
106 109
106 115
107 107
107 108
107 111
107 113
107 114
107 115
108 108
108 109
108 110
108 111
108 113
108 115
109 109
109 111
109 113
109 115
110 110
110 111
110 112
110 115
111 111
111 112
111 113
111 114
111 115
112 112
112 113
112 114
113 113
113 114
113 115
114 114
114 115
115 115
