0 0
0 1
0 10
0 11
0 12
0 13
0 14
0 16
0 18
0 48
0 52
0 56
0 57
0 58
0 60
0 61
0 62
0 68
0 69
0 101
1 1
1 11
1 13
1 15
1 16
1 17
1 18
1 19
1 28
1 29
1 52
1 56
1 57
1 58
1 59
1 61
1 62
1 63
1 68
1 69
1 72
1 79
1 80
1 81
1 83
1 100
1 101
1 102
1 103
1 104
1 105
1 106
1 111
1 114
2 2
2 4
2 5
2 6
2 8
2 12
2 14
2 22
2 24
2 26
2 27
2 30
2 35
2 38
2 43
2 44
2 47
2 50
2 51
2 54
2 64
2 67
2 86
2 88
2 91
2 92
2 93
2 96
2 98
2 101
2 107
2 110
3 3
3 4
3 5
3 7
3 8
3 9
3 22
3 23
3 25
3 50
3 53
3 64
3 65
3 67
3 84
3 88
3 92
4 4
4 5
4 6
4 8
4 22
4 23
4 24
4 25
4 26
4 27
4 30
4 34
4 35
4 44
4 47
4 49
4 50
4 64
4 66
4 67
4 86
4 88
4 91
4 92
4 93
4 96
4 97
4 98
4 107
4 113
5 5
5 6
5 7
5 9
5 22
5 23
5 24
5 25
5 26
5 27
5 64
5 65
5 67
5 84
5 85
5 87
5 88
5 89
5 92
6 6
6 7
6 8
6 12
6 14
6 22
6 24
6 25
6 26
6 30
6 31
6 33
6 34
6 35
6 43
6 44
6 45
6 50
6 64
6 67
6 84
6 86
6 88
6 91
6 92
6 93
7 7
7 8
7 9
7 12
7 23
7 25
7 50
7 64
7 65
7 88
7 92
8 8
8 9
8 12
8 14
8 22
8 23
8 24
8 26
8 30
8 34
8 35
8 44
8 45
8 50
8 64
8 65
8 67
8 70
8 88
8 91
8 92
8 93
8 113
9 9
9 15
9 23
9 24
9 25
9 53
9 64
9 65
9 88
9 90
9 92
10 10
10 11
10 12
10 13
10 14
10 41
10 42
10 43
10 47
10 48
10 50
10 51
10 52
10 60
10 65
10 101
11 11
11 12
11 13
11 15
11 17
11 19
11 28
11 29
11 41
11 42
11 43
11 48
11 60
11 61
11 63
11 78
11 79
11 83
12 12
12 13
12 14
12 22
12 42
12 43
12 50
12 51
12 60
12 64
12 65
12 76
12 86
12 88
13 13
13 14
13 15
13 28
13 41
13 51
13 52
13 57
13 60
13 61
13 69
13 82
13 83
13 85
13 90
13 101
13 112
14 14
14 15
14 43
14 47
14 50
14 51
14 54
14 60
14 82
14 86
14 91
14 92
14 93
14 101
14 110
15 15
15 28
15 29
15 36
15 41
15 55
15 61
15 62
15 63
15 72
15 75
15 78
15 80
15 82
15 83
15 95
16 16
16 17
16 18
16 28
16 29
16 32
16 41
16 56
16 57
16 58
16 59
16 61
16 62
16 63
16 68
16 71
16 72
16 73
16 76
16 78
16 79
16 80
16 81
16 82
16 83
17 17
17 18
17 19
17 28
17 29
17 32
17 36
17 37
17 41
17 56
17 57
17 58
17 59
17 61
17 62
17 63
17 68
17 71
17 72
17 73
17 76
17 78
17 79
17 80
17 81
17 82
17 83
17 105
17 114
18 18
18 19
18 28
18 29
18 57
18 58
18 59
18 62
18 63
18 66
18 69
18 72
18 82
18 83
18 99
18 101
18 102
18 103
18 104
18 105
18 106
18 114
19 19
19 32
19 33
19 53
19 59
19 68
19 69
19 78
19 79
19 83
19 104
19 105
19 106
19 114
20 20
20 21
20 26
20 27
20 36
20 38
20 39
20 47
20 55
20 70
20 84
20 85
20 87
20 96
20 110
21 21
21 31
21 38
21 44
21 56
21 70
21 72
21 73
21 74
21 75
21 77
21 87
21 89
21 96
21 99
22 22
22 23
22 24
22 25
22 26
22 27
22 30
22 31
22 33
22 34
22 35
22 40
22 44
22 50
22 64
22 67
22 84
22 86
22 87
22 88
22 91
22 93
23 23
23 24
23 25
23 26
23 27
23 31
23 33
23 40
23 51
23 64
23 67
23 84
23 85
23 87
23 88
23 92
24 24
24 25
24 26
24 27
24 30
24 31
24 33
24 34
24 35
24 42
24 44
24 45
24 64
24 66
24 67
24 84
24 91
24 92
24 93
25 25
25 26
25 27
25 30
25 31
25 33
25 34
25 39
25 40
25 44
25 45
25 64
25 66
25 78
25 84
25 88
25 92
26 26
26 27
26 30
26 33
26 34
26 35
26 38
26 44
26 49
26 50
26 64
26 67
26 84
26 87
26 88
26 89
26 91
26 92
26 93
26 96
26 108
27 27
27 37
27 38
27 39
27 43
27 46
27 47
27 50
27 51
27 55
27 64
27 67
27 84
27 85
27 87
27 88
28 28
28 29
28 31
28 41
28 57
28 62
28 63
28 72
28 75
28 76
28 78
28 79
28 80
28 81
28 82
28 83
28 99
29 29
29 31
29 33
29 36
29 37
29 40
29 41
29 56
29 57
29 61
29 62
29 63
29 71
29 72
29 73
29 74
29 75
29 76
29 77
29 78
29 79
29 80
29 81
29 82
29 83
29 95
30 30
30 31
30 33
30 34
30 35
30 40
30 44
30 64
30 66
30 70
30 76
30 79
30 82
30 84
30 88
31 31
31 33
31 34
31 35
31 40
31 66
31 71
31 72
31 75
31 76
31 77
31 79
31 82
31 83
31 84
32 32
32 33
32 34
32 56
32 57
32 58
32 66
32 71
32 72
32 78
32 79
32 80
32 98
33 33
33 34
33 35
33 40
33 44
33 66
33 67
33 70
33 72
33 76
33 78
33 79
33 84
34 34
34 35
34 42
34 44
34 45
34 50
34 64
34 66
34 67
34 71
34 84
34 88
35 35
35 42
35 43
35 44
35 45
35 50
35 66
35 67
35 91
35 93
35 105
35 107
35 110
36 36
36 37
36 38
36 39
36 40
36 41
36 54
36 55
36 72
36 73
36 74
36 76
36 80
36 81
36 87
36 94
36 95
36 96
36 97
37 37
37 38
37 39
37 40
37 41
37 46
37 54
37 55
37 61
37 63
37 73
37 74
37 76
37 77
37 79
37 80
37 81
37 83
37 85
37 87
37 96
37 109
38 38
38 39
38 40
38 46
38 54
38 55
38 77
38 87
38 89
38 94
38 96
38 97
38 109
38 110
39 39
39 40
39 46
39 47
39 54
39 55
39 81
39 84
39 85
39 87
39 89
39 94
39 95
39 96
39 97
39 109
40 40
40 41
40 46
40 55
40 71
40 73
40 74
40 76
40 78
40 79
40 81
40 84
40 85
40 87
41 41
41 46
41 54
41 55
41 57
41 61
41 62
41 63
41 70
41 71
41 72
41 73
41 74
41 75
41 76
41 77
41 78
41 79
41 80
41 81
41 82
41 83
42 42
42 43
42 44
42 45
42 46
42 47
42 48
42 50
42 51
42 67
42 91
42 110
43 43
43 44
43 45
43 46
43 47
43 48
43 49
43 50
43 51
43 60
43 65
43 67
43 91
43 110
44 44
44 45
44 48
44 50
44 64
44 66
44 67
44 84
44 88
44 110
45 45
45 46
45 47
45 49
45 50
45 51
45 64
45 65
45 67
45 84
46 46
46 47
46 48
46 49
46 51
46 55
46 78
46 81
46 85
46 100
46 115
47 47
47 48
47 49
47 50
47 51
47 55
47 90
47 91
47 92
47 93
47 94
47 96
47 97
47 99
47 100
47 101
47 108
47 109
47 110
47 111
47 115
48 48
48 49
48 50
48 51
48 52
48 53
48 60
48 67
48 104
48 106
48 115
49 49
49 51
49 53
49 55
49 85
49 90
49 91
49 98
49 100
49 103
49 104
49 105
49 110
49 115
50 50
50 51
50 60
50 64
50 65
50 67
50 88
50 91
50 96
50 110
51 51
51 52
51 53
51 55
51 65
51 85
51 87
51 90
51 91
51 94
52 52
52 53
52 54
52 55
52 58
52 59
52 60
52 61
52 68
52 86
52 89
52 94
52 97
52 101
52 102
52 103
53 53
53 55
53 85
53 90
53 94
53 115
54 54
54 55
54 59
54 77
54 87
54 96
54 97
54 101
54 102
54 109
54 110
55 55
55 83
55 85
55 87
55 89
55 96
55 97
55 110
56 56
56 57
56 62
56 66
56 68
56 69
56 71
56 72
56 79
56 80
56 81
56 83
57 57
57 58
57 59
57 61
57 62
57 63
57 68
57 69
57 71
57 72
57 78
57 79
57 80
57 81
57 82
57 83
57 98
57 106
58 58
58 59
58 60
58 61
58 62
58 63
58 66
58 71
58 72
58 102
58 103
58 104
58 105
58 106
58 107
59 59
59 61
59 62
59 63
59 68
59 72
59 81
59 83
59 94
59 101
59 102
59 103
59 104
59 105
59 106
59 107
59 108
59 113
59 114
60 60
60 61
60 62
60 63
60 65
61 61
61 62
61 63
61 65
61 71
61 72
61 74
61 75
61 83
61 100
61 102
61 103
61 104
61 105
61 106
61 114
62 62
62 63
62 72
62 80
62 81
62 83
63 63
63 71
63 72
63 75
63 76
63 78
63 79
63 80
63 81
63 83
63 105
63 106
63 114
64 64
64 65
64 67
64 84
64 88
64 92
65 65
65 67
65 88
65 92
65 94
65 113
66 66
66 67
66 71
66 103
66 105
67 67
67 91
67 92
67 103
67 104
67 105
67 106
67 107
67 108
68 68
68 69
68 73
68 74
68 76
68 85
68 87
68 104
69 69
69 82
69 104
69 106
70 70
70 71
70 72
70 73
70 74
70 75
70 76
70 77
71 71
71 72
71 73
71 74
71 75
71 76
71 77
71 79
71 104
72 72
72 73
72 74
72 75
72 76
72 77
72 78
72 79
72 80
72 81
72 82
72 83
72 109
73 73
73 74
73 75
73 76
73 77
73 98
74 74
74 75
74 76
74 77
75 75
75 76
75 77
75 102
75 109
76 76
76 77
76 79
77 77
77 86
77 96
77 99
77 102
77 108
77 109
77 110
77 112
78 78
78 79
78 80
78 81
78 82
78 83
78 84
78 85
79 79
79 80
79 81
79 82
79 83
79 84
80 80
80 81
80 82
80 83
80 84
80 85
81 81
81 82
81 83
81 84
81 85
82 82
82 83
82 86
82 99
83 83
83 114
84 84
84 85
84 87
84 88
85 85
85 87
85 89
86 86
86 88
86 90
86 91
86 96
86 102
86 108
86 109
86 112
87 87
87 88
87 89
87 96
87 97
88 88
88 89
89 89
89 90
89 94
89 95
89 96
89 97
89 108
89 113
90 90
90 91
90 92
90 93
90 94
90 95
90 97
90 98
90 99
90 100
90 101
90 102
90 103
90 104
90 105
90 106
90 107
90 108
90 109
90 110
90 111
90 112
90 113
90 114
90 115
91 91
91 92
91 93
91 94
91 96
91 97
91 98
91 99
91 101
91 102
91 103
91 106
91 107
91 108
91 109
91 110
91 111
91 112
91 113
92 92
92 93
92 94
92 95
92 97
92 100
92 107
92 109
92 112
92 113
92 115
93 93
93 94
93 97
93 99
93 101
93 102
93 107
93 109
93 110
93 113
94 94
94 95
94 96
94 97
94 99
94 100
94 101
94 102
94 103
94 106
94 107
94 108
94 109
94 110
94 112
94 113
94 114
95 95
95 96
95 97
95 99
95 100
95 102
95 107
95 108
95 109
95 113
96 96
96 97
96 98
96 99
96 101
96 102
96 107
96 108
96 109
96 110
96 113
97 97
97 99
97 100
97 101
97 102
97 103
97 106
97 107
97 108
97 109
97 110
97 111
97 112
97 113
97 114
97 115
98 98
98 99
98 100
98 101
98 102
98 110
98 111
98 112
99 99
99 100
99 101
99 102
99 103
99 107
99 108
99 109
99 110
99 111
99 112
99 113
100 100
100 101
100 102
100 103
100 107
100 108
100 109
100 110
100 112
100 113
100 114
101 101
101 102
101 103
101 104
101 105
101 107
101 108
101 109
101 110
101 112
101 113
101 114
102 102
102 103
102 104
102 106
102 107
102 108
102 109
102 110
102 111
102 112
102 113
102 114
103 103
103 104
103 105
103 106
103 107
103 108
103 109
103 110
103 111
103 112
103 113
103 114
103 115
104 104
104 105
104 106
104 107
104 111
104 113
104 114
104 115
105 105
105 106
105 107
105 111
105 112
105 114
105 115
106 106
106 107
106 111
106 113
106 114
106 115
107 107
107 108
107 109
107 110
107 111
107 112
107 113
107 114
108 108
108 109
108 110
108 112
108 113
108 114
109 109
109 110
109 111
109 112
109 113
109 114
110 110
110 111
110 112
110 113
110 114
111 111
111 112
111 113
111 114
111 115
112 112
112 113
112 114
113 113
113 114
113 115
114 114
114 115
115 115
