0 0
0 1
0 4
0 6
0 7
0 8
0 18
0 32
0 50
0 52
0 53
0 58
0 59
0 60
0 61
0 62
0 63
0 64
0 66
0 88
0 90
0 91
0 98
0 99
0 100
0 102
1 1
1 7
1 11
1 13
1 19
1 32
1 52
1 58
1 59
1 60
1 61
1 62
1 63
1 68
1 69
1 90
1 92
1 100
1 102
1 104
1 114
2 2
2 4
2 6
2 8
2 9
2 10
2 12
2 13
2 14
2 22
2 30
2 39
2 48
2 51
2 53
2 55
2 64
2 91
2 97
2 109
3 3
3 5
3 7
3 11
3 21
3 22
3 23
3 24
3 25
3 26
3 27
3 31
3 42
3 43
3 65
3 67
3 84
3 85
3 87
3 88
3 104
3 110
3 113
4 4
4 6
4 8
4 9
4 10
4 12
4 13
4 14
4 18
4 28
4 32
4 33
4 58
4 82
4 83
4 90
4 91
4 93
4 100
5 5
5 21
5 22
5 23
5 24
5 25
5 26
5 27
5 36
5 37
5 38
5 39
5 40
5 41
5 42
5 54
5 56
5 57
5 68
5 69
5 79
5 85
5 87
5 89
5 92
5 110
5 111
5 114
6 6
6 7
6 8
6 9
6 18
6 32
6 33
6 44
6 59
6 61
6 64
6 66
6 72
6 102
6 108
6 112
7 7
7 8
7 9
7 11
7 18
7 19
7 30
7 33
7 45
7 59
7 61
7 64
7 65
7 66
7 67
7 72
7 84
7 88
7 102
7 104
8 8
8 9
8 10
8 12
8 13
8 14
8 16
8 18
8 28
8 29
8 33
8 58
8 60
8 61
8 63
8 64
8 72
8 88
8 100
9 9
9 10
9 11
9 12
9 13
9 15
9 29
9 33
9 35
9 58
9 59
9 61
9 64
9 65
9 72
9 88
9 90
10 10
10 11
10 12
10 13
10 14
10 17
10 19
10 22
10 28
10 48
10 90
10 91
10 92
10 93
11 11
11 12
11 13
11 19
11 59
11 61
11 65
11 83
11 85
11 92
11 93
11 102
11 104
11 114
12 12
12 13
12 15
12 16
12 17
12 20
12 29
12 32
12 35
12 39
12 48
12 52
12 57
12 58
12 60
12 61
12 62
12 72
12 74
12 83
12 89
12 90
12 92
12 93
12 94
13 13
13 15
13 17
13 29
13 35
13 39
13 52
13 58
13 59
13 60
13 61
13 62
13 65
13 68
13 74
13 89
13 90
13 92
13 93
13 97
14 14
14 17
14 22
14 26
14 28
14 64
14 82
14 84
14 86
14 88
14 91
15 15
15 17
15 20
15 21
15 29
15 35
15 39
15 41
15 52
15 58
15 59
15 60
15 61
15 62
15 65
15 72
15 74
15 83
15 87
15 89
15 92
15 93
15 112
16 16
16 17
16 28
16 29
16 32
16 36
16 37
16 41
16 52
16 54
16 56
16 57
16 58
16 60
16 61
16 62
16 63
16 68
16 72
16 73
16 74
16 75
16 78
16 79
16 80
16 81
16 83
16 89
17 17
17 28
17 29
17 36
17 37
17 38
17 39
17 40
17 54
17 56
17 57
17 58
17 60
17 63
17 68
17 69
17 78
17 79
17 80
17 81
17 83
17 89
17 90
17 92
18 18
18 32
18 34
18 50
18 53
18 64
18 66
18 84
18 86
18 88
18 91
18 98
18 99
18 108
19 19
19 23
19 33
19 69
19 70
19 82
19 83
19 84
19 91
19 103
19 104
19 107
20 20
20 21
20 27
20 35
20 36
20 37
20 38
20 39
20 40
20 41
20 44
20 45
20 52
20 54
20 57
20 58
20 60
20 68
20 71
20 73
20 74
20 83
20 87
20 101
20 109
21 21
21 23
21 24
21 25
21 27
21 31
21 35
21 38
21 40
21 41
21 45
21 71
21 87
21 89
21 92
21 96
21 101
21 106
21 107
21 110
21 113
21 115
22 22
22 23
22 24
22 25
22 26
22 27
22 30
22 31
22 34
22 42
22 64
22 65
22 67
22 79
22 82
22 84
22 86
22 88
22 91
22 110
23 23
23 24
23 25
23 26
23 27
23 30
23 31
23 34
23 38
23 40
23 42
23 43
23 45
23 49
23 67
23 71
23 77
23 79
23 82
23 84
23 85
23 93
23 107
23 110
24 24
24 25
24 26
24 27
24 30
24 31
24 34
24 37
24 38
24 40
24 41
24 42
24 43
24 57
24 67
24 69
24 71
24 79
24 80
24 92
24 93
24 95
24 101
24 107
24 110
25 25
25 26
25 27
25 30
25 31
25 38
25 42
25 64
25 67
25 79
25 82
25 84
25 85
25 107
25 110
26 26
26 27
26 30
26 31
26 34
26 36
26 37
26 38
26 40
26 41
26 42
26 67
26 71
26 82
26 86
26 93
26 96
26 110
27 27
27 31
27 34
27 37
27 38
27 40
27 41
27 42
27 43
27 49
27 54
27 56
27 57
27 71
27 79
27 85
27 86
27 87
27 89
27 96
27 101
27 107
27 110
27 111
27 113
28 28
28 29
28 32
28 33
28 36
28 63
28 72
28 76
28 78
28 80
28 81
28 82
28 83
28 84
29 29
29 32
29 33
29 36
29 58
29 59
29 60
29 61
29 62
29 63
29 72
29 73
29 75
29 80
29 81
29 83
30 30
30 31
30 33
30 64
30 65
30 67
30 82
30 84
31 31
31 33
31 40
31 44
31 45
31 49
31 65
31 67
31 82
31 83
31 84
31 85
31 87
31 106
32 32
32 33
32 36
32 56
32 57
32 58
32 59
32 60
32 61
32 62
32 63
32 66
32 68
32 69
32 72
32 73
32 78
32 80
32 81
32 94
32 102
32 108
33 33
33 35
33 59
33 61
33 62
33 63
33 64
33 65
33 66
33 72
33 82
33 83
33 94
34 34
34 35
34 44
34 45
34 65
34 66
34 67
34 84
34 86
34 110
35 35
35 39
35 41
35 44
35 45
35 47
35 65
35 67
35 71
35 87
35 97
35 105
35 110
36 36
36 37
36 38
36 39
36 40
36 41
36 54
36 56
36 57
36 60
36 62
36 63
36 69
36 72
36 74
36 75
36 79
36 80
36 81
36 87
36 89
36 94
36 108
36 109
37 37
37 38
37 39
37 40
37 41
37 42
37 43
37 46
37 47
37 52
37 54
37 55
37 56
37 57
37 68
37 69
37 71
37 79
37 80
37 81
37 87
37 89
37 94
37 96
37 101
37 109
37 110
37 111
38 38
38 39
38 40
38 41
38 42
38 43
38 46
38 47
38 49
38 52
38 54
38 55
38 56
38 57
38 68
38 69
38 71
38 79
38 81
38 87
38 89
38 93
38 94
38 96
38 101
38 109
38 110
38 111
39 39
39 40
39 41
39 54
39 55
39 57
39 58
39 69
39 77
39 81
39 83
39 87
39 89
39 94
39 97
40 40
40 41
40 42
40 43
40 44
40 45
40 46
40 49
40 54
40 56
40 57
40 69
40 71
40 74
40 80
40 81
40 85
40 87
40 89
40 94
40 96
40 101
40 110
41 41
41 42
41 43
41 46
41 47
41 52
41 53
41 54
41 55
41 56
41 57
41 68
41 70
41 71
41 73
41 74
41 80
41 81
41 87
41 89
41 94
41 96
41 97
41 109
41 110
41 111
42 42
42 43
42 44
42 45
42 46
42 47
42 48
42 49
42 50
42 51
42 54
42 70
42 71
42 79
42 96
42 97
42 98
42 107
42 110
42 111
42 113
43 43
43 44
43 45
43 46
43 47
43 49
43 50
43 51
43 52
43 54
43 55
43 70
43 71
43 98
43 99
43 110
43 111
43 112
43 113
44 44
44 45
44 46
44 47
44 48
44 49
44 51
44 55
44 66
44 67
44 110
44 112
45 45
45 46
45 47
45 49
45 66
45 67
45 105
45 110
45 112
46 46
46 47
46 48
46 49
46 50
46 51
46 52
46 53
46 54
46 55
46 70
46 73
46 81
46 96
46 98
46 99
46 101
46 109
46 110
46 111
46 112
46 113
47 47
47 49
47 51
47 53
47 54
47 55
47 87
47 96
47 97
47 98
47 99
47 109
47 110
47 111
47 112
47 113
48 48
48 49
48 50
48 51
48 52
48 54
48 71
48 90
48 91
48 96
48 97
48 98
48 99
48 106
48 107
48 109
48 110
48 112
49 49
49 51
49 55
49 71
49 96
49 98
49 99
49 106
49 107
49 110
49 111
49 112
50 50
50 51
50 52
50 53
50 54
50 55
50 56
50 58
50 60
50 63
50 66
50 68
50 89
50 90
50 96
50 98
50 99
50 100
50 111
50 112
51 51
51 52
51 53
51 54
51 55
51 89
51 90
51 94
51 96
51 97
51 98
51 99
51 109
51 110
51 111
51 112
51 113
52 52
52 53
52 54
52 56
52 57
52 58
52 60
52 62
52 63
52 66
52 68
52 73
52 74
52 89
52 90
52 95
52 96
52 97
52 98
52 99
52 101
52 103
52 109
52 111
52 112
52 113
53 53
53 54
53 55
53 57
53 60
53 73
53 81
53 89
53 98
53 99
53 109
53 111
54 54
54 55
54 56
54 57
54 58
54 60
54 68
54 71
54 81
54 87
54 89
54 94
54 96
54 98
54 99
54 101
54 109
54 111
55 55
55 87
55 89
55 94
55 96
55 97
55 98
55 99
55 108
55 109
55 111
56 56
56 57
56 60
56 62
56 63
56 68
56 71
56 78
56 79
56 80
56 81
56 85
56 87
56 89
56 98
56 99
56 100
56 111
57 57
57 60
57 62
57 63
57 68
57 69
57 74
57 79
57 80
57 81
57 89
57 94
57 96
57 97
57 108
57 109
57 111
58 58
58 59
58 60
58 61
58 62
58 63
58 66
58 68
58 89
58 90
58 102
59 59
59 60
59 61
59 62
59 63
59 65
59 66
59 68
59 102
59 104
59 114
60 60
60 61
60 62
60 63
60 66
60 68
60 69
60 72
60 89
60 102
61 61
61 62
61 63
61 64
61 65
61 68
61 72
61 90
61 102
61 104
62 62
62 63
62 66
62 68
62 72
62 74
62 75
62 80
62 81
62 101
62 102
63 63
63 66
63 68
63 69
63 72
63 78
63 80
63 81
63 89
63 102
64 64
64 65
64 82
64 84
64 86
64 88
65 65
65 67
65 82
65 84
65 88
66 66
66 67
66 72
66 102
66 108
66 112
67 67
67 82
67 84
67 85
67 91
67 105
67 110
68 68
68 69
68 73
68 74
68 79
68 80
68 87
68 89
68 101
68 104
68 111
69 69
69 79
69 80
69 81
69 82
69 83
69 89
69 92
69 94
69 101
69 107
70 70
70 73
70 74
70 75
70 76
70 86
70 103
70 106
71 71
71 77
71 87
71 89
71 96
71 101
71 106
71 107
71 110
72 72
72 73
72 74
72 75
72 76
72 78
72 80
72 81
73 73
73 74
73 75
73 76
73 78
73 79
73 80
73 81
74 74
74 75
74 76
74 79
74 80
74 113
75 75
75 76
75 79
75 81
75 108
75 113
76 76
76 77
76 78
76 79
76 80
76 84
76 86
77 77
77 94
77 96
77 106
77 110
78 78
78 79
78 80
78 81
78 84
79 79
79 80
79 81
79 100
80 80
80 81
80 85
80 89
80 101
80 111
81 81
81 94
81 99
82 82
82 83
82 84
82 85
82 86
82 87
82 88
83 83
83 85
83 87
83 92
83 93
84 84
84 85
84 86
84 88
85 85
85 86
85 87
85 88
86 86
86 87
86 88
87 87
87 89
87 94
87 109
88 88
88 91
89 89
89 92
89 96
89 97
89 99
89 101
90 90
90 91
90 92
90 93
90 98
90 99
90 100
90 104
90 105
90 106
90 107
90 112
91 91
91 92
91 93
91 98
91 99
91 100
91 104
91 105
91 106
91 107
91 110
92 92
92 93
92 104
92 105
92 114
93 93
93 105
93 107
93 110
94 94
94 95
94 96
94 97
94 108
94 109
94 110
94 113
94 115
95 95
95 96
95 97
95 102
95 103
95 105
95 108
95 109
95 110
95 113
95 114
95 115
96 96
96 97
96 98
96 99
96 108
96 109
96 110
96 111
96 114
96 115
97 97
97 99
97 108
97 109
97 110
97 115
98 98
98 99
98 102
98 109
98 111
98 112
98 113
98 115
99 99
99 100
99 101
99 103
99 105
99 109
99 110
99 111
99 112
100 100
100 105
101 101
101 103
101 105
101 106
101 107
101 113
101 114
101 115
102 102
102 104
102 113
102 114
102 115
103 103
103 104
103 105
103 107
103 113
103 114
103 115
104 104
104 105
104 108
104 114
105 105
105 107
105 110
105 114
105 115
106 106
106 107
107 107
107 110
107 111
107 113
107 114
107 115
108 108
108 109
108 111
108 113
108 114
108 115
109 109
109 110
109 111
110 110
110 111
110 113
110 114
111 111
111 112
111 113
111 114
111 115
112 112
113 113
113 114
113 115
114 114
114 115
115 115
