0 0
0 1
0 17
0 18
0 32
0 41
0 56
0 57
0 60
0 63
0 68
0 76
0 81
0 99
0 101
0 106
0 107
1 1
1 17
1 18
1 19
1 28
1 29
1 36
1 40
1 56
1 57
1 61
1 63
1 68
1 69
1 81
1 95
1 99
1 103
1 106
1 107
1 113
1 114
2 2
2 4
2 6
2 8
2 12
2 14
2 18
2 22
2 24
2 26
2 30
2 31
2 58
2 59
2 64
2 66
2 67
2 70
2 83
2 91
2 93
2 101
3 3
3 7
3 13
3 15
3 19
3 21
3 23
3 25
3 26
3 27
3 65
3 67
3 69
3 85
3 89
3 92
3 102
3 112
4 4
4 5
4 8
4 14
4 20
4 22
4 24
4 44
4 45
4 48
4 49
4 50
4 51
4 52
4 58
4 59
4 66
4 67
4 70
4 102
5 5
5 8
5 9
5 14
5 24
5 25
5 42
5 43
5 44
5 45
5 46
5 47
5 48
5 49
5 50
5 51
5 52
5 53
5 54
5 55
5 58
5 59
5 60
5 66
5 89
5 91
5 93
5 96
5 98
5 99
6 6
6 7
6 10
6 11
6 12
6 28
6 30
6 33
6 40
6 60
6 64
6 70
6 72
6 75
6 82
6 83
6 86
6 91
6 93
6 101
7 7
7 10
7 11
7 13
7 14
7 15
7 20
7 21
7 23
7 25
7 65
7 67
7 71
7 85
7 89
7 90
7 92
7 100
7 112
8 8
8 12
8 14
8 17
8 22
8 24
8 44
8 48
8 49
8 50
8 51
8 52
8 58
8 59
8 60
8 66
8 70
8 103
8 108
9 9
9 10
9 11
9 15
9 29
9 42
9 43
9 44
9 46
9 47
9 48
9 49
9 51
9 53
9 55
9 60
9 61
9 82
9 90
9 91
9 93
9 99
9 100
9 111
9 115
10 10
10 11
10 12
10 13
10 14
10 15
10 52
10 53
10 60
10 61
10 64
10 72
10 88
10 89
10 112
11 11
11 12
11 13
11 14
11 15
11 17
11 21
11 28
11 29
11 30
11 37
11 40
11 52
11 60
11 61
11 65
11 72
11 73
11 74
11 75
11 89
11 92
11 93
12 12
12 13
12 14
12 15
12 17
12 22
12 28
12 30
12 40
12 48
12 51
12 52
12 53
12 60
12 61
12 64
12 72
12 89
12 93
12 112
12 113
13 13
13 14
13 15
13 20
13 21
13 23
13 25
13 26
13 30
13 37
13 40
13 60
13 61
13 65
13 71
13 75
13 85
13 89
13 92
13 93
13 100
13 112
14 14
14 15
14 20
14 21
14 22
14 23
14 24
14 25
14 26
14 44
14 48
14 49
14 50
14 51
14 52
14 53
14 58
14 59
14 89
14 92
14 93
15 15
15 21
15 23
15 25
15 26
15 27
15 30
15 37
15 52
15 53
15 61
15 65
15 75
15 85
15 89
15 92
15 93
15 100
16 16
16 17
16 19
16 28
16 32
16 34
16 36
16 37
16 38
16 39
16 41
16 56
16 57
16 62
16 72
16 74
16 76
16 78
16 79
16 80
16 81
16 82
16 84
16 85
16 86
16 87
17 17
17 18
17 28
17 29
17 30
17 32
17 40
17 56
17 58
17 60
17 61
17 62
17 63
17 72
17 73
17 75
17 76
17 80
17 81
17 82
17 83
17 86
17 113
18 18
18 19
18 32
18 33
18 40
18 62
18 63
18 66
18 67
18 68
18 74
18 76
18 96
18 101
19 19
19 27
19 57
19 63
19 68
19 69
19 77
19 78
19 80
19 85
19 90
19 96
19 101
19 102
19 103
19 106
19 110
20 20
20 21
20 22
20 23
20 24
20 25
20 26
20 27
20 48
20 49
20 50
20 51
20 52
20 59
20 70
20 71
20 90
20 92
20 93
20 100
20 102
20 104
20 105
20 111
20 112
21 21
21 23
21 25
21 26
21 27
21 37
21 40
21 52
21 65
21 70
21 71
21 85
21 89
21 90
21 92
21 100
21 102
21 112
22 22
22 23
22 24
22 25
22 26
22 27
22 34
22 35
22 50
22 51
22 64
22 67
22 88
22 89
22 93
22 104
22 110
23 23
23 24
23 25
23 26
23 27
23 31
23 34
23 35
23 65
23 71
23 85
23 86
23 89
23 90
23 92
23 93
23 97
23 100
23 104
23 105
23 110
23 112
23 114
24 24
24 25
24 26
24 27
24 30
24 31
24 45
24 48
24 50
24 51
24 66
24 67
25 25
25 26
25 27
25 30
25 31
25 35
25 50
25 51
25 53
25 65
25 71
25 86
25 92
25 100
25 104
25 105
25 112
26 26
26 27
26 34
26 35
26 50
26 65
26 67
26 70
26 71
26 84
26 85
26 88
26 89
26 90
26 92
26 100
26 102
26 104
26 105
26 110
26 114
27 27
27 34
27 35
27 50
27 65
27 67
27 69
27 71
27 84
27 85
27 88
27 89
27 90
27 92
27 98
27 100
27 102
27 104
27 105
27 110
28 28
28 29
28 30
28 32
28 33
28 36
28 40
28 41
28 58
28 60
28 61
28 62
28 63
28 72
28 73
28 74
28 75
28 76
28 78
28 79
28 80
28 81
28 82
28 83
29 29
29 30
29 31
29 32
29 33
29 36
29 37
29 40
29 41
29 58
29 60
29 61
29 62
29 63
29 72
29 73
29 74
29 75
29 76
29 79
29 81
29 83
29 86
29 95
30 30
30 31
30 33
30 40
30 60
30 61
30 64
30 71
30 72
30 75
30 81
30 86
31 31
31 33
31 71
31 81
31 83
31 86
31 87
31 105
31 107
32 32
32 33
32 36
32 37
32 38
32 39
32 40
32 41
32 54
32 55
32 56
32 60
32 62
32 63
32 68
32 72
32 73
32 74
32 75
32 76
32 77
32 78
32 79
32 80
32 81
32 94
32 95
32 108
32 109
33 33
33 39
33 40
33 41
33 57
33 60
33 62
33 63
33 72
33 74
33 75
33 76
33 77
33 78
33 79
33 81
33 83
33 101
34 34
34 35
34 42
34 43
34 45
34 50
34 64
34 65
34 67
34 79
34 80
34 84
34 85
34 86
34 87
34 91
34 94
34 97
34 104
34 105
34 110
34 115
35 35
35 39
35 45
35 47
35 65
35 67
35 70
35 71
35 86
35 88
35 90
35 91
35 105
35 110
36 36
36 37
36 38
36 39
36 40
36 41
36 54
36 55
36 57
36 61
36 62
36 72
36 73
36 74
36 75
36 76
36 77
36 78
36 79
36 95
36 98
36 99
36 106
36 108
36 113
36 114
37 37
37 38
37 39
37 40
37 41
37 54
37 55
37 57
37 65
37 71
37 73
37 74
37 75
37 76
37 77
37 78
37 79
37 80
37 85
37 87
37 92
37 94
37 95
37 97
37 100
37 112
38 38
38 39
38 41
38 54
38 55
38 56
38 57
38 68
38 76
38 77
38 78
38 79
38 80
38 81
38 83
38 87
38 94
38 95
38 96
38 108
39 39
39 41
39 55
39 56
39 57
39 68
39 71
39 76
39 77
39 78
39 79
39 80
39 81
39 83
39 94
39 95
39 96
39 97
39 105
39 108
39 114
39 115
40 40
40 60
40 61
40 62
40 63
40 72
40 73
40 75
40 76
40 77
41 41
41 54
41 55
41 56
41 57
41 68
41 73
41 74
41 75
41 76
41 78
41 79
41 80
41 81
41 87
41 94
41 97
41 114
42 42
42 43
42 44
42 45
42 46
42 47
42 48
42 49
42 50
42 51
42 55
42 66
42 74
42 91
42 96
42 98
42 99
42 110
42 111
43 43
43 44
43 45
43 46
43 47
43 48
43 49
43 51
43 55
43 96
43 98
43 99
43 110
43 111
44 44
44 45
44 46
44 47
44 48
44 49
44 50
44 51
44 55
44 59
44 66
44 67
44 90
44 91
44 96
44 98
44 99
44 110
44 111
45 45
45 46
45 47
45 48
45 49
45 50
45 66
45 67
45 90
45 91
45 98
45 110
45 111
46 46
46 47
46 48
46 49
46 51
46 55
46 59
46 66
46 74
46 96
46 98
46 99
46 111
47 47
47 48
47 49
47 55
47 67
47 90
47 91
47 96
47 98
47 99
47 103
47 110
47 111
48 48
48 49
48 50
48 51
48 52
48 53
48 54
48 58
48 59
48 60
48 61
48 66
48 70
48 72
48 90
48 91
48 93
48 98
49 49
49 50
49 51
49 52
49 53
49 55
49 58
49 59
49 66
49 90
49 91
49 98
49 99
49 111
50 50
50 51
50 52
50 53
50 54
50 58
50 59
50 66
50 67
50 104
51 51
51 52
51 53
51 55
51 58
51 59
51 66
51 70
51 90
51 91
51 93
51 104
51 106
51 112
52 52
52 53
52 54
52 58
52 59
52 60
52 61
52 66
52 70
52 72
52 89
52 93
53 53
53 59
53 61
53 82
53 91
53 93
53 106
53 112
53 113
54 54
54 55
54 66
54 68
54 72
54 74
54 88
54 89
54 95
54 96
54 98
54 99
54 106
55 55
55 61
55 72
55 74
55 79
55 80
55 94
55 95
55 96
55 97
55 98
55 99
55 106
56 56
56 57
56 62
56 63
56 68
56 69
56 80
56 81
56 84
56 85
56 99
56 107
56 114
57 57
57 63
57 68
57 69
57 77
57 78
57 79
57 80
57 81
57 95
57 96
57 99
57 103
57 106
57 107
57 110
57 111
57 114
57 115
58 58
58 59
58 60
58 61
58 66
58 70
58 72
58 75
58 76
58 82
58 91
58 93
58 106
59 59
59 60
59 61
59 66
59 70
59 90
59 91
59 106
60 60
60 61
60 62
60 63
60 66
60 72
60 73
60 74
60 75
60 76
60 93
61 61
61 63
61 72
61 75
61 89
62 62
62 63
62 72
62 74
62 76
62 78
62 80
62 81
62 83
62 107
63 63
63 68
63 72
63 76
63 80
63 81
63 95
63 107
64 64
64 81
64 84
64 109
65 65
65 67
65 71
65 73
65 84
65 85
65 89
65 92
65 100
66 66
66 67
66 70
66 72
66 91
67 67
67 84
67 85
67 87
67 90
67 91
67 102
67 104
67 105
67 110
68 68
68 69
68 76
68 77
68 78
68 80
68 81
68 94
68 96
68 97
68 98
68 99
68 101
68 103
68 106
69 69
69 78
69 80
69 88
69 92
69 96
69 98
69 101
69 102
69 103
69 104
69 106
69 107
69 110
69 111
69 114
70 70
70 71
70 77
70 90
70 91
70 93
70 100
70 102
70 103
70 107
70 111
71 71
71 73
71 75
71 77
71 85
71 100
71 108
71 112
72 72
72 73
72 74
72 75
72 76
72 78
72 79
72 95
72 109
73 73
73 74
73 75
73 76
73 77
74 74
74 75
74 76
74 77
74 78
74 79
74 80
74 108
75 75
75 76
75 77
75 100
76 76
76 77
76 78
76 79
76 80
76 81
76 94
76 95
76 108
76 109
77 77
77 78
77 79
77 83
77 94
77 95
77 97
77 108
77 109
78 78
78 79
78 80
78 81
78 82
78 83
78 84
78 85
78 86
78 87
78 95
78 109
78 113
79 79
79 80
79 81
79 86
79 87
79 94
79 97
79 105
79 109
79 110
79 115
80 80
80 81
80 82
80 84
80 85
80 86
80 87
80 94
80 109
81 81
81 83
81 86
81 94
81 101
81 109
81 115
82 82
82 83
82 84
82 86
82 91
82 93
82 101
82 105
82 110
83 83
83 86
83 91
83 93
83 101
83 103
83 105
83 110
83 114
84 84
84 85
84 86
84 87
84 88
84 102
84 105
85 85
85 86
85 87
85 89
85 92
85 102
85 105
86 86
86 87
86 101
86 105
87 87
87 94
87 97
87 105
87 110
87 111
87 115
88 88
88 89
88 90
88 91
88 92
88 93
88 96
88 98
88 102
88 103
88 107
88 110
89 89
89 92
90 90
90 91
90 92
90 93
90 98
90 100
90 102
90 105
90 110
90 111
91 91
91 92
91 93
91 96
91 101
91 103
91 105
91 110
91 111
92 92
92 93
92 98
92 100
92 102
92 112
93 93
93 101
93 103
93 110
94 94
94 95
94 96
94 97
94 104
94 105
94 108
94 109
94 110
95 95
95 96
95 97
95 106
95 108
95 109
96 96
96 97
96 98
96 99
96 106
96 110
97 97
97 104
97 108
97 115
98 98
98 99
98 106
98 111
99 99
99 103
99 106
99 111
99 115
100 100
100 102
100 104
100 112
100 114
101 101
101 103
101 104
101 107
101 110
102 102
102 103
102 104
102 112
103 103
103 105
103 106
103 107
103 110
104 104
104 105
104 110
104 112
104 114
104 115
105 105
105 108
105 110
105 111
105 114
105 115
106 106
106 107
106 115
107 107
107 113
107 114
108 108
108 109
108 110
108 114
109 109
110 110
110 111
110 114
111 111
111 113
112 112
113 113
113 114
114 114
114 115
115 115
