0 0
0 1
0 2
0 3
0 6
0 7
0 18
0 19
0 22
0 23
0 37
0 41
0 54
0 56
0 57
0 58
0 63
0 68
0 86
0 87
0 88
0 89
0 90
0 91
0 93
0 99
0 101
0 102
0 103
0 105
0 106
0 112
1 1
1 3
1 6
1 7
1 18
1 19
1 32
1 41
1 54
1 56
1 57
1 58
1 63
1 68
1 71
1 89
1 93
1 101
1 106
2 2
2 3
2 6
2 7
2 18
2 20
2 22
2 23
2 31
2 48
2 52
2 54
2 58
2 84
2 87
2 88
2 89
2 91
2 92
2 93
2 100
2 102
2 106
3 3
3 6
3 7
3 18
3 19
3 20
3 21
3 22
3 23
3 26
3 27
3 31
3 52
3 54
3 57
3 58
3 70
3 86
3 87
3 88
3 89
3 92
3 93
3 101
3 106
4 4
4 5
4 7
4 8
4 9
4 12
4 14
4 15
4 20
4 24
4 26
4 27
4 30
4 45
4 48
4 50
4 51
4 52
4 64
4 70
4 84
4 85
4 89
5 5
5 9
5 14
5 15
5 20
5 21
5 23
5 25
5 26
5 27
5 30
5 31
5 75
5 84
5 85
5 96
6 6
6 7
6 9
6 18
6 20
6 22
6 23
6 26
6 27
6 31
6 45
6 48
6 52
6 53
6 55
6 58
6 63
6 87
6 88
6 89
6 93
6 100
7 7
7 9
7 18
7 19
7 20
7 21
7 22
7 23
7 27
7 31
7 33
7 45
7 58
7 63
7 70
7 71
7 73
7 88
7 89
7 92
7 93
7 101
7 106
8 8
8 9
8 12
8 14
8 15
8 24
8 26
8 34
8 35
8 36
8 55
8 64
8 65
8 78
8 80
8 84
8 109
9 9
9 14
9 15
9 18
9 20
9 21
9 24
9 26
9 27
9 41
9 54
9 70
9 71
9 73
9 75
9 80
9 84
9 85
9 88
9 89
9 106
10 10
10 11
10 12
10 13
10 14
10 15
10 16
10 17
10 24
10 28
10 30
10 34
10 35
10 36
10 59
10 60
10 61
10 65
10 66
10 67
10 72
10 76
10 77
10 78
10 79
10 80
10 81
10 107
11 11
11 12
11 13
11 16
11 17
11 28
11 29
11 34
11 36
11 40
11 61
11 65
11 66
11 67
11 72
11 76
11 78
11 80
11 81
11 97
11 107
12 12
12 13
12 14
12 15
12 16
12 24
12 28
12 30
12 61
12 65
12 70
12 80
12 114
13 13
13 14
13 15
13 16
13 17
13 28
13 29
13 30
13 34
13 35
13 36
13 39
13 40
13 59
13 60
13 61
13 65
13 66
13 67
13 72
13 74
13 75
13 76
13 77
13 78
13 79
13 80
13 81
14 14
14 15
14 16
14 20
14 21
14 22
14 24
14 25
14 26
14 27
14 29
14 30
14 31
14 35
14 64
14 70
14 79
14 80
14 83
14 84
14 85
15 15
15 16
15 20
15 24
15 26
15 27
15 29
15 30
15 60
15 71
15 73
15 75
15 78
15 80
15 81
15 84
15 85
15 92
15 112
15 114
16 16
16 17
16 28
16 29
16 30
16 34
16 35
16 36
16 39
16 40
16 56
16 60
16 61
16 62
16 66
16 67
16 72
16 74
16 76
16 77
16 78
16 79
16 80
16 81
17 17
17 28
17 29
17 32
17 34
17 35
17 36
17 39
17 40
17 43
17 61
17 62
17 65
17 66
17 67
17 72
17 74
17 76
17 77
17 78
17 79
17 81
17 110
18 18
18 19
18 23
18 38
18 41
18 54
18 56
18 57
18 58
18 63
18 68
18 71
18 73
18 88
18 89
18 93
18 101
18 102
19 19
19 33
19 41
19 54
19 56
19 57
19 63
19 68
19 69
19 71
19 73
19 83
19 86
19 87
19 88
19 89
19 90
19 93
19 102
19 105
19 111
19 112
19 115
20 20
20 21
20 22
20 23
20 24
20 26
20 27
20 30
20 31
20 52
20 70
20 73
20 75
20 84
20 85
20 86
20 88
20 89
21 21
21 22
21 23
21 25
21 27
21 30
21 31
21 70
21 71
21 73
21 75
21 83
21 85
21 87
21 88
21 93
22 22
22 23
22 26
22 27
22 31
22 48
22 50
22 58
22 64
22 70
22 82
22 84
22 85
22 87
22 88
22 89
22 92
22 93
22 104
22 106
22 113
23 23
23 25
23 26
23 27
23 31
23 35
23 48
23 50
23 58
23 64
23 70
23 71
23 84
23 85
23 87
23 88
23 89
23 93
23 101
24 24
24 26
24 27
24 34
24 35
24 64
24 70
24 78
24 80
24 84
25 25
25 27
25 30
25 31
25 34
25 35
25 38
25 65
25 66
25 67
25 71
25 75
25 85
25 108
25 109
25 110
25 115
26 26
26 27
26 50
26 51
26 52
26 58
26 71
26 84
26 85
26 86
27 27
27 30
27 31
27 50
27 52
27 58
27 70
27 71
27 73
27 75
27 84
27 85
27 88
27 89
27 93
28 28
28 29
28 34
28 35
28 36
28 39
28 40
28 42
28 43
28 61
28 62
28 64
28 65
28 66
28 67
28 72
28 74
28 76
28 77
28 78
28 79
28 80
28 81
28 97
28 109
28 110
29 29
29 30
29 39
29 62
29 63
29 70
29 71
29 72
29 73
29 77
29 78
29 80
29 81
29 83
29 85
29 94
30 30
30 31
30 35
30 62
30 64
30 65
30 67
30 70
30 71
30 72
30 73
30 74
30 75
30 77
30 79
30 80
30 84
30 85
30 86
31 31
31 33
31 35
31 38
31 64
31 65
31 70
31 71
31 73
31 74
31 75
31 82
31 83
31 84
31 85
31 86
31 88
31 104
32 32
32 33
32 37
32 43
32 49
32 56
32 57
32 60
32 62
32 63
32 68
32 76
32 101
32 107
32 108
33 33
33 35
33 45
33 60
33 62
33 63
33 67
33 101
33 108
34 34
34 35
34 36
34 40
34 42
34 43
34 61
34 64
34 65
34 66
34 67
34 72
34 76
34 77
34 78
34 79
34 97
34 107
34 108
34 110
35 35
35 36
35 40
35 43
35 45
35 50
35 64
35 65
35 66
35 67
35 72
35 76
35 77
35 79
35 82
35 84
35 97
35 108
35 109
35 110
36 36
36 38
36 39
36 40
36 46
36 55
36 61
36 66
36 67
36 72
36 74
36 76
36 78
36 81
36 97
36 98
36 109
36 110
36 114
37 37
37 39
37 41
37 47
37 49
37 53
37 55
37 56
37 57
37 68
37 76
37 77
37 90
37 95
37 97
37 98
37 99
37 103
37 112
38 38
38 46
38 54
38 55
38 78
38 90
38 92
38 98
38 102
38 109
38 110
38 112
39 39
39 40
39 65
39 77
39 78
39 79
39 83
39 87
39 88
39 90
39 94
39 95
39 97
39 109
39 111
40 40
40 46
40 62
40 66
40 67
40 68
40 72
40 74
40 76
40 77
40 78
40 79
40 81
40 83
40 95
40 97
40 109
40 110
41 41
41 56
41 60
41 63
41 68
41 73
41 74
41 75
41 83
41 90
41 91
41 93
41 101
41 102
41 103
41 104
41 111
41 115
42 42
42 43
42 44
42 45
42 46
42 47
42 48
42 49
42 50
42 51
42 52
42 53
42 55
42 66
42 96
42 97
42 98
42 99
42 103
42 113
43 43
43 44
43 45
43 46
43 47
43 48
43 49
43 50
43 51
43 52
43 53
43 55
43 66
43 67
43 72
43 76
43 97
43 98
43 99
43 107
44 44
44 45
44 46
44 47
44 48
44 49
44 50
44 51
44 52
44 53
44 55
44 97
45 45
45 47
45 48
45 49
45 50
45 51
45 52
45 65
45 67
45 94
45 97
45 106
46 46
46 47
46 49
46 50
46 51
46 52
46 53
46 54
46 55
46 75
46 96
46 97
46 98
46 99
46 109
46 110
46 113
47 47
47 48
47 49
47 50
47 51
47 52
47 53
47 55
47 66
47 90
47 91
47 96
47 97
47 98
47 99
47 103
47 107
47 110
47 111
48 48
48 49
48 50
48 51
48 52
48 53
48 58
48 97
48 103
49 49
49 50
49 51
49 52
49 53
49 55
49 61
49 66
49 97
49 98
49 99
49 101
49 103
49 107
50 50
50 51
50 52
50 53
50 65
50 66
50 67
50 84
50 96
50 97
51 51
51 52
51 53
51 55
51 61
51 66
51 96
51 97
52 52
52 53
52 54
52 55
52 86
52 89
52 96
52 97
52 98
52 104
53 53
53 55
53 91
53 96
53 97
53 98
53 99
53 103
53 113
54 54
54 55
54 58
54 68
54 86
54 88
54 89
54 90
54 91
54 92
54 93
54 96
54 98
54 99
54 102
54 105
54 112
54 113
54 115
55 55
55 59
55 74
55 90
55 91
55 96
55 97
55 98
55 99
55 100
55 113
55 114
56 56
56 57
56 58
56 60
56 62
56 63
56 68
56 78
56 80
56 81
56 89
56 90
56 99
56 101
56 102
56 103
56 105
57 57
57 58
57 62
57 63
57 68
57 89
57 101
57 105
58 58
58 59
58 86
58 87
58 88
58 89
58 90
58 91
58 93
58 100
58 101
58 102
58 103
59 59
59 61
59 62
59 66
59 67
59 72
59 76
59 79
59 86
59 113
60 60
60 61
60 62
60 63
60 68
60 80
60 81
61 61
61 62
61 65
61 66
61 67
61 72
61 76
61 97
61 100
62 62
62 63
62 68
62 72
62 76
62 78
62 79
62 80
62 81
62 83
62 101
63 63
63 71
63 73
63 80
63 81
63 89
63 101
63 106
64 64
64 65
64 66
64 67
64 72
64 74
64 76
64 78
64 82
64 84
65 65
65 66
65 67
65 72
65 77
65 79
65 97
66 66
66 67
66 72
66 76
66 77
66 78
66 79
66 97
66 100
66 107
66 108
66 110
67 67
67 69
67 72
67 76
67 77
67 79
67 97
67 109
67 110
68 68
68 69
68 76
68 78
68 81
68 90
68 91
68 99
68 105
68 111
68 112
69 69
69 87
69 90
69 91
69 111
69 112
69 115
70 70
70 71
70 73
70 75
70 77
70 83
70 84
70 85
70 87
70 88
70 89
71 71
71 73
71 83
71 85
71 88
71 89
71 93
71 115
72 72
72 74
72 76
72 78
72 79
72 80
72 81
73 73
73 74
73 75
73 77
73 80
73 81
73 83
73 85
73 87
73 88
73 89
73 102
74 74
74 75
74 76
74 77
74 78
74 82
74 83
74 98
74 99
74 104
74 109
74 110
74 111
74 114
75 75
75 77
75 80
75 81
75 95
75 104
76 76
76 77
76 78
76 79
76 81
76 97
76 107
76 109
76 110
77 77
77 81
77 83
77 94
77 95
77 99
77 108
77 109
77 110
78 78
78 79
78 80
78 81
78 98
78 105
79 79
79 94
80 80
80 81
80 84
80 102
80 105
81 81
81 105
82 82
82 83
82 84
82 86
82 104
83 83
83 85
83 111
83 115
84 84
84 85
84 86
84 88
84 89
84 106
85 85
85 88
85 89
86 86
86 87
86 88
86 89
86 90
86 91
86 93
86 102
86 104
86 105
86 106
86 111
86 113
86 114
86 115
87 87
87 88
87 89
87 90
87 91
87 92
87 93
87 95
87 100
87 102
87 111
87 112
87 113
87 114
88 88
88 89
88 90
88 92
88 93
88 102
88 106
88 112
88 115
89 89
89 93
89 101
89 106
90 90
90 91
90 92
90 93
90 95
90 97
90 98
90 99
90 102
90 103
90 104
90 105
90 107
90 111
90 112
90 113
90 114
91 91
91 92
91 93
91 96
91 97
91 98
91 99
91 102
91 103
91 104
91 105
91 107
91 111
91 112
91 113
91 114
91 115
92 92
92 93
92 98
92 99
92 102
92 104
92 105
92 111
92 112
92 113
92 114
92 115
93 93
93 99
93 101
93 102
93 104
93 106
93 111
93 112
93 113
93 115
94 94
94 95
94 97
94 108
95 95
95 97
95 100
95 108
95 109
95 110
95 111
96 96
96 97
96 98
96 99
96 110
96 115
97 97
97 98
97 99
97 100
97 103
97 108
97 109
97 110
97 113
97 114
98 98
98 99
98 104
98 105
98 109
98 110
98 111
98 112
98 113
98 114
99 99
99 102
99 103
99 104
99 105
99 110
99 111
99 112
99 113
99 114
100 100
100 102
100 106
101 101
101 102
101 103
101 107
101 108
102 102
102 103
102 104
102 105
102 106
102 111
102 112
102 113
102 114
102 115
103 103
103 104
103 105
103 107
103 112
103 113
104 104
104 105
104 110
104 111
104 112
104 113
104 114
104 115
105 105
105 111
105 112
105 113
105 114
105 115
106 106
107 107
107 108
108 108
108 110
109 109
109 110
109 114
109 115
110 110
110 111
110 114
110 115
111 111
111 112
111 113
111 114
111 115
112 112
112 113
112 114
113 113
113 114
113 115
114 114
114 115
115 115
