0 0
0 10
0 16
0 28
0 53
0 54
0 55
0 56
0 62
0 72
0 78
0 80
0 81
0 83
0 86
0 89
0 96
0 97
0 98
0 100
0 101
0 102
0 104
0 108
1 1
1 3
1 11
1 12
1 13
1 18
1 19
1 37
1 41
1 51
1 52
1 57
1 59
1 66
1 68
1 69
1 90
1 98
1 99
1 112
1 114
2 2
2 4
2 6
2 7
2 8
2 12
2 14
2 22
2 35
2 38
2 39
2 58
2 60
2 66
2 67
2 68
2 69
2 82
2 88
2 90
2 91
2 92
2 106
2 111
2 114
2 115
3 3
3 5
3 6
3 7
3 8
3 9
3 11
3 13
3 14
3 18
3 19
3 22
3 23
3 25
3 26
3 37
3 39
3 52
3 67
3 68
3 85
3 86
3 87
3 89
3 91
3 92
3 105
4 4
4 5
4 6
4 7
4 8
4 9
4 14
4 22
4 23
4 24
4 25
4 26
4 27
4 67
4 68
4 82
4 88
4 89
4 92
4 96
5 5
5 7
5 8
5 9
5 13
5 14
5 21
5 22
5 23
5 24
5 25
5 26
5 27
5 37
5 67
5 85
5 88
5 89
5 92
5 105
6 6
6 7
6 8
6 9
6 12
6 14
6 20
6 22
6 23
6 26
6 35
6 58
6 60
6 67
6 88
6 89
6 91
6 92
6 106
7 7
7 8
7 9
7 23
7 52
7 65
7 67
7 88
7 89
7 90
7 91
7 92
7 93
7 105
8 8
8 9
8 13
8 14
8 15
8 22
8 23
8 24
8 25
8 26
8 27
8 54
8 60
8 61
8 65
8 85
8 88
8 89
9 9
9 11
9 13
9 23
9 24
9 25
9 26
9 35
9 65
9 67
9 90
9 92
9 93
9 105
9 112
10 10
10 11
10 12
10 13
10 14
10 15
10 16
10 17
10 20
10 27
10 28
10 30
10 31
10 32
10 33
10 36
10 41
10 56
10 72
10 74
10 76
10 80
10 83
10 84
10 85
11 11
11 12
11 13
11 14
11 15
11 27
11 52
11 65
11 73
11 85
11 92
12 12
12 13
12 14
12 15
12 19
12 21
12 22
12 27
12 35
12 36
12 40
12 41
12 56
12 60
12 91
12 94
12 99
12 106
12 107
12 110
12 111
12 113
12 114
12 115
13 13
13 15
13 25
13 27
13 29
13 50
13 52
13 61
13 65
13 73
13 89
14 14
14 15
14 18
14 22
14 23
14 26
14 27
14 38
14 39
14 41
14 52
14 55
14 68
14 83
14 88
15 15
15 25
15 26
15 27
15 29
15 37
15 39
15 55
15 83
15 88
16 16
16 17
16 18
16 28
16 29
16 30
16 36
16 62
16 63
16 72
16 74
16 76
16 78
16 80
16 81
16 83
16 84
16 86
16 104
16 105
17 17
17 28
17 29
17 30
17 31
17 32
17 33
17 36
17 41
17 42
17 43
17 47
17 57
17 60
17 62
17 63
17 64
17 72
17 73
17 74
17 75
17 76
17 77
17 79
17 81
17 83
17 84
17 109
17 113
18 18
18 19
18 22
18 35
18 36
18 37
18 38
18 41
18 57
18 62
18 67
18 68
18 69
18 73
18 74
18 75
18 76
18 82
18 84
18 86
18 87
18 99
18 113
18 114
19 19
19 34
19 35
19 36
19 37
19 38
19 40
19 43
19 56
19 68
19 69
19 73
19 76
19 77
19 99
19 110
19 113
19 114
19 115
20 20
20 30
20 32
20 34
20 35
20 41
20 64
20 75
20 84
21 21
21 22
21 25
21 31
21 35
21 36
21 37
21 39
21 40
21 60
21 65
21 69
21 73
21 75
21 77
21 87
21 99
21 106
21 107
21 110
21 111
21 113
21 114
21 115
22 22
22 23
22 24
22 25
22 26
22 27
22 31
22 35
22 40
22 64
22 84
22 88
22 92
22 114
23 23
23 24
23 25
23 26
23 27
23 39
23 54
23 64
23 67
23 83
23 85
23 86
23 87
23 88
23 89
23 108
24 24
24 25
24 26
24 27
24 30
24 64
24 71
24 85
24 88
25 25
25 26
25 27
25 30
25 31
25 33
25 37
25 64
25 85
25 86
25 87
25 88
25 104
25 105
26 26
26 27
26 55
26 68
26 86
26 88
26 89
27 27
27 55
27 78
27 81
27 83
27 85
27 88
27 89
27 97
27 104
27 108
28 28
28 29
28 30
28 31
28 32
28 33
28 42
28 44
28 45
28 46
28 47
28 57
28 62
28 63
28 72
28 78
28 79
28 80
28 81
28 83
28 84
28 97
28 102
28 104
28 108
28 109
29 29
29 30
29 31
29 32
29 33
29 41
29 42
29 45
29 53
29 62
29 63
29 72
29 73
29 74
29 75
29 76
29 78
29 79
29 80
29 81
29 83
29 101
29 103
29 104
29 109
30 30
30 31
30 32
30 33
30 41
30 62
30 64
30 71
30 72
30 75
30 79
30 81
30 83
30 84
30 85
30 105
31 31
31 32
31 33
31 36
31 40
31 41
31 62
31 63
31 64
31 71
31 72
31 73
31 75
31 76
31 77
31 79
31 81
31 84
31 85
31 103
31 109
32 32
32 33
32 34
32 36
32 40
32 41
32 42
32 43
32 44
32 46
32 47
32 57
32 60
32 62
32 63
32 70
32 71
32 72
32 73
32 75
32 76
32 77
32 79
32 81
32 94
32 103
32 106
32 110
32 115
33 33
33 34
33 42
33 44
33 62
33 63
33 64
33 70
33 71
33 72
33 78
33 79
33 80
33 81
33 83
33 84
33 85
33 97
33 102
33 103
33 104
33 108
33 109
34 34
34 35
34 40
34 44
34 66
34 67
34 71
34 77
34 82
34 84
34 85
34 94
34 95
34 97
34 109
34 110
34 115
35 35
35 36
35 37
35 39
35 40
35 60
35 65
35 67
35 69
35 73
35 75
35 76
35 77
35 82
35 87
35 94
35 95
35 99
35 106
35 107
35 110
35 111
35 113
35 114
35 115
36 36
36 37
36 38
36 40
36 41
36 57
36 68
36 69
36 72
36 73
36 74
36 75
36 76
36 79
36 80
36 81
36 84
36 110
36 113
36 114
37 37
37 38
37 39
37 40
37 41
37 68
37 69
37 73
37 75
37 76
37 87
37 99
37 110
37 113
37 114
38 38
38 39
38 40
38 41
38 51
38 68
38 69
38 74
38 75
38 82
38 87
38 110
38 113
38 114
39 39
39 54
39 55
39 58
39 60
39 65
39 67
39 68
39 69
39 82
39 86
39 87
39 88
39 89
39 96
39 106
39 111
39 112
39 114
40 40
40 41
40 43
40 60
40 65
40 69
40 70
40 73
40 75
40 76
40 77
40 87
40 94
40 99
40 106
40 107
40 109
40 110
40 111
40 112
40 113
40 114
40 115
41 41
41 42
41 43
41 57
41 60
41 62
41 63
41 69
41 72
41 73
41 74
41 75
41 76
41 77
41 106
41 107
41 110
41 113
41 114
42 42
42 43
42 44
42 45
42 46
42 47
42 49
42 51
42 57
42 62
42 63
42 72
42 79
42 80
42 81
42 97
42 110
43 43
43 44
43 45
43 46
43 47
43 48
43 49
43 51
43 57
43 69
43 73
43 75
43 77
43 79
43 94
43 99
43 106
43 107
43 109
43 110
43 111
43 112
43 113
43 114
43 115
44 44
44 45
44 46
44 47
44 48
44 49
44 51
44 78
44 80
44 81
44 83
44 97
44 101
44 102
44 104
44 108
45 45
45 46
45 49
45 51
45 55
45 57
45 68
45 72
45 78
45 80
45 81
45 83
45 86
45 101
45 104
45 105
45 108
46 46
46 47
46 48
46 49
46 51
46 53
46 59
46 63
46 66
46 79
46 94
46 96
46 97
46 102
46 109
47 47
47 49
47 51
47 53
47 63
47 75
47 79
47 90
47 94
47 99
47 106
47 107
47 109
47 110
47 111
47 112
47 114
47 115
48 48
48 49
48 50
48 51
48 52
48 58
48 59
48 66
48 69
48 90
48 91
48 93
48 94
48 99
48 106
48 110
48 112
48 115
49 49
49 51
49 53
49 57
49 59
49 66
49 90
49 101
49 112
50 50
50 51
50 52
50 58
50 66
50 67
50 69
50 110
51 51
51 52
51 53
51 55
51 57
51 58
51 59
51 66
51 68
51 69
51 90
51 98
51 99
51 112
52 52
52 54
52 58
52 59
52 61
52 66
52 89
52 90
52 91
52 92
52 98
53 53
53 54
53 55
53 61
53 81
53 89
53 98
54 54
54 55
54 58
54 59
54 61
54 83
54 86
54 88
54 89
54 96
54 98
54 104
54 108
55 55
55 59
55 68
55 83
55 86
55 88
55 89
55 96
55 97
55 98
55 100
55 104
55 108
56 56
56 57
56 70
56 79
56 94
56 96
56 97
56 98
56 99
56 100
56 101
56 102
56 103
56 115
57 57
57 62
57 63
57 68
57 72
57 74
57 75
57 76
57 79
57 81
57 83
57 98
58 58
58 59
58 60
58 61
58 66
58 69
58 88
58 89
58 90
58 91
58 93
58 96
58 106
58 111
59 59
59 61
59 66
59 88
59 89
59 90
59 96
59 98
59 100
60 60
60 61
60 64
60 65
60 74
60 75
60 94
60 106
60 107
60 109
60 111
60 114
60 115
61 61
61 63
61 89
61 98
62 62
62 63
62 72
62 74
62 75
62 76
62 78
62 79
62 80
62 81
62 83
62 84
62 104
62 109
63 63
63 72
63 74
63 75
63 79
63 80
63 81
63 101
63 102
63 109
64 64
64 72
64 75
64 83
64 84
64 85
64 86
64 87
64 88
65 65
65 67
65 69
65 73
65 85
65 87
65 90
65 91
65 92
65 99
65 106
65 107
65 111
65 112
65 113
65 114
65 115
66 66
66 67
66 69
66 70
66 77
66 90
66 94
66 96
66 106
66 107
66 110
66 111
66 114
66 115
67 67
67 69
67 82
67 86
67 87
67 90
67 93
67 105
68 68
68 69
68 82
68 83
69 69
69 82
69 87
69 90
69 99
69 106
69 107
69 110
69 111
69 112
69 113
69 114
69 115
70 70
70 71
70 77
70 78
70 80
70 94
70 95
70 97
70 102
70 108
71 71
71 77
71 85
71 94
71 95
71 101
71 102
71 103
71 115
72 72
72 74
72 76
72 78
72 80
72 81
72 83
72 84
72 86
72 102
72 104
72 108
73 73
73 74
73 75
73 76
73 77
73 79
73 87
73 99
73 106
73 107
73 111
73 112
73 113
73 114
73 115
74 74
74 75
74 76
74 79
74 81
74 84
74 114
75 75
75 76
75 77
75 79
75 84
75 87
75 94
75 99
75 106
75 107
75 109
75 110
75 111
75 113
75 114
75 115
76 76
76 77
76 79
76 81
76 84
76 85
76 87
76 94
76 99
76 107
76 109
76 110
76 111
76 113
76 114
76 115
77 77
77 91
77 93
77 94
77 95
77 99
77 103
77 106
77 107
77 109
77 110
77 111
77 113
77 114
77 115
78 78
78 80
78 81
78 83
78 85
78 95
78 97
78 101
78 102
78 104
78 105
78 108
79 79
79 81
79 100
79 101
79 102
79 103
79 113
79 114
80 80
80 81
80 83
80 86
80 97
80 104
80 108
81 81
81 83
81 84
81 97
81 100
81 101
81 102
81 103
81 104
81 105
81 108
82 82
82 84
82 86
82 87
83 83
83 84
83 86
83 97
83 98
83 104
83 108
84 84
84 85
84 86
84 87
85 85
85 87
85 97
86 86
86 87
86 88
86 89
86 98
86 104
86 108
87 87
87 107
87 111
87 112
87 113
87 114
88 88
88 89
88 96
88 98
88 108
89 89
89 96
89 98
90 90
90 91
90 92
90 93
90 99
90 106
90 107
90 111
90 112
90 113
90 114
90 115
91 91
91 92
91 93
91 94
91 99
91 106
91 107
91 111
91 114
91 115
92 92
92 93
92 100
93 93
93 101
93 105
93 107
93 111
93 112
93 115
94 94
94 95
94 97
94 99
94 106
94 107
94 109
94 110
94 111
94 113
94 114
94 115
95 95
95 97
95 101
95 102
95 108
95 109
95 115
96 96
96 97
96 98
96 104
96 108
97 97
97 98
97 102
97 104
97 108
97 109
98 98
98 100
98 108
99 99
99 106
99 107
99 110
99 111
99 112
99 113
99 114
99 115
100 100
100 101
100 102
100 104
101 101
101 102
101 103
101 104
102 102
102 103
102 104
102 108
103 103
103 104
103 105
104 104
104 105
104 108
105 105
106 106
106 107
106 109
106 110
106 111
106 112
106 113
106 114
106 115
107 107
107 110
107 111
107 112
107 113
107 114
107 115
108 108
109 109
109 111
110 110
110 111
110 112
110 113
110 114
110 115
111 111
111 112
111 113
111 114
111 115
112 112
112 113
112 114
113 113
113 114
113 115
114 114
114 115
115 115
