0 0
0 10
0 56
0 58
0 60
0 66
0 88
1 1
1 12
1 24
1 30
1 31
1 32
1 33
1 56
1 57
1 61
1 63
1 65
1 70
1 71
1 72
1 73
1 76
1 77
1 78
1 80
2 2
2 5
2 6
2 15
2 18
2 19
2 22
2 26
2 27
2 38
2 39
2 41
2 54
2 58
2 59
2 60
2 66
2 67
2 69
2 82
2 83
2 87
2 88
2 89
2 91
2 93
2 94
2 95
2 96
2 97
2 108
3 3
3 7
3 11
3 20
3 23
3 26
3 27
3 33
3 34
3 61
3 64
3 65
3 67
3 88
4 4
4 5
4 20
4 26
4 27
4 29
4 42
4 46
4 59
4 66
4 67
4 96
4 104
5 5
5 6
5 9
5 14
5 15
5 20
5 26
5 27
5 37
5 38
5 39
5 41
5 46
5 48
5 52
5 53
5 54
5 55
5 58
5 59
5 66
5 67
5 82
5 83
5 85
5 86
5 88
5 89
5 96
5 97
5 98
5 103
5 104
5 108
6 6
6 7
6 9
6 15
6 18
6 32
6 40
6 54
6 60
6 61
6 64
6 96
6 108
6 109
7 7
7 13
7 31
7 32
7 33
7 61
7 65
8 8
8 9
8 14
8 15
8 25
8 28
8 31
8 37
8 53
8 86
8 90
8 91
8 95
8 106
8 114
9 9
9 14
9 15
9 25
9 37
9 53
9 55
9 59
9 82
9 86
9 90
9 91
9 95
9 97
9 98
9 99
9 105
9 106
9 108
9 111
9 114
9 115
10 10
10 11
10 12
10 13
10 16
10 17
10 28
10 30
10 31
10 34
10 50
10 56
10 63
10 65
10 70
10 71
10 72
10 73
10 74
10 75
10 76
10 77
10 78
10 80
10 84
11 11
11 12
11 13
11 16
11 17
11 21
11 23
11 24
11 29
11 30
11 31
11 34
11 61
11 63
11 65
11 70
11 71
11 72
11 73
11 74
11 75
11 76
11 78
11 79
11 80
12 12
12 13
12 16
12 17
12 28
12 29
12 30
12 31
12 33
12 34
12 57
12 62
12 63
12 65
12 70
12 71
12 72
12 73
12 74
12 75
12 76
12 77
12 78
12 80
13 13
13 16
13 17
13 28
13 29
13 30
13 31
13 33
13 62
13 63
13 70
13 71
13 72
13 73
13 74
13 75
13 76
13 77
13 78
13 79
13 80
14 14
14 15
14 25
14 28
14 36
14 37
14 40
14 53
14 55
14 81
14 82
14 84
14 86
14 87
14 90
14 91
14 93
14 97
14 99
14 104
14 106
14 107
14 111
14 113
14 114
14 115
15 15
15 18
15 25
15 36
15 37
15 38
15 39
15 41
15 46
15 47
15 48
15 52
15 53
15 54
15 55
15 58
15 59
15 82
15 83
15 85
15 86
15 89
15 90
15 91
15 93
15 97
15 98
15 99
15 100
15 104
15 108
15 111
15 114
15 115
16 16
16 17
16 28
16 29
16 30
16 31
16 34
16 50
16 56
16 62
16 63
16 70
16 71
16 72
16 73
16 74
16 75
16 76
16 77
16 78
16 80
16 84
17 17
17 24
17 28
17 29
17 30
17 31
17 63
17 70
17 71
17 72
17 73
17 74
17 75
17 76
17 77
17 78
17 79
17 80
17 81
17 84
18 18
18 19
18 33
18 38
18 40
18 41
18 60
18 82
18 83
18 86
18 87
18 90
18 91
18 97
18 99
18 101
18 103
18 108
18 111
18 112
18 113
18 114
18 115
19 19
19 20
19 33
19 35
19 38
19 39
19 41
19 68
19 69
19 82
19 83
19 87
19 88
19 90
19 94
19 95
19 97
19 108
19 113
19 115
20 20
20 21
20 26
20 27
20 36
20 37
20 38
20 41
20 46
20 52
20 54
20 59
20 69
20 79
20 88
20 89
20 103
20 104
21 21
21 23
21 36
21 45
21 59
21 67
21 75
21 78
21 79
21 81
22 22
22 23
22 24
22 25
22 27
22 30
22 31
22 34
22 50
22 64
22 65
22 84
22 85
22 86
22 87
22 92
23 23
23 24
23 26
23 27
23 34
23 50
23 64
23 65
23 84
23 85
23 92
24 24
24 25
24 30
24 31
24 34
24 50
24 65
24 70
24 71
24 72
24 73
24 74
24 75
24 76
24 77
24 78
24 80
24 84
24 87
24 106
25 25
25 30
25 31
25 37
25 71
25 77
25 84
25 86
25 87
25 91
25 100
25 106
25 109
25 114
26 26
26 27
26 34
26 38
26 39
26 41
26 46
26 52
26 54
26 64
26 67
26 82
26 83
26 88
26 89
26 96
26 104
27 27
27 37
27 38
27 39
27 41
27 46
27 48
27 50
27 52
27 54
27 58
27 59
27 64
27 67
27 82
27 83
27 85
27 88
27 89
27 96
27 104
28 28
28 29
28 30
28 31
28 40
28 57
28 62
28 63
28 70
28 72
28 73
28 74
28 75
28 76
28 77
28 78
28 80
28 81
29 29
29 33
29 36
29 37
29 41
29 60
29 72
29 73
29 74
29 75
29 78
29 79
29 81
29 83
29 110
30 30
30 31
30 32
30 34
30 56
30 57
30 63
30 65
30 70
30 71
30 72
30 73
30 74
30 75
30 76
30 77
30 78
30 80
31 31
31 32
31 56
31 57
31 61
31 63
31 65
31 70
31 71
31 72
31 73
31 75
31 76
31 77
31 78
31 80
32 32
32 33
32 34
32 56
32 57
32 61
32 62
32 63
32 65
32 66
32 72
32 76
33 33
33 57
33 60
33 61
33 62
33 63
33 67
33 69
34 34
34 35
34 50
34 56
34 57
34 63
34 64
34 65
34 70
34 71
34 72
34 73
34 76
34 78
34 80
35 35
35 66
35 67
35 68
35 69
35 77
35 86
35 93
35 95
35 97
35 109
35 110
35 113
36 36
36 37
36 38
36 46
36 55
36 74
36 79
36 81
36 82
36 83
36 84
36 85
36 90
36 91
36 92
36 97
36 98
36 99
36 100
36 101
36 102
36 103
36 105
36 111
36 112
36 113
36 114
37 37
37 40
37 41
37 52
37 79
37 81
37 82
37 83
37 84
37 85
37 86
37 87
37 91
37 103
37 104
37 105
37 106
37 107
37 113
37 115
38 38
38 39
38 41
38 53
38 54
38 55
38 58
38 59
38 60
38 69
38 82
38 83
38 88
38 89
38 90
38 91
38 92
38 93
38 94
38 95
38 96
38 97
38 98
38 99
38 101
38 105
38 108
38 109
38 110
38 111
38 112
38 113
38 114
38 115
39 39
39 41
39 54
39 55
39 58
39 59
39 66
39 67
39 69
39 82
39 83
39 88
39 89
39 90
39 94
39 95
39 97
39 105
39 108
39 109
39 112
40 40
40 41
40 60
40 74
40 81
40 82
40 83
40 87
40 97
40 109
40 110
40 115
41 41
41 54
41 55
41 66
41 74
41 82
41 83
41 86
41 88
41 94
41 95
41 96
41 97
41 98
41 99
41 109
41 112
41 115
42 42
42 43
42 44
42 45
42 46
42 47
42 48
42 49
42 50
42 51
42 53
42 55
42 96
42 98
42 107
42 111
43 43
43 44
43 45
43 46
43 47
43 48
43 49
43 50
43 51
43 53
43 55
43 96
43 98
43 111
44 44
44 45
44 46
44 47
44 48
44 49
44 50
44 51
44 53
44 55
44 96
44 98
44 107
45 45
45 46
45 47
45 48
45 49
45 51
45 53
45 55
45 59
45 67
45 96
45 98
45 111
46 46
46 47
46 48
46 49
46 51
46 52
46 53
46 54
46 55
46 83
46 96
46 98
46 99
46 103
46 104
46 110
46 111
47 47
47 48
47 49
47 51
47 53
47 55
47 82
47 90
47 96
47 98
47 99
47 104
47 105
47 107
47 110
47 111
48 48
48 49
48 50
48 51
48 52
48 53
48 54
48 55
48 82
48 96
48 98
48 104
48 111
49 49
49 51
49 53
49 55
49 96
49 98
49 104
49 111
50 50
50 51
50 52
50 64
50 65
50 78
50 84
50 85
51 51
51 52
51 53
51 55
51 96
51 98
51 111
52 52
52 54
52 85
52 96
52 103
52 104
52 110
53 53
53 54
53 55
53 69
53 82
53 89
53 90
53 91
53 93
53 96
53 98
53 99
53 104
53 105
53 107
53 111
54 54
54 55
54 82
54 83
54 88
54 89
54 90
54 94
54 96
54 97
54 98
54 105
54 108
54 109
54 115
55 55
55 59
55 82
55 83
55 89
55 90
55 91
55 92
55 93
55 94
55 95
55 96
55 97
55 98
55 99
55 105
55 108
55 110
55 111
55 114
55 115
56 56
56 57
56 62
56 63
56 65
56 70
56 72
56 73
56 76
56 78
56 80
57 57
57 58
57 62
57 63
57 70
57 72
57 76
57 80
58 58
58 59
58 60
58 66
58 67
58 68
58 69
58 82
58 83
58 88
58 89
58 93
58 95
58 97
58 99
58 101
59 59
59 60
59 61
59 66
59 67
59 69
59 82
59 83
59 88
59 89
59 95
59 97
59 104
59 108
60 60
60 62
60 66
60 82
60 83
60 97
60 99
60 111
60 112
61 61
61 64
61 65
62 62
62 63
62 72
62 74
62 76
62 80
62 113
63 63
63 65
63 70
63 71
63 72
63 73
63 74
63 75
63 76
63 77
63 78
63 80
64 64
64 65
64 84
65 65
65 72
65 73
65 76
65 78
65 80
66 66
66 67
66 68
66 69
66 95
66 96
66 97
66 103
66 104
66 110
67 67
67 68
67 69
67 110
68 68
68 69
68 88
68 89
68 94
68 95
68 97
68 102
68 103
68 110
69 69
69 88
69 89
69 90
69 91
69 93
69 95
69 97
69 101
69 105
69 108
70 70
70 71
70 72
70 73
70 74
70 75
70 76
70 77
70 78
70 80
71 71
71 73
71 74
71 75
71 76
71 77
71 78
71 80
72 72
72 73
72 74
72 75
72 76
72 77
72 78
72 80
73 73
73 74
73 75
73 76
73 77
73 78
73 79
73 80
73 81
74 74
74 75
74 76
74 77
74 78
74 79
74 80
74 81
74 102
75 75
75 76
75 77
75 78
75 79
75 80
75 81
76 76
76 77
76 78
76 80
76 81
77 77
77 78
77 80
77 81
78 78
78 79
78 80
78 84
79 79
79 81
79 84
79 85
80 80
80 81
80 84
81 81
81 84
81 85
81 103
82 82
82 83
82 84
82 86
82 87
82 88
82 89
82 90
82 91
82 92
82 93
82 95
82 97
82 98
82 99
82 101
82 103
82 104
82 105
82 108
82 109
82 110
82 111
82 113
82 115
83 83
83 85
83 86
83 87
83 88
83 89
83 90
83 93
83 96
83 97
83 98
83 99
83 103
83 105
83 108
83 110
83 111
83 112
83 115
84 84
84 85
84 86
84 87
84 92
84 103
84 109
85 85
85 87
85 92
85 103
85 104
86 86
86 87
86 91
86 95
86 97
86 108
86 113
86 114
86 115
87 87
87 91
87 92
87 100
87 113
88 88
88 89
88 90
88 94
88 95
88 96
88 97
88 112
89 89
89 90
89 92
89 93
89 95
89 97
89 101
89 105
89 108
90 90
90 91
90 92
90 93
90 94
90 95
90 97
90 98
90 99
90 100
90 101
90 102
90 103
90 105
90 108
90 109
90 111
90 112
90 113
90 114
90 115
91 91
91 92
91 93
91 95
91 97
91 98
91 99
91 100
91 101
91 102
91 103
91 104
91 105
91 106
91 107
91 108
91 109
91 111
91 112
91 113
91 114
91 115
92 92
92 93
92 100
92 101
92 103
92 108
92 113
92 114
92 115
93 93
93 95
93 97
93 99
93 100
93 101
93 102
93 103
93 110
93 111
93 113
93 114
93 115
94 94
94 95
94 96
94 97
94 98
94 108
94 109
94 115
95 95
95 97
95 99
95 101
95 105
95 108
95 109
95 111
95 113
95 114
95 115
96 96
96 98
96 99
96 104
96 108
96 110
96 111
97 97
97 99
97 108
97 109
97 110
97 111
97 112
97 114
97 115
98 98
98 99
98 100
98 102
98 103
98 104
98 106
98 111
98 112
98 114
98 115
99 99
99 100
99 101
99 102
99 103
99 104
99 108
99 110
99 111
99 112
99 113
99 114
99 115
100 100
100 101
100 102
100 103
100 111
100 114
100 115
101 101
101 102
101 103
101 108
101 111
101 113
101 114
101 115
102 102
102 103
102 104
102 106
102 107
102 113
102 115
103 103
103 104
103 105
103 106
103 107
103 111
103 112
103 113
103 114
103 115
104 104
104 106
104 107
104 111
104 113
104 115
105 105
105 107
105 111
106 106
106 107
106 114
106 115
107 107
107 111
108 108
108 109
108 114
108 115
109 109
109 110
109 115
110 110
110 111
111 111
111 112
111 113
111 114
111 115
112 112
112 113
112 114
113 113
113 114
113 115
114 114
114 115
115 115
