0 0
0 1
0 10
0 16
0 17
0 18
0 19
0 32
0 33
0 49
0 56
0 57
0 60
0 62
0 68
0 78
0 79
0 80
0 101
0 113
1 1
1 7
1 10
1 11
1 12
1 16
1 17
1 18
1 19
1 32
1 33
1 56
1 57
1 61
1 62
1 63
1 68
1 69
1 78
1 80
2 2
2 3
2 5
2 6
2 7
2 18
2 22
2 23
2 26
2 27
2 54
2 58
2 60
2 64
2 65
2 88
2 89
3 3
3 4
3 5
3 7
3 11
3 13
3 22
3 23
3 26
3 27
3 61
3 65
3 88
3 89
4 4
4 5
4 8
4 9
4 13
4 14
4 15
4 20
4 21
4 22
4 23
4 24
4 25
4 26
4 27
4 39
4 55
4 58
4 59
4 65
4 88
4 89
4 107
5 5
5 7
5 8
5 9
5 14
5 15
5 20
5 21
5 23
5 24
5 25
5 26
5 27
5 39
5 58
5 59
5 65
5 83
5 86
5 88
5 89
5 90
6 6
6 7
6 12
6 22
6 60
6 61
6 64
7 7
7 9
7 11
7 13
7 15
7 60
7 61
7 65
7 83
7 88
7 89
7 92
8 8
8 9
8 13
8 14
8 15
8 20
8 21
8 22
8 23
8 24
8 25
8 26
8 27
8 39
8 42
8 52
8 55
8 58
8 59
8 89
9 9
9 13
9 14
9 15
9 24
9 25
9 29
9 30
9 41
9 58
9 59
9 61
9 65
9 70
9 71
9 73
9 75
9 83
9 85
9 88
9 90
9 100
9 102
9 112
10 10
10 11
10 12
10 13
10 16
10 17
10 28
10 29
10 36
10 62
10 70
10 71
10 73
10 76
10 78
10 79
10 80
10 81
10 100
10 102
10 113
11 11
11 13
11 16
11 17
11 23
11 29
11 60
11 61
11 78
11 79
12 12
12 16
12 17
12 28
12 29
12 30
12 56
12 62
12 63
12 70
12 73
12 76
12 78
12 80
12 113
13 13
13 15
13 17
13 23
13 29
13 61
13 71
13 78
13 79
13 81
13 97
14 14
14 15
14 20
14 21
14 24
14 25
14 26
14 27
14 39
14 40
14 52
14 55
14 58
14 83
14 84
14 86
14 88
14 89
14 106
14 107
15 15
15 20
15 25
15 26
15 27
15 29
15 30
15 41
15 52
15 58
15 59
15 70
15 71
15 73
15 75
15 83
15 86
15 88
15 89
15 90
15 100
16 16
16 17
16 18
16 28
16 29
16 36
16 40
16 46
16 51
16 53
16 57
16 62
16 68
16 70
16 72
16 73
16 74
16 76
16 77
16 78
16 79
16 80
16 81
16 91
16 95
16 102
16 113
17 17
17 28
17 29
17 36
17 49
17 51
17 53
17 57
17 62
17 72
17 76
17 77
17 78
17 79
17 80
17 81
17 113
18 18
18 19
18 28
18 32
18 33
18 56
18 57
18 62
18 68
18 69
18 76
18 77
18 79
18 115
19 19
19 32
19 33
19 38
19 54
19 56
19 57
19 68
19 69
19 82
19 94
19 105
19 115
20 20
20 21
20 24
20 25
20 26
20 27
20 30
20 37
20 39
20 55
20 70
20 74
20 75
20 84
20 89
20 99
20 107
21 21
21 22
21 24
21 25
21 26
21 27
21 30
21 37
21 39
21 42
21 52
21 55
21 70
21 75
21 84
21 89
21 107
22 22
22 23
22 24
22 25
22 27
22 45
22 64
22 89
23 23
23 24
23 25
23 43
23 44
23 45
23 48
23 49
23 60
23 64
23 65
23 67
23 88
23 89
23 94
24 24
24 25
24 26
24 27
24 30
24 42
24 43
24 45
24 49
24 55
24 58
24 66
24 67
24 75
24 85
24 89
24 102
24 104
25 25
25 26
25 27
25 30
25 31
25 39
25 55
25 70
25 71
25 75
25 84
25 85
25 86
25 89
25 102
25 104
25 107
26 26
26 27
26 39
26 52
26 54
26 55
26 58
26 60
26 84
26 88
26 89
26 106
26 107
27 27
27 39
27 52
27 54
27 55
27 58
27 64
27 84
27 88
27 89
27 107
28 28
28 29
28 31
28 32
28 34
28 36
28 40
28 41
28 50
28 52
28 62
28 68
28 70
28 72
28 73
28 74
28 76
28 77
28 78
28 79
28 80
28 81
28 83
28 84
28 95
28 101
29 29
29 30
29 31
29 36
29 40
29 41
29 51
29 62
29 63
29 70
29 71
29 72
29 73
29 74
29 75
29 76
29 77
29 78
29 79
29 80
29 81
29 85
29 91
29 95
29 113
30 30
30 31
30 41
30 63
30 70
30 71
30 73
30 75
30 80
30 81
30 85
30 99
30 102
30 113
30 114
30 115
31 31
31 33
31 41
31 62
31 63
31 70
31 71
31 73
31 75
31 77
31 80
31 81
31 84
31 85
31 87
31 95
31 102
31 113
32 32
32 33
32 38
32 41
32 56
32 57
32 62
32 63
32 66
32 68
32 69
32 87
33 33
33 38
33 56
33 57
33 62
33 63
33 66
33 68
33 69
33 82
33 87
33 95
33 97
33 101
33 108
33 111
34 34
34 35
34 36
34 40
34 44
34 50
34 51
34 64
34 66
34 67
34 68
34 69
34 74
34 77
34 84
34 85
34 86
34 91
34 95
34 110
34 111
35 35
35 43
35 44
35 45
35 46
35 64
35 65
35 67
35 77
35 84
35 91
35 92
35 93
35 108
35 110
35 111
35 112
36 36
36 37
36 38
36 40
36 46
36 50
36 52
36 53
36 62
36 68
36 72
36 74
36 76
36 77
36 78
36 79
36 80
36 81
36 82
36 83
36 86
36 87
36 91
36 95
36 97
36 99
36 100
36 111
37 37
37 39
37 40
37 42
37 44
37 46
37 47
37 48
37 52
37 53
37 55
37 72
37 74
37 75
37 76
37 85
37 91
37 98
37 99
37 107
37 108
37 109
37 110
37 111
37 114
38 38
38 39
38 41
38 54
38 82
38 83
38 86
38 87
38 88
38 92
38 94
38 96
38 98
38 105
38 108
38 110
39 39
39 54
39 55
39 58
39 65
39 67
39 82
39 86
39 88
39 89
39 94
39 96
39 98
39 99
39 105
39 107
39 110
40 40
40 41
40 46
40 50
40 52
40 55
40 62
40 72
40 73
40 74
40 75
40 76
40 77
40 79
40 80
40 81
40 82
40 84
40 85
40 91
40 95
40 96
40 98
40 99
40 108
40 109
40 110
40 111
41 41
41 63
41 71
41 73
41 81
41 82
41 83
42 42
42 43
42 44
42 45
42 46
42 47
42 48
42 49
42 50
42 51
42 53
42 55
42 64
42 74
42 98
42 103
42 112
43 43
43 44
43 45
43 46
43 47
43 48
43 49
43 50
43 51
43 53
43 55
43 85
43 92
43 93
43 98
43 101
43 103
43 111
43 112
43 113
44 44
44 45
44 46
44 47
44 48
44 49
44 50
44 51
44 53
44 55
44 64
44 66
44 67
44 85
44 93
44 98
44 101
44 110
44 111
44 112
44 113
45 45
45 46
45 47
45 48
45 49
45 50
45 51
45 53
45 59
45 64
45 65
45 66
45 67
45 85
45 92
45 93
45 98
45 104
45 105
45 108
45 111
45 112
45 113
46 46
46 47
46 49
46 50
46 51
46 52
46 53
46 55
46 74
46 76
46 91
46 98
46 99
46 111
46 112
47 47
47 48
47 49
47 51
47 53
47 55
47 67
47 74
47 77
47 85
47 90
47 91
47 92
47 93
47 95
47 96
47 98
47 99
47 101
47 104
47 105
47 108
47 109
47 110
47 111
47 112
47 113
47 114
48 48
48 49
48 50
48 51
48 53
48 55
48 60
48 64
48 93
48 101
48 113
49 49
49 50
49 51
49 53
49 55
49 64
49 65
49 92
49 93
49 98
49 113
50 50
50 51
50 52
50 53
50 55
50 64
50 72
50 78
50 85
50 86
50 95
50 98
50 100
50 101
51 51
51 53
51 55
51 68
51 78
51 81
51 85
51 91
51 92
51 93
51 95
51 98
51 101
51 111
51 113
52 52
52 54
52 55
52 58
52 72
52 74
52 76
52 84
52 89
52 106
52 107
53 53
53 55
53 74
53 91
53 92
53 95
53 98
53 100
53 104
53 111
53 112
53 114
54 54
54 58
54 60
54 65
54 86
54 88
54 89
54 92
54 96
54 98
54 106
54 107
55 55
55 72
55 74
55 75
55 89
55 96
55 98
55 99
55 107
55 109
56 56
56 57
56 62
56 63
56 68
56 70
56 73
56 78
56 80
56 101
57 57
57 62
57 63
57 68
57 69
57 79
57 80
57 101
58 58
58 59
58 60
58 61
58 65
58 66
58 67
58 88
58 89
58 90
58 106
59 59
59 61
59 65
59 66
59 67
59 90
59 92
59 98
59 103
59 104
59 106
59 112
60 60
60 61
60 64
60 65
60 88
60 89
61 61
61 65
61 69
61 88
61 92
62 62
62 63
62 68
62 70
62 71
62 72
62 73
62 74
62 76
62 77
62 78
62 79
62 80
62 81
62 101
62 113
63 63
63 70
63 75
63 80
63 81
64 64
64 65
64 67
64 84
64 89
65 65
65 67
65 88
65 89
65 92
66 66
66 67
66 68
66 69
66 93
66 96
66 98
66 101
66 103
66 107
66 110
67 67
67 90
67 91
67 92
67 93
67 94
67 96
67 98
67 104
67 105
67 110
67 111
68 68
68 69
68 72
68 78
68 80
68 95
68 97
68 101
68 111
69 69
69 80
69 81
69 82
69 83
69 90
69 95
69 97
69 100
69 101
69 111
70 70
70 71
70 72
70 73
70 75
70 76
70 77
70 80
70 84
70 85
70 99
70 102
70 103
70 113
70 115
71 71
71 73
71 75
71 77
71 80
71 85
71 87
71 93
71 95
71 97
71 102
71 113
72 72
72 73
72 74
72 76
72 77
72 78
72 79
72 80
72 81
72 84
72 99
72 101
72 109
73 73
73 74
73 75
73 76
73 77
73 79
73 80
73 81
73 84
73 85
73 91
73 95
73 99
73 102
73 113
74 74
74 75
74 76
74 77
74 79
74 80
74 84
74 91
74 99
74 107
74 109
75 75
75 76
75 77
75 80
75 81
75 85
75 99
75 102
75 109
75 114
75 115
76 76
76 77
76 78
76 79
76 80
76 81
76 84
76 99
77 77
77 78
77 79
77 80
77 81
77 84
77 113
78 78
78 79
78 80
78 81
78 83
78 95
78 100
79 79
79 80
79 81
79 83
80 80
80 81
80 84
80 85
80 95
80 99
80 101
80 111
80 113
81 81
81 85
81 91
81 95
81 97
81 100
81 102
81 108
81 111
81 114
82 82
82 83
82 84
82 86
82 87
82 91
82 94
82 97
82 98
82 99
82 100
82 108
82 111
83 83
83 86
83 88
83 100
84 84
84 85
84 91
84 107
85 85
85 91
85 93
85 95
85 97
85 99
85 102
85 108
85 110
85 111
85 112
85 113
85 114
86 86
86 88
86 89
86 92
86 98
86 100
86 106
87 87
87 90
87 91
87 94
87 95
87 97
87 105
87 108
88 88
88 89
88 90
88 92
88 106
89 89
89 92
90 90
90 91
90 92
90 93
90 94
90 95
90 96
90 97
90 98
90 99
90 100
90 104
90 105
90 106
90 108
90 111
90 112
91 91
91 93
91 94
91 95
91 97
91 98
91 99
91 100
91 102
91 104
91 105
91 108
91 109
91 110
91 111
91 112
91 114
91 115
92 92
92 93
92 98
92 100
92 105
92 112
93 93
93 95
93 96
93 97
93 98
93 99
93 100
93 101
93 102
93 103
93 104
93 105
93 108
93 111
93 112
93 113
93 114
93 115
94 94
94 96
94 97
94 98
94 105
94 107
94 108
94 110
94 114
95 95
95 97
95 99
95 100
95 101
95 102
95 103
95 104
95 109
95 110
95 111
95 112
96 96
96 97
96 98
96 99
96 106
96 107
96 108
96 109
96 110
96 112
97 97
97 98
97 99
97 100
97 102
97 108
97 109
97 110
97 111
97 112
97 114
98 98
98 99
98 104
98 105
98 108
98 109
98 110
98 111
98 112
98 114
99 99
99 100
99 101
99 102
99 103
99 107
99 108
99 109
99 110
99 111
99 112
99 114
99 115
100 100
100 101
100 102
100 103
100 111
100 112
100 114
101 101
101 102
101 103
101 109
101 111
101 115
102 102
102 103
102 104
102 108
102 111
102 112
102 114
102 115
103 103
103 104
103 106
103 107
103 115
104 104
104 105
104 108
104 109
104 110
104 111
104 114
104 115
105 105
105 107
105 108
105 110
105 111
105 114
105 115
106 106
106 107
106 109
107 107
107 109
107 115
108 108
108 109
108 110
108 111
108 112
108 114
108 115
109 109
109 110
109 111
110 110
110 111
111 111
111 112
111 113
111 115
112 112
112 113
113 113
114 114
114 115
115 115
