0 0
0 1
0 6
0 8
0 10
0 11
0 12
0 16
0 17
0 18
0 19
0 32
0 56
0 57
0 58
0 60
0 61
0 62
0 63
0 75
0 76
0 89
0 105
0 106
0 107
0 115
1 1
1 11
1 13
1 19
1 56
1 57
1 58
1 59
1 61
1 62
1 63
1 68
1 75
1 89
1 90
1 98
1 99
1 103
1 105
2 2
2 4
2 6
2 8
2 10
2 18
2 20
2 22
2 23
2 24
2 25
2 26
2 27
2 30
2 31
2 50
2 58
2 60
2 64
2 70
2 82
2 84
2 88
2 91
2 93
2 95
2 103
2 107
2 110
2 114
3 3
3 7
3 9
3 11
3 15
3 23
3 25
3 35
3 44
3 50
3 60
3 61
3 64
3 65
3 67
3 71
3 74
3 95
3 109
3 113
3 114
4 4
4 5
4 8
4 10
4 14
4 19
4 20
4 21
4 22
4 23
4 24
4 25
4 26
4 27
4 34
4 38
4 64
4 68
4 69
4 88
4 93
4 94
4 110
5 5
5 8
5 9
5 10
5 20
5 21
5 23
5 24
5 25
5 26
5 27
5 38
5 64
5 67
5 69
5 87
5 90
5 91
5 92
5 93
5 102
5 106
5 109
6 6
6 10
6 11
6 18
6 22
6 24
6 30
6 53
6 58
6 60
6 61
6 64
6 74
6 86
6 95
6 103
6 107
6 114
6 115
7 7
7 9
7 11
7 12
7 13
7 29
7 32
7 33
7 35
7 41
7 44
7 45
7 49
7 60
7 61
7 62
7 63
7 64
7 65
7 67
7 75
7 92
7 100
7 102
7 106
7 112
7 113
8 8
8 10
8 12
8 14
8 19
8 34
8 35
8 58
8 60
8 64
8 90
8 91
8 92
8 93
9 9
9 11
9 12
9 13
9 15
9 29
9 32
9 33
9 35
9 44
9 45
9 60
9 61
9 62
9 63
9 65
9 67
9 92
9 100
9 102
9 112
9 113
10 10
10 14
10 18
10 22
10 23
10 24
10 26
10 30
10 34
10 35
10 58
10 60
10 64
10 65
10 76
10 84
10 85
10 86
10 88
10 95
10 107
10 109
10 114
11 11
11 12
11 13
11 15
11 32
11 33
11 44
11 45
11 49
11 60
11 61
11 62
11 63
11 64
11 65
11 74
11 76
11 103
12 12
12 13
12 16
12 17
12 28
12 29
12 32
12 33
12 35
12 41
12 42
12 44
12 45
12 56
12 60
12 61
12 62
12 63
12 72
12 75
12 76
12 78
12 92
12 106
13 13
13 15
13 17
13 28
13 29
13 32
13 33
13 42
13 43
13 44
13 45
13 49
13 61
13 62
13 63
13 72
13 75
13 92
13 112
14 14
14 15
14 20
14 21
14 22
14 23
14 26
14 28
14 30
14 36
14 38
14 39
14 76
14 81
14 82
14 83
14 84
14 88
14 94
14 95
14 96
14 97
14 110
15 15
15 20
15 21
15 29
15 36
15 37
15 39
15 47
15 52
15 55
15 69
15 72
15 80
15 81
15 83
15 84
15 87
15 90
15 92
15 96
15 101
15 110
16 16
16 17
16 18
16 19
16 28
16 29
16 32
16 33
16 36
16 40
16 56
16 57
16 62
16 63
16 68
16 72
16 78
16 79
16 80
16 81
16 82
16 83
16 84
16 111
17 17
17 19
17 28
17 29
17 32
17 36
17 39
17 40
17 56
17 62
17 63
17 68
17 69
17 72
17 75
17 78
17 79
17 80
17 81
17 83
17 89
17 111
18 18
18 19
18 58
18 74
18 76
18 77
18 82
18 101
19 19
19 32
19 33
19 56
19 57
19 62
19 63
19 68
19 69
19 78
19 80
19 81
19 90
19 91
19 92
19 93
19 100
19 104
19 105
20 20
20 21
20 22
20 23
20 24
20 25
20 26
20 27
20 31
20 38
20 50
20 58
20 84
20 85
20 87
20 88
20 90
20 91
20 93
20 94
20 96
20 97
20 101
20 108
20 110
21 21
21 22
21 23
21 24
21 25
21 26
21 27
21 31
21 34
21 37
21 38
21 39
21 47
21 50
21 52
21 55
21 58
21 69
21 83
21 84
21 85
21 87
21 88
21 90
21 91
21 94
21 96
21 97
21 104
21 108
21 110
22 22
22 23
22 24
22 25
22 26
22 27
22 30
22 31
22 34
22 50
22 52
22 53
22 58
22 64
22 70
22 74
22 84
22 85
22 88
22 93
22 94
22 95
22 110
22 114
22 115
23 23
23 24
23 25
23 26
23 27
23 30
23 31
23 38
23 50
23 52
23 53
23 58
23 64
23 84
23 85
23 88
23 94
23 96
23 108
23 110
24 24
24 25
24 26
24 27
24 30
24 31
24 34
24 50
24 64
24 70
24 85
24 88
24 94
24 95
24 97
24 109
24 110
24 114
24 115
25 25
25 26
25 27
25 30
25 31
25 34
25 35
25 64
25 65
25 67
25 84
25 85
25 88
25 94
25 96
25 97
25 108
25 109
25 110
25 114
26 26
26 27
26 31
26 34
26 38
26 39
26 50
26 53
26 58
26 59
26 84
26 85
26 87
26 88
26 90
26 91
26 94
26 96
26 97
26 108
26 110
26 115
27 27
27 31
27 34
27 38
27 50
27 58
27 69
27 85
27 87
27 88
27 90
27 91
27 93
27 94
27 96
27 97
27 104
27 108
27 110
27 115
28 28
28 29
28 30
28 31
28 32
28 33
28 36
28 39
28 40
28 62
28 63
28 72
28 73
28 74
28 76
28 78
28 79
28 80
28 81
28 82
28 83
28 84
29 29
29 32
29 33
29 36
29 38
29 39
29 40
29 41
29 55
29 62
29 63
29 68
29 72
29 73
29 74
29 76
29 78
29 79
29 80
29 81
29 83
29 87
29 96
30 30
30 31
30 40
30 64
30 70
30 73
30 74
30 76
30 82
30 84
30 85
30 95
30 109
30 114
31 31
31 36
31 40
31 64
31 70
31 78
31 79
31 81
31 82
31 83
31 84
31 85
31 94
31 96
31 97
31 108
31 110
32 32
32 33
32 35
32 40
32 41
32 56
32 57
32 60
32 61
32 62
32 63
32 68
32 72
32 74
32 75
32 76
32 111
32 112
33 33
33 35
33 41
33 45
33 56
33 60
33 61
33 62
33 63
33 64
33 65
33 68
33 72
33 75
33 76
33 111
33 112
33 113
34 34
34 35
34 50
34 58
34 64
34 65
34 67
34 94
34 104
34 109
34 110
34 114
35 35
35 45
35 60
35 61
35 64
35 65
35 67
35 92
35 97
35 104
35 112
35 114
36 36
36 37
36 38
36 39
36 40
36 55
36 68
36 72
36 73
36 78
36 79
36 80
36 81
36 83
36 84
36 85
36 87
36 94
36 96
36 97
36 108
36 110
37 37
37 39
37 42
37 46
37 47
37 55
37 72
37 73
37 77
37 79
37 80
37 83
37 87
37 96
37 97
37 98
37 108
37 110
38 38
38 39
38 40
38 54
38 55
38 68
38 69
38 72
38 78
38 79
38 80
38 81
38 83
38 87
38 94
38 96
38 97
38 108
38 110
39 39
39 47
39 54
39 55
39 69
39 72
39 78
39 79
39 80
39 81
39 83
39 87
39 94
39 96
39 97
39 108
39 110
40 40
40 41
40 56
40 57
40 63
40 70
40 72
40 73
40 74
40 75
40 76
40 78
40 79
40 80
40 81
40 85
40 89
40 108
41 41
41 42
41 44
41 45
41 56
41 57
41 61
41 62
41 73
41 74
41 75
41 76
41 106
42 42
42 43
42 44
42 45
42 46
42 47
42 48
42 49
42 51
42 55
42 98
42 100
43 43
43 44
43 45
43 46
43 47
43 48
43 49
43 50
43 51
43 55
43 59
43 98
44 44
44 45
44 46
44 47
44 48
44 49
44 51
44 55
44 59
44 61
44 62
44 65
44 67
44 98
44 106
44 112
44 113
45 45
45 46
45 47
45 48
45 49
45 51
45 55
45 61
45 62
45 65
45 67
45 86
45 98
45 102
45 103
45 106
45 112
45 113
46 46
46 47
46 48
46 49
46 50
46 51
46 52
46 53
46 55
46 59
46 71
46 87
46 96
46 98
47 47
47 48
47 49
47 51
47 53
47 55
47 71
47 77
47 83
47 86
47 87
47 90
47 92
47 96
47 97
47 98
47 99
47 100
47 102
47 104
47 110
47 113
48 48
48 49
48 50
48 51
48 52
48 53
48 54
48 55
48 58
48 59
48 65
48 66
48 67
48 89
48 98
48 106
49 49
49 50
49 51
49 52
49 53
49 55
49 58
49 59
49 65
49 98
49 106
50 50
50 51
50 52
50 53
50 58
50 59
50 65
50 70
50 85
50 110
51 51
51 52
51 53
51 54
51 55
51 58
51 59
51 98
51 99
52 52
52 53
52 54
52 55
52 58
52 59
52 98
53 53
53 55
53 58
53 59
53 70
53 90
53 98
53 99
54 54
54 55
54 59
54 66
54 76
54 89
54 101
55 55
55 59
55 72
55 79
55 80
55 83
55 87
55 96
55 97
55 98
55 108
55 110
56 56
56 57
56 62
56 63
56 81
56 99
56 105
56 107
57 57
57 62
57 63
57 68
57 72
57 73
57 74
57 75
57 76
57 88
57 99
57 105
57 107
57 114
58 58
58 59
58 60
58 65
58 66
58 77
58 86
58 107
59 59
59 66
59 67
59 89
59 98
59 106
60 60
60 61
60 62
60 63
60 64
60 65
60 67
60 74
60 76
60 95
60 107
60 112
60 114
61 61
61 62
61 63
61 64
61 65
61 67
61 74
61 75
61 76
61 86
61 95
61 106
61 107
61 112
61 113
61 114
62 62
62 63
62 72
62 76
62 112
63 63
63 72
63 74
63 75
63 76
63 78
63 81
63 99
63 111
64 64
64 65
64 67
64 85
64 88
64 95
64 105
64 107
64 109
64 114
65 65
65 67
65 71
65 86
65 92
65 95
65 107
65 112
65 113
65 114
66 66
66 67
66 87
66 104
66 112
67 67
67 69
67 90
67 91
67 93
67 103
67 104
67 106
67 107
67 112
68 68
68 69
68 72
68 73
68 75
68 76
68 79
68 80
68 81
68 83
68 87
68 90
68 91
68 93
68 99
68 104
68 111
68 112
69 69
69 78
69 79
69 80
69 81
69 83
69 84
69 87
69 90
69 91
69 93
69 94
69 96
69 104
69 110
70 70
70 71
70 73
70 74
70 75
70 76
70 77
70 82
70 86
71 71
71 73
71 77
71 95
71 104
71 109
71 110
71 113
72 72
72 73
72 74
72 75
72 76
72 78
72 79
72 80
72 81
72 82
72 83
72 84
72 87
72 96
73 73
73 74
73 75
73 76
73 77
73 79
73 95
73 99
73 109
73 113
74 74
74 75
74 76
74 77
74 84
74 95
74 99
75 75
75 76
75 77
75 95
75 99
75 113
75 114
76 76
76 77
76 95
76 99
76 109
76 111
76 113
76 114
77 77
77 87
78 78
78 79
78 80
78 81
78 83
78 84
78 85
78 89
78 105
78 108
79 79
79 80
79 81
79 83
79 84
79 85
79 87
79 89
79 96
79 108
79 110
80 80
80 81
80 82
80 83
80 84
80 87
80 91
80 96
80 97
80 108
80 110
80 111
81 81
81 82
81 83
81 84
81 85
81 91
81 96
82 82
82 83
82 84
82 85
82 86
82 88
82 96
82 110
83 83
83 87
83 91
83 94
83 96
83 97
83 108
83 110
84 84
84 85
84 88
84 96
84 110
85 85
85 88
85 89
85 101
86 86
86 95
86 113
87 87
87 90
87 91
87 94
87 96
87 97
87 98
87 104
87 108
87 110
88 88
88 93
88 94
88 110
88 114
89 89
89 101
89 106
90 90
90 91
90 92
90 93
90 96
90 98
90 99
90 100
90 102
90 104
90 110
90 111
91 91
91 92
91 93
91 94
91 96
91 101
91 103
91 104
91 105
91 110
91 115
92 92
92 93
92 98
92 99
92 100
92 101
92 102
92 104
92 111
93 93
93 94
93 101
93 102
93 103
93 104
93 105
93 110
93 115
94 94
94 96
94 97
94 104
94 108
94 109
94 110
94 115
95 95
95 102
95 103
95 107
95 109
95 113
95 114
95 115
96 96
96 97
96 98
96 108
96 110
97 97
97 104
97 108
97 109
97 110
98 98
98 99
98 102
98 111
99 99
99 100
99 102
99 109
99 111
100 100
100 102
100 103
100 112
101 101
101 102
101 103
102 102
102 103
102 104
102 109
102 111
102 112
102 115
103 103
103 104
103 105
103 107
103 113
103 114
103 115
104 104
104 105
104 109
104 110
104 111
104 112
104 113
104 114
104 115
105 105
105 106
105 107
105 114
105 115
106 106
106 107
106 114
107 107
107 114
107 115
108 108
108 110
109 109
109 113
109 114
109 115
110 110
111 111
111 112
111 113
111 114
112 112
113 113
113 114
114 114
114 115
115 115
