0 0
0 1
0 6
0 18
0 19
0 46
0 52
0 54
0 55
0 56
0 57
0 58
0 59
0 60
0 68
0 75
0 86
0 88
0 89
0 90
0 96
0 98
0 99
0 111
1 1
1 18
1 19
1 52
1 55
1 56
1 57
1 58
1 59
1 60
1 61
1 62
1 68
1 73
1 75
1 77
1 86
1 111
2 2
2 3
2 6
2 7
2 22
2 23
2 54
2 64
2 70
2 83
2 88
3 3
3 4
3 7
3 8
3 14
3 15
3 18
3 19
3 22
3 23
3 34
3 64
3 70
3 82
3 83
3 88
3 89
3 92
3 100
4 4
4 5
4 8
4 9
4 14
4 15
4 18
4 24
4 26
4 48
4 82
4 83
4 90
4 100
4 102
4 104
4 106
4 107
4 108
5 5
5 7
5 9
5 15
5 20
5 23
5 24
5 25
5 26
5 27
5 30
5 34
5 51
5 55
5 65
5 71
5 100
5 102
6 6
6 7
6 12
6 22
6 54
6 83
6 88
6 89
7 7
7 34
7 50
7 51
7 65
7 70
8 8
8 9
8 14
8 23
8 24
8 25
8 64
8 82
8 87
8 91
8 92
8 100
8 102
8 106
9 9
9 13
9 24
9 37
9 42
9 43
9 44
9 45
9 48
9 49
9 50
9 51
9 65
9 100
9 106
10 10
10 11
10 12
10 13
10 16
10 17
10 24
10 28
10 29
10 30
10 31
10 32
10 40
10 55
10 62
10 64
10 72
10 73
10 74
10 75
10 76
10 77
10 84
11 11
11 12
11 13
11 16
11 17
11 29
11 30
11 73
11 74
11 75
11 76
11 77
11 84
11 85
12 12
12 13
12 15
12 16
12 17
12 22
12 23
12 28
12 29
12 30
12 48
12 64
12 65
12 72
12 73
12 74
12 77
12 84
12 85
13 13
13 15
13 16
13 17
13 20
13 27
13 28
13 29
13 30
13 31
13 32
13 64
13 65
13 71
13 72
13 73
13 74
13 75
13 76
13 77
13 78
13 84
13 85
14 14
14 15
14 18
14 22
14 23
14 36
14 64
14 82
14 83
14 88
14 89
14 92
14 106
14 108
14 114
14 115
15 15
15 18
15 20
15 22
15 23
15 24
15 26
15 27
15 30
15 34
15 64
15 70
15 71
15 82
15 83
15 85
15 87
15 89
15 92
15 100
15 102
15 105
15 106
15 108
15 115
16 16
16 17
16 21
16 25
16 28
16 29
16 30
16 31
16 32
16 33
16 37
16 40
16 41
16 55
16 57
16 62
16 63
16 72
16 73
16 74
16 75
16 76
16 77
16 78
16 79
16 80
16 81
16 84
16 85
17 17
17 28
17 29
17 30
17 31
17 32
17 33
17 37
17 41
17 55
17 57
17 62
17 63
17 71
17 72
17 73
17 74
17 76
17 77
17 78
17 79
17 80
17 81
17 84
17 85
18 18
18 19
18 56
18 57
18 58
18 59
18 66
18 68
18 69
18 75
18 82
18 83
18 88
18 89
18 100
18 102
18 106
18 108
19 19
19 31
19 33
19 36
19 41
19 57
19 59
19 62
19 66
19 68
19 69
19 75
19 78
19 80
19 81
19 82
19 86
19 108
19 110
19 111
19 112
20 20
20 21
20 24
20 25
20 26
20 27
20 29
20 30
20 32
20 37
20 38
20 40
20 41
20 71
20 73
20 74
20 75
20 76
20 78
20 95
20 100
20 102
20 104
20 106
20 115
21 21
21 24
21 25
21 26
21 27
21 28
21 29
21 30
21 31
21 32
21 33
21 34
21 38
21 39
21 40
21 41
21 71
21 73
21 74
21 78
21 80
21 81
21 84
21 94
21 95
21 97
21 108
21 109
22 22
22 23
22 24
22 25
22 30
22 31
22 34
22 35
22 54
22 64
22 74
22 83
22 84
22 94
23 23
23 24
23 25
23 30
23 31
23 34
23 35
23 50
23 64
23 65
23 70
23 83
23 84
23 85
23 92
24 24
24 25
24 27
24 28
24 29
24 30
24 31
24 34
24 37
24 40
24 41
24 64
24 65
24 71
24 73
24 74
24 76
24 77
24 78
24 84
24 85
25 25
25 27
25 29
25 30
25 31
25 33
25 34
25 37
25 40
25 41
25 64
25 65
25 71
25 73
25 74
25 76
25 77
25 78
25 84
25 85
25 94
26 26
26 27
26 39
26 41
26 55
26 88
26 89
26 95
26 100
26 102
26 107
26 108
27 27
27 30
27 41
27 71
27 73
27 75
27 95
27 100
27 102
27 115
28 28
28 29
28 30
28 31
28 32
28 33
28 36
28 40
28 41
28 62
28 63
28 71
28 72
28 73
28 74
28 75
28 76
28 77
28 78
28 79
28 80
28 81
28 83
28 84
28 85
29 29
29 30
29 31
29 32
29 33
29 36
29 40
29 41
29 62
29 63
29 71
29 72
29 73
29 74
29 75
29 76
29 77
29 78
29 79
29 80
29 81
29 84
29 85
30 30
30 31
30 32
30 33
30 34
30 40
30 41
30 62
30 64
30 70
30 71
30 72
30 73
30 74
30 75
30 76
30 77
30 78
30 79
30 80
30 81
30 84
30 85
31 31
31 32
31 33
31 34
31 40
31 41
31 62
31 64
31 71
31 72
31 73
31 74
31 75
31 76
31 77
31 78
31 79
31 80
31 81
31 83
31 84
31 85
31 95
31 97
31 108
32 32
32 33
32 40
32 41
32 55
32 60
32 62
32 63
32 71
32 72
32 73
32 74
32 76
32 77
32 78
32 79
32 81
33 33
33 36
33 37
33 38
33 40
33 41
33 62
33 63
33 69
33 71
33 72
33 73
33 74
33 76
33 77
33 78
33 79
33 80
33 81
33 84
33 85
33 94
33 97
33 109
34 34
34 35
34 50
34 64
34 65
34 67
34 70
34 76
34 77
34 83
34 84
34 85
35 35
35 38
35 51
35 67
35 69
35 91
35 92
35 93
35 94
35 103
35 105
35 109
35 110
35 114
36 36
36 37
36 56
36 57
36 62
36 63
36 68
36 69
36 70
36 72
36 74
36 75
36 76
36 78
36 79
36 80
36 81
36 82
36 83
36 84
36 85
36 108
36 112
37 37
37 38
37 39
37 40
37 41
37 54
37 56
37 57
37 68
37 69
37 71
37 73
37 74
37 75
37 76
37 77
37 78
37 79
37 80
37 81
37 94
37 95
37 97
37 108
37 112
38 38
38 39
38 41
38 68
38 69
38 86
38 87
38 93
38 94
38 95
38 97
38 101
38 103
38 104
38 109
38 110
39 39
39 53
39 54
39 56
39 68
39 69
39 82
39 88
39 89
39 90
39 91
39 94
39 95
39 96
39 97
39 98
39 99
39 103
39 107
39 108
39 109
39 110
39 112
39 113
40 40
40 41
40 55
40 57
40 60
40 62
40 63
40 72
40 73
40 74
40 75
40 76
40 77
40 78
40 79
40 80
40 81
40 84
40 95
40 99
40 111
40 113
41 41
41 62
41 72
41 73
41 74
41 75
41 77
41 78
41 80
41 81
41 94
41 95
41 97
41 108
41 109
41 113
42 42
42 43
42 44
42 45
42 46
42 47
42 48
42 49
42 50
42 51
42 96
42 98
42 99
42 111
43 43
43 44
43 45
43 46
43 47
43 48
43 49
43 50
43 51
43 67
43 98
43 99
43 110
44 44
44 45
44 46
44 47
44 48
44 49
44 50
44 51
44 58
44 59
44 66
44 67
44 86
44 90
44 91
44 98
44 103
44 110
45 45
45 46
45 47
45 48
45 49
45 50
45 51
45 59
45 65
45 66
45 67
45 86
45 98
45 103
45 110
46 46
46 47
46 51
46 52
46 53
46 55
46 90
46 96
46 98
46 99
46 111
46 112
46 114
47 47
47 51
47 52
47 53
47 55
47 67
47 88
47 90
47 91
47 96
47 97
47 98
47 99
47 110
47 111
47 112
48 48
48 49
48 50
48 51
48 65
48 67
48 86
48 90
48 91
48 92
48 93
48 101
48 103
48 110
49 49
49 50
49 51
49 59
49 65
49 66
49 67
49 86
49 90
49 91
49 92
49 93
49 98
49 100
49 101
49 103
49 110
50 50
50 51
50 64
50 65
50 67
51 51
51 53
51 65
51 67
51 90
51 92
51 98
51 99
51 110
52 52
52 53
52 54
52 56
52 57
52 58
52 59
52 68
52 88
52 89
52 90
52 91
52 92
52 98
52 99
52 112
53 53
53 54
53 88
53 89
53 90
53 91
53 92
53 94
53 99
53 110
53 112
54 54
54 55
54 56
54 58
54 88
54 89
54 90
54 91
54 93
54 94
54 96
54 97
54 99
54 101
54 107
54 113
54 114
55 55
55 56
55 57
55 60
55 63
55 73
55 75
55 77
55 89
55 96
55 97
55 98
55 99
55 108
55 111
55 112
55 115
56 56
56 57
56 58
56 60
56 63
56 68
56 75
56 88
56 89
56 96
56 98
56 99
56 108
56 111
56 112
56 115
57 57
57 63
57 68
57 75
57 77
57 81
57 88
57 89
57 98
57 99
57 111
57 112
58 58
58 59
58 60
58 61
58 66
58 68
58 86
58 88
58 90
58 98
58 100
58 101
58 102
58 103
58 104
58 106
58 107
59 59
59 60
59 61
59 66
59 67
59 68
59 69
59 86
59 90
59 91
59 100
59 101
59 102
59 103
59 104
59 105
59 106
59 107
59 110
60 60
60 61
60 62
60 63
60 72
60 73
60 75
60 95
60 102
60 104
60 113
61 61
61 63
61 90
61 101
61 103
61 104
61 106
62 62
62 63
62 71
62 72
62 73
62 74
62 75
62 76
62 77
62 78
62 79
62 80
62 81
62 85
63 63
63 71
63 72
63 73
63 76
63 78
63 79
63 80
63 81
63 85
64 64
64 65
64 83
64 84
64 85
65 65
65 67
65 84
65 85
65 100
66 66
66 67
66 69
66 86
66 91
66 101
66 102
66 103
66 104
66 110
67 67
67 69
67 86
67 91
67 92
67 93
67 101
67 103
67 104
67 105
67 110
68 68
68 69
68 75
68 82
68 87
68 88
68 90
68 95
68 102
68 106
68 107
68 108
68 111
69 69
69 80
69 86
69 90
69 91
69 93
69 94
69 97
69 103
69 105
69 107
69 109
69 110
70 70
70 71
70 74
70 76
70 83
70 85
70 89
71 71
71 72
71 73
71 74
71 76
71 77
71 78
71 79
71 85
71 97
72 72
72 73
72 74
72 76
72 77
72 78
72 79
72 80
72 81
72 84
72 85
73 73
73 74
73 75
73 76
73 77
73 78
73 79
73 80
73 81
73 84
73 85
74 74
74 75
74 76
74 77
74 78
74 79
74 80
74 81
74 84
74 85
75 75
75 76
75 77
75 78
75 80
75 81
75 82
75 84
75 85
75 87
75 89
75 108
75 111
76 76
76 77
76 78
76 79
76 80
76 81
76 84
76 85
77 77
77 78
77 79
77 80
77 81
77 84
77 85
77 111
78 78
78 79
78 80
78 81
78 84
78 85
79 79
79 80
79 81
79 84
79 85
80 80
80 81
80 84
80 85
81 81
81 84
81 85
82 82
82 83
82 88
82 89
82 108
83 83
83 85
83 87
83 108
84 84
84 85
85 85
85 87
86 86
87 87
87 92
87 100
87 108
87 109
87 112
87 115
88 88
88 89
88 90
88 91
88 92
88 93
88 96
88 98
88 107
88 108
88 113
89 89
89 99
89 100
89 111
90 90
90 91
90 92
90 93
90 96
90 98
90 99
90 100
90 101
90 102
90 103
90 104
90 105
90 106
90 107
90 110
90 115
91 91
91 92
91 93
91 101
91 103
91 104
91 105
91 107
91 110
91 111
91 113
92 92
92 93
92 100
92 101
92 103
92 104
92 105
92 106
92 107
92 110
92 114
92 115
93 93
93 94
93 100
93 101
93 103
93 104
93 105
93 107
93 109
93 110
94 94
94 95
94 97
94 101
94 103
94 104
94 108
94 109
94 110
94 112
95 95
95 96
95 97
95 102
95 104
95 108
95 109
95 113
96 96
96 97
96 98
96 99
96 110
96 111
96 113
97 97
97 99
97 107
97 108
97 109
97 110
97 112
97 113
98 98
98 99
98 108
98 111
98 112
98 115
99 99
99 108
99 111
99 112
99 115
100 100
100 101
100 102
100 103
100 104
100 106
100 115
101 101
101 102
101 103
101 104
101 105
101 106
101 107
101 109
101 110
102 102
102 103
102 104
102 106
102 107
102 109
102 115
103 103
103 104
103 105
103 106
103 107
103 109
103 110
104 104
104 105
104 106
104 107
104 109
104 110
104 113
104 115
105 105
105 106
105 107
105 109
105 110
105 114
106 106
106 107
106 114
106 115
107 107
107 109
107 110
107 113
108 108
108 109
108 112
109 109
109 110
110 110
110 111
111 111
111 112
111 113
112 112
112 115
113 113
114 114
114 115
115 115
