0 0
0 1
0 6
0 10
0 11
0 14
0 18
0 19
0 30
0 32
0 33
0 57
0 67
0 68
0 70
0 71
0 72
0 75
0 82
0 83
0 93
0 109
0 110
1 1
1 10
1 18
1 19
1 32
1 51
1 57
1 58
1 59
1 61
1 66
1 67
1 68
1 69
1 88
1 109
1 110
2 2
2 3
2 4
2 6
2 7
2 8
2 9
2 10
2 22
2 24
2 25
2 26
2 27
2 38
2 39
2 66
2 67
2 68
2 69
2 86
2 88
2 100
2 101
3 3
3 6
3 7
3 9
3 10
3 11
3 22
3 23
3 50
3 54
3 65
3 86
3 89
3 100
3 104
3 105
4 4
4 5
4 8
4 9
4 24
4 25
4 26
4 27
4 36
4 38
4 39
4 44
4 45
4 49
4 54
4 55
4 64
4 66
4 77
4 94
4 95
4 115
5 5
5 8
5 9
5 22
5 23
5 24
5 25
5 26
5 27
5 34
5 35
5 36
5 38
5 39
5 50
5 54
5 55
5 65
5 77
5 89
5 115
6 6
6 7
6 10
6 11
6 14
6 15
6 20
6 64
6 70
6 83
6 84
6 93
6 113
7 7
7 8
7 10
7 11
7 21
7 22
7 45
7 48
7 65
7 67
7 69
7 88
7 90
7 92
7 93
7 94
7 96
7 100
7 103
7 112
8 8
8 9
8 24
8 25
8 26
8 27
8 36
8 38
8 39
8 45
8 54
8 55
8 64
8 77
8 95
8 115
9 9
9 22
9 23
9 24
9 25
9 26
9 27
9 34
9 35
9 38
9 39
9 50
9 55
9 65
9 67
9 77
9 86
9 88
9 95
10 10
10 11
10 14
10 18
10 22
10 32
10 34
10 65
10 66
10 67
10 68
10 87
11 11
11 13
11 14
11 15
11 21
11 28
11 30
11 31
11 33
11 34
11 35
11 41
11 64
11 65
11 67
11 70
11 71
11 72
11 74
11 75
11 82
11 83
11 84
11 85
11 93
11 110
12 12
12 13
12 14
12 15
12 20
12 21
12 48
12 80
12 82
12 83
12 90
12 91
12 92
12 93
12 102
12 103
12 106
12 107
12 113
13 13
13 14
13 15
13 17
13 21
13 28
13 29
13 31
13 64
13 65
13 71
13 72
13 74
13 75
13 80
13 81
13 83
13 84
13 92
13 93
14 14
14 15
14 20
14 21
14 28
14 29
14 30
14 31
14 33
14 41
14 70
14 71
14 72
14 73
14 74
14 75
14 79
14 81
14 82
14 83
14 84
14 85
14 92
14 93
14 102
14 103
14 111
14 113
15 15
15 20
15 21
15 28
15 29
15 31
15 33
15 35
15 65
15 71
15 72
15 74
15 75
15 79
15 80
15 81
15 82
15 83
15 84
15 85
15 92
15 93
15 113
16 16
16 17
16 28
16 29
16 30
16 31
16 33
16 40
16 41
16 52
16 56
16 60
16 62
16 63
16 71
16 72
16 73
16 74
16 75
16 76
16 78
16 79
16 80
16 81
16 82
16 83
16 84
16 85
16 99
16 102
16 103
16 104
16 111
16 113
17 17
17 28
17 29
17 30
17 31
17 33
17 36
17 40
17 41
17 52
17 56
17 60
17 62
17 63
17 71
17 72
17 73
17 74
17 75
17 76
17 78
17 79
17 80
17 81
17 83
17 84
17 85
18 18
18 19
18 32
18 33
18 47
18 56
18 57
18 58
18 59
18 66
18 68
18 69
18 70
18 71
18 109
18 110
19 19
19 47
19 57
19 58
19 69
19 109
19 110
20 20
20 21
20 22
20 28
20 29
20 30
20 31
20 41
20 70
20 72
20 73
20 74
20 75
20 79
20 81
20 82
20 83
20 84
20 85
20 91
20 93
20 101
20 102
20 103
21 21
21 48
21 67
21 82
21 83
21 84
21 91
21 92
21 93
21 100
21 102
21 103
21 113
22 22
22 23
22 24
22 25
22 26
22 27
22 30
22 50
22 66
22 86
22 88
22 100
22 101
23 23
23 25
23 26
23 27
23 37
23 50
23 51
23 67
23 68
23 85
23 86
23 87
23 89
23 97
23 100
23 101
23 106
24 24
24 25
24 26
24 27
24 34
24 36
24 38
24 39
24 50
24 64
24 66
24 77
24 95
25 25
25 26
25 27
25 34
25 35
25 37
25 38
25 39
25 50
25 64
25 65
25 66
25 77
25 86
25 88
25 89
26 26
26 27
26 38
26 39
26 55
26 59
26 64
26 66
26 88
27 27
27 34
27 35
27 38
27 39
27 48
27 50
27 51
27 59
27 65
27 66
27 67
27 68
27 86
27 87
27 88
27 89
27 100
28 28
28 29
28 30
28 31
28 33
28 40
28 41
28 56
28 62
28 63
28 64
28 71
28 72
28 73
28 74
28 75
28 76
28 78
28 79
28 80
28 81
28 82
28 83
28 84
28 85
28 93
28 99
28 104
28 111
28 113
29 29
29 30
29 31
29 33
29 36
29 40
29 41
29 62
29 63
29 64
29 71
29 72
29 73
29 74
29 75
29 76
29 77
29 78
29 79
29 80
29 81
29 82
29 83
29 84
29 85
29 104
29 111
29 113
30 30
30 31
30 32
30 33
30 41
30 56
30 64
30 70
30 71
30 72
30 73
30 74
30 75
30 76
30 79
30 81
30 82
30 83
30 84
30 85
31 31
31 33
31 40
31 41
31 62
31 64
31 70
31 71
31 72
31 73
31 74
31 75
31 76
31 78
31 79
31 80
31 81
31 82
31 83
31 84
31 85
31 111
32 32
32 33
32 34
32 41
32 56
32 57
32 66
32 67
32 68
32 70
32 71
33 33
33 36
33 40
33 41
33 56
33 57
33 62
33 63
33 64
33 70
33 71
33 72
33 73
33 74
33 75
33 76
33 77
33 78
33 79
33 80
33 81
33 82
33 83
33 84
33 85
34 34
34 35
34 38
34 65
34 66
34 67
34 68
34 77
34 86
34 87
34 88
35 35
35 37
35 38
35 50
35 54
35 65
35 68
35 77
35 85
35 86
35 87
35 89
35 95
36 36
36 37
36 38
36 40
36 41
36 54
36 55
36 62
36 74
36 75
36 76
36 77
36 78
36 80
36 81
36 115
37 37
37 38
37 40
37 54
37 55
37 70
37 77
37 86
37 95
37 109
37 110
38 38
38 39
38 54
38 55
38 77
38 86
38 95
38 115
39 39
39 54
39 55
39 77
39 89
39 105
39 114
39 115
40 40
40 41
40 56
40 62
40 63
40 71
40 72
40 73
40 74
40 75
40 76
40 77
40 78
40 79
40 80
40 81
40 84
40 85
40 105
40 114
40 115
41 41
41 56
41 62
41 63
41 71
41 72
41 73
41 74
41 75
41 76
41 78
41 79
41 80
41 81
41 82
41 83
41 84
41 85
41 111
42 42
42 43
42 44
42 45
42 46
42 47
42 49
42 52
42 53
42 60
42 90
42 94
42 96
42 97
42 98
42 99
42 108
42 111
42 112
42 113
42 114
42 115
43 43
43 44
43 45
43 46
43 47
43 48
43 49
43 51
43 52
43 53
43 54
43 55
43 58
43 59
43 60
43 61
43 87
43 90
43 94
43 95
43 96
43 97
43 98
43 99
43 108
43 109
43 110
43 111
43 115
44 44
44 45
44 46
44 47
44 48
44 49
44 51
44 55
44 58
44 87
44 90
44 94
44 96
44 97
44 98
44 99
44 109
44 110
44 112
44 115
45 45
45 46
45 49
45 55
45 87
45 90
45 94
45 95
45 96
45 97
45 110
45 112
45 115
46 46
46 47
46 49
46 52
46 53
46 54
46 55
46 87
46 94
46 96
46 97
46 98
46 99
46 104
46 105
46 107
46 108
46 111
46 112
46 113
46 114
46 115
47 47
47 49
47 52
47 53
47 54
47 55
47 60
47 94
47 95
47 96
47 97
47 98
47 99
47 108
47 109
47 110
47 111
47 115
48 48
48 49
48 50
48 51
48 58
48 59
48 61
48 66
48 67
48 68
48 69
48 90
48 91
48 92
48 94
48 98
48 100
49 49
49 51
49 58
49 59
49 60
49 61
49 66
49 69
49 94
49 96
49 98
49 108
50 50
50 51
50 61
50 65
50 68
50 69
50 86
50 88
50 89
50 100
51 51
51 52
51 53
51 58
51 59
51 61
51 66
51 67
51 68
51 69
51 90
51 98
51 100
51 102
51 112
52 52
52 53
52 60
52 61
52 62
52 63
52 79
52 90
52 91
52 98
52 99
52 102
52 103
52 104
52 112
52 113
52 114
52 115
53 53
53 55
53 90
53 91
53 97
53 98
53 99
53 102
53 104
53 105
53 107
53 111
53 112
53 113
53 114
53 115
54 54
54 55
54 87
54 89
54 94
54 95
54 96
54 105
54 114
54 115
55 55
55 58
55 87
55 89
55 94
55 95
55 96
55 105
55 114
55 115
56 56
56 57
56 59
56 60
56 61
56 62
56 63
56 71
56 75
56 81
56 82
56 84
57 57
57 59
57 60
57 61
57 63
57 66
57 67
57 68
57 69
57 82
57 88
57 109
58 58
58 59
58 60
58 61
58 66
58 67
58 68
58 69
59 59
59 60
59 61
59 66
59 67
59 68
59 69
59 86
59 100
60 60
60 61
60 62
60 63
60 81
60 98
60 102
61 61
61 63
61 90
61 98
61 102
61 112
62 62
62 63
62 72
62 73
62 74
62 75
62 76
62 78
62 79
62 80
62 81
63 63
63 72
63 73
63 74
63 75
63 76
63 78
63 79
63 80
63 81
63 102
64 64
64 70
64 71
64 73
64 75
64 76
64 77
64 82
64 84
65 65
65 67
65 68
65 86
65 88
65 89
65 92
65 100
66 66
66 67
66 68
66 69
66 86
66 88
66 101
67 67
67 68
67 69
67 86
67 88
67 95
67 100
67 109
67 110
68 68
68 69
68 86
68 88
68 95
68 109
68 110
69 69
69 86
69 88
69 90
69 94
69 95
69 108
69 109
69 110
70 70
70 71
70 73
70 75
70 82
70 83
70 84
70 85
70 101
70 109
71 71
71 72
71 73
71 74
71 75
71 76
71 79
71 80
71 81
71 82
71 83
71 84
71 85
71 111
72 72
72 73
72 74
72 75
72 76
72 78
72 79
72 80
72 81
72 82
72 83
72 84
72 85
72 93
72 99
72 103
72 104
72 111
72 113
73 73
73 74
73 75
73 76
73 77
73 78
73 79
73 80
73 81
73 82
73 83
73 84
73 85
73 111
74 74
74 75
74 76
74 78
74 79
74 80
74 81
74 82
74 83
74 84
74 85
74 111
75 75
75 76
75 77
75 78
75 79
75 80
75 81
75 82
75 83
75 84
75 85
76 76
76 77
76 78
76 79
76 80
76 81
76 84
76 85
76 104
76 105
76 114
77 77
77 78
77 80
77 81
77 85
77 105
78 78
78 79
78 80
78 81
78 84
78 85
78 104
78 105
78 114
78 115
79 79
79 80
79 81
79 82
79 83
79 84
79 85
79 99
79 103
79 104
79 105
79 111
79 113
79 114
80 80
80 81
80 82
80 83
80 84
80 85
80 104
80 105
80 113
80 115
81 81
81 82
81 83
81 84
81 85
81 104
82 82
82 83
82 84
82 85
82 93
82 101
82 103
82 111
83 83
83 84
83 85
83 92
83 93
83 103
83 111
83 113
84 84
84 85
84 93
85 85
85 89
85 106
86 86
86 88
86 94
86 106
86 109
86 110
87 87
87 89
87 96
87 97
88 88
88 100
89 89
89 105
90 90
90 91
90 92
90 93
90 94
90 96
90 97
90 98
90 99
90 100
90 102
90 103
90 106
90 109
90 112
91 91
91 92
91 93
91 98
91 99
91 100
91 102
91 103
91 107
91 112
91 113
91 114
91 115
92 92
92 93
92 97
92 98
92 99
92 100
92 102
92 103
92 106
92 107
92 111
92 112
92 113
92 114
93 93
93 98
93 99
93 100
93 102
93 103
93 111
93 112
93 113
94 94
94 95
94 96
94 97
94 108
94 109
94 110
95 95
95 96
95 108
95 109
95 110
96 96
96 97
96 98
96 99
96 108
96 109
96 110
96 111
96 113
97 97
97 98
97 109
97 110
97 111
98 98
98 99
98 102
98 103
98 109
98 111
98 112
98 113
98 114
99 99
99 102
99 103
99 104
99 105
99 107
99 108
99 111
99 112
99 113
99 114
99 115
100 100
100 101
100 102
100 103
100 112
101 101
101 102
102 102
102 103
102 106
102 112
102 113
103 103
103 104
103 112
103 113
104 104
104 105
104 107
104 112
104 113
104 114
104 115
105 105
105 107
105 113
105 114
105 115
106 106
106 107
107 107
107 108
107 113
107 114
107 115
108 108
108 110
109 109
109 110
110 110
111 111
111 112
111 113
111 114
111 115
112 112
112 113
112 114
112 115
113 113
113 114
113 115
114 114
114 115
115 115
