0 0
0 1
0 16
0 17
0 18
0 19
0 28
0 32
0 40
0 56
0 58
0 63
0 70
0 72
0 74
0 76
0 78
0 80
0 81
1 1
1 16
1 17
1 19
1 26
1 28
1 29
1 32
1 52
1 57
1 62
1 63
1 68
1 70
1 72
1 73
1 76
1 77
1 78
1 79
1 80
1 81
1 83
1 84
1 85
2 2
2 3
2 6
2 7
2 8
2 9
2 12
2 13
2 18
2 22
2 23
2 42
2 48
2 60
2 64
2 65
2 101
3 3
3 6
3 7
3 9
3 11
3 22
3 23
3 25
3 35
3 50
3 64
3 65
3 67
3 71
3 88
3 89
3 90
3 92
3 100
4 4
4 5
4 8
4 12
4 14
4 15
4 18
4 20
4 24
4 26
4 27
4 36
4 38
4 39
4 57
4 58
4 60
4 62
4 66
4 69
4 70
4 72
4 73
4 80
4 81
4 91
4 94
4 97
4 101
4 102
4 103
4 106
5 5
5 8
5 14
5 15
5 22
5 23
5 24
5 25
5 26
5 27
5 38
5 39
5 58
5 60
5 64
5 65
5 66
5 67
5 85
5 86
5 87
5 88
5 89
5 92
5 93
5 94
5 105
5 106
5 115
6 6
6 7
6 8
6 9
6 10
6 11
6 12
6 13
6 33
6 35
6 60
6 61
6 64
6 65
6 100
7 7
7 9
7 11
7 13
7 33
7 35
7 45
7 60
7 61
7 64
7 65
7 67
7 90
7 92
7 100
8 8
8 9
8 12
8 14
8 15
8 24
8 25
8 26
8 27
8 38
8 60
8 64
8 65
8 88
8 89
8 94
8 101
9 9
9 11
9 13
9 35
9 42
9 43
9 44
9 45
9 47
9 60
9 61
9 64
9 65
9 67
9 90
9 92
9 95
9 100
9 106
10 10
10 11
10 12
10 13
10 14
10 16
10 17
10 18
10 19
10 28
10 29
10 36
10 60
10 62
10 70
10 72
10 73
10 74
10 75
10 76
10 77
10 78
10 79
10 80
10 81
10 83
10 91
10 111
10 113
11 11
11 13
11 15
11 23
11 60
11 61
11 63
11 64
11 65
11 85
11 88
11 90
11 92
11 100
12 12
12 13
12 14
12 19
12 28
12 36
12 60
12 70
12 73
12 74
12 76
12 82
12 91
12 101
13 13
13 60
13 61
13 62
13 65
13 77
13 100
14 14
14 15
14 22
14 23
14 24
14 25
14 26
14 27
14 36
14 38
14 39
14 50
14 54
14 64
14 75
14 84
14 85
14 86
14 87
14 88
14 89
14 94
15 15
15 20
15 24
15 25
15 26
15 27
15 38
15 39
15 58
15 60
15 61
15 62
15 63
15 65
15 70
15 73
15 83
15 85
15 87
15 88
15 89
15 94
16 16
16 17
16 19
16 28
16 29
16 31
16 32
16 33
16 37
16 40
16 41
16 52
16 56
16 57
16 61
16 62
16 63
16 68
16 72
16 73
16 76
16 77
16 78
16 79
16 80
16 81
16 83
17 17
17 19
17 28
17 29
17 32
17 33
17 37
17 40
17 52
17 56
17 57
17 62
17 63
17 72
17 73
17 75
17 76
17 77
17 78
17 79
17 80
17 81
17 83
18 18
18 19
18 28
18 30
18 32
18 33
18 62
18 66
18 68
18 70
18 72
18 74
18 75
18 80
18 81
18 83
18 84
18 85
18 91
19 19
19 28
19 29
19 30
19 32
19 33
19 36
19 57
19 62
19 68
19 69
19 70
19 72
19 73
19 74
19 75
19 76
19 78
19 80
19 81
19 83
19 103
20 20
20 24
20 26
20 30
20 35
20 41
20 56
20 68
20 70
20 73
20 75
20 83
21 21
21 23
21 24
21 25
21 31
21 38
21 39
21 41
21 67
21 71
21 85
21 86
21 87
21 89
21 90
21 92
21 104
21 105
21 114
21 115
22 22
22 23
22 25
22 27
22 31
22 43
22 48
22 50
22 51
22 54
22 64
22 65
22 71
22 82
22 84
22 86
22 88
22 89
22 105
23 23
23 25
23 27
23 31
23 45
23 48
23 50
23 54
23 64
23 65
23 67
23 71
23 82
23 84
23 85
23 86
23 87
23 88
23 89
23 92
23 105
23 114
24 24
24 25
24 26
24 27
24 30
24 31
24 75
24 115
25 25
25 27
25 31
25 34
25 35
25 38
25 39
25 50
25 64
25 65
25 67
25 71
25 84
25 86
25 87
25 88
25 89
25 92
25 96
25 105
25 114
25 115
26 26
26 27
26 36
26 38
26 39
26 62
26 69
26 73
26 85
26 87
26 88
26 94
26 97
26 102
26 103
26 106
26 115
27 27
27 34
27 38
27 39
27 48
27 50
27 54
27 64
27 65
27 84
27 86
27 87
27 88
27 89
27 94
27 96
27 105
28 28
28 29
28 30
28 32
28 33
28 36
28 40
28 41
28 56
28 57
28 62
28 66
28 68
28 69
28 70
28 72
28 73
28 74
28 75
28 76
28 77
28 78
28 79
28 80
28 81
28 83
28 97
28 99
28 102
28 113
29 29
29 30
29 31
29 32
29 33
29 37
29 40
29 57
29 62
29 63
29 72
29 73
29 74
29 75
29 76
29 77
29 78
29 79
29 80
29 81
29 83
29 102
30 30
30 31
30 32
30 33
30 56
30 68
30 70
30 72
30 73
30 74
30 75
30 76
30 77
30 78
30 79
30 80
30 81
30 83
30 85
31 31
31 32
31 33
31 35
31 71
31 75
31 76
31 77
31 78
31 79
32 32
32 33
32 35
32 40
32 56
32 57
32 62
32 63
32 66
32 68
32 69
32 72
32 73
32 74
32 76
32 78
32 79
32 80
32 81
32 83
33 33
33 35
33 56
33 61
33 62
33 63
33 68
33 69
33 72
33 76
33 78
33 79
33 80
33 81
34 34
34 35
34 37
34 64
34 65
34 66
34 96
34 97
34 108
34 109
34 110
35 35
35 60
35 61
35 64
35 65
35 67
35 68
35 110
36 36
36 37
36 38
36 41
36 52
36 57
36 62
36 66
36 68
36 69
36 70
36 72
36 73
36 74
36 75
36 76
36 77
36 78
36 79
36 80
36 81
36 83
36 91
36 97
36 99
36 101
36 103
36 112
36 113
36 114
37 37
37 38
37 39
37 54
37 55
37 62
37 72
37 75
37 77
37 96
37 99
37 113
37 114
37 115
38 38
38 39
38 40
38 41
38 54
38 86
38 87
38 89
38 96
38 102
38 104
38 105
38 114
38 115
39 39
39 58
39 86
39 87
39 88
39 89
39 94
39 96
39 104
39 105
39 114
39 115
40 40
40 41
40 46
40 54
40 55
40 68
40 72
40 74
40 78
40 80
40 81
40 82
40 96
40 109
41 41
41 52
41 53
41 54
41 56
41 57
41 70
41 72
41 73
41 74
41 79
41 80
41 81
41 83
41 98
42 42
42 43
42 44
42 45
42 46
42 47
42 48
42 49
42 50
42 51
42 53
42 55
42 82
42 95
42 96
42 98
42 99
42 109
42 110
42 111
42 112
42 113
42 114
43 43
43 44
43 45
43 46
43 47
43 48
43 49
43 50
43 51
43 53
43 55
43 82
43 95
43 96
43 98
43 99
43 109
43 110
43 111
43 113
43 114
44 44
44 45
44 46
44 47
44 48
44 49
44 50
44 51
44 55
44 96
44 98
44 99
44 104
44 111
44 112
44 113
45 45
45 46
45 47
45 48
45 49
45 50
45 51
45 55
45 67
45 95
45 96
45 98
45 111
46 46
46 47
46 48
46 49
46 50
46 51
46 53
46 55
46 82
46 95
46 96
46 98
46 99
46 109
46 110
46 111
46 112
46 113
46 114
47 47
47 48
47 49
47 50
47 51
47 53
47 55
47 82
47 95
47 96
47 98
47 99
47 109
47 110
47 111
47 113
47 114
48 48
48 49
48 50
48 51
48 55
48 82
48 86
48 90
48 93
48 95
48 96
48 98
48 104
48 105
48 113
48 114
49 49
49 50
49 51
49 53
49 55
49 82
49 95
49 96
49 98
49 99
49 104
49 109
49 111
49 113
49 114
50 50
50 51
50 53
50 54
50 55
50 82
50 84
50 86
50 88
50 96
50 105
51 51
51 53
51 55
51 82
51 95
51 96
51 98
51 109
51 111
51 113
52 52
52 53
52 54
52 62
52 63
52 72
52 76
52 77
52 79
52 80
52 81
52 85
52 91
53 53
53 55
53 82
53 95
53 98
53 99
53 108
53 109
53 111
54 54
54 55
54 72
54 82
54 84
54 86
54 89
54 96
54 98
54 105
54 109
54 114
55 55
55 82
55 96
55 98
55 99
55 104
55 105
55 109
55 110
55 111
55 112
55 113
55 114
56 56
56 57
56 58
56 59
56 61
56 62
56 63
56 68
56 72
56 73
56 76
56 78
56 79
56 80
56 81
57 57
57 58
57 59
57 62
57 63
57 66
57 68
57 69
57 72
57 73
57 76
57 78
57 79
57 80
57 81
57 102
57 106
58 58
58 59
58 60
58 61
58 62
58 63
58 66
58 68
58 79
58 81
58 89
58 94
58 103
59 59
59 61
59 63
59 66
59 67
59 68
59 80
59 81
59 89
59 102
59 103
59 104
59 106
60 60
60 61
60 62
60 63
60 64
60 65
60 89
60 100
60 101
61 61
61 62
61 63
61 64
61 65
61 66
61 67
61 100
62 62
62 63
62 66
62 68
62 69
62 70
62 72
62 73
62 75
62 76
62 77
62 78
62 79
62 80
62 81
62 83
62 102
62 103
63 63
63 66
63 68
63 77
63 78
63 79
63 80
63 81
63 83
63 106
64 64
64 65
64 67
64 84
64 88
64 89
64 100
65 65
65 67
65 88
65 89
65 92
65 100
66 66
66 67
66 68
66 69
66 79
66 80
66 81
66 102
66 103
66 104
66 106
67 67
67 85
67 88
67 89
67 90
67 92
67 100
67 105
67 106
67 107
68 68
68 69
68 70
68 72
68 73
68 74
68 75
68 78
68 79
68 80
68 81
68 83
68 97
68 102
68 103
69 69
69 70
69 72
69 73
69 74
69 78
69 80
69 81
69 83
69 94
69 97
69 101
69 102
69 103
69 115
70 70
70 71
70 72
70 73
70 74
70 75
70 76
70 77
70 78
70 80
70 81
70 83
70 84
70 85
70 91
71 71
71 73
71 75
71 76
71 77
71 84
71 85
71 87
71 88
71 89
71 90
71 91
71 92
71 93
71 100
71 105
71 114
71 115
72 72
72 73
72 74
72 75
72 76
72 77
72 78
72 79
72 80
72 81
72 83
72 99
73 73
73 74
73 75
73 76
73 77
73 78
73 79
73 80
73 81
73 83
73 85
74 74
74 75
74 76
74 77
74 78
74 79
74 80
74 81
74 83
74 84
74 85
74 86
74 99
75 75
75 76
75 77
75 78
75 79
75 80
75 81
75 83
75 84
75 85
76 76
76 77
76 78
76 79
76 80
76 81
76 84
76 85
77 77
77 78
77 79
77 80
77 81
77 83
77 85
78 78
78 79
78 80
78 81
78 83
78 110
79 79
79 80
79 81
79 83
80 80
80 81
80 83
80 97
80 99
80 102
80 103
81 81
81 83
81 99
82 82
82 84
82 86
82 109
82 114
83 83
83 85
84 84
84 85
84 87
84 88
84 89
85 85
85 87
85 88
85 89
85 91
85 115
86 86
86 87
86 88
86 105
86 114
87 87
87 88
87 89
87 92
87 94
87 105
87 114
87 115
88 88
88 89
88 90
88 91
88 92
88 93
88 100
88 105
89 89
89 92
89 93
89 100
89 105
90 90
90 91
90 92
90 93
90 95
90 100
90 103
90 104
90 105
91 91
91 92
91 93
91 94
91 97
91 99
91 100
91 101
91 103
91 104
91 111
91 114
91 115
92 92
92 93
92 100
92 105
93 93
93 94
93 97
93 100
93 101
93 103
93 104
93 105
93 107
93 114
94 94
94 97
94 101
94 103
94 105
94 109
94 110
94 115
95 95
95 98
95 104
95 108
95 109
96 96
96 97
96 98
96 99
96 104
96 108
96 109
96 110
96 111
96 112
96 113
96 114
96 115
97 97
97 98
97 99
97 101
97 102
97 103
97 106
97 108
97 109
97 110
97 111
97 113
97 115
98 98
98 99
98 103
98 104
98 108
98 109
98 110
98 111
98 112
98 113
99 99
99 101
99 102
99 103
99 109
99 111
99 112
99 113
99 114
100 100
101 101
101 102
101 103
101 104
101 107
101 108
101 111
101 112
102 102
102 103
102 104
102 106
102 113
103 103
103 104
103 106
103 107
103 111
104 104
104 106
104 112
104 115
105 105
105 114
105 115
106 106
106 107
107 107
108 108
108 109
108 110
108 115
109 109
109 110
109 111
110 110
110 111
110 113
111 111
111 112
111 113
111 114
112 112
112 113
112 114
112 115
113 113
113 114
113 115
114 114
114 115
115 115
