0 0
0 1
0 9
0 10
0 12
0 16
0 19
0 28
0 56
0 61
0 78
0 80
0 83
0 84
0 100
1 1
1 18
1 19
1 20
1 26
1 41
1 48
1 50
1 51
1 52
1 53
1 56
1 57
1 58
1 59
1 61
1 63
1 68
1 69
1 79
1 100
2 2
2 3
2 4
2 6
2 7
2 8
2 18
2 21
2 22
2 23
2 24
2 26
2 34
2 58
2 60
2 61
2 64
2 66
2 67
2 84
2 88
2 89
2 93
2 103
2 113
3 3
3 7
3 11
3 22
3 23
3 25
3 27
3 31
3 32
3 34
3 39
3 64
3 65
3 82
3 83
3 84
3 85
3 86
3 87
3 88
3 89
3 92
3 93
3 111
3 112
4 4
4 5
4 8
4 9
4 10
4 14
4 15
4 20
4 21
4 24
4 25
4 26
4 27
4 46
4 50
4 58
4 59
4 60
4 61
4 66
4 70
4 73
4 84
4 89
4 100
5 5
5 8
5 9
5 14
5 15
5 20
5 21
5 24
5 25
5 26
5 27
5 34
5 37
5 48
5 50
5 51
5 58
5 59
5 61
5 65
5 66
5 67
5 84
5 85
5 89
5 100
5 102
5 104
6 6
6 7
6 8
6 12
6 13
6 18
6 28
6 32
6 33
6 39
6 60
6 61
6 62
6 72
6 82
6 83
6 88
6 99
6 101
6 109
6 110
6 113
7 7
7 13
7 22
7 23
7 39
7 60
7 61
7 64
7 65
7 82
7 84
7 88
7 89
7 90
7 92
7 93
7 112
8 8
8 9
8 10
8 12
8 13
8 14
8 15
8 20
8 24
8 26
8 27
8 28
8 29
8 37
8 50
8 58
8 59
8 60
8 61
8 64
8 66
8 72
8 73
8 84
8 100
8 101
9 9
9 10
9 14
9 15
9 21
9 24
9 25
9 26
9 27
9 34
9 50
9 58
9 59
9 60
9 61
9 64
9 65
9 66
9 67
9 70
9 73
9 78
9 84
9 100
10 10
10 11
10 12
10 13
10 14
10 15
10 16
10 28
10 29
10 50
10 58
10 59
10 60
10 61
10 62
10 63
10 64
10 65
10 66
10 72
10 76
10 78
11 11
11 12
11 13
11 16
11 17
11 39
11 64
11 65
11 82
11 83
11 85
11 88
11 92
11 95
11 111
12 12
12 13
12 14
12 15
12 16
12 28
12 60
12 62
12 64
12 72
12 75
12 76
12 78
12 101
13 13
13 15
13 16
13 17
13 28
13 29
13 39
13 44
13 60
13 61
13 62
13 63
13 71
13 78
13 99
13 106
13 111
14 14
14 15
14 26
14 27
14 28
14 29
14 37
14 50
14 59
14 61
14 66
14 72
14 73
14 76
14 84
14 85
14 101
15 15
15 20
15 24
15 26
15 27
15 28
15 29
15 37
15 50
15 51
15 59
15 61
15 66
15 72
15 73
15 83
15 85
15 100
16 16
16 17
16 19
16 28
16 29
16 56
16 57
16 60
16 62
16 68
16 71
16 72
16 73
16 74
16 75
16 76
16 78
16 79
16 80
16 81
16 83
16 87
16 98
16 99
17 17
17 18
17 19
17 29
17 39
17 52
17 55
17 56
17 57
17 60
17 62
17 63
17 68
17 70
17 71
17 78
17 79
17 80
17 81
17 83
17 86
17 87
17 88
17 95
17 98
17 99
17 105
17 106
17 107
17 108
17 111
18 18
18 19
18 28
18 39
18 41
18 60
18 74
18 82
18 87
18 88
18 98
18 106
18 107
19 19
19 32
19 33
19 41
19 44
19 53
19 68
19 70
19 71
19 73
19 74
19 82
19 83
19 87
19 98
20 20
20 21
20 24
20 26
20 27
20 32
20 37
20 41
20 42
20 46
20 48
20 50
20 51
20 52
20 58
20 59
20 61
20 63
20 66
20 89
20 102
21 21
21 22
21 23
21 24
21 25
21 26
21 27
21 31
21 32
21 33
21 34
21 71
21 87
21 100
21 112
21 113
22 22
22 23
22 24
22 25
22 26
22 27
22 30
22 31
22 32
22 34
22 35
22 54
22 64
22 65
22 82
22 84
22 85
22 86
22 87
22 88
22 89
22 92
22 93
22 110
22 113
23 23
23 24
23 25
23 26
23 27
23 32
23 34
23 35
23 39
23 64
23 83
23 84
23 85
23 86
23 87
23 88
23 89
23 92
23 93
24 24
24 25
24 26
24 27
24 31
24 32
24 33
24 34
24 35
24 59
24 66
24 67
24 70
24 80
24 84
24 85
24 100
24 113
25 25
25 27
25 30
25 31
25 32
25 33
25 34
25 35
25 67
25 70
25 84
25 85
25 93
25 96
25 100
25 113
26 26
26 27
26 37
26 41
26 48
26 50
26 51
26 58
26 59
26 61
26 65
26 66
26 67
26 84
26 85
26 89
26 100
26 104
27 27
27 34
27 37
27 48
27 50
27 51
27 59
27 65
27 66
27 67
27 84
27 85
27 89
27 100
27 102
27 103
27 104
28 28
28 29
28 33
28 36
28 37
28 60
28 62
28 72
28 73
28 74
28 75
28 76
28 77
28 78
28 80
28 81
28 83
28 101
29 29
29 36
29 37
29 62
29 63
29 72
29 73
29 74
29 75
29 76
29 77
29 78
29 79
29 80
29 81
29 83
29 99
30 30
30 31
30 33
30 35
30 38
30 40
30 53
30 54
30 74
30 76
30 82
30 94
30 96
30 102
31 31
31 32
31 33
31 34
31 38
31 53
31 76
31 77
31 82
31 83
31 94
31 96
32 32
32 33
32 80
32 81
32 82
32 83
32 84
32 113
33 33
33 34
33 67
33 72
33 76
33 81
33 82
33 83
34 34
34 35
34 36
34 64
34 65
34 67
34 77
34 84
34 85
34 94
34 96
34 109
34 113
35 35
35 44
35 45
35 47
35 64
35 65
35 67
35 69
35 84
35 110
36 36
36 37
36 38
36 39
36 40
36 41
36 55
36 62
36 72
36 74
36 76
36 77
36 94
36 95
36 96
36 97
36 99
36 105
36 106
36 107
36 109
36 110
36 111
36 115
37 37
37 39
37 40
37 41
37 43
37 55
37 72
37 73
37 76
37 77
37 85
37 94
37 95
37 97
37 101
37 104
37 109
37 110
37 115
38 38
38 39
38 40
38 41
38 47
38 52
38 53
38 54
38 55
38 74
38 76
38 77
38 82
38 86
38 94
38 95
38 96
38 97
38 99
38 105
38 106
38 107
38 109
38 110
38 111
38 114
38 115
39 39
39 41
39 47
39 52
39 53
39 55
39 71
39 82
39 83
39 86
39 87
39 88
39 89
39 95
39 97
39 98
39 99
39 105
39 106
39 107
39 108
39 109
39 110
39 111
39 112
40 40
40 41
40 43
40 52
40 53
40 55
40 72
40 74
40 75
40 76
40 77
40 82
40 94
40 95
40 97
40 99
40 106
40 107
40 111
40 115
41 41
41 49
41 50
41 52
41 53
41 73
41 74
41 75
41 76
41 89
41 95
41 97
41 106
41 107
42 42
42 43
42 44
42 45
42 46
42 47
42 49
42 98
42 110
42 112
43 43
43 44
43 45
43 46
43 47
43 49
43 55
43 72
43 76
43 77
43 96
43 98
43 110
43 112
44 44
44 45
44 46
44 47
44 48
44 49
44 55
44 98
45 45
45 46
45 47
45 49
45 67
45 98
45 110
46 46
46 47
46 48
46 49
46 55
46 58
46 98
46 109
46 110
46 111
47 47
47 49
47 53
47 55
47 77
47 90
47 94
47 95
47 96
47 97
47 98
47 99
47 105
47 109
47 110
47 111
47 112
47 115
48 48
48 49
48 50
48 51
48 52
48 53
48 54
48 58
48 59
48 66
48 94
48 96
48 100
48 102
48 103
48 104
48 107
49 49
49 51
49 53
49 55
49 98
50 50
50 51
50 52
50 53
50 54
50 58
50 59
50 61
50 66
50 89
50 100
50 102
50 104
51 51
51 52
51 53
51 54
51 58
51 59
51 66
51 94
51 100
51 104
52 52
52 53
52 54
52 55
52 58
52 63
52 88
52 89
52 95
52 97
52 99
52 106
52 107
52 110
52 111
52 112
53 53
53 54
53 55
53 74
53 77
53 82
53 90
53 91
53 94
53 95
53 96
53 97
53 98
53 99
53 105
53 106
53 107
53 109
53 111
53 114
53 115
54 54
54 55
54 86
54 88
54 91
54 96
54 97
54 102
54 103
54 104
54 106
54 107
55 55
55 71
55 86
55 87
55 88
55 89
55 91
55 95
55 96
55 97
55 98
55 99
55 105
55 106
55 107
55 108
55 110
55 111
55 112
56 56
56 57
56 60
56 62
56 63
56 68
56 78
56 79
56 80
56 81
56 99
57 57
57 58
57 59
57 61
57 63
57 68
57 69
57 70
57 73
57 79
57 80
57 81
57 100
57 102
58 58
58 59
58 60
58 61
58 63
58 66
58 100
58 104
59 59
59 60
59 61
59 63
59 66
59 67
59 69
59 73
59 100
59 104
60 60
60 61
60 62
60 63
60 64
60 66
60 101
61 61
61 63
61 64
61 65
61 66
61 84
61 100
62 62
62 63
62 66
62 72
62 74
62 76
62 78
62 79
62 80
62 81
62 99
62 111
63 63
63 66
63 72
63 81
63 102
64 64
64 65
64 67
64 84
64 85
64 88
64 89
64 92
65 65
65 67
65 84
65 85
65 89
65 92
66 66
66 67
66 69
66 100
66 101
66 104
67 67
67 69
67 84
67 85
67 93
67 96
67 100
67 103
67 104
68 68
68 69
68 70
68 74
68 79
68 80
68 81
68 86
68 87
68 97
69 69
69 70
69 73
69 80
69 81
69 96
69 100
69 102
69 104
69 105
70 70
70 71
70 73
70 75
70 78
70 79
70 81
70 87
70 91
70 106
71 71
71 73
71 75
71 78
71 79
71 87
71 88
71 95
71 99
71 105
71 106
71 107
71 108
71 111
72 72
72 73
72 74
72 75
72 76
72 77
72 78
72 80
72 81
72 101
73 73
73 74
73 75
73 76
73 77
73 78
73 80
73 81
73 100
73 104
74 74
74 75
74 76
74 77
74 81
74 82
74 99
74 105
74 107
75 75
75 76
75 77
75 78
75 99
75 105
75 106
75 107
75 108
76 76
76 77
76 94
76 95
76 115
77 77
77 94
77 95
77 97
77 99
77 104
77 105
77 109
77 110
77 113
77 114
77 115
78 78
78 79
78 80
78 81
78 87
78 99
78 105
78 106
78 107
79 79
79 80
79 81
79 87
79 98
79 99
79 106
79 107
79 111
80 80
80 81
80 83
80 84
80 87
80 98
80 99
80 100
80 112
80 113
81 81
81 83
81 87
81 98
81 99
82 82
82 83
82 86
82 87
82 93
82 97
82 99
82 109
82 110
82 111
83 83
83 84
83 86
83 87
83 88
83 109
83 110
84 84
84 85
84 86
84 89
84 100
85 85
85 89
85 92
85 100
85 113
86 86
86 87
86 88
86 89
86 92
86 97
86 98
86 99
86 106
86 109
86 110
86 111
86 112
86 113
86 114
87 87
87 88
87 98
87 99
87 105
87 106
87 107
87 108
87 110
87 111
87 114
88 88
88 89
88 92
88 98
88 99
88 106
88 110
88 111
88 112
89 89
89 92
89 97
89 110
89 111
89 112
90 90
90 91
90 92
90 93
90 97
90 98
90 99
90 101
90 105
90 109
90 112
90 113
90 114
91 91
91 92
91 93
91 95
91 96
91 97
91 98
91 99
91 101
91 102
91 103
91 105
91 106
91 107
91 108
91 111
91 113
92 92
92 93
92 99
92 102
92 103
92 111
92 112
92 113
93 93
93 101
93 102
93 103
93 104
93 113
94 94
94 95
94 96
94 97
94 103
94 104
94 109
94 114
94 115
95 95
95 97
95 98
95 99
95 105
95 106
95 107
95 108
95 109
95 110
95 111
95 114
95 115
96 96
96 97
96 100
96 103
96 104
96 105
96 107
96 113
97 97
97 99
97 102
97 103
97 104
97 105
97 107
97 108
97 109
97 110
97 111
97 112
97 114
97 115
98 98
98 99
98 105
98 106
98 108
98 110
98 111
98 112
98 113
99 99
99 105
99 106
99 107
99 108
99 110
99 111
99 112
99 113
99 114
100 100
100 102
100 104
101 101
101 103
101 104
101 109
101 113
102 102
102 103
102 104
102 113
102 115
103 103
103 104
103 105
103 113
103 114
104 104
104 109
104 113
104 114
104 115
105 105
105 106
105 107
105 108
105 111
105 114
105 115
106 106
106 107
106 108
106 111
106 114
107 107
107 108
107 111
107 114
108 108
108 110
108 111
108 114
109 109
109 110
109 111
109 112
109 113
109 114
109 115
110 110
110 111
110 112
110 113
110 115
111 111
111 112
111 114
111 115
112 112
112 113
112 115
113 113
113 114
114 114
114 115
115 115
