0 0
0 1
0 2
0 3
0 6
0 8
0 10
0 11
0 12
0 14
0 15
0 18
0 22
0 28
0 30
0 33
0 50
0 59
0 64
0 68
0 82
0 83
0 88
0 93
1 1
1 2
1 3
1 7
1 8
1 9
1 10
1 11
1 14
1 15
1 18
1 19
1 51
1 58
1 61
1 64
1 65
1 88
1 92
1 100
2 2
2 3
2 5
2 6
2 7
2 8
2 10
2 11
2 14
2 15
2 18
2 22
2 25
2 30
2 31
2 33
2 35
2 50
2 59
2 64
2 82
2 88
2 92
2 93
2 100
2 101
3 3
3 5
3 7
3 8
3 9
3 10
3 11
3 14
3 15
3 18
3 22
3 23
3 25
3 27
3 30
3 64
3 82
3 88
3 92
3 93
3 100
3 101
3 104
3 115
4 4
4 5
4 8
4 26
4 31
4 50
4 51
4 64
4 88
4 93
5 5
5 7
5 8
5 9
5 14
5 15
5 18
5 22
5 23
5 25
5 26
5 30
5 31
5 50
5 64
5 88
5 91
5 92
5 93
5 112
5 114
6 6
6 7
6 8
6 30
6 31
6 32
6 33
6 59
6 66
6 68
6 71
6 100
6 103
7 7
7 8
7 9
7 15
7 18
7 30
7 31
7 64
7 65
7 68
7 92
7 93
7 100
7 103
7 112
7 115
8 8
8 9
8 10
8 11
8 14
8 15
8 18
8 22
8 30
8 59
8 64
8 65
8 83
8 88
8 92
8 93
9 9
9 11
9 15
9 23
9 51
9 64
9 65
9 69
9 83
9 88
9 92
9 100
10 10
10 11
10 12
10 14
10 15
10 18
10 19
10 22
10 28
10 33
10 56
10 64
10 68
10 82
10 83
10 84
10 88
10 93
11 11
11 12
11 13
11 14
11 15
11 18
11 19
11 28
11 33
11 61
11 64
11 65
11 82
11 83
11 84
11 85
11 88
11 92
11 104
12 12
12 13
12 14
12 15
12 28
12 29
12 32
12 33
12 56
12 64
12 65
12 68
12 72
12 82
12 83
12 88
12 104
13 13
13 15
13 16
13 17
13 28
13 29
13 32
13 36
13 56
13 60
13 61
13 62
13 65
13 68
13 69
13 71
13 72
13 80
13 83
14 14
14 15
14 18
14 19
14 22
14 28
14 30
14 31
14 33
14 50
14 59
14 64
14 82
14 83
14 88
14 92
14 93
15 15
15 18
15 22
15 23
15 28
15 30
15 64
15 65
15 82
15 83
15 88
15 92
15 104
16 16
16 17
16 19
16 28
16 29
16 36
16 52
16 56
16 57
16 60
16 61
16 62
16 63
16 69
16 72
16 73
16 75
16 78
16 79
16 80
16 81
16 83
16 84
16 85
16 111
17 17
17 19
17 28
17 29
17 36
17 52
17 56
17 57
17 60
17 61
17 62
17 63
17 68
17 69
17 70
17 72
17 73
17 78
17 79
17 80
17 81
17 83
17 85
18 18
18 19
18 22
18 30
18 31
18 33
18 50
18 59
18 64
18 82
18 83
18 84
18 88
18 91
18 92
18 93
18 101
19 19
19 23
19 28
19 33
19 56
19 60
19 61
19 62
19 63
19 64
19 65
19 69
19 83
19 84
19 85
20 20
20 21
20 24
20 25
20 26
20 27
20 30
20 31
20 35
20 37
20 38
20 39
20 40
20 41
20 42
20 43
20 44
20 45
20 47
20 48
20 50
20 54
20 55
20 66
20 71
20 77
20 87
20 94
20 96
20 97
20 98
20 99
20 110
20 111
20 112
20 113
20 114
21 21
21 24
21 25
21 26
21 27
21 31
21 35
21 37
21 38
21 39
21 40
21 41
21 43
21 45
21 47
21 48
21 50
21 54
21 66
21 67
21 71
21 94
21 95
21 96
21 105
21 106
21 110
21 113
21 114
21 115
22 22
22 24
22 25
22 26
22 27
22 30
22 31
22 35
22 50
22 51
22 64
22 82
22 86
22 87
22 88
22 92
22 93
22 109
23 23
23 84
23 89
23 92
24 24
24 25
24 26
24 27
24 38
24 43
24 45
24 50
24 54
24 55
24 66
24 67
24 87
24 89
24 96
24 110
25 25
25 26
25 27
25 30
25 31
25 35
25 37
25 39
25 40
25 41
25 50
25 66
25 67
25 71
25 82
25 87
25 88
25 94
25 96
25 107
25 110
25 114
26 26
26 27
26 31
26 35
26 38
26 39
26 40
26 41
26 43
26 45
26 47
26 50
26 51
26 66
26 71
26 88
26 89
26 91
26 92
26 93
26 96
26 101
26 107
26 110
26 112
26 113
26 114
26 115
27 27
27 31
27 35
27 36
27 37
27 38
27 39
27 40
27 41
27 43
27 45
27 47
27 48
27 50
27 51
27 66
27 67
27 71
27 77
27 87
27 88
27 89
27 96
27 106
27 110
27 114
28 28
28 29
28 30
28 32
28 33
28 36
28 56
28 68
28 72
28 74
28 75
28 78
28 80
28 82
28 83
29 29
29 32
29 36
29 40
29 56
29 57
29 60
29 61
29 62
29 63
29 68
29 69
29 70
29 71
29 72
29 73
29 75
29 76
29 77
29 78
29 79
29 80
29 81
29 83
30 30
30 31
30 33
30 35
30 50
30 64
30 71
30 75
30 82
30 88
30 93
30 101
31 31
31 33
31 35
31 40
31 41
31 66
31 71
31 75
31 82
31 93
31 101
32 32
32 33
32 36
32 71
32 72
32 73
32 83
32 86
32 103
32 108
33 33
33 34
33 35
33 64
33 82
33 83
33 101
34 34
34 35
34 37
34 43
34 44
34 45
34 46
34 47
34 55
34 66
34 67
34 73
34 74
34 76
34 77
34 86
34 87
34 96
34 97
34 105
34 110
34 111
35 35
35 39
35 44
35 45
35 47
35 50
35 66
35 67
35 71
35 77
35 82
35 88
35 94
35 96
35 97
35 107
35 110
35 111
35 113
36 36
36 37
36 38
36 39
36 40
36 41
36 47
36 48
36 54
36 56
36 57
36 62
36 63
36 70
36 71
36 72
36 73
36 74
36 75
36 76
36 77
36 78
36 80
36 81
36 85
36 86
36 110
36 111
37 37
37 38
37 39
37 40
37 41
37 43
37 45
37 47
37 54
37 56
37 66
37 67
37 70
37 71
37 73
37 74
37 75
37 76
37 77
37 85
37 86
37 96
37 97
37 98
37 99
37 105
37 106
37 109
37 110
37 111
38 38
38 39
38 40
38 41
38 42
38 46
38 47
38 52
38 53
38 54
38 55
38 70
38 71
38 73
38 77
38 86
38 87
38 89
38 95
38 96
38 97
38 98
38 99
38 110
38 111
38 113
39 39
39 40
39 41
39 42
39 43
39 44
39 45
39 47
39 48
39 54
39 55
39 66
39 67
39 70
39 71
39 77
39 89
39 94
39 95
39 96
39 97
39 98
39 99
39 105
39 110
39 111
39 112
39 113
40 40
40 41
40 47
40 54
40 55
40 70
40 71
40 72
40 73
40 74
40 75
40 76
40 77
40 89
40 94
40 96
40 98
40 110
40 111
41 41
41 42
41 46
41 47
41 53
41 54
41 55
41 66
41 70
41 71
41 72
41 73
41 74
41 75
41 76
41 77
41 86
41 94
41 95
41 96
41 97
41 98
41 99
41 105
41 107
41 110
41 111
41 114
42 42
42 43
42 44
42 45
42 46
42 47
42 48
42 49
42 50
42 52
42 53
42 54
42 55
42 57
42 66
42 67
42 73
42 90
42 94
42 96
42 97
42 98
42 99
42 110
42 111
42 112
43 43
43 44
43 45
43 46
43 47
43 48
43 49
43 50
43 51
43 52
43 54
43 57
43 63
43 66
43 67
43 81
43 94
43 96
43 97
43 99
43 110
43 111
43 114
44 44
44 45
44 46
44 47
44 48
44 49
44 50
44 51
44 54
44 55
44 66
44 67
44 90
44 96
44 97
44 98
44 99
44 110
44 111
44 113
45 45
45 47
45 48
45 49
45 50
45 51
45 66
45 67
45 96
45 110
45 111
45 113
46 46
46 47
46 49
46 52
46 53
46 54
46 55
46 57
46 66
46 73
46 74
46 86
46 89
46 90
46 96
46 97
46 98
46 99
46 110
46 111
47 47
47 48
47 51
47 52
47 53
47 54
47 55
47 66
47 67
47 77
47 86
47 87
47 89
47 94
47 95
47 96
47 97
47 98
47 99
47 109
47 110
47 111
48 48
48 49
48 50
48 51
48 66
48 67
48 81
48 96
48 110
48 111
49 49
49 51
49 52
49 55
49 57
49 60
49 61
49 63
49 78
49 79
49 81
49 90
49 96
49 98
49 99
50 50
50 51
50 64
50 66
50 67
50 88
50 93
50 94
50 96
50 110
51 51
51 58
51 67
51 88
51 89
51 110
52 52
52 53
52 54
52 55
52 57
52 63
52 73
52 80
52 81
52 84
52 89
52 90
52 98
52 99
52 111
52 112
53 53
53 54
53 55
53 57
53 66
53 70
53 72
53 73
53 74
53 75
53 76
53 86
53 89
53 90
53 96
53 97
53 98
53 99
53 105
53 112
54 54
54 55
54 57
54 70
54 73
54 74
54 75
54 76
54 77
54 86
54 87
54 89
54 94
54 96
54 97
54 98
54 99
54 109
54 110
54 111
55 55
55 66
55 70
55 73
55 74
55 76
55 86
55 89
55 90
55 96
55 97
55 98
55 99
55 110
55 111
55 112
56 56
56 57
56 60
56 61
56 62
56 63
56 68
56 69
56 72
56 73
56 75
56 76
56 77
56 78
56 79
56 80
56 81
56 85
56 99
57 57
57 60
57 61
57 62
57 63
57 69
57 73
57 74
57 78
57 79
57 80
57 81
57 84
57 85
57 99
58 58
58 60
58 61
58 62
58 63
58 64
58 65
58 69
58 85
58 100
58 108
59 59
59 61
59 64
59 69
60 60
60 61
60 62
60 63
60 65
60 69
60 78
60 79
60 80
60 81
60 85
60 108
61 61
61 62
61 63
61 64
61 65
61 69
61 78
61 79
61 80
61 81
61 83
61 85
62 62
62 63
62 69
62 72
62 78
62 79
62 80
62 81
62 84
62 85
62 104
63 63
63 69
63 78
63 79
63 80
63 81
63 84
63 85
64 64
64 65
64 82
64 88
64 92
64 100
65 65
65 108
66 66
66 67
66 71
66 94
66 96
66 97
66 98
66 99
66 102
66 103
66 105
66 110
66 111
66 113
67 67
67 96
67 102
67 110
67 111
67 113
68 68
68 72
68 73
68 83
69 69
69 78
69 79
69 80
69 81
69 83
69 85
70 70
70 71
70 72
70 73
70 74
70 75
70 76
70 77
70 89
70 98
70 109
71 71
71 72
71 73
71 75
71 76
71 77
71 95
71 100
71 103
71 105
71 106
71 110
72 72
72 73
72 74
72 75
72 76
72 77
72 83
72 108
73 73
73 74
73 75
73 76
73 77
73 86
73 89
73 96
73 97
73 98
73 99
73 111
74 74
74 75
74 76
74 77
74 86
74 97
74 98
74 99
74 105
75 75
75 76
75 77
75 86
75 98
76 76
76 77
76 86
76 98
76 99
76 100
76 105
76 109
77 77
77 82
77 86
77 100
77 105
77 106
77 109
77 110
78 78
78 79
78 80
78 81
78 83
78 84
78 85
79 79
79 80
79 81
79 84
79 85
80 80
80 81
80 83
80 84
80 85
81 81
81 84
81 85
82 82
82 83
82 87
82 88
82 104
82 109
83 83
83 84
84 84
84 85
84 87
85 85
85 87
85 89
86 86
86 87
86 94
86 97
86 109
87 87
87 89
88 88
88 92
88 93
89 89
89 96
89 98
89 99
90 90
90 91
90 92
90 97
90 98
90 99
90 111
90 112
91 91
91 92
91 93
91 99
91 112
92 92
92 93
92 100
92 101
92 112
92 115
93 93
93 100
93 101
93 103
93 105
93 107
93 112
93 114
93 115
94 94
94 95
94 96
94 97
94 107
94 109
94 110
94 111
94 115
95 95
95 96
95 97
95 105
95 107
95 109
95 113
95 115
96 96
96 97
96 98
96 99
96 105
96 110
96 111
96 112
96 113
96 114
97 97
97 98
97 99
97 103
97 105
97 107
97 110
97 111
97 112
97 113
98 98
98 99
98 103
98 105
98 110
98 111
98 112
99 99
99 105
99 110
99 111
99 112
100 100
100 101
100 102
100 103
100 104
100 105
100 106
100 107
100 114
101 101
101 102
101 103
101 104
101 105
101 106
101 107
101 113
101 114
101 115
102 102
102 103
102 104
102 106
102 114
103 103
103 105
103 113
104 104
104 106
104 114
105 105
105 106
105 107
105 110
105 112
105 113
105 114
105 115
106 106
106 114
107 107
107 111
107 113
107 115
108 108
109 109
109 110
110 110
110 111
110 113
110 114
111 111
111 112
111 115
112 112
112 113
112 114
112 115
113 113
114 114
114 115
115 115
