0 0
0 1
0 2
0 7
0 18
0 19
0 32
0 56
0 57
0 58
0 59
0 60
0 62
0 63
0 66
0 68
0 69
0 101
1 1
1 3
1 7
1 18
1 19
1 32
1 56
1 57
1 58
1 59
1 62
1 68
1 69
1 82
1 101
1 102
1 103
1 104
1 113
2 2
2 3
2 6
2 7
2 8
2 12
2 18
2 19
2 22
2 23
2 58
2 59
2 66
2 67
2 69
2 82
2 103
3 3
3 6
3 7
3 18
3 19
3 22
3 23
3 52
3 53
3 59
3 68
3 69
3 82
3 83
3 88
3 90
3 91
3 93
3 101
3 102
3 104
4 4
4 5
4 6
4 7
4 8
4 9
4 20
4 26
4 27
4 33
4 35
4 64
4 67
5 5
5 9
5 11
5 15
5 21
5 26
5 27
5 30
5 35
5 61
5 71
5 86
5 87
6 6
6 7
6 8
6 12
6 22
6 45
6 58
6 59
6 67
7 7
7 18
7 19
7 23
7 59
7 69
7 88
8 8
8 12
8 14
8 24
8 33
8 45
8 64
8 66
8 67
8 69
9 9
9 11
9 13
9 15
9 21
9 26
9 27
9 29
9 30
9 33
9 60
9 61
9 63
9 64
9 87
10 10
10 12
10 13
10 17
10 48
10 58
10 60
10 61
10 62
10 63
10 66
10 74
11 11
11 13
11 15
11 17
11 21
11 29
11 30
11 31
11 61
11 63
11 75
12 12
12 13
12 14
12 44
12 45
12 48
12 49
12 58
12 60
12 62
12 66
12 79
12 106
13 13
13 15
13 17
13 21
13 23
13 29
13 60
13 61
13 63
13 65
13 71
13 73
13 74
13 75
13 76
13 77
13 79
13 106
14 14
14 22
14 24
14 25
14 50
14 64
14 65
14 104
15 15
15 16
15 17
15 20
15 21
15 26
15 27
15 28
15 29
15 30
15 31
15 60
15 62
15 63
15 71
15 72
15 75
15 76
15 79
15 80
15 86
15 87
15 97
16 16
16 17
16 21
16 27
16 28
16 29
16 30
16 31
16 32
16 33
16 36
16 44
16 49
16 56
16 60
16 62
16 63
16 71
16 72
16 73
16 74
16 75
16 76
16 77
16 78
16 79
16 80
16 81
16 86
16 87
16 94
16 97
16 106
17 17
17 21
17 28
17 29
17 30
17 31
17 32
17 49
17 60
17 62
17 63
17 70
17 71
17 72
17 73
17 74
17 75
17 76
17 77
17 78
17 79
17 80
17 81
17 97
17 106
18 18
18 19
18 32
18 46
18 54
18 57
18 58
18 59
18 62
18 66
18 68
18 69
18 103
18 104
18 112
19 19
19 23
19 39
19 46
19 52
19 53
19 56
19 57
19 58
19 59
19 68
19 69
19 82
19 90
19 91
19 93
19 98
19 101
19 103
19 104
20 20
20 21
20 24
20 25
20 26
20 27
20 28
20 29
20 30
20 31
20 34
20 36
20 37
20 41
20 42
20 43
20 64
20 71
20 72
20 73
20 75
20 76
20 77
20 84
20 85
20 86
20 87
20 97
20 108
21 21
21 26
21 27
21 28
21 29
21 30
21 31
21 34
21 35
21 36
21 37
21 41
21 63
21 64
21 71
21 72
21 73
21 74
21 75
21 76
21 77
21 78
21 79
21 86
21 87
21 97
22 22
22 23
22 24
22 25
22 65
22 70
22 83
23 23
23 35
23 56
23 58
23 61
23 101
24 24
24 25
24 30
24 31
24 33
24 34
24 37
24 64
24 65
24 71
24 75
24 77
24 79
24 84
24 85
24 87
24 97
24 110
25 25
25 30
25 31
25 37
25 64
25 65
25 71
25 77
25 78
25 83
25 84
25 85
25 87
25 94
25 95
25 97
25 108
25 110
26 26
26 27
26 30
26 31
26 32
26 33
26 35
26 64
26 71
26 86
26 87
27 27
27 29
27 30
27 31
27 33
27 35
27 64
27 71
27 72
27 86
27 87
28 28
28 29
28 30
28 31
28 32
28 34
28 36
28 37
28 40
28 41
28 44
28 55
28 60
28 62
28 63
28 71
28 72
28 73
28 74
28 75
28 76
28 77
28 78
28 79
28 80
28 81
28 86
28 87
28 94
28 97
28 106
28 107
28 108
28 114
29 29
29 30
29 31
29 32
29 33
29 34
29 36
29 37
29 40
29 41
29 55
29 60
29 62
29 63
29 64
29 71
29 72
29 73
29 74
29 75
29 76
29 77
29 78
29 79
29 80
29 81
29 86
29 87
29 95
29 97
29 106
29 107
29 114
30 30
30 31
30 32
30 33
30 34
30 37
30 60
30 62
30 63
30 64
30 71
30 72
30 73
30 74
30 75
30 76
30 77
30 78
30 79
30 80
30 81
30 86
30 87
30 94
30 95
30 97
30 108
31 31
31 33
31 34
31 64
31 65
31 70
31 71
31 72
31 73
31 75
31 76
31 77
31 78
31 79
31 80
31 81
31 86
31 87
31 97
32 32
32 33
32 57
32 60
32 62
32 63
32 66
32 72
32 73
32 74
32 76
32 77
32 79
33 33
33 34
33 35
33 64
33 65
33 71
33 73
33 76
33 77
33 79
34 34
34 35
34 36
34 38
34 41
34 64
34 65
34 71
34 73
34 75
34 76
34 77
34 114
35 35
35 42
35 56
35 61
35 67
35 75
36 36
36 37
36 38
36 39
36 40
36 41
36 54
36 55
36 62
36 70
36 72
36 76
36 80
36 84
36 86
36 87
36 96
36 97
36 113
36 114
37 37
37 38
37 39
37 40
37 41
37 43
37 54
37 55
37 72
37 75
37 76
37 78
37 80
37 83
37 84
37 85
37 86
37 87
37 89
37 94
37 96
37 97
37 99
37 105
37 108
37 110
37 111
37 112
37 113
37 114
38 38
38 39
38 40
38 41
38 54
38 55
38 78
38 84
38 87
38 88
38 89
38 94
38 96
38 97
38 99
38 104
38 105
38 110
38 111
38 112
38 113
38 114
39 39
39 40
39 41
39 46
39 55
39 76
39 87
39 96
39 105
39 113
39 114
40 40
40 41
40 54
40 55
40 72
40 74
40 78
40 84
40 85
40 86
40 89
40 94
40 96
40 105
40 114
41 41
41 54
41 55
41 72
41 73
41 74
41 75
41 76
41 77
41 80
41 82
41 83
41 84
41 85
41 86
41 87
41 89
41 94
41 96
41 105
41 110
41 111
41 113
41 114
42 42
42 43
42 44
42 45
42 46
42 47
42 53
43 43
43 44
43 45
43 46
43 55
43 85
43 94
43 96
43 97
43 99
43 105
43 107
43 108
43 109
43 110
43 111
44 44
44 45
44 46
44 47
44 48
44 49
44 51
44 55
44 72
44 74
44 75
44 76
44 77
44 79
44 81
44 94
44 96
44 106
44 107
45 45
45 46
45 47
45 48
45 49
45 51
45 59
45 65
45 66
45 67
45 90
45 91
46 46
46 47
46 49
46 55
46 68
46 69
46 91
46 93
46 96
46 98
46 99
46 102
46 103
46 104
46 111
46 113
47 47
47 48
47 51
47 53
47 59
47 66
47 67
47 90
47 91
47 101
47 109
48 48
48 49
48 50
48 51
48 52
48 58
48 59
48 90
48 91
48 93
48 98
48 100
48 101
48 102
49 49
49 51
49 60
49 62
49 73
49 74
49 75
49 79
49 81
49 106
49 107
50 50
50 51
50 52
50 53
50 69
50 82
50 83
50 84
50 85
50 88
50 89
50 90
50 91
50 92
50 93
50 98
50 100
50 102
50 104
50 105
50 113
51 51
51 52
51 53
51 59
51 85
51 90
51 91
51 93
51 98
51 100
52 52
52 53
52 54
52 58
52 59
52 68
52 69
52 82
52 88
52 89
52 90
52 91
52 92
52 93
52 98
52 100
52 101
52 102
52 103
52 104
52 112
52 113
53 53
53 56
53 59
53 68
53 69
53 82
53 89
53 90
53 91
53 92
53 93
53 98
53 99
53 100
53 101
53 102
53 111
53 112
54 54
54 55
54 68
54 72
54 86
54 88
54 89
54 92
54 93
54 94
54 95
54 96
54 97
54 98
54 99
54 111
54 112
54 113
54 114
55 55
55 72
55 76
55 86
55 87
55 89
55 94
55 95
55 96
55 97
55 99
55 108
55 109
55 110
55 111
55 112
55 113
55 114
56 56
56 57
56 60
56 62
56 63
56 68
56 80
56 101
57 57
57 58
57 59
57 62
57 63
57 66
57 68
57 69
57 80
57 104
58 58
58 59
58 60
58 61
58 66
58 67
58 68
58 69
58 90
58 101
59 59
59 61
59 66
59 67
59 68
59 69
59 82
59 90
59 91
59 92
59 93
59 98
59 100
59 101
59 102
59 103
59 104
60 60
60 61
60 62
60 63
60 66
60 72
60 73
60 74
60 76
60 79
60 106
61 61
61 63
61 92
61 100
62 62
62 63
62 72
62 73
62 76
62 77
62 78
62 79
62 80
62 81
62 95
62 106
62 107
62 109
63 63
63 72
63 73
63 74
63 75
63 76
63 77
63 79
63 80
63 81
63 86
63 87
64 64
64 65
64 71
64 84
64 85
64 86
64 87
64 108
64 110
65 65
65 67
65 71
66 66
66 67
66 68
66 69
66 106
67 67
67 69
67 90
67 91
68 68
68 69
68 82
68 88
68 90
68 91
68 92
68 93
68 101
68 102
68 103
68 104
68 105
68 112
68 113
68 115
69 69
69 82
69 90
69 91
69 92
69 93
69 100
69 101
69 102
69 103
69 104
69 105
70 70
70 71
70 73
70 76
70 77
71 71
71 72
71 73
71 74
71 75
71 76
71 77
71 78
71 79
71 86
71 87
71 95
71 97
71 106
71 107
71 108
72 72
72 73
72 74
72 75
72 76
72 77
72 78
72 79
72 80
72 81
72 86
72 87
72 94
72 95
72 97
72 106
72 107
72 114
73 73
73 74
73 75
73 76
73 77
73 78
73 79
73 80
73 81
73 86
73 87
73 97
74 74
74 75
74 76
74 77
74 79
74 80
74 81
74 86
75 75
75 76
75 77
75 79
75 86
75 97
75 106
76 76
76 77
76 78
76 79
76 80
76 81
76 86
76 87
76 97
76 106
76 114
77 77
77 78
77 79
77 81
77 86
77 97
77 106
77 114
78 78
78 79
78 80
78 81
78 85
78 87
78 94
78 96
78 97
78 107
78 111
78 114
79 79
79 80
79 81
79 86
79 94
79 95
79 97
79 106
79 107
80 80
80 81
80 87
80 94
80 99
80 111
80 113
80 114
81 81
81 85
81 87
81 94
82 82
82 83
82 89
82 91
82 93
82 98
82 100
82 102
82 103
82 104
82 105
82 113
83 83
83 84
83 85
83 89
83 91
83 94
83 102
83 105
83 110
83 115
84 84
84 85
84 86
84 87
84 89
84 94
84 97
84 99
84 105
84 110
85 85
85 87
85 89
85 94
85 96
85 97
85 105
85 108
85 110
85 111
85 115
86 86
86 87
86 95
86 97
86 108
87 87
87 89
87 94
87 97
87 110
87 113
87 114
88 88
88 89
88 96
88 98
88 102
88 103
88 104
88 105
88 107
88 111
88 112
89 89
89 90
89 91
89 92
89 93
89 94
89 96
89 98
89 99
89 100
89 102
89 105
89 111
89 112
89 113
90 90
90 91
90 92
90 93
90 98
90 99
90 100
90 101
90 102
90 103
90 104
90 112
90 115
91 91
91 92
91 93
91 98
91 99
91 100
91 101
91 102
91 103
91 104
91 105
91 112
92 92
92 93
92 98
92 99
92 100
92 101
92 102
92 103
92 104
92 111
92 112
92 113
93 93
93 98
93 99
93 100
93 101
93 102
93 103
93 104
93 105
93 111
93 112
93 113
94 94
94 95
94 96
94 97
94 99
94 105
94 107
94 108
94 109
94 110
94 111
94 112
94 113
94 114
94 115
95 95
95 97
95 106
95 107
95 108
95 109
95 115
96 96
96 97
96 98
96 99
96 104
96 105
96 107
96 110
96 111
96 112
96 113
96 114
97 97
97 99
97 106
97 107
97 108
97 109
97 110
97 111
97 114
98 98
98 99
98 100
98 101
98 102
98 103
98 104
98 111
98 112
98 113
99 99
99 101
99 102
99 103
99 104
99 105
99 110
99 111
99 112
99 113
99 114
100 100
100 101
100 102
100 103
100 104
100 105
100 112
100 113
101 101
101 102
101 103
101 112
102 102
102 103
102 104
102 105
102 111
102 112
102 113
102 115
103 103
103 104
103 105
103 111
103 112
103 113
104 104
104 105
104 111
104 112
104 113
104 115
105 105
105 110
105 111
105 112
105 113
105 114
105 115
106 106
106 107
106 114
107 107
107 108
107 114
108 108
108 109
108 115
109 109
109 115
110 110
110 111
110 113
110 114
110 115
111 111
111 112
111 113
111 114
111 115
112 112
112 113
112 115
113 113
113 114
114 114
115 115
