0 0
0 1
0 6
0 10
0 11
0 12
0 13
0 16
0 18
0 19
0 52
0 54
0 56
0 58
0 59
0 60
0 61
0 62
0 63
0 65
0 68
0 69
0 72
0 76
0 87
0 89
0 93
0 96
0 99
0 100
0 101
0 102
0 103
0 107
0 109
1 1
1 10
1 11
1 12
1 13
1 16
1 18
1 19
1 32
1 52
1 54
1 58
1 59
1 60
1 61
1 62
1 63
1 65
1 68
1 69
1 72
1 76
1 87
1 100
1 101
1 102
1 103
2 2
2 6
2 7
2 10
2 14
2 22
2 24
2 25
2 34
2 35
2 50
2 64
2 65
2 66
2 84
2 88
2 93
2 110
3 3
3 6
3 7
3 11
3 18
3 22
3 23
3 25
3 27
3 31
3 64
3 65
3 71
3 74
3 77
3 83
3 84
3 85
3 86
3 87
3 92
3 100
4 4
4 5
4 8
4 9
4 14
4 15
4 20
4 21
4 24
4 25
4 26
4 27
4 38
4 41
4 42
4 44
4 45
4 48
4 49
4 50
4 51
4 55
4 64
4 88
4 90
4 91
4 105
4 111
4 113
5 5
5 8
5 9
5 14
5 15
5 20
5 21
5 24
5 25
5 26
5 27
5 38
5 39
5 41
5 45
5 48
5 49
5 50
5 53
5 55
5 85
5 88
5 90
5 91
5 98
5 105
5 111
5 114
5 115
6 6
6 7
6 12
6 13
6 18
6 19
6 28
6 30
6 32
6 33
6 60
6 62
6 64
6 93
6 100
6 101
6 102
6 103
6 113
7 7
7 10
7 11
7 12
7 13
7 18
7 31
7 64
7 65
7 67
7 84
7 85
7 92
7 100
8 8
8 9
8 14
8 15
8 20
8 21
8 24
8 25
8 26
8 27
8 38
8 41
8 44
8 45
8 48
8 49
8 50
8 55
8 64
8 83
8 85
8 88
8 90
8 91
8 105
8 111
8 114
9 9
9 14
9 15
9 20
9 21
9 24
9 25
9 26
9 27
9 38
9 41
9 48
9 50
9 55
9 64
9 65
9 83
9 85
9 88
9 90
9 91
9 92
9 111
9 114
10 10
10 11
10 12
10 13
10 14
10 15
10 22
10 50
10 64
10 65
10 82
10 84
10 88
10 92
10 93
11 11
11 12
11 13
11 14
11 15
11 65
11 82
11 83
11 84
11 85
11 87
11 92
11 100
12 12
12 13
12 16
12 18
12 19
12 28
12 58
12 59
12 60
12 61
12 62
12 65
12 72
12 87
12 93
12 100
12 101
12 102
12 103
13 13
13 15
13 16
13 18
13 28
13 60
13 61
13 65
13 75
13 82
13 83
13 87
13 100
14 14
14 15
14 21
14 22
14 23
14 24
14 26
14 27
14 35
14 36
14 38
14 50
14 52
14 64
14 65
14 82
14 83
14 84
14 85
14 88
14 90
14 91
14 92
14 95
15 15
15 21
15 26
15 27
15 29
15 36
15 41
15 64
15 65
15 71
15 82
15 83
15 84
15 85
15 88
15 92
16 16
16 17
16 18
16 19
16 28
16 32
16 56
16 57
16 60
16 61
16 62
16 63
16 68
16 72
16 75
16 76
16 77
16 79
16 80
16 81
16 87
16 98
16 99
16 101
16 102
16 103
16 107
16 109
17 17
17 19
17 28
17 29
17 40
17 41
17 42
17 43
17 46
17 47
17 57
17 62
17 63
17 68
17 72
17 73
17 74
17 75
17 76
17 77
17 78
17 79
17 80
17 81
17 98
17 108
17 111
17 115
18 18
18 19
18 28
18 30
18 32
18 33
18 59
18 60
18 61
18 62
18 63
18 69
18 72
18 76
18 87
18 100
18 101
18 102
18 103
19 19
19 28
19 32
19 33
19 56
19 57
19 58
19 59
19 60
19 61
19 62
19 63
19 68
19 69
19 72
19 73
19 76
19 80
19 81
19 87
19 98
19 99
19 100
19 101
19 102
19 103
19 106
19 107
19 109
19 112
20 20
20 21
20 24
20 25
20 26
20 30
20 50
20 64
20 66
20 67
20 70
20 91
20 104
20 105
20 107
20 113
21 21
21 24
21 25
21 26
21 27
21 41
21 50
21 64
21 71
21 83
21 85
21 105
21 111
22 22
22 23
22 24
22 25
22 27
22 30
22 31
22 34
22 35
22 38
22 64
22 77
22 84
22 88
22 92
22 110
23 23
23 25
23 27
23 31
23 35
23 37
23 38
23 71
23 78
23 79
23 84
23 85
23 88
23 92
23 108
24 24
24 25
24 26
24 27
24 30
24 31
24 34
24 35
24 38
24 42
24 43
24 44
24 45
24 46
24 50
24 55
24 64
24 88
24 94
24 110
25 25
25 26
25 27
25 30
25 31
25 34
25 35
25 36
25 37
25 38
25 42
25 45
25 64
25 67
25 71
25 84
25 85
25 88
25 92
25 110
26 26
26 27
26 35
26 38
26 41
26 45
26 48
26 50
26 55
26 64
26 67
26 78
26 85
26 88
26 90
26 91
26 105
26 111
27 27
27 31
27 34
27 35
27 36
27 37
27 38
27 40
27 41
27 64
27 65
27 67
27 71
27 82
27 84
27 85
27 86
27 88
27 92
27 97
27 110
28 28
28 29
28 30
28 32
28 33
28 40
28 62
28 63
28 72
28 73
28 74
28 75
28 76
28 78
28 79
28 80
28 81
28 82
28 101
29 29
29 30
29 31
29 32
29 33
29 40
29 41
29 43
29 45
29 71
29 72
29 73
29 74
29 75
29 76
29 77
29 79
29 81
29 82
29 83
29 100
30 30
30 31
30 33
30 35
30 64
30 72
30 73
30 75
30 77
30 79
30 81
30 110
31 31
31 33
31 34
31 35
31 64
31 67
31 71
31 73
31 74
31 75
31 77
31 79
31 84
31 85
31 110
32 32
32 33
32 49
32 57
32 59
32 62
32 63
32 68
32 72
32 73
32 74
32 76
32 81
32 98
32 100
32 102
32 106
33 33
33 49
33 57
33 62
33 63
33 72
33 100
33 102
33 106
33 109
34 34
34 35
34 38
34 42
34 64
34 66
34 67
34 77
34 84
34 88
34 92
34 94
34 96
34 109
34 110
34 114
35 35
35 37
35 42
35 45
35 50
35 64
35 67
35 77
35 84
35 88
35 92
35 94
35 95
35 110
36 36
36 37
36 38
36 39
36 40
36 41
36 54
36 55
36 56
36 68
36 71
36 73
36 74
36 75
36 76
36 77
36 78
36 79
36 82
36 84
36 85
36 86
36 88
36 94
36 95
36 97
36 108
36 115
37 37
37 38
37 39
37 40
37 41
37 54
37 55
37 56
37 71
37 73
37 74
37 75
37 77
37 78
37 79
37 82
37 84
37 85
37 86
37 88
37 94
37 95
37 97
37 108
37 110
38 38
38 39
38 40
38 41
38 52
38 54
38 55
38 56
38 88
38 89
38 90
38 94
38 95
39 39
39 40
39 54
39 55
39 56
39 61
39 89
39 90
39 95
40 40
40 41
40 71
40 73
40 74
40 75
40 77
40 82
40 83
40 85
40 86
40 95
40 97
41 41
41 71
41 73
41 74
41 75
41 78
41 79
41 80
41 81
41 82
41 83
41 85
41 88
41 95
41 111
41 115
42 42
42 43
42 44
42 45
42 46
42 47
42 48
42 49
42 79
42 80
42 98
42 110
42 111
42 113
43 43
43 44
43 45
43 46
43 47
43 49
43 57
43 79
43 80
43 81
43 98
43 111
43 113
44 44
44 45
44 46
44 47
44 48
44 49
44 70
44 98
44 104
44 111
44 113
45 45
45 46
45 47
45 48
45 49
45 111
46 46
46 47
46 48
46 49
46 51
46 53
46 55
46 57
46 78
46 79
46 80
46 81
46 90
46 98
46 111
46 113
46 115
47 47
47 49
47 53
47 56
47 57
47 79
47 80
47 81
47 90
47 98
47 99
47 110
47 111
47 113
47 114
48 48
48 49
48 50
48 51
48 52
48 53
48 55
48 58
48 59
48 65
48 66
48 90
48 91
48 105
48 114
49 49
49 51
49 58
49 70
49 91
49 98
49 102
49 104
49 111
49 113
50 50
50 51
50 52
50 53
50 55
50 58
50 65
50 66
50 67
50 89
50 90
50 94
50 105
51 51
51 52
51 53
51 54
51 55
51 58
51 59
51 66
51 89
51 90
51 96
51 103
51 104
51 105
51 106
52 52
52 53
52 54
52 55
52 58
52 59
52 60
52 61
52 66
52 69
52 89
52 94
52 96
52 101
52 103
53 53
53 55
53 56
53 58
53 70
53 78
53 80
53 90
53 93
53 98
53 99
53 103
53 104
53 105
53 111
53 112
53 115
54 54
54 55
54 56
54 61
54 68
54 76
54 77
54 87
54 88
54 89
54 94
54 95
54 96
54 109
55 55
55 56
55 89
55 90
55 94
55 95
55 96
55 98
55 115
56 56
56 57
56 68
56 76
56 77
56 79
56 80
56 87
56 96
56 97
56 99
56 108
56 109
56 110
56 114
57 57
57 58
57 62
57 63
57 72
57 76
57 77
57 79
57 80
57 81
57 96
57 98
57 102
57 106
57 107
57 108
57 109
57 110
58 58
58 59
58 60
58 61
58 62
58 66
58 68
58 69
58 70
58 87
58 89
58 91
58 93
58 99
58 101
58 102
58 103
58 104
58 105
58 106
58 107
58 114
59 59
59 60
59 61
59 62
59 63
59 66
59 69
59 70
59 101
59 102
59 103
59 104
59 105
59 106
59 107
60 60
60 61
60 62
60 63
60 69
60 87
60 93
60 99
60 101
60 102
60 103
60 107
60 109
61 61
61 62
61 63
61 65
61 69
61 87
61 89
61 101
61 102
61 103
62 62
62 63
62 68
62 70
62 72
62 75
62 76
62 78
62 80
62 81
62 98
62 99
62 101
62 102
62 103
62 104
62 106
62 107
62 108
62 109
63 63
63 69
63 72
63 75
63 78
63 79
63 80
63 81
63 98
63 99
63 101
63 102
63 103
63 106
63 107
63 108
63 109
64 64
64 65
64 84
64 85
64 92
64 93
64 113
65 65
65 84
65 88
65 89
65 92
65 100
66 66
66 67
66 69
66 94
66 96
66 104
66 105
67 67
67 71
67 84
67 85
67 86
67 88
67 92
68 68
68 69
68 76
68 86
68 87
68 97
68 109
68 115
69 69
69 76
69 96
69 100
69 109
70 70
70 73
70 81
70 91
70 93
70 99
70 102
70 103
70 104
70 105
70 106
70 107
70 108
71 71
71 73
71 74
71 75
71 82
71 83
71 84
71 85
72 72
72 73
72 74
72 75
72 76
72 77
72 79
72 80
72 81
72 95
72 102
72 106
72 108
73 73
73 74
73 75
73 76
73 77
73 79
73 80
73 81
73 82
73 108
74 74
74 75
74 76
74 77
74 79
74 80
74 81
74 82
74 84
74 86
74 97
74 108
75 75
75 76
75 77
75 79
75 80
75 81
75 82
75 84
75 87
75 95
75 108
76 76
76 77
76 81
76 87
76 95
76 109
77 77
77 79
77 80
77 84
77 86
77 87
77 94
77 95
77 108
77 109
77 110
78 78
78 79
78 80
78 81
78 108
78 111
78 115
79 79
79 80
79 81
79 108
79 110
80 80
80 81
80 108
80 111
80 115
81 81
81 98
81 102
81 108
81 111
82 82
82 83
82 84
82 85
82 86
82 88
82 95
83 83
83 85
83 92
83 97
83 111
84 84
84 85
84 88
84 92
84 94
85 85
85 88
85 89
85 92
85 97
85 115
86 86
86 87
86 88
86 95
87 87
87 89
87 99
87 102
87 103
87 107
87 109
87 112
88 88
88 94
88 95
89 89
89 90
89 112
90 90
90 91
90 92
90 98
90 111
91 91
91 93
91 98
91 99
91 101
91 103
91 104
91 105
91 111
91 112
91 113
91 114
92 92
92 97
92 100
92 114
93 93
93 99
93 101
93 102
93 103
93 104
93 105
93 106
93 107
93 112
94 94
94 95
94 96
94 108
94 109
94 110
94 115
95 95
95 97
95 108
95 109
95 115
96 96
96 97
96 98
96 107
96 109
96 110
97 97
97 108
97 109
97 115
98 98
98 99
98 101
98 103
98 104
98 111
98 112
98 113
99 99
99 101
99 102
99 103
99 104
99 105
99 107
99 111
99 112
99 113
99 114
100 100
100 102
100 106
101 101
101 102
101 103
101 104
101 105
101 106
101 107
101 112
102 102
102 103
102 104
102 105
102 106
102 107
102 112
102 113
103 103
103 104
103 105
103 106
103 107
103 112
103 114
104 104
104 105
104 106
104 107
104 111
104 112
104 113
104 114
105 105
105 106
105 107
105 112
105 113
105 114
106 106
106 107
106 108
106 112
107 107
107 108
107 110
107 112
107 113
107 114
108 108
108 109
108 110
108 115
109 109
109 110
110 110
111 111
111 112
111 113
111 115
112 112
112 113
112 115
113 113
113 114
114 114
115 115
