0 0
0 1
0 10
0 13
0 14
0 16
0 18
0 19
0 28
0 38
0 56
0 60
0 68
0 80
0 82
0 84
0 86
0 87
0 91
0 99
0 101
0 104
0 113
1 1
1 11
1 15
1 16
1 17
1 18
1 19
1 28
1 29
1 32
1 33
1 36
1 37
1 38
1 39
1 40
1 41
1 54
1 55
1 56
1 57
1 68
1 73
1 74
1 75
1 76
1 77
1 78
1 79
1 80
1 81
1 82
1 86
1 89
1 97
1 100
1 114
2 2
2 3
2 5
2 6
2 7
2 8
2 9
2 12
2 22
2 23
2 24
2 30
2 31
2 35
2 44
2 45
2 47
2 48
2 50
2 64
2 67
2 70
2 88
2 93
3 3
3 7
3 9
3 15
3 19
3 22
3 23
3 24
3 25
3 26
3 27
3 30
3 31
3 34
3 64
3 65
3 69
3 78
3 79
3 86
3 87
3 88
3 89
3 93
3 98
3 108
3 110
3 114
4 4
4 5
4 6
4 8
4 10
4 12
4 20
4 21
4 22
4 26
4 27
4 34
4 35
4 48
4 50
4 51
4 53
4 64
4 84
4 88
4 96
4 105
4 110
5 5
5 6
5 8
5 9
5 25
5 27
5 30
5 44
5 45
5 48
5 51
5 52
5 53
5 70
5 94
5 98
5 106
5 107
5 108
6 6
6 7
6 8
6 12
6 22
6 23
6 24
6 30
6 35
6 42
6 43
6 44
6 45
6 47
6 48
6 49
6 50
6 51
6 64
6 67
6 70
6 90
6 91
7 7
7 9
7 13
7 15
7 23
7 24
7 25
7 31
7 41
7 61
7 64
7 65
7 78
7 90
7 92
7 100
7 105
7 108
7 111
7 112
7 114
8 8
8 9
8 10
8 12
8 14
8 15
8 22
8 23
8 30
8 34
8 35
8 48
8 50
8 58
8 60
8 64
8 65
8 88
8 90
8 91
8 108
8 110
9 9
9 12
9 13
9 14
9 15
9 19
9 22
9 23
9 25
9 60
9 61
9 64
9 65
9 87
9 88
9 90
9 92
9 101
9 108
10 10
10 11
10 12
10 13
10 14
10 18
10 28
10 54
10 58
10 60
10 82
10 84
10 86
10 91
10 96
11 11
11 13
11 16
11 17
11 28
11 29
11 39
11 41
11 52
11 54
11 58
11 60
11 61
11 63
11 65
11 72
11 83
11 90
12 12
12 14
12 15
12 22
12 23
12 35
12 48
12 50
12 58
12 60
12 64
12 66
12 67
12 84
12 88
12 90
12 91
12 93
12 96
13 13
13 15
13 41
13 58
13 60
13 61
13 63
13 65
13 75
13 77
13 83
13 90
13 97
13 104
13 108
14 14
14 15
14 18
14 19
14 28
14 39
14 41
14 58
14 60
14 61
14 64
14 68
14 74
14 82
14 84
14 86
14 87
14 88
14 91
14 101
15 15
15 19
15 22
15 23
15 31
15 39
15 41
15 60
15 61
15 64
15 65
15 68
15 74
15 75
15 82
15 83
15 86
15 87
15 92
15 97
16 16
16 17
16 18
16 19
16 28
16 29
16 32
16 36
16 37
16 38
16 39
16 40
16 56
16 57
16 61
16 62
16 63
16 71
16 72
16 73
16 74
16 75
16 76
16 77
16 80
16 81
16 82
16 83
16 86
16 95
16 109
17 17
17 28
17 29
17 32
17 33
17 36
17 37
17 39
17 41
17 56
17 57
17 61
17 62
17 63
17 71
17 72
17 73
17 76
17 77
17 79
17 80
17 81
17 83
17 95
17 100
17 102
17 106
17 111
17 115
18 18
18 19
18 28
18 29
18 32
18 33
18 36
18 38
18 39
18 56
18 57
18 60
18 68
18 72
18 74
18 75
18 76
18 80
18 81
18 82
18 83
18 86
18 91
18 94
18 97
18 107
18 109
18 114
19 19
19 22
19 23
19 33
19 57
19 64
19 68
19 69
19 78
19 80
19 82
19 86
19 87
19 91
19 105
19 114
20 20
20 21
20 24
20 26
20 27
20 30
20 31
20 36
20 37
20 40
20 42
20 43
20 44
20 45
20 46
20 47
20 49
20 70
20 71
20 72
20 73
20 109
20 113
21 21
21 24
21 25
21 26
21 27
21 30
21 31
21 34
21 42
21 44
21 45
21 47
21 49
21 51
21 55
21 70
21 71
21 86
21 105
21 110
22 22
22 23
22 24
22 25
22 26
22 30
22 31
22 34
22 35
22 50
22 64
22 65
22 69
22 79
22 84
22 86
22 87
22 88
22 89
22 93
22 96
22 110
23 23
23 24
23 25
23 30
23 31
23 64
23 65
23 69
23 78
23 84
23 86
23 87
23 88
23 89
23 105
23 108
23 110
23 114
24 24
24 25
24 26
24 30
24 31
24 33
24 34
24 45
24 64
24 67
24 70
24 84
24 101
24 110
25 25
25 26
25 27
25 30
25 31
25 34
25 64
25 65
25 67
25 78
25 85
25 87
25 92
25 101
26 26
26 27
26 31
26 34
26 38
26 39
26 82
26 84
26 86
26 87
26 88
26 95
26 109
26 110
26 115
27 27
27 31
27 62
27 78
27 87
27 89
27 105
27 115
28 28
28 29
28 36
28 37
28 38
28 39
28 40
28 41
28 56
28 60
28 61
28 62
28 71
28 72
28 73
28 74
28 75
28 76
28 77
28 80
28 81
28 82
28 83
28 91
28 94
28 101
28 113
29 29
29 36
29 37
29 39
29 40
29 41
29 56
29 61
29 62
29 63
29 71
29 72
29 73
29 74
29 75
29 76
29 77
29 78
29 79
29 80
29 81
29 83
29 92
29 94
29 95
29 100
29 102
29 106
29 109
29 111
29 115
30 30
30 31
30 34
30 35
30 43
30 48
30 50
30 64
30 70
30 84
30 91
30 93
30 94
30 110
31 31
31 33
31 34
31 64
31 71
31 78
31 86
31 92
31 93
31 105
32 32
32 33
32 37
32 38
32 39
32 40
32 54
32 55
32 57
32 62
32 63
32 66
32 77
32 96
32 109
32 115
33 33
33 39
33 57
33 63
33 68
33 69
33 71
33 73
33 74
33 78
33 79
33 80
33 81
33 82
33 83
33 95
33 115
34 34
34 35
34 41
34 50
34 64
34 65
34 67
34 84
34 85
34 88
34 101
34 110
35 35
35 43
35 44
35 45
35 48
35 50
35 64
35 65
35 66
35 67
35 84
35 88
35 101
35 110
35 113
36 36
36 37
36 38
36 39
36 40
36 41
36 54
36 56
36 62
36 63
36 70
36 71
36 72
36 73
36 74
36 75
36 76
36 77
36 78
36 79
36 80
36 81
36 82
36 83
36 85
36 86
36 94
36 95
36 97
36 100
36 102
36 109
36 115
37 37
37 38
37 39
37 40
37 41
37 54
37 55
37 56
37 62
37 63
37 72
37 73
37 74
37 75
37 76
37 77
37 79
37 80
37 81
37 89
37 97
37 100
37 102
37 109
37 111
37 115
38 38
38 39
38 40
38 41
38 54
38 56
38 62
38 63
38 73
38 74
38 75
38 76
38 77
38 78
38 80
38 81
38 82
38 85
38 86
38 87
38 115
39 39
39 40
39 41
39 52
39 54
39 57
39 62
39 63
39 68
39 73
39 74
39 75
39 76
39 77
39 79
39 81
39 82
39 83
39 89
39 94
39 95
39 97
39 106
39 109
39 115
40 40
40 41
40 54
40 55
40 56
40 62
40 63
40 71
40 72
40 73
40 74
40 75
40 76
40 77
40 80
40 81
40 82
40 83
40 94
40 106
40 109
41 41
41 63
41 72
41 73
41 74
41 75
41 76
41 77
41 79
41 82
41 83
41 85
41 88
41 89
41 97
41 100
41 106
41 115
42 42
42 43
42 44
42 45
42 46
42 47
42 48
42 49
42 50
42 51
42 53
42 55
42 96
42 98
42 99
42 108
42 113
43 43
43 44
43 45
43 46
43 47
43 48
43 49
43 50
43 51
43 67
43 96
43 98
43 99
43 110
43 113
44 44
44 45
44 46
44 47
44 48
44 49
44 50
44 51
44 53
44 55
44 66
44 70
44 98
44 99
44 108
44 111
44 112
44 113
45 45
45 46
45 47
45 48
45 49
45 50
45 51
45 53
45 66
45 67
45 98
45 110
45 112
46 46
46 47
46 48
46 49
46 51
46 52
46 53
46 55
46 58
46 59
46 62
46 72
46 96
46 98
46 99
46 108
46 109
46 111
47 47
47 48
47 49
47 51
47 53
47 55
47 96
47 98
47 99
47 108
48 48
48 49
48 50
48 51
48 52
48 53
48 55
48 58
48 90
48 96
48 98
48 108
48 110
48 113
49 49
49 51
49 53
49 55
49 58
49 59
49 66
49 98
49 99
49 104
49 108
49 109
49 112
49 115
50 50
50 51
50 52
50 53
50 66
50 67
50 84
50 96
50 103
50 110
51 51
51 52
51 53
51 55
51 59
51 66
51 70
51 94
51 98
51 99
51 108
51 110
52 52
52 53
52 54
52 89
52 91
52 96
52 98
52 106
53 53
53 55
53 94
54 54
54 55
54 77
54 88
54 89
54 96
54 97
54 98
55 55
55 58
55 59
55 89
55 96
55 97
55 98
55 99
55 108
55 109
55 111
55 114
56 56
56 62
56 72
56 76
56 77
56 78
56 80
56 81
56 82
56 83
56 92
56 99
56 101
56 113
57 57
57 59
57 63
57 68
57 69
57 73
57 77
57 79
57 81
57 86
57 95
57 114
57 115
58 58
58 59
58 60
58 61
58 62
58 66
58 96
58 108
58 109
59 59
59 61
59 62
59 63
59 66
59 69
59 95
59 98
59 100
59 104
59 105
59 109
59 114
59 115
60 60
60 61
60 64
60 82
60 83
60 84
60 85
60 90
60 91
60 92
60 101
61 61
61 63
61 65
61 83
61 90
61 91
61 92
61 102
61 114
62 62
62 63
62 66
62 72
62 76
62 80
62 81
62 83
62 95
62 109
62 111
62 115
63 63
63 71
63 72
63 73
63 74
63 75
63 76
63 77
63 79
63 80
63 81
63 83
63 95
63 100
63 102
63 106
63 109
63 111
63 115
64 64
64 65
64 67
64 82
64 84
64 88
64 90
64 91
64 92
64 93
64 101
65 65
65 67
65 78
65 79
65 85
65 87
65 88
65 89
65 92
66 66
66 67
66 69
66 98
66 102
66 115
67 67
67 69
67 90
67 93
67 101
67 103
68 68
68 69
68 82
68 86
68 87
68 88
68 93
68 95
68 97
68 103
68 110
69 69
69 105
69 114
70 70
70 71
70 73
70 74
70 76
70 91
70 94
71 71
71 72
71 73
71 74
71 75
71 76
71 77
71 81
71 95
72 72
72 73
72 74
72 75
72 76
72 77
72 80
72 81
72 83
72 100
72 102
72 109
72 111
73 73
73 74
73 75
73 76
73 77
73 79
73 80
73 81
73 82
73 83
73 94
73 95
73 106
73 109
73 114
73 115
74 74
74 75
74 76
74 77
74 79
74 80
74 82
74 83
74 86
74 95
74 97
74 100
74 109
74 114
74 115
75 75
75 76
75 77
75 79
75 80
75 81
75 82
75 92
75 97
75 114
75 115
76 76
76 77
76 80
76 81
76 82
76 83
76 94
76 97
76 106
76 109
77 77
77 90
77 95
77 100
77 102
77 104
77 109
77 115
78 78
78 79
78 80
78 81
78 85
78 87
78 97
78 100
78 110
78 114
78 115
79 79
79 80
79 81
79 85
79 100
79 102
79 111
79 113
79 115
80 80
80 81
80 82
80 83
80 85
80 86
80 99
80 111
80 115
81 81
81 82
81 83
81 94
81 100
81 102
81 106
81 111
82 82
82 83
82 84
82 85
82 86
82 87
82 101
83 83
83 85
83 86
83 95
83 101
83 111
84 84
84 85
84 87
84 88
84 101
84 110
85 85
85 87
85 88
85 89
85 92
85 101
86 86
86 87
86 88
86 93
86 97
86 105
86 110
86 112
86 114
87 87
87 88
87 89
87 105
87 106
88 88
88 89
88 96
88 110
89 89
89 96
89 97
89 98
90 90
90 91
90 92
90 93
90 98
90 102
91 91
91 92
91 93
91 103
92 92
92 93
92 100
92 101
92 102
92 103
92 106
93 93
93 101
93 103
93 107
93 112
94 94
94 97
94 103
94 106
94 107
94 109
94 114
94 115
95 95
95 97
95 109
95 111
95 115
96 96
96 97
96 98
96 109
96 110
97 97
97 104
97 110
97 114
97 115
98 98
98 99
98 108
99 99
99 104
99 108
99 111
100 100
100 102
100 104
100 111
100 113
100 115
101 101
101 103
102 102
102 113
103 103
103 106
103 107
104 104
104 105
104 108
104 112
104 114
105 105
105 107
105 112
105 114
106 106
106 107
106 109
107 107
107 115
108 108
108 113
108 114
109 109
109 115
110 110
111 111
111 115
112 112
112 113
113 113
114 114
114 115
115 115
