0 0
0 1
0 2
0 6
0 9
0 10
0 12
0 18
0 22
0 32
0 52
0 56
0 57
0 60
0 61
0 63
0 65
0 79
0 89
1 1
1 8
1 9
1 10
1 14
1 19
1 20
1 32
1 33
1 56
1 57
1 58
1 59
1 60
1 61
1 68
1 69
1 79
1 88
2 2
2 3
2 6
2 12
2 18
2 22
2 24
2 25
2 30
2 31
2 35
2 60
2 64
2 66
2 67
2 75
2 76
2 77
2 85
2 89
2 95
3 3
3 7
3 9
3 18
3 22
3 23
3 25
3 30
3 31
3 33
3 83
3 89
4 4
4 8
4 14
4 24
4 25
4 43
4 46
4 47
4 90
4 91
4 93
4 112
4 113
5 5
5 7
5 9
5 10
5 12
5 14
5 20
5 21
5 26
5 27
5 58
5 59
5 60
5 61
5 65
6 6
6 9
6 10
6 12
6 13
6 18
6 22
6 30
6 32
6 43
6 60
6 64
6 73
6 75
6 85
6 89
7 7
7 9
7 10
7 11
7 12
7 13
7 15
7 29
7 61
7 65
7 89
8 8
8 9
8 12
8 14
8 19
8 24
8 48
8 49
8 51
8 53
8 58
8 60
8 61
8 65
8 69
8 108
8 112
9 9
9 10
9 11
9 12
9 13
9 15
9 48
9 51
9 52
9 58
9 60
9 61
9 65
10 10
10 11
10 12
10 13
10 14
10 16
10 20
10 22
10 28
10 30
10 32
10 50
10 51
10 52
10 60
10 61
10 62
10 63
10 65
10 79
10 84
10 85
10 89
11 11
11 12
11 13
11 15
11 16
11 17
11 22
11 28
11 29
11 30
11 31
11 32
11 41
11 46
11 50
11 52
11 53
11 55
11 60
11 61
11 62
11 63
11 65
11 72
11 73
11 74
11 75
11 76
11 77
11 78
11 79
11 80
11 81
11 84
11 85
12 12
12 13
12 15
12 29
12 52
12 58
12 60
12 61
12 62
12 63
12 65
13 13
13 15
13 17
13 22
13 28
13 29
13 30
13 31
13 32
13 41
13 50
13 52
13 53
13 55
13 60
13 61
13 62
13 63
13 65
13 72
13 73
13 74
13 75
13 76
13 79
13 89
14 14
14 20
14 21
14 26
14 48
14 51
14 53
14 57
14 82
14 87
14 88
15 15
15 17
15 28
15 29
15 30
15 41
15 53
15 61
15 63
15 65
15 72
15 73
15 74
15 78
15 80
15 81
15 89
16 16
16 17
16 28
16 29
16 30
16 36
16 38
16 46
16 54
16 56
16 57
16 61
16 62
16 63
16 72
16 73
16 74
16 76
16 78
16 79
16 80
16 81
16 82
16 84
16 86
17 17
17 28
17 29
17 30
17 32
17 55
17 56
17 57
17 61
17 62
17 63
17 72
17 73
17 74
17 76
17 78
17 79
17 80
17 81
18 18
18 19
18 24
18 30
18 31
18 32
18 33
18 35
18 67
18 68
18 75
18 83
18 85
18 97
18 101
19 19
19 20
19 23
19 26
19 33
19 47
19 58
19 66
19 67
19 68
19 69
19 83
19 90
19 91
19 92
19 93
19 98
19 99
19 100
19 101
19 102
19 103
19 104
19 105
19 106
19 107
19 110
19 113
19 114
20 20
20 21
20 26
20 27
20 58
20 59
20 66
20 67
20 82
20 87
20 102
20 107
21 21
21 26
21 27
21 58
21 59
21 66
21 90
21 92
21 93
21 94
21 96
21 100
21 102
21 103
21 104
21 107
22 22
22 28
22 29
22 30
22 31
22 32
22 33
22 34
22 50
22 64
22 73
22 74
22 76
22 77
22 79
22 84
22 85
22 88
22 89
23 23
23 26
23 33
23 35
23 45
23 47
23 67
23 69
23 82
23 83
23 90
23 91
23 92
23 93
23 98
23 99
23 101
23 102
23 103
23 104
23 105
23 106
23 107
23 110
23 113
23 114
23 115
24 24
24 25
24 30
24 31
24 40
24 67
24 94
24 97
25 25
25 26
25 27
25 30
25 31
25 35
25 42
25 50
25 52
25 66
25 84
25 85
25 87
25 94
25 96
25 97
26 26
26 27
26 59
26 66
26 67
26 82
26 86
26 87
26 90
26 94
26 96
26 105
26 107
27 27
27 58
27 59
27 66
27 67
27 86
27 90
27 94
27 104
27 105
27 106
27 107
28 28
28 29
28 30
28 31
28 32
28 34
28 36
28 37
28 40
28 53
28 54
28 62
28 63
28 64
28 72
28 73
28 74
28 75
28 76
28 77
28 78
28 79
28 80
28 81
28 84
28 85
28 87
28 88
28 89
29 29
29 30
29 31
29 36
29 37
29 38
29 41
29 54
29 55
29 61
29 62
29 63
29 72
29 73
29 74
29 75
29 76
29 77
29 78
29 79
29 80
29 81
29 84
29 85
29 89
29 95
30 30
30 31
30 32
30 33
30 46
30 64
30 72
30 73
30 74
30 75
30 76
30 77
30 78
30 79
30 81
30 84
30 85
30 87
30 89
31 31
31 32
31 33
31 34
31 64
31 72
31 73
31 74
31 75
31 76
31 77
31 78
31 84
31 85
31 87
32 32
32 33
32 34
32 41
32 50
32 56
32 57
32 60
32 61
32 63
32 64
32 65
32 68
32 72
32 73
32 74
32 76
32 78
32 79
32 84
32 88
32 89
33 33
33 34
33 35
33 64
33 66
33 68
33 76
33 78
33 79
33 80
33 84
34 34
34 35
34 50
34 64
34 66
34 68
34 74
34 76
34 77
34 84
34 85
35 35
35 64
35 66
35 67
35 68
35 69
35 84
35 85
35 108
36 36
36 37
36 38
36 39
36 40
36 41
36 54
36 55
36 72
36 73
36 74
36 75
36 76
36 77
36 84
36 86
36 88
36 89
36 95
37 37
37 38
37 39
37 40
37 41
37 54
37 70
37 71
37 72
37 73
37 74
37 75
37 76
37 77
37 86
37 92
37 95
37 109
38 38
38 39
38 40
38 41
38 54
38 55
38 72
38 76
38 77
38 86
38 88
38 89
38 95
39 39
39 41
39 54
39 55
39 86
39 88
39 95
40 40
40 41
40 54
40 72
40 73
40 74
40 76
40 78
40 81
40 87
40 88
40 94
40 115
41 41
41 54
41 55
41 72
41 73
41 74
41 76
41 77
41 88
41 89
42 42
42 43
42 44
42 45
42 46
42 47
42 48
42 49
42 50
42 51
42 53
42 84
42 85
42 87
42 98
42 110
42 111
43 43
43 44
43 45
43 46
43 47
43 48
43 49
43 50
43 51
43 53
43 55
43 85
43 111
44 44
44 45
44 46
44 47
44 48
44 49
44 50
44 56
44 57
44 69
45 45
45 46
45 47
45 48
45 49
45 51
45 56
45 67
45 69
45 98
46 46
46 47
46 48
46 49
46 50
46 51
46 53
46 55
46 64
46 73
46 84
46 85
46 96
46 111
47 47
47 48
47 49
47 51
47 67
47 69
47 71
47 90
47 91
47 92
47 93
47 94
47 98
47 99
47 100
47 101
47 102
47 103
47 104
47 105
47 106
47 107
47 109
47 110
47 111
47 112
47 113
47 114
47 115
48 48
48 49
48 50
48 51
48 53
48 55
48 58
48 98
49 49
49 50
49 51
49 53
49 55
49 57
50 50
50 51
50 52
50 53
50 55
50 61
50 64
50 65
50 74
50 76
50 84
51 51
51 52
51 53
51 55
51 61
51 65
52 52
52 53
52 54
52 59
52 60
52 61
52 62
52 63
52 65
53 53
53 55
54 54
54 55
54 72
54 76
54 79
54 86
54 87
54 88
54 89
54 95
54 96
55 55
55 72
55 73
55 74
55 76
55 95
55 96
56 56
56 57
56 59
56 60
56 69
56 78
56 79
56 80
56 81
57 57
57 58
57 59
57 68
57 69
57 78
57 79
57 81
57 82
57 88
57 89
58 58
58 59
58 60
58 61
58 65
58 66
58 67
58 68
58 69
58 90
58 102
58 104
58 105
58 106
58 107
58 108
59 59
59 61
59 66
59 67
59 69
59 83
59 90
59 100
59 101
59 102
59 103
59 104
59 105
59 106
59 107
60 60
60 61
60 62
60 63
60 64
60 65
60 79
60 89
61 61
61 62
61 63
61 65
61 79
61 89
62 62
62 63
62 72
62 74
62 76
62 77
62 78
62 79
62 80
62 81
62 86
63 63
63 65
63 72
63 76
63 78
63 79
63 80
63 81
64 64
64 65
64 73
64 74
64 76
64 77
64 84
64 85
64 88
64 89
65 65
65 88
65 89
66 66
66 67
66 68
66 69
66 90
66 91
66 101
66 102
66 103
66 104
66 107
66 108
67 67
67 69
67 90
67 91
67 92
67 93
67 98
67 101
67 102
67 103
67 104
67 105
67 106
67 107
67 108
67 110
67 113
67 114
68 68
68 69
68 79
68 81
68 88
69 69
69 90
69 91
69 92
69 93
69 94
69 99
69 101
69 102
69 103
69 104
69 105
69 106
69 107
69 110
69 113
69 114
70 70
70 71
70 72
70 75
70 90
70 91
70 92
70 93
70 98
70 99
70 102
70 103
70 104
70 105
70 106
70 109
70 110
70 111
70 112
70 113
70 114
71 71
71 75
71 90
71 91
71 92
71 93
71 98
71 99
71 100
71 102
71 103
71 104
71 105
71 106
71 107
71 109
71 110
71 111
71 112
71 113
71 114
72 72
72 73
72 74
72 75
72 76
72 77
72 78
72 79
72 80
72 81
72 84
72 85
72 95
73 73
73 74
73 75
73 76
73 77
73 78
73 79
73 81
73 84
73 85
73 89
73 95
74 74
74 75
74 76
74 77
74 78
74 79
74 80
74 81
74 84
74 85
74 89
74 95
75 75
75 76
75 77
75 85
75 95
75 97
75 111
75 113
76 76
76 77
76 78
76 79
76 81
76 84
76 85
76 89
76 95
77 77
77 78
77 84
77 85
77 89
77 95
77 97
78 78
78 79
78 80
78 81
78 84
79 79
79 80
79 81
79 84
79 85
79 88
79 89
80 80
80 81
80 83
80 84
80 86
81 81
81 83
81 84
81 85
81 89
82 82
82 83
82 86
82 87
82 88
83 83
83 87
83 90
83 91
83 92
83 93
83 98
83 100
83 101
83 102
83 103
83 104
83 105
83 106
83 107
83 109
83 114
84 84
84 85
84 86
84 87
85 85
85 87
85 89
85 95
85 97
86 86
86 87
86 88
87 87
87 94
87 96
88 88
88 89
89 89
89 95
89 96
90 90
90 91
90 92
90 93
90 94
90 98
90 99
90 100
90 101
90 102
90 103
90 104
90 105
90 106
90 107
90 108
90 109
90 110
90 111
90 112
90 113
90 114
91 91
91 92
91 93
91 94
91 98
91 99
91 100
91 101
91 102
91 103
91 104
91 105
91 106
91 107
91 108
91 109
91 110
91 111
91 112
91 113
91 114
92 92
92 93
92 94
92 98
92 99
92 100
92 101
92 102
92 103
92 104
92 105
92 106
92 107
92 108
92 109
92 110
92 111
92 112
92 113
92 114
92 115
93 93
93 94
93 98
93 99
93 100
93 101
93 102
93 103
93 104
93 105
93 106
93 107
93 108
93 109
93 110
93 111
93 112
93 113
93 114
94 94
94 96
94 97
94 99
94 100
94 101
94 102
94 103
94 104
94 105
94 106
94 107
94 109
94 110
94 111
94 112
94 113
94 114
94 115
95 95
95 96
95 97
95 109
96 96
97 97
97 99
97 103
97 107
97 110
97 111
97 112
97 113
97 115
98 98
98 99
98 100
98 101
98 102
98 103
98 104
98 105
98 106
98 107
98 109
98 110
98 111
98 112
98 113
98 114
99 99
99 100
99 101
99 102
99 103
99 104
99 105
99 106
99 107
99 108
99 109
99 110
99 111
99 112
99 113
99 114
99 115
100 100
100 101
100 102
100 103
100 104
100 105
100 106
100 107
100 108
100 109
100 110
100 111
100 112
100 113
100 114
100 115
101 101
101 102
101 103
101 104
101 105
101 106
101 107
101 108
101 109
101 110
101 112
101 113
101 114
101 115
102 102
102 103
102 104
102 105
102 106
102 107
102 108
102 109
102 110
102 111
102 112
102 113
102 114
102 115
103 103
103 104
103 105
103 106
103 107
103 108
103 109
103 110
103 111
103 112
103 113
103 114
103 115
104 104
104 105
104 106
104 107
104 108
104 109
104 110
104 111
104 112
104 113
104 114
105 105
105 106
105 107
105 108
105 109
105 110
105 111
105 112
105 113
105 114
106 106
106 107
106 108
106 109
106 110
106 111
106 112
106 113
106 114
107 107
107 109
107 110
107 111
107 112
107 113
107 114
108 108
108 113
108 114
109 109
109 110
109 111
109 112
109 113
109 114
110 110
110 111
110 112
110 113
110 114
110 115
111 111
111 112
111 113
111 114
112 112
112 113
112 114
113 113
113 114
113 115
114 114
115 115
