0 0
0 6
0 10
0 11
0 13
0 16
0 17
0 18
0 19
0 28
0 29
0 30
0 31
0 56
0 70
0 71
0 73
0 76
0 77
0 79
0 81
1 1
1 18
1 19
1 32
1 33
1 34
1 56
1 57
1 58
1 59
1 60
1 61
1 62
1 63
1 64
1 66
1 68
1 107
2 2
2 6
2 7
2 8
2 22
2 48
2 65
2 67
3 3
3 4
3 5
3 7
3 8
3 9
3 18
3 19
3 20
3 22
3 23
3 24
3 26
3 27
4 4
4 5
4 8
4 9
4 20
4 22
4 23
4 24
4 25
4 26
4 27
4 39
4 82
4 83
4 88
4 103
4 104
4 105
5 5
5 8
5 9
5 14
5 15
5 18
5 20
5 22
5 23
5 24
5 25
5 26
5 27
5 36
5 37
5 39
5 40
5 41
5 59
5 72
5 73
5 74
5 75
5 82
5 83
5 86
5 89
5 103
6 6
6 8
6 10
6 12
6 13
6 14
6 15
6 17
6 29
6 31
6 36
6 37
6 41
6 71
6 72
6 73
6 74
6 75
6 76
6 79
6 81
6 85
6 92
6 95
7 7
7 9
7 13
7 33
7 48
7 61
7 62
7 63
7 65
8 8
8 9
8 14
8 15
8 18
8 22
8 23
8 24
8 25
8 29
8 36
8 37
8 39
8 40
8 41
8 71
8 72
8 73
8 74
8 75
8 76
8 82
8 83
9 9
9 14
9 15
9 18
9 19
9 20
9 22
9 23
9 24
9 25
9 26
9 27
9 36
9 37
9 39
9 41
9 59
9 72
9 74
9 75
9 82
9 83
9 86
10 10
10 11
10 12
10 13
10 16
10 17
10 30
10 31
10 56
10 70
10 71
10 76
10 77
10 79
10 80
10 81
11 11
11 13
11 16
11 17
11 23
11 28
11 29
11 31
11 51
11 53
11 70
11 71
11 72
11 73
11 76
11 77
11 78
11 79
11 81
11 112
12 12
12 80
12 87
13 13
13 15
13 16
13 17
13 29
13 30
13 31
13 37
13 53
13 70
13 71
13 72
13 73
13 76
13 77
13 78
13 79
13 81
13 92
13 112
14 14
14 15
14 17
14 18
14 21
14 28
14 29
14 30
14 31
14 36
14 37
14 40
14 41
14 71
14 72
14 73
14 74
14 75
14 76
14 82
14 86
14 95
15 15
15 18
15 21
15 29
15 30
15 31
15 36
15 37
15 40
15 41
15 70
15 71
15 72
15 73
15 74
15 75
15 76
15 86
15 89
15 95
16 16
16 17
16 28
16 30
16 31
16 56
16 70
16 71
16 76
16 77
16 78
16 79
16 80
16 81
16 99
16 115
17 17
17 23
17 24
17 28
17 29
17 30
17 31
17 37
17 42
17 51
17 53
17 70
17 71
17 72
17 73
17 76
17 77
17 78
17 79
17 81
17 84
17 85
17 86
17 93
17 99
17 100
17 101
17 111
17 113
17 114
18 18
18 19
18 32
18 37
18 41
18 57
18 59
18 72
18 74
18 75
18 76
19 19
19 32
19 57
19 59
19 68
19 74
20 20
20 21
20 22
20 23
20 24
20 25
20 26
20 27
20 39
20 70
20 86
21 21
21 28
21 29
21 30
21 31
21 36
21 37
21 40
21 41
21 70
21 71
21 72
21 73
21 74
21 75
21 76
21 77
21 112
22 22
22 23
22 25
22 26
22 27
22 36
22 40
22 50
22 53
22 84
22 90
23 23
23 24
23 25
23 26
23 27
23 31
23 36
23 50
23 70
23 71
23 73
23 77
24 24
24 25
24 26
24 27
24 39
24 51
24 79
24 82
24 83
24 84
24 85
24 88
24 103
24 104
24 105
25 25
25 26
25 27
25 37
25 77
25 84
25 85
25 86
25 88
25 108
26 26
26 27
26 39
26 52
26 84
26 88
26 101
26 104
26 105
26 108
27 27
27 39
27 52
27 65
27 67
27 82
27 83
27 84
27 88
27 103
27 104
27 105
27 108
28 28
28 29
28 30
28 31
28 36
28 37
28 38
28 40
28 70
28 71
28 72
28 73
28 74
28 75
28 76
28 77
28 78
28 79
28 80
28 81
28 94
29 29
29 30
29 31
29 36
29 37
29 40
29 41
29 70
29 71
29 72
29 73
29 74
29 75
29 76
29 77
29 79
29 86
29 95
29 114
30 30
30 31
30 41
30 70
30 71
30 72
30 73
30 74
30 75
30 76
30 77
30 79
30 80
30 81
30 86
30 95
31 31
31 37
31 41
31 70
31 71
31 72
31 73
31 74
31 75
31 76
31 77
31 78
31 79
31 81
32 32
32 33
32 57
32 60
32 61
32 62
32 63
32 64
32 66
32 74
32 75
33 33
33 34
33 44
33 45
33 49
33 57
33 58
33 60
33 61
33 62
33 63
33 64
33 66
33 67
34 34
34 35
34 43
34 44
34 45
34 47
34 48
34 49
34 50
34 57
34 58
34 60
34 61
34 62
34 63
34 64
34 65
34 66
34 67
34 109
34 110
35 35
35 42
35 43
35 44
35 45
35 46
35 47
35 49
35 51
35 65
35 67
35 69
35 78
35 79
35 80
35 81
35 84
35 85
35 87
35 88
35 96
35 97
35 98
35 100
35 101
35 102
35 104
35 105
35 108
35 109
35 110
35 111
35 115
36 36
36 37
36 38
36 39
36 40
36 41
36 54
36 71
36 72
36 73
36 74
36 75
36 76
36 82
36 89
36 95
37 37
37 38
37 39
37 40
37 41
37 70
37 71
37 72
37 73
37 74
37 75
37 76
37 77
37 86
37 89
37 95
37 113
37 114
38 38
38 39
38 40
38 54
38 55
38 82
38 83
38 86
38 95
38 96
38 97
38 98
38 108
38 110
38 115
39 39
39 40
39 41
39 54
39 55
39 74
39 82
39 83
39 86
39 89
39 95
39 96
39 99
39 108
39 113
40 40
40 41
40 72
40 73
40 74
40 75
40 82
40 89
40 95
40 96
41 41
41 70
41 71
41 72
41 73
41 74
41 75
41 76
41 82
41 86
41 89
41 95
42 42
42 43
42 44
42 45
42 46
42 47
42 48
42 49
42 50
42 51
42 52
42 53
42 55
42 65
42 67
42 78
42 79
42 80
42 81
42 84
42 85
42 88
42 90
42 91
42 92
42 93
42 96
42 97
42 98
42 99
42 100
42 101
42 104
42 105
42 108
42 109
42 110
42 111
43 43
43 44
43 45
43 46
43 47
43 48
43 49
43 50
43 51
43 52
43 55
43 65
43 67
43 69
43 78
43 79
43 80
43 81
43 84
43 85
43 94
43 96
43 97
43 98
43 99
43 100
43 104
43 108
43 109
43 110
43 111
43 115
44 44
44 45
44 46
44 47
44 48
44 49
44 50
44 51
44 55
44 65
44 66
44 67
44 69
44 80
44 84
44 85
44 96
44 98
44 108
44 109
44 110
45 45
45 46
45 47
45 48
45 49
45 50
45 51
45 65
45 66
45 67
45 69
45 80
45 84
45 96
45 98
45 108
45 110
46 46
46 47
46 49
46 50
46 51
46 52
46 53
46 55
46 78
46 79
46 80
46 81
46 84
46 85
46 88
46 90
46 92
46 96
46 97
46 98
46 99
46 100
46 108
46 110
46 111
47 47
47 49
47 50
47 51
47 52
47 55
47 65
47 67
47 69
47 78
47 80
47 81
47 84
47 85
47 88
47 90
47 91
47 94
47 96
47 97
47 98
47 99
47 100
47 104
47 105
47 108
47 109
47 110
47 111
47 114
47 115
48 48
48 49
48 50
48 51
48 61
48 64
48 65
48 66
48 67
48 92
48 113
49 49
49 50
49 51
49 64
49 65
49 66
49 67
49 108
49 110
50 50
50 51
50 52
50 53
50 64
50 66
50 84
50 92
51 51
51 52
51 53
51 65
51 67
51 78
51 79
51 80
51 81
51 84
51 85
51 88
51 90
51 92
51 100
51 101
51 102
51 104
51 108
51 109
51 110
51 111
52 52
52 53
52 58
52 69
52 84
52 85
52 88
52 90
52 92
52 98
52 107
52 108
52 111
53 53
53 79
53 81
53 84
53 85
53 88
53 90
53 91
53 92
53 106
53 111
53 114
54 54
54 55
54 86
54 87
54 88
54 89
54 95
54 96
54 98
54 100
54 104
54 105
55 55
55 78
55 84
55 85
55 87
55 95
55 96
55 97
55 98
55 99
55 104
55 107
55 108
55 110
55 111
55 115
56 56
56 57
56 58
56 60
56 62
56 63
56 69
56 76
56 99
56 112
57 57
57 58
57 59
57 60
57 61
57 62
57 63
57 64
57 66
57 68
57 69
57 107
58 58
58 59
58 60
58 61
58 62
58 63
58 64
58 66
58 67
58 68
58 69
58 102
58 106
58 107
59 59
59 61
59 63
59 64
59 65
59 66
59 67
59 68
59 69
59 83
59 104
59 105
59 107
60 60
60 61
60 62
60 63
60 64
60 66
61 61
61 62
61 63
61 64
61 65
61 66
61 89
62 62
62 63
62 64
62 66
63 63
63 64
63 66
64 64
64 66
64 67
64 68
64 69
64 106
65 65
65 66
65 67
65 85
65 88
65 100
65 101
65 103
65 104
65 105
65 108
65 109
65 110
66 66
66 67
66 68
66 69
66 106
66 107
66 110
67 67
67 69
67 80
67 85
67 88
67 91
67 96
67 98
67 100
67 102
67 103
67 104
67 105
67 108
67 109
67 110
67 111
68 68
68 69
68 89
68 105
68 107
69 69
69 80
69 90
69 91
69 98
69 99
69 100
69 102
69 104
69 105
69 107
69 108
69 109
69 110
69 111
69 115
70 70
70 71
70 72
70 73
70 74
70 75
70 76
70 77
70 79
70 86
71 71
71 72
71 73
71 74
71 75
71 76
71 77
71 78
71 79
71 81
71 86
71 93
71 95
72 72
72 73
72 74
72 75
72 76
72 77
72 86
73 73
73 74
73 75
73 76
73 77
73 79
73 86
73 89
73 95
73 114
74 74
74 75
74 76
74 77
74 86
74 95
75 75
75 76
75 77
75 86
75 89
76 76
76 77
76 79
77 77
77 78
77 79
77 81
77 86
77 99
77 114
78 78
78 79
78 80
78 81
78 84
78 85
78 96
78 97
78 99
78 100
78 110
78 111
79 79
79 80
79 81
79 84
79 85
79 88
79 93
79 100
79 101
79 109
79 111
80 80
80 81
80 84
80 85
80 96
80 98
80 100
80 102
80 110
80 111
80 115
81 81
81 84
81 85
81 88
81 100
81 101
81 102
81 104
81 109
81 110
81 111
82 82
82 83
82 86
82 87
82 88
82 95
82 110
83 83
83 87
83 89
83 95
84 84
84 85
84 88
84 90
84 93
84 98
84 100
84 101
84 104
84 110
84 111
85 85
85 88
85 90
85 91
85 92
85 93
85 95
85 96
85 97
85 98
85 99
85 100
85 101
85 102
85 103
85 104
85 105
85 108
85 109
85 110
85 111
85 114
86 86
86 87
86 95
86 113
87 87
87 95
87 115
88 88
88 90
88 92
88 93
88 98
88 100
88 101
88 102
88 103
88 104
88 105
88 108
88 109
88 110
88 111
89 89
89 103
89 106
89 112
90 90
90 91
90 92
90 93
90 98
90 99
90 100
90 101
90 102
90 104
90 108
90 111
90 113
91 91
91 92
91 93
91 95
91 96
91 98
91 99
91 100
91 101
91 102
91 103
91 104
91 105
91 108
91 109
91 110
91 111
91 113
91 114
92 92
92 93
92 98
92 99
92 100
92 101
92 102
92 104
92 111
92 112
92 113
93 93
93 99
93 100
93 101
93 102
93 103
93 104
93 105
93 108
93 111
93 112
93 113
93 114
94 94
94 97
94 109
94 114
94 115
95 95
95 96
95 97
95 99
95 108
95 110
95 115
96 96
96 97
96 98
96 99
96 100
96 104
96 105
96 108
96 109
96 110
96 111
96 113
96 115
97 97
97 98
97 99
97 105
97 108
97 109
97 110
97 111
97 113
97 114
97 115
98 98
98 99
98 100
98 101
98 102
98 104
98 108
98 110
98 111
98 112
98 113
98 114
98 115
99 99
99 100
99 101
99 102
99 103
99 104
99 105
99 108
99 110
99 111
99 112
99 113
99 114
99 115
100 100
100 101
100 102
100 103
100 104
100 105
100 108
100 109
100 110
100 111
101 101
101 102
101 103
101 104
101 105
101 108
101 109
101 110
101 111
101 113
102 102
102 103
102 104
102 107
102 108
102 111
103 103
103 104
103 105
103 108
103 109
103 110
103 114
104 104
104 105
104 107
104 108
104 109
104 110
104 111
105 105
105 107
105 108
105 109
105 110
105 111
105 114
106 106
106 107
106 112
107 107
107 111
108 108
108 109
108 110
108 111
108 113
108 115
109 109
109 110
109 111
109 115
110 110
110 111
110 113
110 115
111 111
111 113
111 114
112 112
113 113
113 114
114 114
114 115
115 115
