0 0
0 1
0 10
0 16
0 18
0 19
0 28
0 50
0 52
0 53
0 56
0 57
0 63
0 80
0 81
0 83
0 99
0 111
1 1
1 10
1 16
1 18
1 19
1 33
1 50
1 51
1 57
1 58
1 59
1 61
1 62
1 63
1 68
1 69
1 78
1 80
1 81
1 82
1 86
1 87
1 102
1 114
1 115
2 2
2 5
2 6
2 7
2 11
2 13
2 23
2 25
2 34
2 35
2 44
2 45
2 46
2 48
2 49
2 51
2 58
2 59
2 60
2 61
2 66
2 67
2 88
2 90
2 91
2 92
2 93
2 109
2 111
3 3
3 5
3 7
3 15
3 19
3 21
3 22
3 23
3 24
3 26
3 27
3 31
3 56
3 64
3 65
3 83
3 85
4 4
4 5
4 6
4 7
4 8
4 9
4 12
4 13
4 14
4 15
4 20
4 21
4 24
4 26
4 30
4 31
4 64
4 65
4 71
4 73
4 74
4 75
4 87
5 5
5 6
5 7
5 8
5 9
5 13
5 15
5 20
5 21
5 24
5 25
5 26
5 27
5 29
5 30
5 31
5 34
5 38
5 54
5 58
5 60
5 61
5 65
5 70
5 71
5 73
5 88
5 89
5 92
5 95
5 109
6 6
6 7
6 8
6 9
6 11
6 12
6 13
6 32
6 33
6 34
6 35
6 58
6 60
6 61
6 70
6 90
6 91
6 92
6 93
6 100
6 103
6 107
7 7
7 8
7 9
7 11
7 13
7 31
7 35
7 44
7 49
7 58
7 60
7 61
7 65
7 67
7 71
7 90
7 92
8 8
8 9
8 12
8 13
8 14
8 15
8 20
8 21
8 30
8 31
8 32
8 61
8 63
8 71
8 73
8 74
8 75
9 9
9 12
9 13
9 14
9 15
9 20
9 21
9 26
9 29
9 30
9 31
9 58
9 60
9 61
9 65
9 70
9 71
9 73
9 75
9 88
10 10
10 11
10 12
10 14
10 15
10 16
10 18
10 28
10 32
10 57
10 62
10 63
10 72
10 74
10 76
10 81
11 11
11 12
11 13
11 29
11 34
11 35
11 48
11 58
11 60
11 61
11 65
11 88
11 89
12 12
12 13
12 14
12 15
12 20
12 21
12 22
12 30
12 64
12 65
12 72
12 73
12 74
12 75
12 85
12 87
12 93
13 13
13 29
13 30
13 31
13 35
13 58
13 60
13 61
13 65
13 70
13 71
13 72
13 73
13 100
13 107
14 14
14 15
14 16
14 18
14 19
14 20
14 21
14 22
14 28
14 30
14 32
14 41
14 71
14 72
14 73
14 74
14 75
14 81
14 85
14 87
15 15
15 18
15 19
15 20
15 21
15 26
15 28
15 29
15 30
15 31
15 40
15 41
15 71
15 72
15 73
15 74
15 75
15 85
15 87
16 16
16 17
16 18
16 20
16 28
16 32
16 36
16 40
16 41
16 56
16 57
16 62
16 63
16 70
16 72
16 73
16 74
16 75
16 76
16 78
16 79
16 80
16 81
16 82
17 17
17 20
17 28
17 29
17 37
17 39
17 40
17 41
17 42
17 46
17 56
17 57
17 62
17 63
17 70
17 72
17 73
17 75
17 76
17 78
17 79
17 80
17 81
17 83
18 18
18 19
18 28
18 32
18 56
18 57
18 62
18 63
18 68
18 69
18 72
18 74
18 76
18 78
18 81
18 83
18 113
19 19
19 28
19 32
19 56
19 57
19 63
19 68
19 69
19 74
19 75
19 76
19 78
19 81
19 83
19 85
19 87
19 113
20 20
20 21
20 24
20 26
20 29
20 30
20 31
20 38
20 41
20 70
20 71
20 72
20 73
20 74
20 75
20 81
20 84
20 85
21 21
21 22
21 24
21 26
21 27
21 29
21 30
21 31
21 41
21 52
21 53
21 70
21 71
21 73
21 74
21 75
21 81
21 83
21 84
21 85
21 87
22 22
22 23
22 24
22 25
22 26
22 27
22 50
22 52
22 64
22 76
22 84
22 85
22 87
22 91
22 92
22 99
22 112
23 23
23 24
23 25
23 27
23 31
23 34
23 45
23 47
23 50
23 52
23 64
23 65
23 83
23 85
23 90
23 92
23 99
23 111
24 24
24 25
24 26
24 27
24 31
24 50
24 51
24 64
24 84
24 85
25 25
25 26
25 27
25 31
25 34
25 35
25 37
25 42
25 43
25 44
25 45
25 46
25 47
25 48
25 49
25 51
25 53
25 54
25 55
25 66
25 71
25 77
25 88
25 89
25 90
25 96
25 97
25 98
25 109
25 110
25 111
25 112
26 26
26 27
26 30
26 31
26 38
26 41
26 52
26 53
26 54
26 58
26 64
26 71
26 73
26 87
26 88
26 89
26 109
26 112
27 27
27 34
27 37
27 38
27 39
27 41
27 52
27 54
27 55
27 64
27 84
27 85
27 87
27 88
27 89
27 90
27 91
27 92
27 96
27 97
27 98
27 99
27 109
27 110
27 111
27 112
28 28
28 29
28 32
28 36
28 40
28 41
28 56
28 57
28 62
28 63
28 68
28 72
28 73
28 74
28 75
28 76
28 78
28 79
28 80
28 81
28 83
29 29
29 30
29 31
29 34
29 36
29 40
29 54
29 58
29 60
29 61
29 70
29 71
29 72
29 73
29 77
29 79
29 83
29 95
29 108
30 30
30 31
30 70
30 71
30 72
30 73
30 74
30 75
30 79
31 31
31 70
31 71
31 73
31 75
31 79
32 32
32 33
32 40
32 57
32 61
32 62
32 63
32 72
32 73
32 74
32 75
32 76
32 78
32 81
33 33
33 35
33 44
33 45
33 57
33 60
33 61
33 62
33 63
33 65
33 67
34 34
34 35
34 37
34 38
34 44
34 45
34 54
34 58
34 60
34 61
34 65
34 66
34 67
34 77
34 88
34 89
34 90
34 91
34 92
34 93
34 97
34 98
34 103
34 108
34 109
34 110
34 111
34 112
35 35
35 43
35 44
35 45
35 47
35 48
35 49
35 58
35 59
35 60
35 61
35 65
35 66
35 67
35 69
35 77
35 88
35 90
35 97
35 108
35 110
36 36
36 37
36 38
36 40
36 41
36 50
36 54
36 72
36 73
36 74
36 76
36 78
36 79
36 80
36 81
36 82
36 84
36 85
36 86
36 94
36 96
36 97
36 110
37 37
37 38
37 39
37 41
37 46
37 47
37 52
37 53
37 54
37 55
37 70
37 79
37 83
37 85
37 88
37 89
37 94
37 96
37 97
37 98
37 99
37 109
37 110
37 111
37 112
38 38
38 39
38 40
38 41
38 52
38 54
38 55
38 88
38 89
38 91
38 93
38 94
38 98
38 99
38 103
38 106
38 107
38 109
38 110
38 111
38 112
38 113
39 39
39 40
39 41
39 55
39 83
39 85
39 87
39 91
39 92
39 94
39 97
39 98
39 99
39 106
39 109
39 110
39 111
39 112
40 40
40 41
40 57
40 63
40 72
40 73
40 74
40 75
40 76
40 78
40 81
40 83
40 85
40 87
40 96
41 41
41 55
41 57
41 72
41 73
41 74
41 75
41 81
41 83
41 85
41 87
41 94
41 99
41 109
42 42
42 43
42 44
42 45
42 46
42 47
42 48
42 49
42 51
42 56
42 67
42 96
42 98
42 110
42 111
43 43
43 44
43 45
43 46
43 47
43 48
43 49
43 51
43 67
43 96
43 110
43 111
44 44
44 45
44 46
44 47
44 48
44 49
44 51
44 62
44 66
44 67
45 45
45 46
45 47
45 48
45 49
45 51
45 61
45 64
45 65
45 67
46 46
46 47
46 48
46 49
46 51
46 52
46 53
46 55
46 56
46 59
46 62
46 66
46 77
46 80
46 82
46 96
46 98
46 99
46 110
46 111
46 112
47 47
47 48
47 49
47 51
47 55
47 67
47 90
47 91
47 94
47 96
47 97
47 98
47 99
47 110
47 111
47 112
48 48
48 49
48 50
48 51
48 59
48 66
48 67
49 49
49 51
49 62
49 67
50 50
50 51
50 52
50 53
50 56
50 57
50 64
50 68
50 76
50 84
50 85
50 87
51 51
51 52
51 53
51 57
51 59
51 66
51 67
52 52
52 53
52 54
52 55
52 56
52 58
52 80
52 81
52 82
52 83
52 84
52 88
52 89
52 90
52 91
52 98
52 99
52 109
52 110
52 111
52 112
53 53
53 54
53 55
53 58
53 81
53 82
53 83
53 89
53 91
53 98
53 99
53 109
53 110
53 111
53 112
54 54
54 55
54 58
54 59
54 66
54 82
54 86
54 88
54 89
54 95
54 96
54 97
54 98
54 100
54 101
54 102
54 103
54 104
54 105
54 108
54 109
54 111
54 112
54 114
54 115
55 55
55 81
55 82
55 83
55 84
55 87
55 88
55 89
55 90
55 91
55 92
55 94
55 96
55 97
55 98
55 99
55 103
55 109
55 110
55 111
55 112
55 113
56 56
56 57
56 62
56 63
56 68
56 76
56 78
56 80
56 81
56 83
56 85
56 99
56 111
56 113
57 57
57 59
57 62
57 63
57 68
57 76
57 78
57 80
57 81
57 85
57 87
57 94
57 96
57 114
58 58
58 59
58 60
58 61
58 65
58 66
58 88
58 89
58 90
59 59
59 61
59 62
59 63
59 66
59 67
59 68
59 69
59 80
59 82
59 86
59 97
59 98
60 60
60 61
60 65
60 88
60 89
60 90
61 61
61 62
61 63
61 65
61 67
62 62
62 63
62 66
62 78
62 80
62 81
63 63
63 72
63 73
63 74
63 78
63 80
63 81
64 64
64 65
64 84
64 85
64 87
64 92
65 65
65 67
65 85
66 66
66 67
66 69
66 77
66 96
66 97
66 98
67 67
67 69
67 97
67 108
68 68
68 69
68 76
68 78
68 80
68 81
68 82
68 87
68 94
68 95
68 97
68 104
68 114
69 69
69 94
69 95
69 108
69 115
70 70
70 71
70 72
70 73
70 75
70 79
70 80
71 71
71 73
71 74
71 75
71 79
72 72
72 73
72 74
72 75
72 76
72 78
72 79
72 81
73 73
73 74
73 75
73 79
73 81
74 74
74 75
74 76
74 81
74 85
75 75
75 81
75 85
75 87
76 76
76 77
76 78
76 79
76 81
76 94
76 96
76 114
77 77
77 79
77 90
77 91
77 92
77 93
77 94
77 96
77 97
77 98
77 99
77 110
77 111
77 112
78 78
78 79
78 80
78 81
78 82
78 83
78 97
78 113
79 79
79 80
79 81
79 82
79 97
80 80
80 81
80 82
80 83
80 84
80 86
80 97
81 81
81 82
81 83
81 84
81 85
81 87
82 82
82 84
82 86
82 88
82 96
82 98
82 100
82 101
82 102
82 104
82 105
82 111
82 114
82 115
83 83
83 85
83 87
83 90
83 92
83 98
83 99
83 109
83 111
83 112
84 84
84 85
84 86
84 87
84 88
84 99
85 85
85 87
85 99
86 86
86 87
86 88
86 95
86 96
86 97
86 102
86 114
87 87
87 94
87 99
88 88
88 89
88 90
88 91
88 92
88 93
88 97
88 98
88 99
88 109
88 110
88 111
88 112
89 89
89 90
89 91
89 92
89 93
89 95
89 97
89 98
89 99
89 100
89 101
89 102
89 103
89 104
89 105
89 107
89 108
89 109
89 112
90 90
90 91
90 92
90 93
90 98
90 99
90 106
90 109
90 110
90 111
90 112
91 91
91 92
91 93
91 98
91 99
91 100
91 101
91 103
91 106
91 107
91 109
91 110
91 111
91 112
92 92
92 93
92 98
92 99
92 100
92 101
92 103
92 106
92 107
92 109
92 112
93 93
93 98
93 99
93 100
93 101
93 102
93 103
93 104
93 105
93 106
93 107
93 112
94 94
94 95
94 96
94 97
94 99
94 106
94 108
94 109
94 110
94 114
94 115
95 95
95 96
95 97
95 108
95 114
95 115
96 96
96 97
96 98
96 102
96 104
96 108
96 110
96 111
96 112
96 114
96 115
97 97
97 98
97 99
97 108
97 109
97 110
97 111
97 112
97 114
98 98
98 99
98 109
98 110
98 111
98 112
99 99
99 109
99 110
99 111
99 112
100 100
100 101
100 102
100 103
100 104
100 105
100 106
100 107
100 113
100 114
100 115
101 101
101 102
101 103
101 104
101 105
101 106
101 107
101 108
101 113
101 114
101 115
102 102
102 103
102 104
102 105
102 107
102 108
102 113
102 114
102 115
103 103
103 104
103 105
103 106
103 107
103 108
103 113
103 114
103 115
104 104
104 105
104 107
104 108
104 113
104 114
104 115
105 105
105 107
105 113
105 114
105 115
106 106
106 107
106 113
107 107
107 108
107 113
107 115
108 108
108 109
108 113
108 114
108 115
109 109
109 110
109 111
109 112
110 110
110 111
110 112
111 111
111 112
111 113
112 112
113 113
113 114
113 115
114 114
114 115
115 115
