0 0
0 1
0 4
0 6
0 7
0 8
0 9
0 18
0 19
0 32
0 33
0 41
0 56
0 57
0 60
0 61
0 62
0 63
0 68
0 69
0 70
0 75
0 76
0 77
0 79
0 81
1 1
1 9
1 19
1 32
1 37
1 39
1 41
1 56
1 57
1 58
1 59
1 60
1 61
1 62
1 63
1 66
1 68
1 69
1 77
1 81
1 90
1 98
2 2
2 3
2 4
2 5
2 6
2 7
2 8
2 9
2 18
2 22
2 23
2 24
2 25
2 26
2 27
2 33
2 34
2 35
2 64
2 66
2 67
2 84
2 86
2 88
2 92
2 93
3 3
3 4
3 5
3 6
3 7
3 8
3 9
3 12
3 14
3 18
3 19
3 20
3 22
3 23
3 24
3 25
3 26
3 27
3 30
3 31
3 33
3 34
3 35
3 64
3 65
3 67
3 69
3 82
3 84
3 86
3 87
3 88
3 89
4 4
4 5
4 6
4 7
4 8
4 9
4 14
4 18
4 19
4 23
4 24
4 25
4 26
4 27
4 56
4 57
4 64
4 66
4 67
4 68
4 69
4 70
4 91
5 5
5 6
5 7
5 8
5 9
5 23
5 24
5 25
5 26
5 27
5 34
5 35
5 64
5 66
5 67
5 68
5 69
5 88
5 91
5 92
6 6
6 7
6 8
6 9
6 12
6 18
6 19
6 22
6 23
6 24
6 27
6 30
6 31
6 33
6 64
6 82
6 83
6 84
6 86
6 88
6 92
7 7
7 8
7 9
7 13
7 19
7 23
7 24
7 25
7 27
7 33
7 34
7 35
7 56
7 57
7 59
7 60
7 64
7 65
7 66
7 67
7 68
7 69
7 86
7 88
8 8
8 9
8 12
8 14
8 18
8 19
8 22
8 23
8 24
8 25
8 26
8 27
8 33
8 35
8 56
8 57
8 64
8 65
8 66
8 67
8 68
8 69
8 82
8 86
8 91
8 93
9 9
9 13
9 15
9 25
9 35
9 56
9 57
9 60
9 64
9 65
9 66
9 68
9 69
9 92
10 10
10 11
10 12
10 13
10 14
10 16
10 17
10 20
10 28
10 30
10 31
10 42
10 43
10 44
10 46
10 47
10 49
10 51
10 53
10 55
10 71
10 72
10 84
10 93
10 101
10 113
11 11
11 13
11 15
11 16
11 17
11 31
11 36
11 42
11 46
11 50
11 53
11 54
11 71
11 78
11 80
11 92
11 97
11 100
11 101
12 12
12 14
12 18
12 20
12 22
12 23
12 28
12 30
12 31
12 71
12 82
12 93
12 113
13 13
13 15
13 16
13 17
13 52
13 54
13 71
13 80
13 92
14 14
14 18
14 19
14 20
14 21
14 22
14 23
14 24
14 25
14 26
14 27
14 30
14 31
14 82
14 84
14 86
14 88
15 15
15 17
15 21
15 29
15 36
15 38
15 46
15 52
15 53
15 54
15 71
15 73
15 80
15 83
15 88
15 94
15 96
15 108
15 112
15 115
16 16
16 17
16 28
16 29
16 30
16 31
16 32
16 36
16 42
16 46
16 47
16 53
16 55
16 71
16 72
16 73
16 74
16 75
16 76
16 78
16 79
16 80
16 81
16 101
17 17
17 28
17 29
17 32
17 36
17 42
17 46
17 52
17 53
17 54
17 55
17 62
17 71
17 72
17 73
17 74
17 75
17 76
17 78
17 79
17 80
17 81
17 87
17 98
17 101
18 18
18 19
18 22
18 23
18 30
18 33
18 56
18 64
18 68
18 76
18 81
18 82
18 83
18 84
18 86
19 19
19 22
19 23
19 24
19 26
19 27
19 32
19 33
19 41
19 56
19 57
19 62
19 64
19 67
19 68
19 69
19 70
19 76
19 77
19 81
19 82
19 86
20 20
20 21
20 22
20 23
20 24
20 25
20 26
20 27
20 28
20 30
20 31
20 33
20 40
20 70
20 82
20 86
21 21
21 25
21 30
21 31
21 71
21 83
21 89
21 93
21 94
21 97
21 99
21 104
21 105
21 108
21 110
21 112
21 113
21 114
21 115
22 22
22 23
22 24
22 25
22 26
22 27
22 30
22 31
22 33
22 34
22 35
22 64
22 67
22 82
22 84
22 85
22 86
22 88
22 93
23 23
23 24
23 25
23 26
23 27
23 30
23 31
23 33
23 34
23 35
23 64
23 67
23 71
23 82
23 84
23 85
23 86
23 88
23 92
23 93
24 24
24 25
24 26
24 27
24 30
24 31
24 33
24 34
24 35
24 64
24 67
24 84
24 85
24 86
24 88
24 89
24 91
24 93
25 25
25 26
25 27
25 34
25 35
25 64
25 66
25 67
25 69
25 82
25 84
25 86
25 88
25 89
25 91
25 110
26 26
26 27
26 33
26 35
26 64
26 66
26 67
26 68
26 69
26 70
26 82
26 86
26 110
27 27
27 30
27 31
27 33
27 34
27 35
27 64
27 66
27 67
27 69
27 82
27 84
27 86
27 88
27 110
28 28
28 29
28 30
28 31
28 36
28 40
28 42
28 46
28 47
28 50
28 51
28 53
28 55
28 71
28 72
28 74
28 93
28 97
28 99
28 112
28 113
29 29
29 36
29 38
29 42
29 46
29 52
29 53
29 54
29 62
29 72
29 73
29 74
29 75
29 76
29 78
29 79
29 80
29 81
29 83
29 98
29 101
30 30
30 31
30 36
30 40
30 44
30 46
30 50
30 53
30 55
30 71
30 72
30 83
30 84
30 86
30 88
30 93
31 31
31 36
31 40
31 44
31 46
31 50
31 53
31 71
31 72
31 80
31 83
31 84
31 86
31 88
31 93
32 32
32 33
32 36
32 55
32 62
32 72
32 74
32 75
32 76
32 79
32 87
32 100
32 101
33 33
33 41
33 56
33 62
33 63
33 64
33 65
33 75
33 76
33 77
33 81
33 86
34 34
34 35
34 64
34 66
34 67
34 84
34 86
34 88
35 35
35 64
35 65
35 66
35 67
35 86
35 88
35 110
36 36
36 40
36 42
36 46
36 47
36 53
36 54
36 71
36 72
36 73
36 74
36 75
36 76
36 78
36 79
36 80
36 81
36 83
37 37
37 38
37 39
37 41
37 57
37 59
37 60
37 61
37 63
37 66
37 68
37 69
37 76
37 77
37 94
37 95
37 103
37 104
37 105
37 107
37 108
37 109
37 110
37 114
37 115
38 38
38 39
38 54
38 73
38 89
38 94
38 95
38 96
38 97
38 98
38 103
38 104
38 105
38 107
38 108
38 109
38 110
38 113
38 114
38 115
39 39
39 41
39 57
39 63
39 66
39 68
39 69
39 77
39 94
39 95
39 96
39 97
39 103
39 104
39 105
39 107
39 108
39 109
39 110
39 114
39 115
40 40
40 42
40 43
40 46
40 47
40 53
40 55
40 72
40 74
40 76
40 80
40 95
40 97
40 99
40 108
40 114
40 115
41 41
41 56
41 57
41 59
41 63
41 68
41 69
41 70
41 75
41 77
41 81
41 82
41 83
41 87
42 42
42 43
42 44
42 45
42 46
42 47
42 48
42 49
42 50
42 51
42 52
42 53
42 54
42 55
42 71
42 72
42 78
42 95
42 97
42 98
42 99
42 101
42 109
43 43
43 44
43 45
43 46
43 47
43 48
43 49
43 50
43 51
43 52
43 53
43 54
43 55
43 58
43 95
43 96
43 97
43 98
43 99
43 109
44 44
44 45
44 46
44 47
44 48
44 49
44 50
44 51
44 53
44 55
44 71
44 98
44 99
44 100
44 112
45 45
45 47
45 48
45 49
45 50
45 51
45 58
46 46
46 47
46 50
46 51
46 52
46 53
46 54
46 55
46 71
46 72
46 73
46 78
46 80
46 95
46 96
46 97
46 98
46 99
46 100
46 101
46 108
46 109
46 112
46 114
46 115
47 47
47 48
47 49
47 50
47 51
47 53
47 55
47 72
47 77
47 78
47 95
47 97
47 98
47 101
47 109
48 48
48 49
48 50
48 51
48 52
48 53
48 55
48 58
48 61
48 90
48 98
48 100
49 49
49 50
49 51
49 53
49 55
49 58
49 59
49 90
49 98
50 50
50 51
50 52
50 53
50 54
50 55
50 71
50 92
50 100
51 51
51 52
51 53
51 55
51 58
51 71
51 72
51 98
51 100
52 52
52 53
52 54
52 55
52 58
52 61
52 73
52 97
52 98
52 100
52 115
53 53
53 54
53 55
53 71
53 72
53 74
53 97
53 99
53 100
53 112
54 54
54 55
54 71
54 73
54 78
54 94
54 95
54 96
54 97
54 98
54 99
54 100
54 104
54 105
54 108
54 109
54 112
54 113
54 114
54 115
55 55
55 71
55 72
55 74
55 96
55 97
55 98
55 99
55 100
55 104
55 105
55 113
55 114
55 115
56 56
56 57
56 58
56 59
56 60
56 61
56 62
56 63
56 64
56 66
56 68
56 69
56 76
56 77
56 79
56 81
56 90
57 57
57 58
57 59
57 60
57 61
57 62
57 63
57 66
57 68
57 69
57 77
57 79
57 81
57 90
57 91
57 103
58 58
58 59
58 60
58 61
58 63
58 66
58 69
58 90
58 98
58 103
58 104
58 107
59 59
59 60
59 61
59 62
59 63
59 65
59 66
59 67
59 69
59 90
59 91
59 98
59 102
59 103
59 107
59 111
60 60
60 61
60 62
60 63
60 65
60 66
60 69
60 87
60 90
60 91
60 103
61 61
61 62
61 63
61 65
61 66
61 90
61 91
61 98
61 102
61 103
61 107
62 62
62 63
62 66
62 68
62 73
62 75
62 76
62 77
62 79
62 80
62 81
63 63
63 66
63 68
63 69
63 75
63 76
63 77
63 79
63 81
63 90
63 98
63 103
64 64
64 65
64 66
64 67
64 69
64 82
64 84
64 86
64 88
65 65
65 66
65 67
65 69
65 89
66 66
66 67
66 68
66 69
66 90
66 91
66 103
66 106
66 111
67 67
67 69
67 86
67 88
67 89
67 91
67 103
67 110
67 111
68 68
68 69
68 70
68 77
68 81
68 103
69 69
69 70
69 82
69 91
69 103
69 106
69 107
69 110
70 70
70 74
70 75
70 76
70 77
71 71
71 72
71 80
71 83
71 87
71 88
71 92
71 97
71 100
71 112
72 72
72 73
72 74
72 75
72 76
72 78
72 79
72 80
72 97
72 100
72 101
73 73
73 74
73 75
73 76
73 78
73 79
73 80
73 81
74 74
74 75
74 76
74 77
74 79
74 81
75 75
75 76
75 77
75 79
75 80
75 81
76 76
76 77
76 79
76 80
76 81
76 84
76 85
76 86
76 95
76 101
76 109
77 77
77 79
77 81
77 95
77 101
77 109
78 78
78 79
78 80
78 81
78 95
78 96
78 97
78 98
78 101
79 79
79 80
79 81
79 101
80 80
80 81
80 83
80 84
80 95
80 101
81 81
81 83
81 101
82 82
82 83
82 84
82 86
82 87
82 88
83 83
83 84
84 84
84 85
84 86
84 88
85 85
85 86
86 86
86 87
86 88
87 87
87 88
87 96
87 102
87 111
88 88
88 92
88 111
88 112
89 89
89 93
89 94
89 100
89 102
89 103
89 104
89 105
89 110
89 113
90 90
90 91
90 98
90 103
90 107
90 111
91 91
91 93
91 103
91 107
91 110
91 111
92 92
92 93
92 100
92 101
92 102
92 112
93 93
93 99
93 102
93 103
93 104
93 105
93 113
94 94
94 95
94 96
94 97
94 98
94 99
94 102
94 103
94 104
94 105
94 107
94 108
94 109
94 110
94 111
94 112
94 113
94 114
94 115
95 95
95 97
95 98
95 99
95 101
95 105
95 107
95 108
95 109
95 114
95 115
96 96
96 97
96 98
96 99
96 100
96 102
96 104
96 105
96 107
96 108
96 109
96 110
96 111
96 112
96 113
96 114
96 115
97 97
97 98
97 99
97 104
97 105
97 108
97 109
97 112
97 113
97 114
97 115
98 98
98 99
98 100
98 102
98 103
98 104
98 105
98 106
98 107
98 108
98 111
98 112
98 115
99 99
99 100
99 101
99 102
99 104
99 105
99 107
99 108
99 109
99 112
99 113
99 114
99 115
100 100
100 102
100 104
100 112
100 113
101 101
102 102
102 103
102 104
102 111
102 112
103 103
103 104
103 105
103 106
103 107
103 108
103 110
103 111
103 113
103 114
103 115
104 104
104 105
104 106
104 107
104 108
104 110
104 112
104 113
104 114
104 115
105 105
105 106
105 107
105 108
105 109
105 110
105 113
105 114
105 115
106 106
106 107
107 107
107 108
107 109
107 110
107 111
107 112
107 113
107 114
107 115
108 108
108 109
108 110
108 112
108 113
108 114
108 115
109 109
109 113
109 114
109 115
110 110
110 111
110 113
110 114
110 115
111 111
111 112
112 112
112 113
112 114
112 115
113 113
113 114
113 115
114 114
114 115
115 115
