0 0
0 2
0 4
0 5
0 6
0 10
0 12
0 14
0 15
0 16
0 18
0 19
0 26
0 27
0 48
0 56
0 57
0 58
0 59
0 60
0 61
0 64
0 66
0 68
0 69
0 82
0 83
0 88
0 89
0 113
1 1
1 3
1 7
1 10
1 11
1 12
1 13
1 19
1 29
1 56
1 57
1 61
1 63
1 73
1 85
1 87
1 92
2 2
2 4
2 5
2 6
2 8
2 14
2 18
2 22
2 23
2 24
2 25
2 26
2 27
2 35
2 40
2 48
2 50
2 58
2 59
2 60
2 64
2 66
2 69
2 82
2 88
3 3
3 5
3 7
3 9
3 15
3 19
3 20
3 23
3 26
3 27
3 40
3 41
3 59
3 65
3 83
3 87
3 88
3 89
3 92
4 4
4 5
4 6
4 8
4 9
4 12
4 14
4 15
4 18
4 22
4 24
4 25
4 26
4 27
4 36
4 38
4 48
4 52
4 54
4 58
4 59
4 60
4 61
4 64
4 66
4 82
4 83
4 88
4 89
4 102
5 5
5 6
5 15
5 18
5 20
5 21
5 22
5 23
5 25
5 26
5 27
5 39
5 40
5 41
5 48
5 58
5 59
5 64
5 69
5 82
5 83
5 86
5 88
5 89
6 6
6 8
6 10
6 12
6 14
6 15
6 18
6 26
6 27
6 48
6 56
6 58
6 60
6 61
6 64
6 69
6 82
6 83
6 88
7 7
7 11
7 13
7 15
7 19
7 29
7 61
7 65
7 83
7 85
7 87
7 92
7 102
8 8
8 9
8 12
8 14
8 15
8 18
8 22
8 24
8 25
8 27
8 34
8 36
8 38
8 48
8 52
8 54
8 58
8 60
8 61
8 64
8 66
8 83
8 84
8 94
8 96
8 98
8 102
8 108
9 9
9 14
9 15
9 18
9 22
9 23
9 24
9 25
9 27
9 36
9 38
9 48
9 50
9 52
9 54
9 58
9 61
9 64
9 65
9 66
9 83
9 96
9 100
9 102
9 108
10 10
10 12
10 14
10 16
10 18
10 28
10 30
10 31
10 60
10 62
10 63
10 64
10 72
11 11
11 13
11 17
11 29
11 42
11 43
11 51
11 63
11 65
11 73
11 74
11 76
11 77
11 78
11 79
11 81
11 85
11 87
11 92
12 12
12 14
12 16
12 18
12 28
12 48
12 50
12 58
12 60
12 61
12 64
12 65
12 66
12 84
13 13
13 17
13 29
13 31
13 42
13 43
13 46
13 51
13 63
13 65
13 71
13 72
13 73
13 74
13 76
13 77
13 78
13 79
13 80
13 81
13 85
13 96
14 14
14 15
14 18
14 22
14 24
14 25
14 27
14 28
14 34
14 36
14 48
14 50
14 52
14 54
14 57
14 58
14 60
14 61
14 64
14 66
14 68
14 83
14 84
14 88
14 96
14 100
14 102
15 15
15 18
15 19
15 25
15 26
15 27
15 52
15 61
15 83
15 88
15 89
15 102
16 16
16 28
16 31
16 56
16 57
16 60
16 62
16 63
16 72
16 73
16 74
16 76
16 78
16 80
16 81
16 84
17 17
17 28
17 29
17 30
17 31
17 42
17 43
17 45
17 63
17 70
17 71
17 72
17 73
17 74
17 75
17 76
17 77
17 78
17 79
17 80
17 81
17 85
17 111
18 18
18 19
18 22
18 23
18 24
18 25
18 26
18 27
18 34
18 48
18 57
18 58
18 59
18 60
18 64
18 66
18 68
18 69
18 82
18 88
18 113
19 19
19 57
19 59
19 63
19 69
19 78
19 82
19 83
19 87
19 90
19 95
20 20
20 21
20 23
20 25
20 26
20 27
20 39
20 40
20 41
20 53
20 59
20 70
20 71
20 82
20 85
20 86
20 88
20 89
20 90
20 105
20 107
20 112
20 114
20 115
21 21
21 23
21 25
21 26
21 30
21 31
21 39
21 40
21 41
21 70
21 71
21 82
21 86
21 87
21 88
21 89
21 91
21 103
21 105
21 110
21 112
21 114
21 115
22 22
22 23
22 24
22 25
22 26
22 27
22 30
22 34
22 35
22 48
22 50
22 58
22 60
22 64
22 66
22 88
23 23
23 24
23 25
23 26
23 27
23 30
23 31
23 35
23 40
23 48
23 50
23 58
23 64
23 82
23 88
23 89
24 24
24 25
24 27
24 30
24 34
24 35
24 36
24 42
24 50
24 51
24 52
24 54
24 58
24 64
24 66
24 84
24 96
25 25
25 26
25 27
25 35
25 40
25 41
25 48
25 50
25 53
25 58
25 64
25 88
25 89
26 26
26 27
26 39
26 40
26 41
26 48
26 58
26 59
26 69
26 82
26 83
26 86
26 88
26 89
26 90
26 93
27 27
27 35
27 38
27 40
27 41
27 48
27 50
27 58
27 59
27 60
27 64
27 66
27 82
27 83
27 86
27 88
27 89
28 28
28 29
28 30
28 31
28 62
28 72
28 73
28 74
28 76
28 78
28 79
28 80
28 81
29 29
29 36
29 37
29 42
29 46
29 51
29 54
29 63
29 70
29 72
29 73
29 74
29 75
29 76
29 77
29 78
29 79
29 80
29 81
29 85
29 94
29 96
30 30
30 31
30 42
30 55
30 71
30 72
30 73
30 74
30 76
30 81
31 31
31 42
31 70
31 71
31 72
31 74
31 76
31 78
31 79
31 81
31 85
31 87
31 112
31 114
32 32
32 33
32 34
32 36
32 38
32 44
32 45
32 47
32 49
32 60
32 62
32 66
32 80
32 94
32 96
32 98
32 109
33 33
33 34
33 35
33 43
33 44
33 45
33 47
33 49
33 62
33 67
33 69
33 77
33 79
33 80
33 81
33 94
33 96
33 98
33 108
33 109
33 110
33 111
34 34
34 35
34 36
34 38
34 54
34 60
34 62
34 64
34 66
34 80
34 84
34 94
34 96
34 98
34 102
34 104
34 108
35 35
35 43
35 44
35 45
35 47
35 48
35 50
35 51
35 64
35 65
35 66
35 67
35 97
35 110
36 36
36 37
36 38
36 42
36 46
36 51
36 52
36 54
36 66
36 73
36 75
36 76
36 79
36 80
36 81
36 84
36 94
36 95
36 96
36 98
36 108
37 37
37 46
37 51
37 53
37 70
37 71
37 75
37 77
37 79
37 80
37 85
37 94
37 95
37 96
37 97
37 109
37 111
38 38
38 39
38 46
38 51
38 52
38 54
38 75
38 94
38 95
38 96
38 108
38 109
39 39
39 41
39 70
39 71
39 82
39 85
39 86
39 87
39 88
39 89
39 90
39 91
39 92
39 95
39 97
39 101
39 103
39 105
39 107
39 109
39 110
39 114
39 115
40 40
40 41
40 59
40 82
40 83
40 88
40 89
40 97
40 114
40 115
41 41
41 73
41 82
41 83
41 86
41 87
41 88
41 89
41 114
41 115
42 42
42 43
42 44
42 45
42 46
42 47
42 49
42 50
42 51
42 52
42 53
42 55
42 73
42 74
42 76
42 79
42 80
42 81
42 84
42 96
42 112
43 43
43 44
43 45
43 46
43 47
43 49
43 50
43 51
43 55
43 74
43 76
43 77
43 79
43 80
43 81
43 96
43 98
43 111
43 112
44 44
44 45
44 46
44 47
44 49
44 51
44 62
44 67
44 80
44 81
44 94
44 96
44 98
44 108
44 109
44 110
44 111
45 45
45 46
45 47
45 49
45 51
45 67
45 77
45 80
45 81
45 94
45 96
45 98
45 108
45 109
46 46
46 47
46 50
46 51
46 52
46 53
46 54
46 55
46 72
46 74
46 75
46 76
46 80
46 81
46 84
46 85
46 94
46 96
46 111
46 112
47 47
47 49
47 51
47 53
47 67
47 69
47 77
47 90
47 91
47 97
47 98
47 107
47 108
47 109
47 110
47 111
48 48
48 49
48 50
48 52
48 57
48 58
48 59
48 60
48 61
48 64
48 65
48 66
48 67
48 88
49 49
49 51
49 59
49 65
49 67
49 69
49 90
49 94
49 98
49 108
49 109
49 110
50 50
50 51
50 52
50 55
50 57
50 58
50 64
50 65
50 66
50 84
51 51
51 52
51 53
51 54
51 65
51 75
51 94
51 96
51 98
51 108
52 52
52 53
52 54
52 84
52 92
52 96
52 98
53 53
53 71
53 85
53 92
53 93
53 110
53 111
53 112
54 54
54 62
54 66
54 80
54 84
54 94
54 95
54 96
54 98
54 102
54 108
55 55
55 72
55 74
55 85
55 97
55 99
55 107
55 111
55 112
55 113
56 56
56 57
56 58
56 60
56 61
56 62
56 63
56 66
56 68
56 83
56 89
56 99
56 100
57 57
57 58
57 59
57 60
57 61
57 62
57 63
57 64
57 66
57 68
57 69
57 84
57 99
57 100
57 113
58 58
58 59
58 60
58 61
58 64
58 66
58 82
58 88
58 89
58 93
58 100
58 113
59 59
59 61
59 67
59 69
59 82
59 83
59 88
59 89
59 90
59 100
59 102
59 103
59 106
59 113
60 60
60 61
60 62
60 64
60 66
60 68
60 88
61 61
61 63
61 65
61 66
61 68
61 90
61 92
61 100
62 62
62 64
62 66
62 68
62 72
62 73
62 74
62 76
62 80
62 81
62 84
62 96
62 98
62 104
62 109
63 63
63 70
63 73
63 74
63 75
63 77
63 78
63 79
63 80
63 81
63 85
63 87
64 64
64 66
64 68
65 65
65 67
65 100
66 66
66 68
66 84
66 96
66 100
67 67
67 69
67 82
67 90
67 91
67 93
67 97
67 100
67 103
67 105
67 106
67 107
67 108
67 109
67 110
67 111
67 115
68 68
68 84
68 88
69 69
69 82
69 83
69 87
69 90
69 91
69 93
69 98
69 103
69 106
69 109
69 110
69 115
70 70
70 71
70 72
70 73
70 74
70 75
70 76
70 77
70 78
70 79
70 81
70 85
70 105
70 112
70 114
71 71
71 72
71 73
71 74
71 75
71 76
71 77
71 79
71 81
71 85
71 86
71 87
71 105
71 110
71 112
71 114
72 72
72 73
72 74
72 75
72 76
72 77
72 78
72 79
72 80
72 81
72 111
72 114
73 73
73 74
73 75
73 76
73 77
73 79
73 80
73 81
73 84
73 85
74 74
74 75
74 76
74 77
74 79
74 80
74 81
74 85
75 75
75 76
75 77
75 79
75 81
75 85
76 76
76 77
76 78
76 79
76 80
76 81
76 85
77 77
77 78
77 79
77 80
77 81
77 85
77 87
77 109
77 110
78 78
78 79
78 80
78 81
78 104
78 111
78 113
78 114
78 115
79 79
79 80
79 81
79 85
79 111
80 80
80 81
80 84
80 94
80 95
80 96
80 98
81 81
81 85
81 111
82 82
82 83
82 86
82 88
82 89
82 90
82 91
82 93
82 97
82 101
82 110
83 83
83 90
83 95
83 98
83 100
83 102
83 104
83 106
84 84
84 96
84 98
84 100
85 85
85 87
85 89
85 99
85 111
85 112
86 86
86 87
86 88
86 89
86 92
86 93
86 101
86 103
86 105
86 113
87 87
87 88
87 89
87 91
87 92
87 93
87 101
87 103
87 105
87 107
87 109
87 110
87 112
87 113
87 114
87 115
88 88
88 89
88 90
88 92
88 93
89 89
89 90
89 91
89 92
89 93
89 103
89 105
89 107
89 112
90 90
90 91
90 92
90 93
90 97
90 98
90 100
90 101
90 103
90 105
90 106
90 107
90 108
90 109
90 110
91 91
91 92
91 93
91 97
91 99
91 101
91 103
91 105
91 107
91 109
91 110
91 111
91 112
91 113
91 114
91 115
92 92
92 93
92 100
92 101
92 103
92 105
92 107
92 112
93 93
93 99
93 100
93 101
93 103
93 105
93 107
93 110
93 111
93 112
93 113
94 94
94 95
94 96
94 97
94 98
94 106
94 108
94 109
95 95
95 96
95 97
95 98
95 108
95 109
96 96
96 98
96 102
96 104
96 106
96 108
97 97
97 99
97 100
97 101
97 103
97 105
97 107
97 108
97 109
97 110
97 111
97 115
98 98
98 102
98 106
98 108
98 109
99 99
99 100
99 101
99 103
99 104
99 107
99 111
99 112
99 113
99 114
99 115
100 100
100 101
100 102
100 103
100 104
100 106
100 111
100 113
101 101
101 103
101 104
101 105
101 107
101 111
101 112
101 113
101 114
101 115
102 102
102 104
102 106
102 108
103 103
103 104
103 105
103 107
103 110
103 111
103 113
103 114
103 115
104 104
104 105
104 106
104 108
104 114
104 115
105 105
105 106
105 107
105 109
105 110
105 111
105 112
105 114
105 115
106 106
106 107
106 108
106 109
106 110
107 107
107 110
107 111
107 112
107 114
107 115
108 108
108 109
108 110
109 109
109 110
109 111
110 110
110 111
110 114
110 115
111 111
111 112
111 113
111 114
111 115
112 112
112 113
113 113
113 114
113 115
114 114
114 115
115 115
