0 0
0 1
0 9
0 10
0 12
0 13
0 15
0 16
0 41
0 54
0 56
0 58
0 59
0 60
0 61
0 63
0 89
0 93
0 100
0 105
1 1
1 9
1 14
1 15
1 16
1 19
1 41
1 56
1 57
1 58
1 59
1 60
1 61
1 63
1 68
1 69
1 89
1 93
1 111
2 2
2 4
2 6
2 7
2 8
2 12
2 13
2 15
2 22
2 24
2 31
2 33
2 34
2 58
2 60
2 65
2 66
2 70
2 75
2 93
2 101
2 108
3 3
3 6
3 7
3 10
3 11
3 13
3 14
3 15
3 18
3 19
3 22
3 23
3 29
3 30
3 31
3 64
3 65
3 67
3 75
3 77
3 83
3 84
3 85
3 88
3 92
4 4
4 5
4 8
4 9
4 14
4 20
4 24
4 26
4 27
4 33
4 48
4 53
4 54
4 57
4 58
4 59
4 60
4 66
4 70
4 71
4 93
4 98
4 108
4 110
4 112
4 113
5 5
5 9
5 23
5 24
5 25
5 26
5 27
5 35
5 38
5 45
5 48
5 50
5 52
5 53
5 58
5 66
5 67
5 70
5 71
5 94
5 95
5 97
5 100
5 108
5 110
5 112
5 113
5 114
6 6
6 7
6 8
6 10
6 11
6 12
6 13
6 15
6 20
6 28
6 29
6 30
6 31
6 32
6 33
6 60
6 62
6 64
6 66
6 70
6 72
6 73
6 74
6 75
6 76
6 77
6 83
6 92
6 93
6 101
7 7
7 8
7 10
7 11
7 12
7 13
7 15
7 20
7 29
7 31
7 64
7 65
7 67
7 70
7 72
7 73
7 74
7 75
7 76
7 77
7 85
7 92
8 8
8 9
8 12
8 13
8 14
8 15
8 17
8 33
8 58
8 59
8 60
8 61
8 62
8 64
8 66
8 70
8 72
8 73
8 74
8 83
9 9
9 12
9 13
9 15
9 35
9 58
9 59
9 60
9 65
9 66
9 67
9 90
9 92
9 93
9 95
9 102
9 108
9 112
10 10
10 11
10 12
10 13
10 17
10 19
10 22
10 28
10 29
10 60
10 62
10 64
10 75
10 84
11 11
11 12
11 13
11 28
11 29
11 30
11 31
11 32
11 64
11 65
11 67
11 72
11 75
11 76
11 77
11 78
11 83
11 84
11 85
11 92
12 12
12 13
12 15
12 16
12 19
12 28
12 60
12 62
12 75
12 92
12 93
12 101
13 13
13 14
13 15
13 19
13 31
13 60
13 64
13 65
13 75
13 77
13 84
13 85
13 92
13 93
13 101
14 14
14 15
14 21
14 22
14 26
14 39
14 41
14 57
14 58
14 59
14 60
14 61
14 63
14 64
14 70
14 74
14 82
14 83
14 86
14 88
14 89
14 115
15 15
15 19
15 21
15 31
15 33
15 37
15 39
15 58
15 59
15 60
15 61
15 64
15 66
15 72
15 74
15 75
15 82
15 83
15 89
15 92
15 102
16 16
16 17
16 28
16 56
16 57
16 60
16 61
16 62
16 63
16 68
16 69
16 78
16 79
16 80
16 81
16 94
16 96
16 98
16 100
16 101
16 103
16 107
17 17
17 42
17 52
17 58
17 60
17 61
17 62
17 63
17 68
17 69
17 103
17 105
17 114
18 18
18 19
18 40
18 47
18 57
18 69
18 82
18 83
18 84
18 88
18 90
18 91
18 98
19 19
19 28
19 29
19 57
19 58
19 59
19 60
19 66
19 72
19 82
19 83
19 101
19 110
20 20
20 21
20 24
20 25
20 26
20 30
20 31
20 33
20 64
20 70
20 71
20 73
20 77
20 94
20 113
21 21
21 23
21 24
21 25
21 26
21 30
21 31
21 32
21 33
21 36
21 38
21 39
21 41
21 56
21 59
21 64
21 67
21 70
21 71
21 78
21 80
21 81
21 82
21 85
21 86
21 88
21 89
21 96
22 22
22 23
22 24
22 25
22 26
22 27
22 30
22 31
22 34
22 41
22 50
22 64
22 70
22 82
22 86
22 88
22 112
23 23
23 25
23 26
23 30
23 31
23 42
23 44
23 50
23 67
23 71
23 85
24 24
24 25
24 26
24 27
24 30
24 31
24 33
24 34
24 35
24 36
24 38
24 39
24 46
24 54
24 56
24 57
24 66
24 70
24 81
24 82
24 88
24 89
24 94
24 97
24 98
24 110
24 111
25 25
25 26
25 27
25 30
25 31
25 34
25 35
25 36
25 38
25 39
25 41
25 50
25 53
25 56
25 67
25 70
25 81
25 82
25 86
25 88
25 89
25 97
25 108
26 26
26 27
26 30
26 34
26 38
26 39
26 46
26 47
26 48
26 54
26 56
26 57
26 63
26 69
26 70
26 81
26 82
26 98
26 111
27 27
27 34
27 35
27 38
27 39
27 48
27 50
27 54
27 56
27 68
27 69
27 89
27 96
27 97
27 108
27 110
27 111
27 112
28 28
28 29
28 31
28 32
28 36
28 44
28 46
28 62
28 72
28 75
28 78
28 79
28 80
28 81
28 82
28 83
28 101
29 29
29 30
29 31
29 32
29 33
29 36
29 42
29 43
29 44
29 62
29 64
29 72
29 75
29 76
29 77
29 78
29 79
29 80
29 83
29 84
29 85
30 30
30 31
30 32
30 34
30 42
30 44
30 50
30 64
30 67
30 70
30 72
30 75
30 76
30 82
30 83
30 84
30 85
30 86
30 88
31 31
31 32
31 33
31 34
31 36
31 41
31 64
31 70
31 72
31 74
31 75
31 76
31 77
31 78
31 82
31 83
31 84
31 85
31 86
32 32
32 33
32 36
32 42
32 44
32 46
32 56
32 64
32 72
32 74
32 78
32 81
32 84
32 85
32 101
32 106
33 33
33 58
33 60
33 61
33 64
33 66
33 68
33 70
33 72
33 80
33 81
33 87
33 94
34 34
34 35
34 36
34 45
34 50
34 65
34 67
34 70
34 77
34 91
34 110
35 35
35 37
35 38
35 39
35 45
35 47
35 48
35 53
35 54
35 67
35 69
35 90
35 91
35 97
35 108
35 110
35 111
36 36
36 37
36 38
36 39
36 40
36 44
36 46
36 47
36 54
36 70
36 72
36 78
36 80
36 81
36 82
36 86
36 87
36 94
37 37
37 38
37 39
37 40
37 41
37 67
37 96
37 99
37 108
37 111
37 115
38 38
38 39
38 40
38 46
38 47
38 54
38 55
38 56
38 57
38 68
38 69
38 78
38 79
38 80
38 81
38 82
38 86
38 87
38 89
38 94
38 96
38 97
38 98
38 99
38 107
38 111
38 115
39 39
39 40
39 41
39 46
39 54
39 55
39 56
39 57
39 59
39 78
39 81
39 82
39 83
39 86
39 88
39 89
39 96
40 40
40 43
40 46
40 47
40 54
40 69
40 72
40 76
40 82
40 86
40 87
40 88
40 110
41 41
41 55
41 58
41 59
41 61
41 65
41 73
41 74
41 86
41 89
41 94
41 96
41 115
42 42
42 43
42 44
42 45
42 46
42 47
42 48
42 49
42 50
42 51
42 55
42 62
42 99
42 103
42 109
42 113
43 43
43 44
43 45
43 46
43 47
43 48
43 49
43 51
43 55
43 62
43 87
43 98
43 99
43 103
43 104
43 109
43 112
44 44
44 45
44 46
44 47
44 48
44 49
44 50
44 51
44 55
44 62
44 72
44 83
44 87
44 99
45 45
45 46
45 47
45 48
45 49
45 50
45 51
45 53
45 55
45 66
45 67
45 87
45 108
46 46
46 47
46 48
46 49
46 51
46 54
46 55
46 56
46 79
46 83
46 87
46 91
46 98
46 99
46 109
47 47
47 48
47 49
47 51
47 54
47 55
47 56
47 68
47 69
47 87
47 90
47 91
47 98
47 99
47 110
47 111
47 115
48 48
48 49
48 50
48 51
48 52
48 53
48 55
48 91
48 98
48 99
48 109
48 112
49 49
49 50
49 51
49 52
49 53
49 55
49 62
49 87
49 99
49 109
49 112
50 50
50 51
50 52
50 53
50 62
50 70
50 71
50 109
50 112
51 51
51 52
51 53
51 55
51 87
51 95
51 99
51 109
51 112
52 52
52 53
52 54
52 58
52 59
52 60
52 61
52 62
52 63
52 73
52 90
52 95
52 103
52 104
52 105
52 109
52 112
52 114
53 53
53 71
53 90
53 91
53 95
53 97
53 104
53 107
53 108
53 109
53 112
53 114
54 54
54 55
54 56
54 57
54 60
54 63
54 68
54 69
54 93
54 94
54 96
54 97
54 98
54 101
54 107
54 110
54 111
54 112
54 115
55 55
55 56
55 57
55 78
55 81
55 82
55 83
55 86
55 87
55 96
55 97
55 98
55 99
56 56
56 57
56 63
56 68
56 69
56 78
56 80
56 81
56 82
56 87
56 89
56 96
56 97
56 98
56 99
56 100
57 57
57 58
57 59
57 63
57 68
57 69
57 79
57 80
57 81
57 82
57 88
57 89
57 96
57 98
57 111
58 58
58 59
58 60
58 61
58 62
58 63
58 66
58 93
59 59
59 60
59 61
59 63
59 66
59 73
59 82
59 83
59 89
60 60
60 61
60 62
60 63
60 68
60 69
60 93
60 101
61 61
61 62
61 63
61 75
61 89
62 62
62 63
62 72
62 101
62 105
63 63
63 68
63 69
63 80
63 81
63 82
64 64
64 65
64 70
64 72
64 74
64 75
64 76
64 77
64 83
64 84
64 85
64 88
64 92
65 65
65 67
65 75
65 76
65 77
65 78
65 85
65 89
65 92
65 96
65 100
66 66
66 67
66 94
66 95
66 96
66 97
66 101
66 106
66 108
66 110
67 67
67 70
67 77
67 84
67 85
67 90
67 92
67 106
67 108
67 110
68 68
68 69
68 79
68 80
68 81
68 89
68 94
68 96
68 97
68 98
68 99
68 100
68 101
68 111
69 69
69 79
69 80
69 81
69 89
69 91
69 93
69 94
69 95
69 96
69 97
69 98
69 99
69 100
69 110
69 111
69 115
70 70
70 71
70 72
70 75
70 76
70 77
70 86
71 71
71 73
71 94
71 102
71 104
71 105
71 107
71 109
71 113
71 114
72 72
72 73
72 74
72 75
72 76
72 77
72 78
72 82
72 83
72 86
72 101
73 73
73 74
73 75
73 76
73 77
73 90
73 94
73 103
73 104
73 105
73 106
73 109
73 113
73 114
73 115
74 74
74 75
74 76
74 77
74 82
75 75
75 76
75 77
75 90
75 101
76 76
76 77
76 86
76 109
76 115
77 77
77 90
77 114
78 78
78 79
78 80
78 81
78 82
78 83
78 84
78 85
78 86
78 89
79 79
79 80
79 81
79 94
79 96
79 99
79 107
79 109
80 80
80 81
80 82
80 87
80 94
80 99
81 81
81 82
81 87
81 88
81 89
82 82
82 83
82 84
82 86
82 88
82 89
83 83
83 84
83 85
83 86
83 87
83 88
83 92
84 84
84 85
84 86
84 87
84 88
84 92
85 85
85 86
85 88
85 89
85 92
86 86
86 87
86 88
86 115
87 87
87 88
87 97
88 88
88 89
88 102
89 89
89 94
89 100
90 90
90 91
90 92
90 98
90 99
90 102
90 108
90 110
90 111
91 91
91 92
91 93
91 95
91 97
91 98
91 99
91 102
91 103
91 104
91 108
91 110
91 111
91 112
92 92
92 93
92 100
92 102
92 108
93 93
93 95
93 96
93 97
93 100
93 101
93 102
93 103
93 105
93 108
93 112
94 94
94 95
94 96
94 97
94 100
94 102
94 106
94 108
94 111
94 113
94 115
95 95
95 96
95 97
95 103
95 104
95 105
95 108
95 109
95 112
95 113
95 114
96 96
96 97
96 98
96 100
96 101
96 102
96 104
96 106
96 107
96 108
96 110
96 111
96 112
96 113
96 115
97 97
97 98
97 99
97 100
97 101
97 103
97 104
97 105
97 106
97 107
97 108
97 109
97 110
97 111
97 112
97 113
97 114
98 98
98 99
98 102
98 110
98 111
98 112
99 99
99 100
99 102
99 104
99 106
99 107
99 109
99 111
99 112
99 115
100 100
100 101
100 102
100 108
101 101
101 102
101 108
101 110
102 102
102 103
102 104
102 107
102 110
102 111
102 113
102 114
103 103
103 104
103 105
103 106
103 107
103 108
103 109
103 112
103 113
103 114
103 115
104 104
104 105
104 106
104 107
104 108
104 109
104 110
104 111
104 112
104 113
104 114
104 115
105 105
105 106
105 107
105 108
105 109
105 112
105 113
105 114
105 115
106 106
106 107
106 109
106 111
106 113
106 114
106 115
107 107
107 109
107 111
107 112
107 113
107 114
107 115
108 108
108 110
108 112
108 114
109 109
109 111
109 112
109 113
109 114
109 115
110 110
110 111
110 112
111 111
111 112
111 114
111 115
112 112
112 113
112 114
112 115
113 113
113 114
113 115
114 114
114 115
115 115
