0 0
0 1
0 10
0 12
0 16
0 17
0 18
0 19
0 56
0 57
0 58
0 59
0 60
0 61
0 62
0 63
0 69
0 89
0 91
0 95
0 99
0 101
0 102
0 103
0 114
1 1
1 4
1 10
1 17
1 18
1 19
1 26
1 37
1 48
1 51
1 54
1 55
1 56
1 57
1 58
1 59
1 61
1 63
1 68
1 69
1 82
1 86
1 88
1 89
1 90
1 98
1 99
1 104
1 107
1 111
1 112
2 2
2 3
2 5
2 6
2 7
2 20
2 21
2 22
2 23
2 24
2 25
2 27
2 30
2 31
2 34
2 64
2 67
2 70
2 71
2 91
2 92
2 93
3 3
3 5
3 7
3 18
3 19
3 20
3 21
3 22
3 23
3 24
3 25
3 26
3 27
3 30
3 31
3 34
3 35
3 64
3 65
3 67
3 71
3 83
3 86
3 88
3 89
3 91
3 92
3 93
4 4
4 8
4 9
4 10
4 14
4 16
4 18
4 19
4 26
4 27
4 35
4 69
4 82
4 86
4 88
4 95
5 5
5 6
5 7
5 9
5 11
5 20
5 21
5 23
5 24
5 25
5 39
5 58
5 61
5 65
5 71
5 90
5 92
5 115
6 6
6 7
6 8
6 9
6 11
6 12
6 20
6 21
6 23
6 25
6 29
6 30
6 31
6 33
6 40
6 60
6 64
6 65
6 67
6 70
6 71
6 72
6 83
6 92
6 93
6 101
7 7
7 8
7 9
7 11
7 12
7 15
7 19
7 29
7 30
7 31
7 33
7 45
7 60
7 64
7 65
7 67
7 71
7 72
7 92
8 8
8 9
8 11
8 12
8 14
8 15
8 16
8 28
8 29
8 30
8 31
8 33
8 44
8 45
8 60
8 64
8 72
9 9
9 10
9 11
9 12
9 13
9 14
9 15
9 28
9 29
9 31
9 33
9 45
9 60
9 64
9 65
9 71
9 72
10 10
10 11
10 12
10 13
10 14
10 15
10 28
10 35
10 52
10 58
10 60
10 61
10 65
11 11
11 12
11 13
11 14
11 15
11 19
11 28
11 29
11 37
11 60
11 61
11 65
11 72
11 92
12 12
12 13
12 14
12 15
12 16
12 17
12 28
12 29
12 36
12 58
12 60
12 61
12 62
12 63
12 65
12 72
12 101
13 13
13 14
13 15
13 16
13 17
13 28
13 29
13 37
13 48
13 51
13 52
13 54
13 58
13 60
13 61
13 65
13 72
13 73
13 98
14 14
14 15
14 16
14 18
14 28
14 29
14 44
14 72
14 75
14 76
14 77
14 95
14 96
15 15
15 16
15 17
15 28
15 29
15 37
15 60
15 61
15 65
15 71
15 72
15 75
15 76
15 77
15 96
16 16
16 17
16 28
16 32
16 33
16 36
16 40
16 42
16 43
16 44
16 45
16 47
16 49
16 56
16 60
16 62
16 63
16 72
16 73
16 74
16 75
16 76
16 77
16 78
16 79
16 80
16 81
16 95
16 99
16 109
16 111
17 17
17 29
17 36
17 56
17 57
17 58
17 59
17 60
17 61
17 62
17 63
17 68
17 69
17 72
17 73
17 74
17 76
17 78
17 79
17 80
17 81
17 98
17 99
17 102
17 107
17 114
18 18
18 19
18 22
18 26
18 30
18 33
18 56
18 68
18 75
18 76
18 77
18 79
18 82
18 86
18 88
18 95
19 19
19 33
19 62
19 63
19 65
19 68
19 69
19 73
19 75
19 78
19 80
19 88
19 91
19 92
19 99
20 20
20 21
20 22
20 23
20 24
20 25
20 26
20 27
20 30
20 31
20 33
20 38
20 39
20 41
20 64
20 67
20 70
20 71
20 83
20 94
20 96
21 21
21 22
21 23
21 24
21 25
21 26
21 27
21 30
21 31
21 38
21 39
21 41
21 70
21 71
21 82
21 83
21 85
21 87
21 90
21 93
21 94
21 97
21 108
22 22
22 23
22 24
22 25
22 26
22 27
22 30
22 34
22 35
22 38
22 39
22 41
22 50
22 55
22 64
22 68
22 82
22 84
22 86
22 87
22 88
22 93
22 110
23 23
23 24
23 25
23 26
23 27
23 30
23 31
23 34
23 39
23 41
23 50
23 64
23 67
23 70
23 71
23 82
23 83
23 85
23 86
23 87
23 88
23 89
23 91
23 92
23 93
23 94
23 97
23 110
24 24
24 25
24 26
24 27
24 30
24 31
24 34
24 35
24 38
24 39
24 50
24 53
24 64
24 67
24 70
24 71
24 83
24 86
24 92
24 93
24 96
24 97
24 110
25 25
25 26
25 27
25 30
25 31
25 34
25 38
25 41
25 64
25 67
25 70
25 71
25 83
25 85
25 87
25 92
25 93
25 94
25 96
25 97
25 108
25 110
26 26
26 27
26 34
26 35
26 38
26 39
26 41
26 50
26 55
26 57
26 68
26 82
26 84
26 86
26 87
26 88
26 94
26 96
26 110
27 27
27 34
27 35
27 50
27 57
27 68
27 82
27 85
27 86
27 88
27 89
27 92
27 93
27 94
27 96
27 110
28 28
28 29
28 32
28 33
28 36
28 40
28 44
28 70
28 71
28 72
28 73
28 74
28 75
28 76
28 77
28 78
28 80
28 81
28 83
29 29
29 31
29 36
29 40
29 71
29 72
29 73
29 74
29 75
29 76
29 78
29 80
29 81
29 83
30 30
30 31
30 33
30 34
30 40
30 64
30 70
30 71
30 75
30 83
31 31
31 33
31 40
31 64
31 67
31 70
31 71
31 83
31 92
31 93
32 32
32 33
32 36
32 37
32 40
32 42
32 43
32 44
32 45
32 47
32 49
32 72
32 73
32 74
32 76
32 77
32 78
32 79
32 81
32 95
32 111
33 33
33 35
33 36
33 40
33 43
33 44
33 45
33 47
33 64
33 67
33 72
33 73
33 74
33 75
33 76
33 77
33 78
33 79
33 80
33 81
33 95
34 34
34 35
34 44
34 45
34 50
34 64
34 67
35 35
35 48
35 50
35 65
35 77
35 86
35 88
35 98
35 110
36 36
36 40
36 41
36 42
36 43
36 44
36 45
36 47
36 62
36 72
36 73
36 74
36 75
36 76
36 77
36 78
36 80
36 81
36 98
36 99
36 109
37 37
37 39
37 50
37 54
37 55
37 57
37 73
37 74
37 75
37 76
37 77
37 95
37 98
37 99
37 102
37 111
38 38
38 39
38 41
38 52
38 55
38 82
38 83
38 86
38 87
38 90
38 94
38 96
38 97
38 113
39 39
39 52
39 53
39 55
39 82
39 86
39 87
39 89
39 90
39 97
39 106
39 110
39 115
40 40
40 42
40 43
40 46
40 70
40 71
40 72
40 73
40 74
40 75
40 76
40 78
40 80
40 81
41 41
41 57
41 68
41 70
41 73
41 74
41 75
41 83
41 90
41 91
41 93
41 94
41 96
41 97
41 99
42 42
42 43
42 44
42 45
42 46
42 47
42 48
42 49
42 50
42 51
42 55
42 76
42 81
42 96
42 98
42 99
42 109
42 111
42 112
43 43
43 44
43 45
43 46
43 47
43 48
43 49
43 50
43 55
43 72
43 76
43 78
43 81
43 96
43 98
43 109
43 110
43 111
44 44
44 45
44 46
44 47
44 48
44 49
44 51
44 64
44 76
44 78
44 81
44 96
44 109
44 110
45 45
45 46
45 47
45 48
45 49
45 64
45 67
45 72
45 76
45 78
45 81
45 109
45 110
46 46
46 47
46 48
46 49
46 50
46 51
46 52
46 53
46 54
46 55
46 90
46 96
46 98
47 47
47 48
47 49
47 50
47 55
47 72
47 76
47 81
47 96
47 98
47 109
47 110
47 111
48 48
48 49
48 50
48 51
48 52
48 53
48 54
48 55
48 59
48 61
48 90
48 96
48 98
49 49
49 50
49 51
49 53
49 55
49 59
49 81
49 96
49 98
49 99
49 109
49 111
49 112
50 50
50 51
50 52
50 53
50 54
50 55
50 82
50 84
50 86
50 88
50 96
50 98
50 110
50 111
51 51
51 52
51 53
51 54
51 55
51 58
51 59
51 61
51 82
51 84
51 86
51 90
51 98
51 99
52 52
52 53
52 54
52 55
52 58
52 59
52 61
52 84
52 87
52 89
52 90
52 97
52 98
52 108
53 53
53 54
53 55
53 82
53 84
53 86
53 87
53 90
53 98
53 113
54 54
54 55
54 57
54 58
54 59
54 66
54 87
54 89
54 96
54 97
54 98
54 114
55 55
55 59
55 82
55 86
55 87
55 90
55 96
55 97
55 98
55 99
55 112
56 56
56 57
56 58
56 59
56 60
56 62
56 63
56 66
56 68
56 69
56 78
56 79
56 80
56 81
56 99
56 100
56 102
56 103
56 104
56 105
56 107
56 112
56 114
57 57
57 58
57 59
57 61
57 63
57 66
57 68
57 69
57 79
57 84
57 86
57 87
57 89
57 98
57 100
57 104
57 107
57 111
57 112
57 114
57 115
58 58
58 59
58 60
58 61
58 63
58 66
58 69
58 87
58 89
58 90
58 91
58 94
58 101
58 102
58 103
58 104
58 106
58 108
58 114
59 59
59 61
59 63
59 66
59 69
59 89
59 91
59 98
59 99
59 100
59 102
59 103
59 104
59 105
59 107
59 108
59 111
59 112
59 114
60 60
60 61
60 62
60 63
60 65
60 69
60 72
60 89
60 100
60 101
60 103
60 105
60 114
61 61
61 63
61 65
61 69
61 89
61 100
61 101
61 104
61 107
61 108
61 109
61 114
62 62
62 63
62 66
62 72
62 73
62 74
62 75
62 76
62 78
62 80
62 81
62 95
62 99
62 100
62 101
62 102
62 103
62 107
62 111
62 114
63 63
63 69
63 72
63 73
63 74
63 75
63 77
63 95
63 99
63 100
63 101
63 102
63 103
63 104
63 105
63 107
63 109
63 111
63 114
64 64
64 65
64 67
64 92
65 65
65 92
66 66
66 67
66 69
66 85
66 89
66 97
66 101
66 102
66 103
66 104
66 105
67 67
67 85
67 92
67 93
67 103
67 104
67 110
68 68
68 69
68 79
68 80
68 82
68 84
68 86
68 87
68 88
68 103
68 115
69 69
69 80
69 89
69 90
69 91
69 101
69 103
69 104
69 115
70 70
70 71
70 72
70 73
70 74
70 75
70 77
70 83
71 71
71 72
71 73
71 74
71 75
71 83
71 92
72 72
72 73
72 74
72 75
72 76
72 77
72 78
72 80
72 81
72 95
72 102
72 114
73 73
73 74
73 75
73 76
73 77
73 78
73 81
73 95
73 98
73 99
73 100
73 102
73 111
74 74
74 75
74 76
74 77
74 78
74 79
74 81
74 98
74 99
74 100
74 102
74 111
75 75
75 76
75 77
75 81
75 95
75 99
75 100
75 102
75 103
75 111
76 76
76 77
76 78
76 81
76 95
76 98
76 99
76 109
76 111
77 77
77 95
77 99
77 107
77 109
77 111
78 78
78 79
78 80
78 81
79 79
79 80
79 81
79 82
79 84
79 86
79 112
80 80
80 81
80 83
80 84
80 94
81 81
81 99
81 102
81 109
81 111
81 114
82 82
82 84
82 86
82 87
82 88
82 90
82 97
82 110
82 113
83 83
83 85
83 91
83 92
83 93
83 94
83 96
83 97
83 108
84 84
84 85
84 86
84 87
84 88
84 89
84 94
85 85
85 87
85 89
85 93
85 94
85 96
85 97
85 108
86 86
86 87
86 88
86 110
86 113
87 87
87 88
87 91
87 94
87 97
87 104
87 105
87 106
87 108
87 110
87 113
88 88
88 89
88 91
88 93
89 89
89 91
89 92
89 93
89 97
89 101
89 103
89 104
89 108
89 114
90 90
90 91
90 92
90 94
90 98
91 91
91 92
91 93
91 100
91 101
91 102
91 103
91 104
91 106
91 113
91 115
92 92
92 93
92 100
92 101
92 115
93 93
93 94
93 97
93 101
93 103
93 108
93 113
93 115
94 94
94 96
94 97
94 108
94 115
95 95
95 102
95 105
95 107
95 109
95 111
95 114
96 96
96 97
96 98
96 110
97 97
97 104
97 105
97 106
97 108
97 110
97 113
97 114
98 98
98 99
98 109
98 111
98 112
99 99
99 100
99 102
99 103
99 104
99 111
99 112
100 100
100 101
100 102
100 103
100 104
100 105
100 106
100 107
100 111
100 112
100 114
101 101
101 102
101 103
101 104
101 105
101 106
101 107
102 102
102 103
102 104
102 105
102 106
102 111
103 103
103 104
103 105
103 107
103 111
104 104
104 105
104 106
104 107
104 112
104 113
104 115
105 105
105 106
105 107
105 108
105 113
105 114
106 106
106 107
106 108
106 110
106 115
107 107
107 109
107 112
107 114
107 115
108 108
108 114
109 109
109 111
109 112
109 114
110 110
110 115
111 111
111 112
112 112
112 113
112 114
113 113
113 114
114 114
115 115
