0 0
0 1
0 10
0 12
0 13
0 16
0 17
0 19
0 28
0 36
0 40
0 41
0 56
0 57
0 58
0 60
0 62
0 63
0 72
0 73
0 74
0 75
0 76
0 77
0 79
0 80
0 81
0 87
0 89
0 98
0 102
0 110
1 1
1 10
1 11
1 12
1 13
1 14
1 15
1 16
1 17
1 19
1 56
1 57
1 58
1 60
1 63
1 68
1 73
1 75
1 102
1 103
2 2
2 3
2 4
2 6
2 7
2 12
2 22
2 23
2 24
2 26
2 27
2 34
2 35
2 44
2 45
2 58
2 60
2 64
2 65
2 66
2 67
2 69
2 88
2 91
2 92
2 93
2 94
3 3
3 5
3 6
3 7
3 22
3 23
3 25
3 27
3 34
3 35
3 44
3 45
3 65
3 67
3 85
3 92
4 4
4 8
4 10
4 12
4 13
4 14
4 15
4 22
4 23
4 26
4 64
4 88
4 90
4 91
4 93
5 5
5 7
5 9
5 11
5 15
5 21
5 23
5 25
5 27
5 35
5 42
5 43
5 44
5 45
5 46
5 49
5 61
5 65
5 67
5 92
5 113
6 6
6 7
6 8
6 18
6 23
6 35
6 64
6 65
6 66
6 67
6 85
6 90
6 92
6 93
7 7
7 9
7 11
7 23
7 35
7 42
7 44
7 45
7 61
7 64
7 65
7 67
7 90
7 92
7 104
7 106
7 113
8 8
8 15
8 16
8 24
8 41
8 57
9 9
9 11
9 13
9 15
9 21
9 29
9 42
9 43
9 61
9 62
9 65
9 90
9 92
9 113
10 10
10 11
10 12
10 13
10 14
10 15
10 17
10 18
10 19
10 28
10 53
10 68
10 70
10 72
10 73
10 74
10 81
10 82
10 84
10 110
11 11
11 12
11 13
11 15
11 28
11 29
11 60
11 61
11 62
11 63
11 65
11 74
11 75
11 100
12 12
12 13
12 14
12 15
12 18
12 19
12 26
12 27
12 58
12 60
12 68
12 69
12 93
12 96
12 110
13 13
13 14
13 15
13 17
13 28
13 40
13 60
13 61
13 62
13 72
13 90
13 92
14 14
14 15
14 19
14 20
14 22
14 24
14 26
14 38
14 41
14 68
14 69
14 82
14 84
14 91
14 94
14 101
15 15
15 19
15 20
15 28
15 29
15 37
15 41
15 53
15 83
15 100
15 101
16 16
16 17
16 28
16 29
16 32
16 36
16 37
16 40
16 47
16 56
16 57
16 62
16 63
16 72
16 73
16 74
16 75
16 76
16 77
16 78
16 79
16 80
16 81
16 86
16 96
16 98
16 102
16 111
17 17
17 19
17 28
17 29
17 32
17 36
17 37
17 40
17 41
17 47
17 56
17 57
17 62
17 63
17 72
17 73
17 74
17 75
17 76
17 77
17 78
17 79
17 80
17 81
17 86
17 96
17 98
17 102
17 111
17 112
18 18
18 19
18 57
18 58
18 67
18 68
18 69
18 84
18 90
18 101
18 110
19 19
19 41
19 56
19 57
19 58
19 68
19 69
19 79
19 80
19 81
19 82
19 83
19 84
19 85
19 97
19 98
19 101
19 102
19 103
19 108
19 110
20 20
20 21
20 24
20 26
20 27
20 28
20 29
20 30
20 36
20 37
20 38
20 39
20 40
20 41
20 53
20 54
20 55
20 70
20 71
20 72
20 73
20 74
20 75
20 76
20 86
20 87
20 89
20 96
21 21
21 29
21 30
21 31
21 37
21 38
21 40
21 43
21 47
21 52
21 53
21 63
21 80
21 81
21 104
21 105
21 107
21 111
21 114
21 115
22 22
22 23
22 24
22 25
22 26
22 30
22 34
22 50
22 53
22 54
22 64
22 82
22 84
22 88
22 91
23 23
23 25
23 30
23 31
23 34
23 35
23 48
23 50
23 51
23 64
23 67
23 82
23 83
23 84
23 85
23 91
23 92
24 24
24 25
24 26
24 36
24 38
24 39
24 41
24 50
24 53
24 54
24 55
24 70
24 71
24 73
24 84
24 88
24 94
24 96
24 97
25 25
25 26
25 27
25 34
25 35
25 41
25 48
25 50
25 51
25 67
25 82
25 83
25 85
25 89
25 94
25 97
25 108
26 26
26 27
26 36
26 38
26 39
26 41
26 48
26 49
26 54
26 55
26 58
26 68
26 69
26 87
26 88
26 89
26 91
26 94
26 96
26 97
26 98
26 108
26 110
27 27
27 34
27 35
27 36
27 39
27 48
27 49
27 54
27 58
27 67
27 68
27 69
27 88
27 89
27 94
27 96
27 97
27 108
27 110
28 28
28 29
28 31
28 36
28 37
28 40
28 41
28 52
28 53
28 56
28 57
28 62
28 63
28 70
28 72
28 73
28 74
28 75
28 76
28 77
28 78
28 79
28 80
28 81
28 82
28 83
28 99
28 101
28 111
29 29
29 31
29 32
29 33
29 36
29 37
29 40
29 41
29 47
29 53
29 62
29 63
29 70
29 71
29 72
29 73
29 74
29 75
29 76
29 77
29 78
29 79
29 80
29 81
29 86
29 96
29 111
30 30
30 31
30 33
30 34
30 35
30 53
30 64
30 70
30 71
30 83
30 85
30 99
31 31
31 32
31 33
31 35
31 53
31 71
31 85
31 99
31 111
31 113
31 114
31 115
32 32
32 33
32 39
32 62
32 63
32 71
32 75
32 76
32 77
32 78
32 86
33 33
33 34
33 35
33 45
33 60
33 61
33 62
33 64
33 65
33 71
33 75
33 77
34 34
34 35
34 45
34 64
34 65
34 66
34 67
34 77
34 88
34 91
34 93
34 94
34 97
34 108
35 35
35 44
35 45
35 60
35 64
35 65
35 67
35 92
35 93
35 94
35 108
36 36
36 37
36 38
36 39
36 40
36 41
36 43
36 46
36 47
36 53
36 54
36 55
36 56
36 70
36 72
36 73
36 74
36 75
36 76
36 77
36 78
36 79
36 80
36 81
36 83
36 86
36 87
36 88
36 94
36 95
36 96
36 97
36 108
36 109
37 37
37 38
37 39
37 40
37 41
37 43
37 46
37 47
37 55
37 56
37 57
37 62
37 63
37 70
37 71
37 72
37 73
37 75
37 76
37 77
37 78
37 79
37 80
37 81
37 86
37 87
38 38
38 39
38 40
38 41
38 47
38 54
38 55
38 56
38 70
38 72
38 73
38 75
38 76
38 77
38 79
38 81
38 86
38 87
38 96
38 97
39 39
39 41
39 42
39 43
39 44
39 46
39 49
39 54
39 55
39 56
39 73
39 75
39 76
39 77
39 79
39 83
39 86
39 87
39 88
39 95
39 96
39 97
39 98
39 108
39 109
40 40
40 41
40 54
40 56
40 57
40 62
40 63
40 72
40 73
40 74
40 76
40 80
40 81
40 86
40 87
40 98
40 111
40 114
41 41
41 54
41 55
41 56
41 57
41 58
41 63
41 70
41 72
41 73
41 74
41 76
41 77
41 78
41 79
41 80
41 82
41 83
41 85
41 86
41 87
41 88
41 89
41 95
41 97
41 98
41 99
41 101
41 108
42 42
42 43
42 44
42 45
42 46
42 47
42 49
42 55
42 62
42 65
42 71
42 96
42 114
42 115
43 43
43 44
43 45
43 46
43 47
43 49
43 55
43 62
43 65
43 71
43 96
43 104
43 109
43 115
44 44
44 45
44 46
44 47
44 49
44 54
44 55
44 64
44 65
44 67
44 86
44 96
44 108
45 45
45 46
45 47
45 49
45 64
45 65
45 67
45 92
45 96
45 115
46 46
46 47
46 49
46 54
46 55
46 96
46 109
47 47
47 49
47 55
47 62
47 72
47 78
47 79
47 80
47 81
47 96
47 109
47 112
48 48
48 49
48 50
48 51
48 52
48 53
48 54
48 58
48 59
48 97
48 110
49 49
49 54
49 55
49 71
49 86
49 94
49 96
49 97
49 108
50 50
50 51
50 52
50 53
50 58
50 59
50 66
50 90
50 104
50 107
50 114
51 51
51 52
51 53
51 58
51 59
51 66
51 82
51 90
51 107
51 112
51 113
52 52
52 53
52 56
52 57
52 58
52 59
52 63
52 80
52 81
52 82
52 84
52 89
52 90
52 107
52 111
52 114
53 53
53 54
53 56
53 59
53 63
53 74
53 80
53 81
53 82
53 83
53 84
53 85
53 89
53 112
53 113
54 54
54 55
54 73
54 77
54 83
54 86
54 87
54 88
54 89
54 91
54 96
54 97
54 98
54 108
54 109
54 110
55 55
55 72
55 73
55 74
55 76
55 77
55 86
55 87
55 88
55 95
55 96
55 97
55 98
55 108
55 109
56 56
56 57
56 58
56 59
56 62
56 63
56 68
56 72
56 73
56 74
56 75
56 76
56 77
56 79
56 80
56 81
56 82
56 83
56 86
56 87
56 89
56 95
56 98
56 99
56 101
56 102
56 111
56 112
57 57
57 58
57 59
57 63
57 68
57 69
57 72
57 73
57 74
57 76
57 77
57 79
57 80
57 81
57 82
57 84
57 85
57 87
57 88
57 89
57 95
57 98
57 102
57 110
57 111
57 112
58 58
58 59
58 60
58 66
58 68
58 69
58 89
58 90
58 93
58 101
58 107
59 59
59 63
59 66
59 68
59 69
59 82
59 89
59 90
59 101
59 104
59 105
59 107
60 60
60 61
60 62
60 64
60 65
60 66
60 67
60 91
60 92
60 93
60 100
60 101
60 102
60 103
61 61
61 65
61 90
61 92
61 100
61 101
61 102
61 103
62 62
62 63
62 72
62 73
62 74
62 75
62 78
62 80
62 81
62 100
62 103
62 106
62 115
63 63
63 70
63 72
63 73
63 74
63 75
63 76
63 78
63 80
63 81
63 99
63 100
63 101
63 102
63 111
63 112
64 64
64 65
64 67
64 91
64 93
65 65
65 67
65 92
66 66
66 67
66 90
66 93
66 95
66 99
66 100
66 103
66 107
67 67
67 69
67 90
67 92
67 93
67 106
68 68
68 69
68 82
68 84
68 85
68 88
68 90
68 97
68 103
68 107
68 110
69 69
69 82
69 84
69 88
69 90
69 93
69 94
69 95
69 97
69 98
69 100
69 101
69 103
69 110
70 70
70 71
70 72
70 73
70 74
70 75
70 76
70 77
70 86
70 99
71 71
71 73
71 75
71 76
71 77
71 86
72 72
72 73
72 74
72 75
72 76
72 77
72 78
72 79
72 80
72 81
72 86
72 87
72 96
72 99
72 111
72 112
73 73
73 74
73 75
73 76
73 77
73 78
73 79
73 80
73 81
73 86
73 87
73 96
73 111
74 74
74 75
74 76
74 77
74 78
74 79
74 80
74 81
74 82
74 83
74 86
74 87
74 99
74 112
75 75
75 76
75 77
75 78
75 86
75 87
76 76
76 77
76 78
76 79
76 80
76 81
76 86
76 87
76 96
76 97
76 110
76 112
77 77
77 78
77 79
77 83
77 86
77 87
77 95
77 97
77 99
77 108
77 109
78 78
78 79
78 80
78 81
78 96
78 102
79 79
79 80
79 81
79 85
79 87
79 94
79 96
79 98
79 102
79 112
80 80
80 81
80 82
80 84
80 87
80 98
80 107
80 111
80 112
81 81
81 82
81 84
81 86
81 96
81 98
81 105
81 107
81 109
81 111
81 112
81 114
82 82
82 83
82 84
82 85
82 87
82 91
82 94
82 97
82 98
82 101
82 108
82 109
83 83
83 85
83 87
83 89
83 95
83 97
83 98
83 99
83 100
83 101
83 108
83 109
84 84
84 85
84 88
84 91
84 111
84 114
85 85
85 87
85 89
85 94
85 97
85 108
85 109
86 86
86 87
86 88
86 96
86 97
86 109
87 87
87 88
87 89
87 95
87 96
87 97
87 98
87 108
87 109
88 88
88 89
88 91
88 93
88 97
88 109
89 89
89 97
89 98
90 90
90 92
90 100
90 103
90 104
90 105
90 106
90 107
90 110
90 111
90 113
90 115
91 91
91 92
91 93
91 94
91 95
91 99
91 108
92 92
92 93
92 100
92 106
92 113
92 115
93 93
93 100
93 101
93 103
94 94
94 95
94 96
94 97
94 108
94 109
94 112
95 95
95 97
95 99
95 103
95 108
95 109
96 96
96 97
96 98
96 109
96 110
96 112
97 97
97 99
97 108
97 109
97 110
97 112
98 98
98 101
98 102
98 108
98 109
98 110
98 112
99 99
99 100
99 101
99 102
99 103
99 111
99 112
100 100
100 101
100 102
101 101
101 102
101 103
102 102
103 103
103 105
104 104
104 105
104 106
104 107
104 114
104 115
105 105
105 106
105 107
105 111
105 114
105 115
106 106
106 107
106 114
106 115
107 107
107 111
107 114
107 115
108 108
108 109
108 110
109 109
109 112
110 110
110 111
111 111
111 113
111 114
111 115
112 112
112 113
113 113
113 114
113 115
114 114
114 115
115 115
