0 0
0 1
0 2
0 10
0 18
0 19
0 36
0 40
0 41
0 42
0 43
0 44
0 47
0 56
0 57
0 74
0 75
0 81
0 82
0 98
0 112
1 1
1 10
1 16
1 17
1 18
1 19
1 32
1 33
1 40
1 41
1 56
1 57
1 59
1 61
1 62
1 63
1 68
1 74
1 80
1 81
1 82
2 2
2 6
2 7
2 10
2 22
2 23
2 31
2 34
2 35
2 44
2 45
2 50
2 61
2 64
2 65
2 67
2 70
2 92
2 93
2 96
2 100
2 102
2 108
2 110
3 3
3 5
3 7
3 9
3 14
3 15
3 18
3 21
3 23
3 24
3 25
3 27
3 32
3 33
3 56
3 58
3 60
3 83
4 4
4 5
4 8
4 9
4 15
4 18
4 24
4 26
4 64
4 84
4 85
4 93
4 101
5 5
5 8
5 9
5 14
5 15
5 21
5 22
5 23
5 24
5 25
5 26
5 27
5 32
5 37
5 38
5 39
5 40
5 41
5 56
5 58
5 60
5 83
5 85
5 86
5 88
5 97
5 104
5 105
5 114
6 6
6 7
6 10
6 11
6 12
6 13
6 31
6 34
6 35
6 45
6 50
6 61
6 64
6 65
6 67
6 71
6 75
6 92
6 93
6 100
6 101
6 102
7 7
7 9
7 10
7 11
7 12
7 13
7 31
7 33
7 35
7 45
7 60
7 61
7 64
7 65
7 67
7 92
7 100
7 101
8 8
8 9
8 11
8 14
8 17
8 18
8 24
8 25
8 26
8 29
8 32
8 58
8 60
8 63
8 64
8 83
9 9
9 14
9 15
9 17
9 18
9 24
9 25
9 26
9 29
9 32
9 33
9 58
9 62
9 63
9 83
9 89
9 101
10 10
10 11
10 12
10 31
10 44
10 45
10 48
10 49
10 50
10 51
10 57
10 61
10 63
10 64
10 65
10 70
10 71
10 75
10 86
10 96
10 112
11 11
11 12
11 13
11 17
11 28
11 29
11 60
11 61
11 62
11 63
11 65
11 81
11 100
12 12
12 13
12 16
12 17
12 30
12 31
12 48
12 61
12 64
12 65
12 70
12 71
12 72
12 73
12 74
12 75
12 86
12 92
12 93
12 100
12 102
12 113
13 13
13 15
13 16
13 17
13 28
13 29
13 32
13 60
13 61
13 62
13 63
13 65
13 72
13 73
13 74
13 75
13 80
13 81
13 100
14 14
14 15
14 16
14 18
14 24
14 25
14 26
14 27
14 28
14 29
14 30
14 32
14 38
14 40
14 73
14 76
14 78
14 80
14 82
14 83
14 84
14 85
14 105
14 114
14 115
15 15
15 16
15 17
15 24
15 26
15 28
15 29
15 32
15 33
15 38
15 40
15 41
15 56
15 63
15 73
15 76
15 78
15 81
15 83
15 85
15 105
15 114
15 115
16 16
16 17
16 28
16 29
16 32
16 33
16 41
16 56
16 57
16 62
16 63
16 72
16 73
16 74
16 75
16 78
16 80
16 81
16 84
17 17
17 18
17 28
17 29
17 32
17 33
17 56
17 60
17 61
17 62
17 63
17 71
17 72
17 73
17 78
17 80
17 81
18 18
18 19
18 28
18 32
18 56
18 73
18 76
18 78
18 80
18 81
18 82
18 84
18 85
19 19
19 27
19 32
19 36
19 37
19 38
19 40
19 41
19 56
19 57
19 68
19 69
19 74
19 76
19 80
19 81
19 82
19 83
19 97
19 105
19 106
19 107
19 111
19 114
19 115
20 20
20 21
20 22
20 23
20 25
20 26
20 27
20 30
20 31
20 39
20 70
20 74
20 75
20 77
20 82
20 84
20 86
20 90
20 94
20 96
20 109
20 110
20 111
20 113
21 21
21 22
21 23
21 24
21 25
21 26
21 35
21 42
21 44
21 48
21 68
21 82
21 84
21 86
21 96
21 104
21 105
21 109
21 113
21 115
22 22
22 23
22 25
22 27
22 30
22 31
22 34
22 35
22 39
22 42
22 44
22 47
22 48
22 49
22 50
22 51
22 52
22 57
22 64
22 69
22 70
22 77
22 82
22 86
22 88
22 96
22 98
22 110
22 111
23 23
23 25
23 27
23 30
23 31
23 39
23 47
23 48
23 52
23 69
23 70
23 77
23 82
23 86
23 87
23 90
23 94
23 96
23 98
23 109
23 110
23 111
24 24
24 25
24 26
24 27
24 29
24 32
24 78
24 83
24 84
24 104
24 105
25 25
25 26
25 27
25 30
25 31
25 79
25 82
25 83
25 84
25 85
25 105
26 26
26 27
26 39
26 52
26 83
26 85
26 89
26 104
26 105
27 27
27 36
27 37
27 38
27 39
27 40
27 41
27 46
27 56
27 68
27 76
27 82
27 83
27 84
27 85
27 88
27 97
27 104
27 105
27 106
27 107
27 114
28 28
28 29
28 30
28 32
28 33
28 62
28 63
28 70
28 71
28 72
28 73
28 74
28 76
28 78
28 79
28 80
28 81
29 29
29 32
29 40
29 62
29 63
29 72
29 73
29 76
29 78
29 79
29 80
29 81
29 82
29 83
29 85
30 30
30 31
30 64
30 70
30 71
30 72
30 73
30 74
30 75
30 77
30 82
30 84
30 93
30 94
31 31
31 33
31 45
31 64
31 70
31 71
31 73
31 75
31 77
31 82
31 92
31 93
31 100
31 102
32 32
32 33
32 41
32 56
32 58
32 60
32 62
32 63
32 73
32 76
32 78
32 80
32 81
32 83
32 85
33 33
33 59
33 60
33 61
33 62
33 63
33 64
33 65
33 67
33 71
33 83
34 34
34 35
34 39
34 45
34 64
34 65
34 66
34 67
34 77
34 88
34 96
34 109
34 110
35 35
35 45
35 64
35 65
35 67
35 69
35 88
35 96
35 109
35 110
36 36
36 37
36 38
36 39
36 40
36 41
36 43
36 46
36 47
36 53
36 56
36 57
36 68
36 72
36 76
36 77
36 78
36 80
36 81
36 82
36 84
36 85
36 88
36 95
36 97
36 106
36 107
36 115
37 37
37 38
37 39
37 40
37 41
37 46
37 47
37 56
37 68
37 76
37 77
37 82
37 85
37 88
37 95
37 97
37 98
37 103
37 104
37 105
37 106
37 107
37 114
37 115
38 38
38 39
38 40
38 41
38 43
38 46
38 56
38 68
38 69
38 76
38 82
38 85
38 88
38 95
38 97
38 104
38 105
38 106
38 107
38 109
38 114
38 115
39 39
39 40
39 41
39 46
39 47
39 54
39 55
39 56
39 68
39 70
39 76
39 77
39 86
39 87
39 88
39 91
39 94
39 95
39 96
39 97
39 98
39 99
39 103
39 105
39 107
39 109
39 110
39 111
39 115
40 40
40 41
40 46
40 53
40 56
40 57
40 68
40 76
40 82
40 83
40 85
40 88
40 95
40 97
40 105
40 106
40 107
40 114
40 115
41 41
41 46
41 56
41 57
41 74
41 76
41 80
41 81
41 82
41 83
41 85
41 97
41 106
41 107
41 115
42 42
42 43
42 44
42 45
42 46
42 47
42 48
42 49
42 50
42 51
42 57
42 84
42 96
42 98
43 43
43 44
43 45
43 46
43 47
43 48
43 49
43 50
43 51
43 57
43 85
43 96
43 97
43 98
43 106
44 44
44 45
44 46
44 47
44 48
44 49
44 50
44 51
44 55
44 70
44 90
44 96
44 98
44 109
44 110
45 45
45 47
45 49
45 64
45 65
45 67
45 71
45 96
45 98
45 109
45 110
46 46
46 47
46 48
46 49
46 50
46 51
46 53
46 54
46 55
46 76
46 95
46 96
46 97
46 98
46 99
46 106
46 107
46 111
47 47
47 48
47 49
47 50
47 51
47 53
47 55
47 57
47 69
47 70
47 90
47 91
47 95
47 96
47 97
47 98
47 99
47 109
47 110
47 111
48 48
48 49
48 50
48 51
48 52
48 53
48 54
48 55
48 57
48 69
48 70
48 90
48 96
48 98
48 99
48 109
48 110
48 112
49 49
49 50
49 51
49 53
49 55
49 57
49 70
49 90
49 96
49 98
49 109
49 110
49 111
49 112
50 50
50 51
50 52
50 53
50 54
50 55
50 65
50 90
50 98
50 99
51 51
51 52
51 53
51 54
51 55
51 57
51 90
51 98
51 99
52 52
52 53
52 54
52 55
52 86
52 88
52 89
52 91
52 98
52 99
53 53
53 54
53 55
53 57
53 90
53 91
53 97
53 98
53 99
54 54
54 55
54 86
54 87
54 88
54 90
54 91
54 96
54 98
54 99
54 108
54 113
55 55
55 69
55 70
55 71
55 77
55 86
55 87
55 88
55 89
55 90
55 91
55 94
55 95
55 96
55 98
55 99
55 109
55 110
55 113
56 56
56 57
56 58
56 60
56 62
56 63
56 68
56 72
56 73
56 74
56 76
56 78
56 80
56 81
56 106
57 57
57 68
57 72
57 74
57 76
57 80
57 81
57 82
57 98
57 111
57 112
58 58
58 59
58 60
58 61
58 62
58 63
58 66
58 67
58 88
58 89
58 115
59 59
59 60
59 61
59 62
59 63
59 65
59 66
59 67
59 69
60 60
60 61
60 62
60 63
60 65
60 66
60 67
60 78
60 88
61 61
61 62
61 63
61 64
61 65
61 67
62 62
62 63
62 72
62 73
62 74
62 78
62 80
62 81
63 63
63 71
63 73
63 78
63 80
63 81
64 64
64 65
64 67
64 71
64 75
64 92
64 93
65 65
65 66
65 67
65 71
65 89
65 92
65 100
66 66
66 67
66 68
66 69
66 88
66 97
66 102
66 104
66 106
66 108
66 115
67 67
67 69
67 89
67 92
68 68
68 69
68 76
68 82
68 85
68 97
68 102
68 103
68 104
68 105
68 106
68 107
68 111
68 113
68 115
69 69
69 90
69 91
69 96
69 97
69 98
69 103
69 104
69 105
69 106
69 107
69 109
69 110
69 111
69 114
70 70
70 71
70 72
70 73
70 74
70 75
70 77
70 86
70 87
70 90
70 91
70 93
70 94
70 95
70 96
70 98
70 99
70 103
70 109
70 110
70 111
70 113
71 71
71 73
71 75
71 77
71 86
71 87
71 91
71 94
71 96
71 102
71 109
71 110
72 72
72 73
72 74
72 75
72 76
72 78
72 79
72 80
72 81
72 99
73 73
73 74
73 75
73 76
73 77
73 78
73 79
73 80
73 81
73 82
73 84
73 93
74 74
74 75
74 76
74 77
74 80
74 81
74 93
74 113
75 75
75 77
75 86
75 87
75 93
75 94
76 76
76 77
76 78
76 80
76 81
76 82
76 84
76 85
76 97
76 105
76 106
76 107
76 115
77 77
77 82
77 87
77 90
77 93
77 94
77 95
77 96
77 99
77 102
77 103
77 109
77 110
77 111
77 112
77 113
78 78
78 79
78 80
78 81
78 114
78 115
79 79
79 113
80 80
80 81
80 82
80 84
81 81
81 82
81 84
81 85
82 82
82 83
82 84
82 85
82 93
82 97
82 105
82 107
82 111
82 115
83 83
83 85
83 105
83 107
83 114
83 115
84 84
84 85
84 93
85 85
85 97
85 104
85 105
85 106
85 107
85 115
86 86
86 87
86 89
86 90
86 91
86 94
86 95
86 96
86 99
86 108
86 109
86 110
86 113
87 87
87 89
87 90
87 91
87 94
87 95
87 96
87 98
87 99
87 109
87 110
87 111
88 88
88 89
88 91
88 95
88 96
88 97
88 98
88 104
88 113
88 114
89 89
89 90
89 91
89 92
89 99
89 114
90 90
90 91
90 92
90 94
90 96
90 98
90 99
90 109
90 110
90 111
90 113
91 91
91 92
91 94
91 95
91 96
91 98
91 99
91 109
91 110
91 111
91 113
92 92
92 93
92 100
92 102
92 104
93 93
93 101
93 102
93 113
94 94
94 95
94 96
94 98
94 99
94 103
94 108
94 109
94 110
94 111
94 113
95 95
95 96
95 97
95 98
95 99
95 103
95 105
95 108
95 109
95 110
95 111
95 113
95 114
95 115
96 96
96 98
96 99
96 108
96 109
96 110
96 111
96 113
97 97
97 98
97 99
97 103
97 104
97 105
97 106
97 107
97 108
97 111
97 114
97 115
98 98
98 99
98 108
98 109
98 110
98 111
98 112
99 99
99 103
99 108
99 109
99 110
99 111
99 113
100 100
100 102
100 112
101 101
101 102
101 103
101 113
102 102
102 103
102 112
102 113
103 103
103 104
103 105
103 106
103 107
103 109
103 110
103 111
103 113
103 115
104 104
104 105
104 106
104 107
104 109
104 111
104 114
104 115
105 105
105 106
105 107
105 111
105 114
105 115
106 106
106 107
106 114
106 115
107 107
107 111
107 114
107 115
108 108
108 111
109 109
109 110
109 111
109 113
110 110
110 111
111 111
111 112
111 114
112 112
113 113
113 115
114 114
114 115
115 115
