0 0
0 1
0 6
0 10
0 18
0 19
0 52
0 54
0 56
0 58
0 60
0 61
0 82
0 86
0 87
0 88
0 90
0 98
0 115
1 1
1 14
1 18
1 19
1 52
1 53
1 54
1 58
1 59
1 61
1 63
1 68
1 82
1 83
1 87
1 109
1 115
2 2
2 3
2 5
2 6
2 7
2 22
2 23
2 24
2 25
2 27
2 30
2 31
2 34
2 35
2 43
2 48
2 50
2 51
2 67
3 3
3 5
3 7
3 21
3 22
3 23
3 25
3 27
3 31
3 35
3 39
3 50
3 51
3 65
3 67
3 88
3 89
4 4
4 8
4 9
4 12
4 13
4 15
4 16
4 20
4 21
4 24
4 26
4 29
4 33
4 40
4 41
4 45
4 48
4 65
4 67
4 71
4 72
4 73
4 74
4 75
5 5
5 8
5 9
5 15
5 21
5 22
5 23
5 24
5 25
5 26
5 27
5 31
5 35
5 48
5 50
5 51
5 67
5 85
5 88
6 6
6 10
6 18
6 30
6 31
6 36
6 60
6 64
6 82
7 7
7 9
7 34
7 35
7 50
7 51
7 64
7 65
7 67
7 92
8 8
8 9
8 12
8 13
8 14
8 15
8 24
8 26
8 41
8 51
8 65
8 69
8 71
8 73
8 92
9 9
9 13
9 15
9 16
9 24
9 51
9 61
9 64
9 65
9 67
10 10
10 11
10 12
10 13
10 14
10 15
10 16
10 17
10 28
10 29
10 36
10 40
10 60
10 62
10 63
10 72
10 75
10 76
10 77
10 79
10 80
10 81
10 82
10 83
10 105
10 109
11 11
11 12
11 13
11 14
11 15
11 17
11 28
11 29
11 36
11 65
11 75
11 80
11 83
11 84
11 92
12 12
12 13
12 14
12 15
12 16
12 17
12 18
12 19
12 28
12 29
12 33
12 36
12 38
12 40
12 41
12 60
12 62
12 63
12 69
12 72
12 74
12 75
12 76
12 77
12 78
12 79
12 80
12 81
12 82
12 83
12 105
13 13
13 14
13 15
13 16
13 17
13 28
13 29
13 33
13 40
13 60
13 61
13 62
13 63
13 65
13 70
13 72
13 73
13 75
13 77
13 80
13 81
13 83
14 14
14 15
14 17
14 19
14 27
14 28
14 29
14 41
14 63
14 72
14 73
14 74
14 75
14 76
14 77
14 79
14 80
14 81
14 82
14 83
14 84
14 87
14 109
15 15
15 26
15 27
15 65
15 69
15 71
15 73
15 74
15 75
15 110
16 16
16 17
16 28
16 29
16 30
16 32
16 33
16 36
16 40
16 41
16 56
16 57
16 62
16 63
16 71
16 72
16 73
16 74
16 76
16 77
16 78
16 79
16 80
16 81
16 82
16 83
16 114
17 17
17 28
17 29
17 30
17 31
17 33
17 36
17 40
17 61
17 62
17 63
17 64
17 72
17 76
17 77
17 78
17 79
17 80
17 81
17 83
17 95
17 112
18 18
18 19
18 37
18 38
18 52
18 53
18 54
18 57
18 58
18 66
18 68
18 69
18 75
18 82
18 83
18 90
18 109
18 111
19 19
19 28
19 36
19 37
19 38
19 40
19 57
19 63
19 68
19 69
19 75
19 77
19 81
19 82
19 83
19 87
19 90
19 95
19 104
19 105
19 109
19 111
19 112
19 113
20 20
20 21
20 26
20 29
20 30
20 32
20 33
20 34
20 37
20 39
20 40
20 41
20 46
20 47
20 57
20 70
20 71
20 72
20 73
20 74
20 75
20 77
20 81
20 83
20 111
21 21
21 24
21 25
21 26
21 27
21 30
21 31
21 35
21 39
21 41
21 45
21 67
21 70
21 71
21 73
22 22
22 23
22 25
22 27
22 31
22 50
22 51
22 53
22 84
22 85
22 86
22 88
22 89
22 96
23 23
23 25
23 27
23 31
23 50
23 54
23 55
23 84
23 85
23 86
23 88
23 89
23 96
24 24
24 25
24 27
24 34
24 41
24 43
24 48
24 50
24 51
24 71
24 93
24 97
24 110
25 25
25 27
25 31
25 34
25 35
25 43
25 50
25 51
25 85
25 86
25 88
25 96
25 110
26 26
26 27
26 29
26 35
26 41
26 44
26 45
26 48
26 49
26 51
26 67
26 71
26 73
26 75
27 27
27 31
27 41
27 50
27 51
27 71
27 84
27 88
28 28
28 29
28 30
28 32
28 33
28 36
28 40
28 41
28 57
28 60
28 62
28 63
28 70
28 71
28 72
28 73
28 74
28 75
28 76
28 77
28 78
28 79
28 80
28 81
28 82
28 83
28 84
28 95
28 101
28 111
28 112
29 29
29 33
29 36
29 37
29 40
29 41
29 72
29 73
29 74
29 75
29 77
29 78
29 80
29 81
29 82
29 83
30 30
30 31
30 32
30 33
30 36
30 40
30 41
30 57
30 62
30 63
30 70
30 72
30 76
30 77
30 78
30 79
30 80
30 81
30 94
30 95
30 96
30 102
30 108
30 111
30 112
31 31
31 33
31 34
31 40
31 41
31 64
31 76
31 78
31 84
31 85
31 96
31 110
32 32
32 33
32 41
32 44
32 45
32 60
32 62
32 71
32 72
32 73
32 74
32 76
32 79
32 95
32 96
32 101
32 102
32 103
32 104
32 105
32 108
32 111
33 33
33 34
33 36
33 40
33 41
33 62
33 63
33 70
33 71
33 72
33 73
33 75
33 76
33 77
33 78
33 79
33 80
33 81
33 83
33 94
33 114
34 34
34 35
34 43
34 64
34 67
34 77
34 97
34 110
34 111
35 35
35 43
35 45
35 50
35 51
35 65
35 66
35 67
35 92
35 107
35 110
36 36
36 37
36 38
36 40
36 56
36 57
36 60
36 62
36 63
36 72
36 74
36 75
36 76
36 77
36 78
36 79
36 80
36 81
36 82
36 83
36 95
36 111
36 112
36 114
37 37
37 38
37 39
37 40
37 45
37 46
37 47
37 57
37 63
37 75
37 76
37 77
37 81
37 82
37 83
37 91
37 95
37 97
37 98
37 99
37 102
37 104
37 105
37 108
37 109
37 111
37 113
37 115
38 38
38 39
38 40
38 54
38 55
38 57
38 68
38 69
38 77
38 87
38 90
38 94
38 96
38 97
38 99
38 102
38 104
38 105
38 107
38 109
38 113
38 114
39 39
39 53
39 54
39 55
39 58
39 59
39 66
39 89
39 94
39 95
39 97
39 98
39 99
39 108
39 115
40 40
40 41
40 57
40 62
40 63
40 72
40 74
40 75
40 76
40 77
40 78
40 79
40 80
40 81
40 82
40 83
40 95
40 110
40 111
40 112
40 114
41 41
41 63
41 70
41 72
41 73
41 74
41 75
41 76
41 77
41 78
41 80
41 81
41 83
41 101
41 102
42 42
42 43
42 44
42 45
42 46
42 47
42 48
42 49
42 50
42 51
42 52
42 53
42 90
42 91
42 97
42 99
42 111
42 115
43 43
43 44
43 45
43 46
43 47
43 48
43 49
43 50
43 51
43 53
43 55
43 91
43 93
43 96
43 97
43 98
43 99
43 111
44 44
44 45
44 46
44 47
44 48
44 49
44 51
44 52
44 53
44 58
44 59
44 66
44 71
44 73
44 90
44 91
44 93
44 98
44 99
44 100
44 103
44 111
45 45
45 47
45 48
45 49
45 51
45 66
45 67
45 71
45 73
45 91
45 93
45 100
45 103
46 46
46 47
46 53
46 55
46 91
46 94
46 95
46 96
46 97
46 98
46 99
46 108
46 111
46 112
47 47
47 49
47 52
47 53
47 55
47 90
47 91
47 96
47 97
47 98
47 99
47 102
47 106
47 109
47 111
47 112
48 48
48 49
48 50
48 51
48 52
48 53
48 58
48 59
48 66
48 67
48 71
48 73
48 90
48 91
48 92
48 93
49 49
49 50
49 51
49 52
49 53
49 58
49 59
49 66
49 67
49 71
49 90
49 91
49 98
49 99
50 50
50 51
50 52
50 53
50 59
50 65
50 66
50 67
50 88
50 115
51 51
51 52
51 53
51 54
51 58
51 59
51 65
51 66
51 67
51 71
51 89
51 90
51 91
51 92
52 52
52 53
52 54
52 58
52 59
52 66
52 68
52 90
52 91
52 98
52 99
52 115
53 53
53 54
53 55
53 58
53 59
53 66
53 90
53 91
53 96
53 98
53 99
53 109
53 111
53 112
54 54
54 55
54 58
54 59
54 66
54 86
54 88
54 89
54 90
54 91
54 96
54 97
54 98
54 99
54 104
54 105
54 106
54 109
55 55
55 74
55 89
55 91
55 95
55 96
55 97
55 98
55 99
55 100
55 102
55 104
55 105
55 106
55 109
55 111
56 56
56 57
56 68
56 78
56 79
56 80
56 81
56 88
56 99
57 57
57 62
57 63
57 68
57 72
57 78
57 79
57 80
57 81
57 94
57 95
57 96
57 99
57 101
57 102
57 105
57 108
57 111
57 112
57 113
58 58
58 59
58 60
58 61
58 66
58 88
58 89
58 90
58 91
58 106
58 109
59 59
59 61
59 66
59 67
59 68
59 89
59 90
59 91
59 99
59 106
59 109
60 60
60 61
60 62
60 63
60 72
60 74
60 79
60 80
60 83
60 87
60 88
60 101
60 106
61 61
61 62
61 65
61 86
61 88
61 89
62 62
62 63
62 72
62 74
62 78
62 79
62 80
62 81
62 82
62 83
63 63
63 68
63 72
63 73
63 77
63 78
63 79
63 80
63 81
63 82
63 83
63 94
63 95
63 101
63 108
63 111
63 112
64 64
64 65
64 84
64 85
64 86
64 88
64 110
65 65
65 67
65 88
65 89
66 66
66 67
66 68
66 69
66 73
66 90
66 91
67 67
67 68
67 69
67 71
67 92
68 68
68 69
68 75
68 83
68 90
68 91
68 109
68 110
69 69
69 75
69 90
69 105
69 109
69 110
70 70
70 71
70 72
70 73
70 76
70 77
70 78
70 94
71 71
71 73
72 72
72 73
72 74
72 75
72 76
72 77
72 78
72 79
72 80
72 81
72 82
72 83
72 95
72 101
73 73
73 75
73 77
73 100
73 101
73 103
74 74
74 75
74 76
74 77
74 78
74 79
74 80
74 81
74 82
74 83
75 75
75 76
75 77
75 80
75 82
75 83
75 87
76 76
76 77
76 78
76 79
76 80
76 81
76 82
76 84
76 94
76 95
76 97
76 101
76 102
76 104
76 105
76 107
76 111
76 112
76 113
77 77
77 78
77 80
77 81
77 82
77 83
77 101
77 102
77 104
77 105
77 111
77 113
78 78
78 79
78 80
78 81
78 112
79 79
79 80
79 81
79 94
79 96
79 110
79 112
80 80
80 81
80 82
80 83
80 84
80 112
81 81
81 82
81 83
81 84
81 95
81 111
81 112
81 114
82 82
82 83
82 84
82 86
82 87
82 95
82 111
83 83
83 87
83 95
83 111
84 84
84 85
84 86
84 87
84 88
85 85
85 86
85 87
85 88
86 86
86 87
86 88
86 89
86 90
86 98
86 104
86 106
86 115
87 87
87 109
87 115
88 88
88 89
88 106
89 89
89 97
89 106
89 107
90 90
90 91
90 93
90 98
90 99
90 100
90 102
90 103
90 104
90 106
90 109
90 113
91 91
91 93
91 96
91 97
91 98
91 99
91 100
91 101
91 102
91 103
91 104
91 106
91 109
91 111
91 112
91 113
92 92
92 93
93 93
93 98
93 99
93 100
93 101
93 102
93 103
93 104
93 105
93 106
93 107
93 109
93 110
93 111
93 112
93 113
94 94
94 95
94 97
94 99
94 101
94 102
94 103
94 104
94 107
94 108
94 114
94 115
95 95
95 96
95 97
95 98
95 99
95 101
95 102
95 103
95 104
95 108
95 109
95 111
95 112
95 113
95 114
95 115
96 96
96 97
96 98
96 99
96 101
96 102
96 103
96 104
96 109
96 110
96 111
96 112
96 113
97 97
97 98
97 99
97 101
97 102
97 103
97 104
97 107
97 108
97 109
97 111
97 113
97 115
98 98
98 99
98 102
98 104
98 106
98 109
98 111
98 112
98 113
99 99
99 101
99 102
99 104
99 106
99 109
99 111
99 112
99 113
99 115
100 100
100 101
100 102
100 103
100 104
100 105
100 106
101 101
101 102
101 103
101 104
101 105
101 106
101 107
101 108
101 111
101 113
102 102
102 103
102 104
102 105
102 106
102 107
102 109
102 111
102 112
102 113
103 103
103 104
103 105
103 108
103 109
103 111
103 113
103 115
104 104
104 105
104 106
104 107
104 109
104 111
104 113
104 115
105 105
105 106
105 107
105 110
105 113
106 106
106 107
106 109
106 113
107 107
107 113
107 115
108 108
108 115
109 109
109 111
109 113
109 115
110 110
110 112
111 111
111 112
111 113
112 112
112 113
113 113
113 115
114 114
115 115
