0 0
0 1
0 3
0 18
0 19
0 56
0 57
0 58
0 59
0 60
0 61
0 66
0 67
0 68
0 69
0 86
0 88
0 90
0 107
0 114
0 115
1 1
1 7
1 10
1 11
1 18
1 19
1 56
1 57
1 58
1 59
1 60
1 61
1 63
1 66
1 68
1 69
1 75
1 88
1 90
1 91
1 107
2 2
2 3
2 4
2 5
2 6
2 7
2 8
2 9
2 12
2 22
2 23
2 24
2 25
2 26
2 27
2 67
2 88
2 89
2 90
2 93
3 3
3 4
3 5
3 6
3 7
3 8
3 9
3 18
3 19
3 20
3 22
3 23
3 24
3 25
3 26
3 59
3 66
3 67
3 68
3 69
3 88
3 89
3 90
3 92
3 106
3 107
4 4
4 5
4 8
4 9
4 14
4 15
4 20
4 22
4 23
4 24
4 25
4 26
4 27
4 38
4 82
4 83
4 88
4 89
4 96
5 5
5 8
5 9
5 14
5 15
5 20
5 22
5 23
5 24
5 25
5 26
5 27
5 82
5 83
5 88
5 89
5 96
6 6
6 7
6 9
6 12
6 22
6 23
6 25
6 32
6 64
6 92
6 93
6 100
7 7
7 10
7 12
7 22
7 23
7 45
7 48
7 49
7 64
7 65
7 66
7 67
7 69
7 90
7 91
7 92
7 93
7 100
8 8
8 9
8 14
8 15
8 20
8 22
8 23
8 24
8 25
8 26
8 27
8 38
8 39
8 83
8 88
8 89
8 92
8 96
9 9
9 14
9 15
9 20
9 22
9 23
9 24
9 25
9 26
9 27
9 38
9 82
9 83
9 88
9 89
9 96
10 10
10 11
10 12
10 13
10 16
10 17
10 28
10 30
10 31
10 33
10 34
10 35
10 60
10 61
10 62
10 63
10 64
10 71
10 72
10 73
10 74
10 75
10 76
10 79
10 84
11 11
11 13
11 16
11 17
11 28
11 29
11 30
11 33
11 34
11 35
11 36
11 40
11 41
11 43
11 46
11 52
11 62
11 63
11 71
11 72
11 73
11 74
11 75
11 76
11 77
11 78
11 79
11 80
11 82
11 84
11 85
11 110
11 113
12 12
12 13
12 14
12 22
12 23
12 28
12 29
12 30
12 31
12 33
12 34
12 35
12 62
12 64
12 70
12 72
12 78
13 13
13 16
13 17
13 21
13 28
13 29
13 30
13 31
13 34
13 36
13 52
13 60
13 61
13 62
13 63
13 71
13 72
13 73
13 74
13 75
13 76
13 78
13 79
13 80
14 14
14 15
14 20
14 22
14 24
14 25
14 26
14 27
14 29
14 30
14 34
14 40
14 52
14 73
14 74
14 82
14 83
14 85
14 113
15 15
15 20
15 24
15 25
15 26
15 27
15 38
15 82
15 83
15 88
15 89
15 96
15 97
15 113
15 115
16 16
16 17
16 21
16 28
16 29
16 30
16 31
16 33
16 34
16 35
16 36
16 37
16 40
16 41
16 60
16 61
16 62
16 63
16 64
16 71
16 72
16 73
16 74
16 75
16 76
16 77
16 78
16 79
16 80
16 81
16 84
16 113
17 17
17 28
17 29
17 30
17 31
17 33
17 34
17 36
17 37
17 40
17 41
17 43
17 46
17 62
17 63
17 71
17 72
17 73
17 74
17 75
17 76
17 77
17 78
17 79
17 80
17 81
17 84
17 85
18 18
18 19
18 56
18 57
18 58
18 59
18 60
18 61
18 66
18 67
18 68
18 69
18 86
18 88
18 90
18 114
18 115
19 19
19 56
19 57
19 58
19 59
19 60
19 61
19 66
19 67
19 68
19 69
19 86
19 88
19 90
19 114
19 115
20 20
20 21
20 22
20 23
20 24
20 25
20 26
20 27
20 29
20 30
20 31
20 40
20 42
20 43
20 82
20 96
20 113
20 115
21 21
21 28
21 29
21 30
21 31
21 34
21 36
21 40
21 41
21 43
21 46
21 52
21 54
21 71
21 72
21 73
21 75
21 76
21 77
22 22
22 23
22 24
22 25
22 26
22 27
22 89
22 104
23 23
23 24
23 25
23 26
23 27
23 51
23 89
23 104
24 24
24 25
24 26
24 27
24 38
24 82
24 83
24 89
25 25
25 26
25 27
25 38
25 42
25 82
25 96
26 26
26 27
26 38
26 82
26 83
26 88
26 89
26 96
27 27
27 38
27 39
27 42
27 55
27 82
27 83
27 88
27 89
27 96
27 97
27 98
27 113
28 28
28 29
28 30
28 31
28 33
28 34
28 35
28 36
28 37
28 40
28 41
28 43
28 46
28 52
28 55
28 62
28 63
28 71
28 72
28 73
28 74
28 75
28 76
28 77
28 78
28 79
28 80
28 81
28 84
28 85
28 113
29 29
29 30
29 31
29 34
29 36
29 37
29 38
29 40
29 41
29 42
29 43
29 46
29 54
29 55
29 62
29 63
29 72
29 73
29 74
29 75
29 76
29 77
29 78
29 79
29 80
29 81
29 84
29 105
29 113
30 30
30 31
30 34
30 36
30 40
30 41
30 62
30 63
30 70
30 71
30 72
30 73
30 74
30 75
30 76
30 77
30 78
30 79
30 80
30 84
30 94
30 113
31 31
31 34
31 36
31 40
31 41
31 42
31 43
31 46
31 62
31 70
31 71
31 72
31 73
31 74
31 75
31 76
31 77
31 78
31 79
31 80
31 84
32 32
32 33
32 37
32 44
32 50
32 65
32 76
32 96
32 112
33 33
33 34
33 35
33 37
33 50
33 62
33 63
33 64
33 65
33 72
33 76
33 77
33 79
33 80
33 81
34 34
34 35
34 36
34 37
34 40
34 41
34 46
34 50
34 62
34 63
34 64
34 70
34 71
34 72
34 73
34 74
34 75
34 76
34 77
34 78
34 79
34 80
34 81
34 84
34 85
35 35
35 36
35 41
35 45
35 48
35 50
35 62
35 63
35 64
35 65
35 72
35 75
35 76
35 77
35 84
35 85
36 36
36 37
36 38
36 40
36 41
36 42
36 43
36 46
36 47
36 52
36 55
36 63
36 72
36 73
36 74
36 75
36 76
36 77
36 78
36 79
36 80
36 81
36 82
36 84
36 85
36 96
36 110
36 113
37 37
37 38
37 39
37 40
37 41
37 42
37 43
37 46
37 54
37 55
37 72
37 73
37 74
37 75
37 76
37 77
37 78
37 79
37 80
37 81
37 95
37 96
37 109
38 38
38 39
38 40
38 41
38 46
38 54
38 55
38 70
38 77
38 79
38 83
38 88
38 89
38 96
38 97
38 109
39 39
39 54
39 55
39 59
39 70
39 83
39 86
39 87
39 88
39 89
39 91
39 94
39 96
39 97
39 98
39 106
39 109
40 40
40 41
40 42
40 43
40 46
40 47
40 52
40 54
40 55
40 63
40 72
40 73
40 74
40 75
40 76
40 77
40 78
40 79
40 80
40 81
40 82
40 84
40 85
40 96
40 98
40 113
41 41
41 42
41 43
41 46
41 54
41 55
41 63
41 71
41 72
41 73
41 74
41 75
41 76
41 77
41 78
41 79
41 80
41 81
41 84
41 85
41 96
42 42
42 43
42 44
42 45
42 46
42 47
42 48
42 49
42 50
42 51
42 55
42 73
42 74
42 75
42 76
42 77
42 78
42 80
42 81
42 84
42 85
42 98
42 99
42 111
42 112
43 43
43 44
43 45
43 46
43 47
43 49
43 50
43 51
43 55
43 72
43 73
43 74
43 75
43 76
43 77
43 78
43 79
43 80
43 81
43 84
43 85
43 96
43 98
43 99
43 111
43 112
44 44
44 45
44 46
44 47
44 48
44 49
44 50
44 51
44 101
44 103
44 108
44 111
44 112
45 45
45 47
45 48
45 49
45 50
45 51
45 64
45 65
45 67
45 92
45 93
45 110
45 111
45 112
46 46
46 47
46 50
46 51
46 52
46 53
46 54
46 55
46 71
46 72
46 73
46 74
46 75
46 76
46 77
46 78
46 79
46 80
46 81
46 84
46 85
46 96
46 98
46 99
46 111
46 112
47 47
47 49
47 50
47 51
47 53
47 55
47 75
47 76
47 80
47 84
47 85
47 87
47 98
47 99
47 110
47 111
47 112
48 48
48 49
48 50
48 51
48 64
48 65
48 67
48 91
48 92
48 93
48 101
48 111
48 112
49 49
49 50
49 51
49 91
49 92
49 93
49 99
49 101
49 103
49 111
49 112
50 50
50 51
50 84
50 111
51 51
51 52
51 53
51 105
52 52
52 53
52 54
52 58
53 53
53 54
53 85
53 110
54 54
54 55
54 58
54 59
54 89
54 96
54 97
54 98
54 109
55 55
55 72
55 74
55 76
55 77
55 78
55 79
55 81
55 83
55 96
55 97
55 98
55 99
55 109
55 111
55 112
56 56
56 57
56 58
56 59
56 60
56 61
56 63
56 66
56 68
56 69
56 82
56 86
56 88
56 90
56 106
56 107
56 114
57 57
57 58
57 59
57 60
57 61
57 63
57 66
57 67
57 68
57 69
57 90
57 106
57 113
58 58
58 59
58 60
58 61
58 66
58 67
58 68
58 69
58 88
58 90
58 94
58 97
58 106
58 107
58 114
58 115
59 59
59 60
59 61
59 66
59 67
59 68
59 69
59 88
59 89
59 90
59 91
59 106
60 60
60 61
60 62
60 63
60 64
60 65
60 68
60 86
60 88
60 89
60 100
60 107
61 61
61 62
61 63
61 64
61 65
61 66
61 68
61 69
61 86
61 88
61 89
61 90
61 106
61 107
62 62
62 63
62 64
62 71
62 72
62 73
62 74
62 75
62 76
62 77
62 78
62 79
62 80
62 81
62 84
63 63
63 64
63 71
63 72
63 73
63 74
63 75
63 76
63 77
63 78
63 79
63 80
63 81
63 84
63 100
64 64
64 65
64 71
64 72
64 84
64 92
64 93
64 100
64 101
65 65
65 92
65 93
65 100
66 66
66 67
66 68
66 69
66 86
66 88
66 90
66 91
66 92
66 93
66 103
66 104
66 106
67 67
67 68
67 69
67 88
67 90
67 91
67 92
67 93
67 103
68 68
68 69
68 88
68 90
68 91
69 69
69 88
69 90
69 91
69 92
70 70
70 71
70 72
70 77
70 78
70 79
70 86
70 94
70 97
70 101
70 108
70 109
71 71
71 72
71 73
71 74
71 75
71 76
71 77
71 78
71 79
71 80
71 86
71 87
71 109
72 72
72 73
72 74
72 75
72 76
72 77
72 78
72 79
72 80
72 81
72 84
73 73
73 74
73 75
73 76
73 77
73 78
73 79
73 80
73 81
73 84
74 74
74 75
74 76
74 77
74 78
74 79
74 80
74 81
74 84
74 85
74 95
74 105
74 113
75 75
75 76
75 77
75 78
75 79
75 80
75 81
75 82
75 84
75 85
75 113
76 76
76 77
76 78
76 79
76 80
76 81
76 84
76 85
76 113
77 77
77 78
77 79
77 80
77 81
77 84
77 85
77 87
77 96
77 110
78 78
78 79
78 80
78 81
78 84
78 85
78 113
79 79
79 80
79 81
79 84
79 96
79 113
80 80
80 81
80 84
80 85
81 81
81 82
81 83
81 84
81 85
82 82
82 83
82 85
82 88
82 89
82 96
82 113
82 115
83 83
83 85
83 88
83 89
83 96
83 97
83 110
84 84
84 85
85 85
86 86
86 87
86 88
86 94
86 95
86 102
86 103
86 106
86 109
87 87
87 91
87 92
87 99
87 110
87 111
87 112
88 88
88 89
88 90
88 91
88 106
88 107
89 89
89 90
89 91
89 96
89 98
89 99
89 106
89 107
90 90
90 91
90 92
90 93
90 103
90 104
90 106
90 107
91 91
91 92
91 93
91 98
91 99
91 101
91 102
91 103
91 106
91 107
91 110
91 111
91 112
92 92
92 93
92 100
92 101
92 102
92 103
92 110
92 112
93 93
93 100
93 101
93 102
93 103
93 110
93 112
94 94
94 95
94 97
94 103
94 104
94 105
94 108
94 109
94 114
94 115
95 95
95 97
95 98
95 99
95 101
95 102
95 106
95 108
95 109
95 112
95 115
96 96
96 97
96 98
96 99
96 106
96 107
96 109
96 111
97 97
97 101
97 103
97 108
97 109
97 114
97 115
98 98
98 99
98 101
98 102
98 106
98 107
98 110
98 111
98 112
99 99
99 102
99 106
99 107
99 110
99 111
99 112
100 100
100 101
100 102
100 103
100 104
100 106
101 101
101 102
101 103
101 104
101 106
101 107
101 108
101 112
102 102
102 103
102 104
102 105
102 106
102 107
103 103
103 104
103 105
103 106
103 107
103 108
103 112
104 104
104 105
104 106
104 107
104 108
104 115
105 105
105 107
105 108
106 106
106 107
107 107
107 115
108 108
108 114
108 115
109 109
110 110
110 111
110 112
111 111
111 112
112 112
113 113
113 114
113 115
114 114
114 115
115 115
