0 0
0 1
0 2
0 18
0 19
0 23
0 39
0 56
0 57
0 58
0 59
0 66
0 68
0 69
0 82
0 88
0 90
0 95
0 103
0 104
0 106
0 107
0 108
0 113
1 1
1 2
1 3
1 6
1 7
1 15
1 18
1 19
1 23
1 26
1 39
1 56
1 57
1 58
1 59
1 66
1 68
1 69
1 82
1 83
1 88
1 89
1 90
1 95
1 104
1 106
1 107
1 108
2 2
2 3
2 4
2 5
2 6
2 7
2 9
2 15
2 18
2 19
2 22
2 23
2 26
2 39
2 58
2 59
2 69
2 82
2 88
2 89
2 90
2 91
2 92
2 93
2 95
2 100
2 102
2 103
2 104
2 105
2 106
2 107
2 108
3 3
3 4
3 5
3 6
3 7
3 14
3 15
3 18
3 19
3 20
3 22
3 23
3 26
3 27
3 39
3 69
3 82
3 83
3 86
3 87
3 88
3 89
3 90
3 91
3 92
3 93
3 95
3 104
3 106
3 107
3 113
4 4
4 5
4 7
4 8
4 9
4 14
4 15
4 18
4 19
4 20
4 21
4 22
4 23
4 24
4 25
4 26
4 27
4 35
4 36
4 39
4 82
4 83
4 86
4 88
4 89
4 91
4 93
4 96
4 106
4 108
4 113
5 5
5 8
5 9
5 14
5 15
5 18
5 19
5 20
5 21
5 22
5 23
5 24
5 25
5 26
5 27
5 35
5 36
5 38
5 39
5 82
5 83
5 86
5 88
5 89
5 93
5 96
6 6
6 7
6 12
6 15
6 19
6 22
6 23
6 58
6 59
6 82
6 88
6 90
6 92
6 93
6 100
6 101
6 102
6 103
6 104
6 106
6 107
7 7
7 9
7 15
7 19
7 22
7 23
7 25
7 26
7 58
7 59
7 66
7 88
7 90
7 92
7 93
7 100
7 101
7 102
7 103
7 104
7 105
7 106
7 107
8 8
8 9
8 14
8 15
8 20
8 22
8 23
8 24
8 25
8 26
8 27
8 34
8 35
8 86
8 88
8 89
9 9
9 14
9 15
9 20
9 23
9 24
9 25
9 26
9 27
9 34
9 35
9 83
9 92
10 10
10 11
10 12
10 13
10 16
10 28
10 30
10 31
10 48
10 50
10 60
10 62
10 63
10 64
10 65
10 84
10 85
11 11
11 12
11 13
11 17
11 29
11 30
11 31
11 32
11 33
11 34
11 48
11 50
11 60
11 61
11 62
11 63
11 64
11 65
11 72
11 84
11 100
11 101
12 12
12 13
12 17
12 28
12 30
12 31
12 33
12 48
12 60
12 61
12 62
12 63
12 64
12 65
12 72
12 100
12 101
13 13
13 17
13 25
13 28
13 29
13 30
13 31
13 32
13 33
13 34
13 44
13 48
13 50
13 60
13 61
13 62
13 63
13 64
13 65
13 70
13 71
13 72
13 74
13 79
13 100
14 14
14 15
14 20
14 21
14 22
14 23
14 24
14 25
14 26
14 27
14 38
14 82
14 83
14 84
14 86
14 88
14 89
14 93
15 15
15 18
15 19
15 20
15 22
15 23
15 26
15 27
15 39
15 82
15 83
15 87
15 88
15 89
15 92
15 93
15 106
16 16
16 17
16 28
16 29
16 32
16 37
16 40
16 41
16 42
16 43
16 44
16 46
16 47
16 48
16 49
16 50
16 55
16 62
16 63
16 72
16 74
16 78
16 79
16 80
16 81
16 84
16 85
16 98
16 111
17 17
17 28
17 29
17 31
17 32
17 33
17 34
17 44
17 48
17 49
17 50
17 60
17 61
17 62
17 63
17 65
17 71
17 72
17 73
17 74
17 78
17 79
17 80
17 81
18 18
18 19
18 21
18 22
18 23
18 26
18 27
18 36
18 38
18 39
18 68
18 69
18 75
18 82
18 83
18 86
18 87
18 88
18 89
18 90
18 91
18 92
18 93
18 95
18 108
18 109
18 113
18 115
19 19
19 21
19 22
19 23
19 26
19 27
19 39
19 59
19 66
19 68
19 69
19 77
19 82
19 83
19 86
19 87
19 88
19 89
19 90
19 91
19 92
19 93
19 94
19 95
19 100
19 104
19 105
19 106
19 107
19 108
19 109
19 113
20 20
20 21
20 22
20 23
20 24
20 25
20 26
20 27
20 34
20 83
20 86
20 88
21 21
21 23
21 26
21 27
21 31
21 36
21 38
21 39
21 68
21 71
21 75
21 77
21 82
21 83
21 86
21 87
21 88
21 89
21 91
21 95
21 96
21 113
22 22
22 23
22 24
22 26
22 27
22 69
22 82
22 86
22 88
22 89
22 90
22 91
22 92
22 93
22 100
22 103
22 104
22 105
22 106
22 107
23 23
23 24
23 25
23 26
23 27
23 39
23 69
23 82
23 83
23 86
23 88
23 89
23 92
23 93
23 95
23 106
23 107
24 24
24 25
24 26
24 27
24 34
24 35
25 25
25 31
25 33
25 34
25 35
25 64
25 65
25 84
26 26
26 27
26 36
26 39
26 54
26 82
26 83
26 86
26 88
26 89
26 90
26 91
26 93
26 95
26 96
26 106
26 108
26 113
27 27
27 38
27 39
27 82
27 83
27 86
27 88
27 89
27 93
27 96
27 113
28 28
28 29
28 30
28 31
28 32
28 33
28 41
28 44
28 48
28 60
28 61
28 62
28 63
28 71
28 72
28 73
28 74
28 78
28 79
28 80
28 81
29 29
29 30
29 31
29 32
29 33
29 41
29 44
29 48
29 50
29 61
29 62
29 63
29 65
29 70
29 71
29 72
29 73
29 74
29 78
29 79
29 80
29 81
30 30
30 31
30 41
30 64
30 65
30 71
30 73
30 74
30 77
30 101
30 115
31 31
31 32
31 33
31 34
31 35
31 63
31 64
31 65
31 71
31 72
31 74
31 77
32 32
32 33
32 34
32 44
32 48
32 49
32 50
32 60
32 61
32 62
32 63
32 64
32 65
32 71
32 72
32 74
32 78
32 79
32 80
32 81
32 84
33 33
33 34
33 35
33 44
33 48
33 60
33 61
33 62
33 63
33 64
33 65
33 70
33 71
33 72
33 78
33 79
33 80
33 81
34 34
34 50
34 62
34 64
34 65
34 71
34 72
34 80
34 84
35 35
35 84
35 110
35 114
36 36
36 37
36 38
36 39
36 40
36 46
36 47
36 54
36 55
36 68
36 75
36 76
36 77
36 81
36 82
36 83
36 85
36 87
36 88
36 89
36 96
36 98
36 99
36 109
36 111
36 112
36 113
37 37
37 38
37 39
37 40
37 41
37 42
37 43
37 46
37 47
37 52
37 53
37 54
37 55
37 73
37 75
37 76
37 81
37 94
37 96
37 97
37 98
37 99
37 109
37 110
37 111
37 112
37 114
38 38
38 39
38 40
38 54
38 75
38 83
38 85
38 86
38 87
38 88
38 89
38 94
38 97
38 109
38 114
39 39
39 68
39 69
39 75
39 82
39 83
39 87
39 88
39 89
39 90
39 91
39 92
39 94
39 95
39 96
39 97
39 104
39 105
39 106
39 108
39 109
39 112
39 113
40 40
40 41
40 42
40 43
40 46
40 47
40 55
40 76
40 80
40 81
40 85
40 87
40 111
40 114
41 41
41 72
41 73
41 74
41 75
41 77
41 109
41 112
42 42
42 43
42 44
42 45
42 46
42 47
42 48
42 49
42 50
42 51
42 52
42 53
42 55
42 72
42 78
42 79
42 80
42 81
42 85
42 96
42 98
42 99
42 111
42 112
42 114
43 43
43 44
43 45
43 46
43 47
43 48
43 49
43 50
43 51
43 52
43 53
43 55
43 72
43 79
43 80
43 81
43 85
43 96
43 98
43 99
43 111
43 112
43 114
44 44
44 45
44 46
44 47
44 48
44 49
44 50
44 51
44 55
44 61
44 62
44 63
44 65
44 70
44 72
44 74
44 78
44 79
44 80
44 81
44 98
44 99
44 111
45 45
45 46
45 47
45 48
45 49
45 50
45 51
45 53
45 55
45 72
45 98
46 46
46 47
46 49
46 50
46 51
46 52
46 53
46 55
46 79
46 80
46 81
46 85
46 96
46 97
46 98
46 99
46 111
46 112
46 114
47 47
47 49
47 51
47 52
47 53
47 55
47 72
47 78
47 79
47 80
47 81
47 85
47 96
47 98
47 99
47 110
47 111
47 112
47 114
48 48
48 49
48 50
48 51
48 52
48 60
48 61
48 62
48 63
48 64
48 65
48 70
48 72
48 78
48 79
48 80
49 49
49 50
49 51
49 52
49 53
49 55
49 70
49 72
49 79
49 98
49 99
49 111
50 50
50 51
50 61
50 62
50 63
50 64
50 70
50 72
50 78
50 79
50 80
50 81
50 84
51 51
51 52
51 53
51 55
51 98
51 99
51 111
52 52
52 53
52 55
52 90
52 91
52 96
52 98
52 99
52 111
52 114
53 53
53 54
53 55
53 89
53 91
53 96
53 97
53 98
53 99
53 111
53 112
53 114
54 54
54 55
54 68
54 88
54 89
54 96
54 97
54 98
54 99
54 109
55 55
55 76
55 81
55 85
55 96
55 97
55 98
55 99
55 111
55 112
55 114
56 56
56 57
56 58
56 59
56 63
56 66
56 68
56 69
56 78
56 81
56 106
57 57
57 58
57 59
57 61
57 63
57 66
57 68
57 69
57 78
57 79
57 81
58 58
58 59
58 60
58 61
58 66
58 90
58 100
58 102
58 103
58 104
58 106
58 107
59 59
59 60
59 61
59 66
59 67
59 68
59 69
59 88
59 90
59 102
59 103
59 104
59 106
59 107
59 108
60 60
60 61
60 62
60 63
60 64
60 65
60 72
60 78
60 79
61 61
61 62
61 63
61 64
61 70
61 72
61 79
61 100
61 101
61 103
62 62
62 63
62 64
62 65
62 71
62 72
62 74
62 78
62 79
62 80
62 81
62 84
63 63
63 65
63 72
63 73
63 74
63 78
63 79
63 80
63 81
63 84
64 64
64 65
64 70
64 72
64 74
64 84
64 100
64 101
64 103
65 65
65 72
65 74
65 76
65 77
65 84
65 100
66 66
66 67
66 68
66 69
66 90
66 95
66 102
66 103
66 104
66 106
66 107
67 67
67 74
67 103
68 68
68 69
68 75
68 82
68 83
68 87
68 88
68 89
68 90
68 91
68 95
68 97
68 104
68 106
68 108
68 109
68 113
69 69
69 88
69 93
69 94
69 103
69 104
69 105
69 106
69 107
69 113
70 70
70 72
70 79
70 100
70 101
70 102
70 103
71 71
71 77
72 72
72 73
72 74
72 78
72 79
72 80
72 81
73 73
73 74
73 75
73 77
73 95
73 101
74 74
74 76
74 79
74 80
74 110
75 75
75 76
75 77
75 83
75 87
75 94
75 95
75 97
75 109
75 112
75 113
76 76
76 77
76 111
76 112
77 77
77 92
78 78
78 79
78 80
78 81
78 84
79 79
79 80
79 81
79 84
80 80
80 81
80 84
80 85
80 111
81 81
81 84
81 85
81 98
81 111
82 82
82 83
82 86
82 87
82 88
82 89
82 90
82 91
82 95
82 96
82 106
82 108
82 113
83 83
83 85
83 86
83 87
83 88
83 89
83 95
83 96
83 108
83 113
84 84
84 85
85 85
85 87
86 86
86 87
86 88
86 89
86 113
87 87
87 88
87 89
87 96
87 97
87 115
88 88
88 89
88 90
88 91
88 92
88 93
88 95
88 96
88 97
88 104
88 106
88 107
88 108
88 113
89 89
89 90
89 91
89 96
89 97
89 106
89 108
89 113
90 90
90 91
90 92
90 93
90 95
90 102
90 104
90 106
90 107
90 108
90 113
91 91
91 92
91 93
91 94
91 95
91 97
91 99
91 104
91 105
91 106
91 108
91 109
91 113
91 115
92 92
92 93
92 94
92 100
92 101
92 102
92 103
92 104
92 105
92 106
92 107
92 109
93 93
93 100
93 101
93 102
93 103
93 104
93 105
93 106
93 107
93 113
94 94
94 95
94 97
94 104
94 105
94 108
94 109
94 112
94 113
94 114
95 95
95 108
95 109
96 96
96 97
96 98
96 99
96 108
96 111
96 112
96 113
97 97
97 98
97 99
97 108
97 109
97 111
97 112
97 113
97 114
97 115
98 98
98 99
98 111
98 112
98 114
99 99
99 111
99 112
99 113
99 114
100 100
100 101
100 102
100 103
100 104
100 106
100 107
101 101
101 102
101 103
101 104
101 105
101 106
101 107
102 102
102 103
102 104
102 105
102 106
102 107
103 103
103 104
103 105
103 106
103 107
104 104
104 105
104 106
104 107
104 113
105 105
105 106
105 107
105 109
105 113
106 106
106 107
106 108
106 113
107 107
107 108
107 113
108 108
108 113
109 109
109 110
109 113
109 114
110 110
110 111
110 114
111 111
111 112
111 114
112 112
112 113
112 114
113 113
113 114
114 114
114 115
115 115
