0 0
0 1
0 10
0 18
0 19
0 28
0 32
0 37
0 39
0 40
0 41
0 55
0 56
0 57
0 68
0 82
0 84
0 86
0 87
0 88
0 94
1 1
1 16
1 17
1 32
1 33
1 36
1 55
1 56
1 57
1 58
1 59
1 60
1 61
1 62
1 63
1 66
1 68
1 69
1 72
1 73
1 74
1 80
2 2
2 6
2 12
2 19
2 22
2 28
2 30
2 34
2 60
2 64
2 72
2 75
2 84
2 91
3 3
3 5
3 18
3 19
3 20
3 22
3 23
3 26
3 27
3 30
3 31
3 38
3 39
3 47
3 82
3 83
3 85
3 86
3 87
3 88
3 89
3 90
3 92
3 94
3 97
3 106
3 110
4 4
4 5
4 7
4 8
4 9
4 13
4 14
4 15
4 20
4 21
4 22
4 24
4 26
4 28
4 38
4 54
4 63
4 71
4 78
4 81
4 100
5 5
5 9
5 15
5 20
5 21
5 23
5 24
5 25
5 26
5 27
5 38
5 39
5 54
5 83
5 86
5 87
5 89
5 114
6 6
6 7
6 12
6 19
6 22
6 23
6 30
6 34
6 64
6 72
6 76
6 77
6 84
6 91
6 93
6 103
6 108
7 7
7 13
7 34
7 35
7 45
7 65
7 67
7 70
7 77
7 90
7 91
7 92
7 100
7 102
7 104
7 108
7 110
7 111
7 112
8 8
8 9
8 10
8 11
8 12
8 14
8 15
8 17
8 22
8 24
8 28
8 32
8 63
8 64
8 69
8 78
8 80
8 81
8 82
8 84
8 88
8 91
8 93
8 100
8 102
8 113
9 9
9 13
9 15
9 20
9 21
9 24
9 26
9 28
9 38
9 39
9 54
9 59
9 61
9 63
9 81
9 89
9 114
10 10
10 11
10 12
10 14
10 19
10 22
10 24
10 27
10 28
10 32
10 64
10 75
10 78
10 82
10 84
10 88
10 93
10 114
11 11
11 12
11 13
11 15
11 31
11 33
11 34
11 35
11 36
11 48
11 64
11 65
11 66
11 67
11 69
11 74
11 75
11 76
11 92
11 93
11 100
11 102
11 106
11 113
12 12
12 13
12 14
12 15
12 16
12 17
12 21
12 22
12 24
12 28
12 29
12 33
12 35
12 48
12 60
12 61
12 62
12 63
12 64
12 78
12 80
12 81
12 93
12 103
12 105
13 13
13 15
13 16
13 17
13 28
13 29
13 33
13 34
13 35
13 36
13 54
13 61
13 63
13 65
13 66
13 67
13 69
13 72
13 74
13 79
13 80
13 81
13 92
13 93
13 100
13 102
13 112
13 115
14 14
14 15
14 16
14 17
14 22
14 28
14 29
14 31
14 33
14 60
14 63
14 64
14 69
14 75
14 78
14 80
14 81
14 82
14 83
14 84
14 93
14 113
15 15
15 16
15 17
15 21
15 24
15 28
15 29
15 33
15 36
15 38
15 48
15 62
15 63
15 78
15 79
15 80
15 81
15 83
15 113
16 16
16 17
16 28
16 29
16 32
16 33
16 36
16 48
16 56
16 57
16 58
16 60
16 61
16 62
16 63
16 66
16 68
16 69
16 72
16 74
16 78
16 79
16 80
16 81
16 106
17 17
17 28
17 29
17 32
17 33
17 36
17 48
17 56
17 57
17 58
17 59
17 60
17 61
17 62
17 63
17 66
17 68
17 69
17 72
17 74
17 78
17 79
17 80
17 81
17 106
18 18
18 19
18 30
18 32
18 37
18 38
18 39
18 40
18 41
18 57
18 68
18 72
18 74
18 76
18 82
18 83
18 86
18 87
18 88
18 89
18 91
18 94
18 97
18 106
18 109
19 19
19 22
19 23
19 32
19 37
19 39
19 40
19 41
19 55
19 68
19 73
19 76
19 77
19 82
19 83
19 84
19 86
19 87
19 88
19 91
19 94
19 109
19 110
19 112
20 20
20 21
20 22
20 23
20 24
20 25
20 26
20 27
20 31
20 38
20 39
20 54
20 70
20 71
20 86
20 87
20 89
20 114
21 21
21 23
21 24
21 25
21 26
21 27
21 31
21 38
21 48
21 50
21 51
21 54
21 71
21 78
21 85
21 89
21 104
22 22
22 23
22 24
22 25
22 26
22 27
22 30
22 31
22 64
22 76
22 77
22 82
22 84
22 86
22 87
22 88
22 89
22 90
22 91
22 92
22 93
22 103
22 104
22 113
23 23
23 24
23 25
23 26
23 27
23 30
23 31
23 38
23 39
23 47
23 86
23 87
23 88
23 89
23 90
23 91
23 92
23 94
23 97
23 103
23 104
23 110
23 113
24 24
24 25
24 26
24 27
24 31
24 38
24 50
24 64
24 78
24 84
24 88
24 89
24 101
24 102
25 25
25 26
25 27
25 31
25 38
25 43
25 48
25 50
25 51
25 78
25 85
25 89
25 93
25 101
25 103
25 104
25 107
25 113
26 26
26 27
26 31
26 38
26 39
26 47
26 54
26 55
26 70
26 86
26 87
26 88
26 89
26 97
26 114
27 27
27 31
27 38
27 39
27 50
27 55
27 82
27 85
27 86
27 87
27 88
27 89
27 97
27 114
28 28
28 29
28 32
28 33
28 48
28 56
28 57
28 60
28 62
28 63
28 64
28 69
28 72
28 74
28 75
28 78
28 79
28 80
28 81
28 82
28 83
28 84
29 29
29 32
29 33
29 36
29 58
29 59
29 60
29 61
29 62
29 63
29 66
29 72
29 73
29 74
29 78
29 79
29 80
29 81
29 100
29 115
30 30
30 31
30 42
30 43
30 47
30 57
30 93
30 105
31 31
31 75
31 85
31 92
31 93
31 105
31 113
32 32
32 33
32 36
32 40
32 56
32 57
32 60
32 61
32 62
32 63
32 66
32 68
32 69
32 72
32 74
32 79
32 80
32 81
32 82
32 84
33 33
33 36
33 57
33 58
33 59
33 60
33 61
33 62
33 63
33 66
33 67
33 69
33 72
33 73
33 74
33 75
33 76
33 79
33 80
33 81
33 100
33 113
34 34
34 35
34 42
34 43
34 45
34 67
34 71
34 76
34 77
34 92
34 93
34 96
34 99
34 100
34 102
34 104
34 110
34 115
35 35
35 45
35 64
35 65
35 67
35 69
35 71
35 76
35 77
35 90
35 91
35 92
35 93
35 100
35 102
35 103
35 104
35 107
35 110
35 111
35 112
35 113
35 115
36 36
36 57
36 58
36 59
36 60
36 61
36 62
36 63
36 66
36 67
36 72
36 73
36 74
36 75
36 79
36 80
36 81
37 37
37 38
37 39
37 40
37 41
37 55
37 59
37 76
37 77
37 83
37 86
37 87
37 88
37 89
37 104
37 106
37 110
37 112
37 114
38 38
38 39
38 40
38 41
38 54
38 55
38 68
38 82
38 83
38 86
38 87
38 88
38 89
38 109
38 114
39 39
39 40
39 41
39 54
39 55
39 77
39 82
39 83
39 86
39 87
39 88
39 89
39 94
39 109
39 114
40 40
40 41
40 71
40 72
40 73
40 75
40 77
40 82
40 83
40 84
40 87
40 94
40 109
41 41
41 55
41 68
41 70
41 73
41 77
41 86
41 87
41 88
41 89
41 94
41 97
41 108
41 109
41 110
41 114
42 42
42 43
42 44
42 45
42 46
42 47
42 49
42 50
42 51
42 52
42 53
42 55
42 90
42 96
42 98
42 99
42 102
42 111
43 43
43 44
43 45
43 46
43 47
43 48
43 49
43 50
43 51
43 53
43 85
43 96
43 98
44 44
44 45
44 46
44 48
44 49
44 50
44 51
44 62
44 65
44 78
44 81
44 85
44 93
44 96
44 98
44 101
44 102
45 45
45 46
45 47
45 48
45 49
45 50
45 51
45 65
45 67
45 85
45 90
45 93
45 96
45 98
45 100
45 101
45 102
46 46
46 47
46 49
46 50
46 51
46 52
46 53
46 55
46 90
46 96
46 98
46 99
46 110
46 111
46 112
47 47
47 52
47 53
47 55
47 86
47 87
47 88
47 89
47 90
47 94
47 96
47 97
47 98
47 99
47 110
47 111
48 48
48 49
48 50
48 51
48 56
48 58
48 60
48 62
48 63
48 65
48 78
48 80
48 85
49 49
49 50
49 51
49 52
49 58
49 63
49 65
49 90
49 96
49 98
49 101
49 102
50 50
50 51
50 65
50 78
50 85
50 101
50 103
50 107
51 51
51 52
51 53
51 65
51 78
51 90
51 96
51 98
51 99
51 101
51 102
51 103
51 104
51 107
51 111
52 52
52 53
52 54
52 55
52 58
52 61
52 90
52 98
52 99
52 101
52 102
52 107
52 108
52 111
53 53
53 55
53 70
53 90
53 98
53 99
53 104
53 111
54 54
54 55
54 58
54 59
54 60
54 61
54 63
54 70
54 89
54 99
55 55
55 56
55 70
55 86
55 87
55 88
55 89
55 94
55 99
55 109
55 110
56 56
56 57
56 58
56 60
56 62
56 63
56 68
56 69
56 79
56 80
56 84
56 86
57 57
57 58
57 60
57 61
57 62
57 63
57 66
57 68
57 69
57 72
57 74
57 80
58 58
58 59
58 60
58 61
58 62
58 63
58 66
58 68
58 69
58 80
58 81
58 99
59 59
59 60
59 61
59 62
59 63
59 66
59 67
59 69
59 73
59 79
59 80
59 81
60 60
60 61
60 62
60 63
60 66
60 68
60 69
60 72
60 74
60 80
60 81
61 61
61 62
61 63
61 66
61 69
61 73
61 78
61 79
61 80
61 81
61 99
61 101
62 62
62 63
62 66
62 68
62 69
62 72
62 78
62 79
62 80
62 81
63 63
63 66
63 69
63 72
63 74
63 78
63 79
63 80
63 81
64 64
64 65
64 75
64 84
64 88
64 91
64 92
64 93
64 113
65 65
65 67
65 90
65 92
65 93
65 102
65 104
65 111
66 66
66 67
66 69
66 72
66 73
66 74
66 80
66 100
67 67
67 69
67 73
67 76
67 90
67 92
67 93
67 95
67 96
67 100
67 101
67 102
67 108
67 110
67 112
67 115
68 68
68 69
68 74
68 86
68 88
68 94
68 97
69 69
69 70
69 74
69 75
69 80
69 100
69 106
69 113
70 70
70 76
70 77
70 89
70 90
70 91
70 92
70 98
70 99
70 108
70 110
70 111
70 112
70 115
71 71
71 85
71 100
72 72
72 73
72 74
72 75
72 80
72 81
72 109
73 73
73 74
73 75
73 76
73 77
73 80
73 81
73 108
74 74
74 75
74 76
74 80
74 100
74 106
74 109
75 75
75 76
75 77
75 93
75 95
75 113
76 76
76 77
76 91
76 92
76 93
76 94
76 95
76 96
76 97
76 100
76 103
76 108
76 109
76 110
76 111
76 112
76 113
76 115
77 77
77 87
77 91
77 92
77 93
77 94
77 95
77 97
77 104
77 108
77 109
77 110
77 111
77 112
77 115
78 78
78 79
78 80
78 81
78 84
79 79
79 80
79 81
80 80
80 81
80 84
81 81
81 101
82 82
82 83
82 84
82 85
82 86
82 87
82 88
82 109
82 114
83 83
83 84
83 85
83 86
83 87
83 88
83 94
83 106
84 84
84 85
84 88
85 85
86 86
86 87
86 88
86 89
86 94
86 97
86 114
87 87
87 88
87 89
87 94
87 97
87 110
87 114
88 88
88 89
88 91
88 94
88 97
88 110
88 113
88 114
89 89
89 94
89 97
90 90
90 91
90 92
90 93
90 98
90 99
90 102
90 103
90 104
90 105
90 107
90 111
90 112
91 91
91 92
91 93
91 103
91 104
91 110
91 111
91 112
91 113
92 92
92 93
92 100
92 102
92 103
92 104
92 105
92 110
92 111
92 112
92 113
92 115
93 93
93 96
93 98
93 100
93 101
93 102
93 103
93 104
93 105
93 107
93 110
93 111
93 112
93 113
93 115
94 94
94 95
94 97
94 108
94 109
94 110
94 112
95 95
95 96
95 97
95 107
95 108
95 109
95 110
95 111
95 112
96 96
96 97
96 98
96 102
96 108
96 110
96 111
97 97
97 107
97 108
97 109
97 110
98 98
98 99
98 100
98 101
98 102
98 110
98 111
98 112
99 99
99 101
99 102
99 104
99 105
99 107
99 108
99 111
99 115
100 100
100 101
100 102
100 111
100 115
101 101
101 102
101 103
101 104
101 105
101 107
101 108
101 111
101 112
101 115
102 102
102 103
102 104
102 105
102 107
102 108
102 111
102 112
102 113
102 115
103 103
103 104
103 105
103 107
103 108
103 111
103 112
103 113
103 114
103 115
104 104
104 105
104 107
104 110
104 111
104 112
104 114
104 115
105 105
105 107
105 108
105 111
105 112
105 114
105 115
106 106
106 113
107 107
107 108
107 111
107 112
107 114
107 115
108 108
108 110
108 111
108 112
108 115
109 109
109 110
110 110
110 111
110 112
111 111
111 112
111 114
111 115
112 112
112 114
112 115
113 113
114 114
114 115
115 115
