0 0
0 2
0 3
0 4
0 5
0 6
0 7
0 18
0 19
0 22
0 23
0 30
0 32
0 33
0 56
0 67
0 68
0 88
0 89
0 91
0 93
0 105
1 1
1 2
1 3
1 7
1 9
1 10
1 11
1 13
1 16
1 17
1 23
1 31
1 33
1 35
1 58
1 60
1 61
1 63
1 64
1 65
1 67
1 77
1 78
1 88
2 2
2 3
2 4
2 5
2 6
2 7
2 9
2 11
2 13
2 18
2 19
2 22
2 23
2 24
2 30
2 31
2 33
2 35
2 64
2 65
2 67
2 68
2 70
2 88
2 93
2 106
3 3
3 5
3 6
3 7
3 13
3 18
3 19
3 22
3 23
3 24
3 25
3 30
3 31
3 38
3 56
3 64
3 70
3 73
3 78
3 84
3 88
3 89
4 4
4 5
4 7
4 8
4 18
4 19
4 20
4 22
4 24
4 26
4 30
4 58
4 65
4 69
4 70
5 5
5 7
5 9
5 18
5 19
5 20
5 21
5 22
5 23
5 24
5 25
5 26
5 27
5 30
5 31
5 39
5 70
5 86
5 88
5 89
5 96
5 110
6 6
6 7
6 13
6 18
6 19
6 30
6 31
6 32
6 33
6 60
6 67
6 88
6 93
7 7
7 9
7 11
7 13
7 18
7 19
7 22
7 23
7 24
7 25
7 30
7 31
7 33
7 35
7 38
7 54
7 58
7 60
7 64
7 65
7 67
7 70
7 78
7 88
7 89
8 8
8 12
8 14
8 15
8 20
8 21
8 26
8 28
8 41
8 60
8 69
9 9
9 11
9 13
9 20
9 23
9 24
9 33
9 35
9 58
9 60
9 64
9 65
9 67
9 68
9 69
9 75
9 88
9 93
10 10
10 11
10 12
10 13
10 14
10 16
10 17
10 20
10 30
10 36
10 54
10 60
10 61
10 63
10 65
10 70
10 73
10 76
10 82
10 83
10 84
10 85
10 89
11 11
11 12
11 13
11 17
11 22
11 23
11 24
11 25
11 30
11 31
11 35
11 50
11 60
11 64
11 65
11 67
11 82
11 83
11 84
11 85
11 86
11 88
12 12
12 13
12 14
12 15
12 16
12 20
12 28
12 34
12 36
12 40
12 60
12 62
12 63
12 64
12 65
12 71
12 72
12 73
12 82
12 83
12 85
12 102
13 13
13 17
13 23
13 24
13 25
13 30
13 31
13 35
13 60
13 64
13 65
13 67
13 70
13 82
13 83
13 84
13 85
13 88
14 14
14 15
14 20
14 21
14 26
14 28
14 36
14 40
14 61
14 62
14 63
14 71
14 72
14 73
14 80
14 82
14 83
14 85
14 87
14 114
15 15
15 16
15 17
15 21
15 26
15 27
15 28
15 29
15 36
15 37
15 41
15 62
15 63
15 69
15 71
15 72
15 74
15 75
15 79
15 80
15 83
15 101
15 102
16 16
16 17
16 19
16 28
16 33
16 36
16 56
16 62
16 63
16 71
16 72
16 73
16 74
16 75
16 76
16 77
16 80
16 81
16 82
16 83
16 102
16 104
17 17
17 57
17 60
17 63
17 65
17 73
17 74
17 76
17 78
17 80
17 81
17 83
17 102
17 103
18 18
18 19
18 20
18 21
18 22
18 23
18 26
18 31
18 33
18 38
18 68
18 69
18 88
18 89
18 93
18 105
19 19
19 20
19 23
19 24
19 30
19 31
19 33
19 38
19 68
19 69
19 70
19 71
19 88
19 89
19 105
20 20
20 21
20 22
20 24
20 25
20 26
20 27
20 28
20 30
20 31
20 38
20 40
20 68
20 70
20 71
20 73
20 75
20 80
20 82
20 83
20 89
20 109
21 21
21 26
21 27
21 28
21 29
21 36
21 37
21 40
21 41
21 46
21 68
21 71
21 72
21 74
21 75
21 80
21 87
21 94
21 95
21 99
22 22
22 23
22 24
22 25
22 26
22 27
22 30
22 31
22 54
22 57
22 64
22 70
22 73
22 78
22 84
22 86
22 88
22 110
22 111
23 23
23 24
23 25
23 30
23 31
23 35
23 56
23 64
23 67
23 70
23 78
23 84
23 88
23 110
24 24
24 25
24 30
24 31
24 35
24 36
24 38
24 40
24 54
24 64
24 65
24 70
24 73
24 78
24 84
24 89
24 110
25 25
25 27
25 30
25 31
25 35
25 36
25 39
25 40
25 64
25 70
25 73
25 78
25 83
25 84
25 85
25 108
25 110
26 26
26 27
26 37
26 41
26 42
26 46
26 47
26 82
26 83
26 87
26 96
26 98
26 99
26 110
26 111
26 112
26 113
27 27
27 29
27 37
27 39
27 41
27 42
27 43
27 46
27 47
27 82
27 83
27 87
27 94
27 96
27 98
27 99
27 110
27 111
27 112
28 28
28 29
28 36
28 37
28 38
28 40
28 41
28 60
28 62
28 69
28 71
28 72
28 74
28 75
28 80
28 81
28 83
28 95
28 101
28 114
29 29
29 32
29 33
29 34
29 37
29 41
29 42
29 43
29 44
29 45
29 46
29 47
29 48
29 49
29 51
29 53
29 55
29 66
29 68
29 69
29 71
29 72
29 74
29 75
29 77
29 79
29 90
29 91
29 98
29 99
29 101
29 102
30 30
30 31
30 36
30 38
30 39
30 40
30 54
30 64
30 65
30 70
30 73
30 78
30 83
30 84
30 88
30 89
30 110
31 31
31 35
31 36
31 38
31 39
31 64
31 65
31 70
31 71
31 73
31 78
31 83
31 84
31 88
31 97
31 109
32 32
32 33
32 37
32 41
32 52
32 56
32 58
32 59
32 62
32 66
32 71
32 74
32 77
32 79
32 80
32 90
32 91
32 105
32 106
33 33
33 35
33 37
33 41
33 62
33 66
33 67
33 68
33 69
33 71
33 74
33 75
33 77
33 80
33 88
33 93
33 105
33 106
34 34
34 37
34 41
34 42
34 43
34 44
34 46
34 47
34 48
34 49
34 50
34 51
34 53
34 55
34 76
34 79
34 85
34 95
34 96
34 98
34 102
34 103
34 108
35 35
35 58
35 60
35 64
35 65
35 67
35 77
35 88
35 110
36 36
36 37
36 38
36 40
36 41
36 62
36 63
36 71
36 72
36 73
36 74
36 76
36 80
36 81
36 82
36 83
36 84
36 85
36 94
36 95
36 108
36 113
36 114
37 37
37 39
37 40
37 41
37 42
37 46
37 47
37 53
37 55
37 71
37 72
37 74
37 75
37 77
37 79
37 80
37 94
37 99
37 113
38 38
38 39
38 40
38 54
38 56
38 58
38 60
38 70
38 73
38 77
38 84
38 86
38 88
38 89
38 105
39 39
39 83
39 89
39 94
39 96
39 97
39 110
40 40
40 41
40 60
40 62
40 70
40 71
40 72
40 73
40 74
40 80
40 81
40 82
40 83
40 85
40 95
40 108
40 113
40 114
40 115
41 41
41 51
41 53
41 66
41 69
41 71
41 74
41 75
41 77
41 79
41 80
41 113
42 42
42 43
42 44
42 45
42 46
42 47
42 48
42 49
42 50
42 51
42 52
42 53
42 55
42 79
42 87
42 90
42 91
42 92
42 94
42 95
42 96
42 98
42 99
42 101
42 108
42 111
42 112
42 113
43 43
43 44
43 45
43 46
43 47
43 48
43 49
43 50
43 51
43 53
43 55
43 86
43 87
43 90
43 91
43 92
43 94
43 95
43 96
43 98
43 99
43 100
43 101
43 108
43 111
43 112
43 113
44 44
44 45
44 46
44 47
44 48
44 49
44 50
44 51
44 52
44 53
44 55
44 79
44 87
44 90
44 91
44 92
44 95
44 96
44 98
44 99
44 100
44 101
44 102
44 103
44 108
44 111
45 45
45 46
45 47
45 48
45 49
45 50
45 51
45 53
45 55
45 66
45 67
45 69
45 79
45 92
45 96
45 98
45 99
45 100
45 101
45 106
46 46
46 47
46 48
46 49
46 50
46 51
46 52
46 53
46 55
46 79
46 87
46 90
46 91
46 92
46 94
46 96
46 98
46 99
46 101
46 110
46 111
46 112
46 113
47 47
47 48
47 49
47 50
47 51
47 52
47 53
47 55
47 87
47 90
47 91
47 92
47 94
47 95
47 96
47 97
47 98
47 99
47 101
47 108
47 110
47 111
47 112
47 113
48 48
48 49
48 50
48 51
48 52
48 53
48 55
48 90
48 91
48 92
48 96
48 98
48 99
48 100
48 101
48 102
48 103
48 107
48 111
49 49
49 50
49 51
49 52
49 53
49 55
49 59
49 61
49 66
49 79
49 90
49 91
49 92
49 96
49 98
49 99
49 100
49 101
49 102
49 103
49 111
50 50
50 51
50 52
50 53
50 55
50 85
50 87
50 92
50 95
50 96
50 98
50 99
50 101
50 108
50 111
51 51
51 52
51 53
51 55
51 61
51 79
51 87
51 90
51 91
51 92
51 95
51 96
51 98
51 99
51 100
51 101
51 111
51 112
52 52
52 53
52 55
52 58
52 62
52 66
52 87
52 90
52 91
52 98
52 99
52 101
53 53
53 55
53 79
53 87
53 90
53 91
53 92
53 96
53 98
53 99
53 101
53 111
53 112
53 113
54 54
54 70
54 73
54 86
54 89
54 90
54 110
55 55
55 87
55 90
55 91
55 92
55 94
55 95
55 96
55 97
55 98
55 99
55 101
55 111
55 112
56 56
56 57
56 58
56 59
56 78
56 80
56 81
56 105
56 106
56 109
57 57
57 59
57 61
57 63
57 76
57 78
57 80
57 81
57 84
57 111
57 112
57 113
58 58
58 59
58 60
58 61
58 62
58 63
58 65
58 66
58 67
58 88
58 106
59 59
59 61
59 63
59 66
59 102
59 103
59 104
59 105
59 106
60 60
60 61
60 62
60 63
60 64
60 65
60 70
60 75
60 77
60 88
61 61
61 63
61 65
61 73
61 98
61 102
62 62
62 63
62 71
62 72
62 74
62 75
62 80
62 81
62 114
63 63
63 65
63 73
63 75
63 76
63 77
63 80
63 81
63 83
63 100
63 102
63 103
63 104
64 64
64 65
64 67
64 70
64 78
64 83
64 84
64 85
64 88
65 65
65 67
65 70
65 75
65 77
65 88
65 100
66 66
66 67
66 69
66 79
66 100
66 102
66 103
66 104
66 105
66 106
66 107
67 67
67 68
67 69
67 88
67 93
67 105
67 106
68 68
68 69
68 71
68 89
68 93
68 105
69 69
69 93
69 115
70 70
70 72
70 73
70 76
70 78
70 89
71 71
71 72
71 74
71 75
71 77
71 79
71 80
71 109
72 72
72 73
72 74
72 75
72 76
72 78
72 80
72 81
72 114
73 73
73 76
73 78
73 80
73 81
73 83
73 84
73 89
73 104
74 74
74 75
74 76
74 77
74 78
74 79
74 80
74 81
74 83
75 75
75 77
75 80
75 109
76 76
76 77
76 78
76 80
76 81
76 83
76 85
76 104
77 77
77 79
77 88
77 89
77 106
77 109
78 78
78 80
78 81
78 84
78 94
79 79
79 91
79 101
79 105
79 106
80 80
80 81
80 83
80 113
80 114
81 81
81 83
81 85
81 102
81 103
81 104
81 114
82 82
82 83
82 84
82 85
82 86
82 87
83 83
83 84
83 85
83 87
83 94
83 95
83 108
83 114
84 84
84 85
84 86
84 88
84 89
85 85
85 87
85 108
85 114
86 86
86 88
86 89
87 87
87 92
87 94
87 98
87 99
87 113
87 114
88 88
88 89
88 106
89 89
90 90
90 91
90 92
90 96
90 98
90 99
90 101
90 106
90 107
90 111
90 112
91 91
91 92
91 93
91 98
91 99
91 101
91 105
91 106
91 107
91 111
91 112
91 113
92 92
92 93
92 96
92 98
92 99
92 100
92 101
92 107
92 111
92 112
93 93
93 101
93 105
93 106
93 107
93 112
94 94
94 95
94 96
94 97
94 98
94 99
94 108
94 111
95 95
95 96
95 97
95 98
95 99
95 101
95 102
95 103
95 108
95 109
95 111
95 112
95 113
95 114
95 115
96 96
96 97
96 98
96 99
96 108
96 110
96 111
96 112
97 97
97 98
97 99
97 108
97 109
97 110
97 111
97 112
97 113
97 115
98 98
98 99
98 100
98 101
98 108
98 111
98 112
98 113
99 99
99 101
99 108
99 111
99 112
99 113
100 100
100 101
100 102
100 103
100 104
100 106
100 107
101 101
101 102
101 103
101 104
101 107
101 111
101 112
102 102
102 103
102 104
102 106
102 107
102 108
102 114
102 115
103 103
103 104
103 106
103 107
103 115
104 104
104 105
104 107
104 114
104 115
105 105
105 114
106 106
106 107
107 107
108 108
108 109
108 111
108 112
108 113
108 114
108 115
109 109
109 110
109 111
109 115
110 110
110 111
110 112
111 111
111 112
111 113
111 115
112 112
112 113
112 114
112 115
113 113
113 114
113 115
114 114
114 115
115 115
