0 0
0 1
0 2
0 3
0 6
0 7
0 8
0 10
0 14
0 18
0 19
0 22
0 27
0 32
0 56
0 57
0 58
0 60
0 61
0 64
0 68
0 88
0 90
0 91
0 93
0 101
1 1
1 3
1 7
1 9
1 11
1 13
1 15
1 18
1 19
1 23
1 33
1 45
1 56
1 57
1 58
1 59
1 60
1 61
1 65
1 69
1 92
1 106
2 2
2 3
2 4
2 6
2 7
2 8
2 18
2 19
2 22
2 23
2 30
2 32
2 50
2 66
2 93
2 101
3 3
3 6
3 7
3 9
3 11
3 13
3 15
3 18
3 19
3 23
3 45
3 48
3 65
3 66
3 67
3 87
3 100
3 102
3 106
4 4
4 5
4 6
4 8
4 9
4 14
4 18
4 20
4 21
4 25
4 27
4 28
4 30
4 40
4 44
4 58
4 64
4 71
4 72
4 73
4 74
4 75
4 82
4 100
4 101
4 102
4 111
5 5
5 7
5 8
5 9
5 13
5 14
5 15
5 19
5 20
5 21
5 23
5 25
5 27
5 29
5 30
5 31
5 35
5 40
5 41
5 44
5 45
5 58
5 64
5 65
5 71
5 73
5 75
5 83
5 100
5 102
6 6
6 7
6 8
6 12
6 18
6 19
6 22
6 23
6 30
6 32
6 50
6 66
6 67
6 68
6 93
6 100
6 101
7 7
7 9
7 11
7 13
7 15
7 19
7 23
7 35
7 44
7 45
7 48
7 49
7 59
7 61
7 65
7 66
7 67
7 92
7 100
7 101
7 102
7 106
8 8
8 9
8 14
8 18
8 22
8 25
8 27
8 28
8 30
8 32
8 44
8 50
8 64
8 68
8 74
8 82
8 93
8 101
9 9
9 11
9 14
9 15
9 19
9 23
9 35
9 44
9 45
9 65
9 67
9 83
9 92
10 10
10 14
10 16
10 22
10 24
10 26
10 27
10 38
10 39
10 43
10 50
10 51
10 54
10 55
10 63
10 79
10 82
10 85
10 86
10 88
10 89
10 91
10 98
10 115
11 11
11 13
11 15
11 23
11 33
11 45
11 65
11 67
11 77
11 83
11 87
12 12
12 13
12 14
12 28
12 30
12 52
12 58
12 61
12 66
12 70
12 72
12 73
12 74
12 93
12 100
12 101
12 102
12 103
13 13
13 15
13 17
13 23
13 28
13 29
13 35
13 37
13 44
13 45
13 49
13 58
13 61
13 64
13 65
13 71
13 73
13 75
13 77
13 92
13 100
13 102
13 106
13 112
13 113
14 14
14 18
14 22
14 24
14 26
14 27
14 28
14 30
14 38
14 40
14 52
14 53
14 64
14 74
14 82
14 84
14 88
14 93
15 15
15 19
15 21
15 23
15 25
15 29
15 37
15 38
15 39
15 41
15 58
15 61
15 64
15 65
15 69
15 83
15 100
15 102
15 113
16 16
16 18
16 22
16 26
16 27
16 38
16 40
16 53
16 54
16 56
16 57
16 62
16 63
16 68
16 74
16 76
16 78
16 79
16 80
16 82
16 84
16 85
16 88
16 89
16 91
16 93
16 109
17 17
17 29
17 37
17 38
17 39
17 41
17 49
17 51
17 55
17 56
17 57
17 62
17 63
17 71
17 73
17 74
17 75
17 76
17 77
17 78
17 80
17 81
17 91
17 95
17 98
17 99
18 18
18 19
18 22
18 27
18 32
18 56
18 60
18 64
18 68
18 82
18 84
18 88
18 93
19 19
19 22
19 23
19 32
19 33
19 56
19 57
19 58
19 59
19 60
19 61
19 64
19 65
19 66
19 67
19 68
19 69
19 83
19 100
20 20
20 21
20 24
20 25
20 28
20 29
20 30
20 31
20 36
20 37
20 38
20 39
20 40
20 41
20 42
20 46
20 47
20 70
20 71
20 72
20 73
20 74
20 75
20 76
20 79
20 81
20 98
20 109
21 21
21 24
21 25
21 26
21 27
21 29
21 30
21 31
21 36
21 37
21 38
21 39
21 40
21 41
21 71
21 73
21 75
21 85
21 112
22 22
22 26
22 27
22 30
22 32
22 50
22 53
22 60
22 64
22 82
22 84
22 88
22 93
23 23
23 31
23 35
23 45
23 64
23 65
23 87
23 100
24 24
24 25
24 26
24 27
24 30
24 34
24 38
24 43
24 46
24 47
24 51
24 53
24 54
24 55
24 63
24 79
24 82
24 85
24 88
24 89
24 91
24 96
24 98
25 25
25 26
25 27
25 29
25 30
25 31
25 36
25 37
25 38
25 39
25 40
25 41
25 71
25 75
25 81
26 26
26 27
26 38
26 39
26 43
26 47
26 50
26 51
26 52
26 53
26 63
26 82
26 84
26 85
26 86
26 87
26 88
26 89
26 91
26 98
27 27
27 38
27 39
27 40
27 41
27 50
27 52
27 53
27 56
27 63
27 82
27 84
27 85
27 87
27 88
27 89
28 28
28 29
28 30
28 31
28 36
28 40
28 41
28 70
28 71
28 72
28 73
28 74
28 75
28 76
28 77
28 80
28 81
28 82
28 84
28 95
28 109
28 110
28 112
29 29
29 31
29 35
29 36
29 37
29 39
29 40
29 41
29 44
29 49
29 58
29 61
29 65
29 71
29 72
29 73
29 74
29 75
29 76
29 77
29 78
29 80
29 81
29 95
29 100
29 102
29 109
29 112
30 30
30 31
30 40
30 44
30 64
30 70
30 71
30 72
30 74
30 75
30 76
30 82
30 83
30 100
30 109
31 31
31 40
31 44
31 45
31 64
31 70
31 71
31 75
31 82
31 83
31 87
31 100
31 109
32 32
32 33
32 50
32 56
32 60
32 64
32 68
32 80
32 81
33 33
33 35
33 44
33 45
33 48
33 60
33 64
33 65
33 69
33 80
33 81
33 83
33 108
34 34
34 35
34 46
34 54
34 55
34 66
34 67
34 94
34 96
34 97
34 98
34 104
34 105
34 106
34 107
34 111
34 114
35 35
35 42
35 44
35 45
35 46
35 47
35 48
35 49
35 65
35 66
35 67
35 70
35 71
35 73
35 77
35 110
35 111
36 36
36 37
36 38
36 39
36 40
36 41
36 54
36 62
36 72
36 73
36 74
36 75
36 76
36 77
36 80
36 81
36 84
36 85
36 94
36 95
36 96
36 97
36 99
36 108
36 109
36 112
37 37
37 38
37 39
37 40
37 41
37 49
37 54
37 55
37 62
37 63
37 73
37 75
37 76
37 77
37 78
37 80
37 81
37 94
37 95
37 96
37 98
37 99
37 108
37 109
37 112
37 113
37 115
38 38
38 39
38 40
38 41
38 54
38 55
38 62
38 63
38 75
38 76
38 82
38 84
38 85
38 88
38 89
38 94
38 95
38 98
38 99
38 108
38 109
38 112
38 113
39 39
39 40
39 41
39 55
39 62
39 63
39 71
39 73
39 74
39 75
39 76
39 77
39 78
39 79
39 94
39 95
39 96
39 98
39 99
39 109
39 112
39 113
39 115
40 40
40 41
40 53
40 71
40 72
40 73
40 74
40 75
40 76
40 80
40 81
40 82
40 83
40 84
40 85
40 95
40 109
40 112
41 41
41 49
41 55
41 62
41 73
41 74
41 75
41 76
41 77
41 80
41 83
41 94
41 95
41 99
41 108
41 109
41 113
42 42
42 43
42 44
42 46
42 47
42 48
42 50
42 51
42 52
42 70
42 71
42 78
42 79
42 98
43 43
43 45
43 46
43 47
43 50
43 51
43 55
43 78
43 79
43 85
43 86
43 87
43 96
43 98
43 99
44 44
44 45
44 48
44 49
44 50
44 64
44 65
44 66
44 67
45 45
45 48
45 49
45 50
45 65
45 66
45 67
45 83
45 100
46 46
46 47
46 51
46 52
46 53
46 55
46 70
46 71
46 72
46 73
46 74
46 75
46 76
46 77
46 78
46 79
46 96
46 97
46 98
46 109
46 110
46 111
47 47
47 51
47 70
47 71
47 77
47 78
47 79
47 85
47 86
47 96
47 97
47 98
47 109
47 110
48 48
48 49
48 50
48 51
48 64
48 65
48 66
48 67
49 49
49 51
49 58
49 64
49 65
49 66
49 73
49 75
49 100
49 102
50 50
50 51
50 64
50 67
50 85
50 87
50 88
51 51
51 55
51 62
51 63
51 78
51 85
51 86
51 89
51 91
51 96
51 98
51 99
51 115
52 52
52 53
52 58
52 60
52 61
52 63
52 68
52 74
52 79
52 81
52 90
52 101
52 102
53 53
53 68
53 74
53 79
53 80
53 81
53 82
53 84
53 85
53 93
54 54
54 55
54 79
54 88
54 89
54 90
54 91
54 93
54 94
54 95
54 96
54 97
54 98
54 99
54 103
54 104
54 105
54 107
54 108
54 113
54 115
55 55
55 63
55 79
55 88
55 89
55 90
55 91
55 94
55 95
55 96
55 98
55 99
55 104
55 105
55 107
55 113
55 115
56 56
56 57
56 58
56 60
56 62
56 63
56 68
56 78
56 89
56 90
56 91
56 99
56 107
57 57
57 59
57 61
57 62
57 63
57 68
57 69
57 78
57 79
57 90
57 91
57 107
57 114
58 58
58 59
58 60
58 61
58 64
58 66
58 68
58 69
58 80
58 81
58 90
58 92
58 100
58 101
58 102
58 103
59 59
59 61
59 65
59 66
59 67
59 68
59 69
59 81
59 90
59 92
59 100
59 101
59 102
59 103
59 106
59 107
60 60
60 61
60 63
60 64
60 68
60 90
61 61
61 63
61 64
61 65
61 66
61 68
61 69
61 90
61 92
61 100
61 102
61 103
61 106
62 62
62 63
62 74
62 75
62 76
62 78
62 79
62 80
62 81
62 84
62 85
62 89
63 63
63 78
63 79
63 81
63 88
63 90
63 91
63 98
63 99
63 115
64 64
64 65
64 66
65 65
65 66
65 67
65 69
65 100
65 106
65 108
66 66
66 67
66 68
66 69
66 101
66 103
66 106
67 67
67 69
67 92
67 106
67 110
68 68
68 69
68 74
68 80
68 90
68 91
68 93
68 101
68 107
69 69
69 80
69 83
69 94
69 108
70 70
70 71
70 72
70 73
70 74
70 75
70 76
70 77
70 78
70 97
70 99
70 105
70 109
70 110
70 111
71 71
71 72
71 73
71 74
71 75
71 76
71 77
71 97
71 100
71 102
71 109
71 110
72 72
72 73
72 74
72 75
72 76
72 77
72 78
72 80
72 81
72 95
72 100
72 101
72 102
72 109
72 110
72 111
72 114
73 73
73 74
73 75
73 76
73 77
73 78
73 79
73 80
73 81
73 95
73 100
73 102
73 109
73 110
73 111
73 112
73 114
74 74
74 75
74 76
74 77
74 78
74 80
74 81
74 82
74 84
74 109
74 110
75 75
75 76
75 77
75 78
75 80
75 81
75 95
75 109
76 76
76 77
76 78
76 79
76 80
76 81
76 84
76 95
76 97
76 109
76 110
76 112
77 77
77 78
77 80
77 94
77 95
77 97
77 108
77 109
77 110
77 111
78 78
78 79
78 80
78 81
78 95
78 98
78 99
78 109
78 115
79 79
79 81
79 95
79 98
79 99
79 115
80 80
80 81
80 84
80 95
80 109
81 81
81 95
81 102
81 109
82 82
82 83
82 84
82 85
82 86
82 88
82 89
82 93
82 109
83 83
83 84
83 85
83 86
83 87
83 89
83 109
84 84
84 85
84 88
84 89
84 109
85 85
85 87
85 88
85 89
85 96
86 86
86 87
86 91
86 93
86 101
87 87
87 89
87 91
87 100
88 88
88 89
88 91
88 93
88 96
88 105
89 89
89 91
89 96
89 98
89 99
90 90
90 91
90 92
90 93
90 98
90 101
90 102
90 103
90 104
90 106
90 107
90 111
91 91
91 92
91 93
91 98
91 101
91 104
92 92
92 93
92 100
92 101
92 102
92 103
92 104
93 93
93 101
93 103
93 104
93 105
94 94
94 95
94 96
94 97
94 98
94 99
94 103
94 104
94 107
94 108
94 112
94 113
94 115
95 95
95 96
95 97
95 98
95 99
95 105
95 108
95 109
95 112
95 113
95 115
96 96
96 97
96 98
96 99
96 104
96 105
96 108
96 109
96 110
96 111
96 112
97 97
97 105
97 108
97 109
97 110
97 111
97 112
97 114
98 98
98 99
98 104
98 108
98 112
98 113
98 115
99 99
99 103
99 104
99 105
99 107
99 108
99 111
99 112
99 113
99 115
100 100
100 101
100 102
100 112
101 101
101 102
101 103
102 102
102 103
102 112
102 113
103 103
103 104
103 105
103 106
103 107
103 111
103 113
104 104
104 105
104 111
104 113
104 115
105 105
105 113
105 114
106 106
106 107
106 111
107 107
107 108
108 108
108 109
108 111
108 112
108 113
109 109
109 110
109 112
110 110
110 111
110 114
111 111
111 112
112 112
112 113
113 113
113 115
114 114
115 115
