0 0
0 1
0 10
0 11
0 12
0 13
0 14
0 15
0 16
0 18
0 19
0 56
0 57
0 58
0 60
0 62
0 68
0 76
0 77
0 82
0 83
0 89
1 1
1 12
1 14
1 15
1 16
1 17
1 18
1 19
1 41
1 56
1 57
1 62
1 68
1 76
1 82
1 83
1 86
2 2
2 3
2 4
2 5
2 6
2 7
2 8
2 18
2 19
2 22
2 23
2 24
2 25
2 26
2 27
2 30
2 34
2 53
2 66
2 67
2 69
2 70
2 71
2 77
2 91
2 102
3 3
3 4
3 5
3 6
3 7
3 8
3 9
3 18
3 19
3 22
3 23
3 24
3 25
3 27
3 34
3 35
3 45
3 58
3 60
3 61
3 64
3 65
3 69
3 75
3 89
3 90
3 91
3 92
4 4
4 5
4 8
4 9
4 14
4 22
4 23
4 24
4 25
4 26
4 27
4 30
4 35
4 45
4 50
4 58
4 60
4 61
4 64
4 65
4 66
4 67
4 71
4 75
4 88
5 5
5 6
5 7
5 8
5 9
5 22
5 23
5 24
5 25
5 26
5 27
5 30
5 31
5 32
5 33
5 35
5 42
5 43
5 44
5 45
5 47
5 50
5 60
5 65
5 66
5 67
5 70
5 71
6 6
6 7
6 8
6 18
6 19
6 22
6 32
6 33
6 60
6 62
6 66
6 71
6 82
6 90
6 91
6 92
7 7
7 8
7 9
7 11
7 12
7 35
7 44
7 45
7 58
7 60
7 61
7 65
7 66
7 67
7 71
7 89
7 90
7 91
7 92
8 8
8 9
8 14
8 24
8 34
8 35
8 45
8 58
8 60
8 61
8 65
8 66
8 67
8 88
8 90
8 91
8 92
9 9
9 22
9 27
9 34
9 35
9 45
9 47
9 50
9 58
9 59
9 60
9 61
9 64
9 65
9 66
9 67
9 69
9 89
9 90
9 91
9 92
9 103
10 10
10 11
10 12
10 13
10 16
10 17
10 29
10 32
10 33
10 63
10 74
10 78
10 80
10 81
11 11
11 12
11 13
11 14
11 15
11 28
11 29
11 58
11 60
11 61
11 65
11 82
11 83
11 95
11 100
12 12
12 13
12 14
12 15
12 16
12 59
12 60
12 61
12 63
12 72
12 80
12 88
12 89
12 90
12 92
13 13
13 14
13 15
13 16
13 17
13 28
13 29
13 32
13 40
13 56
13 60
13 61
13 63
13 72
13 73
13 74
13 78
13 80
13 81
13 83
14 14
14 15
14 16
14 52
14 56
14 58
14 60
14 61
14 62
14 63
14 70
14 71
14 73
14 75
14 76
14 82
14 83
14 88
14 95
15 15
15 17
15 28
15 29
15 36
15 40
15 52
15 56
15 60
15 61
15 62
15 63
15 72
15 83
15 86
15 88
15 89
15 92
15 95
16 16
16 17
16 28
16 29
16 32
16 33
16 40
16 56
16 57
16 62
16 63
16 72
16 74
16 76
16 78
16 79
16 80
16 81
16 84
16 86
16 111
16 114
17 17
17 28
17 29
17 32
17 36
17 37
17 39
17 40
17 46
17 56
17 57
17 62
17 63
17 72
17 74
17 78
17 79
17 80
17 81
17 82
17 83
17 84
17 85
17 86
17 87
17 94
17 96
17 97
17 98
17 109
17 114
18 18
18 19
18 22
18 26
18 66
18 68
18 69
18 82
18 87
18 90
18 91
18 102
19 19
19 22
19 23
19 34
19 53
19 64
19 66
19 68
19 69
19 82
19 89
19 90
19 91
19 92
19 93
19 106
20 20
20 21
20 24
20 25
20 26
20 28
20 29
20 31
20 36
20 37
20 38
20 39
20 41
20 46
20 54
20 55
20 78
20 81
20 83
20 85
20 87
20 94
20 96
20 97
20 101
20 108
20 109
20 110
21 21
21 22
21 23
21 24
21 25
21 26
21 27
21 28
21 29
21 30
21 31
21 36
21 37
21 38
21 39
21 40
21 41
21 46
21 55
21 78
21 79
21 81
21 83
21 87
21 94
21 96
21 97
21 108
21 109
21 110
22 22
22 23
22 24
22 25
22 26
22 27
22 30
22 31
22 50
22 64
22 65
22 70
22 71
22 73
22 75
23 23
23 24
23 25
23 26
23 27
23 30
23 31
23 50
23 64
23 65
23 75
23 107
24 24
24 25
24 26
24 27
24 30
24 31
24 35
24 44
24 45
24 50
24 65
24 71
25 25
25 26
25 27
25 30
25 31
25 36
25 38
25 39
25 55
25 78
25 87
25 94
25 96
25 109
26 26
26 27
26 31
26 37
26 38
26 39
26 54
26 55
26 64
26 65
26 68
26 69
26 87
26 94
26 101
26 108
26 109
27 27
27 30
27 31
27 34
27 35
27 38
27 50
27 58
27 64
27 65
27 67
27 70
27 71
27 77
28 28
28 29
28 30
28 31
28 32
28 36
28 37
28 39
28 40
28 41
28 72
28 73
28 74
28 76
28 78
28 79
28 80
28 81
28 82
28 83
28 84
28 86
28 94
28 97
28 109
28 112
28 114
29 29
29 30
29 31
29 36
29 37
29 39
29 40
29 41
29 46
29 72
29 73
29 74
29 76
29 78
29 79
29 80
29 81
29 82
29 83
29 84
29 86
29 87
29 94
29 95
29 96
29 97
29 109
29 110
30 30
30 31
30 32
30 33
30 37
30 40
30 70
30 71
30 72
30 73
30 74
30 75
30 76
31 31
31 33
31 37
31 40
31 72
31 73
31 74
31 78
31 79
31 81
31 112
32 32
32 33
32 42
32 44
32 49
32 56
32 62
32 63
32 72
32 73
32 74
32 76
32 78
32 79
32 80
32 84
32 107
32 114
32 115
33 33
33 56
33 62
33 63
33 72
33 74
33 78
33 79
33 80
33 81
33 84
33 105
33 107
33 111
33 112
33 114
33 115
34 34
34 35
34 45
34 47
34 64
34 66
34 67
34 71
34 77
34 89
34 91
34 99
35 35
35 43
35 44
35 45
35 47
35 48
35 50
35 51
35 58
35 59
35 60
35 61
35 65
35 66
35 67
35 69
35 89
35 90
35 91
35 92
35 101
35 102
35 104
35 113
36 36
36 37
36 38
36 39
36 40
36 41
36 46
36 52
36 54
36 55
36 57
36 72
36 78
36 79
36 80
36 81
36 83
36 85
36 86
36 87
36 94
36 96
36 97
36 98
36 108
36 109
36 110
37 37
37 38
37 39
37 40
37 41
37 46
37 52
37 54
37 55
37 57
37 68
37 72
37 74
37 76
37 77
37 78
37 79
37 81
37 86
37 87
37 94
37 96
37 97
37 108
37 109
38 38
38 39
38 40
38 41
38 46
38 54
38 55
38 57
38 77
38 86
38 87
38 94
38 96
38 97
38 101
38 108
38 109
38 110
39 39
39 40
39 41
39 46
39 54
39 55
39 78
39 79
39 81
39 83
39 85
39 86
39 87
39 94
39 96
39 97
39 98
39 108
39 109
39 110
40 40
40 41
40 42
40 46
40 54
40 55
40 57
40 72
40 73
40 74
40 76
40 78
40 79
40 80
40 81
40 84
40 85
40 86
40 94
40 95
40 96
40 97
40 109
40 111
40 112
41 41
41 54
41 55
41 57
41 68
41 72
41 74
41 76
41 77
41 81
41 83
41 86
41 87
41 88
41 94
41 95
41 96
41 97
41 109
42 42
42 43
42 44
42 45
42 47
42 48
42 49
42 50
42 67
42 101
42 102
42 104
42 105
42 107
42 110
42 111
42 113
42 114
43 43
43 44
43 45
43 47
43 49
43 50
43 51
43 67
43 101
43 102
43 104
43 110
43 111
43 113
44 44
44 45
44 47
44 48
44 49
44 50
44 51
44 53
44 64
44 66
44 67
44 71
44 99
44 104
44 105
44 107
44 110
44 111
44 113
44 114
45 45
45 47
45 49
45 50
45 53
45 61
45 64
45 65
45 66
45 67
45 69
45 92
45 101
45 104
45 107
45 110
46 46
46 49
46 51
46 54
46 55
46 72
46 78
46 79
46 80
46 81
46 84
46 85
46 86
46 94
46 96
46 97
46 98
46 107
46 109
46 110
46 111
46 112
46 114
47 47
47 49
47 50
47 51
47 53
47 66
47 67
47 69
47 77
47 101
47 104
47 105
47 107
47 110
47 113
48 48
48 50
48 58
48 59
48 71
48 105
48 113
48 115
49 49
49 51
49 53
49 57
49 99
49 101
49 104
49 105
49 107
49 110
49 111
50 50
50 51
50 59
50 60
50 64
50 65
50 66
50 67
50 70
50 71
50 105
50 107
50 110
50 111
50 115
51 51
51 53
51 54
51 84
51 91
51 98
51 99
51 101
51 103
51 107
51 113
51 114
52 52
52 54
52 56
52 58
52 59
52 62
52 77
52 83
52 103
53 53
53 69
53 91
53 99
53 101
53 105
53 107
54 54
54 55
54 59
54 87
54 88
54 89
54 94
54 96
54 97
54 103
54 108
54 109
54 110
55 55
55 57
55 68
55 69
55 81
55 86
55 87
55 94
55 96
55 97
55 98
55 101
55 102
55 103
55 108
55 109
55 110
56 56
56 57
56 60
56 62
56 63
56 68
56 76
56 80
56 89
56 111
57 57
57 68
57 80
57 81
57 96
57 101
57 110
57 111
58 58
58 59
58 60
58 61
58 65
58 66
58 77
58 88
58 89
58 90
58 91
58 92
58 106
59 59
59 60
59 61
59 65
59 66
59 67
59 69
59 90
59 91
59 92
59 99
60 60
60 61
60 62
60 63
60 65
60 75
60 88
60 89
60 90
60 91
60 92
61 61
61 63
61 65
61 88
61 89
61 90
61 91
61 92
62 62
62 63
62 71
62 74
62 76
62 80
62 82
62 83
62 84
62 105
62 111
62 114
63 63
63 72
63 76
63 78
63 79
63 80
63 81
63 84
63 105
63 111
63 112
63 113
63 114
63 115
64 64
64 65
64 67
64 107
64 114
65 65
65 67
65 89
65 91
65 92
66 66
66 67
66 69
66 71
66 90
66 91
66 92
66 102
66 104
66 106
67 67
67 69
67 90
67 91
67 92
67 102
67 104
68 68
68 69
68 87
68 108
68 111
69 69
69 89
69 90
69 91
69 92
69 93
69 99
69 102
69 106
69 108
70 70
70 71
70 73
70 74
70 75
70 76
70 77
70 95
71 71
71 73
71 75
71 76
71 77
72 72
72 73
72 74
72 76
72 78
72 79
72 80
72 81
72 84
72 86
72 97
72 109
72 110
72 111
72 112
72 114
72 115
73 73
73 74
73 75
73 76
73 77
73 95
74 74
74 75
74 76
74 78
74 79
74 80
74 81
74 84
74 86
74 95
75 75
75 76
75 77
75 95
76 76
76 77
76 82
76 95
76 111
76 115
77 77
77 95
78 78
78 79
78 80
78 81
78 84
78 86
78 94
78 96
78 97
78 107
78 109
78 110
78 112
78 114
79 79
79 80
79 81
79 84
79 85
79 86
79 94
79 96
79 97
79 98
79 107
79 109
79 110
79 112
79 114
79 115
80 80
80 81
80 84
80 85
80 86
80 97
80 109
80 110
80 111
80 112
80 114
80 115
81 81
81 83
81 84
81 85
81 86
81 87
81 94
81 96
81 97
81 98
81 108
81 109
81 110
81 112
81 114
81 115
82 82
82 83
82 86
82 97
82 98
82 100
83 83
83 86
83 87
83 94
83 96
83 97
83 108
83 109
84 84
84 85
84 107
84 109
84 110
84 111
84 112
84 114
84 115
85 85
85 86
85 87
85 94
85 96
85 97
85 98
85 109
85 110
85 114
86 86
86 87
86 94
86 96
86 97
86 98
86 109
87 87
87 94
87 96
87 97
87 98
87 100
87 102
87 108
87 109
88 88
88 89
88 90
89 89
89 90
89 91
89 92
89 93
89 103
90 90
90 91
90 92
90 93
90 98
90 99
90 100
90 102
90 106
90 108
91 91
91 92
91 93
91 98
91 99
91 100
91 106
92 92
92 93
92 95
92 99
92 100
92 102
92 106
93 93
93 98
93 99
93 100
93 104
93 105
94 94
94 96
94 97
94 98
94 108
94 109
94 110
94 114
95 95
95 100
95 102
96 96
96 97
96 98
96 101
96 108
96 109
96 110
96 114
97 97
97 98
97 100
97 108
97 109
97 110
98 98
98 99
98 100
98 101
98 108
98 109
99 99
99 100
99 101
99 107
99 111
99 114
100 100
100 102
101 101
101 110
102 102
102 104
102 106
102 110
103 103
104 104
104 105
104 107
104 110
104 111
104 112
104 114
105 105
105 107
105 112
105 113
105 114
105 115
106 106
106 108
107 107
107 110
107 111
107 112
107 114
107 115
108 108
108 109
108 110
108 112
109 109
109 110
109 114
109 115
110 110
110 112
110 113
110 114
111 111
111 112
111 113
111 114
111 115
112 112
112 114
112 115
113 113
113 114
113 115
114 114
114 115
115 115
