0 0
0 1
0 16
0 17
0 18
0 19
0 28
0 29
0 32
0 40
0 56
0 57
0 72
0 78
0 80
0 99
0 107
0 108
0 109
0 111
1 1
1 16
1 17
1 19
1 29
1 32
1 33
1 40
1 56
1 57
1 63
1 68
1 69
1 72
1 78
1 79
1 80
1 81
1 85
1 98
1 99
1 111
1 112
2 2
2 3
2 4
2 5
2 6
2 7
2 8
2 9
2 10
2 12
2 14
2 15
2 22
2 23
2 26
2 30
2 31
2 34
2 50
2 60
2 61
2 62
2 64
2 65
2 84
2 88
2 89
3 3
3 4
3 5
3 6
3 7
3 8
3 9
3 14
3 15
3 18
3 19
3 22
3 23
3 26
3 27
3 48
3 50
3 53
3 54
3 55
3 82
3 84
3 85
3 87
3 88
4 4
4 5
4 6
4 8
4 9
4 12
4 14
4 15
4 22
4 23
4 24
4 26
4 27
4 38
4 48
4 54
4 55
4 60
4 64
4 65
4 82
4 84
4 86
4 87
4 88
4 89
4 92
5 5
5 6
5 8
5 9
5 12
5 14
5 15
5 21
5 22
5 23
5 24
5 26
5 27
5 38
5 48
5 50
5 54
5 55
5 65
5 82
5 84
5 88
5 89
6 6
6 7
6 8
6 9
6 10
6 11
6 12
6 13
6 15
6 22
6 23
6 26
6 30
6 31
6 34
6 50
6 60
6 61
6 62
6 64
6 84
7 7
7 8
7 9
7 10
7 11
7 12
7 13
7 15
7 22
7 23
7 30
7 31
7 33
7 50
7 53
7 60
7 61
7 63
7 64
7 65
8 8
8 9
8 10
8 11
8 12
8 13
8 14
8 15
8 22
8 23
8 28
8 30
8 31
8 35
8 40
8 49
8 54
8 61
8 65
8 82
8 83
8 86
8 87
8 88
8 89
9 9
9 12
9 14
9 15
9 22
9 23
9 26
9 30
9 31
9 35
9 64
9 82
9 89
9 92
10 10
10 11
10 12
10 13
10 23
10 28
10 30
10 31
10 50
10 52
10 60
10 61
10 62
10 63
10 64
10 84
10 85
11 11
11 12
11 13
11 48
11 50
11 51
11 52
11 53
11 60
11 61
11 62
11 63
11 85
12 12
12 13
12 14
12 15
12 22
12 23
12 48
12 50
12 52
12 53
12 54
12 55
12 60
12 61
12 64
12 65
12 89
13 13
13 35
13 48
13 50
13 51
13 52
13 58
13 60
13 61
13 63
13 65
13 67
13 85
13 97
14 14
14 15
14 22
14 23
14 26
14 28
14 30
14 36
14 37
14 38
14 40
14 54
14 82
14 83
14 84
14 86
14 87
14 88
14 89
14 94
15 15
15 21
15 22
15 23
15 25
15 26
15 27
15 38
15 54
15 55
15 64
15 65
15 82
15 83
15 84
15 85
15 86
15 87
15 88
15 89
16 16
16 17
16 19
16 28
16 29
16 32
16 33
16 40
16 41
16 49
16 51
16 53
16 56
16 57
16 63
16 72
16 73
16 74
16 78
16 79
16 80
16 81
16 98
16 99
16 111
16 112
17 17
17 28
17 29
17 33
17 40
17 41
17 49
17 53
17 56
17 57
17 63
17 71
17 72
17 73
17 74
17 76
17 77
17 78
17 79
17 80
17 81
17 112
17 113
18 18
18 19
18 20
18 21
18 26
18 29
18 36
18 39
18 40
18 41
18 56
18 68
18 72
18 73
18 74
18 78
18 80
18 83
18 90
18 95
18 102
18 108
19 19
19 20
19 21
19 29
19 36
19 39
19 40
19 41
19 56
19 59
19 68
19 69
19 80
19 90
19 91
19 98
19 108
19 112
20 20
20 21
20 24
20 25
20 27
20 39
20 41
20 56
20 68
20 69
20 90
20 91
20 94
20 96
20 98
20 99
20 100
20 112
21 21
21 22
21 24
21 25
21 26
21 27
21 36
21 38
21 39
21 40
21 41
21 54
21 68
21 69
21 82
21 83
21 86
21 87
21 88
21 89
21 90
21 91
21 92
21 94
21 96
21 98
21 100
21 108
22 22
22 23
22 24
22 25
22 26
22 27
22 38
22 50
22 54
22 55
22 60
22 64
22 65
22 84
22 88
22 89
22 92
23 23
23 24
23 25
23 26
23 38
23 54
23 60
23 61
23 64
23 65
23 67
23 82
23 84
23 88
23 89
23 92
23 93
24 24
24 25
24 26
24 27
24 36
24 38
24 39
24 41
24 44
24 54
24 58
24 59
24 65
24 82
24 87
24 88
24 89
24 90
24 91
24 94
24 96
24 100
24 102
24 104
24 106
24 115
25 25
25 26
25 27
25 38
25 39
25 54
25 65
25 88
25 89
25 90
25 92
25 94
25 96
25 100
25 105
26 26
26 27
26 38
26 39
26 54
26 55
26 65
26 82
26 83
26 84
26 86
26 88
26 89
27 27
27 38
27 39
27 40
27 54
27 55
27 57
27 84
27 85
27 86
27 87
27 88
27 89
27 94
27 96
28 28
28 29
28 30
28 31
28 32
28 33
28 40
28 49
28 52
28 62
28 63
28 70
28 72
28 74
28 76
28 80
28 81
28 82
28 83
28 86
28 101
28 109
29 29
29 31
29 32
29 33
29 40
29 41
29 46
29 49
29 59
29 63
29 72
29 73
29 74
29 75
29 76
29 78
29 79
29 80
29 81
29 83
29 98
29 101
29 112
30 30
30 31
30 34
30 62
30 64
30 70
31 31
31 32
31 33
31 34
31 62
31 64
31 70
32 32
32 33
32 34
32 51
32 52
32 53
32 56
32 57
32 62
32 63
32 68
32 72
32 73
32 74
32 78
32 80
32 81
32 95
32 97
32 99
32 109
32 111
32 112
32 114
33 33
33 34
33 50
33 51
33 52
33 53
33 56
33 57
33 62
33 63
33 72
33 73
33 74
33 78
33 79
33 80
33 81
33 99
33 112
34 34
34 35
34 50
34 60
34 62
34 63
34 64
34 97
34 111
34 113
34 114
34 115
35 35
35 46
35 48
35 60
35 61
35 65
35 66
35 67
35 71
35 73
35 76
35 77
35 79
35 96
36 36
36 37
36 38
36 39
36 40
36 41
36 54
36 59
36 67
36 68
36 69
36 76
36 77
36 79
36 82
36 83
36 86
36 87
36 88
36 90
36 91
36 92
36 93
36 94
36 96
36 98
36 100
36 101
36 102
36 103
36 104
36 105
37 37
37 39
37 40
37 68
37 71
37 73
37 76
37 77
37 79
37 86
37 90
37 91
37 94
37 95
37 109
38 38
38 39
38 40
38 41
38 44
38 45
38 54
38 55
38 59
38 65
38 69
38 82
38 83
38 86
38 87
38 88
38 89
38 90
38 94
38 96
38 100
38 105
38 108
39 39
39 40
39 41
39 46
39 47
39 54
39 55
39 59
39 68
39 69
39 83
39 87
39 88
39 90
39 91
39 94
39 96
39 98
39 100
39 108
40 40
40 54
40 56
40 57
40 59
40 82
40 83
40 86
40 87
40 90
40 94
40 98
40 100
41 41
41 44
41 45
41 47
41 51
41 56
41 59
41 68
41 72
41 73
41 74
41 75
41 76
41 77
41 78
41 79
41 80
41 81
41 90
41 91
41 96
41 98
41 99
41 108
41 112
42 42
42 43
42 46
42 47
42 53
42 56
42 62
42 63
42 72
42 78
42 80
42 81
42 96
42 99
42 110
42 113
43 43
43 45
43 46
43 47
43 62
43 63
43 78
43 79
43 80
43 81
43 96
43 110
44 44
44 45
44 48
44 49
44 51
44 58
44 59
44 66
44 67
44 93
44 101
44 103
44 106
45 45
45 48
45 49
45 51
45 58
45 59
45 67
45 72
45 82
45 90
45 93
45 101
45 102
45 103
45 104
45 106
45 107
46 46
46 47
46 55
46 77
46 78
46 79
46 81
46 96
46 98
46 110
47 47
47 53
47 55
47 70
47 73
47 78
47 79
47 80
47 81
47 91
47 96
47 98
47 99
47 110
48 48
48 49
48 50
48 51
48 52
48 53
48 54
48 55
48 58
48 59
48 65
48 66
48 95
49 49
49 51
49 52
49 53
49 59
49 70
49 72
49 73
49 74
49 75
49 76
49 77
49 81
49 98
49 101
49 102
50 50
50 51
50 52
50 53
50 60
50 62
50 63
50 64
50 84
50 85
51 51
51 52
51 53
51 55
51 59
51 72
51 73
51 74
51 75
51 81
51 97
52 52
52 53
52 60
52 63
52 109
53 53
53 55
53 63
53 72
53 81
53 113
54 54
54 55
54 65
54 82
54 86
54 87
54 88
54 89
54 90
54 92
54 94
54 96
55 55
55 65
55 88
55 89
55 111
56 56
56 57
56 68
56 69
56 72
56 78
56 80
56 81
56 98
56 99
56 111
56 112
57 57
57 63
57 68
57 69
57 78
57 80
57 81
57 99
57 100
57 103
57 111
57 112
58 58
58 59
58 60
58 61
58 65
58 66
58 67
58 76
58 93
58 94
58 95
58 97
58 101
58 102
58 103
58 104
58 106
58 107
58 108
58 115
59 59
59 66
59 68
59 74
59 81
59 82
59 83
59 87
59 90
59 91
59 93
59 94
59 95
59 96
59 100
59 101
59 102
59 103
59 106
60 60
60 61
60 62
60 63
60 64
60 65
60 66
60 114
61 61
61 64
61 65
61 66
61 67
61 97
62 62
62 63
62 64
62 66
62 72
62 114
63 63
63 66
63 80
63 81
63 85
63 113
64 64
64 65
64 67
64 84
64 89
64 92
64 114
64 115
65 65
65 67
65 88
65 89
65 92
65 94
65 96
65 115
66 66
66 67
66 76
66 93
66 95
66 101
66 103
66 113
67 67
67 69
67 71
67 77
67 90
67 91
67 92
67 93
67 96
67 105
67 110
68 68
68 69
68 73
68 78
68 80
68 90
68 99
68 100
68 102
68 104
68 105
68 108
68 109
68 112
69 69
69 78
69 80
69 90
69 100
69 103
69 104
69 105
69 106
69 108
69 110
70 70
70 72
70 73
70 74
70 75
70 76
70 90
70 91
70 93
70 95
70 97
70 101
70 102
70 106
71 71
71 73
71 77
71 79
71 110
72 72
72 73
72 74
72 75
72 76
72 78
72 79
72 80
72 81
72 95
72 98
72 99
72 101
72 109
72 112
72 113
73 73
73 74
73 75
73 76
73 77
73 78
73 79
73 80
73 81
73 91
73 95
73 98
73 99
73 102
73 109
73 112
73 113
74 74
74 75
74 76
74 77
74 78
74 79
74 80
74 81
74 95
74 97
74 99
74 101
74 102
74 109
74 112
74 113
75 75
75 76
75 77
75 91
75 93
75 95
75 101
75 102
75 108
75 109
76 76
76 77
76 79
76 90
76 91
76 93
76 95
76 97
76 98
76 99
76 101
76 102
76 113
77 77
77 79
77 91
77 98
77 110
78 78
78 79
78 80
78 81
78 96
78 98
78 99
78 111
78 112
79 79
79 80
79 81
79 96
79 98
79 110
80 80
80 81
80 98
80 99
80 112
81 81
81 98
81 99
81 112
81 113
82 82
82 83
82 84
82 86
82 87
82 88
82 90
82 91
82 94
82 96
83 83
83 84
83 86
83 87
83 88
83 90
83 101
83 102
83 103
83 106
84 84
84 85
84 86
84 88
84 89
85 85
86 86
86 87
86 88
86 90
86 94
87 87
87 88
87 90
87 94
87 96
87 98
88 88
88 89
88 90
88 92
88 94
88 100
88 108
89 89
89 92
89 100
89 104
89 105
89 106
89 107
90 90
90 91
90 92
90 93
90 94
90 96
90 98
90 100
90 101
90 102
90 103
90 105
90 106
91 91
91 92
91 93
91 94
91 95
91 96
91 98
91 99
91 100
91 101
91 102
91 103
91 113
92 92
92 93
92 94
92 100
92 102
92 103
92 104
92 106
92 107
93 93
93 94
93 95
93 97
93 100
93 101
93 102
93 103
93 104
93 106
93 107
93 113
94 94
94 95
94 96
94 97
94 98
94 100
94 103
94 104
94 107
94 108
94 115
95 95
95 97
95 99
95 101
95 102
95 107
95 108
95 109
95 111
95 112
95 113
95 115
96 96
96 98
96 110
96 112
97 97
97 99
97 101
97 102
97 104
97 107
97 109
97 111
97 113
97 114
97 115
98 98
98 99
98 112
98 113
99 99
99 101
99 102
99 103
99 107
99 111
99 112
99 113
99 114
99 115
100 100
100 101
100 102
100 103
100 104
100 105
100 106
100 107
100 108
101 101
101 102
101 103
101 106
101 107
101 113
102 102
102 103
102 104
102 106
102 107
102 108
103 103
103 104
103 105
103 106
103 107
103 115
104 104
104 105
104 106
104 107
104 114
104 115
105 105
105 106
105 107
105 115
106 106
106 107
106 115
107 107
107 114
107 115
108 108
108 109
109 109
109 111
110 110
110 111
111 111
111 112
111 113
112 112
112 113
112 114
113 113
113 114
114 114
114 115
115 115
