0 0
0 1
0 10
0 12
0 16
0 56
0 57
0 86
0 87
1 1
1 11
1 13
1 18
1 57
1 59
1 63
1 106
2 2
2 6
2 7
2 18
2 30
2 31
2 54
2 60
2 88
2 89
3 3
3 6
3 7
3 14
3 15
3 20
3 21
3 22
3 23
3 24
3 25
3 27
3 30
3 31
3 34
3 35
3 64
3 65
3 71
3 82
3 84
3 85
3 86
3 87
3 88
3 92
3 93
4 4
4 5
4 8
4 9
4 10
4 12
4 14
4 15
4 20
4 22
4 24
4 26
4 36
4 40
4 80
4 82
4 83
4 84
4 88
5 5
5 8
5 9
5 14
5 15
5 20
5 21
5 22
5 23
5 24
5 25
5 26
5 27
5 34
5 35
5 57
5 64
5 82
5 83
5 84
5 88
5 92
6 6
6 7
6 11
6 12
6 13
6 14
6 15
6 23
6 34
6 35
6 60
6 64
6 65
6 67
6 88
6 92
6 93
7 7
7 11
7 13
7 60
7 61
7 65
7 92
8 8
8 9
8 10
8 12
8 14
8 15
8 22
8 24
8 26
8 33
8 34
8 36
8 40
8 74
8 82
8 83
8 84
8 88
9 9
9 12
9 14
9 15
9 24
9 26
9 35
9 60
9 61
9 67
9 84
9 92
10 10
10 11
10 12
10 13
10 14
10 15
10 16
10 17
10 28
10 29
10 36
10 60
10 63
10 72
10 74
10 76
10 80
10 82
10 84
11 11
11 12
11 13
11 14
11 15
11 17
11 29
11 33
11 60
11 61
11 63
11 65
11 82
11 83
11 85
12 12
12 13
12 14
12 15
12 28
12 60
12 61
12 62
12 74
13 13
13 14
13 15
13 17
13 29
13 33
13 60
13 61
13 62
13 63
13 65
14 14
14 15
14 20
14 22
14 23
14 24
14 25
14 26
14 27
14 34
14 35
14 57
14 64
14 75
14 77
14 82
14 83
14 84
14 88
14 92
14 93
15 15
15 20
15 21
15 22
15 23
15 24
15 25
15 26
15 27
15 30
15 31
15 34
15 35
15 40
15 41
15 64
15 65
15 71
15 73
15 74
15 75
15 77
15 82
15 83
15 84
15 85
15 88
15 92
16 16
16 17
16 20
16 28
16 29
16 32
16 33
16 36
16 37
16 40
16 41
16 56
16 57
16 62
16 63
16 72
16 73
16 74
16 75
16 76
16 77
16 78
16 79
16 80
16 81
16 83
16 84
17 17
17 28
17 29
17 32
17 33
17 36
17 37
17 40
17 62
17 63
17 72
17 73
17 74
17 76
17 78
17 79
17 80
17 81
17 83
17 97
17 99
18 18
18 19
18 28
18 32
18 42
18 46
18 62
18 98
18 112
19 19
19 28
19 29
19 57
19 68
19 82
19 83
20 20
20 21
20 22
20 24
20 25
20 26
20 27
20 30
20 31
20 37
20 39
20 40
20 41
20 57
20 64
20 70
20 71
20 73
20 75
20 77
20 84
20 87
20 88
21 21
21 22
21 23
21 24
21 25
21 26
21 27
21 30
21 31
21 34
21 35
21 36
21 37
21 38
21 39
21 40
21 41
21 57
21 64
21 71
21 73
21 75
21 77
21 84
21 87
21 114
22 22
22 23
22 24
22 25
22 26
22 27
22 30
22 31
22 34
22 35
22 64
22 65
22 75
22 77
22 82
22 84
22 85
22 86
22 87
22 88
22 93
22 114
23 23
23 24
23 25
23 26
23 27
23 30
23 31
23 34
23 35
23 64
23 65
23 82
23 84
23 85
23 86
23 87
23 88
23 92
23 93
23 114
24 24
24 25
24 26
24 27
24 30
24 31
24 34
24 35
24 64
24 65
24 75
24 77
24 82
24 84
24 85
24 88
24 93
25 25
25 26
25 27
25 30
25 31
25 34
25 35
25 37
25 57
25 64
25 65
25 75
25 77
25 84
25 85
25 86
25 87
25 88
25 92
25 93
26 26
26 27
26 34
26 37
26 38
26 41
26 57
26 64
26 75
26 82
26 83
26 84
26 88
26 110
27 27
27 30
27 31
27 34
27 35
27 37
27 57
27 64
27 65
27 71
27 77
27 82
27 84
27 85
27 86
27 87
27 88
27 92
27 93
28 28
28 29
28 32
28 33
28 36
28 37
28 39
28 40
28 62
28 63
28 72
28 74
28 76
28 77
28 78
28 79
28 80
28 81
28 82
28 83
28 97
29 29
29 32
29 33
29 36
29 37
29 40
29 41
29 54
29 62
29 63
29 72
29 73
29 74
29 75
29 76
29 77
29 78
29 79
29 80
29 81
29 83
29 97
30 30
30 31
30 32
30 33
30 34
30 35
30 40
30 57
30 64
30 71
30 73
30 74
30 75
30 76
30 77
30 78
30 79
30 82
30 84
30 85
30 86
30 87
31 31
31 33
31 34
31 35
31 41
31 57
31 64
31 71
31 74
31 75
31 77
31 78
31 79
31 82
31 83
31 84
31 85
31 86
31 87
31 88
31 114
32 32
32 33
32 36
32 40
32 56
32 57
32 62
32 63
32 72
32 74
32 76
32 78
32 79
32 80
32 81
32 83
33 33
33 36
33 40
33 62
33 63
33 72
33 74
33 78
33 79
33 80
33 81
33 82
33 83
34 34
34 35
34 60
34 64
34 65
34 67
34 75
34 77
34 82
34 84
34 85
34 86
34 88
34 93
35 35
35 45
35 60
35 64
35 65
35 67
35 84
35 85
35 88
36 36
36 37
36 38
36 39
36 40
36 41
36 54
36 62
36 63
36 70
36 72
36 73
36 74
36 75
36 76
36 77
36 78
36 79
36 80
36 81
36 83
36 84
36 96
36 97
36 114
37 37
37 38
37 39
37 40
37 41
37 70
37 71
37 75
37 76
37 77
37 78
37 79
37 80
37 81
37 94
37 95
37 96
37 97
37 99
37 109
37 111
37 113
37 114
38 38
38 39
38 40
38 41
38 54
38 55
38 75
38 77
38 78
38 80
38 83
38 87
38 96
38 113
39 39
39 41
39 54
39 55
39 69
39 70
39 77
39 78
39 87
39 90
39 94
39 95
39 96
39 97
39 99
39 103
39 105
39 109
39 111
39 113
40 40
40 41
40 54
40 62
40 63
40 71
40 72
40 73
40 74
40 75
40 76
40 77
40 78
40 79
40 80
40 81
40 82
40 83
40 84
40 97
41 41
41 57
41 70
41 71
41 72
41 73
41 74
41 75
41 76
41 77
41 78
41 79
41 80
41 81
41 83
42 42
42 43
42 44
42 45
42 46
42 47
42 48
42 49
42 50
42 51
42 52
42 53
42 55
42 58
42 59
42 66
42 95
42 98
42 99
42 100
42 102
42 104
42 111
42 112
43 43
43 44
43 45
43 46
43 47
43 48
43 49
43 50
43 51
43 52
43 53
43 55
43 58
43 59
43 65
43 66
43 67
43 96
43 98
43 102
43 110
43 112
44 44
44 45
44 46
44 47
44 48
44 49
44 51
44 52
44 53
44 55
44 58
44 59
44 66
44 67
44 90
44 96
44 97
44 98
44 99
44 100
44 102
44 110
44 112
45 45
45 46
45 47
45 48
45 49
45 50
45 51
45 52
45 53
45 55
45 58
45 59
45 66
45 67
45 69
45 90
45 91
45 98
45 100
45 110
45 112
46 46
46 47
46 48
46 49
46 50
46 51
46 52
46 53
46 54
46 55
46 59
46 96
46 98
46 99
46 102
46 106
46 111
46 112
46 113
47 47
47 48
47 49
47 50
47 51
47 52
47 53
47 55
47 58
47 59
47 66
47 90
47 91
47 94
47 95
47 96
47 97
47 98
47 99
47 100
47 102
47 103
47 104
47 105
47 107
47 109
47 110
47 111
47 112
47 113
48 48
48 49
48 50
48 51
48 52
48 53
48 54
48 55
48 58
48 59
48 66
48 69
48 90
48 91
48 98
48 99
48 100
48 101
48 102
48 103
48 104
48 107
48 112
49 49
49 50
49 51
49 52
49 53
49 55
49 58
49 59
49 66
49 69
49 90
49 91
49 98
49 99
49 100
49 102
49 103
49 110
49 112
49 113
50 50
50 51
50 52
50 53
50 55
50 59
50 65
50 85
50 86
50 89
50 90
50 98
50 104
50 112
51 51
51 52
51 53
51 55
51 58
51 59
51 66
51 89
51 90
51 98
51 99
51 100
51 102
51 103
51 104
51 107
51 112
52 52
52 53
52 54
52 55
52 58
52 59
52 62
52 66
52 69
52 89
52 90
52 98
52 99
52 100
52 102
52 112
53 53
53 54
53 55
53 59
53 89
53 96
53 98
53 99
53 100
53 112
53 113
54 54
54 55
54 69
54 70
54 72
54 89
54 95
54 96
54 97
54 98
54 99
54 101
54 109
55 55
55 89
55 94
55 95
55 96
55 97
55 98
55 99
55 109
55 112
55 113
56 56
56 57
56 68
56 73
56 76
56 78
56 79
56 81
56 86
57 57
57 68
57 71
57 73
57 75
57 77
57 78
57 79
57 81
57 86
58 58
58 59
58 60
58 61
58 62
58 63
58 66
58 67
58 90
58 100
58 101
58 108
59 59
59 61
59 62
59 66
59 67
59 69
59 90
59 98
59 100
59 101
59 102
59 103
59 104
59 106
59 107
59 112
60 60
60 61
60 62
60 64
60 65
60 101
61 61
61 62
61 63
61 65
61 89
61 100
61 101
62 62
62 63
62 72
62 79
62 80
62 81
62 83
62 98
62 101
63 63
63 72
63 78
63 79
63 80
63 81
63 83
64 64
64 65
64 82
64 84
64 85
64 86
64 87
64 88
64 92
64 93
65 65
65 67
65 85
65 86
65 87
65 88
65 92
66 66
66 67
66 68
66 69
66 90
66 98
66 100
66 101
66 102
66 103
66 104
66 106
66 107
67 67
67 90
67 91
67 92
67 93
67 101
67 107
68 68
68 69
68 93
69 69
69 70
69 89
69 90
69 94
69 101
69 102
70 70
70 71
70 73
70 76
70 77
70 101
70 109
71 71
71 73
71 75
71 76
71 77
71 78
71 96
72 72
72 73
72 74
72 75
72 76
72 77
72 78
72 79
72 80
72 81
72 83
72 97
73 73
73 74
73 75
73 76
73 77
73 78
73 79
73 80
73 81
73 83
73 84
73 85
74 74
74 75
74 76
74 77
74 78
74 79
74 80
74 81
74 82
74 83
74 84
74 85
75 75
75 76
75 77
75 78
75 79
75 80
75 81
75 82
75 83
75 84
76 76
76 77
76 78
76 79
76 80
76 81
76 83
76 84
77 77
77 78
77 79
77 80
77 81
77 82
77 83
77 84
77 96
78 78
78 79
78 80
78 81
78 83
79 79
79 80
79 81
79 83
79 84
80 80
80 81
80 82
80 83
80 84
81 81
81 83
81 84
82 82
82 83
82 84
82 85
83 83
83 84
84 84
84 85
84 88
85 85
85 88
85 92
86 86
86 87
86 106
87 87
88 88
88 89
89 89
90 90
90 91
90 92
90 93
90 94
90 95
90 97
90 98
90 99
90 100
90 101
90 102
90 103
90 104
90 105
90 107
90 109
90 110
90 111
90 112
90 113
91 91
91 92
91 93
91 94
91 97
91 98
91 99
91 100
91 101
91 102
91 103
91 104
91 105
91 107
91 110
91 111
91 112
91 113
92 92
92 93
92 100
92 104
92 105
93 93
93 101
93 103
93 104
93 105
93 110
93 114
94 94
94 95
94 96
94 97
94 98
94 99
94 101
94 103
94 104
94 105
94 106
94 107
94 109
94 110
94 111
94 112
94 113
94 115
95 95
95 96
95 97
95 98
95 99
95 102
95 103
95 104
95 105
95 107
95 108
95 109
95 110
95 111
95 112
95 113
95 115
96 96
96 97
96 98
96 99
96 109
96 110
96 111
96 113
97 97
97 98
97 99
97 101
97 103
97 104
97 105
97 107
97 108
97 109
97 110
97 111
97 112
97 113
97 114
97 115
98 98
98 99
98 100
98 101
98 102
98 103
98 104
98 107
98 110
98 111
98 112
98 113
99 99
99 100
99 101
99 102
99 103
99 104
99 105
99 107
99 109
99 110
99 111
99 112
99 113
100 100
100 101
100 102
100 103
100 104
100 107
100 111
100 112
100 113
101 101
101 102
101 103
101 104
101 107
101 111
101 112
102 102
102 103
102 104
102 106
102 107
102 112
102 113
103 103
103 104
103 105
103 106
103 107
103 110
103 111
103 112
103 113
103 114
104 104
104 105
104 106
104 107
104 110
104 111
104 112
104 113
105 105
105 107
105 109
105 110
105 111
105 112
105 113
105 114
105 115
106 106
106 107
107 107
107 109
107 110
107 111
107 112
107 113
107 115
108 108
108 110
109 109
109 110
109 111
109 113
110 110
110 111
110 112
110 113
110 114
110 115
111 111
111 112
111 113
111 114
111 115
112 112
112 113
113 113
113 114
113 115
114 114
115 115
