0 0
0 1
0 2
0 6
0 10
0 11
0 12
0 13
0 14
0 48
0 50
0 62
0 64
0 65
0 101
0 102
1 1
1 7
1 10
1 11
1 12
1 13
1 15
1 19
1 50
1 64
1 65
2 2
2 3
2 4
2 5
2 6
2 7
2 8
2 9
2 14
2 18
2 19
2 20
2 22
2 23
2 24
2 25
2 26
2 27
2 30
2 31
2 35
2 45
2 48
2 49
2 50
2 64
2 67
2 82
2 112
3 3
3 5
3 6
3 7
3 15
3 17
3 18
3 19
3 20
3 22
3 23
3 24
3 25
3 26
3 27
3 30
3 31
3 34
3 35
3 45
3 49
3 50
3 64
3 67
3 82
3 85
4 4
4 5
4 6
4 8
4 9
4 14
4 15
4 19
4 20
4 21
4 22
4 23
4 24
4 25
4 26
4 27
4 30
4 31
4 49
4 70
4 71
4 82
4 83
4 112
5 5
5 6
5 7
5 8
5 9
5 20
5 21
5 22
5 23
5 24
5 25
5 26
5 27
5 30
5 31
5 34
5 44
5 45
5 49
5 50
5 66
5 67
5 70
5 71
5 82
5 83
6 6
6 7
6 8
6 9
6 12
6 19
6 23
6 24
6 25
6 30
6 31
6 33
6 35
6 44
6 45
6 48
6 49
6 50
6 64
6 67
6 83
7 7
7 9
7 11
7 13
7 15
7 19
7 23
7 31
7 45
7 50
7 64
7 65
7 67
8 8
8 9
8 14
8 15
8 19
8 20
8 21
8 22
8 23
8 24
8 25
8 26
8 27
8 30
8 42
8 44
8 49
8 70
8 71
8 82
8 90
8 92
8 112
9 9
9 14
9 15
9 19
9 22
9 23
9 24
9 25
9 26
9 27
9 30
9 31
9 64
9 70
9 71
9 82
9 90
9 92
9 112
10 10
10 11
10 12
10 13
10 14
10 18
10 22
10 28
10 35
10 48
10 50
10 51
10 64
10 65
10 84
10 88
10 101
11 11
11 12
11 13
11 15
11 35
11 43
11 44
11 45
11 47
11 48
11 49
11 50
11 51
11 65
12 12
12 13
12 16
12 28
12 35
12 44
12 48
12 50
12 51
12 64
12 65
12 72
12 80
12 101
13 13
13 15
13 47
13 50
13 65
14 14
14 15
14 18
14 19
14 22
14 24
14 25
14 26
14 27
14 30
14 76
14 82
14 90
14 91
14 92
14 112
15 15
15 19
15 22
15 30
15 65
15 70
15 82
15 83
15 90
15 91
15 92
15 112
16 16
16 17
16 28
16 29
16 32
16 33
16 36
16 52
16 56
16 57
16 58
16 59
16 60
16 61
16 62
16 63
16 68
16 69
16 72
16 78
16 79
16 80
16 81
16 82
16 83
16 84
16 87
16 89
17 17
17 31
17 33
17 35
17 36
17 57
17 68
17 69
17 73
17 76
17 77
17 78
17 79
17 80
17 81
17 82
17 83
17 84
17 85
17 89
18 18
18 19
18 22
18 25
18 26
18 27
18 30
18 31
18 76
18 77
18 82
18 84
18 88
18 91
18 108
18 112
19 19
19 22
19 23
19 25
19 26
19 30
19 31
19 35
19 49
19 70
19 82
19 91
19 92
19 112
20 20
20 21
20 23
20 24
20 25
20 26
20 27
20 30
20 31
20 32
20 33
20 66
20 71
20 81
20 82
20 83
20 84
20 87
21 21
21 24
21 25
21 26
21 27
21 30
21 31
21 52
21 56
21 61
21 63
21 69
21 71
21 78
21 80
21 81
21 82
21 84
22 22
22 23
22 24
22 25
22 26
22 27
22 30
22 42
22 44
22 45
22 49
22 50
22 70
22 76
22 82
22 91
22 112
23 23
23 24
23 25
23 26
23 27
23 30
23 31
23 34
23 45
23 48
23 49
23 50
23 64
23 82
23 83
23 85
24 24
24 25
24 26
24 27
24 30
24 31
24 44
24 45
24 50
24 59
24 71
24 82
24 90
25 25
25 26
25 27
25 30
25 31
25 35
25 44
25 45
25 49
25 50
25 70
25 82
25 90
26 26
26 27
26 30
26 31
26 45
26 70
26 82
26 90
26 91
26 92
26 112
27 27
27 30
27 31
27 35
27 44
27 45
27 49
27 71
27 76
27 77
27 82
28 28
28 29
28 32
28 33
28 36
28 37
28 40
28 41
28 53
28 56
28 57
28 58
28 60
28 62
28 63
28 68
28 72
28 74
28 78
28 79
28 80
28 81
28 82
28 83
28 84
28 86
28 87
28 89
29 29
29 32
29 33
29 36
29 37
29 38
29 39
29 40
29 41
29 54
29 55
29 56
29 57
29 61
29 63
29 68
29 69
29 71
29 72
29 73
29 74
29 75
29 78
29 79
29 80
29 81
29 83
29 86
29 87
29 89
29 96
30 30
30 31
30 45
30 50
30 64
30 77
30 82
30 112
31 31
31 34
31 62
31 64
31 67
31 77
31 82
31 83
31 84
31 85
32 32
32 33
32 36
32 40
32 41
32 56
32 57
32 60
32 61
32 63
32 66
32 68
32 69
32 71
32 72
32 74
32 78
32 79
32 80
32 81
32 89
33 33
33 36
33 56
33 57
33 58
33 60
33 61
33 62
33 63
33 67
33 68
33 69
33 71
33 72
33 78
33 79
33 80
33 81
34 34
34 36
34 39
34 45
34 73
34 74
34 75
34 76
34 85
34 96
34 97
34 109
34 110
35 35
35 43
35 44
35 45
35 49
35 50
35 67
35 89
36 36
36 37
36 38
36 39
36 40
36 41
36 46
36 54
36 55
36 56
36 57
36 63
36 68
36 69
36 72
36 73
36 74
36 75
36 76
36 77
36 78
36 79
36 80
36 81
36 84
36 85
36 86
36 87
36 89
36 94
36 95
36 96
36 97
36 107
36 108
37 37
37 38
37 39
37 40
37 41
37 46
37 54
37 55
37 56
37 57
37 68
37 69
37 72
37 73
37 74
37 75
37 76
37 77
37 78
37 79
37 80
37 81
37 84
37 85
37 86
37 87
37 89
37 94
37 95
37 96
37 97
37 106
37 107
37 108
37 115
38 38
38 39
38 40
38 41
38 46
38 54
38 55
38 69
38 74
38 75
38 76
38 77
38 86
38 87
38 89
38 94
38 95
38 96
38 97
38 106
38 107
38 108
38 114
38 115
39 39
39 40
39 41
39 46
39 54
39 55
39 69
39 73
39 74
39 76
39 77
39 79
39 86
39 87
39 89
39 94
39 95
39 96
39 97
39 107
39 108
39 114
40 40
40 41
40 46
40 54
40 55
40 68
40 69
40 72
40 73
40 74
40 76
40 77
40 78
40 80
40 81
40 83
40 86
40 87
40 89
40 94
40 95
40 96
40 97
40 107
40 108
41 41
41 54
41 55
41 69
41 71
41 72
41 73
41 74
41 76
41 78
41 79
41 81
41 83
41 86
41 87
41 89
41 95
42 42
42 43
42 44
42 45
42 46
42 47
42 48
42 49
42 51
42 55
42 70
42 71
42 96
42 109
42 110
43 43
43 44
43 45
43 46
43 47
43 49
43 55
43 67
43 73
43 95
43 96
43 97
43 109
43 110
43 111
44 44
44 45
44 47
44 48
44 49
44 50
44 51
44 67
44 89
44 109
45 45
45 47
45 49
45 50
45 67
45 70
45 71
45 99
45 109
45 110
46 46
46 47
46 53
46 54
46 55
46 69
46 71
46 73
46 94
46 95
46 96
46 97
46 98
46 105
46 108
46 109
46 110
46 114
47 47
47 49
47 54
47 55
47 95
47 96
47 97
47 109
47 110
47 111
48 48
48 49
48 50
48 51
48 52
48 58
48 59
48 60
48 64
48 65
48 89
48 93
48 101
48 102
49 49
49 50
49 51
49 67
49 70
49 71
49 73
49 109
50 50
50 51
50 52
50 64
50 65
50 67
50 88
51 51
51 52
51 58
51 59
51 65
51 89
52 52
52 53
52 56
52 57
52 58
52 59
52 60
52 61
52 62
52 80
52 81
52 84
52 85
52 89
53 53
53 54
53 55
53 60
53 84
53 86
53 88
53 98
53 101
53 103
53 108
54 54
54 55
54 68
54 69
54 86
54 87
54 88
54 89
54 94
54 95
54 96
54 97
54 98
54 103
54 104
54 105
54 106
54 107
54 108
54 114
54 115
55 55
55 69
55 79
55 86
55 87
55 89
55 94
55 95
55 96
55 97
55 98
55 107
55 108
56 56
56 57
56 58
56 59
56 60
56 61
56 62
56 63
56 66
56 68
56 69
56 72
56 78
56 79
56 80
56 81
57 57
57 58
57 59
57 60
57 61
57 62
57 63
57 66
57 68
57 69
57 72
57 78
57 79
57 80
57 81
57 89
58 58
58 59
58 60
58 61
58 62
58 63
58 65
58 66
58 68
58 78
58 80
58 81
59 59
59 60
59 61
59 62
59 63
59 66
59 68
59 69
59 80
59 81
59 83
59 89
60 60
60 61
60 62
60 63
60 64
60 65
60 66
60 72
60 80
60 81
61 61
61 62
61 63
61 66
61 68
61 69
61 71
61 78
61 79
61 80
61 81
62 62
62 63
62 64
62 72
62 80
62 81
62 115
63 63
63 66
63 68
63 69
63 72
63 78
63 79
63 80
63 81
64 64
65 65
65 90
65 104
66 66
66 67
66 69
66 81
66 85
66 87
67 67
67 71
68 68
68 69
68 72
68 78
68 79
68 80
68 81
68 86
68 89
69 69
69 71
69 72
69 73
69 78
69 79
69 80
69 81
69 87
69 89
70 70
70 71
70 73
70 90
70 91
70 92
70 98
70 99
70 110
70 111
70 112
70 113
71 71
71 73
71 76
71 77
71 78
71 79
71 81
71 83
72 72
72 74
72 76
72 78
72 79
72 80
72 81
72 83
72 86
72 89
72 94
73 73
73 74
73 75
73 76
73 77
73 78
73 79
73 94
73 95
73 96
73 97
73 108
73 110
74 74
74 75
74 76
74 77
74 79
74 81
74 86
74 89
74 94
74 95
74 108
75 75
75 76
75 77
75 94
75 95
75 97
75 108
75 109
76 76
76 77
76 82
76 94
76 95
76 108
76 115
77 77
77 82
77 95
78 78
78 79
78 80
78 81
78 84
78 85
78 86
78 87
79 79
79 80
79 81
80 80
80 81
80 83
80 84
81 81
81 83
81 84
81 87
81 89
82 82
82 83
82 84
82 87
82 88
83 83
83 84
83 85
83 86
83 87
83 89
84 84
84 85
84 86
84 87
84 88
85 85
85 86
85 87
85 88
85 89
86 86
86 87
86 88
86 89
86 94
86 95
86 97
86 108
87 87
87 88
87 89
87 96
87 108
88 88
88 101
89 89
90 90
90 91
90 92
90 93
90 98
90 99
90 100
90 101
90 102
90 103
90 104
90 105
90 106
90 110
90 111
90 112
90 113
90 114
91 91
91 92
91 93
91 98
91 99
91 100
91 101
91 102
91 103
91 104
91 105
91 106
91 110
91 111
91 112
91 113
91 114
91 115
92 92
92 93
92 98
92 99
92 100
92 101
92 102
92 103
92 104
92 105
92 106
92 110
92 111
92 112
92 113
92 114
92 115
93 93
93 98
93 99
93 100
93 101
93 102
93 103
93 104
93 105
93 111
93 112
93 113
93 114
94 94
94 95
94 96
94 97
94 103
94 104
94 105
94 106
94 107
94 108
94 109
94 110
94 114
94 115
95 95
95 96
95 97
95 104
95 105
95 106
95 107
95 108
95 109
95 110
95 111
95 114
95 115
96 96
96 97
96 98
96 99
96 105
96 107
96 108
96 109
96 110
96 111
96 114
97 97
97 98
97 99
97 103
97 104
97 105
97 106
97 107
97 108
97 109
97 110
97 111
97 114
97 115
98 98
98 99
98 100
98 101
98 102
98 103
98 104
98 105
98 106
98 108
98 110
98 111
98 112
98 113
98 114
98 115
99 99
99 100
99 101
99 102
99 103
99 104
99 105
99 106
99 110
99 111
99 112
99 113
99 114
100 100
100 101
100 102
100 103
100 104
100 105
100 106
100 110
100 111
100 112
100 113
100 114
101 101
101 102
101 103
101 104
101 105
101 106
101 107
101 111
101 112
101 113
101 114
102 102
102 103
102 104
102 105
102 107
102 109
102 111
102 112
102 113
102 114
103 103
103 104
103 105
103 106
103 107
103 108
103 110
103 111
103 112
103 113
103 114
103 115
104 104
104 105
104 106
104 107
104 109
104 110
104 111
104 112
104 113
104 114
104 115
105 105
105 108
105 109
105 110
105 111
105 112
105 113
105 114
105 115
106 106
106 107
106 108
106 111
106 112
106 113
106 114
106 115
107 107
107 108
107 109
107 114
107 115
108 108
108 110
108 114
108 115
109 109
109 110
109 111
110 110
110 111
110 112
110 113
110 114
111 111
111 112
111 113
111 114
112 112
112 113
112 114
113 113
113 114
114 114
114 115
115 115
