0 0
0 1
0 10
0 16
0 18
0 26
0 29
0 32
0 56
0 57
0 62
0 63
0 68
0 76
0 78
0 79
0 80
0 81
0 86
0 94
0 96
0 101
0 115
1 1
1 11
1 16
1 17
1 18
1 26
1 32
1 33
1 56
1 57
1 63
1 68
1 77
1 79
1 81
1 94
1 107
1 112
1 115
2 2
2 4
2 5
2 6
2 8
2 19
2 22
2 23
2 24
2 34
2 35
2 52
2 58
2 60
2 64
2 66
2 67
2 69
2 90
2 91
2 92
2 93
2 102
2 104
2 105
2 110
3 3
3 5
3 7
3 9
3 11
3 13
3 22
3 23
3 25
3 27
3 30
3 31
3 33
3 35
3 61
3 64
3 65
3 67
3 92
3 106
4 4
4 5
4 6
4 7
4 8
4 9
4 10
4 19
4 22
4 23
4 26
4 33
4 34
4 35
4 60
4 66
4 67
4 69
4 90
4 91
4 92
4 93
4 105
4 106
4 114
5 5
5 6
5 7
5 8
5 9
5 21
5 22
5 23
5 24
5 25
5 26
5 27
5 30
5 31
5 33
5 35
5 45
5 64
5 65
5 67
5 71
5 92
5 106
6 6
6 7
6 8
6 9
6 13
6 14
6 22
6 23
6 34
6 35
6 58
6 60
6 61
6 64
6 65
6 67
6 69
6 88
6 90
6 91
6 92
6 93
6 105
6 111
7 7
7 8
7 9
7 10
7 11
7 12
7 13
7 15
7 22
7 23
7 25
7 31
7 33
7 35
7 60
7 61
7 64
7 65
7 67
7 71
7 92
7 93
7 106
7 113
8 8
8 9
8 12
8 13
8 14
8 15
8 22
8 23
8 34
8 35
8 58
8 60
8 61
8 64
8 65
8 67
8 69
8 88
8 90
8 91
8 92
8 93
9 9
9 11
9 13
9 14
9 15
9 22
9 23
9 33
9 35
9 58
9 60
9 61
9 64
9 65
9 67
9 90
9 91
9 92
9 93
9 106
10 10
10 11
10 12
10 13
10 14
10 15
10 20
10 29
10 30
10 31
10 33
10 60
10 62
10 64
10 71
10 75
10 82
10 84
10 86
11 11
11 12
11 13
11 15
11 17
11 28
11 29
11 30
11 31
11 33
11 60
11 61
11 62
11 63
11 64
11 65
11 71
11 73
11 75
11 76
11 77
11 82
11 83
11 107
12 12
12 13
12 14
12 15
12 20
12 28
12 33
12 36
12 60
12 61
12 62
12 64
12 71
12 75
12 77
12 84
12 86
13 13
13 14
13 15
13 31
13 33
13 60
13 61
13 64
13 65
13 75
13 82
13 83
13 92
13 95
13 113
14 14
14 15
14 22
14 23
14 24
14 58
14 60
14 64
14 65
14 82
14 88
14 95
14 97
15 15
15 31
15 33
15 58
15 60
15 61
15 64
15 65
15 75
15 82
15 83
15 95
16 16
16 17
16 18
16 28
16 29
16 32
16 33
16 36
16 49
16 56
16 57
16 62
16 63
16 72
16 75
16 76
16 77
16 78
16 79
16 80
16 81
16 83
16 84
16 106
17 17
17 28
17 29
17 32
17 36
17 37
17 40
17 41
17 49
17 57
17 62
17 63
17 72
17 73
17 74
17 75
17 76
17 77
17 78
17 79
17 80
17 81
17 83
17 100
18 18
18 19
18 28
18 29
18 32
18 33
18 36
18 56
18 57
18 62
18 63
18 66
18 68
18 72
18 76
18 79
18 80
18 81
18 94
18 96
18 98
18 99
18 101
18 109
18 115
19 19
19 23
19 32
19 46
19 52
19 57
19 59
19 66
19 68
19 69
19 80
19 87
19 90
19 91
19 93
19 98
19 99
19 101
19 102
19 103
19 105
19 114
20 20
20 21
20 26
20 27
20 30
20 31
20 34
20 60
20 62
20 70
20 71
20 73
20 74
20 75
20 77
20 86
20 110
21 21
21 24
21 25
21 26
21 27
21 31
21 34
21 41
21 42
21 43
21 44
21 45
21 66
21 67
21 70
21 71
21 73
21 106
21 110
22 22
22 23
22 24
22 25
22 26
22 27
22 30
22 31
22 34
22 35
22 64
22 65
22 66
22 67
22 88
22 90
22 91
22 92
22 93
23 23
23 25
23 34
23 35
23 58
23 61
23 64
23 65
23 67
23 69
23 88
23 90
23 91
23 92
23 93
23 105
23 114
24 24
24 25
24 26
24 27
24 30
24 31
24 34
24 35
24 42
24 43
24 44
24 45
24 48
24 50
24 66
24 67
24 70
24 88
24 102
24 103
24 110
25 25
25 26
25 27
25 30
25 31
25 34
25 35
25 42
25 43
25 44
25 45
25 64
25 65
25 67
25 71
26 26
26 27
26 35
26 48
26 50
26 56
26 57
26 66
26 67
26 68
26 86
26 102
26 103
26 110
26 112
27 27
27 35
27 42
27 43
27 44
27 45
27 47
27 48
27 50
27 67
27 86
27 102
27 110
28 28
28 29
28 30
28 32
28 36
28 37
28 40
28 41
28 55
28 62
28 63
28 70
28 71
28 72
28 73
28 74
28 75
28 76
28 77
28 78
28 79
28 80
28 81
28 82
28 83
28 84
28 85
28 86
28 95
28 109
29 29
29 30
29 32
29 33
29 36
29 37
29 41
29 62
29 63
29 72
29 73
29 74
29 75
29 76
29 77
29 78
29 79
29 80
29 81
29 82
29 83
29 84
29 85
29 86
29 95
30 30
30 31
30 33
30 60
30 62
30 64
30 70
30 71
30 72
30 75
30 82
30 83
30 84
30 86
31 31
31 33
31 60
31 62
31 64
31 65
31 71
31 75
31 82
31 83
31 86
31 95
31 106
32 32
32 33
32 56
32 62
32 63
32 68
32 72
32 76
32 80
32 81
32 83
32 101
33 33
33 61
33 62
33 63
33 83
33 106
34 34
34 35
34 60
34 64
34 65
34 66
34 67
34 71
34 88
34 90
34 91
34 92
34 93
34 102
34 110
35 35
35 58
35 60
35 64
35 65
35 66
35 67
35 88
35 90
35 91
35 92
35 93
35 102
35 104
35 106
35 112
36 36
36 37
36 38
36 39
36 40
36 41
36 55
36 70
36 71
36 72
36 73
36 74
36 75
36 76
36 77
36 78
36 80
36 81
36 95
36 97
36 108
36 109
37 37
37 38
37 39
37 40
37 41
37 54
37 55
37 70
37 72
37 73
37 74
37 75
37 76
37 77
37 78
37 81
37 89
37 100
38 38
38 39
38 40
38 49
38 53
38 54
38 55
38 72
38 87
38 88
38 89
38 96
38 98
38 109
39 39
39 40
39 41
39 43
39 46
39 49
39 53
39 54
39 55
39 72
39 73
39 74
39 76
39 78
39 81
39 85
39 87
39 88
39 89
39 95
39 108
39 109
40 40
40 41
40 43
40 46
40 49
40 54
40 55
40 57
40 59
40 72
40 73
40 74
40 87
40 95
40 97
40 108
40 109
41 41
41 43
41 55
41 70
41 72
41 73
41 74
41 75
41 76
41 77
41 78
41 79
41 81
41 83
41 84
41 85
41 95
41 109
42 42
42 43
42 44
42 45
42 46
42 47
42 48
42 65
42 94
42 96
42 107
42 113
43 43
43 44
43 45
43 46
43 47
43 48
43 55
43 65
43 73
43 74
43 77
43 85
43 96
43 108
43 113
44 44
44 45
44 46
44 47
44 48
44 49
44 50
44 51
44 52
44 54
44 55
44 66
44 67
44 85
44 97
44 98
45 45
45 46
45 47
45 48
45 49
45 50
45 51
45 52
45 66
45 67
45 85
46 46
46 47
46 49
46 51
46 52
46 53
46 54
46 55
46 68
46 69
46 85
46 87
46 89
46 96
46 98
46 100
46 102
46 110
46 114
47 47
47 49
47 53
47 55
47 68
47 80
47 87
47 96
47 98
47 99
47 102
47 103
47 109
47 110
48 48
48 49
48 50
48 51
48 52
48 54
48 57
48 58
48 59
48 66
48 68
48 94
48 96
48 97
48 98
48 99
48 102
48 103
48 104
48 105
48 110
48 113
49 49
49 50
49 51
49 52
49 53
49 54
49 55
49 56
49 57
49 59
49 68
49 72
49 80
49 81
49 89
49 96
49 98
49 100
50 50
50 51
50 52
50 53
50 54
50 66
50 67
50 68
50 97
50 98
50 100
51 51
51 52
51 53
51 54
51 55
51 56
51 57
51 59
51 85
51 89
51 94
51 97
51 98
52 52
52 53
52 54
52 55
52 57
52 58
52 59
52 66
52 68
52 69
52 88
52 89
52 98
52 102
53 53
53 54
53 55
53 56
53 57
53 78
53 84
53 85
53 96
53 98
53 99
54 54
54 55
54 57
54 68
54 87
54 88
54 89
54 96
54 98
54 100
54 102
55 55
55 56
55 57
55 72
55 73
55 74
55 76
55 78
55 79
55 80
55 81
55 84
55 85
55 87
55 89
55 96
55 97
55 98
55 99
55 108
55 109
55 110
56 56
56 57
56 62
56 68
56 78
56 79
56 80
56 81
56 94
56 96
56 98
56 99
56 101
56 106
56 115
57 57
57 58
57 59
57 66
57 68
57 78
57 79
57 80
57 81
57 96
57 97
57 98
57 99
57 101
57 102
57 111
57 112
58 58
58 59
58 60
58 66
58 68
58 69
58 88
58 90
58 91
58 93
58 103
58 104
58 105
58 111
58 112
59 59
59 63
59 66
59 69
59 89
59 90
59 98
59 100
59 102
59 112
60 60
60 61
60 64
60 65
60 69
60 71
60 88
60 91
60 93
61 61
61 63
61 64
61 65
61 92
62 62
62 63
62 71
62 72
62 75
62 77
62 80
62 81
62 82
62 83
62 86
62 115
63 63
63 72
63 74
63 75
63 76
63 77
63 80
63 81
63 83
64 64
64 65
64 67
64 71
64 88
65 65
65 67
65 88
65 92
65 113
66 66
66 67
66 68
66 69
66 93
66 98
66 102
66 103
66 104
66 110
67 67
67 69
67 90
67 91
67 92
67 93
67 102
67 104
67 105
67 110
68 68
68 69
68 94
68 96
68 98
68 99
68 101
68 102
68 103
68 104
68 110
68 111
68 115
69 69
69 90
69 91
69 92
69 93
69 98
69 102
69 105
69 110
69 114
70 70
70 71
70 72
70 73
70 74
70 75
70 76
70 77
70 84
71 71
71 75
71 76
71 77
71 84
71 86
71 106
72 72
72 73
72 74
72 75
72 76
72 77
72 78
72 79
72 80
72 81
72 82
72 83
72 84
72 85
72 95
72 109
73 73
73 74
73 75
73 76
73 77
73 78
73 79
73 81
73 84
73 85
73 97
74 74
74 75
74 76
74 77
74 78
74 79
74 81
74 84
74 85
74 95
74 97
74 108
74 109
75 75
75 76
75 77
75 81
75 83
75 84
75 95
75 107
75 115
76 76
76 77
76 78
76 79
76 81
76 83
76 84
76 95
77 77
77 78
77 81
77 83
77 94
77 95
77 107
77 115
78 78
78 79
78 80
78 81
78 84
78 85
78 95
78 97
78 99
78 108
78 109
79 79
79 80
79 81
79 84
79 85
79 94
79 108
80 80
80 81
80 83
80 84
80 85
80 87
80 99
80 101
80 109
80 114
81 81
81 83
81 84
81 85
81 95
81 109
82 82
82 83
82 84
82 86
82 87
82 97
83 83
83 85
83 87
83 95
84 84
84 85
84 86
84 96
84 109
84 110
85 85
85 86
85 87
85 89
85 96
85 109
85 110
86 86
86 87
86 96
86 110
87 87
87 89
87 96
87 100
87 109
87 110
87 114
88 88
88 89
88 91
89 89
90 90
90 91
90 92
90 93
90 98
90 100
90 102
90 103
90 104
90 105
90 111
90 112
91 91
91 92
91 93
91 98
91 99
91 101
91 102
91 103
91 104
91 105
91 111
91 112
92 92
92 93
92 100
92 104
92 105
92 113
93 93
93 99
93 101
93 103
93 105
93 111
93 112
94 94
94 96
94 97
94 99
94 101
94 104
94 107
94 111
94 112
94 115
95 95
95 108
95 109
96 96
96 97
96 98
96 99
96 102
96 103
96 108
96 109
96 110
96 111
97 97
97 98
97 99
97 101
97 107
97 111
97 115
98 98
98 99
98 100
98 101
98 102
98 103
98 109
98 111
98 112
99 99
99 101
99 102
99 103
99 104
99 105
99 109
99 111
100 100
100 102
100 103
100 104
100 105
100 112
100 113
101 101
101 103
101 107
101 111
101 112
102 102
102 103
102 104
102 105
102 107
102 110
102 111
102 112
102 113
103 103
103 104
103 105
103 110
103 111
103 112
103 113
104 104
104 105
104 106
104 107
104 111
104 112
104 113
104 115
105 105
105 107
105 111
105 112
105 113
105 114
106 106
106 115
107 107
107 112
107 115
108 108
108 109
109 109
109 110
110 110
110 114
111 111
111 112
111 113
112 112
113 113
114 114
115 115
