0 0
0 1
0 6
0 10
0 11
0 17
0 18
0 19
0 29
0 56
0 58
0 60
0 73
0 74
0 75
0 76
0 77
0 79
0 93
0 95
0 109
0 112
1 1
1 7
1 10
1 11
1 13
1 19
1 32
1 33
1 51
1 53
1 58
1 60
1 61
1 65
1 69
1 89
1 90
1 92
1 93
2 2
2 3
2 4
2 5
2 6
2 7
2 8
2 9
2 12
2 14
2 22
2 23
2 24
2 25
2 30
2 31
2 44
2 48
2 49
2 50
2 64
2 65
2 67
2 92
2 93
2 106
3 3
3 4
3 5
3 6
3 7
3 8
3 9
3 14
3 15
3 20
3 22
3 23
3 24
3 25
3 26
3 27
3 30
3 31
3 44
3 45
3 50
3 64
3 67
3 110
4 4
4 5
4 6
4 7
4 8
4 9
4 14
4 15
4 20
4 21
4 22
4 23
4 24
4 25
4 26
4 27
4 30
4 31
4 44
4 48
4 49
4 59
4 64
4 65
4 66
4 67
4 69
4 86
4 88
4 105
4 106
5 5
5 7
5 8
5 9
5 15
5 20
5 21
5 22
5 23
5 24
5 25
5 26
5 27
5 30
5 44
5 45
5 48
5 49
5 88
5 105
6 6
6 7
6 8
6 9
6 10
6 11
6 12
6 13
6 23
6 35
6 49
6 50
6 58
6 60
6 64
6 65
6 92
6 93
7 7
7 8
7 9
7 11
7 12
7 13
7 14
7 15
7 22
7 23
7 24
7 25
7 35
7 48
7 50
7 51
7 58
7 64
7 65
7 67
7 69
7 92
7 93
7 106
8 8
8 9
8 12
8 14
8 15
8 22
8 23
8 24
8 25
8 30
8 44
8 45
8 48
8 49
8 64
8 65
8 67
8 106
9 9
9 13
9 15
9 20
9 22
9 23
9 24
9 30
9 42
9 43
9 44
9 45
9 47
9 48
9 49
9 65
9 90
10 10
10 11
10 12
10 13
10 16
10 18
10 19
10 23
10 32
10 33
10 35
10 54
10 64
10 65
10 76
10 82
10 84
10 86
11 11
11 12
11 13
11 17
11 19
11 29
11 33
11 35
11 51
11 58
11 61
11 64
11 65
11 84
11 85
11 90
11 92
11 98
12 12
12 13
12 14
12 23
12 35
12 50
12 51
12 52
12 58
12 60
12 64
12 65
12 75
12 90
12 92
13 13
13 29
13 33
13 35
13 51
13 52
13 53
13 55
13 58
13 60
13 61
13 65
13 85
13 90
13 92
13 98
13 102
14 14
14 15
14 20
14 23
14 24
14 25
14 26
14 27
14 30
14 31
14 64
14 67
14 82
14 83
14 88
15 15
15 20
15 24
15 30
15 31
15 39
15 68
15 69
15 83
16 16
16 17
16 28
16 29
16 32
16 34
16 36
16 38
16 40
16 41
16 56
16 57
16 62
16 63
16 70
16 72
16 74
16 76
16 78
16 79
16 80
16 81
16 82
16 83
16 84
17 17
17 28
17 29
17 33
17 36
17 37
17 40
17 41
17 56
17 57
17 60
17 62
17 63
17 70
17 71
17 72
17 73
17 74
17 76
17 77
17 78
17 79
17 80
17 81
17 83
17 84
17 85
17 96
18 18
18 19
18 26
18 32
18 33
18 40
18 41
18 54
18 56
18 71
18 73
18 74
18 75
18 76
18 77
18 82
18 84
18 86
18 87
18 88
18 89
19 19
19 32
19 33
19 35
19 54
19 64
19 65
19 69
19 82
19 83
19 84
19 86
19 87
19 88
19 89
19 108
20 20
20 21
20 24
20 25
20 26
20 27
20 30
20 31
20 38
20 39
20 57
20 59
20 70
20 83
20 88
20 105
20 107
21 21
21 24
21 25
21 26
21 27
21 30
21 31
21 34
21 37
21 38
21 39
21 41
21 57
21 70
21 78
21 83
21 88
21 94
21 105
21 109
21 114
22 22
22 23
22 24
22 25
22 30
22 31
22 44
22 45
22 49
22 64
22 105
22 110
23 23
23 24
23 25
23 26
23 27
23 30
23 31
23 50
23 64
23 65
23 67
23 84
23 88
23 89
23 92
23 110
24 24
24 25
24 27
24 30
24 31
24 44
24 45
24 49
24 64
24 65
24 67
24 105
25 25
25 26
25 27
25 30
25 31
25 39
25 45
25 64
25 65
25 67
25 87
25 88
25 89
26 26
26 27
26 34
26 38
26 39
26 54
26 68
26 70
26 82
26 86
26 88
26 89
26 105
26 106
27 27
27 31
27 34
27 38
27 39
27 41
27 54
27 64
27 67
27 70
27 77
27 82
27 83
27 84
27 86
27 87
27 88
27 89
28 28
28 29
28 32
28 33
28 34
28 36
28 37
28 38
28 40
28 41
28 56
28 57
28 62
28 63
28 70
28 72
28 74
28 76
28 78
28 79
28 80
28 81
28 82
28 83
28 84
28 85
28 94
29 29
29 33
29 34
29 36
29 37
29 38
29 40
29 41
29 56
29 60
29 61
29 62
29 63
29 70
29 72
29 73
29 74
29 75
29 76
29 77
29 78
29 79
29 80
29 81
29 82
29 83
29 84
29 85
29 94
29 95
30 30
30 31
30 44
30 49
30 64
30 65
30 83
30 105
30 114
31 31
31 64
31 70
31 83
31 88
31 105
31 114
32 32
32 33
32 34
32 36
32 40
32 41
32 54
32 68
32 72
32 73
32 74
32 75
32 76
32 78
32 80
32 82
32 84
32 85
32 87
33 33
33 34
33 35
33 36
33 38
33 40
33 41
33 60
33 61
33 64
33 71
33 72
33 75
33 76
33 77
33 78
33 79
33 80
33 81
33 82
33 83
33 84
33 87
34 34
34 35
34 38
34 39
34 41
34 66
34 74
34 76
34 78
34 79
34 84
35 35
35 64
35 65
35 71
35 73
35 76
35 77
35 79
35 82
35 84
35 92
35 93
35 110
36 36
36 37
36 38
36 40
36 41
36 54
36 56
36 60
36 62
36 63
36 68
36 70
36 72
36 73
36 74
36 75
36 76
36 78
36 79
36 80
36 81
36 94
36 95
36 96
36 108
36 109
37 37
37 38
37 39
37 40
37 41
37 54
37 70
37 72
37 73
37 74
37 75
37 76
37 77
37 78
37 79
37 80
37 81
37 83
37 94
37 95
37 96
37 108
37 109
38 38
38 39
38 40
38 41
38 54
38 70
38 72
38 73
38 74
38 75
38 76
38 77
38 78
38 79
38 82
38 83
38 87
38 88
38 89
38 96
38 109
39 39
39 40
39 41
39 54
39 70
39 83
39 88
39 89
39 96
39 109
40 40
40 41
40 54
40 56
40 60
40 62
40 63
40 70
40 71
40 72
40 73
40 74
40 75
40 76
40 77
40 78
40 79
40 80
40 81
40 82
40 83
40 84
40 85
40 94
40 96
41 41
41 54
41 56
41 60
41 62
41 68
41 70
41 71
41 72
41 73
41 74
41 75
41 76
41 77
41 78
41 79
41 80
41 81
41 82
41 83
41 87
41 89
41 109
42 42
42 43
42 44
42 45
42 46
42 47
42 48
42 49
42 51
42 53
42 55
42 90
42 96
42 98
42 99
42 102
42 110
42 111
42 112
42 113
43 43
43 44
43 45
43 46
43 47
43 48
43 49
43 53
43 55
43 67
43 90
43 96
43 98
43 110
43 113
44 44
44 45
44 46
44 47
44 48
44 49
44 66
44 67
44 113
45 45
45 46
45 47
45 48
45 49
45 50
45 55
45 66
45 67
45 110
45 113
46 46
46 47
46 48
46 50
46 51
46 52
46 53
46 55
46 85
46 90
46 96
46 98
46 99
46 110
46 111
47 47
47 48
47 50
47 51
47 53
47 55
47 62
47 90
47 96
47 98
47 102
47 110
48 48
48 49
48 50
48 51
48 52
48 53
48 55
48 58
48 59
48 67
48 69
48 90
48 91
48 93
48 98
48 99
48 102
48 106
48 111
48 112
48 113
49 49
49 51
49 53
49 59
49 66
49 67
49 113
50 50
50 51
50 52
50 53
50 55
50 58
50 66
50 67
50 90
50 91
50 92
50 93
50 98
50 106
51 51
51 52
51 53
51 55
51 58
51 59
51 61
51 65
51 69
51 90
51 91
51 92
51 93
51 98
51 99
51 100
51 102
51 106
51 111
51 112
52 52
52 53
52 54
52 55
52 58
52 60
52 62
52 75
52 85
52 90
52 91
52 92
52 93
52 98
52 102
53 53
53 55
53 58
53 61
53 62
53 63
53 80
53 85
53 90
53 91
53 93
53 98
53 99
53 102
53 111
54 54
54 55
54 75
54 76
54 82
54 84
54 86
54 87
54 88
54 89
54 96
55 55
55 89
55 90
55 96
55 98
55 110
56 56
56 57
56 60
56 62
56 63
56 68
56 72
56 74
56 78
56 79
56 80
56 81
56 95
56 97
56 99
56 101
56 104
56 108
56 111
56 112
56 113
57 57
57 59
57 62
57 63
57 68
57 78
57 80
57 81
57 83
57 101
57 103
57 105
57 114
57 115
58 58
58 59
58 60
58 61
58 65
58 69
58 90
58 91
58 92
58 93
58 98
58 100
58 101
58 102
58 103
58 104
58 106
58 108
59 59
59 61
59 63
59 65
59 66
59 69
59 91
59 103
59 104
59 105
59 106
59 114
59 115
60 60
60 61
60 62
60 63
60 72
60 75
60 80
60 81
60 90
60 92
60 100
60 101
60 102
60 103
61 61
61 62
61 63
61 65
61 69
61 90
61 91
61 92
61 93
61 100
61 101
61 102
61 103
62 62
62 63
62 72
62 78
62 79
62 80
62 81
62 85
62 101
62 102
63 63
63 72
63 78
63 79
63 80
63 81
63 83
63 101
63 102
63 103
64 64
64 65
64 82
64 84
64 86
64 87
64 88
64 89
65 65
65 69
65 91
65 92
65 93
65 106
66 66
66 67
66 69
66 115
67 67
67 86
67 88
67 113
67 114
68 68
68 69
68 78
68 89
68 103
69 69
69 103
69 108
70 70
70 72
70 73
70 74
70 75
70 76
70 78
70 79
70 105
70 107
70 109
71 71
71 73
71 75
71 76
71 77
71 82
71 87
71 88
71 89
71 107
72 72
72 73
72 74
72 75
72 76
72 78
72 79
72 80
72 81
72 85
72 94
73 73
73 74
73 75
73 76
73 77
73 79
73 96
73 97
73 109
73 110
74 74
74 75
74 76
74 77
74 78
74 79
74 80
74 81
74 95
74 96
74 98
74 108
74 109
75 75
75 76
75 77
75 79
75 82
76 76
76 77
76 78
76 79
76 84
76 96
76 98
76 109
76 110
77 77
77 79
77 82
77 96
77 109
77 110
78 78
78 79
78 80
78 81
78 83
79 79
79 80
79 81
79 96
79 109
80 80
80 81
80 83
80 84
80 85
80 101
80 108
81 81
81 83
81 85
81 94
81 96
81 108
82 82
82 83
82 84
82 86
82 87
82 88
82 89
83 83
83 84
83 85
83 88
83 89
84 84
84 85
84 86
84 87
84 88
85 85
85 98
86 86
86 87
86 88
86 89
86 95
86 97
87 87
87 88
87 89
87 97
87 100
88 88
88 89
88 105
88 107
88 114
89 89
90 90
90 91
90 92
90 93
90 98
90 99
90 100
90 101
90 102
90 103
90 106
90 112
91 91
91 92
91 93
91 98
91 99
91 100
91 101
91 102
91 103
91 104
91 106
91 111
91 112
91 113
92 92
92 93
92 98
92 99
92 100
92 101
92 102
92 103
92 106
92 112
93 93
93 98
93 99
93 100
93 101
93 102
93 103
93 106
93 111
93 112
94 94
94 95
94 96
94 97
94 103
94 104
94 105
94 108
94 109
94 113
94 114
94 115
95 95
95 97
95 99
95 100
95 104
95 106
95 108
95 109
95 111
95 112
95 113
95 114
95 115
96 96
96 97
96 98
96 109
96 110
97 97
97 98
97 99
97 100
97 101
97 103
97 104
97 108
97 109
97 110
97 111
97 112
97 113
97 114
97 115
98 98
98 99
98 100
98 101
98 102
98 108
98 110
98 111
98 112
98 113
99 99
99 100
99 101
99 102
99 103
99 104
99 106
99 108
99 109
99 111
99 112
99 113
99 114
99 115
100 100
100 101
100 102
100 103
100 104
100 108
100 112
100 113
100 115
101 101
101 102
101 103
101 104
101 111
101 112
101 113
101 114
101 115
102 102
102 103
102 104
102 106
103 103
103 104
103 105
103 106
103 113
103 114
103 115
104 104
104 105
104 106
104 107
104 109
104 111
104 112
104 114
104 115
105 105
105 107
105 109
105 111
105 112
105 113
105 114
105 115
106 106
106 107
106 111
106 112
107 107
107 109
107 111
107 114
107 115
108 108
108 109
108 112
108 113
108 114
109 109
109 111
109 112
109 114
109 115
110 110
111 111
111 112
111 113
112 112
112 113
112 114
113 113
113 114
113 115
114 114
114 115
115 115
