0 0
0 1
0 2
0 6
0 7
0 10
0 11
0 12
0 13
0 18
0 19
0 30
0 32
0 33
0 56
0 57
0 58
0 60
0 61
0 63
0 65
0 101
1 1
1 7
1 9
1 10
1 11
1 13
1 15
1 18
1 19
1 51
1 53
1 56
1 57
1 61
1 65
1 85
1 107
2 2
2 6
2 7
2 9
2 11
2 18
2 64
2 65
2 102
2 108
3 3
3 7
3 22
3 23
3 27
3 46
3 50
3 52
3 53
3 54
3 84
3 85
3 86
3 87
3 88
3 89
3 90
3 92
3 114
4 4
4 6
4 8
4 18
4 26
4 28
4 29
4 30
4 32
4 33
4 40
4 44
4 60
4 62
4 64
4 66
4 72
4 76
4 81
4 83
5 5
5 20
5 21
5 26
5 27
5 43
5 45
5 48
5 53
5 91
5 99
5 101
5 107
5 110
6 6
6 7
6 10
6 12
6 13
6 18
6 30
6 31
6 32
6 33
6 60
6 62
6 64
6 72
6 73
6 74
6 76
6 101
7 7
7 9
7 11
7 12
7 13
7 49
7 50
7 51
7 61
7 65
8 8
8 24
8 33
8 57
8 58
8 67
8 69
8 79
9 9
9 24
9 39
9 41
9 49
9 51
9 61
9 65
9 70
9 75
9 92
9 94
9 102
10 10
10 11
10 12
10 13
10 16
10 17
10 18
10 28
10 29
10 30
10 31
10 32
10 33
10 56
10 57
10 60
10 62
10 63
10 64
10 72
11 11
11 12
11 13
11 15
11 18
11 32
11 49
11 51
11 60
11 61
11 63
11 64
11 65
12 12
12 13
12 16
12 17
12 18
12 30
12 31
12 32
12 33
12 34
12 58
12 60
12 62
12 63
12 64
12 66
13 13
13 15
13 17
13 18
13 32
13 51
13 60
13 61
13 63
13 64
13 65
14 14
14 22
14 23
14 24
14 25
14 27
14 28
14 29
14 34
14 37
14 38
14 39
14 40
14 41
14 70
14 71
14 72
14 73
14 74
14 75
14 76
14 77
14 78
14 79
14 80
14 81
14 82
14 83
14 84
14 86
14 88
15 15
15 24
15 27
15 57
15 84
15 85
16 16
16 17
16 28
16 29
16 30
16 31
16 32
16 33
16 34
16 37
16 40
16 62
16 63
16 64
16 72
16 73
16 74
16 75
16 78
16 79
16 80
16 81
16 83
16 102
16 115
17 17
17 28
17 29
17 31
17 32
17 33
17 56
17 57
17 60
17 62
17 63
17 64
17 68
17 72
17 74
17 75
17 78
17 79
17 80
17 81
17 102
17 104
17 115
18 18
18 19
18 32
18 33
18 42
18 44
18 45
18 46
18 56
18 57
18 58
18 60
18 62
18 63
18 64
18 66
18 68
19 19
19 23
19 33
19 57
19 58
19 67
19 68
19 69
19 83
19 96
19 106
19 112
20 20
20 21
20 26
20 27
20 36
20 41
20 42
20 43
20 46
20 53
20 54
20 55
20 66
20 87
20 94
20 95
20 97
20 99
20 101
20 108
20 109
20 113
21 21
21 26
21 27
21 42
21 43
21 44
21 45
21 46
21 47
21 48
21 49
21 50
21 51
21 66
21 84
21 85
21 95
21 101
21 109
22 22
22 23
22 25
22 26
22 27
22 38
22 39
22 50
22 51
22 71
22 82
22 84
22 85
22 86
22 87
22 88
22 89
23 23
23 25
23 27
23 34
23 38
23 39
23 67
23 69
23 70
23 71
23 77
23 82
23 86
23 87
23 88
23 89
23 90
23 91
23 92
23 104
23 105
23 106
23 110
23 112
23 114
24 24
24 25
24 27
24 40
24 70
24 71
24 73
24 74
24 76
24 77
24 79
25 25
25 26
25 27
25 34
25 36
25 38
25 39
25 50
25 67
25 70
25 71
25 77
25 82
25 85
25 86
25 87
25 89
25 91
25 110
26 26
26 27
26 42
26 43
26 47
26 51
26 87
26 101
27 27
27 39
27 43
27 46
27 48
27 50
27 51
27 54
27 55
27 59
27 71
27 84
27 85
27 86
27 87
27 88
27 89
27 97
27 109
28 28
28 29
28 30
28 31
28 32
28 34
28 35
28 36
28 37
28 40
28 41
28 62
28 64
28 72
28 73
28 74
28 75
28 76
28 78
28 79
28 80
28 81
28 83
28 102
28 104
28 115
29 29
29 30
29 31
29 32
29 33
29 34
29 36
29 37
29 40
29 62
29 63
29 64
29 72
29 73
29 74
29 75
29 76
29 78
29 79
29 80
29 81
29 102
29 104
29 115
30 30
30 31
30 32
30 33
30 34
30 62
30 64
30 70
30 72
30 73
30 74
30 75
30 76
30 77
31 31
31 32
31 33
31 34
31 35
31 37
31 60
31 62
31 64
31 70
31 72
31 73
31 74
31 75
31 76
31 77
31 79
31 81
31 101
31 115
32 32
32 33
32 56
32 57
32 60
32 62
32 63
32 64
32 66
32 72
32 74
32 79
32 81
32 101
33 33
33 40
33 56
33 57
33 58
33 60
33 62
33 63
33 64
33 72
33 73
33 74
33 75
33 76
33 77
33 79
33 81
33 83
33 101
34 34
34 35
34 36
34 37
34 64
34 72
34 74
34 76
34 78
34 79
34 81
34 115
35 35
35 36
35 37
35 38
35 64
35 78
35 80
35 81
35 88
35 91
35 93
35 105
35 106
35 110
35 111
35 112
35 113
35 114
35 115
36 36
36 37
36 38
36 39
36 40
36 41
36 70
36 71
36 72
36 73
36 74
36 76
36 77
36 78
36 80
36 81
36 82
36 95
36 97
36 109
36 110
37 37
37 38
37 39
37 40
37 41
37 70
37 72
37 73
37 74
37 75
37 76
37 77
37 78
37 79
37 80
37 81
37 82
37 83
37 86
37 95
37 105
37 110
37 111
37 115
38 38
38 39
38 40
38 41
38 54
38 55
38 70
38 71
38 78
38 80
38 82
38 83
38 86
38 87
38 88
38 89
38 91
38 92
38 97
38 98
38 104
38 105
38 109
38 110
38 111
38 112
38 114
39 39
39 40
39 41
39 54
39 55
39 59
39 67
39 70
39 71
39 73
39 75
39 76
39 77
39 80
39 82
39 83
39 86
39 87
39 88
39 89
39 91
39 92
39 96
39 97
39 99
39 105
39 110
40 40
40 41
40 62
40 70
40 72
40 73
40 74
40 75
40 76
40 77
40 78
40 79
40 80
40 81
40 82
40 83
40 95
41 41
41 54
41 55
41 70
41 71
41 72
41 73
41 74
41 75
41 76
41 77
41 80
41 82
41 83
41 86
41 87
41 88
41 89
41 90
41 91
41 94
41 97
41 99
41 102
41 109
41 110
42 42
42 43
42 44
42 45
42 46
42 47
42 48
42 49
42 50
42 51
42 55
42 59
42 61
42 66
42 84
42 85
42 98
42 108
42 109
42 111
43 43
43 44
43 45
43 46
43 47
43 48
43 49
43 50
43 51
43 54
43 55
43 59
43 61
43 84
43 85
43 94
43 96
43 98
43 99
43 108
43 109
44 44
44 45
44 46
44 47
44 48
44 49
44 60
44 62
44 63
44 64
44 66
44 85
44 98
44 107
44 109
45 45
45 46
45 47
45 48
45 49
45 51
45 55
45 58
45 67
45 96
45 99
45 107
45 109
46 46
46 47
46 48
46 49
46 50
46 51
46 52
46 54
46 55
46 59
46 66
46 68
46 84
46 85
46 94
46 96
46 98
46 99
46 108
46 109
47 47
47 48
47 49
47 50
47 51
47 53
47 55
47 59
47 61
47 67
47 84
47 85
47 87
47 92
47 94
47 96
47 99
47 107
47 109
47 110
48 48
48 49
48 50
48 51
48 55
48 58
48 59
48 61
48 65
48 87
48 100
48 107
49 49
49 50
49 51
49 55
49 58
49 59
49 61
49 65
49 100
49 107
50 50
50 51
50 52
50 53
50 54
50 55
50 59
50 84
50 85
50 86
50 87
50 88
50 89
51 51
51 53
51 59
51 61
51 65
51 87
51 92
51 107
52 52
52 53
52 54
52 55
52 68
52 86
52 87
52 88
52 89
52 90
52 92
52 98
52 103
52 104
52 114
53 53
53 54
53 55
53 85
53 89
53 91
53 94
53 99
53 108
54 54
54 55
54 59
54 78
54 84
54 86
54 87
54 88
54 89
54 90
54 91
54 92
54 93
54 94
54 96
54 97
54 98
54 99
54 103
54 104
54 105
54 109
54 110
54 111
54 113
54 114
55 55
55 59
55 84
55 86
55 87
55 88
55 89
55 92
55 94
55 96
55 97
55 98
55 99
55 103
55 108
55 109
55 110
55 113
56 56
56 57
56 58
56 60
56 63
56 66
56 68
56 79
56 81
57 57
57 58
57 60
57 63
57 66
57 68
57 79
57 83
58 58
58 59
58 60
58 61
58 66
58 67
58 106
58 107
59 59
59 67
59 71
59 86
59 87
59 92
59 96
59 97
59 98
59 109
59 113
60 60
60 61
60 62
60 63
60 64
60 66
60 101
61 61
61 63
61 65
61 107
62 62
62 63
62 64
62 66
62 72
62 79
62 80
62 81
62 102
62 115
63 63
63 64
63 66
63 72
63 79
63 81
63 101
63 108
64 64
64 66
64 72
64 81
64 115
65 65
66 66
66 68
66 69
66 95
66 101
66 106
66 107
66 109
66 113
66 115
67 67
67 69
67 82
67 86
67 87
67 90
67 91
67 92
67 96
67 99
67 105
67 106
67 110
67 112
68 68
68 69
68 79
68 98
68 106
68 107
68 113
69 69
69 83
69 90
69 91
69 92
69 93
69 96
69 97
69 98
69 105
69 106
69 110
69 112
69 114
70 70
70 71
70 72
70 73
70 74
70 75
70 76
70 77
70 80
70 82
70 83
71 71
71 73
71 75
71 76
71 77
71 82
71 86
71 87
71 112
72 72
72 73
72 74
72 75
72 76
72 77
72 78
72 79
72 80
72 81
72 83
72 102
73 73
73 74
73 75
73 76
73 77
73 79
73 80
73 81
73 95
73 102
74 74
74 75
74 76
74 77
74 79
74 80
74 81
74 83
74 95
75 75
75 76
75 77
75 79
75 80
75 81
75 83
75 102
76 76
76 77
76 79
76 80
76 81
76 82
76 83
77 77
77 80
77 82
77 83
77 86
78 78
78 79
78 80
78 81
78 88
78 104
78 105
78 114
78 115
79 79
79 80
79 81
79 115
80 80
80 81
80 82
80 83
80 105
81 81
81 102
81 115
82 82
82 83
82 84
82 86
82 87
82 88
82 89
82 90
82 91
82 92
82 94
82 97
82 109
82 110
83 83
84 84
84 85
84 86
84 87
84 88
84 89
84 97
84 109
85 85
85 89
85 108
86 86
86 87
86 88
86 89
86 90
86 91
86 92
86 94
86 96
86 97
86 98
86 99
86 105
86 109
86 110
86 114
87 87
87 88
87 89
87 90
87 91
87 92
87 94
87 96
87 97
87 98
87 99
87 109
88 88
88 89
88 90
88 92
88 94
88 97
88 98
88 103
88 104
88 105
88 109
88 113
88 114
89 89
89 90
89 91
89 92
89 94
89 96
89 97
89 98
89 103
89 104
89 109
89 113
89 114
90 90
90 91
90 92
90 93
90 94
90 96
90 97
90 98
90 99
90 104
90 105
90 106
90 109
90 110
90 112
90 113
90 114
91 91
91 92
91 93
91 96
91 97
91 98
91 99
91 103
91 104
91 105
91 106
91 109
91 110
91 111
91 112
91 113
91 114
91 115
92 92
92 93
92 94
92 96
92 97
92 98
92 99
92 104
92 105
92 106
92 109
92 110
92 112
92 113
92 114
93 93
93 97
93 98
93 99
93 101
93 102
93 103
93 104
93 105
93 106
93 109
93 110
93 111
93 112
93 113
93 114
93 115
94 94
94 96
94 97
94 98
94 99
94 103
94 108
94 109
94 110
94 113
95 95
95 101
95 102
95 106
95 115
96 96
96 97
96 98
96 99
96 103
96 105
96 109
96 110
96 111
96 113
97 97
97 98
97 99
97 102
97 103
97 105
97 109
97 110
97 112
97 113
97 114
98 98
98 99
98 103
98 104
98 105
98 109
98 110
98 111
98 112
98 113
98 114
98 115
99 99
99 103
99 105
99 106
99 107
99 109
99 110
99 111
99 112
99 113
99 114
99 115
100 100
100 107
101 101
101 102
101 108
102 102
102 103
103 103
103 105
103 109
103 110
103 113
103 114
103 115
104 104
104 105
104 111
104 112
104 113
104 114
104 115
105 105
105 106
105 109
105 110
105 111
105 112
105 113
105 114
105 115
106 106
106 107
106 110
106 111
106 112
106 113
106 115
107 107
108 108
109 109
109 110
109 111
109 112
109 113
110 110
110 111
110 112
110 113
110 114
110 115
111 111
111 112
111 113
111 114
111 115
112 112
112 113
112 114
112 115
113 113
113 114
113 115
114 114
114 115
115 115
