0 0
0 1
0 10
0 14
0 16
0 18
0 22
0 28
0 52
0 56
0 57
0 58
0 60
0 64
0 68
0 74
0 75
0 76
0 82
0 88
0 92
0 93
0 94
0 98
0 99
0 103
0 107
0 115
1 1
1 16
1 17
1 19
1 28
1 29
1 32
1 36
1 41
1 56
1 57
1 62
1 63
1 68
1 71
1 72
1 73
1 78
1 80
1 81
1 100
1 101
1 109
1 114
2 2
2 4
2 5
2 6
2 7
2 8
2 9
2 10
2 12
2 14
2 15
2 18
2 24
2 48
2 50
2 58
2 60
2 91
2 93
2 99
2 100
2 101
2 102
2 106
2 107
2 112
3 3
3 7
3 20
3 22
3 23
3 25
3 27
3 30
3 31
3 53
3 64
3 65
3 83
3 84
3 85
3 86
3 87
3 88
3 92
4 4
4 5
4 6
4 8
4 9
4 12
4 14
4 15
4 22
4 24
4 26
4 38
4 48
4 52
4 60
4 88
4 93
4 98
4 99
4 107
5 5
5 6
5 8
5 9
5 14
5 15
5 20
5 22
5 24
5 25
5 26
5 27
5 35
5 38
5 39
5 55
5 58
5 60
5 61
5 64
5 65
5 69
5 82
5 88
5 89
5 92
5 94
5 107
5 115
6 6
6 7
6 8
6 9
6 10
6 12
6 13
6 14
6 15
6 18
6 22
6 50
6 58
6 60
6 64
6 65
6 88
6 90
6 91
6 92
6 93
6 101
6 115
7 7
7 8
7 9
7 11
7 12
7 13
7 29
7 30
7 32
7 33
7 34
7 45
7 50
7 67
7 72
7 85
8 8
8 9
8 10
8 12
8 13
8 14
8 15
8 18
8 22
8 48
8 51
8 52
8 54
8 58
8 60
8 64
8 65
8 88
8 90
8 91
8 92
8 93
8 103
9 9
9 10
9 11
9 12
9 13
9 14
9 15
9 48
9 50
9 52
9 58
9 60
9 61
9 65
9 90
9 92
10 10
10 11
10 12
10 13
10 14
10 15
10 18
10 22
10 28
10 58
10 60
10 64
10 65
10 70
10 75
10 76
10 82
10 88
10 90
10 92
10 93
10 99
11 11
11 12
11 13
11 29
11 32
11 33
11 34
11 45
11 58
11 60
11 61
11 65
11 77
11 85
11 114
12 12
12 13
12 14
12 15
12 18
12 33
12 48
12 50
12 54
12 58
12 60
12 61
12 65
12 76
12 93
12 106
13 13
13 15
13 33
13 34
13 50
13 54
13 58
13 60
13 61
13 65
13 76
14 14
14 15
14 18
14 22
14 23
14 25
14 26
14 27
14 38
14 60
14 64
14 65
14 82
14 86
14 88
14 89
14 91
14 92
14 93
14 98
14 99
14 107
14 115
15 15
15 22
15 23
15 26
15 28
15 38
15 60
15 82
15 88
15 98
15 99
15 107
15 112
16 16
16 17
16 20
16 29
16 30
16 32
16 33
16 36
16 40
16 54
16 56
16 57
16 63
16 72
16 73
17 17
17 29
17 30
17 32
17 37
17 52
17 53
17 56
17 57
17 59
17 61
17 63
17 68
17 71
17 72
17 73
17 78
17 79
17 80
17 81
17 101
17 106
17 113
18 18
18 19
18 28
18 29
18 64
18 68
18 72
18 73
18 74
18 75
18 90
18 108
19 19
19 28
19 29
19 30
19 32
19 33
19 41
19 57
19 59
19 63
19 68
19 69
19 72
19 73
19 78
19 80
19 81
19 83
19 103
19 105
19 106
19 109
19 113
20 20
20 21
20 26
20 27
20 30
20 31
20 40
20 41
20 55
20 56
20 69
20 78
20 82
20 83
20 85
20 86
20 94
20 107
20 115
21 21
21 23
21 25
21 26
21 27
21 30
21 31
21 33
21 34
21 37
21 38
21 40
21 41
21 56
21 71
21 77
21 78
21 79
21 82
21 84
21 85
21 86
21 87
21 94
21 97
21 100
21 107
21 114
21 115
22 22
22 23
22 24
22 25
22 26
22 27
22 38
22 52
22 53
22 57
22 64
22 69
22 82
22 86
22 87
22 88
22 89
22 91
22 92
22 93
22 98
22 99
22 101
22 103
22 107
22 113
22 115
23 23
23 25
23 26
23 27
23 30
23 31
23 35
23 37
23 38
23 39
23 53
23 64
23 82
23 83
23 84
23 85
23 86
23 87
23 88
23 89
23 92
23 98
23 107
23 113
23 115
24 24
24 25
24 26
24 27
24 31
24 38
24 54
24 97
24 98
24 112
25 25
25 26
25 27
25 31
25 35
25 37
25 38
25 39
25 56
25 64
25 65
25 71
25 82
25 84
25 86
25 87
25 88
25 89
25 113
25 114
26 26
26 27
26 31
26 37
26 38
26 39
26 64
26 82
26 86
26 87
26 88
26 93
26 98
26 99
26 101
26 107
27 27
27 31
27 35
27 36
27 37
27 38
27 39
27 55
27 56
27 57
27 64
27 69
27 79
27 82
27 84
27 86
27 87
27 88
27 89
27 94
27 95
27 107
27 115
28 28
28 29
28 30
28 31
28 41
28 57
28 68
28 71
28 72
28 73
28 74
28 75
28 81
28 82
28 83
28 101
28 105
28 108
28 109
28 114
29 29
29 30
29 31
29 32
29 33
29 34
29 40
29 41
29 45
29 62
29 63
29 71
29 72
29 73
29 80
29 81
29 83
29 85
30 30
30 31
30 32
30 33
30 38
30 40
30 41
30 53
30 63
30 71
30 72
30 73
30 74
30 75
30 78
30 79
30 80
30 81
30 83
30 84
30 85
30 101
30 113
31 31
31 33
31 37
31 38
31 41
31 43
31 71
31 72
31 75
31 77
31 78
31 79
31 80
31 81
31 82
31 83
31 84
31 85
31 86
31 87
31 101
31 112
31 113
31 114
32 32
32 33
32 34
32 40
32 41
32 45
32 62
32 63
32 66
32 71
32 72
32 73
32 77
32 78
32 80
32 81
32 85
32 106
32 109
32 114
33 33
33 34
33 40
33 41
33 62
33 63
33 71
33 72
33 73
33 74
33 75
33 76
33 77
33 78
33 80
33 81
33 83
33 85
33 106
34 34
34 35
34 40
34 45
34 62
34 66
34 67
34 71
34 75
34 77
34 83
34 100
34 106
34 114
35 35
35 45
35 50
35 65
35 66
35 67
35 84
35 88
35 110
35 114
36 36
36 37
36 38
36 39
36 40
36 55
36 56
36 57
36 62
36 68
36 72
36 73
36 74
36 75
36 76
36 77
36 79
36 80
36 81
36 84
36 89
36 95
36 96
36 97
37 37
37 38
37 39
37 41
37 56
37 57
37 59
37 68
37 71
37 78
37 79
37 80
37 81
37 82
37 84
37 86
37 87
37 94
37 105
38 38
38 39
38 41
38 56
38 57
38 75
38 78
38 79
38 80
38 81
38 82
38 84
38 86
38 87
38 88
38 89
38 97
38 98
38 107
39 39
39 55
39 56
39 57
39 68
39 69
39 79
39 80
39 81
39 84
39 86
39 87
39 88
39 89
39 94
39 95
39 96
39 97
39 104
39 110
40 40
40 45
40 55
40 62
40 63
40 72
40 83
40 84
40 85
40 94
40 96
40 97
41 41
41 62
41 63
41 66
41 71
41 72
41 73
41 74
41 75
41 78
41 80
41 81
41 83
41 101
41 106
41 107
41 109
41 114
42 42
42 43
42 44
42 45
42 46
42 47
42 48
42 49
42 50
42 51
42 55
42 96
42 97
42 111
43 43
43 44
43 45
43 46
43 47
43 48
43 49
43 50
43 51
43 52
43 71
43 87
43 96
43 97
43 110
43 111
43 112
44 44
44 45
44 46
44 47
44 48
44 49
44 50
44 51
44 66
44 67
44 85
44 96
44 97
44 108
44 110
44 111
45 45
45 46
45 47
45 49
45 50
45 62
45 63
45 66
45 67
45 72
45 83
45 85
45 96
45 109
45 110
45 111
46 46
46 47
46 48
46 49
46 50
46 51
46 55
46 90
46 96
46 97
46 108
46 111
47 47
47 48
47 49
47 50
47 51
47 59
47 63
47 66
47 67
47 96
47 97
47 108
47 109
47 110
47 111
48 48
48 49
48 50
48 51
48 52
48 54
48 55
48 58
48 59
48 60
48 61
48 90
48 96
48 102
48 104
48 108
48 111
49 49
49 50
49 51
49 53
49 55
49 73
49 96
49 97
49 102
49 108
49 111
50 50
50 51
50 54
50 55
50 58
50 60
50 66
50 67
50 96
50 108
50 111
51 51
51 52
51 53
51 54
51 58
51 59
51 96
51 97
51 102
51 108
51 111
52 52
52 53
52 57
52 61
52 79
52 89
52 91
52 93
52 98
52 99
52 102
52 112
53 53
53 56
53 57
53 68
53 69
53 78
53 79
53 81
53 87
53 88
53 89
53 91
53 92
53 98
53 112
53 113
54 54
54 60
54 67
54 89
54 95
54 96
54 110
55 55
55 69
55 88
55 89
55 90
55 92
55 94
55 95
55 96
55 97
55 102
55 103
56 56
56 57
56 68
56 78
56 79
56 80
56 81
56 82
56 84
56 86
56 87
56 114
57 57
57 68
57 78
57 79
57 80
57 81
57 82
57 86
57 87
57 88
57 89
57 105
58 58
58 59
58 60
58 61
58 65
58 66
58 67
58 96
58 102
58 106
59 59
59 61
59 63
59 66
59 67
59 80
59 97
59 102
59 104
59 106
59 109
60 60
60 61
60 64
60 65
60 76
60 93
60 107
61 61
61 63
61 65
61 106
62 62
62 63
62 66
62 67
62 68
62 72
62 73
62 74
62 75
62 77
62 80
62 81
62 84
62 85
62 106
62 114
63 63
63 66
63 67
63 68
63 72
63 73
63 78
63 79
63 80
63 81
63 83
63 106
63 109
64 64
64 65
64 82
64 84
64 86
64 87
64 88
64 89
64 91
64 92
64 93
64 99
64 103
64 115
65 65
65 76
65 77
65 88
65 92
66 66
66 67
66 96
66 97
66 102
66 106
66 108
66 109
66 110
66 111
67 67
67 85
67 96
67 106
67 109
67 110
68 68
68 69
68 78
68 80
68 81
68 89
68 97
68 98
68 101
68 103
68 104
68 105
68 106
68 108
68 109
69 69
69 78
69 79
69 80
69 82
69 86
69 88
69 93
69 94
69 103
69 104
69 107
69 115
70 70
70 71
70 73
70 75
71 71
71 72
71 73
71 75
71 77
71 78
71 80
71 83
71 101
71 106
71 109
71 114
72 72
72 73
72 74
72 75
72 78
72 79
72 80
72 81
72 83
72 85
73 73
73 74
73 75
73 76
73 80
73 81
73 109
74 74
74 75
74 76
74 79
74 80
74 81
74 84
74 96
74 98
74 99
74 113
75 75
75 76
75 77
75 83
75 84
75 96
75 108
75 109
75 114
76 76
76 77
76 96
76 99
77 77
77 84
77 101
77 106
77 107
77 109
77 114
78 78
78 79
78 80
78 81
78 82
78 83
78 87
78 94
78 101
78 106
78 107
78 114
79 79
79 80
79 81
79 82
79 86
79 87
79 98
80 80
80 81
80 84
80 87
80 106
80 113
81 81
81 83
81 84
81 113
82 82
82 83
82 84
82 86
82 87
82 88
82 92
82 93
82 101
82 107
82 113
82 115
83 83
83 85
83 113
84 84
84 85
84 86
84 87
84 88
85 85
85 86
85 87
86 86
86 87
86 88
86 89
86 94
86 104
86 107
86 115
87 87
87 88
87 113
87 114
88 88
88 89
88 91
88 92
88 93
88 98
88 99
88 103
88 104
88 107
88 115
89 89
89 91
89 92
89 95
89 98
89 99
89 103
89 112
89 113
90 90
90 91
90 92
90 93
90 99
90 103
90 104
90 105
91 91
91 92
91 93
91 98
91 99
91 101
91 102
91 103
91 104
91 105
91 111
91 112
91 113
92 92
92 93
92 95
92 98
92 99
92 103
92 113
92 115
93 93
93 98
93 99
93 101
93 102
93 103
93 104
93 105
93 107
93 113
93 115
94 94
94 95
94 97
94 103
94 104
94 107
94 110
94 115
95 95
95 96
95 97
95 103
95 104
95 105
95 108
95 110
96 96
96 97
96 98
96 108
96 109
96 110
96 111
97 97
97 109
97 110
97 111
98 98
98 99
98 101
98 102
98 103
98 107
98 110
98 111
98 112
98 113
99 99
99 100
99 101
99 102
99 103
99 107
99 110
99 111
99 112
99 113
100 100
100 101
100 102
100 106
100 109
100 112
100 113
101 101
101 102
101 105
101 106
101 107
101 111
101 112
101 113
101 114
102 102
102 103
102 104
102 107
102 111
102 115
103 103
103 104
103 105
103 113
103 115
104 104
104 105
104 108
104 113
104 115
105 105
105 106
105 108
105 113
105 115
106 106
106 107
106 109
106 114
107 107
107 115
108 108
108 109
109 109
110 110
110 111
111 111
111 112
112 112
112 113
113 113
114 114
115 115
