0 0
0 2
0 6
0 10
0 12
0 14
0 16
0 18
0 22
0 28
0 30
0 60
0 64
0 82
0 84
0 86
0 88
0 91
0 93
0 101
1 1
1 3
1 7
1 11
1 13
1 17
1 29
1 32
1 39
1 40
1 50
1 51
1 57
1 58
1 59
1 60
1 61
1 65
1 83
1 85
1 89
2 2
2 3
2 4
2 6
2 7
2 8
2 9
2 10
2 12
2 14
2 18
2 22
2 23
2 30
2 42
2 54
2 64
2 82
2 86
2 88
2 90
2 91
2 92
2 93
2 95
2 98
2 100
2 101
2 102
2 103
2 104
2 108
2 109
2 111
2 112
2 113
2 114
3 3
3 4
3 5
3 7
3 8
3 9
3 10
3 11
3 13
3 14
3 15
3 22
3 23
3 50
3 52
3 58
3 64
3 65
3 75
3 88
3 90
3 91
3 92
3 93
3 112
4 4
4 5
4 7
4 8
4 9
4 10
4 14
4 15
4 22
4 26
4 30
4 31
4 35
4 50
4 64
4 65
4 67
4 75
4 83
4 88
4 91
4 92
4 93
4 112
5 5
5 7
5 8
5 9
5 14
5 15
5 20
5 23
5 26
5 27
5 34
5 35
5 41
5 48
5 50
5 64
5 65
5 75
5 77
5 91
5 92
5 100
5 112
6 6
6 7
6 9
6 10
6 12
6 14
6 18
6 22
6 30
6 42
6 64
6 91
6 93
6 95
6 98
6 101
6 104
6 108
6 109
6 111
6 112
6 113
7 7
7 8
7 9
7 13
7 14
7 15
7 22
7 23
7 50
7 58
7 59
7 64
7 65
7 75
7 83
7 88
7 90
7 91
7 92
7 93
7 102
7 112
7 113
8 8
8 9
8 10
8 12
8 14
8 15
8 22
8 64
8 65
8 88
8 93
8 113
9 9
9 10
9 12
9 13
9 14
9 15
9 22
9 23
9 41
9 52
9 54
9 60
9 64
9 65
9 75
9 91
9 92
9 98
9 101
9 106
9 112
10 10
10 12
10 14
10 18
10 22
10 28
10 30
10 31
10 53
10 64
10 71
10 82
10 84
10 88
10 91
10 92
10 93
10 97
10 100
10 101
10 103
10 108
10 112
11 11
11 13
11 15
11 21
11 50
11 61
11 65
11 83
11 105
11 107
11 114
12 12
12 13
12 14
12 15
12 18
12 41
12 48
12 54
12 64
12 73
12 75
12 95
12 101
12 108
12 111
13 13
13 14
13 15
13 29
13 41
13 48
13 59
13 61
13 73
13 75
13 83
13 87
14 14
14 15
14 18
14 22
14 30
14 31
14 64
14 65
14 82
14 83
14 88
14 91
14 92
14 93
14 101
14 102
15 15
15 20
15 21
15 26
15 41
15 52
15 64
15 65
15 75
15 83
15 95
15 97
15 115
16 16
16 17
16 19
16 28
16 29
16 32
16 33
16 37
16 46
16 47
16 53
16 56
16 57
16 60
16 62
16 63
16 69
16 72
16 78
16 79
16 80
16 81
16 85
17 17
17 19
17 28
17 29
17 32
17 33
17 36
17 37
17 40
17 46
17 56
17 57
17 61
17 62
17 63
17 69
17 72
17 78
17 79
17 80
17 81
17 83
17 84
17 85
18 18
18 19
18 22
18 28
18 30
18 31
18 64
18 70
18 71
18 72
18 74
18 75
18 82
18 84
18 88
18 93
18 100
18 101
18 112
19 19
19 28
19 29
19 31
19 32
19 33
19 56
19 57
19 63
19 68
19 69
19 71
19 72
19 78
19 79
19 81
19 84
20 20
20 21
20 26
20 27
20 31
20 35
20 43
20 44
20 45
20 71
20 78
20 94
20 97
20 107
20 110
21 21
21 26
21 27
21 30
21 31
21 43
21 44
21 45
21 49
21 70
21 71
21 75
21 87
21 94
21 95
21 96
21 97
21 105
21 107
21 108
21 115
22 22
22 23
22 24
22 25
22 30
22 52
22 64
22 70
22 82
22 86
22 88
22 90
22 91
22 92
22 93
22 95
22 98
22 99
22 100
22 101
22 102
22 103
22 104
22 108
22 109
22 112
22 113
22 114
23 23
23 25
23 26
23 30
23 34
23 42
23 88
23 90
23 91
23 92
23 93
23 95
23 98
23 99
23 100
23 101
23 102
23 103
23 108
23 109
23 112
23 113
24 24
24 25
24 27
24 28
24 38
24 39
24 70
24 90
24 91
24 93
24 98
24 103
24 104
24 106
24 109
24 113
25 25
25 27
25 30
25 42
25 43
25 47
25 70
25 91
25 92
25 93
25 99
25 100
25 102
25 109
26 26
26 27
26 30
26 31
26 35
26 50
26 70
26 71
26 82
26 88
26 91
26 92
26 100
26 110
27 27
27 35
27 39
27 44
27 56
27 57
27 67
27 68
27 70
27 71
27 78
27 80
27 82
27 91
27 109
28 28
28 29
28 30
28 40
28 53
28 71
28 72
28 73
28 81
28 82
28 84
28 104
28 105
28 107
28 114
29 29
29 32
29 33
29 36
29 37
29 40
29 41
29 51
29 56
29 57
29 62
29 63
29 68
29 69
29 72
29 73
29 78
29 79
29 80
29 81
29 83
29 85
29 107
29 115
30 30
30 31
30 34
30 35
30 64
30 70
30 71
30 82
30 84
30 86
30 88
30 91
30 92
30 93
30 95
30 100
30 101
30 108
30 109
30 112
30 113
31 31
31 44
31 45
31 49
31 70
31 71
31 82
31 84
31 88
31 95
31 97
31 100
31 107
31 108
31 115
32 32
32 33
32 36
32 37
32 38
32 39
32 40
32 44
32 46
32 55
32 56
32 57
32 58
32 59
32 60
32 61
32 62
32 63
32 66
32 67
32 68
32 69
32 72
32 78
32 79
32 80
32 81
32 83
32 85
32 94
32 96
32 106
33 33
33 38
33 39
33 46
33 56
33 57
33 58
33 61
33 63
33 66
33 68
33 69
33 78
33 79
33 80
33 81
33 84
33 85
33 87
33 96
33 106
34 34
34 35
34 58
34 66
34 67
34 68
34 75
34 76
34 77
34 106
34 110
35 35
35 45
35 50
35 58
35 66
35 67
35 68
35 75
35 76
35 77
35 87
35 92
35 106
36 36
36 37
36 38
36 40
36 43
36 46
36 53
36 55
36 56
36 72
36 78
36 79
36 80
36 81
36 84
36 85
36 94
36 96
36 115
37 37
37 40
37 41
37 44
37 46
37 51
37 55
37 56
37 57
37 59
37 61
37 62
37 63
37 69
37 73
37 78
37 79
37 80
37 81
37 83
37 85
37 89
37 94
37 96
38 38
38 39
38 40
38 46
38 54
38 55
38 57
38 68
38 69
38 78
38 87
38 89
38 94
38 96
38 98
38 104
38 106
38 115
39 39
39 40
39 41
39 56
39 57
39 58
39 59
39 66
39 68
39 69
39 78
39 80
39 81
39 83
39 86
39 87
39 89
39 91
39 94
39 98
39 106
39 109
40 40
40 41
40 44
40 49
40 51
40 55
40 56
40 71
40 72
40 73
40 74
40 78
40 80
40 81
40 83
40 85
40 87
40 89
40 94
40 96
40 105
40 115
41 41
41 44
41 48
41 49
41 51
41 55
41 62
41 72
41 73
41 74
41 75
41 76
41 77
41 80
41 83
41 87
41 106
42 42
42 43
42 46
42 47
42 55
42 63
42 95
42 96
42 97
42 108
42 110
42 111
43 43
43 44
43 45
43 46
43 47
43 49
43 55
43 56
43 63
43 69
43 78
43 95
43 96
43 110
43 111
44 44
44 45
44 47
44 48
44 49
44 51
44 70
44 71
44 73
44 87
44 94
44 95
44 96
44 115
45 45
45 47
45 49
45 67
45 70
45 71
45 86
45 87
45 96
46 46
46 47
46 52
46 53
46 54
46 55
46 56
46 57
46 63
46 69
46 78
46 79
46 85
46 95
46 96
46 97
46 108
46 110
46 111
46 115
47 47
47 55
47 56
47 62
47 63
47 69
47 79
47 96
47 110
47 111
48 48
48 49
48 50
48 51
48 54
48 58
48 59
48 62
48 66
48 73
48 74
48 75
48 76
48 77
49 49
49 51
49 59
49 66
49 67
49 70
49 71
49 73
49 76
49 87
50 50
50 52
50 58
50 64
50 65
50 66
50 67
50 88
51 51
51 55
51 56
51 59
51 62
51 66
51 73
51 74
51 75
51 85
52 52
52 53
52 54
52 55
52 64
52 65
52 89
52 90
52 95
52 96
52 97
52 108
52 114
52 115
53 53
53 55
53 64
53 88
53 90
53 97
53 99
53 101
53 103
53 104
53 105
53 107
53 111
53 114
54 54
54 55
54 60
54 62
54 89
54 90
54 96
54 98
54 101
54 103
54 104
54 106
54 111
54 113
55 55
55 56
55 57
55 62
55 63
55 69
55 78
55 80
55 85
55 89
55 94
55 95
55 96
55 98
55 111
55 115
56 56
56 57
56 59
56 60
56 61
56 62
56 63
56 68
56 69
56 78
56 79
56 80
56 81
56 85
56 96
56 106
57 57
57 58
57 59
57 60
57 61
57 62
57 63
57 66
57 68
57 69
57 72
57 78
57 79
57 80
57 81
57 84
57 85
58 58
58 59
58 60
58 61
58 66
58 67
58 68
58 77
58 106
58 109
59 59
59 61
59 62
59 63
59 66
59 67
59 68
59 69
59 77
59 80
59 83
59 89
59 106
60 60
60 61
60 62
60 63
60 77
60 79
60 80
60 85
60 98
60 106
61 61
61 62
61 63
61 65
61 66
61 67
61 68
61 69
61 77
61 78
61 79
61 80
61 83
61 85
61 89
62 62
62 63
62 72
62 73
62 74
62 76
62 77
62 78
62 79
62 80
62 81
62 85
62 96
62 106
63 63
63 68
63 69
63 72
63 78
63 79
63 80
63 81
63 85
64 64
64 65
64 75
64 88
64 93
64 97
64 101
64 103
64 112
65 65
65 88
65 89
66 66
66 67
66 68
66 69
66 77
66 106
67 67
67 68
67 69
67 77
67 79
67 106
67 110
68 68
68 69
68 78
68 79
68 80
68 81
68 106
68 109
69 69
69 78
69 79
69 80
69 81
69 85
69 89
69 96
69 106
70 70
70 71
70 73
70 82
70 91
70 93
70 112
71 71
71 75
71 82
71 84
71 87
71 95
71 115
72 72
72 73
72 74
72 76
72 78
72 79
72 80
72 81
72 84
72 85
72 104
72 107
73 73
73 74
73 75
73 76
73 77
73 83
73 85
73 112
74 74
74 75
74 76
74 77
74 84
74 85
74 112
75 75
75 76
75 77
75 92
75 97
75 112
76 76
76 77
76 101
76 103
76 112
77 77
77 106
78 78
78 79
78 80
78 81
78 85
78 96
79 79
79 80
79 81
79 85
79 96
79 110
80 80
80 81
80 83
80 85
80 87
80 96
80 106
81 81
81 84
81 85
81 94
82 82
82 83
82 86
82 87
82 88
82 91
82 93
82 101
82 103
83 83
83 87
83 89
83 94
84 84
84 85
84 87
85 85
85 96
86 86
86 87
86 88
86 93
86 94
86 101
86 103
86 106
86 109
86 112
86 113
87 87
87 94
87 95
87 96
87 106
87 109
88 88
88 90
88 91
88 92
88 93
88 101
88 103
88 104
88 105
88 109
88 112
88 113
88 114
89 89
89 94
89 115
90 90
90 91
90 92
90 93
90 98
90 99
90 101
90 102
90 103
90 104
90 105
90 112
90 113
90 114
91 91
91 92
91 93
91 98
91 99
91 100
91 101
91 102
91 103
91 104
91 106
91 109
91 112
91 113
92 92
92 93
92 99
92 100
92 101
92 102
92 103
92 112
92 113
93 93
93 98
93 99
93 100
93 101
93 102
93 103
93 104
93 109
93 111
93 112
93 113
94 94
94 95
94 96
94 97
94 105
94 107
94 108
94 109
94 113
94 115
95 95
95 96
95 97
95 108
95 109
95 111
95 113
95 115
96 96
96 97
96 108
96 110
96 111
96 115
97 97
97 100
97 105
97 107
97 108
97 110
97 111
97 114
97 115
98 98
98 99
98 101
98 102
98 103
98 104
98 106
98 109
98 112
98 113
99 99
99 100
99 101
99 102
99 103
99 104
99 105
99 107
99 110
99 111
99 112
99 114
100 100
100 101
100 102
100 105
100 107
100 108
100 112
100 114
101 101
101 102
101 103
101 104
101 110
101 111
101 112
101 113
101 114
102 102
102 103
102 104
102 108
102 111
102 112
102 113
102 114
103 103
103 104
103 105
103 111
103 112
103 113
104 104
104 105
104 107
104 112
104 113
104 114
104 115
105 105
105 107
105 108
105 114
105 115
106 106
106 109
107 107
107 108
107 111
107 114
107 115
108 108
108 110
108 111
108 113
108 114
108 115
109 109
109 112
109 113
110 110
110 111
111 111
111 113
111 114
111 115
112 112
112 113
113 113
113 114
114 114
114 115
115 115
