0 0
0 1
0 10
0 11
0 13
0 16
0 17
0 21
0 29
0 32
0 41
0 46
0 48
0 49
0 51
0 52
0 54
0 56
0 57
0 60
0 61
0 62
0 63
0 72
0 76
0 78
0 79
0 80
0 81
0 84
0 85
0 98
1 1
1 13
1 16
1 17
1 32
1 48
1 52
1 56
1 57
1 62
1 63
1 68
1 69
1 78
1 79
1 80
1 81
2 2
2 3
2 4
2 5
2 6
2 7
2 8
2 9
2 10
2 12
2 22
2 30
2 33
2 50
2 52
2 60
2 63
2 64
2 93
2 96
2 101
2 102
2 103
2 108
3 3
3 4
3 6
3 7
3 8
3 9
3 18
3 22
3 23
3 44
3 45
3 64
3 67
3 87
3 88
3 89
3 90
3 91
3 92
3 93
3 95
3 100
3 101
3 102
3 105
3 106
3 108
3 109
3 115
4 4
4 5
4 6
4 7
4 8
4 9
4 22
4 24
4 26
4 38
4 39
4 58
4 89
4 90
4 92
4 93
4 101
4 103
4 108
5 5
5 8
5 9
5 10
5 15
5 24
5 25
5 26
5 37
5 41
5 46
5 52
5 55
5 70
5 77
5 86
5 89
5 92
6 6
6 7
6 8
6 9
6 10
6 12
6 18
6 22
6 23
6 30
6 44
6 64
6 65
6 92
6 93
6 95
6 97
6 101
6 102
6 108
6 115
7 7
7 8
7 9
7 10
7 11
7 12
7 64
7 65
7 92
7 93
7 101
7 102
7 103
7 108
7 109
8 8
8 9
8 10
8 22
8 24
8 33
8 52
8 64
8 67
8 89
8 90
8 92
8 93
8 101
8 102
8 103
8 108
8 114
8 115
9 9
9 22
9 23
9 24
9 52
9 67
9 77
9 83
9 89
9 90
9 92
9 93
9 95
9 101
9 103
9 108
9 114
9 115
10 10
10 11
10 12
10 13
10 16
10 17
10 29
10 32
10 33
10 52
10 56
10 60
10 61
10 62
10 63
10 64
10 65
10 72
10 78
10 81
11 11
11 12
11 13
11 16
11 17
11 29
11 32
11 33
11 52
11 60
11 61
11 63
11 64
11 65
11 76
11 78
11 79
11 80
11 81
11 84
11 85
12 12
12 13
12 15
12 16
12 32
12 33
12 50
12 58
12 60
12 61
12 62
12 63
12 64
12 65
13 13
13 16
13 17
13 29
13 32
13 33
13 37
13 41
13 51
13 52
13 56
13 57
13 60
13 61
13 62
13 63
13 72
13 73
13 74
13 76
13 78
13 79
13 80
13 81
13 84
13 85
14 14
14 15
14 20
14 21
14 26
14 28
14 36
14 38
14 39
14 40
14 61
14 64
14 82
14 83
14 87
14 88
14 94
14 97
14 99
14 101
14 113
15 15
15 20
15 21
15 25
15 26
15 27
15 28
15 30
15 31
15 36
15 38
15 39
15 40
15 64
15 82
15 83
15 84
16 16
16 17
16 28
16 29
16 32
16 37
16 41
16 55
16 56
16 57
16 60
16 62
16 63
16 72
16 73
16 74
16 78
16 79
16 80
16 81
17 17
17 21
17 25
17 28
17 29
17 32
17 36
17 37
17 41
17 52
17 55
17 56
17 57
17 62
17 63
17 72
17 73
17 74
17 76
17 78
17 79
17 80
17 81
17 83
17 84
17 85
18 18
18 19
18 22
18 31
18 35
18 42
18 43
18 44
18 45
18 46
18 47
18 73
18 75
18 76
18 77
18 82
18 83
18 110
19 19
19 23
19 67
19 69
19 70
19 75
19 90
19 91
19 92
19 103
19 104
19 106
19 108
20 20
20 21
20 26
20 27
20 28
20 30
20 31
20 34
20 36
20 38
20 39
20 40
20 49
20 53
20 58
20 61
20 71
20 82
20 87
20 88
20 111
21 21
21 25
21 26
21 27
21 28
21 29
21 30
21 31
21 32
21 36
21 38
21 40
21 41
21 49
21 51
21 53
21 56
21 61
21 71
21 72
21 79
21 80
21 81
21 84
21 85
22 22
22 23
22 24
22 30
22 31
22 34
22 35
22 43
22 44
22 45
22 46
22 52
22 67
22 70
22 71
22 87
22 88
22 90
22 91
22 93
22 95
22 96
22 98
22 102
22 105
22 106
22 108
22 110
22 114
23 23
23 31
23 34
23 35
23 42
23 43
23 44
23 45
23 47
23 67
23 70
23 71
23 82
23 87
23 88
23 89
23 90
23 91
23 93
23 95
23 100
23 102
23 105
23 106
23 108
23 115
24 24
24 25
24 26
24 30
24 38
24 52
24 86
24 92
24 101
25 25
25 26
25 27
25 29
25 31
25 35
25 37
25 41
25 46
25 52
25 54
25 73
25 77
25 81
25 84
25 85
25 86
26 26
26 27
26 36
26 38
26 39
26 40
26 41
26 53
26 58
26 86
26 92
26 101
27 27
27 31
27 34
27 35
27 36
27 38
27 39
27 40
27 41
27 42
27 43
27 45
27 47
27 49
27 53
27 68
27 71
27 79
27 81
27 82
27 84
27 85
27 86
27 88
27 111
28 28
28 29
28 32
28 36
28 37
28 40
28 53
28 55
28 62
28 63
28 72
28 73
28 74
28 78
28 79
28 80
28 81
28 83
28 84
28 85
28 99
29 29
29 32
29 33
29 36
29 37
29 41
29 52
29 55
29 56
29 57
29 62
29 63
29 72
29 73
29 74
29 76
29 77
29 78
29 79
29 80
29 81
29 83
29 84
29 85
30 30
30 31
30 33
30 34
30 35
30 44
30 45
30 50
30 64
30 71
30 88
30 93
30 94
30 96
30 108
30 110
31 31
31 34
31 35
31 42
31 43
31 44
31 45
31 47
31 70
31 71
31 73
31 82
31 83
31 84
31 85
31 88
31 94
31 110
31 111
32 32
32 33
32 41
32 51
32 56
32 57
32 58
32 59
32 60
32 61
32 62
32 63
32 72
32 78
32 79
32 80
32 81
33 33
33 52
33 60
33 63
33 64
33 65
33 77
34 34
34 35
34 42
34 43
34 44
34 45
34 50
34 64
34 65
34 67
34 71
34 82
34 84
34 87
34 88
34 93
34 94
34 96
34 105
34 109
34 110
34 111
35 35
35 37
35 42
35 43
35 44
35 45
35 46
35 54
35 67
35 71
35 76
35 77
35 84
35 88
35 96
35 98
35 110
35 111
35 112
36 36
36 37
36 38
36 39
36 40
36 41
36 53
36 55
36 62
36 72
36 73
36 74
36 78
36 79
36 80
36 81
36 84
36 85
36 99
36 111
36 113
37 37
37 39
37 41
37 46
37 54
37 55
37 70
37 72
37 73
37 74
37 75
37 76
37 77
37 78
37 79
37 80
37 81
37 84
37 85
37 94
37 98
37 111
37 112
38 38
38 39
38 40
38 41
38 53
38 82
38 111
39 39
39 40
39 41
39 74
39 83
39 87
39 114
40 40
40 53
40 72
40 74
40 79
40 80
40 82
40 97
40 99
40 109
40 111
40 113
41 41
41 54
41 55
41 57
41 62
41 63
41 70
41 72
41 73
41 74
41 75
41 76
41 77
41 78
41 79
41 80
41 81
41 84
41 85
41 86
41 98
42 42
42 43
42 44
42 45
42 46
42 47
42 55
42 67
42 73
42 75
42 82
42 86
42 88
42 90
42 91
42 95
42 98
42 100
42 102
42 110
42 111
43 43
43 44
43 45
43 46
43 47
43 49
43 68
43 82
43 84
43 86
43 87
43 88
43 98
43 110
43 111
44 44
44 45
44 46
44 47
44 67
44 68
44 71
44 82
44 86
44 88
44 95
44 96
44 98
44 102
44 108
44 110
44 111
44 115
45 45
45 46
45 47
45 67
45 71
45 82
45 86
45 87
45 88
45 90
45 91
45 93
45 95
45 98
45 102
45 105
45 106
45 108
45 110
45 111
45 115
46 46
46 47
46 52
46 54
46 55
46 73
46 75
46 76
46 77
46 86
46 96
46 98
46 110
46 111
47 47
47 49
47 53
47 54
47 55
47 73
47 82
47 86
47 98
47 110
47 111
48 48
48 49
48 51
48 52
48 55
48 56
48 58
48 59
48 61
48 78
49 49
49 51
49 53
49 55
49 56
49 59
49 61
49 68
49 78
49 80
49 84
49 85
50 50
50 51
50 58
50 60
50 61
50 64
50 65
50 97
51 51
51 53
51 56
51 58
51 59
51 60
51 61
51 62
51 78
51 80
52 52
52 54
52 76
52 77
52 78
52 81
52 98
53 53
53 54
53 58
53 59
53 61
53 80
53 87
53 99
54 54
54 55
54 73
54 81
54 85
54 90
54 98
54 112
55 55
55 72
55 73
55 74
55 75
55 76
55 77
55 78
55 81
55 83
55 84
55 98
55 99
56 56
56 57
56 59
56 60
56 62
56 63
56 68
56 72
56 78
56 79
56 80
56 81
57 57
57 59
57 62
57 63
57 68
57 69
57 78
57 79
57 80
57 81
58 58
58 59
58 60
58 61
58 62
58 65
58 66
58 69
58 101
59 59
59 60
59 61
59 62
59 66
59 69
59 80
59 104
60 60
60 61
60 62
60 63
60 64
60 65
60 80
60 97
61 61
61 62
61 63
61 64
61 65
61 80
62 62
62 63
62 72
62 73
62 78
62 79
62 80
62 81
63 63
63 72
63 73
63 74
63 78
63 79
63 80
63 81
64 64
64 65
64 88
64 97
64 101
64 109
65 65
65 88
65 89
65 93
65 97
65 101
66 66
66 67
66 69
66 91
66 92
66 101
66 103
66 104
66 108
66 114
66 115
67 67
67 69
67 71
67 82
67 87
67 89
67 90
67 91
67 92
67 93
67 95
67 96
67 100
67 101
67 102
67 103
67 104
67 105
67 106
67 108
67 110
67 114
67 115
68 68
68 69
68 78
68 79
68 80
68 81
68 82
68 86
69 69
69 90
69 91
69 101
69 103
69 104
69 106
69 108
70 70
70 71
70 73
70 75
70 77
70 84
70 94
70 106
71 71
71 82
71 88
71 94
71 110
72 72
72 73
72 74
72 75
72 76
72 77
72 78
72 79
72 80
72 81
72 84
72 85
72 99
72 111
72 112
73 73
73 74
73 75
73 76
73 77
73 78
73 79
73 80
73 81
73 83
73 84
73 85
73 98
73 111
74 74
74 75
74 76
74 77
74 78
74 79
74 81
74 84
74 85
74 94
74 97
74 99
74 111
74 112
75 75
75 76
75 77
75 98
75 109
75 110
75 111
76 76
76 77
76 78
76 84
76 85
76 97
76 98
76 109
76 111
76 112
77 77
77 84
77 98
77 109
77 112
78 78
78 79
78 80
78 81
78 84
78 85
79 79
79 80
79 81
79 84
79 85
80 80
80 81
80 84
80 85
81 81
81 83
81 84
81 85
82 82
82 83
82 86
82 87
82 88
82 94
82 110
82 111
82 113
83 83
83 84
84 84
84 85
84 88
85 85
86 86
86 88
86 98
87 87
87 88
87 89
87 91
87 93
87 94
87 95
87 100
87 102
87 104
87 105
87 115
88 88
88 89
88 93
88 94
88 95
88 100
88 105
88 110
89 89
89 90
89 91
89 93
89 95
89 102
89 103
89 104
89 105
89 106
89 108
89 115
90 90
90 91
90 92
90 93
90 95
90 96
90 98
90 100
90 102
90 103
90 104
90 106
90 108
90 115
91 91
91 92
91 93
91 95
91 100
91 101
91 102
91 103
91 104
91 105
91 106
91 108
91 110
91 113
91 114
91 115
92 92
92 93
92 95
92 101
92 103
92 106
92 108
92 113
92 114
92 115
93 93
93 95
93 100
93 101
93 102
93 103
93 104
93 105
93 106
93 108
93 110
93 113
93 114
93 115
94 94
94 95
94 96
94 97
94 99
94 102
94 108
94 109
94 110
94 111
94 113
95 95
95 96
95 97
95 99
95 100
95 102
95 103
95 104
95 105
95 106
95 108
95 109
95 110
95 114
95 115
96 96
96 97
96 98
96 99
96 102
96 108
96 109
96 110
96 111
96 112
97 97
97 99
97 102
97 108
97 109
97 110
97 111
97 112
97 113
97 114
97 115
98 98
98 99
98 102
98 110
98 111
98 112
99 99
99 100
99 102
99 105
99 109
99 110
99 111
99 112
99 113
99 114
100 100
100 102
100 103
100 104
100 105
100 106
100 108
100 110
100 111
100 112
100 113
100 114
100 115
101 101
101 103
101 106
101 108
101 114
101 115
102 102
102 103
102 104
102 105
102 106
102 108
102 109
102 110
102 113
102 114
102 115
103 103
103 104
103 105
103 106
103 108
103 114
103 115
104 104
104 105
104 106
104 108
104 114
104 115
105 105
105 108
105 109
105 110
105 113
105 114
105 115
106 106
106 108
107 107
107 109
107 115
108 108
108 109
108 110
108 113
108 114
108 115
109 109
109 110
109 111
109 113
109 114
109 115
110 110
110 111
110 113
111 111
111 113
112 112
113 113
113 114
113 115
114 114
114 115
115 115
