0 0
0 1
0 2
0 4
0 6
0 8
0 9
0 10
0 11
0 12
0 24
0 52
0 58
0 59
0 60
0 61
0 88
0 89
0 106
0 107
1 1
1 6
1 8
1 10
1 11
1 12
1 13
1 16
1 28
1 29
1 32
1 33
1 59
1 60
1 61
1 62
1 63
1 72
2 2
2 4
2 5
2 6
2 7
2 8
2 9
2 11
2 12
2 14
2 15
2 18
2 22
2 23
2 24
2 25
2 27
2 30
2 31
2 34
2 35
2 43
2 58
2 60
2 65
2 88
2 89
2 92
2 114
3 3
3 7
3 13
3 14
3 15
3 18
3 23
3 30
3 31
3 44
3 64
3 65
3 83
3 85
3 87
4 4
4 5
4 6
4 7
4 8
4 9
4 10
4 11
4 12
4 13
4 14
4 15
4 18
4 21
4 23
4 24
4 25
4 26
4 30
4 35
4 84
4 92
5 5
5 6
5 7
5 8
5 9
5 10
5 12
5 13
5 15
5 21
5 22
5 23
5 24
5 25
5 26
5 27
5 30
5 31
5 34
5 35
5 43
5 65
5 67
5 92
6 6
6 7
6 8
6 9
6 10
6 11
6 12
6 13
6 14
6 15
6 24
6 35
6 60
6 61
6 65
6 88
7 7
7 8
7 9
7 11
7 12
7 13
7 14
7 15
7 23
7 25
7 30
7 31
7 35
7 60
7 61
7 64
7 65
7 84
7 88
7 89
7 92
8 8
8 9
8 10
8 11
8 12
8 13
8 14
8 15
8 23
8 24
8 34
8 35
8 52
8 58
8 60
8 61
8 65
8 88
8 89
8 92
9 9
9 10
9 11
9 12
9 13
9 14
9 15
9 23
9 24
9 25
9 34
9 35
9 42
9 43
9 52
9 58
9 60
9 61
9 65
9 88
9 89
9 92
9 93
9 106
9 114
10 10
10 11
10 12
10 13
10 15
10 18
10 70
11 11
11 12
11 13
11 15
11 18
11 60
11 61
11 65
11 88
12 12
12 13
12 14
12 15
12 18
12 23
12 24
12 25
12 35
12 43
12 58
12 60
12 61
12 65
12 70
12 88
12 89
12 92
13 13
13 14
13 15
13 23
13 30
13 31
13 65
13 83
13 85
13 92
14 14
14 15
14 18
14 23
14 25
14 30
14 31
14 35
14 61
14 64
14 65
14 82
14 83
14 84
14 85
14 86
14 87
15 15
15 18
15 22
15 23
15 24
15 25
15 27
15 30
15 31
15 34
15 35
15 43
15 60
15 61
15 64
15 65
15 84
15 87
15 88
15 89
15 92
16 16
16 17
16 19
16 28
16 29
16 32
16 33
16 41
16 44
16 46
16 51
16 53
16 55
16 56
16 57
16 59
16 62
16 63
16 66
16 68
16 72
16 78
16 79
16 80
16 81
16 97
16 98
16 99
16 102
16 103
16 104
16 111
17 17
17 19
17 28
17 29
17 32
17 33
17 40
17 41
17 44
17 46
17 51
17 53
17 55
17 57
17 59
17 62
17 63
17 66
17 68
17 72
17 78
17 79
17 80
17 81
17 83
17 96
17 97
17 98
17 99
17 102
17 103
17 104
17 111
17 112
17 113
18 18
18 20
18 22
18 23
18 30
18 31
18 64
18 87
19 19
19 28
19 29
19 32
19 33
19 44
19 45
19 46
19 56
19 57
19 62
19 63
19 66
19 67
19 68
19 69
19 78
19 79
19 80
19 81
19 83
19 85
19 98
19 111
20 20
20 21
20 22
20 23
20 26
20 27
20 30
20 31
20 37
20 38
20 39
20 41
20 45
20 57
20 64
20 67
20 71
20 84
20 85
20 96
20 97
20 115
21 21
21 22
21 23
21 25
21 26
21 27
21 30
21 31
21 43
21 45
21 57
21 64
21 65
21 67
21 68
21 71
21 84
21 85
21 86
21 87
21 92
22 22
22 23
22 24
22 25
22 26
22 27
22 30
22 31
22 34
22 35
22 37
22 43
22 64
22 65
22 84
22 87
22 92
22 93
22 110
22 114
23 23
23 24
23 25
23 26
23 27
23 30
23 31
23 35
23 43
23 64
23 65
23 84
23 85
23 87
23 88
23 89
23 92
23 114
24 24
24 25
24 26
24 27
24 30
24 34
24 35
24 42
24 43
24 58
24 60
24 65
24 91
24 92
24 93
24 106
24 107
24 110
24 114
25 25
25 26
25 27
25 30
25 31
25 34
25 35
25 42
25 43
25 64
25 65
25 67
25 71
25 84
25 87
25 92
25 110
25 114
26 26
26 27
26 30
26 45
26 57
26 67
26 87
27 27
27 30
27 31
27 35
27 42
27 43
27 45
27 64
27 65
27 67
27 71
27 84
27 87
27 92
27 110
28 28
28 29
28 32
28 33
28 40
28 46
28 56
28 57
28 59
28 62
28 63
28 68
28 72
28 78
28 79
28 80
28 81
28 83
28 98
28 99
28 111
29 29
29 32
29 33
29 40
29 46
29 53
29 59
29 62
29 63
29 72
29 73
29 78
29 79
29 80
29 81
29 83
29 98
29 99
29 111
29 112
30 30
30 31
30 34
30 35
30 42
30 43
30 45
30 64
30 65
30 67
30 71
30 87
30 92
31 31
31 33
31 35
31 45
31 64
31 65
31 67
31 71
31 83
31 84
31 85
31 87
31 92
32 32
32 33
32 44
32 46
32 57
32 62
32 63
32 66
32 68
32 72
32 78
32 79
32 80
32 81
32 83
32 111
32 112
33 33
33 61
33 62
33 63
33 68
33 72
33 79
33 80
33 83
34 34
34 35
34 42
34 43
34 60
34 64
34 65
34 88
34 89
34 114
35 35
35 43
35 58
35 60
35 61
35 64
35 65
35 84
35 88
35 89
35 92
35 114
36 36
36 37
36 38
36 39
36 40
36 41
36 53
36 54
36 55
36 76
36 77
36 80
36 81
36 94
36 95
36 96
36 97
36 98
36 99
36 100
36 102
36 103
36 104
36 105
36 107
36 109
36 111
36 113
36 114
36 115
37 37
37 38
37 39
37 40
37 41
37 47
37 53
37 54
37 55
37 76
37 77
37 94
37 95
37 96
37 97
37 98
37 99
37 100
37 102
37 103
37 104
37 105
37 107
37 109
37 110
37 111
37 113
37 114
37 115
38 38
38 39
38 40
38 41
38 44
38 46
38 53
38 54
38 55
38 76
38 94
38 95
38 96
38 97
38 98
38 99
38 100
38 102
38 103
38 104
38 105
38 107
38 109
38 111
38 113
38 115
39 39
39 41
39 46
39 54
39 55
39 76
39 94
39 95
39 96
39 97
39 98
39 99
39 100
39 101
39 102
39 103
39 104
39 105
39 107
39 108
39 109
39 111
39 113
39 114
39 115
40 40
40 41
40 53
40 54
40 55
40 62
40 63
40 72
40 80
40 81
40 82
40 83
40 86
40 95
40 97
40 98
40 99
40 109
40 111
40 112
40 113
40 115
41 41
41 44
41 49
41 53
41 54
41 55
41 57
41 63
41 66
41 68
41 72
41 73
41 74
41 76
41 78
41 79
41 80
41 81
41 94
41 95
41 97
41 98
41 99
41 103
41 104
41 105
41 109
41 111
41 113
41 115
42 42
42 43
42 46
42 47
42 48
42 71
42 75
42 110
43 43
43 47
43 65
43 71
43 75
43 92
43 110
43 114
44 44
44 45
44 46
44 49
44 51
44 53
44 55
44 57
44 66
44 67
44 68
44 78
44 79
44 80
44 83
44 85
44 97
44 98
44 111
45 45
45 49
45 51
45 53
45 56
45 57
45 66
45 67
45 68
45 83
45 85
45 98
45 111
46 46
46 47
46 48
46 50
46 51
46 53
46 54
46 55
46 63
46 66
46 68
46 71
46 72
46 78
46 79
46 80
46 81
46 95
46 96
46 97
46 98
46 99
46 104
46 110
46 111
47 47
47 48
47 50
47 66
47 91
47 96
47 107
47 109
47 110
47 111
48 48
48 49
48 50
48 51
48 52
48 56
48 58
48 59
48 66
49 49
49 51
49 53
49 56
49 57
49 73
49 90
49 98
49 111
50 50
50 51
50 53
50 66
50 78
50 79
50 80
50 96
50 98
50 110
51 51
51 53
51 55
51 56
51 57
51 59
51 62
51 63
51 78
51 79
51 80
51 98
51 99
51 101
51 102
51 108
51 111
51 112
52 52
52 58
52 59
52 60
52 61
52 72
52 88
52 89
52 90
52 91
52 93
52 106
52 107
53 53
53 55
53 57
53 62
53 63
53 68
53 72
53 76
53 78
53 79
53 80
53 81
53 90
53 91
53 98
53 99
53 102
53 103
53 108
53 111
53 112
54 54
54 55
54 58
54 77
54 88
54 89
54 94
54 95
54 96
54 97
54 98
54 99
54 100
54 101
54 102
54 103
54 104
54 105
54 107
54 108
54 109
54 111
54 113
54 114
54 115
55 55
55 63
55 77
55 78
55 79
55 80
55 81
55 94
55 95
55 96
55 97
55 98
55 99
55 100
55 101
55 102
55 103
55 104
55 105
55 107
55 108
55 109
55 111
55 112
55 113
55 115
56 56
56 57
56 63
56 66
56 67
56 68
56 83
57 57
57 62
57 63
57 66
57 67
57 68
57 78
57 79
57 80
57 81
57 83
57 98
57 99
57 102
57 111
58 58
58 59
58 60
58 88
58 89
58 91
58 93
58 106
58 107
58 114
59 59
59 60
59 61
59 62
59 63
59 72
59 101
60 60
60 61
60 65
60 88
60 89
60 107
60 114
61 61
61 62
61 65
61 88
61 89
62 62
62 63
62 66
62 68
62 72
62 78
62 79
62 80
62 81
62 83
62 98
62 99
62 111
62 112
63 63
63 66
63 68
63 72
63 78
63 79
63 80
63 81
63 83
63 97
63 98
63 99
63 101
63 102
63 103
63 111
63 112
63 113
64 64
64 65
64 84
64 85
64 86
64 87
64 88
64 92
64 114
65 65
65 84
65 87
65 88
65 89
65 92
65 114
66 66
66 67
66 68
66 69
66 78
66 79
66 80
66 81
66 110
66 111
67 67
67 68
67 69
67 85
68 68
68 69
68 78
68 79
68 80
68 81
68 83
68 97
68 98
68 111
69 69
69 110
70 70
70 71
70 73
70 74
70 75
70 76
70 90
70 91
70 92
71 71
71 73
71 75
71 92
71 110
72 72
72 73
72 74
72 75
72 76
72 77
72 78
72 79
72 80
72 81
72 98
72 99
72 111
72 112
73 73
73 74
73 75
73 76
74 74
74 75
74 76
75 75
75 76
75 77
76 76
76 77
76 79
76 94
76 95
76 98
76 99
76 105
76 111
76 112
77 77
77 79
77 95
77 99
77 105
77 111
77 112
77 114
78 78
78 79
78 80
78 81
78 96
78 97
79 79
79 80
79 81
79 96
79 97
79 98
79 99
79 111
80 80
80 81
80 83
80 97
80 98
80 99
80 109
80 111
81 81
81 83
81 95
81 96
81 97
81 98
81 99
81 104
81 109
81 111
81 112
81 113
82 82
82 83
82 84
82 85
82 86
82 87
83 83
83 85
83 86
83 87
84 84
84 85
84 86
84 87
84 88
84 89
85 85
85 86
85 87
85 98
86 86
86 87
86 89
86 101
87 87
87 92
88 88
88 89
88 100
88 107
88 114
89 89
89 93
89 100
89 105
89 107
89 114
90 90
90 91
90 92
90 93
90 98
90 100
90 106
90 108
91 91
91 93
91 100
91 101
91 102
91 103
91 106
91 107
91 108
92 92
92 93
93 93
93 100
93 101
93 103
93 106
93 107
93 110
94 94
94 95
94 96
94 97
94 99
94 103
94 104
94 105
94 107
94 109
94 113
94 115
95 95
95 96
95 97
95 99
95 100
95 102
95 103
95 104
95 105
95 107
95 108
95 109
95 111
95 113
95 114
95 115
96 96
96 97
96 98
96 99
96 102
96 104
96 105
96 109
96 110
96 111
96 113
96 115
97 97
97 98
97 99
97 102
97 103
97 104
97 105
97 107
97 108
97 109
97 111
97 113
97 115
98 98
98 99
98 100
98 101
98 102
98 103
98 104
98 105
98 108
98 111
98 112
98 113
99 99
99 100
99 101
99 102
99 103
99 104
99 105
99 107
99 111
99 112
99 113
99 115
100 100
100 101
100 102
100 103
100 104
100 105
100 107
100 108
100 113
100 115
101 101
101 102
101 103
101 104
101 105
101 107
101 111
101 112
101 113
101 115
102 102
102 103
102 104
102 105
102 107
102 108
102 111
102 112
102 113
102 115
103 103
103 104
103 105
103 107
103 111
103 112
103 113
103 115
104 104
104 105
104 107
104 109
104 111
104 112
104 113
104 115
105 105
105 107
105 109
105 111
105 112
105 113
105 114
105 115
106 106
106 107
107 107
107 109
107 110
107 113
107 114
107 115
108 108
108 111
109 109
109 113
109 115
110 110
111 111
111 112
111 113
111 115
112 112
112 113
113 113
113 114
113 115
114 114
114 115
115 115
