0 0
0 1
0 10
0 16
0 28
0 32
0 33
0 36
0 40
0 49
0 52
0 54
0 56
0 57
0 62
0 63
0 68
0 72
0 73
0 74
0 76
0 77
0 79
0 81
0 82
0 83
0 84
0 85
0 87
0 89
0 98
0 99
0 112
1 1
1 7
1 11
1 13
1 15
1 16
1 29
1 32
1 58
1 59
1 60
1 61
1 62
1 63
1 66
1 68
1 70
1 72
1 73
1 74
1 75
1 76
1 83
1 85
1 102
2 2
2 3
2 4
2 5
2 6
2 7
2 9
2 10
2 11
2 12
2 15
2 32
2 58
2 59
2 60
2 61
2 65
2 66
2 70
2 73
2 75
2 91
2 92
2 93
2 100
2 102
3 3
3 5
3 7
3 9
3 18
3 20
3 21
3 22
3 23
3 24
3 25
3 27
3 39
3 50
3 59
3 65
3 67
3 92
3 100
3 102
3 103
4 4
4 5
4 6
4 7
4 8
4 9
4 13
4 15
4 21
4 26
4 58
4 59
4 60
4 61
4 66
4 70
4 73
4 93
4 102
5 5
5 6
5 7
5 9
5 12
5 20
5 21
5 26
5 27
5 48
5 50
5 59
5 60
5 61
5 65
5 67
5 70
5 92
5 93
6 6
6 7
6 9
6 10
6 11
6 12
6 14
6 22
6 58
6 60
6 64
6 65
6 66
6 88
6 91
6 92
6 93
6 100
6 102
7 7
7 9
7 11
7 13
7 15
7 59
7 60
7 61
7 65
7 66
7 67
7 70
7 92
7 100
7 102
8 8
8 20
8 21
8 32
8 40
8 82
8 83
8 96
9 9
9 11
9 12
9 13
9 15
9 58
9 59
9 60
9 61
9 65
9 66
9 67
9 88
9 92
9 93
9 100
9 102
10 10
10 11
10 12
10 14
10 15
10 16
10 28
10 41
10 58
10 60
10 70
10 72
10 75
10 83
11 11
11 12
11 13
11 15
11 19
11 29
11 41
11 50
11 58
11 59
11 60
11 61
11 63
11 66
11 68
11 70
11 72
11 73
11 74
11 75
12 12
12 14
12 22
12 26
12 27
12 30
12 41
12 58
12 60
12 64
12 88
12 91
12 92
12 93
12 113
13 13
13 15
13 41
13 58
13 59
13 60
13 61
13 65
13 66
13 70
13 75
13 94
13 100
14 14
14 18
14 19
14 22
14 23
14 24
14 25
14 26
14 28
14 30
14 31
14 33
14 51
14 64
14 75
14 82
14 83
14 84
14 88
14 90
14 91
14 93
15 15
15 16
15 28
15 29
15 38
15 41
15 61
15 63
15 66
15 70
15 71
15 72
15 73
15 75
15 76
15 82
15 83
16 16
16 21
16 28
16 29
16 32
16 38
16 40
16 49
16 51
16 56
16 57
16 60
16 62
16 63
16 66
16 68
16 71
16 72
16 76
16 78
16 79
16 80
16 81
16 82
16 83
16 85
16 95
16 112
17 17
17 28
17 29
17 36
17 57
17 62
17 63
17 72
17 78
17 79
17 80
17 81
17 84
17 105
17 114
18 18
18 19
18 22
18 23
18 24
18 25
18 30
18 31
18 33
18 34
18 42
18 43
18 50
18 51
18 55
18 64
19 19
19 23
19 26
19 34
19 39
19 48
19 49
19 51
19 52
19 53
19 55
19 69
19 82
19 87
19 98
19 107
20 20
20 21
20 25
20 26
20 27
20 38
20 71
20 86
20 92
20 114
21 21
21 26
21 27
21 38
21 71
21 78
21 86
21 112
21 114
22 22
22 23
22 24
22 25
22 27
22 30
22 31
22 32
22 33
22 42
22 43
22 55
22 64
22 88
22 89
22 92
22 103
22 105
22 110
23 23
23 24
23 25
23 27
23 30
23 31
23 34
23 35
23 39
23 42
23 43
23 45
23 47
23 48
23 51
23 55
23 64
23 88
23 89
23 92
23 105
23 109
23 110
23 113
23 115
24 24
24 25
24 27
24 30
24 31
24 35
24 42
24 43
24 45
24 64
24 86
24 88
24 90
24 92
24 103
24 110
25 25
25 26
25 27
25 30
25 31
25 34
25 35
25 42
25 43
25 45
25 47
25 64
25 65
25 84
25 88
25 92
25 109
25 110
25 113
26 26
26 27
26 38
26 48
26 71
26 82
26 86
26 93
26 107
26 113
27 27
27 31
27 38
27 39
27 47
27 64
27 65
27 86
27 88
27 92
27 105
27 109
27 110
27 113
28 28
28 29
28 33
28 36
28 37
28 40
28 41
28 56
28 57
28 62
28 63
28 72
28 74
28 76
28 77
28 79
28 80
28 81
28 82
28 83
28 84
28 85
29 29
29 32
29 36
29 37
29 40
29 41
29 54
29 56
29 57
29 61
29 62
29 63
29 68
29 72
29 73
29 74
29 76
29 78
29 79
29 80
29 81
29 83
29 84
29 85
29 87
29 98
29 99
29 108
30 30
30 31
30 32
30 33
30 34
30 35
30 43
30 64
30 84
30 88
30 89
31 31
31 32
31 33
31 34
31 35
31 42
31 43
31 45
31 47
31 57
31 64
31 84
31 88
31 109
31 110
32 32
32 33
32 36
32 40
32 54
32 68
32 72
32 73
32 76
32 79
32 83
32 112
33 33
33 34
33 35
33 36
33 39
33 40
33 54
33 57
33 64
33 72
33 79
33 83
33 84
33 87
33 88
33 110
34 34
34 35
34 36
34 42
34 44
34 45
34 47
34 54
34 57
34 64
34 84
34 87
34 88
34 98
34 107
34 108
34 109
34 110
35 35
35 36
35 42
35 43
35 44
35 45
35 46
35 47
35 57
35 64
35 80
35 84
35 86
35 87
35 88
35 96
35 97
35 105
35 108
35 109
35 110
35 115
36 36
36 37
36 40
36 42
36 46
36 52
36 54
36 56
36 57
36 62
36 63
36 72
36 74
36 76
36 79
36 80
36 81
36 83
36 84
36 85
36 87
36 98
36 99
36 108
36 110
37 37
37 40
37 41
37 46
37 54
37 68
37 72
37 73
37 74
37 76
37 77
37 80
37 81
37 82
37 83
37 84
37 85
37 86
37 90
37 94
37 96
37 108
37 109
37 110
38 38
38 39
38 40
38 43
38 49
38 71
38 78
38 80
38 94
38 95
38 107
38 113
39 39
39 41
39 50
39 54
39 64
39 79
39 87
39 89
39 105
39 107
39 112
40 40
40 52
40 54
40 56
40 57
40 62
40 63
40 72
40 73
40 74
40 76
40 77
40 78
40 79
40 80
40 81
40 82
40 83
40 85
40 87
40 94
40 96
40 98
40 108
41 41
41 58
41 60
41 62
41 63
41 73
41 75
41 79
41 81
41 83
41 94
41 108
42 42
42 43
42 44
42 45
42 46
42 47
42 48
42 49
42 50
42 51
42 53
42 56
42 64
42 78
42 79
42 86
42 87
42 98
42 103
42 105
42 107
42 109
42 110
43 43
43 44
43 45
43 47
43 49
43 50
43 51
43 53
43 64
43 78
43 95
43 110
44 44
44 45
44 46
44 47
44 48
44 49
44 50
44 51
44 52
44 53
44 56
44 80
44 103
44 105
44 107
44 109
44 110
44 115
45 45
45 46
45 47
45 48
45 49
45 65
45 67
45 78
45 107
45 110
46 46
46 47
46 48
46 49
46 52
46 53
46 54
46 55
46 56
46 57
46 62
46 69
46 77
46 80
46 81
46 84
46 85
46 87
46 90
46 98
46 101
46 105
46 106
46 107
46 109
46 110
46 111
46 112
46 115
47 47
47 48
47 55
47 69
47 77
47 86
47 91
47 96
47 101
47 105
47 109
47 110
47 111
47 115
48 48
48 49
48 50
48 51
48 52
48 53
48 69
48 99
48 104
48 107
48 111
48 113
48 114
48 115
49 49
49 50
49 51
49 52
49 53
49 56
49 57
49 71
49 95
49 98
49 107
49 111
49 114
49 115
50 50
50 51
50 64
50 107
51 51
51 53
51 91
51 93
51 95
51 103
51 104
51 105
51 107
51 111
51 113
51 114
51 115
52 52
52 53
52 54
52 55
52 56
52 57
52 62
52 63
52 68
52 69
52 72
52 73
52 74
52 76
52 83
52 87
52 90
52 98
52 104
52 106
52 107
52 112
53 53
53 55
53 69
53 91
53 93
53 98
53 104
53 107
53 111
54 54
54 55
54 56
54 57
54 62
54 63
54 68
54 72
54 73
54 74
54 77
54 79
54 81
54 83
54 84
54 85
54 87
54 89
54 96
54 98
54 99
54 101
54 110
55 55
55 69
55 89
55 90
55 91
55 93
55 101
55 104
55 106
55 109
56 56
56 57
56 62
56 63
56 68
56 72
56 74
56 76
56 77
56 79
56 80
56 81
56 82
56 83
56 84
56 85
56 87
56 98
56 99
56 111
56 114
57 57
57 62
57 63
57 72
57 76
57 77
57 79
57 80
57 81
57 82
57 83
57 84
57 85
57 86
57 87
57 98
57 109
57 110
57 112
57 114
58 58
58 59
58 60
58 61
58 66
58 68
58 70
58 75
58 106
59 59
59 60
59 61
59 65
59 66
59 67
59 69
59 70
59 73
59 74
59 75
59 92
59 100
59 102
59 104
59 106
60 60
60 61
60 62
60 63
60 66
60 68
60 70
60 72
60 73
60 74
60 75
60 99
60 102
60 106
61 61
61 62
61 63
61 65
61 66
61 67
61 68
61 69
61 70
61 72
61 73
61 74
61 75
61 100
61 102
61 106
62 62
62 63
62 68
62 72
62 73
62 74
62 76
62 77
62 78
62 79
62 80
62 81
62 82
62 83
62 85
62 87
62 98
62 99
62 106
62 108
62 111
62 112
63 63
63 66
63 68
63 72
63 73
63 74
63 76
63 77
63 78
63 79
63 80
63 81
63 83
63 85
63 87
63 89
63 98
64 64
64 65
64 84
64 88
64 92
64 105
65 65
65 66
65 67
65 88
65 92
65 100
65 102
66 66
66 67
66 68
66 70
66 72
66 73
66 76
66 78
66 100
66 102
67 67
67 92
67 102
67 104
68 68
68 72
68 73
68 74
68 76
68 83
68 87
68 90
68 98
68 99
68 112
69 69
69 70
69 91
69 98
69 99
69 101
69 104
69 106
69 107
69 115
70 70
70 71
70 73
70 74
70 75
70 76
70 83
70 91
70 102
71 71
71 78
71 79
71 80
71 81
71 82
71 85
71 95
71 112
72 72
72 73
72 74
72 75
72 76
72 78
72 79
72 80
72 81
72 82
72 83
72 85
72 87
72 98
72 99
72 108
73 73
73 74
73 75
73 76
73 77
73 83
73 85
73 90
73 99
73 102
73 112
74 74
74 75
74 76
74 81
74 82
74 83
74 85
74 87
74 89
74 90
74 96
74 98
74 99
74 108
75 75
75 76
75 83
75 100
75 112
76 76
76 77
76 78
76 79
76 80
76 81
76 82
76 83
76 85
76 90
76 98
76 112
77 77
77 79
77 80
77 81
77 82
77 83
77 84
77 85
77 86
77 94
77 96
77 97
77 108
77 109
77 110
78 78
78 79
78 80
78 87
79 79
79 80
79 81
79 87
79 94
79 95
79 97
79 105
79 109
80 80
80 81
80 82
80 84
80 85
80 86
80 87
80 94
80 97
80 98
80 108
81 81
81 82
81 83
81 84
81 85
81 86
81 87
81 94
81 95
81 96
81 97
81 98
81 108
81 109
81 110
82 82
82 83
82 84
82 85
82 86
82 87
82 95
82 96
82 99
82 109
82 114
83 83
83 84
83 85
83 89
83 90
83 108
84 84
84 85
84 86
84 87
84 88
84 109
84 110
85 85
85 87
85 89
86 86
86 87
86 94
86 96
86 105
86 109
86 110
86 114
87 87
87 89
87 96
87 98
87 107
87 109
87 110
88 88
88 89
88 92
88 110
89 89
89 90
90 90
90 91
90 101
90 102
90 104
90 106
91 91
91 92
91 93
91 101
91 102
91 103
91 104
91 111
91 113
91 114
92 92
92 93
92 100
92 102
92 104
93 93
93 100
93 102
93 103
93 104
93 111
93 113
93 114
94 94
94 95
94 96
94 97
94 100
94 108
94 109
95 95
95 97
95 105
95 109
96 96
96 97
96 101
96 108
96 109
96 110
96 111
97 97
97 108
97 109
97 110
98 98
98 99
98 101
98 106
98 107
98 111
98 112
98 115
99 99
99 101
99 106
99 111
99 115
100 100
100 102
100 104
101 101
101 102
101 103
101 104
101 106
101 110
101 111
102 102
102 103
102 104
102 106
103 103
103 104
103 105
103 106
103 111
103 112
103 114
104 104
104 105
104 106
104 107
104 111
104 113
104 114
104 115
105 105
105 109
105 110
105 111
105 114
106 106
106 115
107 107
107 113
107 115
108 108
108 109
108 110
109 109
109 110
109 111
109 113
110 110
110 111
111 111
111 113
111 115
112 112
113 113
113 114
113 115
114 114
114 115
115 115
