0 0
0 1
0 18
0 56
0 58
0 61
0 78
0 99
0 106
1 1
1 18
1 19
1 56
1 57
1 68
1 69
1 87
1 89
1 90
1 100
1 101
1 102
1 106
1 113
2 2
2 3
2 6
2 7
2 10
2 22
2 23
2 24
2 25
2 30
2 31
2 32
2 48
2 50
2 64
2 65
2 66
2 84
2 107
3 3
3 5
3 7
3 18
3 22
3 23
3 24
3 25
3 26
3 27
3 35
3 53
3 65
3 67
3 68
3 69
3 86
3 87
3 88
3 89
3 90
3 91
3 92
3 93
3 106
4 4
4 5
4 6
4 8
4 9
4 14
4 15
4 19
4 20
4 23
4 27
4 41
4 82
4 88
5 5
5 7
5 8
5 9
5 11
5 13
5 14
5 15
5 20
5 21
5 23
5 24
5 25
5 26
5 27
5 35
5 38
5 41
5 52
5 54
5 82
5 83
5 87
5 88
5 89
5 112
6 6
6 7
6 8
6 10
6 12
6 28
6 30
6 31
6 32
6 33
6 48
6 60
6 62
6 64
6 70
6 72
6 76
6 82
7 7
7 11
7 23
7 24
7 25
7 30
7 31
7 65
7 67
8 8
8 9
8 13
8 14
8 15
8 19
8 20
8 29
8 41
8 70
8 74
8 82
8 83
9 9
9 13
9 14
9 15
9 19
9 20
9 41
9 70
9 74
9 83
10 10
10 11
10 12
10 13
10 28
10 58
10 60
10 61
10 62
10 65
10 76
10 78
10 84
11 11
11 12
11 13
11 14
11 60
11 61
11 65
11 70
11 74
11 75
11 76
11 77
11 83
11 84
12 12
12 13
12 14
12 15
12 28
12 54
12 60
12 62
12 72
12 74
12 79
12 84
13 13
13 14
13 15
13 16
13 17
13 28
13 29
13 40
13 60
13 61
13 62
13 70
13 72
13 73
13 74
13 75
13 78
13 79
13 80
13 81
13 83
14 14
14 15
14 27
14 41
14 74
14 82
14 83
14 94
15 15
15 20
15 29
15 41
15 44
15 61
15 70
15 73
15 74
15 75
15 83
16 16
16 17
16 20
16 28
16 29
16 36
16 37
16 39
16 40
16 41
16 43
16 46
16 56
16 57
16 60
16 61
16 62
16 63
16 70
16 71
16 72
16 73
16 74
16 75
16 76
16 77
16 78
16 79
16 80
16 81
16 94
16 95
16 109
17 17
17 28
17 29
17 37
17 39
17 40
17 41
17 44
17 56
17 57
17 61
17 62
17 63
17 70
17 71
17 72
17 73
17 74
17 75
17 76
17 77
17 78
17 79
17 80
17 81
17 82
17 83
17 94
17 95
17 97
17 109
18 18
18 19
18 52
18 53
18 56
18 57
18 58
18 59
18 66
18 68
18 69
18 88
18 90
18 91
18 92
18 93
18 100
18 101
18 102
18 103
18 106
18 111
18 112
18 113
19 19
19 33
19 41
19 52
19 53
19 57
19 59
19 66
19 67
19 68
19 69
19 88
19 90
19 91
19 92
19 93
19 102
19 111
19 112
20 20
20 21
20 24
20 26
20 28
20 29
20 30
20 31
20 36
20 37
20 38
20 39
20 40
20 41
20 55
20 62
20 63
20 70
20 71
20 72
20 73
20 74
20 75
20 77
20 83
20 94
20 95
20 100
20 101
20 102
21 21
21 24
21 25
21 27
21 28
21 30
21 31
21 36
21 37
21 38
21 39
21 70
21 72
22 22
22 23
22 24
22 25
22 26
22 27
22 48
22 50
22 64
22 65
22 82
22 84
22 85
22 86
22 87
22 88
22 89
22 107
23 23
23 24
23 25
23 26
23 27
23 35
23 50
23 64
23 65
23 67
23 68
23 84
23 85
23 86
23 87
23 88
23 89
23 90
23 91
23 92
23 112
24 24
24 25
24 26
24 27
24 30
24 35
24 38
24 54
24 86
24 87
24 89
24 92
24 93
24 100
24 110
25 25
25 26
25 27
25 31
25 34
25 35
25 42
25 50
25 52
25 53
25 65
25 67
25 84
25 85
25 86
25 87
25 110
26 26
26 27
26 30
26 35
26 36
26 37
26 38
26 54
26 55
26 86
26 87
26 88
26 89
26 90
26 92
26 93
26 98
26 99
26 100
26 101
26 110
26 113
27 27
27 34
27 35
27 54
27 55
27 65
27 82
27 83
27 84
27 85
27 86
27 87
27 88
27 89
27 96
27 109
27 110
28 28
28 29
28 30
28 31
28 32
28 36
28 37
28 38
28 39
28 40
28 41
28 60
28 61
28 62
28 63
28 70
28 71
28 72
28 73
28 74
28 75
28 76
28 77
28 78
28 79
28 80
28 81
28 82
28 83
28 94
28 95
28 97
28 108
28 109
28 115
29 29
29 30
29 31
29 32
29 33
29 36
29 37
29 38
29 39
29 40
29 41
29 46
29 57
29 61
29 62
29 63
29 70
29 71
29 72
29 73
29 74
29 75
29 76
29 77
29 78
29 79
29 80
29 81
29 83
29 94
29 95
29 109
30 30
30 31
30 32
30 33
30 64
30 70
30 71
30 72
30 73
30 75
30 77
30 79
30 115
31 31
31 32
31 33
31 64
31 70
31 71
31 73
31 75
31 78
31 83
31 115
32 32
32 33
32 70
32 72
32 73
32 74
32 75
32 76
32 77
32 79
33 33
33 66
33 67
33 73
33 75
33 77
34 34
34 35
34 50
34 52
34 64
34 65
34 67
34 107
34 110
35 35
35 52
35 65
35 66
35 67
35 69
35 85
35 87
35 89
35 90
35 92
35 110
35 112
36 36
36 37
36 38
36 39
36 40
36 49
36 54
36 55
36 60
36 70
36 71
36 72
36 76
36 78
36 80
36 82
36 86
36 94
36 96
36 97
36 99
36 105
36 108
37 37
37 38
37 39
37 40
37 41
37 54
37 55
37 70
37 71
37 72
37 73
37 74
37 75
37 76
37 77
37 80
37 82
37 86
37 94
37 95
37 96
37 97
37 98
37 99
37 100
37 101
37 102
37 103
37 104
37 105
37 108
37 109
37 113
37 114
37 115
38 38
38 39
38 40
38 54
38 55
38 70
38 71
38 72
38 73
38 76
38 82
38 86
38 87
38 88
38 94
38 95
38 96
38 97
38 98
38 99
38 100
38 101
38 102
38 103
38 104
38 108
38 109
38 113
39 39
39 40
39 54
39 55
39 63
39 70
39 71
39 72
39 73
39 74
39 75
39 76
39 77
39 78
39 80
39 82
39 83
39 94
39 95
39 96
39 97
39 108
39 109
39 114
39 115
40 40
40 41
40 54
40 55
40 62
40 63
40 70
40 71
40 72
40 73
40 74
40 75
40 76
40 77
40 78
40 79
40 80
40 81
40 82
40 83
40 94
40 95
40 96
40 97
40 98
40 104
40 109
40 113
41 41
41 54
41 55
41 57
41 63
41 70
41 72
41 73
41 74
41 75
41 77
41 81
41 83
41 94
41 95
41 98
41 101
41 102
41 103
42 42
42 43
42 44
42 45
42 46
42 47
42 48
42 49
42 50
42 51
42 53
42 56
42 99
42 111
43 43
43 44
43 45
43 46
43 47
43 48
43 49
43 50
43 51
43 56
43 63
43 78
43 79
43 81
44 44
44 45
44 46
44 47
44 48
44 49
44 50
44 51
44 78
44 79
44 81
45 45
45 46
45 47
45 49
45 50
45 51
45 78
45 81
46 46
46 47
46 49
46 50
46 55
46 62
46 63
46 72
46 73
46 74
46 78
46 80
46 98
46 99
46 115
47 47
47 49
47 51
47 53
47 56
47 99
47 107
47 110
47 111
48 48
48 49
48 50
48 51
48 53
48 65
48 84
48 85
49 49
49 50
49 51
49 53
50 50
50 51
50 64
50 65
50 84
50 85
51 51
51 53
51 85
52 52
52 53
52 58
52 59
52 66
52 67
52 68
52 69
52 88
52 89
52 91
52 112
53 53
53 66
53 67
53 68
53 69
53 90
53 91
53 111
53 112
54 54
54 55
54 85
54 86
54 87
54 88
54 89
54 93
54 94
54 95
54 96
54 97
54 98
54 99
54 100
54 103
54 104
54 105
54 109
54 110
54 113
54 114
55 55
55 56
55 85
55 86
55 87
55 89
55 94
55 95
55 96
55 97
55 98
55 99
55 100
55 101
55 102
55 103
55 104
55 105
55 108
55 109
55 113
55 114
56 56
56 57
56 58
56 63
56 78
56 80
56 81
56 96
56 97
56 99
56 102
56 103
56 113
57 57
57 59
57 63
57 68
57 73
57 79
57 81
57 94
57 95
57 98
57 101
57 102
57 113
58 58
58 59
58 60
58 66
58 68
58 88
58 89
59 59
59 63
59 66
59 68
59 69
59 102
60 60
60 61
60 62
60 63
60 70
60 76
60 78
60 97
60 114
61 61
61 63
61 65
61 70
61 78
61 79
61 80
62 62
62 63
62 70
62 72
62 73
62 74
62 75
62 76
62 78
62 79
62 80
62 81
62 94
63 63
63 70
63 72
63 73
63 74
63 75
63 76
63 77
63 78
63 79
63 80
63 81
63 94
63 95
63 96
63 97
63 102
63 114
64 64
64 65
64 84
65 65
65 67
65 84
65 89
65 92
65 112
66 66
66 67
66 68
66 69
66 91
66 111
67 67
67 68
67 69
67 90
67 91
67 92
67 111
67 112
68 68
68 69
68 87
68 88
68 89
68 90
68 91
68 92
68 106
68 111
68 112
69 69
69 90
69 91
69 92
69 93
69 111
69 112
70 70
70 71
70 72
70 73
70 74
70 75
70 76
70 77
70 78
70 79
70 80
70 81
70 82
70 83
70 94
70 95
70 109
70 114
71 71
71 72
71 73
71 74
71 75
71 76
71 77
71 79
71 80
71 83
71 95
71 108
72 72
72 73
72 74
72 75
72 76
72 77
72 78
72 79
72 80
72 81
72 82
72 83
72 94
72 95
72 96
72 97
72 109
73 73
73 74
73 75
73 76
73 77
73 78
73 79
73 80
73 81
73 83
73 94
73 95
73 96
73 98
73 101
73 102
73 109
73 113
73 115
74 74
74 75
74 76
74 77
74 78
74 79
74 80
74 81
74 82
74 83
74 94
74 95
74 96
74 97
74 109
74 114
75 75
75 76
75 77
75 78
75 79
75 80
75 81
75 82
75 83
75 94
75 95
75 109
75 114
76 76
76 77
76 78
76 79
76 80
76 81
76 82
76 83
76 94
76 95
76 96
76 97
76 109
77 77
77 78
77 79
77 80
77 81
77 83
77 94
77 95
77 96
77 97
77 109
77 114
78 78
78 79
78 80
78 81
78 109
79 79
79 80
79 81
79 94
79 95
80 80
80 81
80 94
80 95
80 109
81 81
81 94
81 95
81 109
82 82
82 83
82 94
82 95
82 96
82 97
82 108
82 109
83 83
83 94
83 95
83 109
84 84
84 85
84 89
84 108
84 114
85 85
85 86
85 87
85 89
85 104
85 110
85 114
86 86
86 87
86 88
86 89
86 90
86 92
86 93
86 99
86 100
86 101
86 103
86 104
86 106
86 108
86 113
87 87
87 88
87 89
87 90
87 92
87 93
87 96
87 99
87 100
87 104
87 106
87 110
87 113
88 88
88 89
88 90
88 91
88 92
88 93
88 100
88 106
88 108
88 112
89 89
89 92
89 93
89 96
89 97
89 104
89 113
89 114
90 90
90 91
90 92
90 93
90 98
90 99
90 100
90 101
90 102
90 103
90 104
90 106
90 110
90 111
90 112
91 91
91 92
91 93
91 100
91 101
91 102
91 103
91 106
91 111
91 112
92 92
92 93
92 98
92 99
92 100
92 101
92 102
92 103
92 104
92 106
92 111
92 112
93 93
93 98
93 99
93 100
93 101
93 102
93 103
93 104
93 106
93 111
93 112
93 113
94 94
94 95
94 96
94 97
94 108
94 109
94 113
94 114
94 115
95 95
95 96
95 97
95 108
95 109
95 113
95 114
96 96
96 97
96 98
96 99
96 104
96 105
96 108
96 109
96 110
96 113
96 114
96 115
97 97
97 98
97 99
97 104
97 105
97 107
97 108
97 109
97 110
97 113
97 114
97 115
98 98
98 99
98 100
98 101
98 102
98 103
98 104
98 105
98 110
98 111
98 112
98 113
99 99
99 100
99 101
99 102
99 103
99 104
99 105
99 110
99 111
99 112
99 113
99 114
100 100
100 101
100 102
100 103
100 104
100 105
100 106
100 113
101 101
101 102
101 103
101 104
101 106
101 113
102 102
102 103
102 104
102 105
102 106
102 111
102 113
103 103
103 104
103 105
103 106
103 111
103 112
103 113
104 104
104 105
104 107
104 109
104 113
104 114
105 105
105 107
105 109
105 113
105 114
105 115
106 106
106 107
107 107
107 110
108 108
108 114
108 115
109 109
109 113
109 114
109 115
110 110
110 111
110 112
111 111
111 112
112 112
113 113
114 114
114 115
115 115
