0 0
0 1
0 16
0 32
0 42
0 43
0 46
0 47
0 48
0 51
0 54
0 55
0 56
0 57
0 58
0 60
0 66
0 68
0 80
0 84
0 86
0 87
0 94
0 96
0 108
1 1
1 16
1 19
1 29
1 32
1 36
1 42
1 43
1 46
1 47
1 48
1 49
1 51
1 52
1 54
1 55
1 56
1 57
1 59
1 68
1 69
1 78
1 79
1 80
1 81
1 87
1 89
1 98
1 99
2 2
2 3
2 4
2 6
2 7
2 8
2 9
2 13
2 14
2 15
2 21
2 22
2 23
2 24
2 30
2 31
2 34
2 35
2 58
2 60
2 61
2 64
2 65
2 67
2 75
2 76
2 77
2 88
2 90
2 91
2 92
2 93
2 95
2 101
2 102
2 103
2 104
2 105
2 108
2 110
2 112
2 114
2 115
3 3
3 7
3 15
3 22
3 23
3 24
3 25
3 30
3 31
3 35
3 39
3 41
3 61
3 64
3 65
3 67
3 70
3 76
3 77
3 83
4 4
4 5
4 7
4 8
4 9
4 15
4 23
4 24
4 26
4 35
4 37
4 38
4 39
4 41
4 61
4 64
4 76
4 78
4 87
4 88
4 92
4 93
4 94
4 102
4 103
4 104
5 5
5 8
5 9
5 15
5 20
5 24
5 26
5 37
5 38
5 39
5 54
5 65
5 87
5 88
5 89
5 92
5 94
6 6
6 7
6 8
6 9
6 10
6 12
6 13
6 14
6 15
6 22
6 30
6 31
6 33
6 35
6 58
6 60
6 61
6 64
6 65
6 73
6 74
6 75
6 76
6 77
6 90
6 91
6 92
6 93
6 95
6 97
6 101
6 102
6 103
6 104
6 105
6 106
6 113
6 114
6 115
7 7
7 8
7 9
7 13
7 14
7 15
7 22
7 23
7 30
7 31
7 61
7 64
7 65
7 74
7 75
7 76
7 78
7 88
7 90
7 91
7 92
7 93
7 97
7 101
7 102
7 103
7 104
7 105
7 106
7 115
8 8
8 9
8 13
8 14
8 15
8 22
8 23
8 24
8 26
8 30
8 31
8 35
8 61
8 64
8 65
8 67
8 70
8 75
8 76
8 78
8 88
8 91
8 92
8 93
8 102
8 103
8 104
8 105
8 106
8 107
9 9
9 10
9 13
9 14
9 15
9 22
9 23
9 24
9 26
9 61
9 64
9 65
9 74
9 75
9 76
9 78
9 87
9 88
9 91
9 92
9 93
9 102
9 103
9 104
9 106
10 10
10 11
10 12
10 13
10 14
10 15
10 16
10 17
10 23
10 28
10 60
10 61
10 62
10 63
10 65
10 72
10 75
10 82
10 87
10 93
10 100
11 11
11 12
11 13
11 15
11 16
11 17
11 28
11 29
11 31
11 41
11 61
11 62
11 63
11 81
11 82
11 83
11 85
11 87
11 90
11 102
12 12
12 13
12 17
12 28
12 29
12 33
12 52
12 58
12 59
12 60
12 61
12 62
12 63
12 66
12 72
12 74
12 79
12 81
12 83
12 91
12 103
12 111
12 113
12 115
13 13
13 14
13 15
13 23
13 28
13 31
13 58
13 61
13 63
13 64
13 65
13 74
13 75
13 76
13 78
13 88
13 90
13 91
13 92
13 93
13 101
13 102
13 103
13 106
13 114
13 115
14 14
14 15
14 22
14 23
14 35
14 58
14 61
14 64
14 65
14 67
14 73
14 74
14 75
14 77
14 82
14 88
14 90
14 91
14 92
14 93
14 103
14 105
14 106
14 114
14 115
15 15
15 23
15 24
15 28
15 35
15 36
15 41
15 61
15 64
15 65
15 70
15 73
15 74
15 75
15 76
15 78
15 87
15 88
15 91
15 92
15 93
15 102
15 103
15 104
15 106
16 16
16 28
16 32
16 33
16 56
16 57
16 62
16 63
16 68
16 69
16 78
16 80
16 81
16 82
16 83
16 85
16 86
16 87
16 100
17 17
17 28
17 34
17 36
17 63
17 87
17 90
18 18
18 19
18 21
18 33
18 34
18 35
18 66
18 67
18 72
18 82
18 108
18 109
18 115
19 19
19 27
19 35
19 37
19 40
19 41
19 47
19 52
19 67
19 68
19 69
19 72
19 77
19 79
19 80
19 81
19 82
19 83
19 90
19 112
20 20
20 21
20 34
20 37
20 39
20 70
20 71
20 77
20 110
21 21
21 22
21 25
21 27
21 30
21 31
21 34
21 67
21 70
21 71
21 77
21 83
21 90
21 101
21 103
21 104
21 105
21 107
21 109
21 112
21 115
22 22
22 23
22 25
22 26
22 27
22 30
22 31
22 35
22 61
22 64
22 65
22 67
22 75
22 77
22 88
22 92
22 93
22 101
22 108
23 23
23 25
23 26
23 27
23 30
23 31
23 34
23 35
23 61
23 64
23 65
23 67
23 70
23 75
23 88
23 92
23 93
24 24
24 26
24 34
24 37
24 64
24 67
24 88
24 91
24 103
24 104
24 105
24 110
24 112
25 25
25 26
25 27
25 30
25 31
25 34
25 44
25 67
25 70
25 93
26 26
26 27
26 35
26 38
26 39
26 56
26 67
26 85
26 88
26 110
27 27
27 34
27 35
27 38
27 47
27 56
27 67
27 68
27 69
27 77
27 85
27 96
28 28
28 29
28 33
28 36
28 58
28 60
28 61
28 62
28 63
28 72
28 78
28 80
28 81
28 82
28 83
28 95
28 100
28 102
28 113
29 29
29 33
29 36
29 59
29 60
29 62
29 63
29 66
29 72
29 79
29 80
29 81
29 113
30 30
30 31
30 33
30 34
30 35
30 64
30 67
30 77
30 90
30 93
30 105
31 31
31 33
31 34
31 35
31 61
31 64
31 67
31 70
31 76
31 77
31 83
31 90
31 91
31 92
31 93
31 104
31 112
31 114
32 32
32 38
32 43
32 49
32 51
32 52
32 54
32 55
32 56
32 57
32 66
32 68
32 78
32 80
32 89
32 94
32 99
33 33
33 34
33 35
33 52
33 57
33 60
33 62
33 63
33 66
33 67
33 72
33 77
33 79
33 80
33 81
33 83
33 110
33 113
33 114
33 115
34 34
34 35
34 67
34 70
34 71
34 77
34 82
34 90
34 91
34 93
34 103
34 105
34 107
34 110
34 113
34 114
34 115
35 35
35 39
35 41
35 61
35 64
35 65
35 67
35 76
35 77
35 82
35 92
35 93
35 110
35 115
36 36
36 37
36 38
36 41
36 62
36 72
36 73
36 74
36 76
36 78
36 79
36 80
36 81
36 83
36 87
36 89
36 94
36 100
36 102
36 103
36 104
36 109
36 112
37 37
37 38
37 39
37 41
37 52
37 54
37 68
37 71
37 77
37 87
37 89
38 38
38 39
38 41
38 43
38 46
38 47
38 49
38 53
38 54
38 55
38 56
38 68
38 69
38 70
38 71
38 85
38 87
38 88
38 89
39 39
39 41
39 54
39 55
39 67
39 87
39 88
39 89
39 94
39 96
40 40
40 62
40 71
40 73
40 74
40 77
40 80
40 81
40 82
40 83
40 90
40 98
40 107
40 111
40 114
41 41
41 52
41 69
41 73
41 77
41 82
41 83
41 87
41 89
41 112
42 42
42 43
42 44
42 45
42 46
42 47
42 48
42 49
42 51
42 53
42 54
42 55
42 56
42 57
42 68
42 84
42 94
42 96
42 98
42 99
42 111
43 43
43 44
43 45
43 46
43 47
43 48
43 49
43 51
43 53
43 54
43 55
43 56
43 57
43 68
43 80
43 84
43 94
43 96
43 98
43 99
44 44
44 45
44 46
44 47
44 48
44 49
44 51
44 53
44 55
44 57
44 96
44 98
44 99
44 107
44 111
45 45
45 46
45 47
45 48
45 49
45 51
45 53
45 55
45 56
45 57
45 68
45 96
45 98
45 99
45 111
46 46
46 47
46 48
46 49
46 50
46 51
46 52
46 53
46 55
46 56
46 57
46 68
46 80
46 84
46 85
46 86
46 89
46 96
46 98
46 99
46 111
47 47
47 48
47 49
47 51
47 53
47 55
47 56
47 57
47 68
47 80
47 84
47 96
47 98
47 99
48 48
48 49
48 50
48 51
48 55
48 56
48 58
48 66
48 94
48 96
48 97
48 98
48 111
48 113
49 49
49 51
49 53
49 54
49 55
49 57
49 94
49 96
49 98
49 99
49 111
50 50
50 51
50 58
50 66
50 84
50 85
50 96
50 97
50 109
51 51
51 53
51 55
51 56
51 57
51 68
51 84
51 89
51 96
51 97
51 98
51 99
52 52
52 53
52 54
52 55
52 57
52 60
52 62
52 63
52 72
52 77
52 79
52 80
52 81
52 83
52 89
52 95
52 98
52 109
53 53
53 54
53 55
53 57
53 68
53 79
53 80
53 89
53 98
53 99
53 111
54 54
54 55
54 56
54 57
54 59
54 86
54 87
54 89
54 94
55 55
55 56
55 57
55 68
55 69
55 80
55 84
55 89
55 96
55 98
55 99
56 56
56 57
56 58
56 68
56 69
56 80
56 84
56 85
56 86
56 87
56 89
56 94
56 96
57 57
57 62
57 68
57 69
57 72
57 79
57 80
57 81
57 83
57 84
57 85
57 86
57 87
57 89
57 96
57 98
57 99
57 111
58 58
58 59
58 60
58 61
58 64
58 65
58 66
58 92
58 97
59 59
59 61
59 63
59 66
59 81
60 60
60 61
60 62
60 63
60 64
60 66
60 72
60 100
60 102
61 61
61 63
61 64
61 65
61 76
61 92
61 93
61 100
61 101
61 102
62 62
62 63
62 72
62 80
62 81
62 82
62 83
62 99
62 111
63 63
63 72
63 79
63 80
63 81
63 82
63 83
63 84
63 100
63 102
64 64
64 65
64 67
64 75
64 76
64 88
64 92
64 93
64 95
64 102
64 108
64 114
65 65
65 75
65 88
65 92
65 93
66 66
66 81
66 96
66 105
66 109
66 110
66 112
66 113
67 67
67 77
67 90
67 91
67 92
67 93
67 105
67 110
68 68
68 69
68 80
68 81
68 82
68 85
68 89
68 96
69 69
69 79
69 80
69 82
69 83
69 85
69 89
70 70
70 71
70 73
70 75
70 76
70 77
70 89
70 90
70 92
70 103
70 105
70 114
71 71
71 73
71 77
71 89
71 105
71 107
72 72
72 73
72 74
72 75
72 76
72 77
72 79
72 80
72 81
72 83
72 99
72 100
72 102
72 109
73 73
73 74
73 75
73 76
73 77
73 90
73 91
73 93
73 95
73 101
73 103
73 104
73 105
73 106
73 107
74 74
74 75
74 76
74 90
74 91
74 93
74 97
74 102
74 103
74 106
74 113
74 115
75 75
75 87
75 92
75 93
75 97
75 106
76 76
76 77
76 78
76 88
76 90
76 91
76 93
76 102
76 103
76 104
76 110
76 115
77 77
77 90
77 91
77 93
77 103
77 105
77 107
77 109
77 110
77 112
77 113
77 114
77 115
78 78
78 88
78 92
78 93
78 94
78 100
78 102
78 103
78 104
78 106
78 112
78 113
78 114
79 79
79 80
79 81
79 83
79 99
79 100
79 109
79 111
79 112
79 113
80 80
80 81
80 82
80 83
80 84
80 86
80 89
80 98
80 99
81 81
81 82
81 83
81 89
81 98
81 99
81 109
81 111
81 112
82 82
82 83
82 85
82 87
82 89
83 83
83 85
83 89
83 90
83 111
84 84
84 85
84 86
84 96
84 108
85 85
85 86
85 87
85 89
86 86
86 87
86 89
86 96
86 100
87 87
87 89
87 94
88 88
88 92
88 93
88 94
88 103
88 104
88 106
89 89
89 98
90 90
90 91
90 93
90 95
90 103
90 105
90 106
90 107
90 111
90 112
90 113
90 114
90 115
91 91
91 92
91 93
91 95
91 102
91 103
91 104
91 105
91 106
91 107
91 110
91 111
91 112
91 113
91 114
91 115
92 92
92 93
92 102
92 103
92 106
92 114
92 115
93 93
93 101
93 102
93 103
93 104
93 105
93 106
93 110
93 113
93 114
94 94
94 96
94 97
94 108
95 95
95 97
95 105
95 108
95 109
95 114
96 96
96 98
96 110
97 97
97 106
97 108
97 110
97 113
98 98
98 99
98 111
99 99
99 107
99 111
100 100
100 102
101 101
101 102
102 102
102 103
102 104
102 105
102 106
102 112
102 114
102 115
103 103
103 104
103 105
103 106
103 107
103 109
103 111
103 112
103 113
103 114
103 115
104 104
104 105
104 106
104 107
104 112
104 115
105 105
105 106
105 107
105 109
105 110
105 111
105 112
105 113
105 114
105 115
106 106
106 107
106 111
106 112
106 114
106 115
107 107
107 111
107 112
107 115
108 108
108 109
109 109
109 112
110 110
110 112
110 113
111 111
111 112
111 113
111 114
111 115
112 112
112 113
112 114
112 115
113 113
113 114
113 115
114 114
114 115
115 115
