0 0
0 2
0 6
0 8
0 12
0 13
0 14
0 18
0 19
0 28
0 52
0 56
0 58
0 60
0 61
0 62
0 63
0 64
0 72
0 76
0 82
0 83
0 88
1 1
1 15
1 16
1 17
1 19
1 28
1 29
1 32
1 33
1 56
1 57
1 59
1 62
1 63
1 68
1 72
1 73
1 76
1 80
1 81
1 83
2 2
2 3
2 6
2 7
2 8
2 12
2 13
2 18
2 22
2 60
2 88
2 93
2 100
2 105
2 106
2 107
2 114
2 115
3 3
3 6
3 7
3 9
3 18
3 19
3 23
3 25
3 31
3 67
4 4
4 5
4 8
4 9
4 14
4 15
4 20
4 22
4 23
4 24
4 25
4 26
4 27
4 30
4 51
4 53
4 54
4 69
4 70
4 75
4 78
4 83
4 88
4 89
4 102
4 103
4 104
4 105
4 106
4 113
5 5
5 9
5 15
5 20
5 21
5 22
5 23
5 24
5 25
5 26
5 27
5 30
5 31
5 46
5 51
5 53
5 54
5 55
5 75
5 85
5 86
5 87
5 88
5 89
5 95
5 97
5 98
5 99
5 102
5 104
5 111
6 6
6 7
6 8
6 9
6 12
6 13
6 18
6 60
6 61
6 64
6 93
6 100
6 101
6 106
6 107
7 7
7 8
7 9
7 11
7 12
7 13
7 45
7 48
7 60
7 61
7 64
7 65
7 67
7 92
7 93
7 100
8 8
8 9
8 12
8 13
8 14
8 15
8 18
8 19
8 28
8 48
8 52
8 60
8 61
8 63
8 64
8 88
8 91
8 100
8 107
9 9
9 12
9 13
9 14
9 15
9 31
9 60
9 61
9 64
9 65
9 83
9 88
9 90
9 101
10 10
10 11
10 12
10 13
10 14
10 16
10 17
10 38
10 39
10 40
10 41
10 48
10 60
10 82
10 86
10 92
10 94
10 95
10 96
10 97
10 100
10 101
10 108
10 109
10 110
11 11
11 12
11 13
11 33
11 35
11 44
11 45
11 49
11 60
11 61
11 65
11 67
11 85
11 92
11 93
11 100
12 12
12 13
12 14
12 16
12 17
12 48
12 58
12 60
12 61
12 62
12 63
12 64
12 82
12 92
12 93
12 100
12 101
12 107
13 13
13 15
13 17
13 28
13 29
13 48
13 58
13 60
13 61
13 63
13 72
13 92
13 93
13 100
13 107
14 14
14 15
14 18
14 19
14 22
14 28
14 30
14 52
14 56
14 60
14 64
14 69
14 82
14 83
14 84
14 88
14 100
14 102
15 15
15 17
15 20
15 28
15 29
15 36
15 61
15 72
15 75
15 83
15 92
16 16
16 17
16 28
16 29
16 38
16 48
16 56
16 57
16 58
16 62
16 63
16 68
16 72
16 78
16 80
16 81
16 94
16 100
16 107
16 108
17 17
17 28
17 29
17 41
17 56
17 57
17 62
17 63
17 72
17 79
17 80
17 81
17 92
17 100
18 18
18 19
18 22
18 28
18 32
18 33
18 68
18 76
18 82
18 88
18 103
19 19
19 28
19 29
19 32
19 33
19 57
19 63
19 68
19 69
19 72
19 73
19 74
19 76
19 77
19 78
19 79
19 80
19 81
19 83
19 90
19 103
19 104
19 105
19 113
19 114
20 20
20 21
20 22
20 23
20 24
20 25
20 26
20 27
20 30
20 31
20 36
20 37
20 40
20 46
20 54
20 55
20 70
20 71
20 73
20 75
20 77
20 83
20 96
21 21
21 22
21 23
21 24
21 25
21 26
21 27
21 30
21 31
21 34
21 35
21 37
21 39
21 40
21 46
21 50
21 55
21 65
21 70
21 71
21 82
21 84
21 85
21 86
21 87
21 88
21 89
21 95
21 96
21 109
21 110
22 22
22 23
22 24
22 25
22 26
22 27
22 30
22 31
22 34
22 47
22 50
22 55
22 64
22 69
22 82
22 84
22 86
22 87
22 88
22 89
23 23
23 24
23 25
23 26
23 27
23 30
23 31
23 34
23 50
23 64
23 69
23 70
23 71
23 84
23 85
23 88
23 89
23 103
23 106
24 24
24 25
24 26
24 27
24 30
24 31
24 34
24 42
24 43
24 46
24 50
24 51
24 53
24 54
24 55
24 68
24 69
24 71
24 79
24 84
24 85
24 88
24 89
25 25
25 26
25 27
25 30
25 31
25 34
25 50
25 69
25 71
25 77
25 78
25 79
25 84
25 85
25 88
25 103
25 104
25 105
25 106
25 113
25 114
26 26
26 27
26 30
26 31
26 34
26 39
26 40
26 46
26 51
26 53
26 54
26 55
26 56
26 69
26 71
26 82
26 85
26 86
26 87
26 88
26 89
26 95
26 96
26 97
26 98
26 102
26 104
26 109
27 27
27 30
27 31
27 34
27 35
27 39
27 40
27 46
27 50
27 53
27 54
27 55
27 65
27 71
27 82
27 84
27 85
27 86
27 87
27 88
27 89
27 95
27 96
27 97
27 109
28 28
28 29
28 32
28 33
28 57
28 62
28 63
28 68
28 69
28 72
28 74
28 76
28 77
28 78
28 79
28 80
28 81
28 83
28 103
28 104
28 105
28 113
28 114
29 29
29 33
29 63
29 70
29 72
29 73
29 74
29 75
29 76
29 77
29 78
29 79
29 80
29 81
29 83
29 105
30 30
30 31
30 40
30 50
30 55
30 56
30 64
30 82
30 84
30 86
30 87
30 88
30 89
30 102
31 31
31 35
31 40
31 64
31 65
31 67
31 82
31 83
31 84
31 85
31 86
31 87
31 88
31 89
31 95
31 109
32 32
32 33
32 57
32 59
32 62
32 63
32 66
32 68
32 72
32 74
32 77
32 78
32 79
32 80
32 81
32 104
33 33
33 60
33 61
33 63
33 68
33 72
33 73
33 74
33 76
33 77
33 79
33 81
34 34
34 35
34 38
34 39
34 45
34 55
34 64
34 65
34 67
34 82
34 84
34 87
34 88
34 95
34 96
34 109
34 110
35 35
35 37
35 39
35 41
35 43
35 44
35 45
35 49
35 65
35 67
35 85
35 95
35 96
35 109
35 110
36 36
36 37
36 40
36 41
36 70
36 75
36 76
36 77
36 82
36 83
36 87
36 101
36 109
36 110
37 37
37 39
37 40
37 41
37 42
37 43
37 46
37 47
37 52
37 65
37 73
37 74
37 75
37 76
37 77
37 87
37 95
37 96
37 109
37 110
38 38
38 39
38 40
38 41
38 54
38 55
38 82
38 86
38 87
38 89
38 94
38 95
38 96
38 97
38 98
38 99
38 101
38 107
38 108
38 109
38 110
38 111
39 39
39 40
39 41
39 46
39 53
39 54
39 55
39 65
39 82
39 85
39 86
39 87
39 89
39 94
39 95
39 96
39 97
39 98
39 101
39 108
39 109
39 110
39 111
40 40
40 41
40 55
40 56
40 62
40 82
40 83
40 84
40 86
40 87
40 94
40 95
40 96
40 97
40 101
40 108
40 109
40 110
41 41
41 44
41 45
41 94
41 95
41 96
41 97
41 101
41 108
41 109
41 110
42 42
42 43
42 44
42 45
42 46
42 47
42 50
42 54
42 55
42 66
42 67
42 71
42 73
42 85
42 96
42 112
42 113
43 43
43 44
43 45
43 46
43 47
43 50
43 65
43 67
43 71
43 77
43 85
43 93
43 96
44 44
44 45
44 48
44 49
44 65
44 66
44 67
44 85
45 45
45 47
45 48
45 49
45 65
45 66
45 67
45 71
45 85
46 46
46 47
46 51
46 53
46 54
46 55
46 57
46 75
46 86
46 87
46 94
46 95
46 96
46 97
46 98
46 99
46 110
46 111
47 47
47 50
47 55
47 65
47 84
47 86
47 87
47 96
47 109
47 110
48 48
48 49
48 52
48 58
48 59
48 60
48 61
48 62
48 65
48 66
48 107
48 108
49 49
49 67
50 50
50 64
50 65
50 84
50 86
50 87
50 88
51 51
51 52
51 53
51 54
51 55
51 56
51 57
51 68
51 69
51 86
51 89
51 94
51 97
51 98
51 99
51 104
52 52
52 54
52 58
52 60
52 62
52 63
52 83
52 86
52 87
52 88
52 89
52 90
52 98
52 109
53 53
53 54
53 55
53 56
53 57
53 68
53 69
53 86
53 88
53 89
53 90
53 94
53 95
53 97
53 98
53 99
53 104
53 105
53 108
53 111
53 112
53 114
53 115
54 54
54 55
54 86
54 87
54 88
54 89
54 94
54 95
54 96
54 97
54 98
54 99
54 108
54 109
54 111
54 112
55 55
55 56
55 82
55 86
55 87
55 88
55 89
55 94
55 95
55 96
55 97
55 98
55 99
55 108
55 109
55 110
55 111
56 56
56 57
56 63
56 68
56 69
56 79
56 80
56 81
56 104
56 112
57 57
57 63
57 68
57 69
57 72
57 73
57 78
57 79
57 80
57 81
58 58
58 59
58 60
58 61
58 62
58 63
58 66
58 98
58 111
59 59
59 60
59 61
59 62
59 63
59 66
59 68
59 81
60 60
60 61
60 62
60 63
60 64
60 65
61 61
61 62
61 63
61 64
61 65
61 72
61 92
62 62
62 63
62 66
62 72
62 80
62 83
62 109
63 63
63 68
63 72
63 80
63 81
63 83
64 64
64 65
64 82
64 84
64 86
64 87
64 88
64 109
64 110
65 65
65 67
65 84
65 85
65 86
65 87
65 95
65 96
65 109
65 110
66 66
66 67
66 68
66 80
66 85
67 67
67 71
67 85
67 96
68 68
68 69
68 72
68 73
68 76
68 77
68 78
68 79
68 80
68 81
69 69
69 70
69 78
69 79
69 80
69 81
69 90
69 103
69 104
69 105
69 113
69 114
69 115
70 70
70 71
70 73
70 74
70 75
70 76
70 77
70 78
70 80
70 81
70 83
70 91
70 103
70 104
70 105
70 113
70 114
71 71
71 77
71 78
71 85
71 93
71 102
71 103
71 104
71 105
71 106
71 112
71 113
71 114
72 72
72 73
72 74
72 75
72 76
72 77
72 78
72 79
72 80
72 81
72 83
72 103
72 104
72 105
72 113
73 73
73 74
73 75
73 76
73 77
73 80
73 81
73 103
73 104
74 74
74 75
74 76
74 77
74 78
74 79
74 80
74 81
74 103
74 104
75 75
75 76
75 77
75 83
75 103
75 104
75 105
75 113
76 76
76 77
76 81
76 103
76 105
76 113
77 77
77 78
77 79
77 80
77 81
77 83
77 103
77 104
77 105
77 113
78 78
78 79
78 80
78 81
78 91
78 103
78 104
78 105
78 106
78 107
78 113
78 114
78 115
79 79
79 80
79 81
79 91
79 103
79 104
79 105
79 114
80 80
80 81
80 103
80 105
80 106
80 107
80 113
80 114
80 115
81 81
81 103
81 104
81 105
81 106
81 112
81 113
81 114
81 115
82 82
82 83
82 84
82 86
82 87
82 88
82 89
82 94
82 95
82 96
82 97
82 101
82 108
82 109
82 110
83 83
84 84
84 86
84 87
84 88
84 109
84 110
85 85
85 95
85 109
86 86
86 87
86 88
86 89
86 94
86 95
86 96
86 97
86 98
86 108
86 109
86 110
86 111
87 87
87 88
87 89
87 94
87 95
87 96
87 97
87 98
87 108
87 109
87 110
87 111
88 88
88 89
88 98
88 101
88 102
88 104
89 89
89 95
89 96
89 97
89 98
89 99
89 102
89 104
89 108
89 109
89 111
90 90
90 91
90 92
90 98
90 99
90 102
90 103
90 110
90 111
90 114
90 115
91 91
91 92
91 93
91 98
91 99
91 103
91 105
91 107
91 111
91 112
91 113
91 114
91 115
92 92
92 93
92 94
92 97
92 98
92 99
92 100
92 101
92 108
92 111
92 112
92 115
93 93
93 98
93 99
93 100
93 105
93 107
93 112
93 113
93 114
93 115
94 94
94 95
94 96
94 97
94 98
94 99
94 100
94 101
94 107
94 108
94 109
94 110
94 111
95 95
95 96
95 97
95 98
95 99
95 101
95 108
95 109
95 110
95 111
96 96
96 97
96 98
96 108
96 109
96 110
96 111
97 97
97 98
97 99
97 100
97 101
97 108
97 109
97 110
97 111
97 112
98 98
98 99
98 102
98 107
98 108
98 109
98 111
98 112
98 115
99 99
99 102
99 105
99 107
99 108
99 111
99 112
99 114
99 115
100 100
100 107
100 108
100 110
101 101
101 108
101 111
102 102
102 103
102 104
102 105
102 111
102 113
102 114
102 115
103 103
103 104
103 105
103 113
103 114
103 115
104 104
104 105
104 106
104 113
104 114
105 105
105 106
105 107
105 112
105 113
105 114
105 115
106 106
106 107
106 113
106 114
107 107
107 108
107 111
107 112
107 114
107 115
108 108
108 109
108 110
108 111
108 115
109 109
109 110
109 111
110 110
111 111
111 112
111 115
112 112
112 114
112 115
113 113
113 114
113 115
114 114
114 115
115 115
