0 0
0 1
0 2
0 10
0 18
0 19
0 26
0 27
0 32
0 52
0 56
0 57
0 58
0 59
0 62
0 63
0 68
0 69
0 79
0 88
0 105
1 1
1 16
1 17
1 19
1 28
1 56
1 57
1 79
1 96
1 98
1 101
1 102
1 103
1 104
1 105
1 111
1 112
1 113
1 114
2 2
2 6
2 10
2 12
2 14
2 18
2 19
2 22
2 32
2 34
2 53
2 54
2 58
2 60
2 62
2 64
2 66
2 68
2 69
2 82
2 88
2 91
2 93
2 107
3 3
3 5
3 7
3 9
3 15
3 23
3 27
3 33
3 38
3 39
3 54
3 61
3 65
3 83
3 86
3 89
3 90
3 92
3 100
3 101
3 102
3 108
3 115
4 4
4 5
4 8
4 9
4 15
4 20
4 24
4 25
4 26
4 27
4 30
4 35
4 41
4 72
4 74
4 75
4 106
5 5
5 8
5 9
5 15
5 20
5 21
5 23
5 24
5 25
5 26
5 27
5 29
5 30
5 40
5 41
5 47
5 72
5 73
5 87
5 103
5 106
5 115
6 6
6 7
6 8
6 10
6 12
6 14
6 22
6 28
6 32
6 33
6 34
6 35
6 58
6 60
6 61
6 62
6 64
6 66
6 91
6 93
6 101
7 7
7 8
7 9
7 11
7 12
7 13
7 15
7 22
7 23
7 31
7 33
7 38
7 60
7 61
7 62
7 65
7 67
7 70
7 90
7 92
7 100
8 8
8 9
8 12
8 13
8 14
8 15
8 20
8 24
8 25
8 26
8 27
8 35
8 41
8 60
8 61
8 75
8 92
8 100
8 106
9 9
9 13
9 15
9 20
9 23
9 24
9 25
9 26
9 27
9 29
9 30
9 31
9 40
9 41
9 61
9 72
9 73
9 74
9 106
9 115
10 10
10 12
10 14
10 22
10 28
10 32
10 33
10 60
10 61
10 62
10 63
10 64
10 65
10 82
10 88
10 93
11 11
11 12
11 13
11 15
11 16
11 17
11 21
11 23
11 29
11 31
11 33
11 43
11 61
11 63
11 65
11 70
11 72
11 78
11 80
11 83
11 92
11 95
11 97
11 100
12 12
12 13
12 14
12 22
12 60
12 61
12 62
12 64
12 70
12 71
12 75
12 76
12 77
12 91
13 13
13 15
13 22
13 23
13 29
13 31
13 43
13 61
13 65
13 70
13 71
13 72
13 73
13 74
13 75
13 77
13 83
13 97
13 114
14 14
14 18
14 22
14 24
14 26
14 27
14 36
14 38
14 53
14 54
14 64
14 65
14 68
14 82
14 84
14 86
14 88
14 89
14 91
14 93
14 94
15 15
15 20
15 23
15 24
15 25
15 26
15 27
15 28
15 29
15 30
15 39
15 41
15 61
15 65
15 72
15 83
15 87
15 100
15 108
15 115
16 16
16 17
16 28
16 29
16 31
16 33
16 43
16 50
16 56
16 57
16 62
16 63
16 72
16 73
16 76
16 78
16 79
16 80
16 81
16 85
16 99
17 17
17 28
17 29
17 31
17 43
17 56
17 57
17 63
17 72
17 73
17 76
17 77
17 78
17 79
17 80
17 81
17 85
17 98
17 99
17 103
17 110
17 111
17 113
17 114
18 18
18 19
18 26
18 27
18 32
18 39
18 44
18 48
18 49
18 53
18 54
18 56
18 57
18 58
18 59
18 66
18 68
18 69
18 82
18 88
18 89
18 91
18 93
18 105
18 107
19 19
19 32
19 39
19 56
19 57
19 58
19 66
19 68
19 69
19 82
19 83
19 87
19 89
19 93
19 98
19 104
19 105
19 111
19 112
19 113
19 114
20 20
20 21
20 23
20 24
20 25
20 26
20 29
20 30
20 31
20 37
20 38
20 40
20 41
20 70
20 71
20 72
20 73
20 74
20 75
20 77
20 96
20 97
20 98
20 99
20 111
21 21
21 23
21 25
21 29
21 30
21 31
21 37
21 41
21 70
21 71
21 72
21 73
21 75
21 77
21 80
21 81
21 85
22 22
22 23
22 53
22 54
22 60
22 64
22 65
22 66
22 67
22 68
22 70
22 82
22 84
22 86
22 88
22 89
22 91
22 93
22 113
23 23
23 24
23 25
23 30
23 31
23 33
23 38
23 61
23 65
23 70
23 71
23 75
23 86
23 90
23 92
24 24
24 25
24 26
24 27
24 30
24 31
24 40
24 41
24 45
24 73
24 74
24 75
24 87
24 106
24 115
25 25
25 26
25 27
25 29
25 30
25 31
25 40
25 41
25 47
25 70
25 72
25 73
25 74
25 75
25 87
25 106
25 115
26 26
26 27
26 30
26 45
26 87
26 106
26 115
27 27
27 39
27 63
27 65
27 87
27 88
27 105
27 106
27 108
27 115
28 28
28 29
28 30
28 31
28 33
28 70
28 72
28 73
28 76
28 77
28 78
28 79
28 80
28 99
28 101
28 109
28 110
28 111
29 29
29 30
29 31
29 33
29 37
29 40
29 41
29 70
29 71
29 72
29 73
29 75
29 76
29 77
29 78
29 79
29 80
29 81
29 98
29 99
29 110
29 111
30 30
30 31
30 40
30 41
30 70
30 71
30 72
30 73
30 74
30 75
30 77
30 81
30 98
30 110
31 31
31 33
31 40
31 41
31 70
31 71
31 72
31 73
31 74
31 75
31 76
31 77
31 80
31 81
31 99
32 32
32 33
32 34
32 39
32 44
32 48
32 49
32 58
32 59
32 60
32 62
32 63
32 66
32 69
32 76
32 78
33 33
33 60
33 61
33 62
33 63
33 65
33 78
34 34
34 35
34 48
34 49
34 58
34 59
34 60
34 62
34 64
34 66
34 67
34 68
34 69
34 76
34 93
35 35
35 47
35 48
35 49
35 51
35 58
35 59
35 61
35 66
35 67
36 36
36 37
36 38
36 40
36 41
36 46
36 47
36 53
36 54
36 55
36 71
36 75
36 77
36 82
36 84
36 88
36 90
36 94
36 96
36 97
36 110
37 37
37 38
37 40
37 41
37 42
37 46
37 47
37 50
37 51
37 54
37 55
37 71
37 73
37 75
37 77
37 80
37 81
37 85
37 96
37 97
37 98
37 110
37 111
38 38
38 39
38 40
38 54
38 55
38 67
38 82
38 86
38 90
38 92
38 94
38 95
38 96
38 97
38 114
39 39
39 44
39 45
39 48
39 54
39 55
39 59
39 82
39 83
39 86
39 87
39 88
39 89
39 92
39 94
39 95
39 105
39 108
39 114
39 115
40 40
40 41
40 70
40 71
40 72
40 73
40 74
40 75
40 76
40 77
40 80
40 81
40 85
40 96
40 98
40 99
40 110
40 111
40 112
40 114
41 41
41 46
41 47
41 55
41 70
41 71
41 72
41 73
41 74
41 75
41 77
41 78
41 80
41 98
41 99
42 42
42 43
42 44
42 45
42 46
42 47
42 50
42 51
42 55
42 85
42 87
42 90
42 109
42 112
43 43
43 44
43 45
43 46
43 47
43 48
43 49
43 50
43 51
43 55
43 74
43 80
43 81
43 85
43 87
43 112
44 44
44 45
44 48
44 49
44 50
44 51
44 58
44 59
44 64
44 65
44 66
44 67
44 94
44 95
44 108
44 112
45 45
45 48
45 49
45 50
45 51
45 54
45 55
45 59
45 64
45 65
45 66
45 67
45 87
45 88
45 94
45 95
45 108
45 112
46 46
46 47
46 50
46 51
46 52
46 53
46 54
46 55
46 74
46 85
46 96
46 98
46 110
46 112
47 47
47 50
47 51
47 52
47 53
47 74
47 77
47 87
47 96
47 98
47 102
47 110
47 111
47 112
48 48
48 49
48 50
48 51
48 58
48 59
48 60
48 61
48 62
48 63
48 64
48 66
48 67
49 49
49 50
49 51
49 58
49 59
49 60
49 64
49 66
49 67
49 114
50 50
50 51
50 52
50 55
50 63
50 72
50 76
50 78
50 80
50 81
50 85
50 87
50 112
51 51
51 55
51 72
51 76
51 81
51 85
52 52
52 53
52 56
52 57
52 68
52 88
52 89
52 90
52 102
52 103
52 105
52 106
52 107
52 108
52 110
52 112
53 53
53 54
53 56
53 57
53 68
53 84
53 88
53 89
53 91
53 93
53 96
53 102
53 104
53 107
53 110
54 54
54 55
54 64
54 66
54 67
54 68
54 69
54 82
54 84
54 86
54 87
54 88
54 89
54 93
54 94
54 104
54 105
54 107
54 108
54 115
55 55
55 84
55 85
55 86
55 87
55 88
55 89
55 92
55 95
55 114
56 56
56 57
56 58
56 63
56 78
56 79
56 98
56 99
56 102
56 103
56 105
56 111
57 57
57 58
57 59
57 63
57 69
57 79
57 98
57 102
57 103
57 104
57 105
57 111
58 58
58 59
58 60
58 61
58 62
58 66
58 68
58 69
58 93
58 101
58 104
58 105
58 107
59 59
59 60
59 61
59 63
59 66
59 67
59 69
59 95
59 100
59 107
60 60
60 61
60 62
60 64
60 66
60 69
60 76
60 91
60 93
60 100
60 101
61 61
61 62
61 65
61 67
61 90
61 92
61 95
61 100
62 62
62 63
62 64
62 65
62 66
62 79
62 101
62 113
63 63
63 65
63 78
63 79
63 80
63 81
64 64
64 65
64 66
64 67
64 68
64 69
64 76
64 82
64 84
64 86
64 88
64 91
64 93
64 113
65 65
65 67
65 82
65 84
65 85
65 86
65 87
65 88
65 89
65 90
65 92
65 95
65 100
66 66
66 67
66 68
66 69
66 82
66 88
66 91
66 93
66 104
66 105
66 107
67 67
67 69
67 84
67 86
67 88
67 90
67 92
67 95
68 68
68 69
68 82
68 84
68 88
68 89
68 91
68 93
68 94
68 102
68 104
68 105
68 107
69 69
69 88
69 89
69 91
69 93
69 96
69 101
69 102
69 104
69 105
69 107
69 113
69 115
70 70
70 71
70 72
70 73
70 74
70 75
70 76
70 77
71 71
71 72
71 73
71 74
71 75
71 76
71 77
71 80
71 81
71 97
71 99
72 72
72 73
72 74
72 75
72 76
72 77
72 78
72 79
72 80
72 81
72 85
72 99
73 73
73 74
73 75
73 76
73 77
73 78
73 79
73 80
73 81
73 85
73 97
73 98
73 99
73 111
73 114
74 74
74 75
74 76
74 77
74 81
74 85
75 75
75 76
75 77
75 98
75 99
76 76
76 77
76 78
76 79
76 80
76 81
76 99
76 114
77 77
77 78
77 79
77 80
77 81
77 96
77 97
77 98
77 99
77 110
77 111
77 114
78 78
78 79
78 80
78 81
78 97
78 99
78 103
78 111
79 79
79 80
79 81
79 85
79 98
79 99
79 103
79 109
79 110
79 111
79 113
79 114
80 80
80 81
80 85
80 97
80 98
80 99
80 111
81 81
81 84
81 85
81 98
81 99
81 110
81 114
82 82
82 83
82 84
82 86
82 88
82 89
82 90
82 94
82 95
82 102
82 105
82 107
82 108
83 83
83 87
83 90
83 92
83 100
83 101
83 102
83 103
83 112
83 113
84 84
84 85
84 86
84 87
84 88
84 89
84 91
84 92
85 85
85 87
85 89
85 114
86 86
86 87
86 88
86 89
86 90
86 92
86 94
86 95
86 108
87 87
87 88
87 89
87 108
87 112
87 113
87 115
88 88
88 89
88 90
88 91
88 92
88 93
88 94
88 95
88 105
88 107
88 108
88 112
88 115
89 89
89 90
89 91
89 92
89 93
89 94
89 102
89 104
89 105
89 107
89 108
89 112
89 113
89 115
90 90
90 92
90 94
90 95
90 100
90 102
90 103
90 107
90 108
90 112
91 91
91 93
91 94
91 96
91 101
91 107
91 113
92 92
92 94
92 95
92 100
92 102
92 103
92 108
93 93
93 96
93 101
93 102
93 104
93 105
93 107
93 109
93 113
93 115
94 94
94 95
94 102
94 105
94 107
94 108
94 112
94 115
95 95
95 97
95 100
95 105
95 106
95 107
95 108
95 114
95 115
96 96
96 97
96 98
96 101
96 102
96 104
96 105
96 107
96 110
96 111
96 113
97 97
97 99
97 111
97 114
98 98
98 99
98 101
98 102
98 104
98 110
98 111
98 112
98 113
99 99
99 101
99 103
99 111
99 113
100 100
100 101
100 102
100 103
101 101
101 102
101 103
101 104
101 107
101 111
101 113
102 102
102 103
102 104
102 105
102 106
102 107
102 108
102 111
102 112
102 115
103 103
103 104
103 106
103 111
103 112
104 104
104 105
104 106
104 107
104 110
104 111
104 112
104 113
104 115
105 105
105 106
105 107
105 108
105 109
105 111
105 112
105 115
106 106
106 107
107 107
107 108
107 115
108 108
108 109
108 112
108 115
109 109
109 110
109 112
109 113
109 115
110 110
110 111
110 113
111 111
111 113
112 112
112 113
112 115
113 113
113 114
114 114
115 115
