0 0
0 1
0 12
0 18
0 19
0 43
0 56
0 57
0 58
0 59
0 68
0 69
1 1
1 16
1 17
1 19
1 42
1 43
1 46
1 47
1 49
1 56
1 57
1 59
1 63
1 68
1 69
1 78
1 79
1 80
1 81
2 2
2 3
2 5
2 6
2 7
2 18
2 22
2 23
2 24
2 27
2 34
2 35
2 58
2 59
2 66
2 67
2 70
2 71
2 77
2 88
2 90
2 91
2 92
2 93
2 94
2 100
2 101
2 106
2 107
2 114
3 3
3 5
3 6
3 7
3 9
3 18
3 20
3 22
3 23
3 25
3 35
3 59
3 60
3 61
3 66
3 67
3 71
3 83
3 88
3 89
3 90
3 91
3 92
3 93
3 94
3 100
3 101
3 102
3 107
4 4
4 5
4 8
4 9
4 14
4 15
4 23
4 24
4 26
4 27
4 35
4 58
4 60
4 61
4 65
4 66
4 67
4 69
4 88
5 5
5 6
5 7
5 8
5 9
5 20
5 21
5 22
5 23
5 24
5 25
5 26
5 27
5 34
5 35
5 58
5 60
5 61
5 64
5 65
5 66
5 67
5 71
5 88
5 92
6 6
6 7
6 18
6 22
6 23
6 24
6 35
6 58
6 59
6 60
6 61
6 66
6 67
6 70
6 71
6 83
6 90
6 91
6 92
6 93
6 94
6 95
6 100
6 101
6 102
6 106
6 107
6 108
6 114
6 115
7 7
7 8
7 9
7 18
7 23
7 35
7 58
7 59
7 60
7 61
7 65
7 66
7 67
7 70
7 71
7 75
7 88
7 90
7 91
7 92
7 93
7 94
7 95
7 100
7 101
7 102
7 107
7 108
7 114
7 115
8 8
8 9
8 13
8 14
8 15
8 60
8 61
8 65
8 67
8 83
8 94
8 95
8 108
9 9
9 24
9 25
9 60
9 61
9 65
9 67
10 10
10 11
10 12
10 13
10 14
10 15
10 16
10 17
10 28
10 29
10 42
10 43
10 46
10 47
10 62
10 63
10 72
10 79
10 80
10 81
10 84
11 11
11 12
11 13
11 15
11 29
11 65
12 12
12 13
12 14
12 15
12 43
12 48
12 49
12 50
12 58
12 60
13 13
13 15
13 28
13 29
13 48
14 14
14 15
14 26
14 82
14 83
14 84
14 86
14 87
14 88
14 94
14 95
14 96
14 97
14 108
14 109
15 15
15 26
15 61
15 65
15 82
15 83
15 84
15 86
15 87
15 88
15 89
15 109
16 16
16 17
16 28
16 29
16 32
16 42
16 43
16 44
16 45
16 46
16 47
16 49
16 51
16 52
16 53
16 54
16 55
16 56
16 57
16 62
16 63
16 68
16 72
16 78
16 79
16 80
16 81
16 85
16 99
16 110
16 111
16 113
17 17
17 28
17 29
17 32
17 42
17 43
17 44
17 45
17 46
17 47
17 49
17 51
17 52
17 53
17 56
17 57
17 62
17 63
17 68
17 72
17 78
17 79
17 80
17 81
17 99
17 110
17 111
18 18
18 19
18 33
18 58
18 59
18 66
18 71
18 75
18 82
18 83
18 92
18 94
18 100
19 19
19 33
19 57
19 66
19 68
19 69
19 82
19 83
20 20
20 21
20 25
20 26
20 27
20 30
20 34
20 35
20 36
20 37
20 39
20 40
20 41
20 66
20 71
20 73
20 74
20 75
20 76
20 77
20 82
20 83
20 84
20 85
20 88
20 89
21 21
21 22
21 24
21 25
21 26
21 27
21 30
21 34
21 36
21 37
21 38
21 39
21 41
21 71
21 73
21 74
21 75
21 76
21 77
21 82
21 84
21 85
21 86
21 88
21 89
22 22
22 23
22 24
22 26
22 27
22 34
22 35
22 50
22 64
22 71
22 88
22 89
23 23
23 24
23 25
23 26
23 34
23 35
23 58
23 60
23 64
23 66
23 67
23 70
23 71
23 77
23 88
23 89
23 90
23 91
23 92
23 93
23 94
23 100
23 106
23 107
24 24
24 25
24 26
24 30
24 33
24 34
24 64
24 66
24 70
24 71
25 25
25 30
25 31
25 71
25 73
25 75
26 26
26 27
26 34
26 35
26 50
26 64
26 65
26 77
26 84
26 86
26 88
27 27
27 34
27 35
27 36
27 38
27 39
27 50
27 64
27 65
27 67
27 77
27 84
27 85
27 86
27 88
27 89
28 28
28 29
28 30
28 31
28 32
28 36
28 37
28 40
28 41
28 42
28 43
28 46
28 47
28 53
28 62
28 63
28 72
28 73
28 74
28 78
28 79
28 80
28 81
28 82
28 98
28 112
28 113
29 29
29 30
29 32
29 36
29 37
29 40
29 41
29 42
29 43
29 46
29 47
29 54
29 55
29 62
29 63
29 72
29 73
29 74
29 78
29 79
29 80
29 81
29 98
29 99
29 112
29 113
30 30
30 31
30 32
30 33
30 37
30 40
30 41
30 72
30 73
30 74
30 75
30 76
30 82
30 83
30 101
30 112
31 31
31 32
31 33
31 41
31 71
31 72
31 73
31 75
31 76
31 82
31 83
31 101
31 112
32 32
32 33
32 62
32 63
32 72
33 33
33 34
33 35
33 66
33 71
33 114
34 34
34 35
34 64
34 66
34 67
34 70
34 71
34 76
34 77
34 82
34 86
34 93
35 35
35 58
35 59
35 64
35 65
35 66
35 67
35 70
35 71
35 77
35 88
35 93
35 94
36 36
36 37
36 38
36 39
36 40
36 41
36 54
36 55
36 72
36 73
36 74
36 75
36 76
36 82
36 83
36 84
36 86
36 87
36 88
36 89
36 95
36 96
36 97
36 102
36 108
36 109
36 113
37 37
37 38
37 39
37 40
37 41
37 54
37 55
37 72
37 73
37 74
37 75
37 76
37 82
37 84
37 85
37 86
37 87
37 89
37 94
37 95
37 96
37 97
37 102
37 108
37 109
37 112
37 113
38 38
38 39
38 40
38 41
38 54
38 55
38 72
38 74
38 75
38 82
38 84
38 86
38 87
38 88
38 89
38 94
38 95
38 96
38 97
38 102
38 108
38 109
38 113
39 39
39 40
39 41
39 54
39 55
39 72
39 73
39 74
39 75
39 82
39 84
39 86
39 87
39 88
39 89
39 94
39 95
39 96
39 97
39 102
39 108
39 109
39 112
39 113
40 40
40 41
40 54
40 55
40 72
40 73
40 74
40 75
40 82
40 83
40 87
40 89
40 94
40 95
40 96
40 97
40 100
40 101
40 102
40 108
40 109
40 112
40 113
41 41
41 54
41 55
41 72
41 73
41 74
41 75
41 82
41 83
41 89
41 94
41 95
41 96
41 97
41 101
41 102
41 108
41 109
41 112
41 113
42 42
42 43
42 44
42 45
42 46
42 47
42 48
42 49
42 50
42 51
42 52
42 53
42 54
42 55
42 56
42 57
42 63
42 68
42 72
42 78
42 79
42 80
42 81
42 84
42 85
42 96
42 98
42 99
42 110
42 111
43 43
43 44
43 45
43 46
43 47
43 48
43 49
43 50
43 51
43 52
43 53
43 55
43 56
43 57
43 63
43 68
43 72
43 78
43 79
43 80
43 81
43 84
43 85
43 96
43 98
43 99
43 110
44 44
44 45
44 46
44 47
44 48
44 49
44 50
44 51
44 52
44 53
44 55
44 56
44 57
44 62
44 63
44 64
44 68
44 78
44 79
44 80
44 81
44 85
44 99
44 110
44 111
45 45
45 46
45 47
45 48
45 49
45 50
45 51
45 52
45 53
45 56
45 57
45 63
45 68
45 78
45 79
45 80
45 81
45 99
45 110
46 46
46 47
46 49
46 51
46 52
46 53
46 54
46 55
46 56
46 57
46 63
46 68
46 72
46 78
46 79
46 80
46 81
46 84
46 85
46 96
46 98
46 99
46 111
47 47
47 49
47 51
47 52
47 53
47 54
47 55
47 56
47 57
47 63
47 68
47 72
47 78
47 79
47 80
47 81
47 85
47 96
47 98
47 99
47 110
48 48
48 49
48 50
48 51
48 56
48 58
48 105
48 110
49 49
49 50
49 51
49 52
49 53
49 56
49 57
49 59
49 68
49 78
49 79
49 81
49 110
50 50
50 51
50 52
50 56
50 64
50 65
50 76
50 78
50 79
50 84
50 85
50 110
51 51
51 52
51 53
51 56
51 57
51 63
51 68
51 78
51 79
51 80
51 81
51 99
51 110
52 52
52 53
52 54
52 55
52 56
52 57
52 63
52 68
52 78
52 79
52 80
52 81
52 90
52 96
52 98
52 99
53 53
53 54
53 55
53 56
53 57
53 62
53 63
53 72
53 78
53 79
53 80
53 81
53 90
53 98
53 99
54 54
54 55
54 72
54 74
54 80
54 81
54 84
54 85
54 86
54 88
54 89
54 96
54 97
54 98
54 113
55 55
55 72
55 74
55 78
55 79
55 80
55 81
55 84
55 85
55 86
55 89
55 96
55 97
55 98
55 99
55 109
55 111
55 113
56 56
56 57
56 63
56 68
56 69
56 78
56 79
56 80
56 81
56 110
57 57
57 63
57 68
57 69
57 78
57 79
57 80
57 81
57 110
58 58
58 59
58 60
58 66
58 67
59 59
59 60
59 61
59 66
59 67
60 60
60 61
60 91
60 92
61 61
61 65
61 67
61 83
61 87
61 88
61 89
61 90
61 91
61 92
61 94
61 102
61 108
62 62
62 63
62 72
62 78
62 79
62 80
62 81
63 63
63 68
63 72
63 78
63 79
63 80
63 81
64 64
64 65
64 88
65 65
65 67
65 88
65 89
66 66
66 67
66 70
66 71
66 77
66 93
66 103
66 105
67 67
67 70
67 71
67 77
67 88
67 92
67 93
67 94
67 107
67 114
68 68
68 69
68 78
68 79
68 80
68 81
68 96
68 110
69 69
70 70
70 71
70 73
70 75
70 76
70 77
70 91
70 92
70 93
70 101
70 103
71 71
71 73
71 75
71 76
71 77
71 91
71 92
71 93
71 94
71 100
71 101
71 107
71 114
72 72
72 73
72 74
72 75
72 76
72 78
72 79
72 80
72 81
72 85
72 96
72 98
72 99
72 112
72 113
73 73
73 74
73 75
73 76
73 77
73 82
73 83
73 85
73 101
73 112
74 74
74 75
74 76
74 80
74 82
74 84
74 85
74 87
74 96
74 98
74 102
74 109
74 112
74 113
75 75
75 76
75 77
75 82
75 83
75 87
75 92
75 94
75 100
75 101
75 102
75 108
75 109
75 112
76 76
76 77
77 77
77 93
77 101
77 103
77 110
78 78
78 79
78 80
78 81
78 85
78 99
78 104
78 105
78 110
79 79
79 80
79 81
79 85
79 99
79 104
79 105
79 110
79 111
80 80
80 81
80 84
80 85
80 96
80 110
80 111
80 113
81 81
81 84
81 85
81 96
81 110
81 111
82 82
82 83
82 84
82 86
82 87
82 88
82 94
82 95
82 100
82 101
82 102
82 108
83 83
83 87
83 92
83 100
83 101
83 102
84 84
84 85
84 86
84 87
84 88
84 89
84 96
84 109
85 85
85 89
85 96
85 110
86 86
86 87
86 88
86 89
86 94
86 95
86 96
86 97
86 108
86 109
87 87
87 88
87 89
87 92
87 94
87 95
87 96
87 97
87 100
87 102
87 108
87 109
88 88
88 89
88 92
88 94
88 95
88 97
88 108
89 89
89 90
89 94
89 95
89 96
89 97
89 102
89 108
89 109
90 90
90 91
90 92
90 93
90 98
90 100
90 102
90 107
90 114
90 115
91 91
91 92
91 93
91 94
91 95
91 100
91 101
91 102
91 103
91 106
91 107
91 108
91 112
91 114
91 115
92 92
92 93
92 94
92 95
92 100
92 101
92 102
92 103
92 106
92 107
92 108
92 112
92 114
92 115
93 93
93 94
93 95
93 100
93 101
93 102
93 103
93 106
93 107
93 108
93 112
93 114
93 115
94 94
94 95
94 96
94 97
94 100
94 102
94 107
94 108
94 109
94 114
94 115
95 95
95 96
95 97
95 100
95 102
95 107
95 108
95 109
95 113
95 114
95 115
96 96
96 97
96 98
96 99
96 108
96 109
96 113
97 97
97 98
97 108
97 109
97 112
97 113
97 115
98 98
98 99
98 113
98 115
99 99
99 111
99 113
100 100
100 101
100 102
100 103
100 106
100 107
100 108
100 112
100 113
100 114
101 101
101 102
101 103
101 107
101 111
101 112
101 113
102 102
102 107
102 108
102 112
102 113
102 114
102 115
103 103
103 104
103 105
103 106
103 107
104 104
104 105
104 106
104 110
105 105
105 106
105 110
106 106
106 107
106 114
106 115
107 107
107 108
107 112
107 114
107 115
108 108
108 109
108 112
108 113
108 114
108 115
109 109
109 112
109 113
110 110
111 111
111 112
111 113
112 112
112 113
112 114
112 115
113 113
113 115
114 114
114 115
115 115
