0 0
0 1
0 8
0 10
0 11
0 12
0 13
0 14
0 15
0 16
0 17
0 18
0 19
0 24
0 28
0 32
0 33
0 35
0 56
0 57
0 68
0 69
0 80
0 82
0 110
1 1
1 10
1 11
1 12
1 16
1 17
1 18
1 19
1 29
1 32
1 33
1 56
1 57
1 68
1 78
1 80
1 81
2 2
2 3
2 4
2 5
2 6
2 7
2 8
2 18
2 20
2 22
2 23
2 25
2 27
2 30
2 31
2 64
2 65
2 66
2 67
2 95
3 3
3 6
3 7
3 18
3 19
3 22
3 23
3 27
3 30
3 31
3 61
3 64
3 65
3 67
3 88
3 92
3 95
4 4
4 5
4 6
4 7
4 8
4 9
4 20
4 26
4 27
4 58
4 59
4 60
4 61
4 65
4 67
4 70
4 71
4 75
4 88
4 92
4 93
4 101
4 102
4 105
5 5
5 7
5 8
5 9
5 20
5 21
5 25
5 26
5 27
5 55
5 65
5 67
5 70
5 71
5 88
5 89
5 92
5 93
5 94
5 95
5 97
5 99
5 101
5 102
5 103
5 105
5 109
5 111
5 112
5 113
6 6
6 7
6 8
6 9
6 11
6 12
6 13
6 15
6 19
6 33
6 60
6 61
6 64
6 65
6 74
6 75
6 76
6 88
6 90
6 91
6 92
7 7
7 8
7 9
7 11
7 13
7 31
7 58
7 59
7 60
7 61
7 64
7 65
7 67
7 75
7 88
7 92
7 93
7 95
8 8
8 9
8 10
8 12
8 13
8 14
8 15
8 24
8 26
8 58
8 60
8 61
8 64
8 65
8 75
8 76
8 88
8 91
8 92
8 93
8 104
8 112
8 113
9 9
9 10
9 11
9 12
9 13
9 14
9 15
9 16
9 17
9 26
9 28
9 29
9 58
9 60
9 61
9 63
9 71
9 72
9 73
9 74
9 75
9 83
9 92
9 93
9 106
9 112
10 10
10 11
10 12
10 13
10 14
10 15
10 16
10 17
10 19
10 28
10 29
10 32
10 33
10 40
10 60
10 69
10 72
10 74
10 80
10 81
10 82
10 83
10 84
10 85
10 86
10 87
10 106
11 11
11 12
11 13
11 14
11 15
11 16
11 17
11 18
11 19
11 28
11 29
11 32
11 33
11 40
11 60
11 61
11 62
11 63
11 71
11 72
11 74
11 76
11 80
11 81
11 83
11 87
11 95
12 12
12 13
12 14
12 15
12 16
12 17
12 19
12 28
12 32
12 60
12 69
12 72
12 74
12 80
12 82
12 83
12 106
12 107
13 13
13 14
13 15
13 16
13 17
13 28
13 29
13 32
13 33
13 40
13 58
13 59
13 60
13 61
13 62
13 63
13 71
13 72
13 73
13 74
13 76
13 78
13 80
13 81
13 83
13 107
14 14
14 15
14 16
14 17
14 19
14 28
14 29
14 32
14 56
14 60
14 69
14 72
14 74
14 76
14 80
14 81
14 82
14 83
14 84
14 85
14 87
14 106
15 15
15 16
15 17
15 19
15 26
15 28
15 29
15 32
15 40
15 60
15 61
15 63
15 69
15 71
15 72
15 74
15 75
15 78
15 80
15 81
15 82
15 83
15 87
15 106
16 16
16 17
16 19
16 28
16 29
16 32
16 33
16 36
16 40
16 56
16 60
16 61
16 62
16 63
16 69
16 72
16 74
16 76
16 78
16 79
16 80
16 81
16 82
16 83
16 85
16 106
16 107
17 17
17 19
17 28
17 29
17 32
17 33
17 36
17 37
17 40
17 56
17 57
17 60
17 62
17 63
17 68
17 71
17 72
17 76
17 77
17 78
17 79
17 80
17 81
17 82
17 83
17 87
18 18
18 19
18 23
18 26
18 29
18 32
18 68
18 76
18 77
18 87
19 19
19 26
19 28
19 29
19 32
19 33
19 56
19 57
19 60
19 68
19 74
19 76
19 80
19 82
19 83
19 84
19 86
19 87
20 20
20 21
20 26
20 27
20 39
20 70
20 75
20 88
20 90
20 92
20 97
20 100
20 111
20 112
21 21
21 24
21 25
21 26
21 27
21 38
21 54
21 70
21 71
21 89
21 96
21 98
21 99
21 102
21 112
21 113
21 115
22 22
22 23
22 24
22 25
22 26
22 27
22 30
22 31
22 34
22 38
22 45
22 50
22 57
22 64
22 65
22 67
22 84
22 86
22 87
22 88
22 94
22 97
22 102
23 23
23 24
23 25
23 26
23 27
23 30
23 31
23 34
23 45
23 50
23 64
23 65
23 67
23 84
23 86
23 87
23 88
23 102
24 24
24 25
24 26
24 27
24 34
24 38
24 50
24 57
24 64
24 65
24 67
24 68
24 69
24 70
24 84
24 86
24 87
24 88
24 96
24 102
25 25
25 26
25 27
25 30
25 31
25 34
25 38
25 45
25 50
25 64
25 65
25 67
25 69
25 70
25 84
25 86
25 88
25 89
25 96
25 102
25 110
26 26
26 27
26 64
26 70
26 71
26 82
26 83
26 86
26 87
26 88
26 104
26 112
27 27
27 30
27 55
27 64
27 65
27 67
27 71
27 88
27 89
27 92
27 93
27 97
27 102
27 103
27 111
27 112
27 113
27 115
28 28
28 29
28 32
28 33
28 36
28 40
28 56
28 60
28 61
28 62
28 63
28 72
28 73
28 74
28 76
28 77
28 78
28 79
28 80
28 81
28 82
28 83
28 86
29 29
29 31
29 32
29 33
29 36
29 41
29 60
29 61
29 62
29 63
29 68
29 72
29 74
29 75
29 76
29 77
29 78
29 79
29 80
29 81
29 83
29 86
29 87
30 30
30 31
30 62
30 64
30 70
30 71
30 73
30 74
30 75
30 83
30 87
31 31
31 33
31 60
31 61
31 62
31 64
31 65
31 74
31 75
31 82
31 83
31 88
31 95
32 32
32 33
32 40
32 56
32 57
32 60
32 62
32 63
32 68
32 69
32 72
32 77
32 78
32 79
32 80
32 81
32 83
32 108
33 33
33 40
33 56
33 60
33 61
33 62
33 63
33 72
33 74
33 77
33 80
33 81
33 82
33 83
33 108
34 34
34 35
34 42
34 43
34 50
34 57
34 64
34 65
34 67
34 68
34 84
35 35
35 37
35 67
35 88
35 89
35 90
35 92
35 110
35 115
36 36
36 37
36 38
36 39
36 41
36 46
36 54
36 55
36 56
36 68
36 72
36 76
36 77
36 78
36 79
36 80
36 81
36 82
36 86
36 97
37 37
37 38
37 39
37 41
37 42
37 46
37 47
37 55
37 73
37 77
37 79
37 97
38 38
38 39
38 41
38 54
38 55
38 56
38 57
38 68
38 85
38 86
38 89
38 96
38 97
39 39
39 41
39 46
39 52
39 53
39 54
39 55
39 86
39 89
39 94
39 95
39 97
39 98
39 107
39 109
40 40
40 41
40 43
40 46
40 63
40 69
40 71
40 72
40 74
40 79
40 80
40 81
40 83
40 86
40 97
40 109
41 41
41 48
41 58
41 59
41 61
41 62
41 66
41 73
41 86
42 42
42 43
42 44
42 45
42 46
42 47
42 48
42 49
42 50
42 51
42 53
42 55
42 57
42 66
42 79
42 96
42 98
42 102
43 43
43 44
43 45
43 46
43 47
43 48
43 49
43 50
43 51
43 53
43 55
43 57
43 66
43 69
43 79
43 96
43 100
43 108
44 44
44 45
44 46
44 47
44 48
44 49
44 50
44 51
44 53
44 55
44 59
44 66
44 79
44 98
44 101
44 102
45 45
45 46
45 47
45 48
45 49
45 50
45 51
45 53
45 65
45 66
45 67
45 98
45 102
46 46
46 47
46 48
46 49
46 51
46 53
46 55
46 56
46 57
46 66
46 79
46 96
46 97
46 98
46 101
46 102
47 47
47 48
47 49
47 51
47 53
47 55
47 66
47 67
47 94
47 96
47 97
47 102
47 110
48 48
48 49
48 50
48 51
48 52
48 53
48 55
48 58
48 59
48 66
48 79
48 96
48 98
48 101
49 49
49 50
49 51
49 52
49 53
49 55
49 66
49 79
49 98
49 99
49 101
49 102
49 108
50 50
50 51
50 52
50 53
50 54
50 57
50 64
50 67
50 84
50 85
50 89
50 96
50 98
50 99
50 102
51 51
51 52
51 53
51 55
51 59
51 66
51 73
51 79
51 85
51 98
51 99
51 101
52 52
52 53
52 54
52 85
52 89
52 90
52 91
52 98
52 99
52 104
52 105
52 107
53 53
53 54
53 55
53 85
53 89
53 91
53 96
53 97
53 98
53 99
53 101
53 102
53 112
54 54
54 55
54 85
54 86
54 89
54 90
54 96
54 98
54 99
54 104
54 105
54 107
54 111
54 114
54 115
55 55
55 79
55 96
55 97
55 98
55 99
55 101
55 102
55 108
55 109
55 112
55 113
55 114
56 56
56 57
56 63
56 68
56 69
56 72
56 78
56 79
56 80
56 81
57 57
57 68
57 69
57 78
57 79
57 96
58 58
58 59
58 60
58 61
58 62
58 63
58 66
58 71
58 75
58 78
58 89
58 92
58 93
58 101
59 59
59 60
59 61
59 62
59 63
59 66
59 71
59 72
59 73
59 93
59 101
60 60
60 61
60 62
60 63
60 71
60 72
60 73
60 74
60 75
60 78
60 80
60 81
60 82
60 83
61 61
61 62
61 63
61 72
61 73
61 74
61 75
61 76
61 80
61 81
61 83
61 92
61 95
62 62
62 63
62 71
62 72
62 73
62 74
62 75
62 78
62 80
62 81
62 82
62 83
62 85
63 63
63 71
63 72
63 78
63 79
63 80
63 81
63 83
64 64
64 65
64 67
64 70
64 84
64 87
64 88
64 91
64 92
64 93
64 95
65 65
65 66
65 67
65 88
65 92
65 94
65 95
66 66
66 67
67 67
67 88
67 89
67 92
67 94
67 110
67 111
68 68
68 69
68 77
68 79
68 86
68 87
69 69
69 86
69 87
69 110
70 70
70 71
70 73
70 75
70 76
70 77
70 84
70 88
70 89
70 92
70 93
70 101
70 102
70 104
70 112
70 113
71 71
71 72
71 73
71 76
71 81
71 101
72 72
72 73
72 74
72 75
72 76
72 77
72 78
72 79
72 80
72 81
72 83
72 101
73 73
73 74
73 75
73 76
73 77
73 83
73 90
73 91
73 92
73 101
73 112
74 74
74 75
74 76
74 80
74 82
74 83
74 84
74 85
75 75
75 77
75 83
75 90
75 91
75 92
75 93
75 101
75 108
76 76
76 77
76 83
76 104
77 77
77 110
78 78
78 79
78 80
78 81
78 101
79 79
79 80
79 81
79 96
79 101
80 80
80 81
80 82
80 83
80 85
80 107
81 81
81 82
81 83
81 85
82 82
82 83
82 84
82 85
82 86
82 87
82 88
83 83
83 84
83 85
83 86
83 87
84 84
84 85
84 86
84 87
84 88
84 89
85 85
85 86
85 87
85 89
85 98
85 99
86 86
86 87
86 106
87 87
87 100
87 106
88 88
88 89
88 90
88 91
88 92
88 93
88 104
88 105
88 112
89 89
89 90
89 91
89 93
89 98
89 99
89 102
89 103
89 104
89 105
89 107
89 111
89 112
89 113
89 114
89 115
90 90
90 91
90 92
90 93
90 95
90 98
90 99
90 104
90 105
90 107
90 110
90 111
90 112
90 113
90 114
90 115
91 91
91 92
91 93
91 98
91 99
91 104
91 105
91 106
91 107
91 109
91 111
91 112
91 113
91 114
92 92
92 93
92 95
92 99
92 104
92 105
92 111
92 112
92 113
92 115
93 93
93 98
93 99
93 100
93 101
93 102
93 103
93 104
93 105
93 106
93 107
93 111
93 112
93 113
93 114
94 94
94 95
94 97
94 108
94 109
95 95
95 97
95 106
95 108
95 109
95 111
96 96
96 97
96 98
96 99
96 100
96 110
96 111
96 112
96 113
96 115
97 97
97 98
97 99
97 108
97 109
97 110
97 111
98 98
98 99
98 101
98 102
98 103
98 104
98 105
98 107
98 111
98 112
98 113
98 114
99 99
99 101
99 102
99 103
99 104
99 105
99 107
99 111
99 112
99 113
99 114
99 115
100 100
100 101
100 102
100 113
101 101
101 102
102 102
102 103
102 104
102 112
102 113
103 103
103 104
103 105
103 106
103 107
103 112
103 113
103 114
103 115
104 104
104 105
104 106
104 107
104 112
104 113
104 114
104 115
105 105
105 106
105 107
105 109
105 111
105 112
105 113
105 114
105 115
106 106
106 107
106 113
106 114
107 107
107 109
107 111
107 112
107 113
107 114
107 115
108 108
109 109
109 110
109 111
109 114
110 110
110 111
110 115
111 111
111 112
111 113
111 114
111 115
112 112
112 113
112 114
112 115
113 113
113 114
113 115
114 114
114 115
115 115
