0 0
0 1
0 2
0 3
0 4
0 5
0 6
0 7
0 8
0 10
0 11
0 12
0 13
0 14
0 18
0 19
0 22
0 26
0 32
0 48
0 50
0 58
0 59
0 60
0 61
0 64
0 82
0 88
0 106
0 107
1 1
1 3
1 7
1 17
1 18
1 19
1 32
1 33
1 56
1 57
1 58
1 59
1 60
1 61
1 62
1 63
1 66
1 68
1 69
1 81
1 90
1 106
1 107
2 2
2 3
2 4
2 5
2 6
2 7
2 14
2 18
2 22
2 23
2 24
2 25
2 26
2 27
2 30
2 50
2 82
2 88
2 89
2 106
2 107
3 3
3 4
3 5
3 6
3 7
3 18
3 19
3 22
3 23
3 25
3 27
3 30
3 31
3 55
3 82
3 83
3 85
3 89
3 99
3 106
3 107
4 4
4 5
4 6
4 7
4 8
4 14
4 18
4 22
4 23
4 24
4 25
4 26
4 27
4 38
4 39
4 40
4 82
4 89
4 94
4 96
4 97
4 98
4 106
4 107
4 108
4 115
5 5
5 7
5 8
5 9
5 14
5 23
5 25
5 27
5 38
5 39
5 40
5 82
5 94
5 98
5 106
5 107
5 108
5 115
6 6
6 7
6 8
6 10
6 11
6 12
6 13
6 14
6 18
6 22
6 23
6 24
6 30
6 31
6 32
6 44
6 64
6 106
7 7
7 8
7 9
7 11
7 13
7 18
7 19
7 23
7 25
7 27
7 61
7 65
7 106
8 8
8 9
8 10
8 12
8 13
8 14
8 15
8 18
8 19
8 32
8 64
8 71
8 83
9 9
9 13
9 15
9 17
9 63
9 65
9 71
9 81
9 90
9 92
9 93
9 100
9 101
9 102
9 103
9 104
9 105
9 113
9 114
9 115
10 10
10 11
10 12
10 13
10 14
10 16
10 26
10 28
10 44
10 48
10 52
10 54
10 58
10 61
10 64
10 70
10 72
10 74
10 106
11 11
11 12
11 13
11 16
11 24
11 26
11 28
11 48
11 51
11 61
11 65
11 69
11 86
11 88
12 12
12 13
12 14
12 15
12 16
12 28
12 29
12 36
12 44
12 48
12 52
12 54
12 61
12 64
12 70
12 72
12 73
12 74
12 75
12 80
12 82
12 83
13 13
13 14
13 15
13 16
13 28
13 48
13 52
13 54
13 58
13 59
13 60
13 61
13 63
13 64
13 65
13 70
13 71
13 72
13 74
13 75
13 80
13 83
13 86
14 14
14 15
14 16
14 27
14 28
14 29
14 30
14 38
14 39
14 40
14 59
14 64
14 82
14 83
15 15
15 21
15 25
15 29
15 37
15 39
15 41
15 71
15 80
15 83
15 84
15 88
16 16
16 17
16 28
16 29
16 36
16 37
16 52
16 54
16 62
16 70
16 71
16 72
16 73
16 74
16 75
16 76
16 78
16 80
16 81
16 86
17 17
17 19
17 32
17 36
17 37
17 56
17 57
17 62
17 68
17 69
17 78
17 79
17 80
17 81
17 102
18 18
18 19
18 22
18 23
18 26
18 32
18 33
18 50
18 56
18 57
18 60
18 61
18 64
18 69
18 82
18 88
18 106
18 107
19 19
19 32
19 33
19 56
19 57
19 58
19 59
19 60
19 61
19 63
19 65
19 66
19 67
19 68
19 69
19 81
19 90
19 106
19 107
20 20
20 21
20 24
20 26
20 29
20 30
20 31
20 37
20 38
20 39
20 41
20 54
20 59
20 70
20 71
20 72
20 83
20 87
21 21
21 24
21 26
21 28
21 29
21 36
21 37
21 38
21 39
21 40
21 41
21 54
21 59
21 70
21 71
21 72
21 74
21 75
21 83
21 86
21 87
22 22
22 23
22 24
22 25
22 26
22 27
22 30
22 31
22 50
22 53
22 82
22 83
22 85
22 88
22 89
22 106
23 23
23 24
23 25
23 27
23 30
23 31
23 53
23 55
23 83
23 85
23 88
23 89
23 96
23 97
23 98
23 99
24 24
24 25
24 26
24 27
24 30
24 31
24 42
24 43
24 50
24 51
24 59
24 67
24 82
24 83
24 85
24 86
24 87
24 88
24 89
24 96
25 25
25 26
25 27
25 30
25 31
25 39
25 40
25 43
25 83
25 85
25 89
25 96
25 98
25 99
25 115
26 26
26 27
26 30
26 38
26 39
26 41
26 43
26 54
26 58
26 59
26 70
26 74
26 82
26 83
26 86
26 87
26 88
26 106
26 107
27 27
27 38
27 39
27 40
27 41
27 82
27 89
27 94
27 95
27 96
27 97
27 98
27 106
27 107
27 108
27 115
28 28
28 29
28 30
28 36
28 37
28 38
28 39
28 40
28 41
28 48
28 52
28 54
28 70
28 71
28 72
28 73
28 74
28 75
28 76
28 78
28 80
28 82
28 83
28 86
29 29
29 31
29 36
29 37
29 38
29 39
29 40
29 41
29 52
29 54
29 55
29 70
29 71
29 72
29 73
29 74
29 75
29 76
29 77
29 78
29 79
29 80
29 81
29 83
29 100
29 102
30 30
30 31
30 52
30 70
30 82
30 83
30 85
30 87
30 89
30 111
31 31
31 52
31 53
31 55
31 83
31 85
31 89
31 99
31 111
32 32
32 33
32 44
32 45
32 48
32 49
32 51
32 56
32 57
32 58
32 59
32 60
32 61
32 63
32 64
32 65
32 66
32 67
32 68
32 69
32 81
33 33
33 35
33 44
33 45
33 49
33 51
33 56
33 57
33 58
33 60
33 61
33 63
33 65
33 66
33 67
33 68
33 69
33 81
34 34
34 35
34 36
34 37
34 42
34 43
34 46
34 47
34 73
34 75
34 76
34 77
34 78
34 79
34 96
34 97
34 98
34 102
34 104
34 110
35 35
35 42
35 43
35 45
35 47
35 49
35 65
35 66
35 67
35 77
35 94
35 95
35 97
35 102
35 104
35 105
35 108
35 109
35 110
35 111
35 112
36 36
36 37
36 38
36 39
36 40
36 41
36 46
36 54
36 70
36 71
36 72
36 73
36 74
36 75
36 76
36 77
36 78
36 79
36 80
36 81
36 86
36 109
36 114
37 37
37 38
37 39
37 40
37 41
37 46
37 54
37 55
37 70
37 71
37 72
37 73
37 74
37 75
37 76
37 77
37 78
37 79
37 80
37 81
37 92
37 95
37 98
37 99
37 101
37 102
37 108
37 109
37 112
37 115
38 38
38 39
38 40
38 41
38 54
38 59
38 72
38 73
38 74
38 75
38 82
38 87
38 94
38 95
38 96
38 101
38 107
38 108
38 114
38 115
39 39
39 40
39 41
39 55
39 59
39 72
39 82
39 87
39 93
39 94
39 95
39 96
39 98
39 101
39 107
39 108
39 114
39 115
40 40
40 41
40 55
40 72
40 73
40 74
40 75
40 79
40 87
40 92
40 93
40 94
40 95
40 96
40 97
40 98
40 99
40 101
40 103
40 107
40 108
40 114
40 115
41 41
41 71
41 72
41 73
41 74
41 75
41 83
41 86
41 87
41 93
41 95
41 101
41 107
41 108
41 114
41 115
42 42
42 43
42 44
42 45
42 46
42 47
42 49
42 50
42 51
42 53
42 84
42 96
42 97
42 105
42 110
42 111
43 43
43 44
43 45
43 46
43 47
43 48
43 49
43 50
43 51
43 66
43 67
43 96
43 97
43 105
43 110
44 44
44 45
44 48
44 49
44 50
44 51
44 60
44 63
44 64
44 65
44 66
44 67
44 103
45 45
45 48
45 49
45 50
45 51
45 60
45 65
45 66
45 67
45 69
46 46
46 47
46 53
46 55
46 72
46 73
46 76
46 77
46 78
46 79
46 84
46 92
46 93
46 96
46 97
46 98
46 99
46 102
46 104
46 109
46 110
46 111
46 112
47 47
47 51
47 53
47 76
47 77
47 78
47 79
47 81
47 84
47 96
47 97
47 99
47 102
47 109
47 110
47 111
47 112
48 48
48 49
48 50
48 51
48 58
48 60
48 61
48 63
48 64
48 65
48 66
48 67
48 103
49 49
49 50
49 51
49 60
49 61
49 63
49 65
49 66
49 67
49 68
49 69
50 50
50 51
50 52
50 64
50 65
50 67
50 82
50 84
50 88
51 51
51 60
51 64
51 65
51 66
51 67
51 105
52 52
52 53
52 54
52 58
52 70
52 80
52 81
52 84
52 90
53 53
53 55
53 78
53 79
53 81
53 84
53 85
53 89
53 99
53 100
53 102
53 104
53 111
53 112
54 54
54 55
54 58
54 59
54 70
54 71
54 72
54 73
54 74
54 86
54 90
54 98
54 106
54 107
55 55
55 78
55 79
55 85
55 89
55 94
55 96
55 97
55 98
55 99
55 100
55 102
55 104
55 107
55 108
55 111
55 112
55 113
55 114
55 115
56 56
56 57
56 58
56 60
56 62
56 63
56 68
56 69
56 80
56 81
56 90
56 106
56 107
56 112
57 57
57 58
57 60
57 62
57 63
57 66
57 68
57 69
57 79
57 81
57 99
57 107
57 112
58 58
58 59
58 60
58 61
58 62
58 63
58 66
58 67
58 68
58 69
58 87
58 90
58 106
58 107
59 59
59 60
59 61
59 66
59 68
59 69
59 82
59 83
59 86
59 87
59 106
59 107
60 60
60 61
60 62
60 63
60 64
60 65
60 66
60 67
60 68
60 69
60 90
61 61
61 63
61 64
61 65
61 66
61 68
61 90
61 106
62 62
62 63
62 68
62 69
62 80
62 81
62 90
63 63
63 64
63 65
63 66
63 67
63 68
63 80
63 81
63 90
64 64
64 65
64 82
65 65
65 66
65 67
66 66
66 67
66 68
66 69
66 81
67 67
67 68
67 69
67 70
67 110
68 68
68 69
68 81
68 86
68 90
68 110
69 69
69 106
69 110
70 70
70 71
70 72
70 73
70 74
70 75
70 76
70 77
70 78
70 80
70 83
70 86
71 71
71 72
71 73
71 74
71 75
71 76
71 77
71 78
71 80
71 83
71 86
72 72
72 73
72 74
72 75
72 76
72 77
72 78
72 80
72 86
72 92
73 73
73 74
73 75
73 76
73 77
73 78
73 79
73 80
73 92
73 102
74 74
74 75
74 76
74 77
74 78
74 80
74 86
75 75
75 76
75 77
75 80
75 84
75 86
76 76
76 77
76 78
76 79
76 80
76 84
76 102
76 109
76 110
77 77
77 78
77 79
77 80
77 84
77 92
77 95
77 97
77 102
77 109
77 110
78 78
78 79
78 80
78 81
78 99
78 100
78 102
78 104
78 109
78 110
78 111
78 112
78 113
79 79
79 81
79 85
79 97
79 98
79 99
79 102
79 104
79 109
79 110
79 111
79 112
80 80
80 81
80 84
80 86
81 81
81 86
81 102
81 111
82 82
82 83
82 86
82 87
82 88
82 89
82 106
82 107
83 83
83 85
83 86
83 87
83 88
83 89
84 84
84 85
84 86
84 88
84 105
84 113
84 114
85 85
85 87
85 88
85 89
85 99
85 111
85 112
85 113
85 114
86 86
87 87
87 88
87 89
87 107
88 88
88 89
89 89
90 90
90 91
90 92
90 94
90 98
90 99
90 100
90 107
90 108
90 112
90 115
91 91
91 92
91 93
91 94
91 95
91 99
91 100
91 101
91 103
91 108
91 109
91 110
91 111
91 112
91 113
91 115
92 92
92 93
92 94
92 95
92 98
92 99
92 100
92 101
92 102
92 103
92 104
92 105
92 108
92 112
92 113
92 114
92 115
93 93
93 94
93 95
93 98
93 100
93 101
93 102
93 103
93 104
93 105
93 108
93 109
93 113
93 114
93 115
94 94
94 95
94 96
94 97
94 98
94 99
94 101
94 103
94 107
94 108
94 109
94 115
95 95
95 96
95 97
95 98
95 99
95 101
95 107
95 108
95 109
95 110
95 112
95 115
96 96
96 97
96 98
96 99
96 107
96 108
96 109
96 110
96 111
96 112
96 114
96 115
97 97
97 98
97 99
97 104
97 107
97 108
97 109
97 110
97 111
97 112
97 115
98 98
98 99
98 107
98 108
98 112
98 114
98 115
99 99
99 100
99 102
99 104
99 107
99 108
99 110
99 111
99 112
99 113
99 114
99 115
100 100
100 101
100 102
100 103
100 104
100 105
100 108
100 111
100 112
100 113
100 114
100 115
101 101
101 102
101 103
101 104
101 105
101 108
101 109
101 113
101 114
101 115
102 102
102 103
102 104
102 105
102 109
102 111
102 112
102 113
102 114
103 103
103 104
103 105
103 108
103 109
103 113
103 114
103 115
104 104
104 105
104 111
104 112
104 113
104 114
105 105
105 113
105 114
106 106
106 107
107 107
107 108
107 115
108 108
108 109
108 112
108 114
108 115
109 109
109 110
109 111
109 112
109 115
110 110
110 111
110 112
111 111
111 112
111 113
112 112
112 113
113 113
113 114
114 114
114 115
115 115
