0 0
0 16
0 21
0 27
0 32
0 41
0 56
0 58
0 59
0 61
0 63
0 67
0 68
0 74
0 78
0 99
0 107
0 111
1 1
1 6
1 11
1 17
1 33
1 49
1 57
1 59
1 60
1 62
2 2
2 6
2 11
2 13
2 18
2 22
2 24
2 30
2 32
2 58
2 60
2 62
2 65
2 66
2 94
2 101
2 103
2 107
3 3
3 5
3 7
3 9
3 21
3 23
3 27
3 34
3 36
3 38
3 39
3 49
3 51
3 55
3 64
3 66
3 83
3 84
3 85
3 86
3 88
3 89
3 97
3 99
3 108
4 4
4 12
4 13
4 15
4 16
4 22
4 24
4 25
4 26
4 28
4 29
4 30
4 31
4 34
4 37
4 42
4 44
4 48
4 50
4 57
4 63
4 74
4 78
4 79
4 80
4 81
4 87
4 111
5 5
5 9
5 20
5 21
5 23
5 27
5 36
5 40
5 41
5 51
5 52
5 53
5 55
5 58
5 64
5 84
5 88
5 89
5 90
5 91
5 92
5 93
5 99
5 105
5 106
5 112
6 6
6 8
6 11
6 12
6 13
6 22
6 32
6 34
6 49
6 60
6 62
6 93
6 101
6 103
7 7
7 9
7 23
7 24
7 25
7 27
7 32
7 34
7 35
7 38
7 39
7 45
7 49
7 51
7 55
7 60
7 64
7 66
7 83
7 84
7 88
7 89
7 97
8 8
8 9
8 11
8 12
8 14
8 17
8 28
8 30
8 80
8 83
8 84
8 90
8 91
8 92
8 94
8 96
8 100
8 101
8 105
8 108
8 109
8 113
9 9
9 23
9 34
9 36
9 39
9 49
9 51
9 55
9 64
9 83
9 84
9 89
9 90
9 91
9 92
9 93
9 105
9 109
10 10
10 12
10 16
10 28
10 29
10 31
10 33
10 37
10 57
10 61
10 63
10 70
10 72
10 73
10 74
10 75
10 76
10 77
10 78
10 79
10 81
10 102
11 11
11 12
11 13
11 15
11 17
11 19
11 22
11 28
11 29
11 30
11 33
11 34
11 35
11 48
11 60
11 62
11 72
11 80
11 102
11 103
12 12
12 13
12 14
12 16
12 17
12 28
12 29
12 37
12 57
12 70
12 72
12 73
12 74
12 76
12 79
12 80
12 81
12 100
12 102
12 103
13 13
13 15
13 16
13 22
13 24
13 28
13 29
13 31
13 33
13 34
13 42
13 44
13 48
13 62
13 63
13 65
13 72
13 74
13 78
13 79
13 81
13 103
14 14
14 17
14 20
14 28
14 29
14 40
14 57
14 70
14 75
14 76
14 77
14 80
14 81
14 82
14 83
14 85
14 87
14 95
14 96
14 98
14 100
14 104
14 109
14 110
14 111
14 113
15 15
15 16
15 19
15 20
15 22
15 24
15 25
15 26
15 29
15 30
15 31
15 33
15 34
15 35
15 41
15 42
15 44
15 48
15 62
15 71
15 72
15 73
15 74
15 78
15 79
15 81
15 87
15 101
15 103
16 16
16 17
16 28
16 29
16 31
16 33
16 37
16 42
16 56
16 57
16 61
16 63
16 70
16 72
16 73
16 74
16 76
16 78
16 79
16 80
16 81
16 111
17 17
17 19
17 28
17 29
17 31
17 33
17 37
17 57
17 70
17 72
17 74
17 78
17 79
17 80
17 81
17 83
17 85
17 113
18 18
18 19
18 40
18 58
18 68
18 94
18 107
18 108
18 109
19 19
19 28
19 29
19 30
19 33
19 34
19 37
19 57
19 69
20 20
20 21
20 25
20 26
20 27
20 29
20 30
20 41
20 47
20 52
20 70
20 73
20 75
20 76
20 77
20 82
20 87
20 100
20 105
20 106
20 111
20 112
21 21
21 25
21 26
21 27
21 36
21 37
21 38
21 39
21 41
21 42
21 43
21 46
21 47
21 54
21 56
21 64
21 68
21 73
21 75
21 76
21 77
21 82
21 86
21 87
21 88
21 89
21 97
21 99
21 110
21 111
22 22
22 24
22 30
22 31
22 32
22 33
22 34
22 35
22 42
22 44
22 48
22 62
22 93
22 102
22 103
22 114
23 23
23 27
23 36
23 43
23 49
23 51
23 53
23 54
23 55
23 64
23 82
23 84
23 86
23 88
23 89
23 90
23 92
23 93
23 99
24 24
24 25
24 26
24 30
24 31
24 32
24 33
24 34
24 35
24 42
24 44
24 49
24 60
24 62
24 71
24 78
24 101
25 25
25 26
25 27
25 31
25 38
25 41
25 42
25 44
25 46
25 51
25 71
25 76
25 78
25 87
25 97
25 111
26 26
26 27
26 30
26 41
26 42
26 47
26 73
26 74
26 75
26 76
26 77
26 78
26 79
26 87
26 106
26 111
26 115
27 27
27 36
27 39
27 41
27 45
27 49
27 53
27 54
27 55
27 56
27 58
27 61
27 64
27 66
27 68
27 84
27 86
27 88
27 89
27 97
27 99
27 107
28 28
28 29
28 31
28 33
28 37
28 57
28 63
28 70
28 72
28 73
28 74
28 75
28 76
28 78
28 79
28 80
28 81
28 85
28 111
29 29
29 30
29 31
29 33
29 37
29 41
29 57
29 62
29 63
29 65
29 70
29 71
29 72
29 73
29 74
29 75
29 76
29 77
29 78
29 79
29 80
29 81
29 111
30 30
30 31
30 33
30 35
30 44
30 48
30 62
30 70
30 71
30 73
30 75
30 76
30 77
30 80
30 87
30 100
30 102
30 103
31 31
31 33
31 35
31 37
31 42
31 44
31 62
31 63
31 70
31 71
31 72
31 73
31 74
31 75
31 77
31 78
31 79
31 81
31 102
32 32
32 33
32 34
32 45
32 49
32 56
32 58
32 60
32 61
32 62
32 65
32 66
32 67
32 114
33 33
33 35
33 37
33 44
33 48
33 56
33 59
33 60
33 61
33 62
33 63
33 65
33 71
33 72
33 74
33 78
33 79
33 81
33 102
33 114
34 34
34 35
34 38
34 44
34 45
34 49
34 64
34 66
35 35
35 44
35 45
35 48
35 49
35 71
35 78
36 36
36 38
36 39
36 40
36 43
36 46
36 47
36 49
36 51
36 53
36 54
36 55
36 64
36 68
36 77
36 82
36 84
36 86
36 88
36 89
36 91
36 94
36 95
36 96
36 97
36 99
36 108
36 109
36 110
36 113
37 37
37 38
37 40
37 41
37 42
37 46
37 47
37 52
37 56
37 57
37 63
37 68
37 70
37 72
37 73
37 74
37 75
37 76
37 77
37 78
37 79
37 81
37 82
37 85
37 95
37 96
37 97
37 110
37 111
38 38
38 39
38 40
38 47
38 49
38 51
38 54
38 55
38 64
38 82
38 83
38 86
38 87
38 88
38 89
38 95
38 96
38 97
38 98
38 108
38 109
38 110
38 113
39 39
39 40
39 49
39 51
39 55
39 82
39 86
39 87
39 88
39 89
39 90
39 94
39 95
39 96
39 97
39 99
39 104
39 108
39 109
40 40
40 46
40 47
40 52
40 53
40 54
40 55
40 68
40 82
40 84
40 85
40 86
40 88
40 89
40 94
40 95
40 96
40 97
40 99
40 106
40 107
40 108
40 109
40 110
40 111
41 41
41 46
41 47
41 56
41 70
41 73
41 74
41 75
41 76
41 77
41 78
41 79
41 81
41 82
41 87
41 97
41 106
41 107
41 111
42 42
42 43
42 44
42 46
42 47
42 48
42 50
42 54
42 63
42 69
42 73
42 74
42 76
42 78
42 79
42 81
42 110
42 111
43 43
43 44
43 46
43 47
43 48
43 50
43 51
43 52
43 53
43 54
43 68
43 69
43 76
43 82
43 84
43 99
43 110
43 111
43 112
43 113
44 44
44 48
44 50
44 69
44 103
44 114
45 45
45 48
45 49
45 50
45 54
45 55
45 58
45 60
45 64
45 66
45 67
45 68
45 69
45 88
45 89
45 99
46 46
46 47
46 50
46 52
46 53
46 54
46 68
46 69
46 73
46 75
46 76
46 77
46 81
46 82
46 83
46 84
46 88
46 96
46 97
46 99
46 109
46 110
46 111
46 113
47 47
47 50
47 52
47 54
47 68
47 69
47 73
47 75
47 76
47 77
47 79
47 81
47 82
47 95
47 96
47 97
47 98
47 109
47 110
47 111
47 112
47 113
48 48
48 50
48 69
48 114
48 115
49 49
49 51
49 54
49 55
49 58
49 60
49 64
49 66
49 84
49 88
49 89
49 93
49 97
49 99
50 50
50 52
50 53
50 54
50 67
50 68
50 69
50 84
50 91
50 99
50 112
50 115
51 51
51 55
51 64
51 83
51 84
51 85
51 86
51 88
51 89
51 93
51 95
51 97
51 110
52 52
52 53
52 68
52 69
52 70
52 73
52 77
52 81
52 99
52 106
52 111
52 115
53 53
53 54
53 55
53 64
53 68
53 69
53 84
53 86
53 88
53 89
53 90
53 91
53 92
53 94
53 99
53 108
53 109
53 112
54 54
54 55
54 64
54 66
54 68
54 69
54 82
54 84
54 86
54 88
54 89
54 97
54 99
54 110
55 55
55 58
55 64
55 66
55 82
55 84
55 86
55 88
55 89
55 90
55 91
55 94
55 95
55 97
55 99
55 106
55 108
55 109
56 56
56 58
56 59
56 61
56 63
56 65
56 67
56 68
56 72
56 74
56 78
56 79
56 81
56 107
56 111
57 57
57 59
57 63
57 69
57 70
57 72
57 74
57 78
57 79
57 80
57 81
58 58
58 59
58 60
58 61
58 64
58 66
58 67
58 88
58 89
58 91
58 94
58 99
58 105
58 106
58 107
59 59
59 60
59 61
59 63
59 65
59 67
59 107
60 60
60 61
60 62
60 64
60 65
60 66
60 67
60 114
61 61
61 63
61 65
61 67
61 72
61 74
61 78
61 79
61 114
62 62
62 65
62 72
62 74
62 103
63 63
63 65
63 72
63 74
63 78
63 79
63 81
63 111
64 64
64 66
64 68
64 84
64 86
64 88
64 89
64 91
64 93
64 97
64 99
65 65
65 67
65 72
65 74
65 78
65 79
65 81
65 107
66 66
66 67
66 88
66 89
66 99
67 67
67 68
67 69
67 88
67 107
68 68
68 69
68 82
68 83
68 88
68 91
68 99
68 110
68 111
69 69
69 81
69 99
70 70
70 72
70 73
70 74
70 75
70 76
70 77
70 79
70 80
70 81
70 95
70 100
70 102
70 103
70 106
70 115
71 71
71 75
71 77
72 72
72 73
72 74
72 75
72 76
72 78
72 79
72 81
72 111
73 73
73 74
73 75
73 76
73 77
73 79
73 80
73 81
73 95
73 106
73 111
73 115
74 74
74 75
74 76
74 77
74 78
74 79
74 81
74 111
75 75
75 76
75 77
75 79
75 81
75 82
75 95
75 100
75 111
76 76
76 77
76 79
76 80
76 81
76 82
76 95
76 96
76 98
76 100
76 110
76 111
77 77
77 79
77 81
77 82
77 95
77 96
77 98
77 100
77 110
78 78
78 79
78 80
78 81
78 111
79 79
79 81
79 111
80 80
80 81
80 85
80 92
80 100
80 101
80 103
81 81
81 111
82 82
82 83
82 84
82 85
82 86
82 87
82 89
82 95
82 96
82 97
82 98
82 99
82 104
82 110
82 111
82 113
83 83
83 84
83 85
83 87
83 96
83 110
83 111
83 113
84 84
84 85
84 86
84 88
84 89
84 90
84 91
84 92
84 93
84 96
84 99
84 108
84 109
84 110
85 85
85 86
85 89
85 95
85 96
85 110
85 113
86 86
86 88
86 89
86 95
86 97
86 99
86 110
87 87
87 97
87 98
87 100
87 104
87 110
87 113
88 88
88 89
88 90
88 91
88 93
88 97
88 99
88 106
88 108
88 112
89 89
89 90
89 91
89 97
89 99
89 108
90 90
90 91
90 92
90 93
90 99
90 100
90 102
90 104
90 105
90 109
90 112
91 91
91 92
91 93
91 99
91 105
91 112
92 92
92 93
92 100
92 101
92 102
92 103
92 104
92 105
92 106
92 109
92 112
93 93
93 105
93 112
94 94
94 95
94 96
94 106
94 108
94 109
95 95
95 96
95 97
95 106
95 108
95 109
95 110
96 96
96 97
96 98
96 100
96 104
96 108
96 109
96 110
96 111
96 113
97 97
97 98
97 99
97 108
97 109
97 110
97 113
98 98
98 100
98 104
98 109
98 110
98 111
98 112
98 113
98 114
99 99
99 112
100 100
100 102
100 103
100 104
100 105
100 109
100 112
100 113
101 101
101 103
101 105
101 106
102 102
102 103
102 105
103 103
103 105
104 104
104 105
104 106
104 109
104 113
105 105
105 106
105 112
106 106
106 107
106 108
106 109
107 107
108 108
108 109
109 109
109 110
110 110
110 111
110 113
111 111
111 112
111 113
112 112
112 113
113 113
113 114
114 114
115 115
