0 0
0 1
0 10
0 16
0 18
0 19
0 32
0 33
0 56
0 57
0 60
0 68
0 69
1 1
1 10
1 16
1 18
1 19
1 28
1 52
1 53
1 56
1 57
1 58
1 59
1 60
1 66
1 68
1 69
1 106
2 2
2 3
2 4
2 5
2 6
2 7
2 8
2 9
2 12
2 14
2 15
2 18
2 20
2 22
2 23
2 24
2 25
2 26
2 27
2 30
2 58
2 60
2 64
2 65
2 68
2 82
2 88
2 89
3 3
3 4
3 5
3 6
3 7
3 8
3 9
3 11
3 14
3 15
3 19
3 21
3 22
3 23
3 24
3 25
3 26
3 27
3 30
3 31
3 35
3 39
3 41
3 54
3 64
3 65
3 68
3 71
3 77
3 83
3 85
3 86
3 87
3 88
3 89
3 92
3 102
4 4
4 5
4 6
4 7
4 8
4 9
4 12
4 14
4 15
4 20
4 22
4 23
4 24
4 25
4 26
4 27
4 30
4 54
4 58
4 60
4 61
4 64
4 65
4 82
4 86
4 88
4 89
4 92
5 5
5 6
5 7
5 8
5 9
5 14
5 15
5 20
5 21
5 22
5 23
5 24
5 25
5 26
5 27
5 30
5 54
5 61
5 64
5 65
5 85
5 86
5 87
5 88
5 89
5 92
6 6
6 7
6 8
6 9
6 11
6 12
6 13
6 14
6 15
6 18
6 19
6 20
6 22
6 23
6 24
6 25
6 26
6 30
6 54
6 60
6 64
6 65
6 68
6 75
6 82
6 88
6 89
6 92
6 93
7 7
7 8
7 9
7 11
7 14
7 15
7 21
7 22
7 23
7 24
7 25
7 30
7 31
7 35
7 60
7 61
7 64
7 65
7 71
7 77
7 85
7 86
7 88
7 89
7 92
7 102
8 8
8 9
8 12
8 13
8 14
8 15
8 20
8 22
8 23
8 24
8 25
8 26
8 27
8 30
8 58
8 60
8 61
8 64
8 65
8 75
8 82
8 88
8 92
9 9
9 11
9 12
9 13
9 14
9 15
9 22
9 23
9 24
9 25
9 30
9 31
9 35
9 61
9 64
9 65
9 88
9 89
9 92
9 93
9 100
10 10
10 12
10 13
10 16
10 28
10 40
10 54
10 57
10 60
10 62
10 72
10 74
10 78
10 80
10 91
10 93
10 100
10 101
10 113
11 11
11 13
11 15
11 23
11 29
11 30
11 31
11 35
11 41
11 62
11 77
11 83
11 89
11 92
11 100
12 12
12 13
12 14
12 15
12 22
12 28
12 30
12 40
12 52
12 54
12 72
12 74
12 75
12 84
12 88
12 91
12 93
13 13
13 15
13 28
13 40
13 52
13 74
13 75
13 91
13 93
13 100
14 14
14 15
14 20
14 22
14 23
14 24
14 25
14 26
14 27
14 30
14 38
14 54
14 58
14 60
14 64
14 65
14 75
14 82
14 86
14 87
14 88
14 89
14 92
15 15
15 21
15 22
15 23
15 24
15 25
15 30
15 31
15 54
15 61
15 64
15 65
15 75
15 83
15 85
15 88
15 89
15 92
15 93
15 100
16 16
16 17
16 18
16 28
16 40
16 49
16 51
16 53
16 56
16 57
16 59
16 62
16 66
16 70
16 72
16 73
16 74
16 76
16 78
16 80
16 81
16 91
16 99
16 101
16 103
16 107
16 108
16 109
16 114
16 115
17 17
17 29
17 32
17 33
17 37
17 41
17 47
17 63
17 71
17 72
17 76
17 77
17 78
17 79
17 80
17 81
17 109
18 18
18 19
18 20
18 28
18 38
18 56
18 57
18 58
18 59
18 60
18 66
18 68
18 69
18 70
18 82
18 104
18 106
19 19
19 38
19 54
19 56
19 68
19 69
19 82
19 83
19 85
19 86
19 87
19 89
19 91
19 101
20 20
20 23
20 24
20 25
20 26
20 27
20 38
20 58
20 64
20 75
20 82
20 88
20 92
20 108
21 21
21 23
21 25
21 31
21 37
21 39
21 61
21 65
21 71
21 85
21 90
21 92
21 108
21 111
22 22
22 23
22 24
22 25
22 26
22 27
22 30
22 31
22 35
22 54
22 64
22 65
22 68
22 71
22 75
22 84
22 85
22 86
22 87
22 88
22 89
22 92
23 23
23 24
23 25
23 26
23 27
23 30
23 31
23 54
23 64
23 65
23 68
23 85
23 86
23 87
23 88
23 89
23 92
23 100
23 102
24 24
24 25
24 26
24 27
24 30
24 54
24 64
24 65
24 68
24 82
24 84
24 85
24 86
24 87
24 88
24 89
24 92
25 25
25 26
25 27
25 30
25 31
25 35
25 41
25 54
25 64
25 65
25 68
25 71
25 75
25 77
25 84
25 85
25 86
25 87
25 88
25 89
25 92
26 26
26 27
26 38
26 54
26 58
26 59
26 64
26 65
26 68
26 82
26 86
26 87
26 88
26 89
27 27
27 30
27 35
27 39
27 54
27 64
27 65
27 68
27 71
27 82
27 84
27 85
27 86
27 87
27 88
27 89
27 110
28 28
28 34
28 36
28 40
28 53
28 57
28 59
28 62
28 69
28 70
28 72
28 74
28 78
28 80
28 81
28 84
28 91
28 93
28 98
28 99
28 101
28 106
28 114
28 115
29 29
29 30
29 31
29 33
29 35
29 37
29 39
29 41
29 47
29 63
29 71
29 76
29 77
29 79
29 83
29 96
29 98
29 105
30 30
30 31
30 35
30 64
30 71
30 75
30 77
30 84
30 85
31 31
31 33
31 35
31 71
31 75
31 77
31 83
31 85
31 92
31 102
32 32
32 33
32 34
32 35
32 53
32 79
32 105
33 33
33 34
33 35
33 77
33 79
33 83
33 105
34 34
34 36
34 42
34 72
34 74
34 78
34 80
34 81
34 84
35 35
35 37
35 39
35 41
35 64
35 71
35 77
35 79
36 36
36 38
36 40
36 55
36 69
36 72
36 78
36 80
36 81
36 91
36 94
36 96
36 98
36 99
36 101
36 104
36 105
36 114
36 115
37 37
37 39
37 41
37 47
37 55
37 63
37 71
37 76
37 77
37 79
37 83
37 87
37 95
37 96
37 97
37 105
37 109
37 110
37 111
38 38
38 39
38 40
38 54
38 57
38 68
38 69
38 82
38 86
38 87
38 88
38 89
38 112
38 113
39 39
39 41
39 54
39 55
39 77
39 79
39 83
39 87
39 96
39 97
39 110
39 111
40 40
40 70
40 72
40 74
40 75
40 78
40 80
40 93
40 94
40 114
41 41
41 71
41 73
41 76
41 77
41 79
41 83
41 87
41 89
42 42
42 43
42 44
42 45
42 46
42 47
42 48
42 49
42 50
42 51
42 55
42 67
42 81
42 91
42 98
42 99
42 105
42 108
42 111
42 115
43 43
43 44
43 45
43 46
43 47
43 48
43 49
43 51
43 55
43 67
43 81
43 94
43 95
43 96
43 97
43 98
43 99
43 103
43 104
43 105
43 107
43 108
43 109
43 111
43 114
43 115
44 44
44 45
44 46
44 47
44 48
44 49
44 50
44 51
44 53
44 66
44 67
44 72
44 80
44 81
44 90
44 94
44 98
44 99
44 104
44 106
44 107
44 108
44 109
44 115
45 45
45 46
45 47
45 48
45 49
45 51
45 55
45 63
45 66
45 67
45 80
45 81
45 90
45 94
45 95
45 97
45 98
45 99
45 103
45 104
45 105
45 106
45 107
45 108
45 109
45 111
45 114
45 115
46 46
46 47
46 48
46 49
46 50
46 51
46 52
46 53
46 55
46 66
46 67
46 96
46 98
46 99
46 103
46 104
46 105
46 107
46 109
46 114
46 115
47 47
47 48
47 49
47 51
47 53
47 55
47 63
47 66
47 67
47 77
47 79
47 96
47 97
47 98
47 104
47 105
47 107
47 109
47 110
48 48
48 49
48 50
48 51
48 52
48 53
48 58
48 62
48 63
48 66
48 67
48 90
48 100
48 101
48 103
48 104
48 106
48 107
48 108
49 49
49 50
49 51
49 53
49 55
49 59
49 61
49 62
49 63
49 66
49 67
49 90
49 94
49 95
49 97
49 98
49 99
49 103
49 104
49 106
49 107
49 108
49 109
49 115
50 50
50 51
50 52
50 53
50 56
50 68
50 69
50 90
50 99
51 51
51 52
51 53
51 58
51 63
51 66
51 67
51 69
51 90
51 91
51 95
51 97
51 99
51 101
51 103
51 104
51 106
51 107
51 108
51 109
51 115
52 52
52 53
52 93
52 98
52 106
53 53
53 55
53 56
53 69
53 81
53 98
53 99
53 106
54 54
54 64
54 65
54 68
54 82
54 84
54 85
54 86
54 87
54 88
54 89
54 102
54 112
55 55
55 67
55 69
55 95
55 96
55 97
55 98
55 99
55 103
55 104
55 105
55 109
55 110
55 111
55 112
55 113
55 114
55 115
56 56
56 57
56 68
56 69
56 78
56 80
56 101
57 57
57 58
57 59
57 66
57 68
57 69
57 76
57 80
57 82
57 87
57 104
58 58
58 59
58 60
58 61
58 62
58 66
58 82
58 88
58 100
58 103
58 107
59 59
59 61
59 62
59 63
59 66
59 70
59 80
59 82
59 88
59 94
59 95
59 97
59 103
59 104
59 106
59 107
59 109
60 60
60 61
60 62
60 65
60 68
61 61
61 63
61 65
61 67
61 90
61 92
61 97
61 100
62 62
62 63
62 72
62 73
62 78
62 91
62 95
62 100
62 101
62 104
62 106
62 107
62 109
62 114
62 115
63 63
63 66
63 67
63 77
63 78
63 79
63 83
63 97
63 104
63 106
63 109
64 64
64 65
64 68
64 71
64 75
64 82
64 84
64 85
64 86
64 87
64 88
64 89
64 92
65 65
65 85
65 86
65 87
65 88
65 89
65 92
66 66
66 67
66 94
66 97
66 103
66 104
66 106
66 107
66 109
66 114
66 115
67 67
67 90
67 95
67 97
67 99
67 103
67 104
67 107
67 108
67 109
67 110
67 115
68 68
68 69
68 86
68 87
68 89
69 69
69 78
69 80
69 91
69 94
69 99
69 101
69 103
69 108
69 113
69 114
69 115
70 70
70 72
70 73
70 74
70 76
70 78
70 80
70 82
70 99
70 107
71 71
71 73
71 76
71 77
71 79
71 86
71 87
71 97
72 72
72 74
72 76
72 78
72 80
72 81
72 84
72 91
72 93
72 94
72 98
72 99
72 101
72 114
72 115
73 73
73 74
73 75
73 76
73 77
73 86
73 89
74 74
74 75
74 76
74 78
74 80
74 81
74 84
74 93
74 98
74 99
75 75
75 77
75 85
75 88
75 89
75 93
76 76
76 77
76 78
76 79
76 80
76 81
77 77
77 79
77 83
78 78
78 80
78 81
78 83
78 84
78 91
78 98
78 99
78 114
78 115
79 79
79 83
79 97
79 105
80 80
80 81
80 83
80 84
80 91
80 98
80 99
80 101
80 108
80 113
80 114
80 115
81 81
81 83
81 84
81 94
81 98
81 99
81 105
81 108
81 109
81 113
81 114
81 115
82 82
82 86
82 88
82 89
83 83
83 85
83 87
83 98
83 113
84 84
84 85
84 87
84 88
84 99
85 85
85 87
85 89
85 92
86 86
86 87
86 88
86 89
86 92
86 95
86 110
87 87
87 88
87 89
87 92
87 102
87 111
87 112
88 88
88 89
88 92
89 89
89 92
89 112
90 90
90 91
90 92
90 100
90 101
90 106
90 107
90 108
90 111
91 91
91 93
91 98
91 99
91 100
91 101
91 103
91 111
91 112
91 113
91 115
92 92
92 93
92 100
92 102
92 112
93 93
93 98
93 99
93 100
93 101
93 112
93 113
94 94
94 95
94 99
94 101
94 102
94 103
94 104
94 105
94 107
94 108
94 109
94 111
94 114
94 115
95 95
95 97
95 99
95 103
95 104
95 105
95 107
95 108
95 109
95 110
95 111
95 112
95 114
95 115
96 96
96 97
96 98
96 99
96 104
96 105
96 109
96 110
96 113
96 114
97 97
97 99
97 103
97 104
97 105
97 107
97 108
97 109
97 110
97 111
97 115
98 98
98 99
98 105
98 106
98 113
98 114
98 115
99 99
99 101
99 103
99 105
99 107
99 108
99 109
99 111
99 112
99 113
99 114
99 115
100 100
100 101
100 102
100 106
101 101
101 103
101 104
101 112
101 113
101 115
102 102
102 106
103 103
103 104
103 105
103 107
103 108
103 109
103 111
103 113
103 114
103 115
104 104
104 105
104 106
104 107
104 108
104 109
104 111
104 114
104 115
105 105
105 107
105 109
105 113
105 114
105 115
106 106
106 107
107 107
107 108
107 109
107 111
107 114
107 115
108 108
108 109
108 111
108 114
108 115
109 109
109 110
109 111
109 114
109 115
110 110
110 111
111 111
111 112
111 113
111 115
112 112
112 113
112 114
112 115
113 113
113 114
113 115
114 114
114 115
115 115
