0 0
0 3
0 6
0 7
0 9
0 10
0 11
0 14
0 15
0 18
0 19
0 23
0 44
0 45
0 48
0 50
0 56
0 60
0 64
0 93
0 100
0 101
0 106
1 1
1 13
1 23
1 43
1 47
1 56
1 57
1 59
1 60
1 61
1 62
1 63
1 65
1 85
1 86
1 87
1 88
1 89
1 106
2 2
2 4
2 6
2 10
2 18
2 19
2 20
2 22
2 23
2 30
2 42
2 43
2 47
2 50
2 52
2 55
2 56
2 59
2 82
2 85
2 86
2 87
2 88
2 89
3 3
3 5
3 7
3 9
3 12
3 14
3 19
3 23
3 24
3 25
3 27
3 31
3 33
3 44
3 45
3 48
3 49
3 51
3 64
3 65
3 67
3 100
3 106
4 4
4 6
4 8
4 20
4 22
4 23
4 24
4 26
4 30
4 42
4 43
4 46
4 47
4 50
4 59
4 85
4 86
4 89
4 110
5 5
5 7
5 8
5 9
5 12
5 14
5 17
5 21
5 25
5 27
5 29
5 34
5 36
5 38
5 40
5 41
5 44
5 45
5 48
5 51
5 54
5 64
5 65
5 66
5 67
5 73
5 78
5 79
6 6
6 10
6 18
6 19
6 20
6 22
6 23
6 24
6 30
6 31
6 35
6 42
6 43
6 50
6 56
6 59
6 61
6 65
6 86
6 88
6 89
6 93
6 101
6 110
7 7
7 9
7 10
7 11
7 12
7 13
7 14
7 18
7 25
7 31
7 45
7 64
7 65
7 70
7 100
7 107
8 8
8 12
8 14
8 24
8 25
8 26
8 28
8 34
8 38
8 44
8 45
8 48
8 64
8 66
8 67
8 68
8 69
8 78
8 91
8 92
8 93
8 100
8 101
9 9
9 10
9 11
9 13
9 20
9 23
9 35
9 43
9 50
9 56
9 59
9 61
9 65
9 86
9 89
9 110
10 10
10 11
10 12
10 13
10 16
10 18
10 23
10 35
10 42
10 43
10 50
10 52
10 56
10 65
10 85
10 86
10 89
10 107
10 110
11 11
11 13
11 16
11 18
11 20
11 23
11 31
11 35
11 50
11 56
11 61
11 65
11 85
11 86
11 88
11 89
11 107
12 12
12 14
12 18
12 25
12 28
12 29
12 32
12 40
12 44
12 48
12 64
12 66
12 67
12 68
12 70
12 76
12 77
12 78
12 83
12 93
12 107
13 13
13 15
13 16
13 22
13 23
13 42
13 43
13 46
13 47
13 50
13 56
13 85
13 86
13 87
13 88
13 89
13 90
13 97
13 98
13 110
14 14
14 15
14 24
14 25
14 26
14 28
14 38
14 44
14 48
14 64
14 66
14 67
14 68
14 69
14 78
14 91
14 92
14 93
14 100
14 101
15 15
15 16
15 48
15 50
15 64
15 82
15 96
15 98
16 16
16 18
16 42
16 43
16 47
16 52
16 56
16 85
16 86
16 89
16 90
16 110
17 17
17 21
17 28
17 29
17 34
17 36
17 37
17 38
17 39
17 40
17 41
17 54
17 62
17 63
17 72
17 73
17 75
17 77
17 78
17 79
17 80
17 81
17 84
17 103
17 104
17 105
17 108
17 109
17 112
17 113
17 114
18 18
18 19
18 28
18 30
18 56
18 64
18 70
18 82
18 83
18 107
19 19
19 22
19 44
19 49
19 56
19 60
19 64
19 82
19 83
19 93
20 20
20 22
20 23
20 24
20 30
20 31
20 35
20 42
20 43
20 47
20 50
20 61
20 65
20 70
20 85
20 86
20 87
20 88
20 89
20 96
21 21
21 25
21 26
21 27
21 28
21 29
21 31
21 36
21 38
21 40
21 41
21 49
21 51
21 54
21 72
21 73
21 74
21 75
21 79
21 80
21 81
21 105
21 108
21 109
21 114
22 22
22 23
22 24
22 30
22 31
22 42
22 43
22 46
22 47
22 50
22 56
22 59
22 82
22 85
22 86
22 87
22 88
22 89
23 23
23 30
23 31
23 35
23 42
23 43
23 46
23 47
23 50
23 56
23 61
23 65
23 85
23 86
23 87
23 88
23 89
23 110
24 24
24 25
24 26
24 30
24 43
24 67
24 70
24 96
25 25
25 27
25 28
25 29
25 34
25 36
25 38
25 40
25 41
25 64
25 66
25 67
25 68
25 70
25 73
25 78
25 92
26 26
26 27
26 30
26 38
26 40
26 41
26 44
26 49
26 51
26 74
26 75
26 96
26 105
26 109
27 27
27 28
27 31
27 36
27 38
27 40
27 41
27 44
27 45
27 49
27 51
27 67
27 71
27 72
27 73
27 74
27 75
27 105
27 106
27 109
27 114
28 28
28 29
28 32
28 36
28 37
28 38
28 40
28 41
28 44
28 48
28 54
28 66
28 68
28 70
28 71
28 72
28 73
28 74
28 75
28 76
28 77
28 78
28 80
28 81
28 83
28 91
28 92
28 99
28 103
28 109
28 112
28 113
28 114
28 115
29 29
29 32
29 36
29 37
29 38
29 40
29 41
29 54
29 70
29 72
29 73
29 74
29 75
29 76
29 77
29 78
29 79
29 80
29 81
29 83
29 84
29 94
29 99
29 103
29 105
29 107
29 108
29 109
29 112
29 113
29 114
29 115
30 30
30 31
30 43
30 47
30 70
30 82
30 86
30 96
30 97
31 31
31 35
31 41
31 45
31 65
31 88
31 89
31 94
32 32
32 33
32 34
32 36
32 37
32 38
32 66
32 68
32 69
32 70
32 72
32 73
32 76
32 77
32 81
32 83
32 91
32 104
32 112
32 113
32 115
33 33
33 34
33 67
33 69
33 106
34 34
34 35
34 36
34 37
34 38
34 54
34 66
34 67
34 69
34 70
34 73
34 76
34 79
34 81
35 35
35 42
35 43
35 50
35 52
35 57
35 59
35 61
35 65
35 70
35 79
35 85
35 86
35 87
35 88
35 89
36 36
36 37
36 38
36 39
36 40
36 41
36 54
36 62
36 66
36 68
36 70
36 72
36 73
36 74
36 75
36 76
36 77
36 78
36 79
36 80
36 81
36 83
36 84
36 92
36 94
36 99
36 102
36 103
36 104
36 105
36 108
36 109
36 112
36 113
36 114
36 115
37 37
37 38
37 39
37 41
37 54
37 55
37 62
37 63
37 68
37 69
37 72
37 73
37 75
37 76
37 77
37 78
37 79
37 80
37 81
37 83
37 84
37 94
37 95
37 99
37 103
37 112
37 113
37 114
38 38
38 39
38 40
38 41
38 44
38 51
38 54
38 66
38 72
38 73
38 75
38 76
38 78
38 79
38 80
38 81
38 83
38 84
38 102
38 103
38 104
38 105
38 108
38 109
38 113
38 114
38 115
39 39
39 40
39 41
39 54
39 55
39 62
39 73
39 76
39 78
39 80
39 81
39 84
39 87
39 95
39 99
39 104
39 113
39 114
40 40
40 41
40 44
40 49
40 51
40 54
40 72
40 73
40 74
40 75
40 76
40 77
40 78
40 79
40 80
40 81
40 83
40 102
40 103
40 104
40 105
40 108
40 109
40 113
40 114
41 41
41 44
41 51
41 54
41 72
41 73
41 74
41 75
41 77
41 78
41 79
41 80
41 81
41 83
41 102
41 104
41 105
41 108
41 109
41 113
41 114
42 42
42 43
42 46
42 47
42 50
42 53
42 55
42 57
42 59
42 85
42 86
42 87
42 88
42 89
42 110
43 43
43 46
43 47
43 50
43 56
43 57
43 59
43 85
43 86
43 87
43 88
43 89
43 96
43 97
43 110
44 44
44 45
44 48
44 49
44 51
44 64
44 66
44 67
44 92
44 93
44 100
44 102
44 103
44 105
44 114
45 45
45 48
45 49
45 51
45 66
45 67
46 46
46 47
46 53
46 55
46 69
46 71
46 85
46 86
46 87
46 89
46 90
46 96
46 97
46 98
46 110
46 111
47 47
47 53
47 55
47 56
47 57
47 59
47 85
47 86
47 87
47 88
47 89
47 90
47 96
47 97
47 98
47 110
47 111
48 48
48 49
48 51
48 64
48 66
48 67
48 78
48 100
48 101
48 102
48 104
48 106
49 49
49 51
49 67
50 50
50 59
50 61
50 65
50 85
50 86
50 87
50 88
50 89
50 110
51 51
51 65
51 67
51 100
51 102
51 106
52 52
52 54
52 55
52 61
52 63
52 65
52 85
52 86
52 87
52 88
52 89
52 90
53 53
53 54
53 55
53 69
53 71
53 72
53 73
53 74
53 79
53 81
53 84
53 91
53 111
53 112
54 54
54 62
54 63
54 72
54 73
54 74
54 75
54 76
54 77
54 78
54 79
54 80
54 81
54 84
54 99
54 108
54 109
54 113
54 114
55 55
55 57
55 76
55 77
55 85
55 86
55 87
55 88
55 89
55 90
55 95
55 96
55 97
55 98
55 99
55 111
55 112
55 113
56 56
56 58
56 59
56 60
56 85
56 86
56 89
56 106
57 57
57 59
57 60
57 61
57 62
57 63
57 79
57 85
57 86
57 87
57 88
57 89
58 58
58 59
58 60
58 66
58 67
58 69
58 90
58 91
58 92
58 106
59 59
59 60
59 61
59 63
59 65
59 85
59 86
59 87
59 88
59 89
60 60
60 61
60 63
60 64
60 100
60 102
60 106
61 61
61 63
61 64
61 65
61 86
61 87
61 88
61 89
62 62
62 63
62 72
62 73
62 78
62 79
62 80
62 81
62 84
62 87
63 63
63 64
63 65
63 78
63 79
63 80
63 81
63 84
63 87
63 88
64 64
64 65
64 66
64 78
64 100
64 101
64 102
64 103
64 104
64 107
64 115
65 65
65 88
65 89
65 100
66 66
66 67
66 68
66 69
66 71
66 72
66 73
66 78
66 91
66 92
66 93
66 101
66 106
66 115
67 67
67 68
67 69
67 71
67 91
67 92
67 93
67 106
67 110
68 68
68 69
68 72
68 73
68 77
68 78
68 91
68 92
68 93
68 99
68 110
68 111
68 112
69 69
69 71
69 90
69 91
69 92
69 99
69 110
69 111
69 112
70 70
70 73
70 74
70 76
70 77
70 79
70 83
70 94
70 95
70 107
70 108
70 109
71 71
71 72
71 74
71 75
71 77
71 91
71 92
71 93
71 109
71 110
71 111
71 112
72 72
72 73
72 74
72 75
72 76
72 77
72 78
72 79
72 80
72 81
72 91
72 92
72 108
72 109
72 112
72 113
72 114
73 73
73 74
73 75
73 76
73 77
73 78
73 79
73 80
73 81
73 83
73 84
73 91
73 92
73 94
73 99
73 104
73 105
73 109
73 112
73 113
73 114
74 74
74 75
74 76
74 77
74 82
74 83
74 94
74 108
74 109
74 114
75 75
75 76
75 77
75 79
75 80
75 81
75 83
75 94
75 104
75 105
75 108
75 109
75 113
75 114
76 76
76 77
76 78
76 79
76 81
76 82
76 83
76 95
76 99
76 108
76 109
76 112
76 113
77 77
77 78
77 79
77 81
77 83
77 95
77 99
77 108
77 109
77 111
77 112
77 113
78 78
78 79
78 80
78 81
78 91
78 92
78 99
78 103
78 104
78 112
78 113
78 114
79 79
79 80
79 81
79 84
79 94
79 108
79 112
79 113
79 114
80 80
80 81
80 84
80 94
80 103
80 112
80 113
80 114
81 81
81 84
81 94
81 99
81 105
81 108
81 112
81 113
81 114
82 82
82 83
82 86
83 83
83 84
83 109
83 113
84 84
84 87
84 88
84 99
84 113
84 114
85 85
85 86
85 87
85 88
85 89
85 90
85 97
86 86
86 87
86 88
86 89
86 97
86 110
87 87
87 88
87 89
87 95
87 97
88 88
88 89
88 95
89 89
89 90
89 110
90 90
90 98
91 91
91 92
91 93
91 99
91 110
91 111
91 112
92 92
92 93
92 99
92 100
92 101
92 102
92 103
92 112
92 113
92 114
93 93
93 100
93 101
93 103
93 110
93 112
94 94
94 95
94 96
94 99
94 103
94 107
94 112
94 113
94 114
94 115
95 95
95 96
95 97
95 99
95 107
95 113
96 96
96 97
96 98
96 110
96 111
97 97
97 98
97 99
97 110
97 111
97 112
98 98
98 99
98 107
98 111
99 99
99 103
99 107
99 111
99 112
99 113
99 114
99 115
100 100
100 101
100 102
100 103
100 104
100 105
100 106
100 107
100 113
100 115
101 101
101 102
101 103
101 104
101 107
101 113
101 115
102 102
102 103
102 104
102 105
102 106
102 107
102 108
102 113
102 114
102 115
103 103
103 104
103 105
103 107
103 108
103 113
103 114
103 115
104 104
104 105
104 107
104 108
104 113
104 114
104 115
105 105
105 108
105 113
105 114
105 115
106 106
107 107
107 108
107 113
107 115
108 108
108 109
108 113
108 114
109 109
109 114
110 110
110 111
110 112
111 111
111 112
112 112
112 113
112 114
113 113
113 114
113 115
114 114
114 115
115 115
