0 0
0 1
0 3
0 8
0 10
0 14
0 17
0 19
0 22
0 30
0 42
0 45
0 46
0 49
0 56
0 57
0 64
0 75
0 82
0 84
0 107
0 108
1 1
1 3
1 10
1 22
1 27
1 28
1 30
1 33
1 37
1 46
1 53
1 55
1 57
1 73
1 74
1 75
1 76
1 77
1 78
1 79
1 81
1 82
1 83
1 85
1 86
1 113
1 114
2 2
2 4
2 5
2 6
2 10
2 12
2 18
2 22
2 23
2 26
2 27
2 30
2 35
2 42
2 43
2 45
2 48
2 50
2 56
2 58
2 64
2 84
2 88
2 91
2 93
2 95
2 109
2 113
3 3
3 7
3 11
3 23
3 25
3 27
3 30
3 31
3 35
3 39
3 42
3 43
3 45
3 50
3 64
3 68
3 83
3 84
3 85
3 86
3 88
3 107
4 4
4 5
4 7
4 8
4 9
4 26
4 28
4 48
4 52
4 54
4 55
4 57
4 58
4 59
4 60
4 63
4 72
4 80
4 89
4 92
4 93
4 99
4 104
4 111
4 112
5 5
5 7
5 8
5 10
5 14
5 21
5 22
5 23
5 27
5 35
5 43
5 45
5 50
5 54
5 64
5 68
5 69
5 82
5 84
5 86
5 88
6 6
6 7
6 18
6 19
6 22
6 28
6 33
6 43
6 45
6 49
6 56
6 70
6 74
6 76
6 78
6 84
6 91
6 99
6 103
6 104
6 111
7 7
7 9
7 11
7 34
7 35
7 39
7 61
7 65
7 66
7 67
7 85
7 92
7 96
7 104
7 112
8 8
8 10
8 12
8 14
8 16
8 17
8 22
8 23
8 28
8 44
8 48
8 49
8 54
8 57
8 58
8 60
8 64
8 69
8 72
8 75
8 79
8 82
8 84
8 90
8 91
8 92
8 93
8 100
8 113
9 9
9 12
9 13
9 15
9 16
9 24
9 34
9 36
9 49
9 54
9 57
9 59
9 60
9 61
9 62
9 63
9 72
9 74
9 76
9 80
9 81
9 101
9 111
10 10
10 12
10 14
10 16
10 17
10 21
10 22
10 44
10 48
10 49
10 56
10 57
10 58
10 60
10 63
10 64
10 72
10 75
10 81
10 82
10 84
10 86
10 88
10 98
11 11
11 12
11 13
11 15
11 26
11 32
11 34
11 35
11 39
11 41
11 61
11 65
11 67
11 83
11 92
11 100
11 106
12 12
12 13
12 14
12 15
12 16
12 17
12 21
12 48
12 49
12 52
12 54
12 58
12 59
12 60
12 61
12 62
12 63
12 65
12 66
12 72
12 81
12 89
12 98
12 107
13 13
13 15
13 16
13 17
13 29
13 35
13 58
13 59
13 60
13 61
13 62
13 63
13 65
13 80
13 81
13 83
13 89
13 105
14 14
14 21
14 22
14 23
14 30
14 42
14 44
14 45
14 49
14 50
14 57
14 60
14 64
14 75
14 79
14 82
14 84
14 86
14 88
14 93
14 107
15 15
15 16
15 17
15 29
15 54
15 58
15 60
15 61
15 62
15 63
15 65
15 75
15 77
15 83
15 89
15 90
15 100
16 16
16 17
16 21
16 24
16 29
16 36
16 39
16 56
16 57
16 60
16 61
16 62
16 63
16 71
16 72
16 75
16 77
16 80
16 81
16 105
17 17
17 21
17 24
17 28
17 29
17 56
17 57
17 58
17 60
17 62
17 63
17 72
17 75
17 76
17 79
17 80
17 81
17 83
17 89
17 95
17 101
17 105
17 111
18 18
18 19
18 22
18 28
18 30
18 31
18 37
18 43
18 69
18 70
18 84
18 91
18 98
18 99
18 103
18 108
18 114
19 19
19 22
19 30
19 31
19 33
19 45
19 46
19 55
19 56
19 68
19 69
19 70
19 82
19 84
19 87
19 91
19 98
19 108
20 20
20 21
20 33
20 38
20 43
20 60
20 77
20 80
20 94
20 96
20 107
20 108
20 114
21 21
21 23
21 24
21 30
21 31
21 32
21 33
21 38
21 50
21 53
21 64
21 82
21 83
21 86
21 87
21 88
21 107
22 22
22 23
22 27
22 30
22 31
22 36
22 42
22 43
22 44
22 45
22 50
22 56
22 64
22 68
22 69
22 76
22 82
22 84
22 86
22 88
22 91
22 93
22 94
22 113
23 23
23 25
23 27
23 30
23 31
23 35
23 39
23 42
23 43
23 44
23 45
23 50
23 64
23 65
23 67
23 68
23 69
23 82
23 84
23 85
23 86
23 87
23 88
23 91
23 92
23 93
23 100
23 107
23 109
23 110
23 114
24 24
24 29
24 46
24 51
24 57
24 70
24 77
24 87
24 98
24 115
25 25
25 27
25 30
25 31
25 33
25 34
25 35
25 37
25 38
25 39
25 40
25 45
25 50
25 65
25 67
25 85
25 86
25 87
25 88
25 92
25 101
25 110
25 114
25 115
26 26
26 35
26 36
26 37
26 39
26 40
26 60
26 64
26 65
26 67
26 74
26 76
26 77
26 80
26 88
26 92
26 94
26 95
26 96
26 109
26 111
27 27
27 30
27 31
27 35
27 37
27 38
27 39
27 40
27 43
27 45
27 50
27 53
27 64
27 67
27 68
27 85
27 86
27 87
27 88
27 92
27 94
27 96
27 114
28 28
28 29
28 33
28 36
28 62
28 70
28 72
28 73
28 74
28 75
28 76
28 78
28 81
28 92
28 105
28 112
28 113
29 29
29 32
29 41
29 51
29 52
29 57
29 59
29 62
29 63
29 66
29 72
29 73
29 74
29 76
29 77
29 81
29 83
29 101
29 103
29 106
29 112
29 113
29 115
30 30
30 31
30 33
30 38
30 45
30 50
30 64
30 79
30 82
30 83
30 84
30 85
30 88
30 95
30 109
31 31
31 32
31 33
31 37
31 38
31 39
31 43
31 45
31 64
31 68
31 83
31 85
31 87
31 88
31 105
31 108
31 114
32 32
32 33
32 41
32 59
32 61
32 62
32 63
32 70
32 73
32 74
32 77
32 83
32 87
32 99
32 101
32 115
33 33
33 36
33 73
33 74
33 75
33 76
33 78
33 79
33 83
33 95
33 105
33 108
33 114
34 34
34 36
34 37
34 38
34 39
34 40
34 41
34 52
34 54
34 58
34 61
34 63
34 66
34 67
34 87
34 96
34 100
34 101
35 35
35 37
35 38
35 39
35 45
35 50
35 60
35 65
35 67
35 68
35 85
35 88
35 92
35 107
35 109
35 114
36 36
36 37
36 39
36 41
36 56
36 57
36 62
36 72
36 73
36 74
36 76
36 78
36 80
36 81
36 94
36 95
36 96
36 97
36 114
37 37
37 38
37 39
37 40
37 41
37 55
37 66
37 76
37 78
37 83
37 85
37 87
37 94
37 96
37 97
37 101
37 103
37 108
38 38
38 50
38 51
38 53
38 67
38 85
38 86
38 87
38 89
38 94
38 107
39 39
39 40
39 41
39 65
39 67
39 68
39 70
39 71
39 75
39 77
39 78
39 83
39 87
39 92
39 96
39 112
40 40
40 41
40 54
40 59
40 60
40 62
40 66
40 67
40 74
40 77
40 80
40 86
40 87
40 94
40 96
40 114
41 41
41 52
41 59
41 62
41 66
41 67
41 68
41 70
41 71
41 72
41 76
41 77
41 83
41 86
41 94
41 97
41 99
42 42
42 43
42 44
42 45
42 46
42 47
42 48
42 49
42 50
42 51
42 64
42 74
42 82
42 84
42 85
42 91
42 98
42 106
42 107
42 110
43 43
43 44
43 45
43 46
43 47
43 49
43 50
43 56
43 67
43 70
43 74
43 84
43 85
43 87
43 91
43 99
43 106
43 110
43 114
44 44
44 45
44 46
44 47
44 48
44 49
44 51
44 64
44 67
44 73
44 77
44 82
44 84
44 87
44 88
44 90
44 98
44 106
44 109
44 110
44 112
45 45
45 46
45 47
45 49
45 64
45 65
45 67
45 68
45 82
45 84
45 85
45 87
45 88
45 90
45 91
45 92
45 106
45 109
45 110
45 112
46 46
46 47
46 48
46 49
46 51
46 55
46 73
46 74
46 82
46 97
46 98
46 99
46 106
47 47
47 48
47 49
47 51
47 67
47 74
47 97
47 98
47 99
47 106
47 110
47 111
47 113
48 48
48 49
48 50
48 51
48 58
48 59
48 63
48 66
48 73
48 77
48 89
48 93
48 98
48 99
48 102
48 106
48 111
48 112
48 113
49 49
49 51
49 53
49 74
49 82
49 98
49 99
49 102
49 110
50 50
50 56
50 64
50 84
50 85
50 86
50 88
50 89
50 91
50 95
50 96
50 103
50 114
51 51
51 52
51 53
51 55
51 59
51 85
51 89
51 97
51 98
51 99
51 102
51 103
51 104
51 106
51 115
52 52
52 53
52 54
52 58
52 59
52 60
52 61
52 63
52 66
52 81
52 83
52 89
52 100
52 106
52 115
53 53
53 54
53 64
53 83
53 85
53 86
53 87
53 89
53 98
53 99
54 54
54 58
54 59
54 63
54 80
54 81
54 87
54 89
54 94
54 96
54 99
54 101
54 110
54 112
54 115
55 55
55 68
55 76
55 78
55 80
55 89
55 95
55 96
55 97
55 99
55 101
55 105
55 111
56 56
56 74
56 82
56 84
56 91
56 95
56 97
56 103
56 108
56 109
56 113
57 57
57 63
57 69
57 72
57 73
57 74
57 75
57 76
57 77
57 78
57 79
57 80
57 81
57 82
57 86
58 58
58 59
58 60
58 61
58 62
58 63
58 65
58 66
58 72
58 81
58 89
58 102
59 59
59 60
59 61
59 62
59 63
59 65
59 66
59 67
59 71
59 80
59 89
59 90
59 99
59 100
59 101
59 102
59 104
59 112
59 115
60 60
60 61
60 62
60 63
60 65
60 66
60 72
60 75
60 77
60 80
60 81
60 94
61 61
61 62
61 63
61 65
61 66
61 72
61 75
61 83
61 89
61 90
61 100
61 102
61 107
61 115
62 62
62 63
62 66
62 71
62 72
62 74
62 77
62 80
62 81
62 101
62 105
63 63
63 66
63 71
63 72
63 75
63 77
63 80
63 81
63 83
63 89
64 64
64 68
64 70
64 76
64 79
64 82
64 84
64 85
64 86
64 88
64 93
65 65
65 67
65 84
65 89
65 90
65 92
65 100
65 107
65 109
65 110
65 112
66 66
66 67
66 71
66 72
66 73
66 77
66 80
66 81
66 96
66 104
66 112
66 114
67 67
67 71
67 85
67 87
67 90
67 92
67 107
67 109
67 110
67 112
67 114
67 115
68 68
68 70
68 75
68 76
68 79
68 93
68 101
69 69
69 87
69 90
69 91
69 93
69 110
70 70
70 71
70 76
70 77
70 84
70 97
71 71
71 72
71 76
71 77
71 92
71 94
71 100
72 72
72 73
72 74
72 75
72 76
72 80
72 81
73 73
73 74
73 75
73 76
73 77
73 78
73 79
73 81
73 113
74 74
74 76
74 77
74 80
74 81
74 98
74 113
75 75
75 76
75 77
75 78
75 79
75 81
75 83
75 92
76 76
76 77
76 79
76 93
76 111
77 77
77 79
77 81
77 106
77 111
77 113
78 78
78 79
78 80
78 81
78 95
78 103
78 104
78 105
78 108
78 111
78 112
78 113
79 79
79 81
79 83
79 88
79 114
80 80
80 81
80 89
80 95
80 96
80 97
80 105
80 108
80 114
81 81
81 82
81 98
81 105
81 113
82 82
82 84
82 86
82 88
82 98
83 83
84 84
84 86
84 88
84 91
84 107
85 85
85 87
85 88
85 94
85 96
85 98
85 110
85 114
86 86
86 87
86 88
86 94
86 114
87 87
87 88
87 90
87 94
87 96
87 106
87 110
87 114
87 115
88 88
88 93
88 94
88 95
89 89
89 96
89 97
89 99
89 115
90 90
90 91
90 92
90 93
90 99
90 100
90 102
90 104
90 106
90 110
90 112
90 115
91 91
91 92
91 93
91 95
91 102
91 103
91 109
91 112
91 113
92 92
92 93
92 95
92 97
92 100
92 102
92 104
92 105
92 110
92 112
92 113
93 93
93 95
93 102
93 104
93 105
93 109
93 110
93 111
93 112
94 94
94 96
94 98
95 95
95 96
95 97
95 105
95 108
95 109
95 111
95 113
96 96
96 97
96 101
96 104
96 108
96 110
96 111
96 114
97 97
97 99
97 100
97 108
97 111
97 113
98 98
99 99
99 101
99 102
99 104
99 108
99 110
99 111
99 112
99 115
100 100
100 102
100 104
100 107
101 101
101 102
101 103
101 111
101 114
101 115
102 102
102 103
102 104
102 106
103 103
103 104
103 106
103 108
103 112
103 113
104 104
104 106
104 110
104 112
105 105
105 109
105 112
106 106
106 110
106 111
106 112
106 115
107 107
108 108
108 109
108 111
109 109
109 110
109 111
109 115
110 110
110 111
110 112
110 115
111 111
112 112
112 113
113 113
114 114
115 115
