0 0
0 1
0 5
0 26
0 32
0 42
0 43
0 47
0 48
0 53
0 55
0 56
0 57
0 58
0 59
0 61
0 62
0 63
0 66
0 68
0 76
0 91
0 98
0 99
0 101
0 103
0 111
1 1
1 5
1 13
1 15
1 18
1 19
1 20
1 26
1 27
1 32
1 57
1 59
1 60
1 61
1 62
1 63
1 68
1 69
1 75
1 76
1 77
1 101
1 102
1 103
1 106
1 113
2 2
2 3
2 6
2 7
2 12
2 13
2 17
2 18
2 22
2 23
2 50
2 52
2 54
2 60
2 64
2 65
2 88
2 89
2 101
2 102
3 3
3 6
3 7
3 8
3 9
3 12
3 13
3 17
3 22
3 23
3 50
3 52
3 54
3 65
3 88
3 89
3 92
3 106
4 4
4 5
4 8
4 9
4 16
4 26
4 61
4 80
5 5
5 11
5 13
5 15
5 20
5 26
5 27
5 56
5 57
5 59
5 61
5 68
6 6
6 7
6 10
6 12
6 13
6 14
6 18
6 22
6 60
6 65
6 88
6 102
7 7
7 11
7 12
7 13
7 15
7 16
7 17
7 23
7 65
7 79
7 88
7 92
8 8
8 9
8 14
8 51
8 53
8 90
8 92
8 94
8 105
8 106
8 107
8 113
9 9
9 23
9 24
9 35
9 49
9 51
9 52
9 53
9 90
9 92
9 94
9 95
9 105
9 106
9 107
9 108
9 109
10 10
10 11
10 12
10 13
10 14
10 15
10 16
10 18
10 22
10 23
10 25
10 26
10 27
10 28
10 30
10 31
10 64
10 65
10 72
10 74
10 80
10 82
10 83
10 84
10 85
10 86
10 88
10 100
11 11
11 12
11 13
11 14
11 15
11 16
11 17
11 26
11 27
11 28
11 29
11 31
11 64
11 65
11 72
11 73
11 74
11 75
11 80
11 81
11 82
11 83
11 84
11 85
11 88
11 100
12 12
12 13
12 14
12 15
12 16
12 17
12 18
12 22
12 26
12 28
12 29
12 41
12 50
12 72
12 80
12 81
12 82
12 83
12 88
12 100
13 13
13 14
13 15
13 16
13 17
13 18
13 26
13 27
13 29
13 32
13 61
13 65
13 73
13 74
13 75
13 82
13 83
13 100
13 102
14 14
14 15
14 16
14 20
14 21
14 22
14 23
14 25
14 27
14 28
14 29
14 30
14 31
14 38
14 39
14 41
14 64
14 72
14 80
14 82
14 83
14 86
14 88
15 15
15 16
15 17
15 21
15 26
15 27
15 28
15 29
15 41
15 57
15 61
15 72
15 78
15 80
15 81
15 83
16 16
16 17
16 26
16 28
16 30
16 31
16 65
16 72
16 78
16 79
16 80
16 81
16 82
16 83
16 88
17 17
17 28
17 29
17 32
17 57
17 58
17 60
17 61
17 62
17 63
17 65
17 72
17 75
17 78
17 79
17 80
17 81
17 89
17 101
17 102
18 18
18 22
18 26
18 27
18 32
18 60
18 68
18 69
18 73
18 74
18 75
18 76
18 88
18 89
18 101
18 102
18 103
18 104
19 19
19 32
19 33
19 57
19 59
19 60
19 63
19 67
19 68
19 69
19 70
19 90
19 91
19 93
19 97
19 104
19 105
19 106
19 107
19 112
19 113
19 115
20 20
20 21
20 24
20 25
20 26
20 27
20 30
20 31
20 33
20 34
20 57
20 64
20 84
20 87
20 93
20 114
21 21
21 24
21 25
21 28
21 31
21 36
21 37
21 40
21 78
21 81
21 84
21 86
21 94
21 108
21 114
22 22
22 23
22 25
22 35
22 64
22 65
22 82
22 84
22 86
22 87
22 88
22 92
22 95
23 23
23 24
23 25
23 27
23 31
23 34
23 35
23 39
23 64
23 65
23 82
23 84
23 85
23 86
23 87
23 88
23 92
23 95
23 105
23 108
23 109
23 110
24 24
24 25
24 30
24 31
24 35
24 38
24 50
24 95
24 105
24 107
24 110
24 115
25 25
25 27
25 30
25 31
25 34
25 35
25 38
25 64
25 82
25 83
25 84
25 85
25 86
25 92
25 94
25 105
25 108
25 110
25 114
26 26
26 27
26 28
26 30
26 56
26 57
26 58
26 68
26 80
26 83
27 27
27 64
27 68
27 87
27 100
27 101
28 28
28 29
28 30
28 31
28 33
28 36
28 37
28 38
28 39
28 40
28 41
28 62
28 71
28 72
28 74
28 78
28 79
28 80
28 81
28 82
28 83
28 84
28 85
28 95
29 29
29 32
29 33
29 36
29 37
29 38
29 39
29 41
29 71
29 72
29 73
29 74
29 75
29 76
29 77
29 78
29 79
29 80
29 81
29 83
29 84
29 85
30 30
30 31
30 33
30 34
30 36
30 57
30 64
30 70
30 71
30 72
30 78
30 80
30 81
30 82
30 83
30 84
30 85
30 88
30 93
30 114
31 31
31 33
31 34
31 35
31 36
31 64
31 71
31 72
31 78
31 79
31 80
31 81
31 82
31 83
31 84
31 85
31 86
31 88
31 92
31 95
32 32
32 33
32 60
32 62
32 63
32 68
32 69
32 70
32 72
32 73
32 74
32 75
32 76
32 77
32 97
32 101
32 102
32 103
32 106
32 112
33 33
33 57
33 60
33 62
33 63
33 70
33 71
33 72
33 80
33 81
33 83
33 84
33 88
34 34
34 35
34 36
34 44
34 45
34 64
34 66
34 67
34 71
34 84
34 85
34 86
34 87
34 92
34 93
34 94
34 108
34 109
35 35
35 45
35 64
35 65
35 67
35 86
35 87
35 88
35 90
35 92
35 94
35 105
35 108
35 109
35 110
36 36
36 37
36 38
36 39
36 40
36 41
36 54
36 55
36 71
36 72
36 74
36 78
36 79
36 80
36 81
36 84
36 85
36 111
36 114
37 37
37 38
37 39
37 40
37 41
37 46
37 54
37 55
37 70
37 71
37 72
37 73
37 74
37 75
37 77
37 78
37 94
37 95
37 96
37 102
37 108
37 109
37 112
37 113
37 114
37 115
38 38
38 39
38 40
38 41
38 54
38 55
38 71
38 72
38 73
38 74
38 77
38 82
38 83
38 85
38 88
38 89
38 95
38 96
38 109
38 110
39 39
39 40
39 41
39 54
39 55
39 71
39 72
39 73
39 77
39 82
39 83
39 85
39 87
39 88
39 89
39 95
39 96
39 109
39 115
40 40
40 41
40 66
40 72
40 78
40 81
40 83
40 96
40 101
40 110
40 114
41 41
41 54
41 71
41 72
41 74
41 80
41 81
41 82
41 83
41 95
42 42
42 43
42 44
42 45
42 46
42 47
42 48
42 49
42 50
42 51
42 53
42 55
42 59
42 90
42 91
42 96
42 98
42 99
42 107
42 111
42 112
43 43
43 44
43 45
43 46
43 47
43 48
43 49
43 50
43 51
43 53
43 55
43 91
43 96
43 98
43 99
43 111
44 44
44 45
44 46
44 47
44 48
44 49
44 50
44 51
44 53
44 55
44 66
44 67
44 90
44 91
44 98
44 99
44 107
44 111
44 112
45 45
45 46
45 47
45 48
45 49
45 50
45 51
45 53
45 55
45 59
45 66
45 67
45 90
45 91
45 94
45 98
45 99
45 107
45 111
46 46
46 47
46 48
46 49
46 51
46 52
46 53
46 55
46 91
46 94
46 96
46 98
46 99
46 107
46 111
46 112
47 47
47 48
47 49
47 51
47 52
47 53
47 55
47 59
47 66
47 90
47 91
47 96
47 97
47 98
47 99
47 104
47 107
47 109
47 111
48 48
48 49
48 50
48 51
48 52
48 53
48 55
48 59
48 90
48 91
48 96
48 98
48 99
48 104
48 107
48 111
48 112
49 49
49 50
49 51
49 52
49 53
49 55
49 59
49 90
49 91
49 98
49 99
49 107
49 111
49 112
50 50
50 51
50 52
50 67
50 86
51 51
51 52
51 53
51 55
51 59
51 86
51 90
51 91
51 96
51 98
51 99
51 104
51 111
51 112
52 52
52 53
52 54
52 55
52 58
52 59
52 89
52 96
52 98
52 99
53 53
53 55
53 91
53 94
53 96
53 97
53 98
53 99
53 111
54 54
54 55
54 77
54 88
54 89
54 95
54 96
54 97
54 102
54 109
54 110
54 113
55 55
55 76
55 77
55 86
55 87
55 91
55 94
55 96
55 97
55 98
55 99
55 102
55 103
55 104
55 109
55 111
55 112
55 113
55 114
56 56
56 57
56 58
56 61
56 62
56 63
56 66
56 78
56 98
56 99
56 111
57 57
57 60
57 61
57 62
57 63
57 75
57 77
58 58
58 59
58 60
58 61
58 62
58 63
58 66
58 67
58 68
58 69
58 101
58 102
59 59
59 61
59 63
59 66
59 67
59 68
59 69
59 89
59 90
59 91
59 98
59 99
59 104
59 106
60 60
60 61
60 62
60 63
60 66
60 68
60 69
60 101
60 103
61 61
61 62
61 63
61 65
61 68
61 69
61 75
61 89
61 102
61 106
61 113
62 62
62 63
62 66
62 69
62 72
62 76
62 78
62 79
62 80
62 81
62 101
63 63
63 66
63 69
63 72
63 75
63 76
63 78
63 79
63 81
63 101
64 64
64 65
64 71
64 79
64 82
64 84
64 85
64 86
64 87
64 88
64 92
64 93
65 65
65 85
65 86
65 87
65 88
65 89
65 92
65 100
65 108
66 66
66 67
66 68
66 69
66 90
66 93
66 98
66 99
66 103
66 104
66 111
67 67
67 68
67 69
67 90
67 91
67 93
67 104
67 105
67 107
67 109
67 110
68 68
68 69
68 76
68 101
68 104
68 106
69 69
69 90
69 91
69 103
69 104
69 106
70 70
70 71
70 72
70 73
70 74
70 75
70 76
70 77
70 83
70 84
70 88
70 97
70 112
70 113
70 115
71 71
71 72
71 73
71 74
71 75
71 76
71 77
71 82
71 83
71 84
71 85
71 87
71 88
71 94
71 95
71 97
71 108
71 109
71 114
71 115
72 72
72 73
72 74
72 75
72 76
72 77
72 78
72 79
72 80
72 81
72 83
72 84
72 85
72 101
73 73
73 74
73 75
73 76
73 77
73 83
73 84
73 85
73 88
73 89
73 97
73 101
73 102
73 113
74 74
74 75
74 76
74 77
74 83
74 84
74 85
74 101
74 102
74 103
74 112
75 75
75 76
75 77
75 79
75 89
75 97
75 101
75 102
75 103
75 113
76 76
76 77
76 84
76 96
76 97
76 99
76 101
76 102
76 103
76 104
76 113
77 77
77 92
77 96
77 97
77 99
77 102
77 109
77 112
77 113
77 114
78 78
78 79
78 80
78 81
78 84
79 79
79 80
79 81
79 84
80 80
80 81
80 82
80 83
80 84
80 85
81 81
81 83
81 84
81 85
81 95
82 82
82 83
82 84
82 85
82 86
82 88
82 95
82 100
82 105
83 83
83 84
83 85
83 88
83 95
83 100
84 84
84 85
84 86
84 87
84 88
84 114
85 85
85 86
85 87
85 88
86 86
86 87
86 92
86 94
86 112
86 115
87 87
87 88
87 90
87 91
87 92
87 93
87 97
87 98
87 104
87 108
87 109
87 112
87 113
87 114
88 88
88 89
88 95
89 89
89 102
89 113
90 90
90 91
90 92
90 93
90 94
90 97
90 98
90 99
90 104
90 105
90 106
90 107
90 108
90 109
90 110
90 111
90 113
90 115
91 91
91 96
91 97
91 98
91 99
91 103
91 104
91 105
91 106
91 107
91 109
91 110
91 111
91 112
92 92
92 93
92 94
92 108
92 109
92 113
92 114
92 115
93 93
93 103
93 104
93 105
93 106
93 107
93 110
93 113
93 114
93 115
94 94
94 96
94 97
94 98
94 105
94 106
94 107
94 108
94 109
94 110
94 111
94 114
94 115
95 95
95 105
95 107
95 109
95 110
95 115
96 96
96 97
96 98
96 99
96 102
96 103
96 104
96 106
96 107
96 108
96 109
96 110
96 111
96 112
96 113
96 114
96 115
97 97
97 98
97 99
97 102
97 103
97 104
97 106
97 107
97 108
97 109
97 111
97 112
97 113
97 114
97 115
98 98
98 99
98 104
98 107
98 109
98 110
98 111
98 112
98 113
98 114
99 99
99 102
99 103
99 104
99 107
99 111
99 112
99 113
99 114
100 100
101 101
101 102
101 103
101 106
102 102
102 103
102 104
102 106
102 112
102 113
103 103
103 104
103 106
103 113
103 114
104 104
104 105
104 106
104 107
104 109
104 111
104 112
104 113
104 114
104 115
105 105
105 106
105 107
105 108
105 109
105 110
105 112
105 115
106 106
106 107
106 108
106 110
106 113
106 114
107 107
107 110
107 111
107 112
107 115
108 108
108 109
108 110
108 113
108 114
108 115
109 109
109 110
109 113
109 114
109 115
110 110
110 115
111 111
111 114
112 112
112 113
112 114
112 115
113 113
113 114
114 114
114 115
115 115
