0 0
0 2
0 10
0 16
0 18
0 28
0 32
0 58
0 59
0 60
0 61
0 62
0 63
0 68
1 1
1 7
1 11
1 13
1 15
1 16
1 17
1 29
1 33
1 57
1 61
1 63
1 65
1 75
1 78
1 79
1 80
1 81
1 83
1 87
1 92
1 100
1 102
1 104
1 106
2 2
2 4
2 5
2 6
2 7
2 8
2 10
2 14
2 18
2 22
2 23
2 24
2 27
2 30
2 31
2 34
2 35
2 48
2 50
2 60
2 64
2 67
2 86
2 88
2 93
2 101
3 3
3 5
3 7
3 22
3 23
3 24
3 25
3 26
3 27
3 30
3 31
3 50
3 82
3 85
3 86
3 87
3 88
3 89
4 4
4 6
4 7
4 8
4 9
4 13
4 14
4 15
4 18
4 19
4 29
4 30
4 61
4 64
4 83
4 92
4 101
5 5
5 22
5 23
5 24
5 25
5 26
5 27
5 30
5 31
5 34
5 35
5 39
5 43
5 50
5 58
5 66
5 67
5 82
5 86
5 88
5 89
5 94
5 96
5 97
5 110
6 6
6 7
6 8
6 9
6 12
6 13
6 15
6 18
6 20
6 60
6 64
6 65
6 83
6 100
6 101
7 7
7 8
7 9
7 11
7 13
7 15
7 31
7 64
7 65
7 83
7 100
8 8
8 9
8 10
8 12
8 13
8 14
8 15
8 17
8 60
8 64
8 65
8 75
8 83
8 84
8 92
8 101
9 9
9 11
9 13
9 15
9 18
9 29
9 53
9 61
9 64
9 65
9 83
9 92
10 10
10 14
10 22
10 23
10 48
10 50
10 64
10 65
10 82
10 84
10 86
10 88
10 93
10 105
10 108
11 11
11 12
11 13
11 15
11 17
11 61
11 64
11 65
11 75
11 83
11 85
11 87
11 89
11 92
11 100
11 102
11 106
12 12
12 13
12 15
12 16
12 17
12 28
12 44
12 48
12 60
12 83
12 100
12 101
12 114
13 13
13 15
13 16
13 17
13 28
13 29
13 33
13 60
13 61
13 62
13 63
13 65
13 75
13 80
13 81
13 83
13 92
13 100
13 101
13 102
13 113
14 14
14 15
14 18
14 19
14 22
14 23
14 27
14 28
14 30
14 31
14 64
14 82
14 83
14 84
14 86
14 87
14 88
14 114
15 15
15 16
15 17
15 19
15 28
15 29
15 33
15 40
15 61
15 62
15 65
15 71
15 75
15 77
15 80
15 83
15 87
15 92
15 100
16 16
16 17
16 28
16 29
16 32
16 33
16 36
16 37
16 39
16 40
16 41
16 56
16 57
16 60
16 61
16 62
16 63
16 68
16 72
16 74
16 75
16 78
16 79
16 80
16 81
16 90
16 95
16 99
16 102
17 17
17 19
17 28
17 29
17 33
17 36
17 37
17 56
17 57
17 61
17 63
17 72
17 73
17 74
17 75
17 78
17 79
17 80
17 81
17 83
17 84
17 85
17 87
17 92
17 100
17 102
18 18
18 19
18 20
18 22
18 23
18 24
18 30
18 31
18 64
18 68
18 70
18 71
18 82
18 86
18 88
19 19
19 28
19 29
19 30
19 31
19 33
19 36
19 40
19 41
19 68
19 69
19 71
19 72
19 73
19 74
19 75
19 77
19 78
19 79
19 80
19 81
19 82
19 83
19 84
19 87
19 92
20 20
20 21
20 41
20 70
20 75
20 77
20 91
20 113
21 21
21 29
21 33
21 36
21 49
21 53
21 56
21 68
21 70
21 71
21 72
21 73
21 75
21 77
21 78
21 79
21 80
21 81
21 91
21 92
21 111
21 112
22 22
22 23
22 24
22 25
22 26
22 27
22 30
22 31
22 34
22 35
22 50
22 54
22 58
22 64
22 67
22 70
22 82
22 86
22 88
22 94
22 96
22 105
22 110
23 23
23 24
23 25
23 26
23 27
23 30
23 31
23 50
23 53
23 64
23 70
23 82
23 86
23 87
23 88
23 105
24 24
24 25
24 26
24 27
24 30
24 31
24 35
24 43
24 50
24 58
24 66
24 67
24 70
24 86
24 88
24 94
24 96
24 110
25 25
25 26
25 27
25 30
25 31
25 35
25 43
25 50
25 55
25 58
25 66
25 67
25 82
25 86
25 88
25 94
25 96
25 97
25 110
26 26
26 27
26 30
26 58
26 68
26 87
26 96
26 97
27 27
27 30
27 31
27 35
27 50
27 58
27 68
27 82
27 86
27 88
27 89
27 94
27 96
27 110
28 28
28 29
28 32
28 33
28 36
28 38
28 40
28 57
28 60
28 62
28 63
28 71
28 72
28 74
28 75
28 76
28 78
28 80
28 81
28 82
28 83
29 29
29 33
29 36
29 37
29 40
29 41
29 53
29 56
29 57
29 61
29 62
29 63
29 69
29 71
29 72
29 73
29 74
29 75
29 76
29 77
29 78
29 79
29 80
29 81
29 83
29 87
29 91
29 92
29 99
29 100
29 102
29 111
29 112
30 30
30 31
30 64
30 70
30 71
30 82
30 83
30 86
30 87
30 88
31 31
31 33
31 64
31 71
31 82
31 83
31 86
31 87
31 88
32 32
32 33
32 36
32 37
32 38
32 56
32 57
32 58
32 59
32 60
32 62
32 63
32 66
32 68
32 69
32 72
32 74
32 76
32 78
32 79
32 80
32 81
32 90
32 95
32 97
32 99
32 109
33 33
33 36
33 37
33 40
33 41
33 56
33 57
33 62
33 63
33 68
33 69
33 71
33 72
33 73
33 74
33 75
33 76
33 78
33 79
33 80
33 81
33 83
33 87
33 95
33 102
34 34
34 35
34 38
34 39
34 43
34 44
34 45
34 48
34 50
34 51
34 54
34 66
34 67
34 86
34 88
34 94
34 96
34 98
34 107
34 110
34 111
35 35
35 43
35 44
35 45
35 47
35 48
35 49
35 50
35 51
35 54
35 65
35 67
35 85
35 86
35 88
35 94
35 96
35 110
36 36
36 37
36 38
36 40
36 41
36 53
36 56
36 57
36 62
36 63
36 68
36 69
36 72
36 73
36 74
36 75
36 76
36 78
36 79
36 80
36 81
36 90
36 91
36 92
36 95
36 97
36 99
36 109
36 112
37 37
37 38
37 39
37 40
37 41
37 52
37 53
37 56
37 57
37 62
37 63
37 68
37 69
37 72
37 73
37 74
37 75
37 76
37 78
37 79
37 80
37 81
37 95
37 97
37 102
37 109
37 112
38 38
38 39
38 40
38 41
38 54
38 55
38 56
38 57
38 68
38 72
38 74
38 76
38 79
38 80
38 86
38 94
38 96
38 98
38 109
39 39
39 46
39 52
39 55
39 57
39 58
39 59
39 66
39 67
39 72
39 78
39 80
39 81
39 90
39 94
39 95
39 96
39 97
39 98
39 99
39 103
39 112
40 40
40 41
40 57
40 58
40 60
40 62
40 63
40 72
40 73
40 74
40 78
40 79
40 80
40 81
40 82
40 83
40 95
40 108
40 113
41 41
41 52
41 56
41 57
41 62
41 63
41 68
41 69
41 72
41 73
41 74
41 75
41 78
41 79
41 80
41 81
41 102
42 42
42 43
42 44
42 46
42 47
42 49
42 51
42 52
42 53
42 54
42 55
42 56
42 91
42 97
42 98
42 99
42 110
42 112
43 43
43 44
43 45
43 46
43 47
43 48
43 49
43 50
43 51
43 66
43 67
43 85
43 94
43 96
43 97
43 98
43 104
43 107
43 110
43 115
44 44
44 45
44 47
44 48
44 49
44 50
44 51
44 54
44 66
44 67
44 98
44 101
44 110
45 45
45 47
45 48
45 49
45 50
45 51
45 64
45 65
45 67
45 85
45 93
45 106
45 110
45 115
46 46
46 47
46 51
46 52
46 53
46 54
46 55
46 76
46 78
46 94
46 96
46 97
46 98
46 99
46 110
46 112
46 114
46 115
47 47
47 49
47 51
47 54
47 55
47 78
47 94
47 96
47 97
47 98
47 99
47 110
47 111
47 112
47 114
47 115
48 48
48 49
48 50
48 51
48 54
48 60
48 65
48 66
48 67
48 93
48 96
48 98
48 101
48 103
48 107
48 110
49 49
49 51
49 61
49 65
49 67
49 100
49 106
50 50
50 51
50 54
50 58
50 65
50 66
50 67
50 86
50 88
50 93
50 94
50 96
50 98
50 103
50 107
50 110
51 51
51 55
51 59
51 65
51 66
51 67
51 96
51 98
51 107
51 110
51 115
52 52
52 53
52 54
52 57
52 58
52 63
52 68
52 78
52 79
52 80
52 81
52 90
52 91
52 99
52 112
53 53
53 54
53 56
53 57
53 68
53 70
53 71
53 73
53 74
53 77
53 79
53 81
53 90
53 91
53 92
53 99
53 112
54 54
54 55
54 70
54 76
54 86
54 88
54 94
54 96
54 98
54 99
54 110
55 55
55 57
55 78
55 94
55 96
55 97
55 98
55 99
55 107
55 110
55 114
55 115
56 56
56 57
56 63
56 68
56 69
56 72
56 73
56 74
56 75
56 78
56 79
56 80
56 81
56 90
56 91
56 92
56 97
56 99
56 112
57 57
57 63
57 68
57 69
57 72
57 73
57 74
57 75
57 76
57 78
57 79
57 80
57 81
57 90
57 91
57 92
57 97
57 99
57 102
57 109
57 112
58 58
58 59
58 60
58 62
58 63
58 66
58 67
58 68
58 86
58 88
58 90
58 96
58 98
58 103
58 107
58 108
58 109
59 59
59 60
59 61
59 62
59 63
59 66
59 67
59 96
59 98
59 102
59 103
59 104
59 106
59 107
60 60
60 61
60 62
60 63
60 66
60 101
60 103
60 108
61 61
61 62
61 63
61 65
61 80
61 81
61 83
61 92
61 100
61 101
61 102
61 106
61 113
62 62
62 63
62 66
62 68
62 72
62 74
62 78
62 79
62 80
62 81
62 102
62 108
63 63
63 72
63 74
63 78
63 79
63 80
63 81
63 90
63 92
63 97
63 100
63 102
63 106
64 64
64 65
64 70
64 84
64 88
64 93
64 101
65 65
65 85
65 92
65 100
65 101
65 106
65 114
66 66
66 67
66 93
66 96
66 98
66 103
66 104
66 107
66 110
67 67
67 85
67 88
67 93
67 94
67 96
67 98
67 103
67 104
67 105
67 107
67 110
68 68
68 69
68 71
68 72
68 74
68 78
68 79
68 80
68 81
68 86
68 90
68 91
68 97
68 99
68 109
69 69
69 72
69 73
69 74
69 75
69 77
69 78
69 79
69 80
69 81
69 84
69 90
69 91
69 97
69 99
69 109
69 112
70 70
70 71
70 73
70 77
70 86
70 90
70 91
70 92
71 71
71 72
71 73
71 74
71 75
71 77
71 80
71 82
71 83
71 87
71 91
71 109
72 72
72 73
72 74
72 75
72 76
72 78
72 79
72 80
72 81
72 83
72 90
72 95
72 97
72 99
72 102
72 109
72 112
73 73
73 74
73 75
73 76
73 77
73 78
73 79
73 80
73 81
73 92
73 102
74 74
74 75
74 76
74 78
74 79
74 80
74 81
74 99
74 109
75 75
75 76
75 77
75 78
75 79
75 80
75 81
75 83
75 92
75 100
75 102
76 76
76 77
76 78
76 79
76 81
76 101
76 114
76 115
77 77
77 83
77 92
77 95
77 100
77 109
77 114
78 78
78 79
78 80
78 81
78 84
78 90
78 91
78 95
78 97
78 99
78 102
78 112
79 79
79 80
79 81
79 90
79 91
79 97
79 99
79 102
79 111
79 112
80 80
80 81
80 83
80 87
80 90
80 92
80 95
80 97
80 99
80 102
80 109
80 112
81 81
81 90
81 91
81 92
81 95
81 99
81 100
81 102
81 112
82 82
82 83
82 84
82 86
82 87
82 88
82 89
82 109
82 114
83 83
83 87
83 92
83 100
84 84
84 85
84 86
84 87
84 88
84 89
84 105
85 85
85 89
85 114
85 115
86 86
86 88
86 89
86 94
86 103
86 105
86 109
86 110
87 87
87 89
88 88
88 89
88 93
88 94
88 105
88 110
89 89
90 90
90 91
90 92
90 99
90 112
91 91
91 92
91 99
91 105
91 112
92 92
92 93
92 99
92 100
92 102
92 112
92 113
93 93
93 95
93 101
93 103
93 105
94 94
94 96
94 97
94 98
94 107
94 108
94 110
95 95
95 97
95 108
95 109
95 112
95 113
96 96
96 97
96 98
96 107
96 110
97 97
97 99
97 107
97 109
97 110
97 112
98 98
98 107
98 110
98 111
99 99
99 107
99 112
100 100
100 101
100 102
100 113
101 101
101 102
101 103
102 102
102 103
102 104
102 113
103 103
103 104
103 105
103 108
103 110
104 104
104 105
104 106
104 107
104 110
105 105
106 106
106 113
107 107
107 110
107 111
108 108
108 113
109 109
109 112
110 110
110 115
111 111
111 112
112 112
113 113
113 115
114 114
114 115
115 115
