0 0
0 1
0 10
0 11
0 18
0 19
0 32
0 33
0 56
0 57
0 58
0 60
0 61
0 64
0 91
0 107
0 111
1 1
1 9
1 18
1 19
1 56
1 57
1 58
1 59
1 60
1 61
1 68
1 69
1 83
1 90
1 91
1 104
2 2
2 3
2 4
2 5
2 6
2 7
2 18
2 22
2 23
2 26
2 50
2 59
2 64
2 66
2 88
2 92
2 93
3 3
3 5
3 9
3 18
3 19
3 21
3 22
3 23
3 24
3 25
3 26
3 27
3 39
3 50
3 51
3 55
3 57
3 64
3 68
3 86
3 87
3 88
3 89
3 110
4 4
4 5
4 6
4 7
4 8
4 9
4 14
4 20
4 26
4 59
4 61
4 64
4 65
4 82
4 88
4 92
4 101
5 5
5 9
5 19
5 21
5 22
5 23
5 25
5 26
5 27
5 39
5 50
5 56
5 57
5 64
5 68
5 69
5 78
5 87
5 110
6 6
6 7
6 8
6 12
6 14
6 18
6 42
6 44
6 45
6 48
6 49
6 52
6 58
6 59
6 60
6 61
6 64
6 65
6 66
6 67
6 82
6 92
6 93
6 100
6 101
6 102
7 7
7 8
7 9
7 14
7 20
7 42
7 44
7 45
7 48
7 49
7 51
7 54
7 59
7 61
7 65
7 66
7 67
7 82
7 88
7 92
8 8
8 9
8 14
8 15
8 20
8 48
8 49
8 58
8 59
8 61
8 65
8 66
8 82
8 86
8 90
8 92
8 93
8 99
8 100
8 101
8 102
8 103
8 104
8 106
8 107
8 108
9 9
9 15
9 21
9 26
9 56
9 57
9 58
9 59
9 61
9 65
9 69
9 83
9 90
9 92
9 101
10 10
10 11
10 12
10 13
10 15
10 16
10 28
10 52
10 58
10 60
10 62
10 72
10 75
10 76
10 80
10 81
10 90
10 91
10 107
11 11
11 12
11 13
11 15
11 28
11 29
11 30
11 45
11 60
11 67
11 79
11 85
11 95
11 98
11 99
11 102
11 104
11 105
11 107
11 108
11 112
11 113
11 115
12 12
12 13
12 14
12 15
12 24
12 36
12 52
12 62
12 63
12 76
12 80
12 81
12 84
12 85
13 13
13 15
13 30
13 40
13 52
13 60
13 74
13 76
13 78
13 80
13 81
13 85
13 90
14 14
14 15
14 20
14 40
14 48
14 49
14 59
14 61
14 64
14 65
14 82
14 86
14 88
14 90
14 92
14 93
14 94
14 98
14 99
14 100
14 102
14 103
14 104
14 106
14 107
14 108
15 15
15 35
15 36
15 37
15 40
15 52
15 59
15 61
15 83
15 90
15 92
15 93
15 98
15 99
15 100
15 102
15 104
15 106
15 107
15 108
15 112
16 16
16 17
16 22
16 24
16 25
16 27
16 28
16 29
16 30
16 34
16 37
16 41
16 47
16 56
16 57
16 62
16 63
16 70
16 71
16 72
16 73
16 74
16 75
16 76
16 77
16 78
16 79
16 80
16 81
16 84
16 85
16 109
16 110
17 17
17 25
17 28
17 29
17 34
17 37
17 39
17 41
17 43
17 47
17 53
17 55
17 63
17 70
17 71
17 72
17 73
17 74
17 76
17 77
17 78
17 79
17 80
17 81
17 84
17 87
17 109
18 18
18 19
18 32
18 33
18 64
18 68
19 19
19 23
19 32
19 33
19 64
19 68
19 69
19 87
19 91
20 20
20 21
20 23
20 24
20 25
20 26
20 27
20 31
20 38
20 42
20 46
20 54
20 73
20 82
20 86
20 88
20 109
20 111
21 21
21 22
21 23
21 24
21 25
21 26
21 27
21 50
21 56
21 57
21 68
21 70
21 71
21 75
21 84
21 90
22 22
22 23
22 24
22 25
22 26
22 27
22 31
22 34
22 50
22 53
22 64
22 75
22 84
22 86
22 87
22 88
22 110
23 23
23 24
23 25
23 26
23 27
23 31
23 34
23 39
23 47
23 50
23 54
23 55
23 64
23 84
23 86
23 87
23 88
23 110
24 24
24 25
24 26
24 27
24 31
24 34
24 50
24 63
24 70
24 73
24 75
24 78
24 80
24 81
24 84
24 85
24 86
24 87
24 110
25 25
25 26
25 27
25 31
25 34
25 39
25 41
25 47
25 50
25 55
25 56
25 57
25 70
25 73
25 75
25 77
25 78
25 84
25 85
25 86
25 87
25 88
25 89
25 110
26 26
26 27
26 50
26 54
26 64
26 87
26 88
26 89
27 27
27 34
27 39
27 47
27 50
27 56
27 57
27 63
27 70
27 77
27 78
27 84
27 85
27 86
27 87
27 88
27 89
27 110
28 28
28 29
28 30
28 31
28 36
28 40
28 53
28 70
28 72
28 74
28 76
28 78
28 81
28 82
28 83
28 98
28 99
28 100
28 102
28 104
28 105
28 106
28 111
28 112
28 114
28 115
29 29
29 30
29 31
29 36
29 37
29 39
29 41
29 43
29 44
29 46
29 47
29 53
29 55
29 71
29 72
29 73
29 74
29 76
29 77
29 78
29 79
29 81
29 83
29 95
29 96
29 97
29 98
29 99
29 106
29 108
29 109
29 110
29 112
30 30
30 31
30 70
30 72
30 73
30 74
30 76
30 78
30 80
30 81
30 82
30 83
30 95
30 97
30 98
30 99
30 102
30 104
30 105
30 106
30 107
30 115
31 31
31 33
31 41
31 50
31 54
31 55
31 70
31 71
31 73
31 75
31 81
31 82
31 86
31 87
31 88
32 32
32 33
32 34
32 105
32 114
32 115
33 33
33 105
33 114
33 115
34 34
34 35
34 36
34 37
34 43
34 46
34 47
34 50
34 53
34 76
34 77
34 79
34 84
34 85
34 93
34 110
35 35
35 37
35 43
35 47
35 66
35 67
35 77
35 79
35 93
35 100
35 107
35 109
35 110
36 36
36 37
36 38
36 39
36 40
36 41
36 52
36 63
36 70
36 71
36 72
36 74
36 76
36 77
36 80
36 81
36 84
36 90
36 91
36 94
36 96
36 98
36 104
36 105
37 37
37 39
37 40
37 41
37 43
37 46
37 47
37 55
37 57
37 72
37 73
37 74
37 76
37 77
37 79
37 81
37 95
37 96
37 97
37 98
37 108
37 109
37 110
37 111
38 38
38 39
38 40
38 41
38 46
38 51
38 54
38 55
38 70
38 71
38 88
38 94
38 96
38 105
39 39
39 40
39 41
39 43
39 47
39 55
39 57
39 71
39 73
39 74
39 77
39 78
39 83
39 87
39 95
39 96
39 109
39 110
40 40
40 41
40 55
40 70
40 71
40 78
40 80
40 81
40 82
40 85
40 90
40 94
40 95
40 96
40 97
40 98
40 99
40 105
40 106
40 111
40 112
41 41
41 55
41 57
41 63
41 70
41 71
41 73
41 74
41 75
41 77
41 78
41 80
41 81
41 83
41 87
41 95
41 114
42 42
42 43
42 44
42 45
42 46
42 47
42 49
42 51
42 54
42 55
42 79
42 96
42 98
42 99
42 100
42 111
42 112
43 43
43 44
43 45
43 46
43 47
43 49
43 51
43 53
43 55
43 77
43 79
43 96
43 98
43 110
43 112
44 44
44 45
44 46
44 47
44 48
44 49
44 51
44 55
44 61
44 67
44 82
44 94
44 96
44 97
44 98
44 99
44 100
44 101
44 102
44 103
44 108
44 113
45 45
45 46
45 48
45 49
45 51
45 55
45 61
45 65
45 67
45 96
45 98
45 99
45 102
45 103
45 113
46 46
46 47
46 49
46 51
46 54
46 55
46 79
46 94
46 96
46 97
46 98
46 99
46 109
46 111
46 112
46 113
47 47
47 51
47 55
47 77
47 79
47 85
47 87
47 95
47 96
47 109
47 110
48 48
48 49
48 51
48 52
48 58
48 59
48 60
48 61
48 65
48 66
48 67
48 90
48 92
48 93
48 98
48 100
48 101
48 102
48 103
48 104
48 107
48 108
49 49
49 51
49 59
49 61
49 65
49 82
49 92
49 93
49 96
49 98
49 99
49 100
49 101
49 102
49 103
49 104
49 106
49 107
49 113
50 50
50 64
50 84
50 86
50 87
50 88
50 89
50 110
51 51
51 53
51 54
51 55
51 88
51 92
51 93
52 52
52 53
52 58
52 60
52 61
52 62
52 63
52 66
52 90
52 91
52 102
52 113
53 53
53 62
53 63
53 78
53 79
53 86
53 93
53 100
53 102
53 103
54 54
54 55
54 71
54 86
54 88
54 89
54 96
54 97
54 105
54 114
55 55
55 71
55 73
55 77
55 79
55 85
55 87
55 88
55 89
55 95
55 96
55 97
55 98
55 109
55 112
55 114
56 56
56 57
56 70
56 78
57 57
57 63
57 68
57 70
57 78
57 83
57 87
58 58
58 59
58 60
58 61
58 62
58 65
58 66
58 67
58 69
58 90
58 101
58 102
58 103
58 104
58 107
59 59
59 60
59 61
59 65
59 66
59 67
59 69
59 83
59 90
59 91
59 92
59 93
59 100
59 101
59 102
59 103
59 104
59 107
60 60
60 61
60 62
60 63
60 66
60 67
60 90
60 103
60 104
60 107
60 108
60 113
61 61
61 62
61 65
61 66
61 67
61 82
61 83
61 90
61 91
61 92
61 93
61 98
61 100
61 101
61 102
61 103
61 104
61 107
61 108
62 62
62 63
62 72
62 80
62 81
62 84
62 91
63 63
63 70
63 72
63 74
63 77
63 78
63 80
63 81
63 84
63 91
64 64
64 65
64 66
64 82
64 86
64 88
65 65
65 66
65 67
65 82
65 83
65 90
65 107
66 66
66 67
66 68
66 69
66 90
66 93
66 103
66 104
67 67
67 69
67 90
67 93
67 103
67 104
67 107
68 68
68 69
68 77
68 89
68 94
69 69
69 89
69 90
69 94
69 104
70 70
70 71
70 72
70 73
70 74
70 75
70 76
70 77
70 78
70 80
70 81
70 83
70 84
70 91
71 71
71 73
71 74
71 75
71 76
71 77
71 80
71 81
71 83
71 84
71 85
71 96
71 105
71 112
72 72
72 74
72 76
72 78
72 79
72 80
72 81
72 83
72 84
72 95
72 98
72 99
72 107
73 73
73 74
73 75
73 76
73 77
73 78
73 79
73 80
73 81
73 84
73 85
73 97
74 74
74 75
74 76
74 77
74 78
74 79
74 80
74 81
74 85
74 95
74 96
74 97
74 109
74 110
74 115
75 75
75 76
75 77
75 78
75 80
75 81
75 84
75 85
75 91
76 76
76 77
76 78
76 79
76 80
76 81
76 84
76 85
76 95
76 105
76 114
76 115
77 77
77 79
77 81
77 84
77 85
77 87
77 96
77 109
77 110
78 78
78 79
78 80
78 81
78 84
78 85
78 95
78 115
79 79
79 81
79 85
79 95
79 96
79 97
79 99
79 109
79 110
79 113
80 80
80 81
80 84
80 85
80 90
80 91
81 81
81 84
81 85
81 91
82 82
82 94
82 100
82 102
82 103
82 106
82 108
82 115
83 83
83 104
83 106
83 107
84 84
84 85
84 87
84 91
85 85
85 89
85 99
85 112
85 113
86 86
86 87
86 88
86 89
86 100
86 110
87 87
87 88
87 89
87 110
88 88
88 89
88 92
89 89
89 114
90 90
90 91
90 93
90 94
90 100
90 101
90 102
90 103
90 104
90 107
91 91
92 92
92 93
92 100
92 102
92 112
93 93
93 100
93 101
93 102
93 103
93 104
93 112
93 113
94 94
94 95
94 96
94 97
94 98
94 99
94 102
94 103
94 104
94 105
94 106
94 107
94 108
94 111
94 112
94 113
94 114
94 115
95 95
95 96
95 97
95 98
95 99
95 108
95 109
95 110
95 111
95 112
95 113
95 114
95 115
96 96
96 97
96 98
96 99
96 105
96 106
96 108
96 109
96 110
96 111
96 112
96 113
97 97
97 98
97 99
97 105
97 106
97 108
97 109
97 110
97 111
97 112
97 113
97 114
97 115
98 98
98 99
98 100
98 102
98 103
98 104
98 105
98 106
98 107
98 108
98 111
98 112
98 113
98 115
99 99
99 100
99 102
99 103
99 104
99 105
99 106
99 107
99 108
99 111
99 112
99 113
99 114
99 115
100 100
100 101
100 102
100 103
100 104
100 107
100 112
101 101
101 102
101 103
101 107
102 102
102 103
102 104
102 106
102 107
102 108
102 113
103 103
103 104
103 106
103 107
103 108
103 111
104 104
104 105
104 106
104 107
104 108
104 113
104 115
105 105
105 106
105 111
105 112
105 113
105 114
105 115
106 106
106 107
106 108
106 114
106 115
107 107
107 108
108 108
108 109
108 111
108 112
108 113
108 114
108 115
109 109
109 110
109 111
110 110
110 111
111 111
111 112
111 113
111 115
112 112
112 113
112 114
113 113
113 114
113 115
114 114
114 115
115 115
