0 0
0 1
0 6
0 16
0 18
0 19
0 28
0 56
0 57
0 58
0 60
0 61
0 62
0 63
0 64
0 68
0 72
0 76
0 77
0 78
0 87
0 113
1 1
1 10
1 11
1 15
1 16
1 17
1 19
1 28
1 29
1 37
1 40
1 56
1 57
1 58
1 60
1 61
1 62
1 63
1 65
1 72
1 73
1 74
1 79
1 113
1 114
2 2
2 3
2 4
2 6
2 7
2 14
2 18
2 22
2 23
2 24
2 34
2 35
2 45
2 50
2 64
2 66
2 67
2 69
2 84
2 86
2 88
2 91
2 93
2 106
3 3
3 7
3 18
3 19
3 22
3 23
3 24
3 25
3 34
3 54
3 58
3 59
3 64
3 66
3 67
3 68
3 69
3 83
3 84
3 85
3 87
3 88
3 89
3 92
3 95
3 102
3 103
3 105
4 4
4 5
4 6
4 8
4 9
4 12
4 13
4 14
4 20
4 26
4 27
4 30
4 33
4 35
4 60
4 62
4 70
4 71
4 72
4 88
4 90
4 91
4 93
4 100
5 5
5 8
5 9
5 14
5 20
5 21
5 23
5 24
5 25
5 26
5 27
5 34
5 35
5 50
5 67
5 88
5 89
5 92
5 93
5 114
6 6
6 7
6 12
6 13
6 18
6 22
6 30
6 31
6 33
6 45
6 64
6 66
6 67
6 69
6 82
6 86
6 95
6 102
6 103
6 104
6 106
6 107
7 7
7 9
7 13
7 15
7 18
7 30
7 31
7 35
7 45
7 59
7 64
7 65
7 66
7 67
7 69
7 88
7 90
7 91
7 92
7 93
7 95
7 100
7 101
7 102
7 103
7 104
7 105
7 106
7 107
8 8
8 9
8 14
8 27
8 32
8 33
8 50
8 60
8 70
8 71
8 73
8 76
8 88
8 89
8 93
8 114
9 9
9 35
9 45
9 61
9 65
9 67
9 70
9 71
9 73
9 74
9 76
9 88
9 90
9 91
9 92
9 93
9 100
9 102
9 105
9 114
9 115
10 10
10 11
10 12
10 13
10 14
10 15
10 38
10 42
10 43
10 44
10 47
10 48
10 49
10 51
10 54
10 55
10 82
10 84
10 85
10 86
10 96
10 100
10 113
11 11
11 13
11 15
11 27
11 43
11 45
11 49
11 55
11 65
11 85
11 100
11 113
11 114
12 12
12 13
12 14
12 15
12 16
12 17
12 26
12 28
12 29
12 30
12 33
12 58
12 60
12 62
12 63
12 64
12 72
12 82
12 86
12 100
13 13
13 14
13 15
13 28
13 29
13 38
13 55
13 61
13 71
13 72
13 75
14 14
14 15
14 16
14 22
14 26
14 27
14 28
14 60
14 64
14 82
14 83
14 84
14 85
14 86
14 88
14 89
15 15
15 27
15 28
15 45
15 61
15 64
15 65
15 82
15 84
15 85
15 86
15 100
15 113
15 114
15 115
16 16
16 17
16 28
16 29
16 30
16 32
16 33
16 36
16 57
16 58
16 60
16 62
16 63
16 68
16 72
16 75
16 76
16 77
16 78
16 79
16 80
16 81
16 82
16 83
16 86
17 17
17 28
17 29
17 30
17 32
17 33
17 36
17 57
17 60
17 62
17 63
17 70
17 72
17 73
17 74
17 75
17 76
17 77
17 78
17 79
17 80
17 81
17 83
18 18
18 19
18 22
18 30
18 31
18 45
18 64
18 67
18 82
18 84
18 93
18 95
18 102
18 106
18 107
19 19
19 32
19 33
19 56
19 57
19 66
19 68
19 69
19 70
19 73
19 76
19 77
19 78
19 79
19 83
19 90
19 91
19 92
19 95
19 101
19 102
19 103
19 105
19 111
19 114
20 20
20 21
20 22
20 23
20 24
20 25
20 26
20 27
20 30
20 31
20 34
20 37
20 38
20 39
20 40
20 41
20 50
20 59
20 86
20 88
20 94
20 110
21 21
21 23
21 24
21 25
21 26
21 27
21 31
21 34
21 36
21 37
21 38
21 39
21 40
21 41
21 50
21 54
21 85
21 86
21 89
21 94
21 111
22 22
22 23
22 24
22 25
22 26
22 27
22 30
22 34
22 35
22 45
22 50
22 64
22 67
22 69
22 84
22 86
22 88
22 93
22 110
23 23
23 24
23 25
23 26
23 27
23 34
23 35
23 37
23 41
23 50
23 66
23 67
23 68
23 69
23 87
23 90
23 92
23 93
23 103
23 110
24 24
24 25
24 26
24 27
24 34
24 35
24 37
24 38
24 50
24 59
24 66
24 67
24 84
24 85
24 88
24 89
24 92
24 93
24 110
24 114
25 25
25 26
25 27
25 31
25 34
25 35
25 37
25 38
25 39
25 41
25 50
25 65
25 67
25 85
25 88
25 89
25 110
26 26
26 27
26 34
26 35
26 38
26 39
26 50
26 52
26 59
26 85
26 86
26 88
27 27
27 34
27 35
27 37
27 38
27 41
27 50
27 65
27 85
27 88
27 89
27 92
27 110
27 114
28 28
28 29
28 30
28 31
28 32
28 33
28 36
28 60
28 62
28 63
28 64
28 72
28 75
28 76
28 77
28 78
28 79
28 80
28 81
28 82
28 83
28 86
28 113
29 29
29 30
29 32
29 33
29 36
29 40
29 41
29 55
29 57
29 62
29 63
29 70
29 71
29 72
29 73
29 74
29 75
29 76
29 77
29 78
29 79
29 80
29 81
29 96
30 30
30 31
30 32
30 33
30 64
30 71
30 72
30 76
30 77
30 78
30 82
31 31
31 32
31 33
31 38
31 39
31 40
31 64
31 66
31 71
31 72
31 75
31 82
31 86
32 32
32 33
32 36
32 62
32 66
32 68
32 71
32 72
32 73
32 75
32 76
32 77
32 78
32 79
32 80
32 81
33 33
33 62
33 66
33 68
33 70
33 71
33 72
33 75
33 76
33 77
33 78
33 79
33 80
34 34
34 35
34 45
34 50
34 59
34 66
34 67
34 69
34 84
34 88
34 90
34 92
34 103
34 106
34 110
35 35
35 45
35 59
35 65
35 66
35 67
35 68
35 69
35 90
35 91
35 92
35 97
35 101
35 105
35 106
35 110
35 114
36 36
36 37
36 38
36 40
36 41
36 54
36 55
36 56
36 63
36 72
36 73
36 74
36 75
36 76
36 78
36 79
36 80
36 81
36 85
36 113
36 115
37 37
37 38
37 39
37 40
37 41
37 46
37 54
37 55
37 63
37 73
37 74
37 75
37 79
37 81
37 89
37 94
37 98
37 111
37 112
37 113
38 38
38 39
38 40
38 41
38 43
38 46
38 54
38 55
38 75
38 85
38 86
38 89
38 96
39 39
39 40
39 41
39 42
39 43
39 46
39 47
39 55
39 86
39 95
39 96
39 97
39 101
39 104
39 105
39 107
39 110
40 40
40 41
40 56
40 72
40 73
40 74
40 75
40 84
40 111
40 113
40 115
41 41
41 46
41 54
41 55
41 73
41 74
41 75
41 81
41 96
41 98
41 111
41 114
41 115
42 42
42 43
42 44
42 45
42 46
42 47
42 48
42 49
42 50
42 51
42 53
42 54
42 55
42 56
42 57
42 86
42 96
42 98
42 99
42 109
43 43
43 44
43 45
43 46
43 47
43 48
43 49
43 50
43 51
43 53
43 54
43 55
43 57
43 86
43 96
43 98
43 99
43 109
43 111
44 44
44 45
44 46
44 47
44 48
44 49
44 50
44 51
44 53
44 55
44 96
44 98
44 109
44 112
45 45
45 47
45 48
45 49
45 50
45 51
45 65
45 67
45 90
45 96
45 98
45 105
45 106
45 110
46 46
46 47
46 48
46 49
46 51
46 53
46 54
46 55
46 56
46 57
46 78
46 79
46 81
46 86
46 87
46 96
46 98
46 99
46 108
46 109
46 111
47 47
47 48
47 49
47 50
47 51
47 53
47 55
47 86
47 96
47 98
47 99
47 109
47 110
47 111
48 48
48 49
48 50
48 51
48 52
48 53
48 54
48 55
48 61
48 90
48 98
48 99
49 49
49 50
49 51
49 53
49 54
49 55
49 96
49 98
49 99
49 109
50 50
50 51
50 52
50 53
50 59
50 65
50 67
50 88
50 98
51 51
51 52
51 53
51 54
51 55
51 59
51 61
51 65
51 67
51 90
51 91
51 93
51 98
51 99
51 100
51 111
52 52
52 53
52 57
52 58
52 59
52 61
52 62
52 63
52 70
52 90
52 91
52 92
52 93
52 98
52 99
52 100
52 108
53 53
53 54
53 55
53 56
53 57
53 90
53 91
53 93
53 96
53 98
53 99
53 100
53 108
53 109
54 54
54 55
54 79
54 81
54 85
54 87
54 96
54 98
54 108
54 109
54 113
55 55
55 75
55 79
55 86
55 96
55 98
55 99
55 109
55 112
56 56
56 57
56 68
56 73
56 74
56 76
56 78
56 79
56 80
56 87
56 98
56 99
56 115
57 57
57 63
57 68
57 76
57 78
57 79
57 80
57 81
57 83
57 87
57 94
57 95
57 98
57 99
57 109
57 111
57 112
58 58
58 59
58 60
58 61
58 62
58 63
58 66
58 68
58 76
58 83
58 87
58 89
58 95
58 103
59 59
59 60
59 61
59 65
59 66
59 67
59 88
59 89
59 90
59 91
59 92
59 102
59 103
59 106
60 60
60 61
60 62
60 63
60 64
60 72
60 79
60 80
60 83
60 89
60 113
61 61
61 62
61 63
61 65
61 88
61 89
61 90
61 91
61 93
61 101
61 103
61 112
61 115
62 62
62 63
62 72
62 75
62 76
62 77
62 79
62 80
62 81
62 83
62 89
63 63
63 72
63 73
63 74
63 75
63 79
63 80
63 81
63 112
63 113
64 64
64 66
64 69
64 82
64 84
64 86
64 88
64 89
65 65
65 67
65 84
65 85
65 88
65 93
65 103
65 105
65 113
65 114
65 115
66 66
66 67
66 68
66 69
66 77
66 97
66 102
66 103
67 67
67 69
67 88
67 90
67 91
67 92
67 93
67 102
67 103
67 104
67 105
67 106
67 110
68 68
68 69
68 70
68 76
68 77
68 78
68 80
68 81
68 83
68 87
68 92
68 95
68 97
68 106
69 69
69 90
69 91
69 92
69 95
69 97
69 99
69 101
69 102
69 103
69 104
69 105
69 106
69 107
69 108
69 110
70 70
70 71
70 72
70 73
70 74
70 75
70 76
70 77
70 80
70 88
70 90
70 91
70 92
70 93
70 102
70 111
71 71
71 73
71 75
71 76
71 77
71 102
71 111
72 72
72 73
72 74
72 75
72 76
72 77
72 78
72 79
72 80
72 81
72 82
72 113
72 115
73 73
73 74
73 75
73 76
73 77
73 79
73 111
73 115
74 74
74 75
74 76
74 81
74 111
74 113
74 115
75 75
75 76
75 77
75 78
75 79
75 80
75 81
75 111
76 76
76 77
76 78
76 79
76 80
76 81
76 94
76 102
77 77
77 78
77 79
77 80
77 81
77 83
77 95
77 97
77 111
78 78
78 79
78 80
78 81
78 82
78 83
78 95
79 79
79 80
79 81
79 83
79 98
79 111
79 112
80 80
80 81
80 83
80 95
81 81
81 82
81 83
81 95
81 96
81 109
82 82
82 83
82 84
82 85
82 86
82 109
82 113
83 83
83 84
83 85
83 86
83 87
83 89
83 95
83 97
84 84
84 85
84 86
84 88
84 89
84 113
84 115
85 85
85 86
85 87
85 88
85 89
85 113
86 86
86 87
86 95
86 104
86 109
87 87
87 94
87 95
87 108
87 109
88 88
88 89
88 91
88 92
88 93
89 89
90 90
90 91
90 92
90 93
90 98
90 99
90 100
90 102
90 103
90 105
90 106
90 108
90 110
90 112
91 91
91 92
91 93
91 94
91 99
91 100
91 102
91 103
91 105
91 106
91 108
91 110
91 112
92 92
92 93
92 100
92 102
92 103
92 105
92 110
92 111
92 112
92 114
93 93
93 100
93 102
93 105
93 106
93 108
93 112
93 114
94 94
94 95
94 97
94 109
94 110
94 112
95 95
95 97
95 101
95 102
95 104
95 105
95 106
95 107
95 108
95 109
95 110
96 96
96 97
96 98
96 99
96 109
96 111
97 97
97 99
97 101
97 104
97 105
97 106
97 107
97 108
97 109
97 110
98 98
98 99
98 111
98 112
99 99
99 101
99 104
99 106
99 107
99 108
99 110
99 111
99 112
100 100
100 102
100 104
101 101
101 103
101 104
101 105
101 106
101 107
101 110
101 115
102 102
102 103
102 104
102 105
102 106
102 107
102 108
103 103
103 104
103 105
103 106
103 107
103 108
103 110
103 111
104 104
104 105
104 106
104 107
105 105
105 106
105 107
105 110
105 114
105 115
106 106
106 107
106 108
106 110
107 107
107 108
108 108
108 109
108 112
109 109
109 110
110 110
110 111
111 111
111 112
112 112
113 113
113 115
114 114
114 115
115 115
