0 0
0 1
0 10
0 12
0 16
0 17
0 18
0 19
0 28
0 56
0 57
0 60
0 62
0 63
0 80
0 81
0 83
0 91
0 98
0 99
0 106
0 111
1 1
1 3
1 10
1 11
1 13
1 16
1 17
1 19
1 46
1 47
1 48
1 49
1 51
1 52
1 53
1 55
1 56
1 57
1 61
1 62
1 63
1 68
1 80
1 81
1 90
1 98
1 99
1 111
2 2
2 4
2 6
2 8
2 10
2 11
2 12
2 13
2 14
2 18
2 22
2 23
2 26
2 30
2 34
2 58
2 60
2 64
2 88
2 90
2 91
2 93
2 101
2 105
3 3
3 4
3 5
3 7
3 8
3 9
3 15
3 23
3 61
3 65
3 89
3 92
3 94
3 100
3 109
3 112
4 4
4 5
4 6
4 7
4 8
4 9
4 12
4 13
4 18
4 26
4 61
4 64
4 88
4 90
4 91
4 92
4 93
4 95
4 111
4 112
5 5
5 9
5 20
5 22
5 23
5 24
5 25
5 26
5 27
5 44
5 45
5 46
5 53
5 90
5 92
5 93
5 94
5 97
5 99
5 103
5 104
5 105
5 108
5 111
5 112
5 113
5 114
5 115
6 6
6 8
6 10
6 11
6 12
6 13
6 14
6 15
6 18
6 22
6 28
6 33
6 58
6 60
6 64
6 88
6 90
6 91
6 93
6 95
7 7
7 9
7 11
7 13
7 29
7 33
7 39
7 59
7 61
7 65
7 67
7 75
7 77
7 89
7 90
7 92
7 95
7 100
7 104
7 105
7 108
7 109
7 112
7 114
7 115
8 8
8 9
8 12
8 14
8 15
8 22
8 26
8 27
8 42
8 43
8 64
8 82
8 84
8 88
8 109
9 9
9 15
9 29
9 42
9 43
9 61
9 73
9 75
9 109
10 10
10 11
10 12
10 13
10 14
10 17
10 18
10 19
10 28
10 32
10 50
10 58
10 60
10 68
10 83
11 11
11 12
11 13
11 15
11 18
11 19
11 28
11 29
11 32
11 33
11 50
11 54
11 58
11 60
11 61
11 83
11 89
11 95
11 115
12 12
12 13
12 14
12 18
12 19
12 28
12 32
12 58
12 60
12 64
12 83
12 91
13 13
13 15
13 17
13 18
13 19
13 28
13 29
13 32
13 33
13 50
13 52
13 58
13 60
13 61
13 62
13 63
13 83
13 91
13 92
13 100
13 109
13 115
14 14
14 15
14 18
14 20
14 22
14 23
14 27
14 28
14 30
14 42
14 64
14 82
14 83
14 84
14 88
15 15
15 29
15 42
15 43
15 88
15 109
16 16
16 17
16 28
16 29
16 36
16 37
16 41
16 52
16 55
16 56
16 57
16 58
16 59
16 60
16 61
16 62
16 63
16 72
16 73
16 74
16 75
16 76
16 78
16 79
16 80
16 81
16 98
16 99
17 17
17 18
17 19
17 28
17 29
17 38
17 52
17 53
17 60
17 62
17 63
17 72
17 73
17 76
17 80
17 81
17 83
17 91
17 95
17 99
17 102
17 111
17 115
18 18
18 19
18 22
18 28
18 32
18 64
18 83
18 91
18 93
18 111
19 19
19 28
19 62
19 63
19 69
19 83
19 90
19 91
19 98
19 99
19 111
19 115
20 20
20 21
20 22
20 23
20 24
20 25
20 26
20 27
20 30
20 31
20 34
20 35
20 40
20 44
20 45
20 64
20 66
20 67
20 82
20 83
20 84
20 88
20 93
20 103
20 110
21 21
21 22
21 23
21 24
21 25
21 27
21 30
21 31
21 34
21 35
21 40
21 43
21 44
21 45
21 65
21 67
21 71
21 82
21 84
21 86
21 88
21 94
21 110
22 22
22 23
22 24
22 25
22 26
22 27
22 30
22 31
22 34
22 35
22 40
22 44
22 45
22 64
22 82
22 84
22 86
22 88
22 93
22 94
22 110
23 23
23 24
23 25
23 26
23 27
23 30
23 31
23 34
23 35
23 40
23 45
23 64
23 67
23 82
23 84
23 86
23 88
23 93
23 94
23 110
23 112
24 24
24 25
24 26
24 27
24 30
24 31
24 34
24 35
24 38
24 39
24 42
24 43
24 44
24 45
24 67
24 82
24 84
24 86
24 88
24 93
24 94
24 96
24 103
24 104
24 105
24 108
24 110
25 25
25 26
25 27
25 30
25 31
25 34
25 35
25 40
25 42
25 43
25 44
25 45
25 64
25 65
25 67
25 82
25 84
25 86
25 87
25 88
25 94
25 96
25 103
25 110
26 26
26 27
26 34
26 53
26 64
26 82
26 84
26 88
26 91
26 92
26 93
26 94
26 97
26 103
26 104
26 107
26 111
26 112
26 113
26 114
27 27
27 30
27 34
27 35
27 44
27 45
27 64
27 67
27 82
27 84
27 86
27 87
27 88
27 94
27 103
27 110
28 28
28 29
28 32
28 33
28 41
28 58
28 60
28 62
28 63
28 72
28 73
28 74
28 75
28 76
28 78
28 79
28 81
28 83
29 29
29 31
29 32
29 33
29 37
29 41
29 60
29 61
29 62
29 63
29 70
29 71
29 72
29 73
29 74
29 75
29 76
29 77
29 83
29 95
29 109
29 115
30 30
30 31
30 33
30 34
30 35
30 40
30 45
30 64
30 67
30 82
30 84
30 86
30 88
30 110
31 31
31 33
31 34
31 35
31 40
31 41
31 64
31 67
31 70
31 71
31 72
31 73
31 74
31 75
31 77
31 83
31 93
31 105
31 110
31 115
32 32
32 33
32 50
32 54
32 58
32 59
32 60
32 61
32 63
32 66
32 68
32 78
32 85
32 89
33 33
33 35
33 60
33 61
33 71
33 72
33 73
33 74
33 75
33 76
33 77
33 83
33 109
34 34
34 35
34 38
34 39
34 40
34 43
34 45
34 64
34 65
34 67
34 71
34 77
34 82
34 84
34 86
34 88
34 94
34 103
34 110
35 35
35 40
35 45
35 65
35 67
35 70
35 71
35 73
35 75
35 77
35 93
35 102
35 103
35 104
35 105
35 110
35 112
35 114
36 36
36 37
36 38
36 40
36 41
36 55
36 56
36 57
36 65
36 71
36 72
36 73
36 74
36 76
36 78
36 79
36 80
36 81
36 84
36 85
36 87
36 94
36 95
36 96
36 97
36 110
37 37
37 40
37 41
37 43
37 54
37 55
37 65
37 71
37 72
37 73
37 74
37 75
37 76
37 77
37 80
37 89
37 95
37 109
38 38
38 39
38 71
38 77
38 80
38 86
38 94
38 95
38 96
38 97
38 103
38 105
38 108
38 110
38 111
39 39
39 42
39 43
39 54
39 65
39 67
39 71
39 75
39 77
39 94
39 96
39 104
39 105
39 108
39 110
40 40
40 41
40 70
40 71
40 73
40 77
40 82
40 83
40 85
40 94
40 95
40 110
40 112
41 41
41 62
41 63
41 70
41 71
41 72
41 73
41 74
41 75
41 76
41 77
41 83
41 95
42 42
42 43
42 44
42 45
42 46
42 47
42 49
42 51
42 53
42 55
42 56
42 57
42 82
42 84
42 87
42 94
42 96
42 97
42 98
42 110
43 43
43 44
43 45
43 46
43 47
43 49
43 51
43 55
43 65
43 82
43 84
43 86
43 88
43 94
43 96
43 110
44 44
44 45
44 46
44 47
44 48
44 49
44 51
44 53
44 55
44 56
44 57
44 82
44 84
44 87
44 94
44 96
44 98
44 110
45 45
45 46
45 47
45 49
45 51
45 55
45 56
45 65
45 67
45 82
45 84
45 86
45 88
45 94
45 96
45 98
45 110
46 46
46 47
46 48
46 49
46 51
46 53
46 55
46 56
46 57
46 80
46 81
46 94
46 96
46 98
46 99
46 111
46 112
47 47
47 48
47 49
47 51
47 53
47 55
47 56
47 57
47 80
47 81
47 82
47 84
47 94
47 96
47 97
47 98
47 99
47 111
47 112
48 48
48 49
48 50
48 51
48 52
48 53
48 55
48 58
48 59
48 66
48 68
48 69
48 89
48 98
48 107
49 49
49 51
49 53
49 55
49 56
49 57
49 84
49 96
49 98
49 99
50 50
50 51
50 52
50 53
50 54
50 58
50 60
50 63
50 66
50 68
50 69
50 85
50 89
50 100
50 106
51 51
51 52
51 53
51 55
51 56
51 57
51 68
51 69
51 85
51 89
51 96
51 98
51 107
52 52
52 53
52 54
52 58
52 59
52 60
52 62
52 63
52 66
52 68
52 69
52 85
52 89
52 90
52 92
52 98
52 100
52 101
52 102
52 106
52 107
53 53
53 55
53 56
53 57
53 62
53 80
53 81
53 87
53 98
53 100
54 54
54 55
54 59
54 65
54 66
54 67
54 68
54 72
54 76
54 85
54 89
54 94
54 96
54 97
55 55
55 56
55 57
55 68
55 80
55 81
55 84
55 85
55 87
55 94
55 96
55 97
55 98
56 56
56 57
56 68
56 79
56 80
56 81
56 85
56 87
56 96
56 97
56 98
56 99
57 57
57 62
57 63
57 68
57 79
57 80
57 81
57 84
57 85
57 87
57 96
57 98
57 99
58 58
58 59
58 60
58 61
58 62
58 63
58 66
58 69
58 78
58 89
58 100
58 101
58 106
58 107
59 59
59 60
59 61
59 62
59 63
59 65
59 66
59 67
59 78
59 80
59 89
59 90
59 92
59 100
59 102
59 106
59 107
59 109
60 60
60 61
60 62
60 63
60 66
60 72
60 73
60 74
60 76
60 91
60 95
60 106
61 61
61 62
61 63
61 72
61 73
61 74
61 75
61 89
61 92
61 100
61 109
62 62
62 63
62 72
62 73
62 80
62 81
62 83
62 90
62 91
62 98
62 99
62 100
62 102
62 111
62 115
63 63
63 72
63 73
63 74
63 78
63 80
63 81
63 83
63 98
63 99
63 100
64 64
64 82
64 84
64 86
64 88
64 93
65 65
65 67
65 71
65 77
65 85
65 89
65 94
65 96
65 97
65 109
65 110
66 66
66 67
66 68
66 69
66 78
66 85
66 101
66 103
67 67
67 71
67 77
67 102
67 103
67 104
67 105
67 110
67 114
68 68
68 69
68 84
68 85
68 89
68 96
68 97
69 69
69 85
69 89
69 101
70 70
70 71
70 72
70 73
70 74
70 75
70 76
70 77
70 82
70 91
70 93
70 101
70 106
71 71
71 72
71 73
71 74
71 75
71 76
71 77
71 82
71 93
71 101
71 103
71 104
71 106
71 109
71 110
72 72
72 73
72 74
72 75
72 76
72 77
72 78
72 79
72 80
72 95
72 100
72 106
73 73
73 74
73 75
73 76
73 77
73 78
73 79
73 80
73 95
73 106
74 74
74 75
74 76
74 77
74 78
74 79
74 95
75 75
75 76
75 77
75 78
75 95
75 105
75 109
75 115
76 76
76 77
76 78
76 79
76 86
76 95
76 99
77 77
77 93
77 94
77 95
77 102
77 103
77 104
77 105
77 109
77 110
77 113
77 114
77 115
78 78
78 79
78 80
78 81
78 85
78 87
79 79
79 80
79 81
79 82
79 84
79 85
79 87
79 96
80 80
80 81
80 87
80 96
80 98
80 99
81 81
81 87
81 98
81 99
81 111
82 82
82 84
82 86
82 87
82 101
83 83
83 91
83 93
83 111
83 115
84 84
84 85
84 86
84 87
84 88
85 85
85 87
85 89
85 106
86 86
86 87
87 87
87 96
88 88
88 109
89 89
89 107
90 90
90 91
90 92
90 93
90 100
90 101
90 102
90 104
90 105
90 106
90 107
90 111
90 112
90 115
91 91
91 92
91 93
91 100
91 101
91 103
91 104
91 105
91 111
91 112
91 115
92 92
92 93
92 100
92 101
92 102
92 103
92 104
92 106
92 107
92 112
92 113
92 114
92 115
93 93
93 95
93 100
93 101
93 102
93 103
93 104
93 105
93 111
93 112
93 113
93 114
93 115
94 94
94 95
94 96
94 97
94 105
94 110
94 113
94 114
95 95
95 100
95 105
95 108
95 109
95 115
96 96
96 97
96 98
96 108
96 110
97 97
97 102
97 103
97 104
97 105
97 107
97 108
97 110
97 113
97 114
97 115
98 98
98 99
98 107
98 111
99 99
99 111
99 112
99 114
99 115
100 100
100 101
100 102
100 103
100 104
100 106
100 108
101 101
101 102
101 103
101 104
101 112
101 113
101 114
101 115
102 102
102 103
102 104
102 105
102 106
102 108
102 112
102 113
102 114
102 115
103 103
103 104
103 105
103 108
103 110
103 112
103 113
103 114
104 104
104 105
104 106
104 108
104 110
104 112
104 113
104 114
104 115
105 105
105 108
105 110
105 113
105 114
105 115
106 106
106 107
107 107
107 114
108 108
108 109
108 110
108 112
108 114
108 115
109 109
110 110
111 111
111 112
111 114
111 115
112 112
112 113
112 114
112 115
113 113
113 114
113 115
114 114
114 115
115 115
