0 0
0 1
0 6
0 8
0 10
0 12
0 14
0 16
0 19
0 28
0 52
0 56
0 57
0 58
0 59
0 60
0 62
0 63
0 68
0 81
0 82
0 83
0 84
0 91
0 93
0 98
0 99
0 100
0 102
0 106
0 113
1 1
1 8
1 9
1 10
1 11
1 13
1 15
1 16
1 19
1 21
1 29
1 33
1 56
1 57
1 59
1 62
1 63
1 66
1 68
1 69
1 72
1 78
1 79
1 80
1 81
1 82
1 83
1 93
1 98
1 102
1 106
1 107
1 111
1 112
1 113
1 114
2 2
2 6
2 10
2 12
2 18
2 22
2 27
2 48
2 50
2 51
2 54
2 55
2 60
2 64
2 69
2 75
2 86
2 88
2 101
2 103
3 3
3 4
3 5
3 7
3 8
3 9
3 11
3 13
3 18
3 22
3 23
3 25
3 31
3 45
3 61
3 65
3 70
3 75
3 77
3 89
3 90
3 92
3 107
4 4
4 5
4 6
4 8
4 9
4 13
4 14
4 18
4 19
4 20
4 26
4 27
4 30
4 58
4 60
4 61
4 64
4 68
4 75
4 76
4 82
4 83
4 102
5 5
5 7
5 8
5 9
5 11
5 14
5 20
5 21
5 22
5 24
5 25
5 26
5 27
5 34
5 38
5 41
5 42
5 43
5 45
5 46
5 47
5 50
5 55
5 64
5 65
5 67
5 75
5 85
5 89
5 95
5 96
5 109
5 110
6 6
6 7
6 8
6 10
6 12
6 14
6 18
6 22
6 48
6 50
6 51
6 53
6 54
6 58
6 60
6 62
6 73
6 75
6 77
6 86
6 88
6 91
6 101
6 102
7 7
7 9
7 11
7 13
7 23
7 42
7 45
7 49
7 50
7 51
7 61
7 65
7 70
7 77
7 90
7 92
7 104
7 112
8 8
8 9
8 13
8 14
8 18
8 19
8 20
8 26
8 52
8 53
8 58
8 60
8 75
8 82
8 90
8 91
8 102
9 9
9 11
9 13
9 15
9 23
9 26
9 45
9 61
9 65
9 75
9 87
9 89
9 90
9 92
10 10
10 12
10 14
10 16
10 28
10 48
10 54
10 56
10 58
10 60
10 62
10 63
10 69
10 84
10 88
10 93
10 102
10 103
10 106
11 11
11 13
11 15
11 25
11 33
11 37
11 41
11 45
11 60
11 61
11 63
11 64
11 65
11 67
11 87
11 89
11 92
11 96
11 109
12 12
12 13
12 14
12 48
12 54
12 58
12 60
12 62
12 63
12 84
12 86
12 88
12 93
12 102
13 13
13 14
13 15
13 17
13 29
13 40
13 60
13 61
13 63
13 77
13 82
13 83
13 90
13 92
13 93
13 98
14 14
14 15
14 18
14 19
14 22
14 26
14 27
14 28
14 30
14 52
14 53
14 57
14 58
14 60
14 64
14 69
14 74
14 75
14 76
14 82
14 88
14 91
14 93
14 107
15 15
15 24
15 29
15 60
15 61
15 62
15 63
15 81
15 83
15 95
16 16
16 17
16 19
16 28
16 29
16 32
16 33
16 40
16 56
16 57
16 62
16 63
16 68
16 72
16 78
16 79
16 80
16 81
16 82
16 83
16 95
16 98
16 99
16 111
16 114
17 17
17 28
17 29
17 30
17 31
17 32
17 33
17 40
17 56
17 57
17 63
17 71
17 72
17 73
17 78
17 80
17 81
18 18
18 19
18 22
18 23
18 28
18 30
18 31
18 32
18 33
18 52
18 53
18 70
18 73
18 74
18 75
18 82
18 86
18 91
19 19
19 22
19 23
19 28
19 29
19 30
19 31
19 33
19 53
19 57
19 68
19 69
19 72
19 74
19 78
19 79
19 81
19 82
19 83
19 90
19 91
19 98
19 105
19 110
19 111
19 113
19 114
19 115
20 20
20 21
20 26
20 27
20 38
20 40
20 46
20 57
20 59
20 66
20 68
20 70
20 75
20 77
20 80
20 82
20 95
21 21
21 25
21 26
21 27
21 38
21 46
21 68
21 69
21 70
21 75
21 77
21 96
21 107
21 110
21 114
22 22
22 23
22 24
22 25
22 26
22 27
22 30
22 31
22 43
22 50
22 53
22 55
22 64
22 69
22 73
22 74
22 75
22 76
22 86
22 88
22 89
23 23
23 25
23 28
23 30
23 31
23 42
23 43
23 45
23 53
23 73
23 74
23 87
23 89
23 90
23 110
24 24
24 25
24 26
24 27
24 30
24 31
24 33
24 34
24 38
24 40
24 64
24 69
24 75
24 78
24 96
24 109
25 25
25 26
25 27
25 30
25 31
25 33
25 34
25 35
25 38
25 42
25 43
25 45
25 46
25 47
25 50
25 55
25 64
25 65
25 67
25 78
25 89
25 94
25 95
25 96
25 97
25 108
25 109
25 110
26 26
26 27
26 30
26 34
26 36
26 37
26 38
26 41
26 46
26 55
26 58
26 64
26 75
26 76
26 82
26 88
26 89
26 96
27 27
27 30
27 31
27 34
27 37
27 38
27 41
27 42
27 43
27 46
27 47
27 50
27 54
27 55
27 64
27 65
27 69
27 70
27 75
27 76
27 85
27 88
27 89
27 95
27 96
27 109
27 110
28 28
28 29
28 30
28 31
28 32
28 33
28 53
28 56
28 57
28 72
28 74
28 78
28 79
28 81
28 82
28 83
28 98
29 29
29 31
29 32
29 33
29 40
29 56
29 57
29 62
29 68
29 72
29 78
29 79
29 80
29 81
29 83
29 95
29 98
29 111
30 30
30 31
30 32
30 33
30 40
30 53
30 64
30 75
30 109
31 31
31 32
31 33
31 36
31 40
31 53
31 64
31 78
31 83
31 95
31 97
31 108
31 109
32 32
32 33
32 40
32 62
32 63
32 72
32 78
32 81
33 33
33 45
33 63
33 72
33 78
33 79
33 80
33 81
34 34
34 35
34 44
34 45
34 64
34 67
34 84
34 85
34 105
34 114
34 115
35 35
35 41
35 44
35 45
35 59
35 60
35 61
35 62
35 63
35 64
35 65
35 66
35 67
35 84
35 85
35 108
36 36
36 37
36 38
36 39
36 40
36 41
36 46
36 71
36 72
36 80
36 81
36 85
36 95
36 96
36 97
36 109
37 37
37 38
37 39
37 40
37 41
37 42
37 43
37 47
37 84
37 85
37 86
37 87
37 95
37 96
37 109
38 38
38 39
38 40
38 41
38 46
38 48
38 50
38 54
38 55
38 71
38 77
38 86
38 88
38 89
38 94
38 95
38 96
38 97
38 109
39 39
39 41
39 42
39 43
39 46
39 47
39 55
39 65
39 84
39 85
39 86
39 87
39 89
39 96
39 97
39 108
39 109
40 40
40 41
40 56
40 57
40 62
40 72
40 73
40 74
40 76
40 79
40 80
40 81
40 109
41 41
41 42
41 43
41 47
41 65
41 67
41 84
41 85
41 87
41 89
41 95
41 96
41 97
41 108
41 109
42 42
42 43
42 45
42 46
42 47
42 49
42 51
42 52
42 53
42 55
42 65
42 87
42 90
42 92
42 96
42 97
42 98
42 99
42 103
42 109
42 110
42 112
42 113
43 43
43 45
43 46
43 47
43 50
43 51
43 53
43 55
43 65
43 85
43 87
43 89
43 96
43 99
43 109
43 110
44 44
44 45
44 49
44 52
44 61
44 67
44 79
44 90
44 91
44 92
44 93
44 98
44 106
44 107
44 110
44 111
44 112
44 113
45 45
45 46
45 47
45 49
45 61
45 65
45 67
45 85
45 92
45 96
45 110
45 112
46 46
46 47
46 49
46 51
46 52
46 53
46 55
46 70
46 71
46 94
46 95
46 96
46 97
46 98
46 99
46 110
47 47
47 49
47 50
47 51
47 52
47 53
47 55
47 65
47 85
47 89
47 91
47 96
47 97
47 98
47 99
47 110
47 111
47 112
48 48
48 50
48 51
48 54
48 55
48 58
48 59
48 60
48 62
48 63
48 66
48 67
48 73
48 88
49 49
49 50
49 51
49 52
49 53
49 61
49 65
49 90
49 91
49 92
49 93
49 98
49 99
49 106
49 107
49 110
49 111
49 112
50 50
50 51
50 53
50 54
50 55
50 60
50 64
50 65
50 75
50 84
50 85
50 86
50 87
50 88
50 89
50 96
50 103
51 51
51 52
51 53
51 54
51 55
51 65
51 91
51 92
51 99
52 52
52 53
52 58
52 89
52 90
52 91
52 93
52 98
52 99
52 100
52 102
52 113
53 53
53 55
53 70
53 73
53 74
53 75
53 76
53 79
53 82
53 86
53 90
53 91
53 98
53 100
53 113
54 54
54 55
54 58
54 60
54 62
54 64
54 66
54 67
54 84
54 86
54 88
54 89
54 96
54 103
54 106
54 107
55 55
55 70
55 71
55 74
55 85
55 86
55 87
55 88
55 89
55 94
55 96
55 97
56 56
56 57
56 62
56 63
56 72
56 78
56 79
56 80
56 81
56 83
56 98
56 99
56 111
56 112
57 57
57 68
57 72
57 78
57 79
57 80
57 81
57 82
57 83
57 98
57 99
57 110
57 111
57 112
57 113
58 58
58 59
58 60
58 62
58 64
58 66
58 68
58 82
58 86
58 88
58 91
58 93
58 100
58 101
58 102
58 107
59 59
59 62
59 63
59 66
59 67
59 68
59 80
59 93
59 102
59 106
59 107
59 115
60 60
60 61
60 62
60 63
60 64
60 84
60 86
60 88
60 101
60 102
61 61
61 63
61 64
61 65
61 67
61 92
62 62
62 63
62 66
62 67
62 68
62 72
62 80
62 81
62 83
63 63
63 66
63 67
63 72
63 80
63 81
63 83
63 101
64 64
64 65
64 84
64 85
64 86
64 87
64 88
64 89
64 101
64 109
65 65
65 67
65 85
65 87
65 89
65 92
65 96
65 97
65 109
66 66
66 67
66 68
66 80
66 101
67 67
67 94
67 95
67 96
67 101
67 105
67 115
68 68
68 69
68 78
68 79
68 80
68 81
68 82
68 83
68 91
68 93
68 107
68 110
68 111
68 113
68 114
68 115
69 69
69 78
69 79
69 82
69 91
69 93
69 101
69 105
69 107
69 110
69 111
69 113
69 114
69 115
70 70
70 71
70 73
70 74
70 75
70 76
70 77
71 71
71 73
71 75
71 76
71 77
72 72
72 73
72 74
72 76
72 77
72 78
72 79
72 80
72 81
72 82
72 83
72 104
72 114
73 73
73 74
73 75
73 76
73 77
73 82
74 74
74 75
74 76
74 77
74 82
74 90
75 75
75 76
75 77
75 82
75 86
76 76
76 77
76 82
76 92
77 77
77 79
77 90
77 92
77 103
77 106
77 107
77 113
78 78
78 79
78 80
78 81
78 95
78 99
78 105
78 110
78 111
78 112
78 113
78 114
78 115
79 79
79 81
79 102
79 105
79 106
79 111
79 113
80 80
80 81
80 83
80 95
80 98
80 99
80 105
80 110
80 111
80 112
80 114
81 81
81 83
81 98
81 99
81 105
81 110
81 111
81 112
81 114
82 82
82 83
82 90
82 91
82 98
82 107
83 83
83 90
83 98
83 111
83 114
84 84
84 85
84 86
84 87
84 88
84 89
85 85
85 86
85 87
85 89
85 96
85 109
86 86
86 87
86 88
86 89
86 103
87 87
87 88
87 89
88 88
88 89
88 100
88 103
88 106
88 107
89 89
89 96
89 103
89 107
90 90
90 91
90 92
90 93
90 98
90 99
90 100
90 104
90 106
90 107
90 110
90 111
90 112
90 113
90 114
91 91
91 92
91 93
91 98
91 99
91 100
91 102
91 103
91 104
91 106
91 107
91 110
91 111
91 112
91 113
92 92
92 93
92 98
92 99
92 102
92 104
92 106
92 112
92 113
93 93
93 98
93 102
93 103
93 104
93 105
93 106
93 107
93 112
93 113
94 94
94 95
94 96
94 97
94 108
94 109
94 110
94 111
94 115
95 95
95 96
95 97
95 108
95 109
95 110
95 114
95 115
96 96
96 97
96 108
96 109
96 110
97 97
97 108
97 109
97 115
98 98
98 99
98 100
98 102
98 103
98 104
98 106
98 107
98 110
98 111
98 112
98 113
98 114
99 99
99 103
99 104
99 110
99 111
99 112
99 113
99 115
100 100
100 102
100 106
100 114
101 101
102 102
102 103
102 104
102 106
102 112
102 113
103 103
103 105
103 106
103 107
103 112
103 113
104 104
104 105
104 106
104 110
104 111
104 112
104 113
104 114
104 115
105 105
105 107
105 109
105 110
105 112
105 113
105 114
105 115
106 106
106 107
106 111
106 112
106 113
106 114
107 107
107 110
107 111
107 112
107 113
107 114
107 115
108 108
108 109
109 109
110 110
110 111
110 112
110 113
110 114
110 115
111 111
111 112
111 113
111 114
111 115
112 112
112 113
112 114
112 115
113 113
113 114
113 115
114 114
114 115
115 115
