0 0
0 2
0 6
0 10
0 12
0 14
0 18
0 19
0 58
0 59
0 60
0 62
0 64
0 66
0 68
0 69
0 90
0 91
0 93
0 101
0 103
1 1
1 11
1 16
1 17
1 41
1 56
1 57
1 61
1 63
1 73
1 74
1 75
1 76
1 102
1 103
2 2
2 3
2 4
2 5
2 6
2 7
2 8
2 12
2 14
2 26
2 48
2 50
2 51
2 52
2 58
2 59
2 60
2 66
2 67
2 69
2 90
2 91
2 93
3 3
3 4
3 5
3 6
3 7
3 8
3 9
3 11
3 13
3 15
3 22
3 23
3 48
3 53
3 64
3 65
3 92
3 100
4 4
4 5
4 6
4 7
4 8
4 12
4 14
4 23
4 24
4 26
4 47
4 48
4 50
4 51
4 52
4 58
4 66
4 67
4 69
4 90
4 91
4 93
5 5
5 6
5 7
5 8
5 9
5 12
5 13
5 22
5 23
5 26
5 42
5 43
5 45
5 48
5 50
5 51
5 52
5 53
5 58
5 66
5 67
5 90
5 91
6 6
6 7
6 8
6 12
6 14
6 19
6 23
6 48
6 51
6 52
6 58
6 59
6 60
6 66
6 67
6 69
6 90
6 91
6 93
6 101
7 7
7 8
7 9
7 14
7 15
7 19
7 23
7 48
7 51
7 58
7 59
7 64
7 66
7 67
7 69
7 90
7 91
7 92
7 93
7 100
7 103
7 105
7 108
8 8
8 14
8 23
8 26
8 48
8 50
8 51
8 52
8 53
8 58
8 59
8 66
8 67
8 68
8 69
8 90
8 91
8 93
9 9
9 15
9 23
9 61
9 65
9 67
9 91
9 92
9 100
9 105
9 112
10 10
10 12
10 13
10 22
10 50
10 65
10 84
10 88
10 112
11 11
11 12
11 13
11 15
11 16
11 29
11 31
11 61
11 63
11 65
11 73
11 74
11 75
11 76
11 78
11 79
11 80
11 85
11 88
11 92
12 12
12 13
12 14
12 22
12 48
12 50
12 52
12 60
12 93
13 13
13 14
13 15
13 22
13 50
13 61
13 65
13 85
13 92
14 14
14 15
14 22
14 23
14 48
14 52
14 58
14 59
14 60
14 69
14 91
14 103
15 15
15 23
15 61
15 63
15 64
15 65
15 82
15 83
15 92
15 100
15 107
16 16
16 17
16 28
16 29
16 32
16 33
16 36
16 40
16 41
16 56
16 57
16 63
16 72
16 73
16 74
16 75
16 76
16 77
16 78
16 79
16 80
16 81
16 84
16 87
16 88
17 17
17 28
17 29
17 32
17 33
17 36
17 37
17 38
17 39
17 40
17 41
17 56
17 61
17 62
17 63
17 72
17 73
17 74
17 75
17 76
17 77
17 78
17 79
17 80
17 81
17 82
17 83
17 84
17 86
17 87
17 88
17 99
17 113
18 18
18 19
18 28
18 32
18 33
18 57
18 60
18 62
18 64
18 66
18 89
18 102
19 19
19 23
19 58
19 59
19 66
19 67
19 68
19 69
19 90
19 91
19 94
19 101
19 102
19 103
19 105
19 106
19 110
20 20
20 21
20 25
20 27
20 30
20 31
20 34
20 36
20 37
20 38
20 39
20 40
20 41
20 43
20 46
20 47
20 54
20 55
20 56
20 71
20 73
20 74
20 75
20 76
20 77
20 84
20 85
20 86
20 87
20 96
20 98
20 99
20 109
21 21
21 24
21 25
21 27
21 30
21 31
21 32
21 36
21 37
21 38
21 39
21 40
21 41
21 46
21 47
21 54
21 55
21 56
21 57
21 72
21 78
21 80
21 81
21 84
21 86
21 87
21 96
21 97
22 22
22 23
22 26
22 27
22 48
22 50
22 51
22 53
22 88
22 112
23 23
23 64
23 65
23 67
23 69
23 70
23 90
23 91
23 92
23 105
24 24
24 25
24 26
24 27
24 34
24 35
24 38
24 47
24 70
24 94
24 110
25 25
25 26
25 27
25 30
25 31
25 34
25 35
25 36
25 37
25 38
25 39
25 47
25 54
25 56
25 70
25 81
25 84
25 86
25 87
25 88
25 96
25 110
26 26
26 27
26 34
26 35
26 38
26 42
26 50
26 96
26 110
26 114
27 27
27 34
27 35
27 36
27 37
27 38
27 39
27 47
27 54
27 55
27 56
27 57
27 84
27 87
27 88
27 96
27 110
28 28
28 29
28 30
28 31
28 32
28 33
28 36
28 39
28 40
28 41
28 55
28 62
28 63
28 72
28 73
28 74
28 75
28 76
28 77
28 78
28 79
28 80
28 81
28 82
28 83
28 84
28 85
28 89
28 102
29 29
29 30
29 31
29 32
29 33
29 36
29 37
29 40
29 41
29 46
29 55
29 62
29 63
29 72
29 73
29 74
29 75
29 76
29 77
29 78
29 79
29 80
29 81
29 83
29 84
29 85
29 86
29 87
29 95
29 99
30 30
30 31
30 32
30 33
30 36
30 37
30 38
30 39
30 40
30 41
30 46
30 54
30 71
30 72
30 73
30 74
30 75
30 76
30 77
30 84
30 85
30 87
30 95
30 96
30 98
30 109
31 31
31 32
31 33
31 36
31 37
31 38
31 39
31 40
31 46
31 63
31 72
31 73
31 74
31 75
31 76
31 77
31 78
31 80
31 81
31 82
31 83
31 84
31 85
32 32
32 33
32 36
32 40
32 41
32 56
32 57
32 62
32 63
32 71
32 72
32 73
32 74
32 75
32 76
32 78
32 80
32 81
32 83
32 84
33 33
33 36
33 40
33 41
33 61
33 63
33 64
33 72
33 73
33 74
33 75
33 76
33 77
33 78
33 80
33 81
33 83
33 86
33 102
33 109
34 34
34 35
34 43
34 44
34 45
34 51
34 86
34 87
34 96
34 104
34 110
34 111
34 113
35 35
35 45
35 67
35 70
35 71
35 86
35 87
35 88
35 110
36 36
36 37
36 38
36 39
36 40
36 41
36 43
36 46
36 54
36 55
36 56
36 62
36 63
36 72
36 73
36 74
36 75
36 76
36 77
36 78
36 79
36 80
36 81
36 84
36 85
36 86
36 87
36 88
36 96
36 98
36 99
36 109
37 37
37 38
37 39
37 40
37 41
37 43
37 46
37 54
37 55
37 72
37 73
37 74
37 75
37 76
37 77
37 78
37 79
37 80
37 81
37 84
37 85
37 86
37 87
37 95
37 96
37 97
37 98
37 99
37 109
38 38
38 39
38 40
38 41
38 46
38 47
38 54
38 55
38 56
38 63
38 77
38 78
38 81
38 84
38 85
38 86
38 87
38 88
38 95
38 96
38 97
38 98
38 99
38 109
38 110
39 39
39 40
39 41
39 54
39 55
39 63
39 72
39 77
39 78
39 80
39 81
39 82
39 83
39 84
39 85
39 86
39 87
39 94
39 96
39 97
39 109
39 110
40 40
40 41
40 46
40 54
40 55
40 56
40 57
40 62
40 63
40 72
40 73
40 74
40 75
40 76
40 77
40 78
40 79
40 80
40 81
40 82
40 84
40 85
40 86
40 87
40 89
40 95
40 96
40 98
40 99
40 109
40 115
41 41
41 62
41 71
41 72
41 73
41 74
41 75
41 76
41 77
41 78
41 79
41 80
41 81
41 85
41 87
41 96
41 110
42 42
42 43
42 44
42 45
42 46
42 47
42 48
42 49
42 50
42 51
42 53
42 54
42 55
42 96
42 98
43 43
43 44
43 45
43 46
43 47
43 49
43 50
43 51
43 53
43 54
43 55
43 85
43 86
43 87
43 96
43 98
43 99
44 44
44 45
44 46
44 47
44 48
44 49
44 51
44 52
44 53
44 55
44 98
45 45
45 46
45 47
45 49
45 51
45 53
45 65
45 86
45 98
46 46
46 47
46 49
46 50
46 51
46 52
46 53
46 54
46 55
46 72
46 84
46 85
46 86
46 87
46 95
46 96
46 98
46 99
47 47
47 49
47 50
47 51
47 53
47 54
47 55
47 96
47 98
47 110
48 48
48 49
48 50
48 51
48 52
48 53
48 58
48 60
48 67
48 90
48 91
48 93
48 98
48 104
49 49
49 50
49 51
49 52
49 53
49 54
49 55
49 98
49 99
50 50
50 51
50 52
50 53
50 54
50 98
51 51
51 52
51 53
51 67
51 91
51 93
51 98
51 104
51 112
52 52
52 53
52 58
52 59
52 60
52 90
52 91
52 93
52 95
52 98
52 115
53 53
53 54
53 55
53 98
53 99
53 112
54 54
54 55
54 56
54 72
54 74
54 76
54 78
54 79
54 81
54 84
54 85
54 86
54 87
54 88
54 95
54 96
54 97
54 98
54 99
54 109
55 55
55 72
55 74
55 76
55 79
55 84
55 85
55 86
55 87
55 89
55 95
55 96
55 97
55 98
55 99
55 109
56 56
56 57
56 63
56 68
56 76
56 80
56 81
56 84
56 86
56 87
56 88
56 96
56 99
56 109
57 57
57 68
57 81
57 84
57 96
57 109
58 58
58 59
58 60
58 66
58 67
58 68
58 69
58 90
58 91
58 93
58 101
58 103
58 104
58 105
59 59
59 60
59 66
59 67
59 68
59 69
59 91
59 101
59 102
59 103
59 104
59 106
60 60
60 62
60 64
60 66
60 69
60 93
60 104
60 107
60 114
61 61
61 63
61 64
61 65
61 76
61 83
61 84
61 88
61 92
61 100
62 62
62 63
62 72
62 73
62 74
62 76
62 78
62 79
62 80
62 81
62 82
62 84
62 85
62 89
63 63
63 72
63 73
63 74
63 75
63 76
63 77
63 80
63 81
63 82
63 83
63 84
63 86
63 87
63 88
63 95
63 99
63 100
63 109
64 64
64 65
64 89
64 92
64 93
64 100
64 101
64 102
64 107
65 65
65 76
65 88
65 92
66 66
66 67
66 68
66 69
66 91
66 93
66 101
66 102
66 103
66 104
67 67
67 68
67 69
67 90
67 91
67 93
67 94
67 101
67 103
67 104
67 105
67 108
67 110
68 68
68 69
68 90
68 91
68 101
68 103
68 110
69 69
69 90
69 91
69 94
69 101
69 102
69 103
69 104
69 105
69 106
69 108
69 110
69 114
70 70
70 71
70 77
70 82
70 83
70 107
71 71
71 72
71 75
71 77
72 72
72 73
72 74
72 75
72 76
72 77
72 78
72 79
72 80
72 81
72 82
72 83
72 84
72 85
72 86
72 87
72 96
72 98
72 99
73 73
73 74
73 75
73 76
73 77
73 78
73 79
73 80
73 81
73 84
73 85
73 86
73 87
73 99
74 74
74 75
74 76
74 77
74 78
74 79
74 80
74 81
74 84
74 85
74 86
74 87
74 96
74 98
74 99
75 75
75 76
75 77
75 79
75 85
75 87
75 99
75 111
75 113
76 76
76 77
76 79
76 80
76 81
76 84
76 85
76 86
76 87
76 88
76 98
76 99
76 109
76 113
77 77
77 79
77 81
77 82
77 83
77 84
77 86
77 87
77 109
77 113
77 114
78 78
78 79
78 80
78 81
78 84
78 85
78 86
78 87
78 96
79 79
79 80
79 81
79 84
79 85
79 87
79 96
79 98
79 114
80 80
80 81
80 82
80 83
80 84
80 85
80 86
80 87
80 89
80 96
81 81
81 82
81 83
81 84
81 85
81 86
81 87
81 88
81 96
82 82
82 83
82 84
82 86
82 87
82 89
82 106
82 107
82 109
83 83
83 86
83 92
83 100
83 107
84 84
84 85
84 86
84 87
84 88
84 96
84 99
84 109
85 85
85 87
85 89
85 96
85 98
85 99
85 109
86 86
86 87
86 88
86 96
86 97
86 99
86 109
86 112
87 87
87 88
87 96
87 98
87 99
87 109
87 112
88 88
88 99
88 112
88 113
89 89
89 100
89 107
89 109
90 90
90 91
90 92
90 93
90 94
90 100
90 101
90 103
90 104
90 105
90 106
90 108
90 111
91 91
91 92
91 93
91 101
91 102
91 103
91 104
91 105
91 106
92 92
92 93
92 100
92 102
92 103
92 104
92 105
92 106
92 111
92 112
92 113
93 93
93 100
93 101
93 102
93 103
93 104
93 112
94 94
94 97
94 105
94 106
94 108
94 110
95 95
95 96
95 97
95 99
95 108
95 109
95 115
96 96
96 97
96 98
96 99
96 109
96 110
97 97
97 99
97 105
97 106
97 109
97 115
98 98
98 99
99 99
99 100
99 109
99 111
99 112
99 115
100 100
100 101
100 102
100 104
100 112
101 101
101 102
101 103
101 104
101 112
102 102
102 103
102 104
102 111
102 115
103 103
103 104
103 105
103 106
103 108
103 113
103 114
104 104
104 105
104 106
104 114
105 105
105 106
105 108
105 111
105 113
105 114
105 115
106 106
106 107
106 108
106 111
106 114
106 115
107 107
107 114
108 108
109 109
109 115
110 110
111 111
111 113
112 112
112 113
113 113
113 114
114 114
115 115
