0 0
0 2
0 6
0 8
0 10
0 12
0 14
0 17
0 18
0 19
0 22
0 23
0 28
0 32
0 33
0 41
0 50
0 56
0 60
0 63
0 64
0 68
0 72
0 74
0 75
0 77
0 82
0 84
0 88
1 1
1 3
1 7
1 8
1 9
1 10
1 11
1 13
1 15
1 17
1 29
1 33
1 37
1 40
1 41
1 51
1 56
1 64
1 65
1 74
1 75
1 76
1 78
1 83
1 100
2 2
2 4
2 6
2 8
2 10
2 14
2 18
2 19
2 22
2 23
2 24
2 26
2 28
2 30
2 31
2 32
2 33
2 50
2 64
2 68
2 74
2 82
2 86
2 88
2 110
3 3
3 7
3 9
3 10
3 11
3 17
3 22
3 23
3 30
3 31
3 56
3 75
3 78
3 83
3 84
3 88
3 89
4 4
4 6
4 8
4 9
4 18
4 24
4 26
4 35
4 42
4 44
4 45
4 46
4 67
4 71
5 5
5 7
5 9
5 11
5 23
5 24
5 25
5 27
5 35
5 42
5 43
5 45
5 46
5 47
5 50
5 51
5 67
5 70
5 96
5 97
5 102
5 104
5 115
6 6
6 8
6 10
6 11
6 12
6 13
6 14
6 15
6 18
6 19
6 20
6 22
6 26
6 28
6 29
6 33
6 41
6 44
6 50
6 60
6 64
6 72
6 74
6 88
7 7
7 9
7 11
7 13
7 15
7 25
7 31
7 45
7 64
7 65
7 67
7 89
8 8
8 9
8 10
8 11
8 12
8 13
8 14
8 15
8 18
8 28
8 41
8 50
8 64
8 65
8 72
9 9
9 11
9 13
9 23
9 45
9 51
9 65
9 70
9 76
9 100
10 10
10 12
10 14
10 17
10 18
10 19
10 22
10 23
10 28
10 30
10 31
10 32
10 33
10 41
10 50
10 56
10 57
10 64
10 68
10 72
10 74
10 75
10 76
10 77
10 82
10 84
10 86
10 88
11 11
11 13
11 15
11 23
11 45
11 51
11 64
11 65
11 89
11 100
12 12
12 13
12 14
12 16
12 18
12 19
12 20
12 21
12 26
12 28
12 44
12 48
12 50
12 52
12 60
12 62
12 64
12 72
12 75
12 77
12 99
12 107
13 13
13 15
13 29
13 45
13 51
13 64
13 65
13 77
13 100
13 107
14 14
14 15
14 17
14 18
14 19
14 22
14 23
14 28
14 32
14 33
14 36
14 37
14 40
14 41
14 56
14 57
14 63
14 64
14 68
14 72
14 74
14 82
14 83
14 86
14 88
14 91
14 93
15 15
15 29
15 37
15 39
15 41
15 51
15 64
15 65
15 69
15 72
15 74
15 83
15 92
15 93
15 100
15 102
16 16
16 17
16 19
16 28
16 29
16 32
16 33
16 36
16 37
16 40
16 41
16 52
16 56
16 57
16 62
16 63
16 68
16 71
16 72
16 74
16 75
16 78
16 80
16 81
16 83
16 84
16 85
16 86
16 111
17 17
17 28
17 29
17 32
17 33
17 37
17 41
17 56
17 57
17 63
17 64
17 65
17 68
17 72
17 74
17 75
17 79
17 80
17 81
17 82
17 83
17 84
17 88
18 18
18 19
18 22
18 23
18 26
18 28
18 30
18 31
18 32
18 33
18 41
18 50
18 63
18 64
18 68
18 74
18 75
18 76
18 82
18 88
18 101
18 110
19 19
19 22
19 28
19 29
19 30
19 32
19 33
19 41
19 57
19 64
19 68
19 72
19 74
19 75
19 76
19 77
19 78
19 82
19 83
19 88
19 107
20 20
20 21
20 28
20 32
20 37
20 40
20 41
20 72
20 73
20 91
20 93
20 109
21 21
21 27
21 44
21 48
21 54
21 71
21 75
21 107
21 109
22 22
22 23
22 24
22 28
22 30
22 31
22 32
22 41
22 50
22 63
22 64
22 68
22 75
22 82
22 84
22 86
22 88
22 93
22 101
22 110
23 23
23 25
23 27
23 30
23 31
23 32
23 50
23 82
23 84
23 88
23 89
23 94
23 97
23 110
24 24
24 25
24 26
24 27
24 30
24 31
24 35
24 42
24 43
24 44
24 45
24 46
24 47
24 50
24 67
24 109
24 110
24 112
25 25
25 26
25 27
25 30
25 31
25 35
25 42
25 43
25 44
25 45
25 46
25 47
25 50
25 67
25 89
25 94
25 96
25 97
25 110
25 115
26 26
26 27
26 30
26 34
26 42
26 44
26 46
26 47
26 60
26 62
26 82
26 87
26 96
26 110
27 27
27 30
27 31
27 35
27 42
27 43
27 44
27 45
27 46
27 47
27 48
27 50
27 54
27 55
27 66
27 67
27 89
27 96
27 97
27 109
27 110
27 112
27 115
28 28
28 29
28 32
28 33
28 36
28 37
28 40
28 41
28 56
28 57
28 60
28 63
28 64
28 68
28 72
28 74
28 75
28 81
28 82
28 83
28 84
28 86
28 88
29 29
29 33
29 37
29 41
29 62
29 64
29 65
29 71
29 72
29 74
29 76
29 81
29 83
29 107
30 30
30 31
30 32
30 50
30 64
30 76
30 82
30 84
30 86
30 88
30 89
30 101
30 110
31 31
31 35
31 43
31 46
31 47
31 50
31 68
31 82
31 83
31 84
31 86
31 87
31 88
31 89
31 110
32 32
32 33
32 36
32 37
32 40
32 41
32 56
32 57
32 63
32 68
32 69
32 72
32 74
32 81
32 82
32 83
32 84
32 86
32 88
32 110
32 114
33 33
33 36
33 37
33 40
33 41
33 56
33 57
33 63
33 64
33 68
33 69
33 72
33 74
33 75
33 80
33 81
33 82
33 83
33 84
33 85
34 34
34 36
34 37
34 38
34 39
34 42
34 44
34 49
34 62
34 66
34 69
34 72
34 80
34 81
34 91
34 98
34 112
34 113
34 114
34 115
35 35
35 42
35 43
35 44
35 45
35 46
35 47
35 49
35 50
35 62
35 66
35 67
35 71
35 87
35 89
35 94
35 106
36 36
36 37
36 38
36 40
36 41
36 56
36 57
36 63
36 68
36 69
36 72
36 74
36 80
36 81
36 82
36 83
36 84
36 85
36 86
36 95
36 97
36 108
36 113
36 114
36 115
37 37
37 39
37 40
37 41
37 56
37 57
37 68
37 69
37 72
37 74
37 75
37 78
37 80
37 81
37 83
37 86
37 91
37 93
37 99
37 109
37 112
37 114
37 115
38 38
38 39
38 42
38 49
38 54
38 58
38 60
38 61
38 62
38 72
38 80
38 91
38 96
38 99
38 113
39 39
39 53
39 55
39 59
39 61
39 69
39 78
39 80
39 81
39 90
39 91
39 92
39 93
39 95
39 102
39 103
39 104
39 109
39 112
39 113
39 115
40 40
40 41
40 56
40 57
40 63
40 68
40 69
40 74
40 80
40 82
40 83
40 84
40 85
40 86
40 95
40 99
40 108
40 114
41 41
41 56
41 57
41 64
41 72
41 73
41 74
41 75
41 78
41 81
41 88
41 91
41 93
41 99
42 42
42 43
42 44
42 45
42 46
42 47
42 48
42 49
42 50
42 52
42 53
42 54
42 58
42 66
42 67
42 90
42 94
42 103
42 106
42 112
42 113
42 115
43 43
43 44
43 45
43 46
43 47
43 50
43 66
43 67
43 89
43 94
43 96
43 97
43 106
43 110
43 112
43 115
44 44
44 45
44 46
44 47
44 48
44 49
44 50
44 52
44 54
44 58
44 60
44 62
44 66
44 67
44 71
44 77
44 96
44 98
44 99
44 104
44 105
44 107
44 110
45 45
45 46
45 47
45 49
45 51
45 66
45 67
45 70
45 89
45 94
45 104
45 106
45 115
46 46
46 47
46 53
46 54
46 58
46 66
46 67
46 70
46 71
46 77
46 94
46 95
46 96
46 97
46 101
46 106
46 108
46 110
47 47
47 48
47 50
47 66
47 67
47 94
47 96
47 97
47 98
47 99
47 106
47 108
47 110
47 111
48 48
48 49
48 50
48 51
48 52
48 53
48 54
48 58
48 60
48 67
48 90
48 91
48 96
48 98
48 99
48 109
48 110
49 49
49 51
49 52
49 53
49 54
49 55
49 58
49 59
49 60
49 61
49 62
49 65
49 66
49 67
49 71
49 90
49 98
49 103
49 104
49 105
49 106
50 50
50 64
50 75
50 86
50 88
50 96
50 99
50 110
51 51
51 53
51 58
51 59
51 60
51 65
51 67
51 90
51 98
51 99
51 106
52 52
52 53
52 54
52 58
52 60
52 62
52 66
52 71
52 90
52 91
53 53
53 54
53 55
53 58
53 59
53 66
53 67
53 70
53 73
53 79
53 90
53 91
53 92
53 93
53 94
53 95
53 101
53 103
53 104
53 105
53 108
53 113
54 54
54 55
54 58
54 62
54 66
54 67
54 70
54 71
54 73
54 77
54 79
54 90
54 91
54 102
54 103
54 104
54 105
54 107
54 109
55 55
55 70
55 71
55 73
55 78
55 79
55 92
55 102
55 103
55 104
55 105
55 107
55 109
55 112
55 115
56 56
56 57
56 63
56 64
56 68
56 72
56 74
56 75
56 80
56 81
56 82
56 83
56 84
56 85
56 99
57 57
57 61
57 63
57 68
57 69
57 72
57 74
57 75
57 78
57 79
57 80
57 81
57 82
57 83
57 84
57 85
57 86
57 91
57 98
57 99
57 111
57 112
58 58
58 59
58 60
58 61
58 62
58 65
58 66
58 67
58 80
58 90
58 98
58 104
58 105
59 59
59 61
59 65
59 66
59 67
59 69
59 79
59 80
59 81
59 85
59 90
59 92
59 95
59 102
59 103
59 104
59 105
59 113
60 60
60 61
60 62
60 63
60 64
60 65
60 66
60 80
60 90
60 99
61 61
61 62
61 63
61 65
61 66
61 69
61 79
61 80
61 81
61 85
61 90
61 91
61 102
61 113
62 62
62 65
62 66
62 71
62 80
62 81
62 87
62 105
63 63
63 72
63 79
63 80
63 81
63 82
63 84
63 85
63 86
63 88
63 91
63 99
63 108
63 111
64 64
64 68
64 72
64 74
64 75
64 77
64 88
64 107
65 65
65 80
66 66
66 67
66 85
66 94
66 98
66 106
66 108
66 111
67 67
67 92
67 94
67 96
67 97
67 101
67 102
67 103
67 104
67 105
67 106
68 68
68 72
68 74
68 75
68 80
68 81
68 82
68 83
68 84
68 85
69 69
69 72
69 78
69 80
69 81
69 82
69 83
69 85
69 93
69 95
69 97
69 112
69 113
69 114
69 115
70 70
70 73
70 76
70 77
70 101
70 102
70 103
71 71
71 73
71 75
71 77
71 105
71 107
72 72
72 74
72 75
72 76
72 78
72 80
72 81
72 82
72 83
73 73
73 75
73 76
73 77
73 79
73 100
73 101
73 102
73 103
73 104
73 107
74 74
74 75
74 80
74 83
74 84
74 98
74 99
75 75
75 76
75 77
75 88
75 98
75 99
75 107
76 76
76 77
76 78
76 79
76 100
76 101
76 102
76 103
76 104
76 107
77 77
77 104
77 105
77 107
78 78
78 79
78 81
78 93
78 102
78 107
78 112
79 79
79 81
79 90
79 91
79 93
79 101
79 103
79 112
80 80
80 81
80 83
80 84
80 85
80 95
80 111
81 81
81 82
81 83
81 85
81 91
81 112
82 82
82 83
82 84
82 86
82 87
82 88
82 93
82 113
82 114
83 83
83 84
83 85
83 87
83 89
83 95
83 100
83 108
83 114
84 84
84 85
84 86
84 88
84 89
84 94
84 95
84 108
85 85
85 87
85 94
85 95
85 97
85 106
85 108
85 111
85 113
85 114
86 86
86 88
86 91
86 111
87 87
87 89
88 88
88 110
89 89
89 94
90 90
90 91
90 92
90 93
90 109
90 112
90 115
91 91
91 92
91 93
91 99
91 103
91 109
91 112
91 115
92 92
92 93
92 95
92 100
92 101
92 102
92 103
92 105
92 112
92 113
92 114
92 115
93 93
93 100
93 101
93 102
93 103
93 112
93 113
93 114
93 115
94 94
94 95
94 97
94 104
94 106
94 108
94 111
94 113
94 114
95 95
95 97
95 100
95 106
95 108
95 111
95 113
95 114
95 115
96 96
96 97
96 98
96 99
96 110
97 97
97 106
97 108
97 110
97 111
97 113
97 114
98 98
98 99
98 107
98 109
98 110
98 111
99 99
99 110
100 100
100 101
100 102
100 103
100 113
101 101
101 102
101 103
101 104
101 105
101 113
102 102
102 103
102 104
102 105
102 113
102 115
103 103
103 104
103 105
103 112
103 113
103 115
104 104
104 105
104 107
104 113
105 105
105 107
105 109
106 106
106 108
106 111
107 107
107 111
108 108
108 111
108 113
109 109
109 110
109 112
110 110
110 111
111 111
112 112
112 113
112 114
112 115
113 113
113 114
113 115
114 114
114 115
115 115
