0 0
0 1
0 5
0 6
0 9
0 16
0 19
0 22
0 26
0 36
0 56
0 58
0 59
0 60
0 61
0 69
0 89
0 91
0 100
0 101
0 107
0 114
1 1
1 2
1 3
1 6
1 7
1 9
1 11
1 13
1 14
1 18
1 19
1 22
1 23
1 26
1 35
1 40
1 41
1 61
1 63
1 64
1 65
1 75
1 86
2 2
2 3
2 6
2 7
2 13
2 14
2 22
2 35
2 36
2 42
2 44
2 45
2 49
2 61
2 64
2 65
2 67
2 82
2 88
2 91
2 93
2 94
2 105
2 107
2 113
2 114
2 115
3 3
3 7
3 11
3 13
3 17
3 19
3 22
3 23
3 27
3 35
3 36
3 40
3 41
3 61
3 65
3 82
3 85
3 86
3 87
3 89
4 4
4 8
4 9
4 15
4 20
4 21
4 44
4 46
4 47
4 49
4 52
4 53
4 70
4 83
4 89
4 90
4 91
4 92
4 93
4 94
4 97
4 99
4 103
4 108
4 111
4 112
5 5
5 8
5 17
5 19
5 20
5 21
5 22
5 24
5 25
5 26
5 27
5 29
5 30
5 37
5 39
5 52
5 55
5 56
5 57
5 58
5 68
5 69
5 74
5 79
5 81
5 84
5 86
5 98
5 100
5 101
5 102
6 6
6 7
6 9
6 11
6 13
6 22
6 49
6 60
6 61
6 64
6 65
6 75
6 91
6 92
6 93
6 107
7 7
7 9
7 11
7 13
7 14
7 23
7 35
7 36
7 45
7 49
7 61
7 64
7 65
7 67
7 71
7 75
7 82
7 88
7 89
7 91
7 92
7 93
7 100
7 107
7 113
7 114
7 115
8 8
8 9
8 14
8 15
8 20
8 21
8 24
8 25
8 46
8 47
8 53
8 72
8 81
8 83
8 95
8 108
9 9
9 14
9 15
9 20
9 21
9 23
9 26
9 61
9 65
9 70
9 71
9 83
9 89
9 90
9 91
9 92
9 93
9 100
9 101
9 102
10 10
10 12
10 14
10 16
10 28
10 34
10 68
10 72
10 75
10 78
10 82
10 86
10 87
10 88
10 109
11 11
11 13
11 17
11 19
11 22
11 23
11 29
11 35
11 36
11 38
11 54
11 61
11 64
11 65
11 73
11 84
11 86
12 12
12 14
12 15
12 28
12 33
12 60
12 68
12 72
12 79
12 82
12 94
12 109
13 13
13 18
13 29
13 30
13 31
13 36
13 60
13 61
13 64
13 65
13 73
13 75
14 14
14 15
14 28
14 36
14 40
14 46
14 53
14 61
14 64
14 65
14 72
14 75
14 82
14 83
14 88
14 89
14 91
14 94
14 95
14 97
14 108
14 113
14 114
14 115
15 15
15 20
15 21
15 24
15 27
15 28
15 37
15 70
15 82
15 83
15 94
15 95
15 97
15 108
16 16
16 17
16 19
16 28
16 56
16 57
16 58
16 62
16 63
16 68
16 69
16 72
16 74
16 75
16 76
16 78
16 79
16 80
16 81
16 84
16 85
16 86
16 101
17 17
17 18
17 19
17 22
17 24
17 25
17 26
17 27
17 29
17 30
17 32
17 37
17 38
17 41
17 50
17 54
17 55
17 56
17 57
17 62
17 63
17 68
17 73
17 74
17 79
17 80
17 81
17 84
17 85
17 86
18 18
18 19
18 32
18 33
18 41
18 56
18 57
18 60
18 62
18 63
18 64
18 73
18 74
18 80
18 81
18 85
18 95
18 114
19 19
19 22
19 23
19 24
19 26
19 27
19 29
19 30
19 33
19 37
19 40
19 41
19 56
19 57
19 62
19 63
19 68
19 69
19 72
19 73
19 74
19 78
19 79
19 80
19 81
19 83
19 84
19 85
19 86
19 87
20 20
20 21
20 24
20 25
20 26
20 27
20 29
20 37
20 39
20 47
20 48
20 50
20 52
20 66
20 70
20 79
20 90
20 96
20 98
20 100
20 101
20 102
20 103
20 109
20 111
20 112
21 21
21 24
21 25
21 26
21 27
21 50
21 52
21 67
21 70
21 71
21 79
21 88
21 90
21 92
21 98
21 102
21 111
21 112
22 22
22 23
22 24
22 25
22 27
22 56
22 57
22 86
22 88
22 89
23 23
23 65
23 82
23 83
23 85
23 86
23 87
23 88
23 89
23 92
24 24
24 25
24 26
24 27
24 29
24 30
24 37
24 39
24 52
24 55
24 56
24 62
24 68
24 69
24 74
24 79
24 81
24 84
24 96
24 98
24 101
24 102
25 25
25 26
25 27
25 29
25 30
25 37
25 38
25 39
25 50
25 52
25 55
25 62
25 69
25 74
25 79
25 81
25 84
25 86
25 98
25 102
26 26
26 27
26 29
26 30
26 37
26 39
26 56
26 69
26 84
26 100
26 101
26 102
27 27
27 29
27 30
27 37
27 38
27 39
27 41
27 50
27 56
27 74
27 77
27 79
27 84
27 85
27 86
27 102
28 28
28 34
28 36
28 40
28 46
28 63
28 72
28 75
28 76
28 78
28 80
28 81
28 82
28 83
28 85
28 86
28 94
28 95
28 97
28 108
28 114
28 115
29 29
29 30
29 32
29 37
29 39
29 48
29 50
29 52
29 55
29 62
29 68
29 69
29 73
29 74
29 77
29 79
29 80
29 81
29 84
29 96
29 98
29 102
30 30
30 31
30 32
30 33
30 37
30 38
30 39
30 50
30 62
30 68
30 73
30 74
30 77
30 79
30 81
30 84
30 87
30 102
30 106
31 31
31 32
31 33
31 34
31 35
31 49
31 50
31 64
31 73
31 75
31 94
31 109
31 110
32 32
32 33
32 44
32 48
32 50
32 56
32 57
32 60
32 62
32 63
32 68
32 69
32 74
32 79
32 80
32 81
32 84
32 96
32 109
33 33
33 50
33 57
33 60
33 62
33 63
33 64
33 68
33 69
33 74
33 79
33 80
33 81
33 83
33 94
33 95
33 108
33 109
34 34
34 35
34 40
34 41
34 67
34 72
34 75
34 82
34 88
34 94
34 97
34 110
35 35
35 36
35 40
35 45
35 61
35 64
35 65
35 67
35 75
35 82
36 36
36 38
36 40
36 41
36 54
36 55
36 61
36 65
36 72
36 75
36 76
36 80
36 82
36 85
36 95
36 106
36 114
36 115
37 37
37 39
37 55
37 68
37 70
37 73
37 74
37 76
37 77
37 79
37 80
37 84
37 86
37 102
38 38
38 39
38 41
38 54
38 55
38 76
38 84
38 98
38 106
39 39
39 54
39 55
39 70
39 71
39 76
39 77
39 84
39 98
39 100
39 102
39 104
39 105
39 106
40 40
40 41
40 61
40 72
40 75
40 76
40 80
40 82
40 83
40 85
40 95
40 114
40 115
41 41
41 57
41 63
41 72
41 73
41 74
41 75
41 76
41 80
41 81
41 84
41 85
42 42
42 43
42 44
42 45
42 46
42 47
42 48
42 49
42 50
42 51
42 52
42 53
42 55
42 96
42 97
42 98
42 99
42 110
42 111
42 112
43 43
43 44
43 45
43 46
43 47
43 48
43 49
43 50
43 51
43 52
43 53
43 55
43 96
43 97
43 98
43 99
43 110
43 111
43 112
44 44
44 45
44 46
44 47
44 48
44 49
44 50
44 51
44 52
44 53
44 55
44 66
44 90
44 96
44 97
44 98
44 99
44 111
44 112
45 45
45 46
45 47
45 48
45 49
45 50
45 51
45 53
45 67
45 96
45 99
46 46
46 47
46 48
46 49
46 51
46 52
46 53
46 55
46 72
46 90
46 95
46 96
46 97
46 98
46 99
46 108
46 110
46 111
46 112
47 47
47 48
47 49
47 50
47 51
47 52
47 53
47 55
47 66
47 70
47 90
47 96
47 97
47 98
47 99
47 109
47 110
47 111
47 112
48 48
48 49
48 50
48 51
48 52
48 53
48 55
48 57
48 62
48 66
48 68
48 69
48 90
48 96
48 98
48 99
49 49
49 50
49 51
49 53
49 55
49 66
49 67
49 90
49 91
49 93
49 94
49 96
49 97
49 98
49 99
49 108
49 112
50 50
50 51
50 52
50 53
50 55
50 62
50 68
50 73
50 74
50 79
50 96
50 98
50 103
51 51
51 52
51 53
51 55
51 57
51 62
51 68
51 96
51 97
51 98
51 99
51 111
52 52
52 53
52 56
52 57
52 58
52 62
52 66
52 68
52 69
52 70
52 74
52 79
52 81
52 90
52 91
52 96
52 98
52 99
52 101
52 103
52 109
52 111
52 112
53 53
53 55
53 72
53 90
53 95
53 96
53 97
53 98
53 99
53 111
53 112
54 54
54 55
54 86
54 89
54 106
55 55
55 76
55 96
55 98
55 99
55 106
56 56
56 57
56 58
56 62
56 68
56 74
56 78
56 84
56 101
57 57
57 58
57 62
57 63
57 68
57 69
57 74
57 78
57 79
57 80
57 81
57 84
58 58
58 59
58 60
58 61
58 66
58 69
58 86
58 87
58 89
58 91
58 99
58 100
58 101
58 102
58 103
58 106
59 59
59 60
59 61
59 66
59 69
59 89
59 90
59 91
59 99
59 101
60 60
60 61
60 62
60 63
60 64
60 78
60 93
60 107
61 61
61 64
61 65
61 75
61 88
61 89
61 114
61 115
62 62
62 63
62 68
62 73
62 74
62 78
62 79
62 80
62 81
62 84
62 85
62 98
63 63
63 72
63 78
63 80
63 81
64 64
64 65
64 67
64 75
64 93
64 94
64 95
64 108
64 114
65 65
65 67
65 86
65 88
65 92
65 93
65 100
66 66
66 67
66 69
66 90
66 91
66 93
66 94
66 99
66 101
66 103
66 105
66 109
66 110
66 111
67 67
67 90
67 91
67 92
67 93
67 100
67 104
67 105
67 110
68 68
68 69
68 74
68 78
68 79
68 81
68 84
68 86
68 101
68 109
69 69
69 74
69 79
69 80
69 81
69 84
69 86
69 101
69 102
70 70
70 71
70 73
70 75
70 77
70 90
70 91
70 92
70 93
70 98
70 99
70 100
70 101
70 103
70 104
70 105
70 111
70 112
70 113
71 71
71 77
71 92
71 93
71 100
71 101
71 103
71 104
71 105
72 72
72 75
72 76
72 78
72 79
72 80
72 81
72 82
72 83
72 85
72 86
72 95
72 97
73 73
73 74
73 76
73 77
73 80
73 84
73 100
73 101
73 102
74 74
74 77
74 78
74 79
74 80
74 81
74 84
74 86
74 101
74 102
75 75
75 76
75 78
75 82
75 83
75 88
75 89
75 95
75 97
75 108
75 113
75 114
76 76
76 77
76 80
76 84
76 85
76 86
76 95
76 97
76 106
77 77
77 80
77 84
77 85
77 87
77 101
77 102
77 103
77 104
77 105
77 113
78 78
78 80
78 81
78 101
78 109
79 79
79 80
79 81
79 84
79 85
79 86
79 109
80 80
80 81
80 83
80 84
80 85
80 86
80 95
81 81
81 84
81 85
81 86
81 109
82 82
82 83
82 85
82 87
82 88
82 89
82 94
82 114
82 115
83 83
83 85
83 87
83 88
83 89
83 94
83 95
83 97
83 108
83 113
83 114
83 115
84 84
84 85
84 86
84 87
84 102
84 106
85 85
85 86
85 87
86 86
86 87
86 88
86 89
87 87
87 88
87 89
87 92
87 102
88 88
88 89
88 90
88 91
88 92
88 93
88 94
89 89
89 90
89 91
89 92
90 90
90 91
90 92
90 93
90 94
90 96
90 98
90 99
90 101
90 103
90 105
90 108
90 109
90 110
90 111
90 112
91 91
91 92
91 93
91 94
91 99
91 100
91 101
91 103
91 105
91 107
91 111
91 112
91 113
91 114
92 92
92 93
92 94
92 100
92 101
92 102
92 103
92 104
92 105
92 112
93 93
93 94
93 99
93 100
93 101
93 102
93 103
93 104
93 105
93 107
93 111
93 112
94 94
94 95
94 97
94 105
94 108
94 109
94 110
94 111
94 112
94 113
95 95
95 97
95 108
95 113
95 114
95 115
96 96
96 97
96 98
96 99
96 108
96 109
96 110
96 111
96 112
97 97
97 99
97 108
97 109
97 111
97 113
97 114
97 115
98 98
98 99
98 102
98 106
98 109
98 110
98 111
98 112
99 99
99 103
99 105
99 107
99 111
99 112
99 113
99 114
99 115
100 100
100 101
100 102
100 103
100 104
100 105
100 106
100 107
101 101
101 102
101 103
101 104
101 105
101 107
101 111
102 102
102 103
102 104
102 106
103 103
103 104
103 105
103 107
103 110
103 111
103 113
104 104
104 105
104 107
104 113
104 114
104 115
105 105
105 107
105 112
105 113
105 114
105 115
106 106
106 112
107 107
107 113
107 114
107 115
108 108
108 109
108 111
108 113
109 109
109 110
109 111
110 110
110 111
110 112
111 111
111 112
112 112
113 113
113 114
113 115
114 114
114 115
115 115
