0 0
0 1
0 16
0 17
0 18
0 19
0 32
0 50
0 52
0 56
0 57
0 59
0 60
0 62
0 63
0 68
0 80
0 103
1 1
1 9
1 11
1 13
1 15
1 16
1 17
1 19
1 28
1 29
1 41
1 48
1 51
1 52
1 53
1 56
1 57
1 59
1 61
1 62
1 63
1 68
1 69
1 83
1 89
1 90
2 2
2 4
2 6
2 8
2 10
2 14
2 18
2 22
2 23
2 24
2 25
2 26
2 27
2 30
2 34
2 38
2 58
2 60
2 64
2 66
2 67
2 84
2 86
2 87
2 88
2 93
2 95
2 101
2 109
3 3
3 7
3 8
3 9
3 11
3 13
3 14
3 15
3 23
3 35
3 61
3 64
3 65
3 85
3 89
3 106
3 107
4 4
4 5
4 7
4 8
4 9
4 20
4 24
4 25
4 26
4 33
4 35
4 61
4 65
4 69
4 103
5 5
5 7
5 8
5 9
5 20
5 24
5 25
5 26
5 35
5 61
5 65
5 67
5 69
6 6
6 8
6 10
6 14
6 18
6 22
6 23
6 24
6 27
6 30
6 34
6 38
6 45
6 64
6 67
6 84
6 88
6 93
6 95
6 101
6 103
6 105
6 109
6 110
7 7
7 9
7 13
7 42
7 43
7 44
7 45
7 47
7 49
7 61
7 65
7 92
7 95
7 100
7 103
7 104
7 108
7 109
7 114
8 8
8 9
8 10
8 14
8 15
8 22
8 23
8 25
8 26
8 27
8 34
8 35
8 58
8 60
8 64
8 65
8 67
8 69
8 86
8 88
8 89
8 93
8 101
9 9
9 11
9 13
9 35
9 61
9 65
9 67
9 69
9 90
9 92
9 100
10 10
10 11
10 12
10 14
10 20
10 22
10 23
10 27
10 28
10 30
10 58
10 60
10 64
10 84
10 85
10 88
11 11
11 12
11 13
11 15
11 16
11 28
11 29
11 46
11 48
11 49
11 51
11 52
11 53
11 61
11 69
11 72
11 74
11 75
11 83
11 85
12 12
12 13
12 14
12 15
12 28
12 31
12 35
12 58
12 69
12 72
12 81
12 83
12 84
12 85
12 105
13 13
13 15
13 16
13 29
13 48
13 49
13 51
13 52
13 61
13 63
13 65
13 69
13 75
13 85
13 90
13 92
13 100
14 14
14 15
14 22
14 23
14 26
14 27
14 30
14 34
14 37
14 38
14 39
14 40
14 54
14 58
14 60
14 64
14 67
14 82
14 83
14 84
14 86
14 88
14 89
14 101
15 15
15 28
15 38
15 40
15 48
15 62
15 69
15 72
15 82
15 83
15 85
16 16
16 17
16 19
16 28
16 29
16 51
16 52
16 53
16 56
16 57
16 59
16 62
16 63
16 68
16 72
16 73
16 75
16 79
16 80
16 81
16 83
16 90
17 17
17 19
17 29
17 51
17 52
17 53
17 56
17 57
17 59
17 63
17 73
17 74
17 75
17 77
17 79
18 18
18 19
18 32
18 56
18 59
18 60
18 66
18 103
18 104
19 19
19 29
19 32
19 33
19 40
19 41
19 51
19 52
19 53
19 56
19 62
19 63
19 82
19 83
19 98
19 102
19 111
19 112
20 20
20 22
20 23
20 24
20 25
20 26
20 27
20 30
20 31
20 34
20 36
20 41
20 64
20 68
20 73
20 75
20 85
20 86
20 87
20 88
20 105
20 114
21 21
21 24
21 25
21 26
21 27
21 30
21 31
21 36
21 37
21 39
21 42
21 43
21 44
21 45
21 46
21 70
21 71
21 73
21 75
21 77
21 78
21 79
21 80
21 81
21 86
21 87
21 93
21 94
21 95
21 96
21 98
21 99
21 108
21 109
21 110
21 112
21 113
21 114
21 115
22 22
22 23
22 24
22 25
22 26
22 27
22 30
22 31
22 34
22 35
22 36
22 38
22 39
22 54
22 64
22 67
22 71
22 82
22 84
22 86
22 87
22 88
22 93
22 95
22 110
23 23
23 24
23 25
23 26
23 27
23 30
23 31
23 34
23 35
23 37
23 38
23 39
23 64
23 67
23 71
23 82
23 84
23 85
23 86
23 87
23 88
23 93
23 95
23 110
23 113
23 114
24 24
24 25
24 26
24 27
24 30
24 31
24 34
24 44
24 45
24 64
24 67
24 86
24 87
24 88
24 93
24 95
24 103
24 109
24 114
25 25
25 26
25 27
25 30
25 31
25 34
25 35
25 36
25 38
25 58
25 64
25 67
25 71
25 86
25 87
25 88
25 93
25 94
25 105
25 110
26 26
26 27
26 30
26 34
26 36
26 38
26 39
26 54
26 58
26 64
26 68
26 82
26 86
26 87
26 88
26 89
26 93
26 101
26 110
27 27
27 30
27 31
27 34
27 36
27 37
27 38
27 39
27 54
27 64
27 71
27 82
27 84
27 86
27 87
27 88
27 89
27 93
27 94
27 95
27 101
27 110
27 113
28 28
28 29
28 37
28 38
28 40
28 41
28 48
28 52
28 54
28 55
28 62
28 72
28 73
28 81
28 83
28 85
28 94
28 105
29 29
29 37
29 41
29 48
29 49
29 51
29 52
29 53
29 55
29 62
29 63
29 68
29 69
29 70
29 72
29 73
29 74
29 75
29 77
29 83
29 85
29 90
29 99
30 30
30 31
30 34
30 35
30 36
30 37
30 38
30 64
30 67
30 71
30 82
30 84
30 85
30 86
30 87
30 88
30 93
30 95
30 109
30 110
30 113
30 114
31 31
31 33
31 34
31 35
31 36
31 37
31 44
31 45
31 71
31 72
31 73
31 77
31 81
31 85
31 87
31 94
31 105
31 114
32 32
32 33
32 48
32 49
32 50
32 51
32 62
32 63
33 33
33 34
33 35
33 44
33 45
33 49
34 34
34 35
34 38
34 40
34 41
34 45
34 54
34 58
34 64
34 67
34 82
34 86
34 87
34 88
35 35
35 58
35 60
35 61
35 64
35 65
35 66
35 67
35 69
35 106
35 107
36 36
36 37
36 38
36 39
36 54
36 57
36 70
36 71
36 72
36 73
36 74
36 75
36 76
36 77
36 78
36 79
36 80
36 81
36 86
36 87
36 88
36 93
36 94
36 95
36 96
36 113
36 115
37 37
37 38
37 39
37 40
37 54
37 55
37 70
37 71
37 72
37 73
37 74
37 75
37 76
37 77
37 79
37 83
37 89
37 94
37 97
37 105
37 113
38 38
38 39
38 40
38 54
38 55
38 57
38 58
38 64
38 81
38 83
38 86
38 88
38 89
38 94
38 101
38 105
38 106
38 107
39 39
39 54
39 55
39 56
39 57
39 68
39 71
39 76
39 77
39 78
39 79
39 80
39 81
39 86
39 87
39 88
39 89
39 93
39 94
39 95
39 97
39 101
39 109
39 110
39 113
39 114
39 115
40 40
40 41
40 54
40 55
40 62
40 82
40 83
40 89
40 90
40 106
40 107
41 41
41 55
41 56
41 62
41 72
41 73
41 82
41 83
41 90
41 106
42 42
42 43
42 44
42 45
42 46
42 47
42 49
42 71
42 77
42 78
42 79
42 92
42 93
42 94
42 95
42 96
42 97
42 98
42 99
42 108
42 109
42 110
42 111
42 112
42 113
42 114
42 115
43 43
43 44
43 45
43 46
43 47
43 49
43 71
43 77
43 78
43 79
43 92
43 93
43 94
43 95
43 96
43 97
43 98
43 99
43 103
43 108
43 109
43 110
43 111
43 112
43 113
43 114
43 115
44 44
44 45
44 46
44 47
44 49
44 71
44 78
44 92
44 93
44 95
44 96
44 97
44 98
44 99
44 100
44 108
44 110
44 111
44 114
44 115
45 45
45 46
45 47
45 49
45 67
45 71
45 78
45 92
45 93
45 95
45 96
45 97
45 98
45 99
45 100
45 108
45 110
45 111
45 114
45 115
46 46
46 47
46 48
46 49
46 55
46 70
46 71
46 72
46 77
46 78
46 79
46 80
46 96
46 97
46 98
46 99
46 110
46 111
46 112
46 115
47 47
47 49
47 55
47 77
47 79
47 90
47 96
47 97
47 98
47 99
47 110
47 111
48 48
48 49
48 50
48 51
48 52
48 53
48 55
48 62
48 63
48 69
48 72
48 75
48 83
48 90
48 98
49 49
49 51
49 53
49 90
49 92
49 98
49 99
49 100
49 108
49 111
50 50
50 51
50 52
50 53
50 58
50 63
50 73
50 74
50 75
50 76
50 112
51 51
51 52
51 53
51 61
51 63
51 69
51 75
51 90
51 112
52 52
52 53
52 54
52 56
52 58
52 59
52 61
52 62
52 63
52 68
52 69
52 72
52 73
52 74
52 75
52 76
52 83
52 89
52 90
53 53
53 55
53 63
53 69
53 72
53 74
53 75
53 77
53 90
53 91
53 99
54 54
54 55
54 57
54 58
54 68
54 72
54 83
54 86
54 88
54 89
54 101
55 55
55 68
55 69
55 72
55 81
55 82
55 83
55 90
55 91
55 98
56 56
56 57
56 59
56 60
56 61
56 62
56 63
56 68
56 89
56 90
57 57
57 59
57 63
57 68
57 79
57 88
57 89
57 101
58 58
58 59
58 60
58 61
58 62
58 63
58 64
58 66
58 67
58 68
58 69
58 83
58 88
58 89
58 106
58 107
59 59
59 60
59 61
59 62
59 63
59 66
59 89
59 90
60 60
60 61
60 62
60 63
60 64
60 65
60 88
60 89
60 106
61 61
61 63
61 65
61 90
61 92
61 100
61 106
62 62
62 63
62 68
62 72
62 83
62 90
62 98
63 63
63 68
63 69
63 89
63 90
64 64
64 65
64 67
64 82
64 84
64 86
64 87
64 88
64 93
65 65
65 92
65 100
65 106
66 66
66 67
66 106
66 107
67 67
67 88
67 110
68 68
68 69
68 73
68 76
68 80
68 83
68 86
68 89
68 90
68 101
69 69
69 82
69 83
69 89
69 90
70 70
70 71
70 72
70 73
70 74
70 75
70 76
70 77
70 78
70 79
70 91
70 94
70 97
70 101
70 103
70 104
70 107
70 114
70 115
71 71
71 73
71 75
71 76
71 77
71 78
71 79
71 85
71 87
71 93
71 94
71 95
71 96
71 108
71 109
71 110
71 113
71 114
71 115
72 72
72 73
72 74
72 75
72 77
72 81
72 83
72 85
73 73
73 74
73 75
73 76
73 77
73 83
73 85
74 74
74 75
74 76
75 75
75 76
75 77
75 78
75 85
75 95
75 99
75 108
75 109
75 111
75 112
75 113
75 114
75 115
76 76
76 77
76 87
77 77
77 78
77 79
77 102
77 104
77 108
77 114
77 115
78 78
78 79
78 80
78 81
78 93
78 95
78 96
78 97
78 99
78 103
78 105
78 108
78 109
78 110
78 111
78 112
78 113
78 114
78 115
79 79
79 80
79 81
79 96
79 99
79 103
79 109
79 112
79 113
79 114
79 115
80 80
80 81
80 85
80 86
80 93
80 97
80 99
80 103
80 109
80 111
80 112
80 113
80 114
80 115
81 81
81 91
81 94
81 105
82 82
82 83
82 84
82 85
82 86
82 87
83 83
83 90
84 84
84 85
84 86
84 88
85 85
85 87
85 113
85 114
86 86
86 87
86 88
86 89
86 93
86 95
86 101
86 103
86 110
86 113
87 87
87 95
87 103
87 108
87 109
87 110
87 112
87 113
87 114
88 88
88 89
88 93
88 94
88 101
88 110
89 89
89 101
89 106
89 107
90 90
90 91
90 92
90 98
90 106
91 91
91 93
91 94
91 97
91 98
91 99
91 101
91 103
92 92
92 93
92 97
92 99
92 100
92 104
92 108
92 115
93 93
93 94
93 95
93 96
93 97
93 99
93 101
93 103
93 108
93 109
93 110
93 111
93 112
93 113
93 114
93 115
94 94
94 97
94 101
94 104
94 105
94 107
94 115
95 95
95 96
95 102
95 103
95 108
95 109
95 110
95 111
95 112
95 113
95 114
95 115
96 96
96 97
96 98
96 99
96 103
96 108
96 109
96 110
96 111
96 112
96 113
96 114
96 115
97 97
97 99
97 101
97 103
97 104
97 105
97 107
97 109
97 111
97 114
97 115
98 98
98 99
98 108
98 111
98 112
99 99
99 103
99 108
99 109
99 111
99 112
99 113
99 114
99 115
100 100
100 104
100 106
100 108
101 101
101 103
101 104
101 106
102 102
102 103
102 108
103 103
103 104
103 108
103 109
103 111
103 112
103 113
103 114
103 115
104 104
104 105
104 106
104 107
105 105
105 107
105 115
106 106
106 107
107 107
108 108
108 109
108 110
108 111
108 112
108 113
108 114
108 115
109 109
109 110
109 111
109 112
109 113
109 114
109 115
110 110
110 111
110 112
110 113
110 114
110 115
111 111
111 112
111 113
111 114
111 115
112 112
112 113
112 114
112 115
113 113
113 114
113 115
114 114
114 115
115 115
