0 0
0 10
0 11
0 12
0 13
0 15
0 16
0 17
0 28
0 38
0 48
0 52
0 56
0 58
0 60
0 62
0 63
1 1
1 16
1 17
1 19
1 29
1 33
1 37
1 39
1 42
1 43
1 44
1 45
1 46
1 49
1 51
1 53
1 56
1 57
1 59
1 63
1 68
1 69
1 77
1 78
1 79
1 80
1 81
2 2
2 4
2 6
2 7
2 8
2 18
2 20
2 22
2 23
2 24
2 26
2 27
2 30
2 52
2 58
2 60
2 64
2 65
2 66
2 67
2 70
2 71
2 73
2 74
2 75
2 86
2 88
2 90
2 91
2 92
2 93
2 94
2 96
2 97
2 109
2 110
2 111
3 3
3 20
3 23
3 24
3 25
3 26
3 27
3 44
3 46
3 50
3 65
3 77
3 78
3 79
3 83
3 84
3 85
3 89
4 4
4 5
4 6
4 8
4 9
4 10
4 12
4 13
4 14
4 22
4 23
4 27
4 37
4 39
4 52
4 54
4 58
4 60
4 64
4 65
4 75
4 86
4 87
4 88
4 89
4 90
4 91
4 92
4 93
5 5
5 7
5 9
5 21
5 23
5 25
5 27
5 34
5 35
5 41
5 45
5 47
5 65
5 67
5 89
5 91
5 92
5 93
5 96
5 99
5 110
5 113
6 6
6 7
6 8
6 9
6 10
6 12
6 13
6 14
6 22
6 23
6 24
6 30
6 52
6 54
6 58
6 60
6 64
6 65
6 66
6 67
6 73
6 74
6 75
6 83
6 84
6 86
6 88
6 90
6 91
6 92
6 93
6 94
6 96
6 97
6 102
6 108
6 111
6 114
7 7
7 8
7 9
7 11
7 13
7 58
7 60
7 61
7 64
7 65
7 67
7 73
7 90
7 91
7 92
7 94
7 97
7 99
7 114
8 8
8 9
8 10
8 11
8 12
8 13
8 14
8 22
8 52
8 54
8 58
8 60
8 61
8 64
8 65
8 88
8 91
8 92
8 93
8 94
8 100
8 115
9 9
9 10
9 11
9 12
9 13
9 14
9 15
9 23
9 58
9 60
9 61
9 64
9 65
9 83
9 88
9 89
9 90
9 91
9 92
9 93
10 10
10 11
10 12
10 13
10 14
10 15
10 22
10 28
10 48
10 52
10 54
10 58
10 60
10 61
10 64
10 65
10 83
10 86
10 88
10 90
10 91
10 94
10 95
10 111
11 11
11 12
11 13
11 14
11 15
11 16
11 28
11 48
11 52
11 54
11 58
11 60
11 61
11 63
11 64
11 65
11 88
11 90
11 98
12 12
12 13
12 14
12 15
12 22
12 28
12 48
12 52
12 54
12 58
12 60
12 61
12 63
12 64
12 83
12 88
12 91
12 93
12 103
13 13
13 14
13 15
13 40
13 52
13 54
13 58
13 60
13 61
13 64
13 65
13 76
13 88
13 89
13 90
13 92
13 93
13 94
13 96
13 97
13 98
13 108
13 111
14 14
14 15
14 22
14 23
14 28
14 40
14 52
14 54
14 58
14 60
14 61
14 64
14 82
14 83
14 88
14 89
14 90
14 91
14 93
14 108
15 15
15 16
15 28
15 38
15 39
15 40
15 52
15 54
15 60
15 72
15 82
15 83
15 88
15 89
15 90
15 95
15 98
15 101
16 16
16 17
16 18
16 19
16 28
16 29
16 32
16 38
16 43
16 44
16 46
16 49
16 51
16 53
16 55
16 56
16 57
16 59
16 62
16 63
16 68
16 72
16 78
16 79
16 80
16 81
16 85
16 100
16 107
17 17
17 18
17 19
17 28
17 29
17 32
17 33
17 38
17 42
17 43
17 44
17 45
17 46
17 49
17 51
17 53
17 55
17 56
17 57
17 59
17 62
17 63
17 68
17 78
17 79
17 80
17 81
18 18
18 19
18 22
18 28
18 30
18 32
18 33
18 50
18 57
18 59
18 62
18 63
18 66
18 68
18 72
18 82
18 83
18 103
18 104
18 107
19 19
19 28
19 32
19 33
19 38
19 43
19 44
19 46
19 49
19 53
19 56
19 57
19 59
19 62
19 63
19 68
19 69
19 78
19 79
19 80
19 81
19 82
19 83
19 103
19 104
19 105
19 106
19 107
20 20
20 21
20 22
20 23
20 24
20 25
20 26
20 27
20 30
20 46
20 47
20 68
20 70
20 74
20 75
20 82
20 91
20 93
20 96
20 101
20 106
20 108
21 21
21 24
21 25
21 26
21 27
21 39
21 46
21 47
21 53
21 57
21 68
21 78
21 80
21 92
21 104
21 109
21 113
22 22
22 23
22 24
22 26
22 27
22 30
22 50
22 54
22 64
22 75
22 82
22 83
22 84
22 86
22 87
22 88
22 91
22 93
22 101
23 23
23 24
23 25
23 26
23 27
23 54
23 64
23 69
23 70
23 83
23 84
23 85
23 88
23 89
23 90
23 91
23 93
23 106
23 109
24 24
24 25
24 26
24 27
24 30
24 31
24 34
24 37
24 41
24 42
24 46
24 47
24 50
24 53
24 70
24 71
24 73
24 74
24 75
24 82
24 84
24 87
24 93
24 104
24 109
25 25
25 26
25 27
25 30
25 31
25 34
25 35
25 37
25 39
25 41
25 42
25 44
25 45
25 46
25 47
25 65
25 67
25 70
25 73
25 74
25 76
25 77
25 79
25 85
25 109
26 26
26 27
26 30
26 31
26 34
26 35
26 37
26 39
26 42
26 43
26 45
26 46
26 47
26 50
26 53
26 67
26 77
26 109
26 110
27 27
27 30
27 34
27 35
27 37
27 39
27 46
27 47
27 50
27 65
27 67
27 86
27 87
27 92
27 93
27 96
27 109
27 110
28 28
28 29
28 30
28 31
28 32
28 40
28 43
28 56
28 62
28 63
28 72
28 78
28 81
28 82
28 83
28 106
29 29
29 30
29 31
29 32
29 33
29 36
29 42
29 43
29 44
29 53
29 56
29 62
29 72
29 73
29 74
29 76
29 79
29 80
29 81
29 100
30 30
30 31
30 34
30 42
30 47
30 50
30 70
30 71
30 73
30 74
30 75
30 82
30 83
30 96
30 108
30 109
31 31
31 33
31 34
31 35
31 42
31 43
31 44
31 67
31 70
31 72
31 73
31 74
31 75
31 81
31 85
31 108
31 111
32 32
32 33
32 42
32 49
32 56
32 57
32 59
32 62
32 63
32 66
32 68
32 72
32 79
32 81
32 107
33 33
33 34
33 35
33 42
33 43
33 44
33 45
33 49
33 56
33 57
33 59
33 63
33 66
33 67
33 68
33 78
33 79
33 80
33 81
33 110
34 34
34 35
34 37
34 42
34 44
34 45
34 47
34 50
34 66
34 67
34 70
34 73
34 77
34 84
34 110
35 35
35 37
35 44
35 45
35 47
35 48
35 65
35 66
35 67
35 80
35 110
36 36
36 38
36 39
36 40
36 41
36 42
36 46
36 53
36 54
36 56
36 70
36 71
36 73
36 75
36 76
36 98
36 112
37 37
37 39
37 40
37 41
37 46
37 77
37 86
37 87
37 88
37 89
37 95
37 108
37 109
38 38
38 39
38 40
38 43
38 53
38 54
38 55
38 56
38 72
38 79
38 80
38 81
38 82
38 98
38 112
39 39
39 40
39 42
39 43
39 51
39 55
39 56
39 77
39 78
39 80
39 81
39 82
39 89
39 95
39 108
40 40
40 42
40 43
40 61
40 76
40 96
40 108
41 41
41 54
41 70
41 71
41 73
41 74
41 75
41 76
41 77
41 87
41 88
41 89
41 97
41 99
41 112
42 42
42 43
42 44
42 45
42 46
42 47
42 49
42 53
42 56
42 57
42 68
42 70
42 72
42 77
42 78
42 79
42 80
42 81
42 96
42 108
42 109
42 110
42 113
43 43
43 44
43 45
43 46
43 47
43 49
43 53
43 55
43 56
43 57
43 68
43 78
43 79
43 80
43 81
44 44
44 45
44 46
44 47
44 49
44 55
44 56
44 57
44 59
44 62
44 78
44 79
44 80
44 81
44 85
45 45
45 46
45 47
45 48
45 49
45 55
45 67
45 68
45 78
45 79
45 80
45 81
45 110
46 46
46 47
46 49
46 51
46 53
46 56
46 57
46 62
46 68
46 69
46 78
46 79
46 80
46 81
46 85
46 104
46 112
47 47
47 49
47 53
47 55
47 68
47 70
47 78
47 80
47 99
47 104
47 105
47 109
47 110
47 113
48 48
48 51
48 58
48 60
48 67
48 94
49 49
49 51
49 53
49 55
49 56
49 57
49 59
49 62
49 68
49 78
49 79
49 80
49 81
49 85
49 105
49 109
50 50
50 57
50 64
50 66
50 67
50 68
50 77
50 84
50 85
50 87
50 112
51 51
51 53
51 55
51 56
51 57
51 59
51 63
51 68
51 69
51 78
51 80
51 81
51 104
51 113
52 52
52 54
52 58
52 60
52 65
52 88
52 91
52 94
53 53
53 56
53 57
53 68
53 69
53 70
53 78
53 79
53 80
53 81
53 105
53 109
54 54
54 55
54 58
54 60
54 64
54 82
54 83
54 88
54 89
54 93
54 114
55 55
55 78
55 80
55 81
55 89
55 96
55 99
55 106
56 56
56 57
56 59
56 62
56 63
56 68
56 69
56 78
56 79
56 80
56 81
56 85
57 57
57 59
57 62
57 63
57 68
57 69
57 77
57 78
57 79
57 80
57 81
57 104
58 58
58 59
58 60
58 61
58 63
58 64
58 65
58 66
58 88
58 91
58 92
58 93
58 94
58 97
58 102
59 59
59 61
59 62
59 63
59 66
59 68
59 79
59 81
59 104
59 115
60 60
60 61
60 63
60 64
60 65
60 88
60 90
60 94
60 111
60 114
61 61
61 63
61 65
61 90
61 92
61 95
61 99
61 102
62 62
62 63
62 68
62 72
62 79
62 80
62 81
62 85
62 100
62 101
62 107
62 112
63 63
63 68
63 79
63 80
63 81
63 104
63 115
64 64
64 65
64 66
64 67
64 82
64 83
64 84
64 88
64 90
64 91
64 93
64 94
64 114
65 65
65 66
65 67
65 76
65 84
65 88
65 89
65 90
65 92
65 93
65 97
65 102
65 111
65 114
66 66
66 67
66 73
66 75
66 102
66 110
66 111
67 67
67 75
67 84
67 90
67 92
67 96
67 97
67 102
67 110
67 111
68 68
68 69
68 77
68 78
68 79
68 80
68 81
68 85
68 103
68 104
68 107
69 69
69 77
69 78
69 79
69 81
69 104
69 105
69 106
70 70
70 71
70 72
70 73
70 74
70 75
70 76
70 77
70 97
70 111
70 112
71 71
71 73
71 74
71 75
71 76
71 77
71 91
71 94
71 97
71 103
71 109
71 111
71 113
72 72
72 74
72 81
72 82
72 87
72 96
72 97
72 98
72 100
72 101
72 107
72 112
73 73
73 74
73 75
73 76
73 77
73 84
73 85
73 94
73 97
73 102
73 111
73 112
73 113
73 114
74 74
74 75
74 76
74 84
74 90
74 91
74 93
74 94
74 96
74 97
74 98
74 99
74 100
74 101
74 102
74 111
74 112
74 113
75 75
75 76
75 90
75 91
75 93
75 94
75 96
75 97
75 99
75 111
76 76
76 88
76 92
76 96
76 97
76 98
76 99
76 102
76 111
77 77
77 78
77 79
77 89
77 95
77 111
78 78
78 79
78 80
78 81
78 85
79 79
79 80
79 81
79 85
80 80
80 81
80 85
80 100
81 81
81 85
81 100
82 82
82 83
82 84
82 87
82 93
82 101
82 103
83 83
83 88
83 93
83 106
84 84
84 86
84 87
84 88
84 90
84 93
84 101
84 102
84 103
85 85
85 87
85 89
85 100
86 86
86 87
86 101
86 102
86 103
86 108
86 109
86 110
87 87
87 88
87 89
87 101
88 88
88 89
88 90
88 92
88 93
89 89
89 90
89 92
89 97
90 90
90 91
90 92
90 93
90 95
90 97
90 98
90 106
90 107
90 111
91 91
91 92
91 93
91 94
91 99
91 100
91 102
91 103
91 104
91 105
91 106
91 107
91 113
92 92
92 93
92 96
92 97
92 99
92 102
92 110
93 93
93 96
93 98
93 99
93 101
93 102
93 103
93 106
93 110
94 94
94 96
94 97
94 109
94 111
94 114
95 95
95 97
95 108
95 111
96 96
96 97
96 98
96 99
96 108
96 110
96 111
96 113
97 97
97 98
97 99
97 101
97 102
97 111
97 113
97 114
98 98
98 99
98 101
98 111
98 112
99 99
99 104
99 110
99 111
99 113
100 100
101 101
101 102
101 103
102 102
102 104
102 108
102 111
102 114
103 103
103 104
104 104
104 105
104 107
104 110
104 113
104 115
105 105
105 115
106 106
106 107
106 115
107 107
107 113
107 115
108 108
108 110
108 111
109 109
109 113
110 110
110 111
110 113
111 111
112 112
113 113
113 115
114 114
114 115
115 115
