0 0
0 1
0 8
0 10
0 12
0 13
0 14
0 16
0 18
0 19
0 42
0 43
0 55
0 56
0 57
0 58
0 61
0 63
0 68
0 69
0 78
0 81
0 82
0 84
0 88
0 89
1 1
1 10
1 11
1 12
1 13
1 15
1 17
1 19
1 29
1 32
1 33
1 39
1 40
1 55
1 56
1 57
1 58
1 59
1 60
1 61
1 62
1 63
1 68
1 69
1 79
2 2
2 3
2 4
2 5
2 6
2 7
2 8
2 9
2 18
2 22
2 23
2 30
2 60
2 64
2 65
2 87
2 88
2 91
2 92
2 93
2 101
2 113
2 114
3 3
3 5
3 6
3 7
3 8
3 9
3 11
3 18
3 22
3 23
3 25
3 27
3 30
3 31
3 34
3 35
3 64
3 65
3 71
3 77
3 84
3 85
3 87
3 88
3 92
3 93
4 4
4 5
4 6
4 8
4 9
4 15
4 18
4 24
4 25
4 26
4 30
4 33
4 60
4 88
4 92
4 93
4 101
4 103
4 104
4 105
4 106
4 107
5 5
5 9
5 21
5 23
5 24
5 25
5 26
5 27
5 30
5 31
5 64
5 65
5 67
5 85
5 88
5 92
5 103
6 6
6 7
6 10
6 12
6 30
6 33
6 60
6 61
6 65
6 70
6 87
6 90
6 91
6 92
6 93
6 95
6 114
6 115
7 7
7 9
7 11
7 13
7 30
7 31
7 33
7 35
7 60
7 64
7 65
7 70
7 71
7 73
7 75
7 76
7 77
7 85
7 90
7 92
7 115
8 8
8 9
8 14
8 18
8 22
8 23
8 48
8 49
8 60
8 64
8 69
8 77
8 88
8 90
8 91
8 92
8 93
9 9
9 49
9 60
9 64
9 65
9 69
9 88
9 92
9 93
10 10
10 11
10 12
10 13
10 15
10 16
10 17
10 28
10 29
10 32
10 33
10 60
10 61
10 62
10 63
10 72
10 80
10 84
10 115
11 11
11 12
11 13
11 15
11 17
11 31
11 32
11 61
11 65
11 70
11 71
11 73
11 85
11 92
11 115
12 12
12 13
12 15
12 16
12 54
12 58
12 60
12 61
12 62
12 112
12 113
12 115
13 13
13 15
13 16
13 17
13 58
13 60
13 61
13 62
13 63
13 65
13 70
13 73
13 74
13 76
14 14
14 15
14 18
14 19
14 22
14 23
14 24
14 25
14 27
14 30
14 34
14 36
14 38
14 64
14 82
14 83
14 84
14 86
14 88
14 89
14 93
14 108
15 15
15 28
15 29
15 30
15 36
15 70
15 72
15 73
15 75
15 76
15 83
15 106
16 16
16 17
16 28
16 32
16 42
16 43
16 44
16 46
16 47
16 56
16 57
16 62
16 63
16 68
16 69
16 72
16 78
16 79
16 80
16 81
16 84
16 85
16 96
16 115
17 17
17 28
17 29
17 31
17 32
17 33
17 56
17 57
17 62
17 63
17 72
17 73
17 78
17 79
17 80
17 81
17 85
17 112
17 113
17 114
17 115
18 18
18 19
18 22
18 23
18 26
18 27
18 60
18 64
18 68
18 75
18 77
18 88
18 91
18 92
18 93
18 100
18 101
18 102
18 103
19 19
19 39
19 41
19 55
19 68
19 69
19 82
19 83
19 84
19 85
20 20
20 21
20 26
20 34
20 35
20 37
20 39
20 41
20 66
20 70
20 71
20 73
20 74
20 75
20 76
20 77
20 90
20 91
20 94
20 100
20 102
20 103
20 109
20 110
21 21
21 24
21 25
21 26
21 27
21 29
21 34
21 36
21 37
21 38
21 39
21 40
21 41
21 66
21 70
21 71
21 72
21 73
21 76
21 94
21 96
21 105
21 106
21 109
21 110
22 22
22 23
22 24
22 25
22 26
22 27
22 64
22 69
22 84
22 86
22 88
22 89
22 92
22 93
22 113
23 23
23 24
23 25
23 27
23 30
23 31
23 34
23 64
23 77
23 84
23 86
23 88
23 92
23 93
24 24
24 25
24 26
24 27
24 30
24 31
24 34
24 36
24 50
24 54
24 84
24 86
24 93
24 96
24 103
24 105
24 106
24 107
24 110
25 25
25 26
25 27
25 30
25 31
25 34
25 36
25 50
25 67
25 78
25 84
25 86
25 88
25 96
25 103
25 107
25 110
26 26
26 27
26 34
26 38
26 39
26 48
26 54
26 66
26 72
26 86
26 88
26 89
26 93
26 100
26 101
26 103
26 105
26 106
26 107
26 110
27 27
27 34
27 68
27 84
27 86
27 88
27 93
27 96
27 103
27 110
28 28
28 29
28 30
28 31
28 32
28 33
28 36
28 40
28 62
28 63
28 72
28 73
28 76
28 78
28 79
28 80
28 81
28 82
28 83
28 84
28 85
28 96
28 110
29 29
29 30
29 32
29 33
29 36
29 37
29 38
29 39
29 40
29 41
29 62
29 63
29 72
29 73
29 76
29 79
29 80
29 81
29 82
29 83
29 87
29 94
29 95
29 96
29 97
29 98
29 99
29 102
29 106
29 109
29 112
29 114
29 115
30 30
30 31
30 33
30 34
30 35
30 36
30 64
30 70
30 72
30 73
30 76
30 83
30 87
30 92
30 93
30 113
31 31
31 33
31 35
31 36
31 64
31 65
31 70
31 71
31 73
31 76
31 77
31 80
31 92
31 110
32 32
32 33
32 40
32 56
32 57
32 60
32 62
32 63
32 68
32 69
32 72
32 78
32 79
32 80
32 81
32 95
32 97
32 112
32 113
32 114
32 115
33 33
33 35
33 60
33 62
33 65
33 72
33 73
33 76
33 77
33 83
33 94
33 95
33 97
33 109
33 114
33 115
34 34
34 35
34 37
34 67
34 71
34 75
34 77
34 91
34 93
34 94
34 95
34 97
34 105
34 108
34 109
34 110
34 111
35 35
35 37
35 40
35 41
35 45
35 65
35 66
35 67
35 70
35 71
35 75
35 76
35 77
35 90
35 110
36 36
36 37
36 38
36 40
36 71
36 72
36 73
36 74
36 75
36 76
36 77
36 90
36 95
36 96
36 97
36 98
36 99
36 108
36 109
36 110
36 111
36 114
37 37
37 38
37 39
37 40
37 41
37 55
37 70
37 71
37 72
37 73
37 75
37 76
37 77
37 83
37 87
37 90
37 94
37 95
37 96
37 97
37 98
37 99
37 108
37 109
37 110
37 111
38 38
38 39
38 40
38 41
38 54
38 55
38 73
38 82
38 83
38 86
38 89
38 94
38 95
38 96
38 97
38 109
38 113
38 114
38 115
39 39
39 40
39 41
39 55
39 71
39 73
39 82
39 83
39 87
39 89
39 94
39 95
39 97
39 108
39 109
40 40
40 41
40 55
40 62
40 63
40 72
40 73
40 74
40 80
40 81
40 82
40 83
40 94
40 96
40 97
40 98
40 99
40 108
40 109
40 114
40 115
41 41
41 71
41 73
41 74
41 75
41 77
41 83
41 87
41 90
41 91
41 94
41 95
41 97
41 108
41 109
42 42
42 43
42 44
42 45
42 46
42 47
42 48
42 49
42 50
42 51
42 52
42 53
42 55
42 56
42 57
42 59
42 63
42 68
42 69
42 78
42 79
42 80
42 81
42 96
43 43
43 44
43 45
43 46
43 47
43 49
43 50
43 51
43 52
43 55
43 56
43 57
43 63
43 68
43 69
43 78
43 79
43 80
43 81
43 84
43 96
44 44
44 45
44 46
44 47
44 48
44 49
44 50
44 51
44 52
44 53
44 55
44 56
44 57
44 110
45 45
45 47
45 48
45 49
45 50
45 51
45 52
45 53
45 67
45 107
45 110
46 46
46 47
46 55
46 56
46 57
46 68
46 69
46 78
46 79
46 80
46 81
46 84
46 96
46 110
47 47
47 49
47 50
47 51
47 52
47 53
47 55
47 56
47 57
47 59
47 68
47 69
47 78
47 79
47 80
47 81
47 84
47 96
47 110
48 48
48 49
48 50
48 51
48 52
48 53
48 58
48 59
48 66
48 91
48 93
48 100
48 101
48 103
48 104
48 105
48 107
49 49
49 50
49 51
49 52
49 53
49 58
49 59
49 104
50 50
50 51
50 52
50 53
50 56
50 57
50 58
50 59
50 66
50 101
50 103
50 107
51 51
51 52
51 53
51 55
51 58
51 59
51 89
51 90
51 100
52 52
52 53
52 56
52 57
52 58
52 59
52 61
52 63
52 89
52 90
53 53
53 54
53 55
53 57
53 58
53 59
53 86
53 89
53 90
53 107
54 54
54 55
54 58
54 59
54 62
54 63
54 82
54 86
54 89
54 98
54 99
54 102
54 106
54 107
54 111
54 112
54 113
54 114
54 115
55 55
55 56
55 57
55 59
55 68
55 69
55 79
55 81
55 82
55 86
55 87
55 89
55 94
55 95
55 96
55 98
55 99
55 108
55 109
56 56
56 57
56 59
56 61
56 63
56 68
56 69
56 78
56 79
56 80
56 81
57 57
57 59
57 61
57 63
57 68
57 69
57 78
57 79
57 80
57 81
58 58
58 59
58 60
58 61
58 62
58 63
58 66
58 68
58 89
58 100
58 102
58 106
58 107
59 59
59 61
59 66
59 68
59 89
59 100
59 102
59 106
59 107
60 60
60 61
60 63
60 64
60 65
60 88
60 93
60 102
61 61
61 62
61 63
61 65
61 89
61 102
62 62
62 63
62 66
62 72
62 73
62 74
62 76
62 80
62 81
62 112
62 115
63 63
63 72
63 73
63 79
63 80
63 81
63 102
63 106
63 112
63 115
64 64
64 65
64 82
64 84
64 85
64 88
64 92
64 93
65 65
65 67
65 71
65 77
65 88
65 90
65 92
65 94
65 100
66 66
66 67
66 102
66 106
66 107
67 67
67 107
67 110
68 68
68 69
68 78
68 79
68 81
69 69
69 78
69 79
69 80
69 81
69 84
70 70
70 71
70 72
70 73
70 74
70 75
70 76
70 77
70 90
70 91
70 92
70 105
71 71
71 73
71 74
71 75
71 76
71 77
71 90
71 91
71 92
71 94
71 97
71 98
71 100
71 102
71 109
71 114
72 72
72 73
72 74
72 75
72 76
72 79
72 80
72 81
72 83
72 96
72 98
72 115
73 73
73 74
73 75
73 76
73 83
73 90
73 94
73 98
73 99
73 102
73 106
73 109
73 112
73 114
73 115
74 74
74 75
74 76
74 77
75 75
75 76
75 77
75 83
75 90
75 91
75 92
75 93
75 98
75 99
75 100
75 102
75 108
75 110
75 111
76 76
76 77
76 96
76 97
76 98
76 99
76 102
76 106
76 110
76 111
76 112
76 114
76 115
77 77
77 90
77 91
77 92
77 93
77 109
77 110
78 78
78 79
78 80
78 81
78 84
78 85
78 96
79 79
79 80
79 81
79 96
80 80
80 81
80 84
80 85
80 96
80 110
81 81
81 84
81 85
81 96
81 110
82 82
82 83
82 84
82 85
82 86
82 87
82 94
82 95
82 97
82 98
82 99
82 108
82 109
82 111
82 114
82 115
83 83
83 85
83 87
83 90
83 94
83 95
83 97
83 108
83 109
84 84
84 85
84 86
84 88
84 96
85 85
86 86
86 87
86 88
86 89
86 113
86 114
86 115
87 87
87 90
87 94
87 95
87 97
87 98
87 99
87 108
87 109
87 111
87 112
87 113
87 114
87 115
88 88
88 89
88 92
88 93
88 100
88 101
89 89
89 93
89 100
89 102
89 106
89 107
90 90
90 91
90 92
90 93
90 97
90 98
90 99
90 100
90 102
90 109
91 91
91 92
91 93
91 98
91 99
91 100
91 101
91 102
91 103
91 104
91 107
92 92
92 93
92 100
92 101
92 103
92 104
92 107
92 113
93 93
93 100
93 101
93 102
93 103
93 104
93 105
93 107
94 94
94 95
94 97
94 99
94 108
94 109
94 111
94 112
94 113
94 114
94 115
95 95
95 97
95 98
95 99
95 108
95 109
95 111
95 112
95 113
95 114
95 115
96 96
96 97
96 98
96 99
96 109
96 110
96 111
96 112
97 97
97 98
97 99
97 108
97 109
97 111
97 112
97 114
97 115
98 98
98 99
98 100
98 102
98 108
98 109
98 110
98 111
98 112
98 114
98 115
99 99
99 100
99 102
99 106
99 108
99 109
99 111
99 112
99 113
99 114
99 115
100 100
100 101
100 102
100 103
100 106
100 107
100 112
100 113
101 101
101 102
101 103
101 104
101 105
101 106
101 107
101 113
102 102
102 103
102 106
102 107
102 112
102 113
103 103
103 104
103 105
103 106
103 107
104 104
104 105
104 106
104 107
104 113
105 105
105 107
106 106
106 107
106 113
107 107
107 110
108 108
108 109
108 111
108 112
108 115
109 109
109 111
109 112
109 114
110 110
110 111
111 111
111 112
111 113
111 114
111 115
112 112
112 113
112 114
112 115
113 113
113 114
113 115
114 114
114 115
115 115
