0 0
0 1
0 3
0 10
0 11
0 18
0 19
0 56
0 57
0 58
0 59
0 60
0 68
0 69
0 76
0 99
0 107
1 1
1 7
1 10
1 11
1 12
1 14
1 17
1 19
1 56
1 57
1 60
1 61
1 63
1 72
1 79
1 80
1 83
1 99
1 106
1 107
2 2
2 3
2 4
2 5
2 6
2 7
2 8
2 9
2 18
2 22
2 23
2 24
2 25
2 26
2 27
2 33
2 35
2 48
2 58
2 59
2 64
2 65
2 66
2 67
2 69
2 90
2 92
2 101
2 106
2 107
2 115
3 3
3 4
3 5
3 6
3 7
3 8
3 9
3 18
3 19
3 22
3 23
3 24
3 26
3 27
3 33
3 59
3 64
3 66
3 68
3 69
3 86
3 90
3 92
4 4
4 5
4 6
4 8
4 9
4 18
4 20
4 21
4 22
4 23
4 24
4 26
4 27
4 48
4 49
4 51
4 52
4 59
4 66
4 71
4 88
5 5
5 6
5 9
5 15
5 20
5 22
5 23
5 24
5 26
5 27
5 38
5 48
5 49
5 51
5 54
5 59
5 66
5 69
5 87
5 88
5 89
6 6
6 7
6 8
6 9
6 12
6 18
6 22
6 23
6 27
6 33
6 34
6 35
6 59
6 64
6 65
6 66
6 67
6 68
6 69
6 88
6 90
6 91
6 92
6 106
7 7
7 9
7 13
7 19
7 23
7 24
7 33
7 34
7 35
7 58
7 59
7 61
7 65
7 67
7 69
7 90
7 91
7 92
7 101
7 105
7 106
7 107
7 112
7 114
7 115
8 8
8 9
8 10
8 11
8 12
8 13
8 14
8 15
8 18
8 22
8 23
8 24
8 25
8 64
8 69
9 9
9 13
9 15
9 22
9 23
9 24
9 26
9 27
9 35
9 49
9 51
9 90
9 92
10 10
10 11
10 12
10 13
10 14
10 16
10 17
10 22
10 28
10 31
10 56
10 57
10 60
10 63
10 64
10 72
10 79
11 11
11 12
11 13
11 14
11 17
11 22
11 23
11 31
11 56
11 57
11 60
11 61
11 64
11 65
11 79
11 83
11 107
12 12
12 13
12 14
12 22
12 23
12 24
12 28
12 31
12 33
12 57
12 60
12 64
12 107
13 13
13 14
13 15
13 17
13 29
13 30
13 31
13 64
13 98
13 112
14 14
14 16
14 22
14 28
14 30
14 31
14 36
14 40
14 60
14 64
14 71
14 72
14 74
14 78
14 80
14 82
14 83
14 84
14 87
14 107
15 15
15 26
15 27
15 29
15 38
15 73
15 83
15 87
15 89
15 92
15 112
16 16
16 17
16 20
16 21
16 28
16 31
16 36
16 40
16 44
16 62
16 63
16 70
16 71
16 72
16 74
16 76
16 78
16 79
16 80
16 81
16 82
16 83
16 84
16 99
17 17
17 28
17 29
17 31
17 40
17 41
17 42
17 43
17 45
17 53
17 55
17 56
17 57
17 62
17 63
17 70
17 72
17 73
17 74
17 75
17 76
17 77
17 78
17 79
17 80
17 81
17 98
17 99
17 111
17 113
18 18
18 19
18 22
18 23
18 24
18 27
18 32
18 33
18 56
18 59
18 60
18 64
18 66
18 68
18 69
18 106
19 19
19 32
19 56
19 57
19 59
19 66
19 68
19 69
19 97
19 106
19 115
20 20
20 21
20 24
20 25
20 26
20 27
20 37
20 38
20 39
20 41
20 42
20 43
20 44
20 50
20 52
20 53
20 54
20 55
20 70
20 71
20 74
20 75
20 81
20 84
20 85
20 88
20 97
21 21
21 25
21 26
21 36
21 37
21 38
21 39
21 41
21 42
21 43
21 46
21 52
21 53
21 54
21 55
21 70
21 71
21 72
21 73
21 74
21 75
21 81
21 82
21 84
21 85
21 87
21 88
21 89
21 97
21 110
22 22
22 23
22 24
22 25
22 27
22 30
22 59
22 64
22 69
23 23
23 24
23 25
23 26
23 27
23 33
23 64
23 87
24 24
24 25
24 33
24 50
24 59
24 64
24 67
24 69
25 25
25 30
25 31
25 35
25 45
25 50
25 64
25 65
25 67
25 70
25 84
25 100
25 110
26 26
26 27
26 38
26 42
26 46
26 49
26 51
26 52
26 53
26 54
26 66
26 68
26 71
26 85
26 86
26 88
26 89
26 115
27 27
27 38
27 46
27 48
27 49
27 51
27 52
27 54
27 59
27 66
27 68
27 69
27 86
27 87
27 88
27 89
28 28
28 29
28 30
28 31
28 36
28 40
28 62
28 63
28 71
28 72
28 74
28 76
28 78
28 79
28 80
28 81
28 82
28 83
28 84
28 87
28 96
29 29
29 32
29 36
29 37
29 39
29 40
29 41
29 46
29 53
29 54
29 55
29 63
29 71
29 72
29 73
29 74
29 75
29 76
29 78
29 79
29 81
29 83
29 85
29 89
29 94
29 96
29 111
29 113
30 30
30 31
30 33
30 40
30 44
30 45
30 64
30 70
30 71
30 72
30 74
31 31
31 33
31 40
31 44
31 45
31 63
31 64
31 65
31 70
31 71
31 72
31 74
31 76
31 78
31 79
31 80
31 82
31 84
32 32
32 33
32 36
32 40
32 60
32 62
32 68
32 78
32 87
32 96
32 97
33 33
33 35
33 60
33 61
33 65
33 67
33 92
33 103
33 106
33 107
34 34
34 35
34 36
34 65
34 66
34 67
34 86
34 88
34 89
34 91
34 94
34 114
35 35
35 45
35 58
35 65
35 66
35 67
35 69
35 77
35 88
35 90
35 91
35 92
35 93
35 100
35 102
35 105
35 106
35 109
35 110
35 114
36 36
36 37
36 38
36 40
36 42
36 46
36 52
36 53
36 54
36 62
36 71
36 72
36 74
36 78
36 80
36 81
36 82
36 83
36 84
36 85
36 87
36 94
36 96
37 37
37 38
37 39
37 40
37 41
37 42
37 43
37 46
37 47
37 51
37 52
37 53
37 54
37 55
37 62
37 70
37 71
37 74
37 75
37 81
37 83
37 85
37 89
37 95
37 96
37 97
37 98
37 109
37 110
37 111
38 38
38 39
38 41
38 42
38 46
38 51
38 52
38 53
38 54
38 55
38 71
38 82
38 85
38 87
38 88
38 89
38 97
38 109
39 39
39 41
39 42
39 46
39 52
39 53
39 54
39 55
39 75
39 83
39 85
39 86
39 87
39 88
39 89
39 97
39 110
39 111
40 40
40 41
40 44
40 45
40 46
40 62
40 63
40 71
40 72
40 74
40 78
40 79
40 80
40 81
40 82
40 83
40 84
40 87
40 96
40 113
41 41
41 42
41 43
41 46
41 47
41 52
41 53
41 54
41 55
41 62
41 63
41 70
41 72
41 73
41 74
41 75
41 76
41 79
41 81
41 83
41 85
41 88
41 89
41 96
41 97
41 102
41 110
41 111
41 113
42 42
42 43
42 44
42 45
42 46
42 47
42 49
42 50
42 52
42 53
42 54
42 55
42 70
42 71
42 73
42 75
42 81
42 84
42 85
42 87
42 88
42 89
42 98
42 111
42 113
43 43
43 44
43 45
43 46
43 47
43 49
43 50
43 52
43 53
43 54
43 55
43 63
43 70
43 71
43 75
43 76
43 81
43 84
43 85
43 96
43 98
43 110
43 111
43 113
44 44
44 45
44 46
44 47
44 48
44 49
44 50
44 51
44 63
44 70
44 71
44 78
44 81
44 98
44 111
45 45
45 46
45 47
45 49
45 50
45 63
45 65
45 67
45 70
45 77
45 81
45 93
45 98
45 100
45 111
46 46
46 47
46 49
46 51
46 52
46 53
46 54
46 55
46 71
46 73
46 75
46 81
46 85
46 87
46 88
46 89
46 96
46 98
46 111
46 113
47 47
47 53
47 55
47 62
47 63
47 70
47 75
47 76
47 77
47 81
47 93
47 96
47 98
47 99
47 109
47 110
47 111
48 48
48 49
48 50
48 51
48 58
48 59
48 66
48 70
48 90
48 100
49 49
49 50
49 51
49 71
49 105
49 115
50 50
50 51
50 52
50 70
50 84
50 100
51 51
51 52
51 53
51 54
51 55
51 58
51 59
51 66
51 68
51 69
51 85
51 88
51 89
51 90
52 52
52 53
52 54
52 55
52 70
52 75
52 81
52 83
52 85
52 87
52 88
52 89
52 98
52 111
52 113
53 53
53 54
53 55
53 73
53 75
53 76
53 81
53 83
53 85
53 87
53 88
53 89
53 94
53 98
53 111
53 113
54 54
54 55
54 68
54 73
54 85
54 86
54 87
54 88
54 89
54 95
54 96
54 104
54 109
55 55
55 73
55 75
55 76
55 79
55 81
55 83
55 85
55 87
55 88
55 89
55 95
55 96
55 97
55 98
55 99
55 111
55 113
56 56
56 57
56 58
56 60
56 61
56 63
56 68
56 72
56 76
56 79
56 99
56 107
57 57
57 61
57 63
57 68
57 69
57 79
57 106
57 107
58 58
58 59
58 60
58 61
58 65
58 66
58 67
58 69
58 88
58 90
58 91
58 100
58 105
58 106
58 114
59 59
59 61
59 66
59 67
59 68
59 69
59 86
59 90
59 92
59 105
59 106
59 115
60 60
60 61
60 62
60 63
60 64
60 65
60 102
60 106
61 61
61 62
61 63
61 65
61 102
61 103
61 106
61 107
61 112
61 115
62 62
62 63
62 72
62 74
62 76
62 78
62 79
62 80
62 81
62 96
62 97
62 99
62 113
63 63
63 70
63 72
63 76
63 78
63 79
63 80
63 81
63 98
63 99
63 103
63 111
63 113
64 64
64 65
64 84
64 110
65 65
65 67
65 100
65 102
65 106
65 107
65 114
66 66
66 67
66 68
66 69
66 86
66 88
66 102
66 106
66 114
66 115
67 67
67 69
67 90
67 91
67 92
67 93
67 100
67 101
67 102
67 103
67 105
67 106
67 107
67 109
67 110
67 114
67 115
68 68
68 69
68 86
68 92
68 94
68 115
69 69
69 86
69 88
69 90
69 91
69 92
69 106
70 70
70 71
70 72
70 74
70 75
70 76
70 78
70 79
70 80
70 81
70 84
70 93
70 99
70 100
71 71
71 72
71 73
71 74
71 75
71 78
71 80
71 81
71 82
71 84
71 87
72 72
72 73
72 74
72 75
72 76
72 78
72 79
72 80
72 81
72 82
72 83
72 84
72 96
72 99
73 73
73 74
73 75
73 76
73 77
73 79
73 81
73 85
73 89
73 94
73 96
73 111
73 112
73 113
74 74
74 75
74 76
74 78
74 79
74 80
74 81
74 82
74 84
74 85
74 96
75 75
75 76
75 77
75 79
75 81
75 85
75 97
75 111
75 113
76 76
76 77
76 78
76 79
76 80
76 81
76 84
76 93
76 96
76 97
76 98
76 99
76 111
76 113
77 77
77 79
77 90
77 91
77 92
77 93
77 95
77 98
77 99
77 103
77 105
77 111
77 112
77 113
78 78
78 79
78 80
78 81
78 82
78 84
78 99
79 79
79 80
79 81
79 83
79 97
79 99
79 111
79 113
80 80
80 81
80 82
80 83
80 84
80 99
80 100
81 81
81 83
81 84
81 85
81 98
81 99
81 111
81 113
82 82
82 83
82 84
82 87
83 83
83 85
83 87
83 97
83 98
84 84
84 85
84 87
84 96
84 100
85 85
85 87
85 88
85 89
85 95
85 96
85 109
85 110
85 113
86 86
86 87
86 88
86 90
86 91
86 92
86 95
86 97
86 108
86 112
87 87
87 89
88 88
88 89
88 93
88 113
89 89
89 94
89 95
89 109
89 113
90 90
90 91
90 92
90 93
90 98
90 105
90 112
90 114
90 115
91 91
91 92
91 93
91 95
91 98
91 99
91 103
91 105
91 109
91 111
91 112
91 114
92 92
92 93
92 99
92 101
92 103
92 105
92 106
92 107
92 109
92 112
92 115
93 93
93 98
93 99
93 100
93 101
93 103
93 104
93 105
93 109
93 110
93 112
93 113
93 114
94 94
94 95
94 96
94 104
94 108
94 109
95 95
95 97
95 104
95 105
95 108
95 109
95 114
96 96
96 102
96 109
96 110
96 113
97 97
97 99
97 103
97 107
97 110
97 111
98 98
98 99
98 103
98 111
98 112
98 113
99 99
99 103
99 111
99 112
99 113
100 100
100 102
100 104
100 105
100 114
101 101
101 103
101 106
101 107
101 109
101 112
102 102
102 103
102 104
102 106
102 108
102 110
102 113
102 114
102 115
103 103
103 104
103 105
103 106
103 107
103 109
103 112
103 113
103 114
103 115
104 104
104 105
104 106
104 107
104 109
104 114
104 115
105 105
105 106
105 107
105 108
105 109
105 114
105 115
106 106
106 107
106 109
106 114
106 115
107 107
107 114
107 115
108 108
108 109
108 114
108 115
109 109
109 110
109 114
110 110
110 111
111 111
111 112
111 113
112 112
112 115
113 113
114 114
114 115
115 115
