0 0
0 1
0 6
0 10
0 12
0 14
0 16
0 17
0 18
0 28
0 36
0 38
0 40
0 54
0 56
0 60
0 62
0 72
0 73
0 74
0 75
0 77
0 78
0 80
0 81
0 82
0 84
0 86
0 88
1 1
1 11
1 12
1 16
1 17
1 19
1 28
1 29
1 32
1 33
1 37
1 41
1 48
1 52
1 56
1 60
1 61
1 62
1 63
1 73
1 80
1 81
1 82
1 95
1 97
1 98
1 109
1 111
2 2
2 4
2 5
2 6
2 7
2 8
2 9
2 14
2 18
2 22
2 23
2 24
2 25
2 26
2 27
2 30
2 31
2 58
2 59
2 64
2 66
2 87
2 88
2 89
2 90
3 3
3 14
3 19
3 32
3 33
3 66
3 67
3 69
3 85
3 101
3 112
4 4
4 5
4 8
4 9
4 14
4 15
4 22
4 23
4 24
4 25
4 26
4 27
4 30
4 31
4 34
4 36
4 58
4 59
4 64
4 66
4 68
4 69
4 70
4 83
4 88
4 106
4 115
5 5
5 8
5 9
5 15
5 22
5 23
5 24
5 25
5 26
5 27
5 30
5 31
5 34
5 36
5 58
5 59
5 64
5 66
5 68
5 69
5 70
5 84
5 88
5 115
6 6
6 7
6 10
6 12
6 13
6 26
6 38
6 39
6 54
6 60
6 61
6 64
6 65
6 87
6 88
6 89
6 90
7 7
7 8
7 11
7 13
7 32
7 33
7 60
7 61
7 65
7 89
7 90
7 92
7 97
7 108
8 8
8 9
8 14
8 15
8 23
8 24
8 25
8 26
8 27
8 30
8 31
8 58
8 64
8 66
8 67
8 94
8 108
8 115
9 9
9 15
9 22
9 23
9 24
9 25
9 26
9 27
9 30
9 31
9 34
9 35
9 36
9 58
9 59
9 64
9 66
9 68
9 69
9 70
9 115
10 10
10 11
10 12
10 13
10 14
10 18
10 28
10 52
10 58
10 60
10 61
10 62
10 63
10 71
10 72
10 74
10 75
10 76
10 82
10 84
11 11
11 12
11 13
11 28
11 29
11 32
11 33
11 37
11 52
11 60
11 61
11 62
11 63
11 65
11 75
11 77
11 80
11 97
11 109
12 12
12 13
12 14
12 18
12 28
12 52
12 60
12 61
12 62
12 63
12 71
12 75
12 82
12 84
13 13
13 18
13 37
13 60
13 61
13 65
13 89
13 92
13 97
14 14
14 15
14 18
14 26
14 27
14 58
14 60
14 82
14 83
14 84
14 87
14 88
14 106
14 115
15 15
15 23
15 24
15 25
15 26
15 27
15 28
15 30
15 36
15 40
15 58
15 59
15 68
15 69
15 70
15 72
15 74
15 82
15 83
15 87
16 16
16 17
16 20
16 28
16 29
16 36
16 40
16 41
16 56
16 70
16 71
16 72
16 73
16 74
16 75
16 76
16 77
16 78
16 79
16 80
16 81
16 82
17 17
17 28
17 29
17 36
17 37
17 40
17 41
17 56
17 57
17 62
17 63
17 71
17 72
17 73
17 74
17 75
17 76
17 77
17 78
17 79
17 80
17 81
17 97
17 98
17 99
17 105
17 109
17 111
18 18
18 19
18 52
18 56
18 58
18 60
18 62
18 68
18 69
18 93
18 103
18 113
19 19
19 32
19 33
19 68
19 69
19 93
19 101
20 20
20 21
20 26
20 28
20 29
20 36
20 38
20 39
20 40
20 41
20 54
20 70
20 72
20 73
20 74
20 88
20 94
21 21
21 26
21 27
21 38
21 39
21 41
21 54
21 57
21 66
21 86
21 87
21 95
21 104
21 109
21 110
22 22
22 23
22 24
22 25
22 26
22 27
22 30
22 31
22 34
22 35
22 64
22 66
22 68
22 70
22 84
22 88
22 115
23 23
23 24
23 25
23 26
23 27
23 30
23 31
23 34
23 64
23 66
23 68
23 69
23 70
23 84
23 88
23 115
24 24
24 25
24 26
24 27
24 30
24 31
24 34
24 35
24 36
24 58
24 59
24 64
24 65
24 66
24 68
24 69
24 70
24 76
24 84
24 88
24 94
24 107
24 115
25 25
25 26
25 27
25 30
25 31
25 34
25 36
25 58
25 59
25 64
25 66
25 68
25 69
25 70
25 76
25 84
25 88
25 115
26 26
26 27
26 30
26 31
26 34
26 54
26 64
26 69
26 70
26 83
26 87
26 88
26 106
27 27
27 30
27 31
27 36
27 58
27 59
27 64
27 66
27 70
27 83
27 84
27 87
27 88
27 94
27 102
27 104
27 106
27 115
28 28
28 29
28 32
28 36
28 37
28 40
28 41
28 56
28 60
28 62
28 63
28 70
28 71
28 72
28 73
28 74
28 75
28 76
28 77
28 78
28 79
28 80
28 81
28 82
28 83
28 109
29 29
29 36
29 37
29 40
29 41
29 44
29 45
29 48
29 57
29 62
29 63
29 70
29 71
29 72
29 73
29 74
29 75
29 76
29 77
29 78
29 79
29 80
29 81
29 82
29 95
29 96
29 98
29 99
29 109
29 111
30 30
30 31
30 34
30 64
30 68
30 70
30 76
30 78
30 83
30 84
31 31
31 33
31 70
31 78
31 83
31 85
31 93
32 32
32 33
32 38
32 40
32 60
32 62
32 63
32 72
32 74
32 80
32 81
32 83
32 85
32 86
33 33
33 44
33 48
33 62
33 63
33 80
33 81
33 83
33 101
34 34
34 35
34 64
34 65
34 66
34 67
34 68
34 84
34 88
35 35
35 36
35 61
35 64
35 65
35 66
35 67
35 77
35 84
36 36
36 37
36 38
36 40
36 41
36 54
36 70
36 71
36 72
36 73
36 74
36 75
36 76
36 77
36 78
36 79
36 80
36 81
36 83
36 84
36 94
37 37
37 39
37 40
37 41
37 53
37 55
37 62
37 71
37 73
37 74
37 76
37 77
37 79
37 80
37 81
37 95
37 96
37 97
37 98
37 99
37 108
37 109
37 111
37 112
37 114
38 38
38 39
38 40
38 41
38 54
38 55
38 72
38 86
38 87
38 88
38 94
38 104
38 114
38 115
39 39
39 41
39 54
39 55
39 56
39 62
39 73
39 77
39 86
39 87
39 88
39 89
39 95
39 96
39 104
39 109
39 114
39 115
40 40
40 41
40 54
40 62
40 70
40 71
40 72
40 73
40 74
40 75
40 76
40 77
40 79
40 80
40 81
40 82
40 83
40 94
40 95
41 41
41 54
41 56
41 62
41 63
41 72
41 73
41 74
41 75
41 77
41 78
41 79
41 80
41 81
41 82
41 95
41 109
42 42
42 43
42 44
42 45
42 46
42 47
42 48
42 49
42 50
42 51
42 53
42 55
42 66
42 67
42 91
42 93
42 96
42 97
42 98
42 99
42 100
42 101
42 110
42 112
43 43
43 45
43 46
43 47
43 49
43 50
43 51
43 53
43 65
43 66
43 67
43 91
43 93
43 96
43 97
43 103
43 110
43 112
43 113
44 44
44 45
44 46
44 47
44 48
44 49
44 50
44 51
44 53
44 57
44 66
44 67
44 73
44 78
44 79
44 81
44 95
44 96
44 98
44 104
44 105
44 110
44 111
44 112
45 45
45 46
45 47
45 48
45 49
45 50
45 51
45 53
45 55
45 57
45 66
45 67
45 78
45 79
45 81
45 95
45 96
45 97
45 98
45 99
45 100
45 110
45 111
45 112
45 113
46 46
46 47
46 48
46 49
46 50
46 51
46 53
46 55
46 66
46 67
46 94
46 95
46 96
46 97
46 98
46 100
46 108
46 110
46 112
47 47
47 48
47 49
47 50
47 51
47 53
47 55
47 65
47 67
47 90
47 91
47 93
47 96
47 97
47 99
47 100
47 101
47 103
47 110
47 112
47 113
48 48
48 49
48 50
48 51
48 52
48 53
48 55
48 56
48 57
48 62
48 63
48 91
48 93
48 95
48 96
48 98
48 99
48 100
48 101
48 102
48 103
48 104
48 106
48 110
48 111
48 112
49 49
49 50
49 51
49 53
49 57
49 66
49 67
49 79
49 93
49 96
49 98
49 99
49 100
49 101
49 102
49 105
49 106
49 110
49 111
49 112
49 113
50 50
50 51
50 53
50 55
50 56
50 96
51 51
51 52
51 53
51 55
51 57
51 91
51 93
51 96
51 98
51 99
51 100
51 101
51 102
51 103
51 106
51 110
51 111
51 112
51 113
52 52
52 53
52 56
52 58
52 59
52 60
52 61
52 62
52 63
52 89
52 91
52 92
52 98
52 99
52 111
53 53
53 55
53 79
53 90
53 91
53 92
53 93
53 96
53 97
53 98
53 99
53 100
53 101
53 103
53 109
53 110
53 111
53 112
53 113
54 54
54 55
54 82
54 86
54 87
54 88
54 89
54 104
54 109
55 55
55 62
55 89
55 91
55 95
55 96
55 97
55 98
55 99
55 104
55 109
55 111
55 112
55 114
56 56
56 57
56 60
56 62
56 63
56 73
56 75
56 78
56 80
56 82
56 98
56 109
56 111
57 57
57 63
57 73
57 78
57 79
57 80
57 81
57 86
57 98
57 100
57 102
57 104
57 105
57 106
57 109
57 111
58 58
58 59
58 60
58 64
58 66
58 68
58 69
58 87
58 88
58 89
58 103
58 115
59 59
59 66
59 68
59 69
59 89
59 103
59 106
60 60
60 61
60 62
60 63
60 82
60 89
60 92
61 61
61 63
61 65
61 92
62 62
62 63
62 72
62 73
62 75
62 80
62 81
62 82
62 83
62 87
62 95
62 98
62 99
62 109
62 111
63 63
63 73
63 75
63 78
63 79
63 80
63 81
63 82
63 95
63 98
63 99
63 106
63 109
63 111
64 64
64 65
64 84
64 88
64 94
64 115
65 65
65 88
65 89
65 107
66 66
66 67
66 69
66 103
66 104
66 105
66 107
66 110
67 67
67 69
67 85
67 103
67 107
67 110
68 68
68 69
68 89
68 107
69 69
69 89
69 101
69 103
69 115
70 70
70 71
70 72
70 73
70 74
70 76
70 77
70 78
70 79
70 80
70 81
70 83
70 84
71 71
71 72
71 73
71 74
71 75
71 76
71 77
71 79
71 80
71 81
71 84
71 98
71 99
71 109
71 111
71 112
71 113
71 114
72 72
72 73
72 74
72 75
72 76
72 78
72 79
72 80
72 81
72 82
72 83
72 109
73 73
73 74
73 75
73 76
73 77
73 78
73 79
73 80
73 81
73 82
73 84
73 95
73 98
73 109
74 74
74 75
74 76
74 77
74 78
74 79
74 80
74 81
74 82
74 83
74 84
74 85
75 75
75 76
75 78
75 80
75 81
75 82
75 83
75 84
75 95
75 109
75 111
76 76
76 77
76 78
76 79
76 80
76 81
76 96
77 77
77 78
77 79
77 80
77 81
77 109
78 78
78 79
78 80
78 81
78 83
79 79
79 80
79 81
79 95
79 99
79 105
79 107
79 109
79 111
80 80
80 81
80 82
80 83
80 109
81 81
81 82
81 83
81 95
81 109
82 82
82 83
82 87
82 95
82 106
83 83
83 87
84 84
84 85
84 88
85 85
86 86
86 87
86 103
86 104
86 109
87 87
87 88
87 89
87 102
87 104
87 105
87 106
88 88
88 89
88 115
89 89
89 90
89 91
89 92
90 90
90 91
90 92
90 93
90 100
90 101
90 102
90 103
90 110
90 114
90 115
91 91
91 92
91 93
91 98
91 99
91 100
91 101
91 102
91 103
91 110
91 111
91 112
91 113
92 92
92 93
92 97
92 99
92 100
92 101
92 102
92 108
92 112
92 113
92 114
92 115
93 93
93 98
93 99
93 100
93 101
93 102
93 103
93 110
93 112
93 113
94 94
94 95
94 97
94 108
94 114
94 115
95 95
95 96
95 97
95 98
95 99
95 104
95 108
95 109
95 111
95 112
95 114
96 96
96 97
96 98
96 99
96 101
96 109
96 110
96 111
96 112
96 113
97 97
97 98
97 99
97 100
97 108
97 109
97 111
97 112
97 113
97 114
98 98
98 99
98 100
98 108
98 109
98 110
98 111
98 112
98 113
98 114
99 99
99 100
99 101
99 103
99 109
99 110
99 111
99 112
99 113
100 100
100 101
100 102
100 103
100 105
100 106
100 108
100 110
100 111
100 112
100 113
100 114
101 101
101 102
101 103
101 110
101 113
102 102
102 103
102 104
102 105
102 106
102 111
103 103
103 110
103 113
103 115
104 104
104 105
104 106
104 107
104 109
104 114
104 115
105 105
105 106
105 107
105 114
105 115
106 106
106 107
106 111
106 115
107 107
107 113
107 114
107 115
108 108
108 110
108 111
108 112
108 114
108 115
109 109
109 111
109 112
110 110
110 111
110 112
111 111
111 112
111 113
111 114
112 112
112 113
113 113
113 114
113 115
114 114
114 115
115 115
