0 0
0 1
0 10
0 16
0 17
0 18
0 19
0 32
0 33
0 44
0 46
0 48
0 51
0 56
0 57
0 68
0 78
0 80
0 81
0 84
0 85
0 99
1 1
1 16
1 17
1 18
1 19
1 28
1 32
1 33
1 36
1 48
1 56
1 57
1 62
1 63
1 68
1 78
1 80
1 81
1 84
1 85
2 2
2 3
2 4
2 5
2 6
2 8
2 9
2 18
2 22
2 23
2 24
2 25
2 26
2 27
2 30
2 34
2 58
2 64
2 66
2 67
2 69
2 91
2 93
2 110
3 3
3 5
3 7
3 9
3 22
3 23
3 24
3 25
3 26
3 27
3 30
3 35
3 40
3 64
4 4
4 5
4 6
4 8
4 9
4 12
4 22
4 23
4 24
4 25
4 26
4 27
4 34
4 35
4 77
4 91
5 5
5 8
5 9
5 21
5 22
5 23
5 24
5 25
5 26
5 27
5 30
5 34
5 35
5 44
5 45
5 47
5 50
5 66
5 67
5 71
5 77
5 98
5 109
5 110
6 6
6 7
6 8
6 9
6 10
6 11
6 12
6 13
6 14
6 15
6 28
6 35
6 60
6 62
6 73
6 74
6 75
6 91
6 92
6 93
6 95
6 100
6 102
6 108
6 110
7 7
7 8
7 9
7 11
7 12
7 13
7 15
7 23
7 29
7 31
7 35
7 37
7 40
7 59
7 60
7 61
7 62
7 63
7 65
7 83
7 87
7 92
7 95
7 100
7 102
7 110
8 8
8 9
8 24
8 26
8 27
8 66
8 67
8 76
8 77
8 91
8 94
8 102
9 9
9 15
9 22
9 23
9 24
9 25
9 26
9 27
9 35
9 65
9 76
9 77
9 92
10 10
10 11
10 12
10 13
10 14
10 15
10 18
10 19
10 28
10 58
10 60
10 62
10 63
10 64
10 82
10 83
10 84
10 85
10 86
10 87
10 88
11 11
11 12
11 13
11 14
11 15
11 17
11 28
11 29
11 31
11 40
11 59
11 60
11 61
11 62
11 63
11 64
11 65
11 75
11 82
11 83
11 84
11 85
11 86
11 87
11 88
11 89
11 100
12 12
12 13
12 14
12 15
12 16
12 28
12 58
12 60
12 62
12 64
12 75
12 82
12 83
12 92
12 110
13 13
13 14
13 15
13 28
13 29
13 31
13 40
13 60
13 61
13 62
13 63
13 65
13 75
13 80
13 81
13 82
13 83
13 84
13 85
13 87
13 92
13 100
13 102
14 14
14 15
14 28
14 29
14 40
14 54
14 58
14 60
14 61
14 62
14 63
14 64
14 73
14 75
14 82
14 83
14 86
14 87
14 92
14 100
15 15
15 28
15 29
15 37
15 40
15 59
15 60
15 61
15 62
15 63
15 65
15 73
15 75
15 82
15 83
15 84
15 87
15 92
15 100
15 102
15 107
16 16
16 17
16 18
16 19
16 28
16 32
16 33
16 36
16 56
16 57
16 62
16 63
16 68
16 78
16 80
16 81
16 84
16 85
16 104
17 17
17 19
17 29
17 32
17 33
17 36
17 43
17 48
17 56
17 57
17 61
17 62
17 63
17 72
17 78
17 79
17 80
17 81
17 83
17 84
17 85
18 18
18 19
18 32
18 33
18 56
18 57
18 68
18 69
18 78
18 80
18 91
18 94
19 19
19 28
19 32
19 33
19 56
19 57
19 63
19 68
19 78
19 80
19 81
19 84
19 94
20 20
20 21
20 24
20 25
20 26
20 27
20 34
20 37
20 38
20 39
20 43
20 46
20 47
20 53
20 54
20 55
20 66
20 70
20 71
20 72
20 73
20 76
20 77
20 93
20 103
21 21
21 24
21 25
21 26
21 27
21 34
21 36
21 37
21 38
21 39
21 43
21 44
21 46
21 47
21 48
21 50
21 54
21 55
21 66
21 67
21 70
21 71
21 73
21 76
21 77
21 95
21 96
21 99
21 103
21 106
21 108
21 109
21 111
22 22
22 23
22 24
22 25
22 26
22 27
22 30
22 34
22 35
22 64
22 65
22 67
22 69
22 86
22 88
22 93
22 109
23 23
23 24
23 25
23 26
23 27
23 30
23 31
23 34
23 35
23 39
23 41
23 64
23 65
23 69
23 73
23 75
23 77
23 82
23 86
23 88
23 89
23 92
23 93
23 109
23 110
24 24
24 25
24 26
24 27
24 30
24 34
24 35
24 44
24 45
24 46
24 47
24 50
24 51
24 53
24 66
24 67
24 77
24 101
24 109
25 25
25 26
25 27
25 30
25 31
25 34
25 50
25 64
25 67
25 69
25 77
25 86
25 93
25 109
26 26
26 27
26 30
26 34
26 42
26 43
26 44
26 45
26 46
26 47
26 50
26 53
26 66
26 67
26 70
26 71
26 77
26 91
26 93
26 96
26 98
26 109
27 27
27 30
27 34
27 39
27 43
27 44
27 45
27 47
27 50
27 66
27 67
27 71
27 96
27 98
27 109
28 28
28 29
28 60
28 62
28 63
28 72
28 82
28 83
28 84
28 85
28 86
28 87
28 88
29 29
29 33
29 36
29 37
29 40
29 41
29 61
29 62
29 63
29 71
29 72
29 73
29 75
29 80
29 81
29 83
29 85
29 87
29 95
29 100
29 102
29 112
30 30
30 31
30 34
30 35
30 41
30 64
30 71
30 73
30 74
30 75
30 82
30 86
30 93
30 101
30 113
31 31
31 41
31 71
31 75
31 76
31 82
31 83
31 86
31 87
31 95
31 100
31 101
32 32
32 33
32 36
32 46
32 53
32 56
32 57
32 68
32 78
32 80
32 81
32 115
33 33
33 36
33 42
33 43
33 44
33 45
33 46
33 56
33 57
33 63
33 72
33 78
33 80
33 81
33 85
34 34
34 35
34 38
34 39
34 43
34 44
34 45
34 46
34 47
34 50
34 53
34 55
34 66
34 67
34 77
34 96
34 109
35 35
35 58
35 60
35 64
35 65
35 67
35 93
35 100
35 108
35 110
36 36
36 37
36 38
36 41
36 42
36 55
36 70
36 72
36 76
36 77
36 80
36 81
36 85
36 95
36 102
36 104
36 112
37 37
37 38
37 39
37 41
37 55
37 70
37 71
37 72
37 73
37 74
37 75
37 76
37 77
37 92
37 93
37 95
37 96
37 101
37 102
37 103
37 104
37 106
37 108
37 109
37 111
37 112
38 38
38 39
38 41
38 54
38 55
38 70
38 71
38 72
38 73
38 74
38 75
38 92
38 93
38 95
38 96
38 106
38 108
38 109
38 113
39 39
39 41
39 55
39 70
39 71
39 73
39 75
39 77
39 86
39 87
39 89
39 92
39 93
39 95
39 96
39 97
39 101
39 106
39 107
39 108
39 109
39 113
40 40
40 41
40 60
40 61
40 62
40 63
40 64
40 72
40 73
40 74
40 75
40 82
40 83
40 84
40 87
40 92
40 95
40 100
40 110
41 41
41 71
41 73
41 74
41 75
41 76
41 77
41 83
41 86
41 87
41 92
41 93
41 95
41 100
41 101
41 102
41 104
41 108
41 109
41 110
41 113
42 42
42 43
42 44
42 45
42 46
42 47
42 48
42 49
42 50
42 51
42 55
42 57
42 71
42 72
42 79
42 80
42 96
42 98
42 99
42 111
43 43
43 44
43 45
43 46
43 47
43 48
43 49
43 50
43 51
43 55
43 56
43 57
43 66
43 67
43 79
43 85
43 96
43 98
43 99
44 44
44 45
44 46
44 47
44 48
44 49
44 50
44 51
44 53
44 55
44 56
44 57
44 66
44 67
44 71
44 78
44 79
44 96
44 98
44 99
44 111
45 45
45 46
45 47
45 48
45 49
45 50
45 51
45 53
45 55
45 57
45 66
45 67
45 69
45 71
45 78
45 79
45 96
45 98
45 99
45 111
46 46
46 47
46 48
46 49
46 50
46 51
46 53
46 55
46 56
46 57
46 66
46 68
46 78
46 79
46 94
46 96
46 98
46 99
46 111
47 47
47 48
47 49
47 50
47 51
47 53
47 55
47 57
47 66
47 67
47 68
47 69
47 71
47 79
47 96
47 98
47 99
47 103
47 111
48 48
48 49
48 50
48 51
48 52
48 53
48 55
48 56
48 57
48 68
48 85
48 96
48 98
48 99
49 49
49 50
49 51
49 52
49 53
49 55
49 57
49 59
49 66
49 69
49 71
49 79
49 90
49 96
49 98
49 99
49 111
50 50
50 51
50 52
50 53
50 57
50 96
50 99
51 51
51 52
51 53
51 56
51 57
51 96
51 99
52 52
52 53
52 58
52 62
52 90
53 53
53 57
53 77
53 90
53 109
54 54
54 55
54 70
54 75
54 86
54 87
54 88
54 89
54 107
55 55
55 57
55 70
55 71
55 72
55 96
55 97
55 98
55 99
55 106
55 107
55 108
55 109
55 111
55 112
56 56
56 57
56 68
56 78
56 80
56 81
56 84
56 85
57 57
57 68
57 78
57 80
57 81
57 99
58 58
58 59
58 60
58 62
58 64
58 65
58 66
58 67
58 69
58 82
58 86
58 87
58 88
58 89
58 98
58 108
59 59
59 61
59 63
59 65
59 66
59 69
59 83
59 87
59 90
59 91
60 60
60 61
60 62
60 63
60 64
60 65
60 82
60 83
60 84
60 85
60 87
60 88
60 89
61 61
61 62
61 63
61 64
61 65
61 80
61 81
61 82
61 83
61 84
61 85
61 87
61 88
61 89
61 92
61 100
62 62
62 63
62 80
62 81
62 82
62 83
62 84
62 87
62 115
63 63
63 65
63 80
63 81
63 82
63 83
63 84
63 85
63 87
63 89
63 100
64 64
64 65
64 69
64 75
64 82
64 84
64 86
64 87
64 88
64 89
64 93
65 65
65 67
65 84
65 88
65 89
66 66
66 67
66 69
66 71
66 78
66 79
66 98
66 99
67 67
67 69
67 71
67 98
67 109
68 68
68 69
68 78
68 88
68 99
69 69
69 79
69 88
69 90
69 91
70 70
70 71
70 72
70 73
70 74
70 75
70 76
70 77
70 93
70 95
70 96
70 103
70 104
70 105
70 106
70 107
70 111
71 71
71 72
71 73
71 75
71 76
71 77
71 93
71 95
71 96
71 97
71 100
71 101
71 102
71 104
71 105
71 106
71 109
71 111
72 72
72 73
72 80
72 81
72 83
72 95
72 112
73 73
73 74
73 75
73 76
73 77
73 92
73 93
73 95
73 100
73 101
73 102
73 103
73 104
73 108
73 109
73 110
73 113
74 74
74 75
74 92
74 93
74 95
74 100
74 101
74 102
74 103
74 104
74 105
74 108
74 109
74 110
74 113
75 75
75 76
75 77
75 82
75 83
75 87
75 89
75 92
75 93
75 95
75 97
75 100
75 101
75 102
75 108
75 109
75 110
75 113
76 76
76 77
76 92
76 93
76 101
76 102
76 103
76 104
76 109
76 112
76 114
77 77
77 92
77 93
77 101
77 103
77 109
77 115
78 78
78 79
78 80
78 81
78 85
79 79
80 80
80 81
80 83
80 84
80 85
81 81
81 83
81 84
81 85
82 82
82 83
82 84
82 86
82 87
82 88
82 89
82 93
83 83
83 84
83 85
83 87
83 89
83 92
83 100
84 84
84 85
84 86
84 88
84 89
85 85
85 89
86 86
86 87
86 88
86 89
86 106
87 87
87 89
87 92
87 100
87 107
88 88
88 89
89 89
89 107
90 90
90 91
90 92
90 93
90 98
90 99
90 102
90 107
90 111
90 112
91 91
91 92
91 93
91 94
91 98
91 99
91 101
91 102
91 108
91 109
91 111
92 92
92 93
92 95
92 100
92 101
92 102
92 103
92 104
92 108
92 109
92 110
92 111
92 113
93 93
93 100
93 101
93 102
93 103
93 104
93 105
93 107
93 108
93 109
93 110
93 113
94 94
94 95
94 97
94 99
94 103
94 112
94 114
95 95
95 96
95 97
95 100
95 101
95 102
95 103
95 106
95 108
95 109
95 110
95 111
95 112
95 113
96 96
96 97
96 98
96 99
96 101
96 105
96 111
97 97
97 98
97 99
97 101
97 105
97 106
97 108
97 109
97 110
97 111
97 112
98 98
98 99
98 108
98 109
98 111
98 112
99 99
99 108
99 111
99 112
100 100
100 101
100 102
100 103
100 110
100 113
100 115
101 101
101 102
101 103
101 108
101 109
101 110
101 111
101 113
102 102
102 103
102 104
102 105
102 111
102 112
102 113
102 114
103 103
103 104
103 106
103 108
103 112
103 113
103 114
104 104
104 105
104 106
104 112
104 113
104 114
105 105
105 106
105 107
105 111
105 112
105 113
105 114
106 106
106 107
106 109
106 111
106 113
107 107
107 111
107 113
108 108
108 109
108 110
108 111
108 112
109 109
109 110
109 111
109 112
109 113
110 110
111 111
111 112
112 112
112 114
113 113
113 114
113 115
114 114
114 115
115 115
