0 0
0 2
0 6
0 10
0 12
0 18
0 19
0 22
0 32
0 56
0 58
0 60
0 64
0 66
0 68
1 1
1 3
1 7
1 11
1 22
1 33
1 42
1 50
1 56
1 57
1 59
1 60
1 61
1 63
1 64
1 65
1 66
1 78
1 80
1 82
1 88
2 2
2 3
2 5
2 6
2 10
2 12
2 18
2 19
2 22
2 23
2 26
2 27
2 48
2 49
2 56
2 58
2 59
2 60
2 62
2 64
2 65
2 66
3 3
3 5
3 7
3 18
3 22
3 23
3 27
3 30
3 33
3 50
3 57
3 59
3 61
3 64
3 68
4 4
4 8
4 9
4 14
4 15
4 27
4 30
4 31
4 58
4 69
4 71
5 5
5 6
5 9
5 15
5 21
5 22
5 23
5 26
5 27
5 42
5 48
5 49
5 50
5 58
5 59
5 83
5 93
5 106
5 107
5 114
6 6
6 12
6 18
6 19
6 22
6 23
6 26
6 27
6 31
6 56
6 58
6 60
6 62
6 69
6 93
7 7
7 22
7 30
7 31
7 33
7 57
7 59
7 60
7 61
7 64
7 88
8 8
8 9
8 12
8 13
8 14
8 24
8 30
8 47
8 70
8 71
8 84
8 90
8 110
8 111
9 9
9 14
9 15
9 42
9 52
9 69
9 71
10 10
10 12
10 16
10 22
10 28
10 56
10 60
10 64
10 66
11 11
11 13
11 17
11 45
11 52
11 56
11 57
11 60
11 61
11 63
11 65
11 78
11 80
11 82
11 84
12 12
12 14
12 16
12 18
12 22
12 30
12 56
12 66
12 68
12 70
13 13
13 14
13 42
13 45
13 46
13 50
13 52
13 53
13 57
13 63
13 71
13 84
13 89
13 90
13 112
14 14
14 15
14 24
14 29
14 30
14 36
14 42
14 46
14 47
14 51
14 52
14 71
14 80
14 81
14 84
14 85
14 87
14 90
14 110
14 115
15 15
15 20
15 21
15 27
15 29
15 30
15 36
15 37
15 39
15 40
15 52
15 53
15 54
15 55
15 71
15 73
15 74
15 75
15 77
15 81
15 85
15 89
15 94
15 95
15 96
15 97
15 106
15 108
15 109
15 110
15 111
15 115
16 16
16 17
16 24
16 28
16 33
16 34
16 35
16 51
16 65
16 66
16 70
16 72
16 73
16 75
16 76
16 78
16 79
16 80
16 81
16 88
17 17
17 26
17 28
17 29
17 34
17 35
17 65
17 72
17 73
17 74
17 75
17 76
17 77
17 78
17 79
17 80
17 81
18 18
18 19
18 32
18 42
18 43
18 46
18 58
18 59
18 66
18 68
18 82
18 83
18 102
18 104
18 112
19 19
19 48
19 50
19 58
19 59
19 68
19 69
19 83
20 20
20 21
20 26
20 29
20 31
20 36
20 37
20 38
20 40
20 41
20 51
20 70
20 72
20 73
20 74
20 75
20 81
20 92
20 93
20 94
20 95
20 97
20 103
20 105
20 106
20 107
20 108
20 109
20 114
20 115
21 21
21 26
21 27
21 29
21 31
21 36
21 37
21 38
21 39
21 40
21 41
21 54
21 55
21 73
21 74
21 75
21 77
21 79
21 81
21 85
21 92
21 94
21 95
21 96
21 97
21 105
21 106
21 107
21 108
21 109
21 114
21 115
22 22
22 23
22 26
22 27
22 30
22 31
22 32
22 33
22 56
22 59
22 60
22 61
22 64
22 65
22 66
22 88
23 23
23 25
23 26
23 27
23 31
23 49
23 62
23 64
23 74
23 83
23 93
23 106
23 107
24 24
24 25
24 28
24 29
24 30
24 34
24 35
24 36
24 47
24 51
24 67
24 70
24 71
24 73
24 75
24 76
24 77
24 80
24 81
24 99
24 100
24 101
24 102
24 104
24 108
24 110
24 115
25 25
25 28
25 29
25 34
25 37
25 38
25 40
25 41
25 44
25 54
25 70
25 72
25 73
25 74
25 75
25 76
25 77
25 79
25 87
25 95
25 96
25 97
25 102
25 103
25 105
25 109
25 110
25 113
26 26
26 27
26 41
26 49
26 65
26 72
26 73
26 74
26 75
26 92
26 93
26 95
26 105
26 106
26 107
26 114
27 27
27 49
27 58
27 59
27 62
27 66
27 88
27 106
27 107
27 114
28 28
28 29
28 34
28 35
28 51
28 70
28 72
28 73
28 74
28 75
28 76
28 77
28 78
28 79
28 80
28 81
28 100
29 29
29 30
29 36
29 37
29 38
29 39
29 40
29 51
29 54
29 55
29 71
29 72
29 73
29 74
29 75
29 76
29 77
29 79
29 81
29 85
29 94
29 95
29 96
29 97
29 98
29 99
29 108
29 109
29 110
29 111
29 115
30 30
30 31
30 70
30 71
30 77
30 81
30 95
30 108
31 31
31 71
31 77
32 32
32 33
32 34
32 35
32 56
32 60
32 61
32 64
32 66
32 76
32 86
32 100
32 102
32 104
33 33
33 34
33 35
33 56
33 57
33 59
33 60
33 61
33 64
33 65
33 66
33 67
33 76
33 80
33 82
33 86
33 88
33 100
34 34
34 35
34 44
34 51
34 62
34 64
34 65
34 66
34 67
34 72
34 73
34 75
34 76
34 78
34 79
34 80
34 81
34 82
34 100
34 102
34 103
34 104
35 35
35 44
35 47
35 51
35 65
35 66
35 67
35 73
35 76
35 78
35 79
35 80
35 81
35 82
35 86
35 100
35 101
35 102
35 104
36 36
36 37
36 38
36 39
36 40
36 47
36 51
36 54
36 55
36 71
36 73
36 74
36 75
36 77
36 81
36 85
36 87
36 89
36 91
36 94
36 95
36 96
36 97
36 98
36 99
36 108
36 109
36 110
36 111
36 113
36 115
37 37
37 38
37 39
37 40
37 41
37 47
37 51
37 54
37 55
37 72
37 73
37 74
37 75
37 77
37 79
37 81
37 85
37 87
37 89
37 94
37 95
37 96
37 97
37 98
37 99
37 102
37 105
37 108
37 109
37 110
37 111
37 113
37 115
38 38
38 39
38 40
38 41
38 47
38 54
38 55
38 72
38 73
38 74
38 75
38 76
38 81
38 85
38 86
38 87
38 91
38 92
38 94
38 95
38 96
38 97
38 98
38 99
38 102
38 103
38 104
38 105
38 108
38 109
38 110
38 111
38 113
38 115
39 39
39 40
39 41
39 52
39 53
39 54
39 55
39 74
39 77
39 81
39 85
39 89
39 90
39 94
39 95
39 96
39 97
39 98
39 99
39 108
39 109
39 110
39 111
39 115
40 40
40 41
40 47
40 54
40 55
40 72
40 73
40 74
40 75
40 77
40 81
40 85
40 87
40 89
40 94
40 95
40 96
40 97
40 98
40 99
40 108
40 109
40 110
40 111
40 113
40 115
41 41
41 49
41 54
41 55
41 74
41 87
41 89
41 92
41 96
41 97
41 98
41 103
41 105
41 107
41 113
42 42
42 43
42 44
42 45
42 46
42 48
42 49
42 50
42 52
42 53
42 57
42 63
42 69
42 83
42 84
42 86
42 91
42 112
43 43
43 44
43 45
43 46
43 47
43 48
43 49
43 50
43 51
43 53
43 80
43 83
43 84
43 86
43 112
44 44
44 45
44 48
44 49
44 50
44 63
44 66
44 82
44 83
44 86
45 45
45 46
45 48
45 49
45 50
45 52
45 53
45 57
45 63
45 82
45 83
45 84
45 86
45 90
45 91
46 46
46 48
46 50
46 52
46 53
46 68
46 83
46 84
46 89
46 98
46 106
46 111
46 112
47 47
47 51
47 67
47 80
47 81
47 84
47 85
47 86
47 87
47 90
47 91
47 99
47 100
47 101
47 102
47 103
47 104
47 105
47 110
47 113
47 115
48 48
48 49
48 50
48 53
48 58
48 59
48 83
48 90
49 49
49 50
49 58
49 62
49 63
49 83
49 92
49 93
49 106
49 107
49 114
50 50
50 52
50 53
50 57
50 61
50 63
50 69
50 83
50 84
50 89
50 90
50 106
51 51
51 70
51 73
51 75
51 76
51 77
51 79
51 81
51 85
51 99
51 101
51 115
52 52
52 53
52 55
52 63
52 71
52 84
52 85
52 89
52 90
52 94
52 98
52 110
52 111
53 53
53 55
53 57
53 69
53 71
53 83
53 89
53 90
53 98
53 106
53 111
54 54
54 55
54 72
54 73
54 74
54 75
54 77
54 79
54 81
54 85
54 87
54 88
54 89
54 94
54 95
54 96
54 97
54 98
54 106
54 108
54 109
54 110
54 111
55 55
55 71
55 73
55 74
55 75
55 77
55 81
55 85
55 87
55 89
55 94
55 95
55 96
55 97
55 98
55 108
55 109
55 110
55 111
55 113
55 115
56 56
56 57
56 58
56 60
56 61
56 62
56 63
56 64
56 65
56 66
56 78
56 82
57 57
57 58
57 59
57 60
57 61
57 63
57 66
57 68
57 80
57 82
58 58
58 59
58 60
58 66
58 67
58 68
58 69
58 93
59 59
59 60
59 61
59 66
59 67
59 68
59 69
59 88
59 106
60 60
60 61
60 63
60 64
60 65
60 66
60 68
60 88
61 61
61 63
61 64
61 65
61 66
61 80
61 82
61 86
62 62
62 64
62 65
62 66
62 93
63 63
63 65
63 78
63 80
63 82
63 84
64 64
64 65
64 66
64 67
64 82
64 86
65 65
65 66
65 76
65 78
65 80
65 82
65 86
65 100
66 66
66 67
66 68
66 82
66 88
66 100
66 104
67 67
67 69
67 82
67 86
67 91
67 100
67 101
68 68
68 69
68 106
69 69
69 93
70 70
70 71
70 72
70 73
70 74
70 75
70 76
70 81
71 71
71 84
71 85
71 112
72 72
72 73
72 74
72 75
72 76
72 77
72 78
72 79
72 81
72 95
72 96
72 97
72 100
72 102
72 105
72 109
72 113
73 73
73 74
73 75
73 76
73 77
73 79
73 81
73 85
73 94
73 95
73 96
73 97
73 102
73 104
73 105
73 108
73 109
73 110
73 114
73 115
74 74
74 75
74 76
74 77
74 79
74 81
74 85
74 94
74 95
74 96
74 97
74 98
74 105
74 108
74 109
74 110
74 111
74 113
74 115
75 75
75 76
75 77
75 79
75 81
75 85
75 94
75 95
75 96
75 97
75 102
75 104
75 105
75 108
75 109
75 110
75 111
75 114
75 115
76 76
76 77
76 78
76 79
76 80
76 81
76 100
76 102
76 103
76 104
77 77
77 79
77 81
77 85
77 94
77 95
77 96
77 97
77 98
77 102
77 108
77 109
77 110
77 111
77 115
78 78
78 79
78 80
78 82
79 79
79 81
79 94
79 95
79 108
79 109
80 80
80 82
80 84
80 100
81 81
81 85
81 94
81 95
81 96
81 97
81 99
81 101
81 108
81 109
81 110
81 111
81 115
82 82
82 86
82 88
82 100
82 103
83 83
83 84
83 89
83 106
84 84
84 85
84 86
84 87
84 91
84 110
85 85
85 87
85 89
85 94
85 95
85 96
85 97
85 98
85 99
85 108
85 109
85 110
85 111
85 113
85 115
86 86
86 87
86 91
86 92
86 93
86 99
86 100
86 101
86 103
86 104
86 105
87 87
87 89
87 90
87 91
87 92
87 96
87 97
87 98
87 103
87 105
87 110
87 113
87 115
88 88
88 106
89 89
89 90
89 94
89 95
89 96
89 97
89 98
89 106
89 108
89 109
89 110
89 111
90 90
90 91
90 92
90 98
90 110
91 91
91 92
91 93
91 99
91 101
91 102
91 103
91 104
91 105
91 110
91 113
91 114
91 115
92 92
92 93
92 103
92 104
92 105
92 106
92 113
92 114
93 93
93 99
93 100
93 101
93 102
93 103
93 104
93 105
93 113
93 114
93 115
94 94
94 95
94 96
94 97
94 98
94 99
94 108
94 109
94 110
94 111
94 115
95 95
95 96
95 97
95 98
95 99
95 108
95 109
95 110
95 111
95 114
95 115
96 96
96 97
96 98
96 99
96 102
96 108
96 109
96 110
96 111
96 113
96 115
97 97
97 98
97 99
97 105
97 108
97 109
97 110
97 111
97 113
97 115
98 98
98 108
98 109
98 110
98 111
98 113
99 99
99 100
99 101
99 102
99 103
99 104
99 105
99 108
99 109
99 110
99 112
99 113
99 115
100 100
100 101
100 102
100 104
100 105
101 101
101 102
101 103
101 104
101 105
101 113
101 115
102 102
102 103
102 104
102 105
102 112
102 113
102 114
102 115
103 103
103 104
103 105
103 113
103 114
103 115
104 104
104 105
104 112
104 113
104 114
104 115
105 105
105 107
105 113
105 114
105 115
106 106
107 107
107 114
108 108
108 109
108 110
108 111
108 115
109 109
109 110
109 111
109 113
109 115
110 110
110 111
110 113
110 115
111 111
111 112
112 112
112 113
113 113
113 114
113 115
114 114
114 115
115 115
