0 0
0 1
0 28
0 37
0 40
0 52
0 56
0 57
0 58
0 60
0 61
0 62
0 63
0 72
0 75
0 76
0 77
0 78
0 81
0 99
0 100
0 101
0 102
0 103
0 109
1 1
1 9
1 13
1 15
1 16
1 17
1 29
1 32
1 37
1 56
1 57
1 60
1 61
1 62
1 63
1 68
1 72
1 76
1 77
1 78
1 90
1 92
1 100
1 102
1 103
2 2
2 3
2 4
2 6
2 8
2 18
2 21
2 22
2 23
2 24
2 25
2 26
2 27
2 30
2 34
2 38
2 48
2 64
2 67
2 71
2 87
2 88
2 89
2 96
2 108
2 110
3 3
3 4
3 6
3 7
3 22
3 23
3 24
3 25
3 26
3 27
3 30
3 31
3 34
3 45
3 64
3 65
3 82
3 88
3 89
4 4
4 5
4 10
4 12
4 14
4 20
4 21
4 22
4 23
4 24
4 25
4 26
4 27
4 34
4 38
4 48
4 64
4 67
4 82
4 88
4 91
4 93
4 96
4 110
5 5
5 7
5 9
5 11
5 12
5 13
5 14
5 15
5 16
5 26
5 27
5 59
5 90
5 92
6 6
6 7
6 8
6 9
6 18
6 19
6 23
6 25
6 30
6 33
6 40
6 41
6 74
6 75
6 83
6 87
6 88
7 7
7 8
7 9
7 11
7 13
7 19
7 33
7 45
7 59
7 61
7 63
7 65
7 67
7 75
7 100
8 8
8 9
8 61
8 90
8 91
9 9
9 13
9 15
9 17
9 19
9 28
9 29
9 32
9 33
9 59
9 61
9 62
9 63
9 72
9 73
9 80
9 81
9 83
9 90
9 92
9 98
9 100
9 101
9 102
9 103
10 10
10 11
10 12
10 13
10 14
10 16
10 17
10 20
10 21
10 26
10 48
10 49
10 51
10 53
10 82
10 84
10 91
10 92
10 93
10 99
10 111
10 113
11 11
11 12
11 13
11 14
11 15
11 16
11 17
11 28
11 29
11 31
11 80
11 84
11 100
11 111
11 112
11 113
11 114
12 12
12 13
12 14
12 15
12 16
12 20
12 28
12 52
12 82
12 91
12 92
12 99
12 100
12 102
12 111
13 13
13 14
13 15
13 16
13 51
13 59
13 61
13 65
13 92
13 100
13 102
13 104
13 112
13 113
14 14
14 15
14 16
14 20
14 21
14 26
14 27
14 42
14 46
14 47
14 48
14 49
14 50
14 51
14 53
14 55
14 82
14 91
14 92
14 93
14 96
14 98
14 99
14 111
14 112
14 113
15 15
15 16
15 17
15 28
15 29
15 37
15 61
15 62
15 63
15 72
15 80
15 81
15 83
15 90
15 92
15 98
15 99
15 100
15 102
16 16
16 17
16 19
16 28
16 29
16 32
16 37
16 56
16 57
16 61
16 62
16 63
16 72
16 73
16 75
16 76
16 78
16 79
16 80
16 81
16 90
16 92
16 98
16 99
16 100
16 101
16 102
16 103
16 104
16 109
16 111
17 17
17 19
17 28
17 29
17 32
17 37
17 56
17 57
17 62
17 63
17 72
17 73
17 75
17 76
17 78
17 79
17 80
17 81
17 92
17 95
17 98
17 99
17 100
17 101
17 102
17 103
17 104
17 106
17 109
17 111
17 114
18 18
18 32
18 33
18 60
18 63
18 72
18 73
18 74
18 75
18 76
18 77
18 87
19 19
19 28
19 29
19 31
19 32
19 33
19 41
19 62
19 63
19 68
19 69
19 72
19 73
19 74
19 75
19 78
19 79
19 80
19 81
19 83
19 90
19 94
19 95
19 103
19 105
19 111
19 114
20 20
20 21
20 22
20 23
20 24
20 25
20 26
20 27
20 38
20 47
20 71
20 82
20 85
20 96
20 97
20 110
21 21
21 22
21 23
21 24
21 25
21 26
21 27
21 36
21 38
21 39
21 41
21 48
21 54
21 55
21 71
21 82
21 83
21 87
21 93
21 96
21 97
21 108
21 110
22 22
22 23
22 24
22 25
22 26
22 27
22 34
22 35
22 38
22 47
22 48
22 50
22 64
22 67
22 82
22 85
22 87
22 88
22 89
22 93
22 96
22 110
23 23
23 24
23 25
23 26
23 27
23 30
23 31
23 36
23 38
23 64
23 71
23 82
23 83
23 84
23 85
23 87
23 88
23 89
23 94
23 96
23 97
23 110
24 24
24 25
24 26
24 27
24 30
24 31
24 34
24 35
24 38
24 39
24 43
24 45
24 46
24 47
24 55
24 64
24 67
24 71
24 82
24 85
24 87
24 88
24 89
24 96
24 108
24 110
25 25
25 26
25 27
25 30
25 31
25 34
25 35
25 36
25 38
25 39
25 41
25 47
25 71
25 82
25 83
25 85
25 87
25 88
25 96
25 108
25 110
26 26
26 27
26 34
26 35
26 38
26 39
26 42
26 43
26 46
26 47
26 55
26 64
26 71
26 82
26 84
26 85
26 88
26 89
26 96
26 97
26 110
27 27
27 34
27 35
27 38
27 64
27 71
27 82
27 84
27 85
27 88
27 89
27 96
27 110
28 28
28 29
28 30
28 31
28 32
28 33
28 36
28 37
28 40
28 41
28 56
28 57
28 62
28 63
28 70
28 71
28 72
28 73
28 74
28 75
28 76
28 78
28 79
28 80
28 81
28 83
28 94
28 98
28 100
28 101
28 111
29 29
29 32
29 33
29 37
29 41
29 56
29 57
29 61
29 62
29 63
29 72
29 73
29 74
29 75
29 76
29 77
29 78
29 79
29 80
29 81
29 83
29 92
29 95
29 98
29 99
29 100
29 101
29 102
29 111
30 30
30 31
30 32
30 33
30 35
30 40
30 70
30 71
30 72
30 74
30 78
30 83
30 87
31 31
31 33
31 45
31 70
31 71
31 72
31 74
31 78
31 81
31 83
31 94
31 111
31 114
32 32
32 33
32 37
32 40
32 60
32 61
32 62
32 63
32 72
32 73
32 74
32 75
32 76
32 77
32 78
32 79
32 80
32 81
32 95
32 100
32 101
32 102
33 33
33 35
33 40
33 61
33 62
33 63
33 72
33 73
33 74
33 75
33 76
33 77
33 78
33 79
33 80
33 81
33 83
33 102
34 34
34 35
34 38
34 39
34 47
34 54
34 64
34 65
34 67
34 77
34 87
34 88
34 89
34 96
34 110
35 35
35 64
35 65
35 67
35 77
35 87
35 88
35 89
35 110
36 36
36 37
36 38
36 39
36 40
36 41
36 54
36 71
36 72
36 74
36 81
36 83
36 85
36 86
36 87
36 88
36 89
36 97
36 108
36 110
37 37
37 40
37 41
37 56
37 57
37 62
37 63
37 70
37 72
37 73
37 74
37 75
37 76
37 77
37 78
37 79
37 80
37 81
37 95
37 100
37 101
38 38
38 39
38 41
38 46
38 47
38 48
38 54
38 55
38 71
38 85
38 87
38 88
38 89
38 93
38 96
38 97
38 108
38 110
39 39
39 40
39 47
39 54
39 55
39 85
39 87
39 89
39 96
39 108
39 110
40 40
40 41
40 57
40 62
40 72
40 73
40 74
40 75
40 76
40 77
40 78
40 81
40 86
40 87
40 95
40 101
40 108
41 41
41 70
41 71
41 72
41 73
41 74
41 75
41 78
41 79
41 80
41 81
41 82
41 83
41 85
41 86
41 87
41 88
41 94
41 101
41 108
42 42
42 43
42 44
42 45
42 46
42 47
42 49
42 51
42 55
42 85
42 96
42 112
43 43
43 44
43 45
43 46
43 47
43 49
43 51
43 55
43 96
43 112
43 113
44 44
44 45
44 46
44 47
44 48
44 49
44 50
44 51
44 55
44 66
44 96
44 112
44 113
45 45
45 46
45 47
45 49
45 55
45 67
45 96
45 112
45 113
45 114
46 46
46 47
46 48
46 49
46 50
46 51
46 53
46 54
46 55
46 96
46 98
46 112
47 47
47 49
47 50
47 53
47 55
47 64
47 85
47 96
47 113
48 48
48 49
48 50
48 51
48 52
48 53
48 54
48 55
48 58
48 59
48 66
48 67
48 91
48 93
48 96
48 112
49 49
49 50
49 51
49 52
49 53
49 55
49 59
49 66
49 96
49 112
49 113
50 50
50 51
50 52
50 53
50 54
50 55
50 58
50 59
50 66
50 93
50 96
50 109
50 112
50 113
51 51
51 52
51 53
51 54
51 55
51 58
51 59
51 66
51 93
51 96
51 112
52 52
52 53
52 54
52 55
52 56
52 57
52 58
52 59
52 60
52 61
52 66
52 91
52 98
52 99
52 100
52 101
52 102
52 103
53 53
53 54
53 55
53 91
53 99
53 107
53 112
53 113
54 54
54 55
54 58
54 66
54 86
54 89
54 96
54 97
54 99
55 55
55 96
55 97
55 98
55 99
55 112
55 115
56 56
56 57
56 58
56 60
56 61
56 62
56 63
56 72
56 75
56 76
56 77
56 78
56 79
56 80
56 81
56 95
56 99
56 100
56 101
56 102
56 103
56 104
56 106
56 109
56 114
57 57
57 60
57 62
57 63
57 72
57 75
57 76
57 77
57 78
57 79
57 80
57 81
57 95
57 99
57 100
57 101
57 102
58 58
58 59
58 60
58 61
58 62
58 63
58 66
58 67
58 69
58 91
58 93
58 100
58 101
58 102
58 103
59 59
59 60
59 61
59 63
59 66
59 67
59 69
59 91
59 100
59 101
59 102
59 103
60 60
60 61
60 62
60 63
60 65
60 76
60 77
60 90
60 100
60 101
60 102
60 103
61 61
61 62
61 63
61 65
61 69
61 76
61 77
61 90
61 92
61 100
61 101
61 102
61 103
62 62
62 63
62 72
62 73
62 74
62 75
62 76
62 77
62 78
62 79
62 80
62 81
62 90
62 95
62 100
62 101
62 102
62 103
63 63
63 72
63 73
63 74
63 75
63 76
63 77
63 78
63 79
63 80
63 81
63 90
63 92
63 98
63 100
63 101
63 102
63 103
63 104
64 64
64 65
64 67
64 84
64 85
64 87
64 88
64 89
64 110
65 65
65 67
65 69
65 88
65 89
65 104
66 66
66 67
66 96
67 67
67 69
67 88
67 89
68 68
68 69
68 78
68 79
68 80
68 84
68 94
68 97
68 105
68 107
68 110
68 114
69 69
69 88
69 90
69 91
69 94
69 103
69 104
69 105
69 106
69 107
69 114
69 115
70 70
70 71
70 73
70 74
70 75
70 80
70 81
71 71
71 82
71 83
71 85
71 87
71 97
71 110
72 72
72 73
72 74
72 75
72 76
72 77
72 78
72 79
72 80
72 81
72 83
72 95
72 100
72 101
72 102
72 111
73 73
73 74
73 75
73 76
73 78
73 79
73 80
73 81
73 87
73 95
73 101
74 74
74 75
74 76
74 77
74 78
74 79
74 80
74 81
74 86
74 87
74 95
75 75
75 76
75 77
75 78
75 79
75 80
75 81
75 95
75 100
75 101
75 102
75 109
76 76
76 77
76 78
76 79
76 101
76 102
76 109
77 77
77 102
77 109
78 78
78 79
78 80
78 81
78 94
78 95
78 101
78 102
78 104
78 114
79 79
79 80
79 81
79 95
80 80
80 81
80 83
80 84
80 94
80 98
80 100
80 101
80 102
80 111
80 114
81 81
81 83
81 94
81 95
81 98
81 99
81 100
81 101
81 111
81 114
82 82
82 83
82 84
82 85
82 87
82 88
82 90
82 91
82 93
82 97
82 110
83 83
83 87
83 90
83 98
83 111
84 84
84 85
84 86
84 88
84 94
84 97
84 110
85 85
85 87
85 88
85 89
85 94
85 96
85 97
85 110
85 111
86 86
86 87
86 88
86 97
87 87
87 88
87 89
87 108
88 88
88 89
88 94
88 97
88 107
88 110
89 89
89 110
90 90
90 91
90 92
90 98
90 99
90 100
90 101
90 102
90 103
90 104
90 105
90 111
91 91
91 92
91 93
91 97
91 98
91 99
91 101
91 103
91 105
91 115
92 92
92 99
92 100
92 101
92 102
92 103
92 104
92 113
93 93
93 101
94 94
94 95
94 97
94 99
94 104
94 105
94 106
94 107
94 110
94 111
94 114
94 115
95 95
95 100
95 109
95 114
96 96
96 97
96 108
96 110
97 97
97 99
97 105
97 107
97 110
97 111
97 115
98 98
98 99
98 100
98 101
98 102
98 111
99 99
99 100
99 101
99 102
99 103
99 105
99 111
99 112
99 113
99 115
100 100
100 101
100 102
100 103
100 104
100 109
100 112
101 101
101 102
101 103
102 102
102 103
102 104
102 109
102 112
102 113
103 103
103 104
103 105
103 114
103 115
104 104
104 105
104 106
104 109
104 111
104 112
104 113
104 114
105 105
105 106
105 111
105 114
105 115
106 106
106 107
106 114
107 107
107 115
108 108
109 109
109 112
109 113
110 110
110 111
111 111
111 113
111 114
112 112
112 113
112 114
113 113
113 114
114 114
115 115
