0 0
0 1
0 10
0 18
0 19
0 22
0 23
0 31
0 56
0 57
0 58
0 68
0 82
0 83
0 86
0 88
0 89
0 91
1 1
1 10
1 11
1 16
1 17
1 32
1 37
1 46
1 50
1 51
1 52
1 53
1 54
1 55
1 56
1 57
1 59
1 61
1 63
1 68
1 89
1 95
1 96
2 2
2 3
2 4
2 5
2 6
2 8
2 14
2 18
2 19
2 22
2 23
2 24
2 26
2 27
2 30
2 31
2 33
2 35
2 64
2 65
2 70
2 82
2 83
2 84
2 86
2 87
2 88
2 90
2 91
2 92
2 93
2 97
3 3
3 5
3 6
3 7
3 14
3 18
3 22
3 23
3 24
3 25
3 26
3 27
3 30
3 31
3 64
3 65
3 73
3 74
3 75
3 76
3 77
3 78
3 82
3 83
3 84
3 86
3 87
3 88
3 95
4 4
4 5
4 6
4 7
4 8
4 9
4 15
4 20
4 24
4 26
4 27
4 34
4 35
4 44
4 45
4 48
4 60
4 65
4 66
4 67
4 70
4 92
4 93
5 5
5 6
5 7
5 8
5 9
5 14
5 15
5 18
5 19
5 22
5 23
5 24
5 25
5 27
5 30
5 31
5 34
5 35
5 60
5 64
5 65
5 70
5 71
5 82
5 83
5 84
5 86
5 87
5 88
5 90
5 91
5 92
5 93
5 101
5 113
6 6
6 7
6 8
6 9
6 12
6 13
6 14
6 15
6 19
6 23
6 27
6 33
6 35
6 60
6 64
6 65
6 67
6 70
6 84
6 86
6 87
6 88
6 90
6 91
6 92
6 93
6 101
7 7
7 9
7 11
7 13
7 15
7 33
7 34
7 35
7 41
7 60
7 61
7 64
7 65
7 67
7 73
7 74
7 75
7 77
7 84
8 8
8 9
8 12
8 14
8 15
8 19
8 34
8 35
8 58
8 60
8 65
8 83
8 88
8 91
8 92
8 93
8 97
8 102
8 103
8 104
8 113
9 9
9 11
9 12
9 13
9 15
9 33
9 34
9 35
9 48
9 58
9 59
9 60
9 61
9 65
9 66
9 67
9 69
9 88
9 90
9 92
9 101
9 104
10 10
10 11
10 12
10 13
10 14
10 16
10 17
10 44
10 46
10 51
10 54
10 58
10 61
10 63
10 73
10 74
10 75
10 76
10 77
10 82
10 84
10 86
10 88
10 113
11 11
11 12
11 13
11 15
11 28
11 29
11 44
11 48
11 52
11 54
11 58
11 59
11 60
11 61
11 63
11 65
11 73
12 12
12 13
12 14
12 15
12 16
12 17
12 28
12 58
12 60
12 61
12 63
12 74
12 80
12 81
12 97
13 13
13 15
13 16
13 17
13 28
13 29
13 32
13 33
13 58
13 59
13 60
13 61
13 62
13 63
13 65
13 72
13 80
14 14
14 15
14 18
14 22
14 30
14 36
14 64
14 75
14 82
14 83
14 84
14 86
14 88
14 94
14 97
14 98
15 15
15 21
15 28
15 29
15 33
15 60
15 61
15 65
15 80
15 82
15 83
15 84
16 16
16 17
16 28
16 29
16 30
16 32
16 37
16 41
16 53
16 55
16 56
16 57
16 62
16 63
16 72
16 73
16 74
16 76
16 77
16 78
16 79
16 80
16 81
16 84
17 17
17 28
17 29
17 32
17 36
17 37
17 38
17 41
17 46
17 51
17 53
17 56
17 57
17 61
17 62
17 63
17 68
17 72
17 73
17 74
17 76
17 77
17 78
17 79
17 80
17 81
17 98
17 109
18 18
18 19
18 22
18 23
18 24
18 25
18 27
18 30
18 31
18 33
18 56
18 64
18 71
18 75
18 82
18 83
18 86
18 88
18 91
19 19
19 23
19 33
19 57
19 68
19 69
19 81
19 82
19 83
19 89
19 90
19 91
19 92
19 93
19 101
19 102
19 103
19 104
19 105
19 110
19 111
19 112
19 113
19 114
19 115
20 20
20 21
20 23
20 24
20 25
20 26
20 27
20 31
20 34
20 40
20 42
20 43
20 44
20 45
20 48
20 49
20 50
20 70
20 71
20 83
20 86
20 106
20 107
20 110
21 21
21 23
21 24
21 25
21 26
21 27
21 30
21 31
21 40
21 41
21 65
21 70
21 71
21 77
21 86
21 110
22 22
22 23
22 24
22 25
22 26
22 27
22 30
22 31
22 50
22 64
22 70
22 75
22 76
22 77
22 82
22 83
22 86
22 87
22 88
22 89
23 23
23 24
23 25
23 26
23 27
23 30
23 31
23 35
23 64
23 70
23 71
23 75
23 77
23 82
23 83
23 84
23 85
23 86
23 87
23 88
23 91
23 92
23 93
24 24
24 25
24 26
24 27
24 30
24 31
24 38
24 48
24 50
24 64
24 70
24 83
24 86
24 87
24 88
25 25
25 26
25 27
25 30
25 31
25 33
25 34
25 35
25 40
25 41
25 64
25 65
25 70
25 71
25 83
25 86
25 88
26 26
26 27
26 30
26 31
26 33
26 34
26 35
26 50
26 64
26 70
26 86
26 88
26 92
27 27
27 30
27 31
27 33
27 34
27 35
27 50
27 64
27 65
27 70
27 75
27 85
27 86
27 88
27 92
28 28
28 29
28 32
28 37
28 41
28 42
28 43
28 44
28 46
28 49
28 51
28 53
28 54
28 55
28 56
28 62
28 63
28 72
28 73
28 74
28 76
28 77
28 78
28 79
28 80
28 81
28 84
28 98
29 29
29 32
29 37
29 41
29 42
29 43
29 44
29 46
29 49
29 51
29 53
29 54
29 55
29 56
29 61
29 62
29 63
29 72
29 73
29 74
29 75
29 76
29 77
29 78
29 79
29 80
29 81
29 96
29 98
30 30
30 31
30 33
30 41
30 64
30 70
30 71
30 72
30 73
30 74
30 75
30 76
30 77
30 78
30 79
30 82
30 83
30 84
30 86
30 87
30 88
31 31
31 33
31 35
31 38
31 41
31 64
31 71
31 75
31 77
31 78
31 79
31 82
31 83
31 86
31 87
31 88
32 32
32 33
32 43
32 56
32 57
32 62
32 63
32 66
32 68
32 72
32 79
32 80
32 81
32 94
32 109
33 33
33 35
33 64
33 65
33 69
33 80
33 103
34 34
34 35
34 44
34 45
34 48
34 58
34 60
34 64
34 65
34 70
34 71
34 88
34 92
34 93
35 35
35 58
35 60
35 61
35 65
35 66
35 67
35 69
35 71
35 92
35 93
35 97
35 101
35 103
35 104
35 110
36 36
36 37
36 40
36 41
36 62
36 64
36 72
36 76
36 94
36 97
36 98
36 99
36 108
37 37
37 41
37 51
37 53
37 54
37 55
37 56
37 57
37 72
37 94
37 96
37 115
38 38
38 39
38 40
38 41
38 54
38 68
38 78
38 79
38 81
38 87
38 89
38 90
38 105
38 107
38 109
38 110
39 39
39 40
39 41
39 62
39 81
39 87
39 90
39 97
39 100
39 103
39 104
39 105
39 106
39 107
39 109
39 110
39 111
40 40
40 41
40 42
40 43
40 44
40 45
40 49
40 107
40 109
40 110
41 41
41 71
41 72
41 73
41 74
41 75
41 76
41 77
41 78
41 79
41 87
42 42
42 43
42 44
42 45
42 46
42 47
42 48
42 49
42 50
42 51
42 52
42 53
42 54
42 55
42 62
42 72
42 73
42 76
42 96
42 98
42 99
42 109
43 43
43 44
43 45
43 46
43 47
43 48
43 49
43 50
43 51
43 52
43 53
43 54
43 55
43 62
43 72
43 96
43 98
44 44
44 45
44 46
44 47
44 48
44 49
44 50
44 51
44 52
44 54
44 55
44 58
44 59
44 62
44 66
44 72
44 96
44 98
45 45
45 46
45 47
45 48
45 49
45 50
45 51
45 52
45 55
45 62
45 66
45 67
45 72
45 98
46 46
46 47
46 48
46 49
46 50
46 51
46 52
46 53
46 54
46 55
46 72
46 73
46 76
46 96
46 98
46 99
47 47
47 48
47 49
47 50
47 51
47 52
47 53
47 54
47 55
47 89
47 96
47 98
47 99
48 48
48 49
48 50
48 51
48 52
48 54
48 55
48 58
48 59
48 88
48 90
48 92
48 96
48 98
48 106
49 49
49 50
49 51
49 52
49 53
49 54
49 55
49 72
49 76
49 96
49 98
49 99
49 111
49 115
50 50
50 51
50 52
50 54
50 55
50 56
50 62
50 96
50 98
50 99
51 51
51 52
51 53
51 54
51 55
51 56
51 72
51 76
51 96
51 98
51 99
51 111
52 52
52 53
52 54
52 55
52 58
52 59
52 61
52 72
52 90
52 96
52 98
52 99
53 53
53 54
53 55
53 56
53 57
53 63
53 71
53 73
53 76
53 96
53 98
53 99
54 54
54 55
54 56
54 59
54 61
54 62
54 63
54 96
54 98
54 99
55 55
55 56
55 72
55 89
55 96
55 98
55 99
55 115
56 56
56 57
56 62
56 63
56 68
56 78
56 79
56 81
56 89
57 57
57 59
57 62
57 63
57 68
57 69
57 79
57 80
57 81
57 89
58 58
58 59
58 60
58 61
58 65
58 66
58 67
58 69
58 92
58 102
58 103
59 59
59 61
59 62
59 63
59 66
59 67
59 69
59 100
59 101
59 102
59 103
59 104
59 106
59 107
59 110
60 60
60 61
60 65
60 71
60 74
60 75
60 102
61 61
61 63
61 65
61 72
61 73
61 74
61 100
62 62
62 63
62 66
62 72
62 73
62 76
62 80
62 81
63 63
63 72
63 73
63 74
63 79
63 80
63 81
63 107
64 64
64 65
64 74
64 75
64 77
64 82
64 83
64 84
64 85
64 86
64 88
64 94
65 65
65 67
65 70
65 88
65 92
65 97
65 100
66 66
66 67
66 68
66 69
66 85
66 92
66 93
66 100
66 101
66 102
66 103
66 104
66 110
66 112
67 67
67 69
67 85
67 92
67 93
67 100
67 101
67 102
67 103
67 104
67 105
67 110
67 112
68 68
68 69
68 79
68 89
68 103
68 104
68 105
68 106
69 69
69 90
69 91
69 92
69 93
69 100
69 101
69 102
69 103
69 104
69 105
69 107
69 108
69 110
69 112
69 114
70 70
70 71
70 77
70 86
70 87
70 88
70 90
70 92
70 93
70 113
71 71
71 72
71 73
71 74
71 75
71 77
71 83
71 86
71 93
72 72
72 73
72 74
72 75
72 76
72 77
72 78
72 79
72 80
72 81
72 98
73 73
73 74
73 75
73 76
73 77
73 78
73 79
74 74
74 75
74 76
74 77
74 82
75 75
75 76
75 77
75 78
75 79
75 82
75 83
75 84
75 86
76 76
76 77
76 78
76 79
76 80
76 81
76 82
76 83
76 84
76 98
76 99
76 113
77 77
77 78
77 83
77 87
78 78
78 79
78 80
78 81
78 84
78 87
78 89
78 114
79 79
79 80
79 81
79 87
79 89
79 109
80 80
80 81
80 84
80 109
81 81
81 82
81 84
81 114
82 82
82 83
82 84
82 85
82 86
82 88
83 83
83 84
83 86
83 87
83 88
84 84
84 85
84 86
84 87
84 88
85 85
85 86
85 92
85 100
85 104
85 108
85 111
85 112
86 86
86 87
86 88
86 92
87 87
87 88
87 90
87 93
87 101
87 105
87 109
87 110
88 88
88 91
88 92
88 93
88 113
89 89
89 99
89 104
89 105
89 109
89 111
90 90
90 91
90 92
90 93
90 101
90 103
90 104
90 105
90 106
90 107
90 110
90 111
90 113
90 114
91 91
91 92
91 93
91 99
91 100
91 101
91 102
91 103
91 104
91 105
91 110
91 111
91 112
91 113
91 114
92 92
92 93
92 100
92 101
92 102
92 103
92 104
92 105
92 108
92 110
92 112
92 113
92 114
93 93
93 100
93 101
93 102
93 103
93 104
93 105
93 108
93 110
93 112
93 114
94 94
94 95
94 97
94 108
94 112
95 95
95 97
95 104
95 108
95 109
96 96
96 98
96 99
96 104
96 106
96 115
97 97
97 104
97 108
98 98
98 99
98 112
98 115
99 99
99 103
99 105
99 111
99 112
99 115
100 100
100 101
100 102
100 103
100 104
100 105
100 107
100 108
100 110
100 111
100 113
101 101
101 102
101 103
101 104
101 105
101 110
101 111
101 112
101 114
102 102
102 103
102 104
102 105
102 108
102 112
102 113
102 114
103 103
103 104
103 105
103 106
103 107
103 110
103 111
103 112
103 114
103 115
104 104
104 105
104 108
104 110
104 111
104 113
104 114
104 115
105 105
105 106
105 107
105 110
105 111
105 113
105 114
105 115
106 106
106 107
106 110
106 111
106 115
107 107
107 109
107 110
107 111
107 115
108 108
109 109
109 110
109 111
110 110
110 115
111 111
112 112
113 113
113 114
114 114
115 115
