0 0
0 1
0 2
0 3
0 4
0 6
0 9
0 10
0 11
0 12
0 14
0 15
0 16
0 18
0 22
0 23
0 26
0 27
0 48
0 51
0 52
0 56
0 60
0 82
0 86
0 87
0 88
0 89
1 1
1 3
1 7
1 11
1 13
1 15
1 17
1 19
1 45
1 49
1 57
1 58
1 59
1 60
1 61
1 66
1 67
1 68
1 69
1 87
1 90
1 100
1 104
2 2
2 4
2 6
2 10
2 12
2 14
2 16
2 18
2 22
2 23
2 24
2 25
2 26
2 27
2 28
2 30
2 31
2 52
2 53
2 54
2 56
2 70
2 72
2 74
2 82
2 85
2 86
2 88
2 89
3 3
3 5
3 7
3 8
3 9
3 11
3 15
3 18
3 19
3 22
3 23
3 25
3 26
3 27
3 33
3 45
3 65
3 86
3 87
3 88
3 89
3 92
3 93
3 100
3 101
3 108
4 4
4 5
4 6
4 8
4 9
4 14
4 21
4 22
4 23
4 24
4 25
4 26
4 27
4 30
4 36
4 38
4 40
4 70
4 82
4 88
4 92
4 93
4 101
4 103
4 105
4 112
5 5
5 6
5 7
5 8
5 9
5 13
5 14
5 15
5 20
5 21
5 22
5 23
5 24
5 25
5 26
5 27
5 31
5 40
5 41
5 45
5 49
5 65
5 70
5 71
5 89
5 92
5 93
6 6
6 9
6 10
6 12
6 14
6 16
6 18
6 20
6 22
6 23
6 24
6 26
6 28
6 30
6 31
6 52
6 53
6 54
6 70
6 72
6 74
6 82
6 86
6 88
6 89
6 92
6 93
7 7
7 8
7 9
7 11
7 13
7 14
7 15
7 18
7 19
7 25
7 35
7 45
7 49
7 61
7 64
7 65
7 67
7 92
7 93
7 100
7 101
7 108
8 8
8 9
8 14
8 15
8 20
8 21
8 22
8 24
8 25
8 26
8 27
8 41
8 45
8 58
8 70
8 71
8 93
8 101
8 103
9 9
9 11
9 12
9 13
9 14
9 15
9 19
9 21
9 23
9 25
9 31
9 35
9 45
9 49
9 61
9 64
9 65
9 71
9 86
9 89
9 92
9 93
9 100
9 108
10 10
10 12
10 14
10 16
10 22
10 23
10 24
10 28
10 29
10 30
10 31
10 40
10 51
10 52
10 53
10 54
10 56
10 65
10 70
10 71
10 72
10 73
10 74
10 75
10 78
10 80
10 82
10 84
10 86
10 88
11 11
11 13
11 14
11 15
11 17
11 19
11 23
11 29
11 57
11 65
11 69
11 79
11 83
11 86
11 87
11 88
11 89
12 12
12 13
12 14
12 16
12 28
12 29
12 30
12 31
12 40
12 52
12 54
12 56
12 61
12 65
12 70
12 72
12 73
12 74
12 78
12 80
12 82
12 84
12 86
12 92
13 13
13 14
13 15
13 17
13 29
13 33
13 35
13 45
13 49
13 59
13 60
13 61
13 64
13 65
13 69
13 83
13 108
14 14
14 15
14 16
14 20
14 21
14 22
14 24
14 25
14 26
14 28
14 30
14 31
14 38
14 40
14 41
14 54
14 64
14 65
14 70
14 72
14 82
14 86
14 88
14 92
14 93
15 15
15 19
15 22
15 23
15 25
15 29
15 35
15 45
15 49
15 61
15 64
15 65
15 83
15 87
15 88
15 89
15 93
15 95
16 16
16 23
16 28
16 30
16 31
16 38
16 40
16 51
16 52
16 53
16 54
16 56
16 72
16 74
16 78
16 80
16 82
16 84
16 86
16 88
16 89
17 17
17 29
17 37
17 39
17 47
17 55
17 56
17 57
17 63
17 69
17 77
17 78
17 79
17 81
17 83
17 85
17 99
17 109
18 18
18 19
18 22
18 30
18 32
18 33
18 67
18 82
18 88
18 101
18 103
19 19
19 23
19 32
19 33
19 49
19 68
19 69
19 83
19 87
19 94
19 95
19 104
19 107
19 108
20 20
20 21
20 24
20 25
20 26
20 28
20 30
20 31
20 36
20 40
20 42
20 50
20 51
20 54
20 70
20 71
20 72
20 74
20 82
20 87
20 88
21 21
21 24
21 25
21 26
21 27
21 30
21 31
21 36
21 40
21 41
21 46
21 70
21 71
21 72
21 73
22 22
22 23
22 24
22 25
22 26
22 27
22 30
22 31
22 82
22 86
22 87
22 88
22 92
22 93
22 101
23 23
23 24
23 25
23 26
23 27
23 31
23 51
23 54
23 56
23 86
23 88
23 89
24 24
24 25
24 26
24 27
24 28
24 30
24 31
24 36
24 38
24 40
24 42
24 50
24 54
24 70
24 72
24 82
24 86
24 88
24 93
24 101
24 105
25 25
25 26
25 27
25 31
25 36
25 40
25 41
25 42
25 70
25 87
25 88
25 93
25 101
26 26
26 27
26 70
26 82
26 86
26 87
26 88
26 93
26 101
27 27
27 38
27 39
27 40
27 41
27 56
27 70
27 71
27 82
27 87
28 28
28 29
28 30
28 31
28 36
28 40
28 46
28 51
28 52
28 53
28 54
28 56
28 70
28 71
28 72
28 73
28 74
28 75
28 76
28 78
28 80
28 82
28 84
28 86
29 29
29 31
29 37
29 39
29 49
29 55
29 61
29 63
29 64
29 65
29 71
29 73
29 75
29 77
29 78
29 79
29 80
29 81
29 83
29 95
29 99
29 109
30 30
30 31
30 36
30 40
30 42
30 46
30 52
30 53
30 70
30 71
30 72
30 73
30 74
30 75
30 76
30 78
30 80
30 82
30 88
31 31
31 36
31 40
31 42
31 46
31 70
31 71
31 72
31 73
31 74
31 75
31 76
31 78
31 80
31 82
31 83
32 32
32 33
32 34
32 42
32 44
32 46
32 75
32 76
32 79
32 81
32 83
32 85
32 113
33 33
33 34
33 35
33 44
33 49
33 64
33 68
33 79
33 81
33 83
33 95
33 108
34 34
34 35
34 36
34 37
34 41
34 57
34 63
34 64
34 66
34 67
34 76
34 77
34 81
34 83
34 95
34 101
34 102
34 103
34 115
35 35
35 41
35 45
35 59
35 61
35 62
35 64
35 65
35 67
35 77
35 83
35 92
35 95
35 100
35 101
35 102
35 103
36 36
36 37
36 38
36 39
36 40
36 41
36 42
36 43
36 46
36 54
36 62
36 70
36 71
36 72
36 73
36 75
36 76
36 78
36 80
36 84
36 98
37 37
37 39
37 41
37 43
37 46
37 55
37 57
37 62
37 63
37 71
37 73
37 75
37 76
37 77
37 78
37 79
37 81
37 85
37 95
37 96
37 97
37 99
38 38
38 39
38 40
38 41
38 48
38 54
38 62
38 72
38 80
38 82
38 83
38 84
38 90
38 115
39 39
39 41
39 43
39 55
39 57
39 69
39 73
39 79
39 81
39 83
39 85
39 95
39 96
39 97
39 98
39 99
39 108
39 115
40 40
40 41
40 42
40 46
40 51
40 54
40 62
40 70
40 71
40 72
40 73
40 74
40 75
40 78
40 80
40 82
40 84
41 41
41 45
41 46
41 49
41 58
41 59
41 71
41 72
41 73
41 75
41 83
41 95
42 42
42 43
42 44
42 46
42 47
42 50
42 52
42 53
42 55
42 70
42 72
42 73
42 74
42 75
42 78
42 80
42 84
42 85
42 96
42 98
43 43
43 46
43 47
43 50
43 51
43 53
43 55
43 72
43 74
43 78
43 79
43 81
43 84
43 85
43 96
43 97
43 98
44 44
44 45
44 46
44 48
44 49
44 50
44 61
44 62
44 64
44 66
44 67
44 95
44 102
44 104
45 45
45 48
45 49
45 51
45 58
45 59
45 61
45 65
45 66
45 67
45 92
45 100
45 102
46 46
46 47
46 51
46 52
46 53
46 54
46 55
46 70
46 71
46 72
46 73
46 74
46 75
46 76
46 78
46 79
46 80
46 81
46 85
46 96
46 98
46 111
47 47
47 53
47 54
47 55
47 72
47 74
47 78
47 79
47 81
47 85
47 96
47 97
47 98
47 109
47 110
47 111
48 48
48 49
48 50
48 51
48 54
48 58
48 60
48 61
48 62
48 66
48 90
48 98
48 106
49 49
49 51
49 58
49 59
49 60
49 61
49 64
49 65
49 100
50 50
50 51
50 52
50 66
50 98
50 102
51 51
51 52
51 54
51 65
51 72
51 74
51 80
51 85
52 52
52 53
52 54
52 62
52 70
52 71
52 72
52 73
52 74
52 75
52 76
52 80
53 53
53 54
53 55
53 56
53 62
53 70
53 72
53 73
53 74
53 76
53 78
53 80
53 81
53 84
53 85
53 98
53 99
53 110
53 111
53 112
53 114
54 54
54 55
54 70
54 71
54 72
54 73
54 74
54 75
54 86
54 88
54 89
54 90
54 98
55 55
55 73
55 74
55 77
55 78
55 79
55 81
55 85
55 94
55 95
55 96
55 97
55 98
55 99
55 107
55 109
55 110
55 111
55 112
55 113
56 56
56 78
56 80
56 84
56 86
56 89
56 99
56 107
57 57
57 58
57 59
57 60
57 63
57 66
57 67
57 68
57 69
57 77
57 79
57 81
57 91
57 94
57 96
57 97
57 106
57 110
57 112
57 114
58 58
58 59
58 60
58 61
58 63
58 64
58 66
58 67
58 68
58 69
58 77
58 83
58 87
58 90
58 91
58 103
58 106
59 59
59 60
59 61
59 63
59 66
59 67
59 68
59 69
59 77
59 90
59 91
59 100
59 102
59 103
59 106
60 60
60 61
60 62
60 63
60 64
60 65
60 66
60 91
60 106
61 61
61 62
61 63
61 64
61 65
61 73
61 92
61 100
61 102
62 62
62 63
62 64
62 73
62 80
62 81
62 84
63 63
63 64
63 65
63 73
63 75
63 77
63 79
63 80
63 81
63 84
64 64
64 65
64 83
64 92
64 93
64 100
64 101
65 65
65 92
65 100
66 66
66 67
66 68
66 69
66 77
66 90
66 94
66 101
66 102
66 103
66 104
66 105
66 106
66 109
66 110
66 111
66 114
67 67
67 69
67 77
67 90
67 91
67 92
67 100
67 101
67 102
67 103
67 104
67 105
67 106
67 109
67 110
67 111
67 114
68 68
68 69
68 87
68 90
68 94
68 96
68 98
68 104
69 69
69 77
69 87
69 90
69 91
69 96
69 97
69 99
69 104
69 106
69 114
70 70
70 71
70 72
70 73
70 74
70 75
70 80
70 82
70 112
70 114
71 71
71 72
71 73
71 74
71 75
71 76
71 77
72 72
72 73
72 74
72 75
72 78
72 80
72 82
73 73
73 74
73 75
73 76
73 77
73 79
73 80
73 81
73 95
73 98
74 74
74 75
74 76
74 78
74 80
74 86
74 89
74 98
74 109
74 111
75 75
75 76
75 77
75 83
75 95
75 109
76 76
76 77
76 78
76 96
76 109
76 114
77 77
77 79
77 81
77 94
77 109
77 110
77 114
78 78
78 79
78 80
78 81
78 84
78 85
78 96
78 98
79 79
79 80
79 81
79 85
79 94
79 109
80 80
80 81
80 84
81 81
81 84
81 85
81 96
81 97
81 99
82 82
82 83
82 86
82 88
82 92
82 93
82 101
83 83
83 87
83 95
83 115
84 84
84 85
84 88
85 85
85 88
85 89
85 97
85 109
85 113
85 115
86 86
86 87
86 88
86 89
87 87
87 88
87 89
87 101
88 88
88 89
88 93
89 89
90 90
90 91
90 92
90 98
90 100
90 102
90 111
91 91
91 92
91 93
91 99
91 100
91 101
91 103
91 105
91 112
92 92
92 93
92 100
92 101
92 102
92 103
92 105
93 93
93 100
93 101
93 103
93 105
93 112
94 94
94 95
94 96
94 97
94 98
94 104
94 106
94 107
94 108
94 109
94 110
94 111
94 113
94 114
95 95
95 96
95 97
95 104
95 108
95 115
96 96
96 97
96 98
96 99
96 104
96 106
96 107
96 108
96 110
96 111
96 113
96 115
97 97
97 98
97 99
97 104
97 106
97 107
97 108
97 109
97 110
97 111
97 113
97 115
98 98
98 99
98 104
98 107
98 109
98 111
99 99
99 106
99 107
99 108
99 111
99 112
99 113
99 115
100 100
100 101
100 102
100 103
100 104
100 105
100 108
101 101
101 103
101 104
101 105
101 110
101 112
102 102
102 103
102 104
103 103
103 104
103 105
103 106
103 107
103 110
103 112
103 114
104 104
104 105
104 106
104 107
104 108
104 110
104 111
104 112
104 113
104 115
105 105
105 106
105 110
105 111
105 112
105 114
106 106
106 107
106 110
106 111
106 112
106 113
106 114
107 107
107 109
107 110
107 111
107 112
107 113
107 114
108 108
108 113
108 115
109 109
109 110
109 111
109 114
110 110
110 111
110 112
110 114
111 111
111 112
111 113
111 114
112 112
112 113
112 114
113 113
113 114
113 115
114 114
115 115
