0 0
0 8
0 10
0 12
0 13
0 14
0 16
0 22
0 26
0 28
0 32
0 40
0 52
0 54
0 56
0 57
0 58
0 60
0 62
0 68
0 70
0 72
0 78
0 79
0 81
0 82
0 87
0 88
0 89
0 94
0 101
1 1
1 9
1 11
1 15
1 17
1 19
1 56
1 57
1 61
1 62
1 63
1 68
1 69
1 83
1 85
1 90
2 2
2 4
2 5
2 6
2 8
2 10
2 12
2 14
2 18
2 21
2 22
2 23
2 24
2 25
2 26
2 27
2 30
2 34
2 38
2 60
2 64
2 71
2 82
2 84
2 86
2 87
2 88
2 91
2 93
2 94
2 101
2 109
3 3
3 5
3 7
3 9
3 11
3 13
3 15
3 18
3 20
3 21
3 23
3 25
3 30
3 31
3 41
3 65
3 71
3 75
3 77
3 92
3 95
3 100
3 102
3 106
3 107
4 4
4 5
4 6
4 8
4 9
4 12
4 38
4 52
4 69
4 101
5 5
5 9
5 11
5 15
5 21
5 22
5 23
5 24
5 25
5 26
5 27
5 64
5 65
5 84
5 85
5 88
6 6
6 8
6 10
6 12
6 18
6 28
6 30
6 33
6 60
6 70
6 72
6 76
6 82
6 87
6 91
6 95
6 101
6 108
6 109
6 115
7 7
7 9
7 11
7 13
7 15
7 18
7 20
7 30
7 31
7 33
7 35
7 41
7 61
7 65
7 67
7 71
7 75
7 77
7 92
7 100
7 102
7 103
7 104
7 106
7 107
7 113
8 8
8 10
8 12
8 14
8 18
8 22
8 24
8 26
8 27
8 38
8 50
8 51
8 52
8 53
8 64
8 82
8 86
8 87
8 88
8 89
8 91
8 93
8 101
9 9
9 11
9 13
9 15
9 61
9 65
10 10
10 12
10 14
10 16
10 22
10 24
10 26
10 27
10 58
10 60
10 64
10 78
10 82
10 84
10 88
10 91
10 93
10 94
10 101
11 11
11 13
11 15
11 20
11 23
11 30
11 31
11 61
11 65
11 71
11 75
11 76
11 77
11 85
11 92
11 100
12 12
12 13
12 14
12 16
12 18
12 28
12 33
12 58
12 60
12 72
12 82
12 88
12 91
12 93
12 101
13 13
13 18
13 33
13 60
13 61
13 62
13 65
13 70
13 74
13 75
13 88
13 89
13 100
14 14
14 15
14 16
14 21
14 22
14 23
14 24
14 25
14 26
14 27
14 64
14 71
14 78
14 82
14 84
14 85
14 86
14 87
14 88
14 91
15 15
15 19
15 20
15 21
15 23
15 27
15 30
15 31
15 61
15 69
15 71
15 83
15 85
15 92
16 16
16 22
16 24
16 26
16 27
16 28
16 56
16 57
16 62
16 68
16 72
16 78
16 80
16 81
16 82
17 17
17 19
17 29
17 32
17 39
17 41
17 51
17 53
17 56
17 57
17 59
17 61
17 62
17 63
17 72
17 79
17 81
17 83
17 112
18 18
18 28
18 33
18 60
18 70
18 72
18 74
18 76
18 77
18 82
18 88
18 91
18 93
18 95
18 97
18 101
18 103
18 105
18 107
18 108
18 109
18 114
19 19
19 28
19 29
19 40
19 57
19 59
19 62
19 63
19 68
19 69
19 72
19 81
19 82
19 83
19 90
19 102
20 20
20 21
20 23
20 25
20 30
20 31
20 33
20 41
20 65
20 70
20 71
20 74
20 75
20 77
20 83
20 85
20 92
20 100
21 21
21 22
21 23
21 24
21 25
21 26
21 27
21 30
21 31
21 70
21 71
21 85
21 93
21 106
22 22
22 23
22 24
22 25
22 26
22 27
22 34
22 56
22 64
22 78
22 79
22 82
22 84
22 85
22 86
22 87
22 88
22 93
23 23
23 24
23 25
23 26
23 27
23 30
23 31
23 34
23 64
23 65
23 71
23 75
23 77
23 84
23 85
23 86
23 88
23 92
23 93
24 24
24 25
24 26
24 27
24 34
24 64
24 71
24 78
24 82
24 84
24 85
24 86
24 88
24 93
24 110
25 25
25 26
25 27
25 30
25 31
25 34
25 64
25 65
25 71
25 84
25 85
25 86
25 88
25 92
25 93
25 110
26 26
26 27
26 58
26 64
26 71
26 78
26 79
26 82
26 84
26 85
26 86
26 88
26 93
27 27
27 56
27 64
27 71
27 78
27 79
27 82
27 84
27 85
27 86
27 88
28 28
28 29
28 33
28 36
28 40
28 54
28 62
28 63
28 70
28 72
28 73
28 74
28 76
28 81
28 83
28 87
28 99
28 109
28 114
29 29
29 33
29 35
29 36
29 37
29 40
29 41
29 44
29 45
29 49
29 55
29 59
29 62
29 63
29 72
29 73
29 74
29 75
29 76
29 77
29 83
29 98
29 99
29 112
30 30
30 31
30 33
30 34
30 35
30 41
30 70
30 71
30 73
30 74
30 75
30 76
30 77
30 83
30 95
30 109
31 31
31 33
31 34
31 35
31 37
31 41
31 65
31 71
31 73
31 74
31 75
31 76
31 77
31 83
31 92
31 95
31 100
31 109
32 32
32 33
32 38
32 39
32 55
32 56
32 57
32 62
32 63
32 66
32 68
32 69
32 72
32 78
32 79
32 80
32 81
32 87
32 89
33 33
33 37
33 40
33 41
33 60
33 62
33 70
33 72
33 73
33 74
33 75
33 76
33 77
33 83
33 95
33 100
33 102
33 108
33 109
33 114
34 34
34 35
34 43
34 45
34 47
34 48
34 64
34 67
34 86
34 93
34 94
34 107
34 110
35 35
35 41
35 44
35 45
35 48
35 65
35 67
35 75
35 77
35 92
35 100
35 110
35 113
36 36
36 37
36 38
36 40
36 41
36 54
36 72
36 73
36 74
36 76
36 80
36 81
36 82
36 83
36 87
36 94
36 96
36 99
36 104
36 109
36 114
37 37
37 39
37 41
37 42
37 43
37 44
37 45
37 46
37 47
37 49
37 54
37 55
37 73
37 74
37 75
37 76
37 77
37 83
37 90
37 94
37 95
37 96
37 98
37 99
37 104
37 105
37 106
37 108
37 109
37 110
37 111
37 112
37 113
37 114
38 38
38 39
38 40
38 52
38 54
38 55
38 58
38 59
38 66
38 68
38 69
38 81
38 82
38 86
38 87
38 89
38 94
38 97
38 105
38 109
38 115
39 39
39 41
39 54
39 55
39 57
39 59
39 63
39 66
39 69
39 79
39 81
39 87
39 89
39 98
39 106
40 40
40 54
40 68
40 69
40 72
40 74
40 82
40 83
40 87
40 94
40 104
41 41
41 61
41 63
41 72
41 73
41 74
41 75
41 76
41 77
41 83
41 92
41 95
41 102
41 103
41 104
41 108
41 112
42 42
42 43
42 44
42 45
42 46
42 47
42 48
42 49
42 50
42 51
42 52
42 53
42 54
42 55
42 73
42 76
42 77
42 90
42 91
42 95
42 96
42 98
42 99
42 109
42 110
42 111
42 112
43 43
43 44
43 45
43 46
43 47
43 48
43 49
43 50
43 51
43 53
43 54
43 55
43 73
43 76
43 77
43 91
43 94
43 95
43 96
43 98
43 99
43 109
43 110
43 111
43 112
43 113
44 44
44 45
44 46
44 47
44 48
44 49
44 50
44 51
44 53
44 55
44 67
44 90
44 96
44 98
44 99
44 110
44 111
44 112
45 45
45 46
45 47
45 48
45 49
45 55
45 67
45 73
45 77
45 96
45 98
45 99
45 110
45 111
45 112
45 113
46 46
46 47
46 48
46 49
46 50
46 51
46 52
46 53
46 54
46 55
46 79
46 90
46 95
46 96
46 98
46 99
46 109
46 110
46 111
46 112
47 47
47 48
47 49
47 50
47 51
47 53
47 54
47 55
47 77
47 90
47 91
47 94
47 95
47 96
47 98
47 99
47 109
47 110
47 111
47 112
47 113
48 48
48 49
48 50
48 51
48 52
48 53
48 54
48 55
48 67
48 90
48 96
48 98
48 99
48 110
48 111
48 112
49 49
49 50
49 51
49 52
49 53
49 54
49 55
49 90
49 96
49 98
49 99
49 110
49 111
49 112
50 50
50 51
50 52
50 53
50 54
50 55
50 59
50 79
50 89
50 90
50 98
50 99
50 111
50 112
51 51
51 52
51 53
51 54
51 55
51 59
51 79
51 89
51 90
51 98
51 99
51 111
51 112
52 52
52 53
52 54
52 55
52 56
52 57
52 58
52 87
52 89
52 90
52 112
53 53
53 54
53 55
53 56
53 57
53 59
53 79
53 89
53 90
53 98
53 99
53 111
53 112
54 54
54 55
54 58
54 59
54 66
54 72
54 79
54 87
54 89
54 91
54 94
54 96
54 97
54 98
54 99
55 55
55 66
55 72
55 78
55 79
55 87
55 89
55 94
55 95
55 96
55 97
55 98
55 99
55 111
55 112
56 56
56 57
56 58
56 62
56 68
56 69
56 78
56 79
56 80
56 81
56 85
56 89
57 57
57 58
57 59
57 62
57 63
57 66
57 68
57 69
57 78
57 79
57 81
57 89
58 58
58 60
58 66
58 68
58 81
58 84
58 87
58 88
58 89
58 91
58 93
58 94
58 101
58 103
59 59
59 61
59 62
59 63
59 66
59 68
59 79
59 80
59 81
59 83
59 98
59 102
59 103
59 104
60 60
60 61
60 62
60 88
60 89
60 93
60 101
60 103
61 61
61 62
61 63
61 65
61 68
61 83
61 92
61 100
61 102
61 103
61 104
61 106
61 113
62 62
62 63
62 66
62 68
62 69
62 72
62 80
62 81
62 83
62 102
62 103
62 104
63 63
63 66
63 68
63 72
63 81
63 83
63 89
63 102
63 103
64 64
64 65
64 82
64 84
64 85
64 86
64 88
64 93
65 65
65 67
65 75
65 77
65 85
65 92
65 100
65 107
65 113
66 66
66 67
66 68
66 69
66 79
66 80
66 81
66 102
66 103
66 104
67 67
67 92
67 93
67 100
67 101
67 102
67 103
67 104
67 105
67 107
67 110
68 68
68 69
68 78
68 79
68 80
68 81
68 83
68 102
68 103
69 69
69 83
70 70
70 71
70 72
70 74
70 75
70 76
70 77
70 87
70 97
70 114
70 115
71 71
71 73
71 74
71 75
71 76
71 77
71 85
71 88
71 100
71 109
71 114
72 72
72 73
72 74
72 76
72 80
72 81
72 99
73 73
73 74
73 75
73 76
73 77
73 95
73 98
73 99
73 108
73 109
73 111
73 112
73 114
73 115
74 74
74 75
74 76
74 77
74 87
74 95
74 96
74 97
74 99
74 109
74 114
74 115
75 75
75 76
75 77
75 92
75 95
75 100
75 102
75 106
75 107
75 109
75 113
75 114
76 76
76 77
76 94
76 95
76 96
76 97
76 99
76 108
76 109
76 112
76 113
76 114
77 77
77 92
77 95
77 96
77 99
77 100
77 105
77 106
77 107
77 108
77 109
77 110
77 111
77 112
77 113
77 114
78 78
78 79
78 80
78 81
78 82
79 79
79 81
79 84
79 89
79 98
79 99
80 80
80 81
80 83
81 81
81 82
81 96
81 98
82 82
82 84
82 86
82 87
82 88
82 91
82 93
82 109
83 83
83 90
83 102
83 104
84 84
84 85
84 86
84 88
84 93
84 101
85 85
85 88
86 86
86 87
86 88
86 91
86 93
86 105
86 109
87 87
87 88
87 89
87 97
88 88
88 91
88 93
88 101
89 89
89 97
90 90
90 91
90 92
90 98
90 99
90 100
90 102
90 104
90 106
90 109
90 111
90 112
90 113
91 91
91 93
91 94
91 99
91 101
91 105
91 109
91 113
91 114
92 92
92 93
92 100
92 102
92 103
92 104
92 105
92 106
92 107
92 113
93 93
93 100
93 101
93 102
93 103
93 105
93 106
93 107
93 109
93 110
93 113
94 94
94 95
94 96
94 97
94 108
94 109
94 110
95 95
95 96
95 97
95 99
95 105
95 107
95 108
95 109
95 113
95 114
95 115
96 96
96 98
96 99
96 105
96 109
96 110
96 111
96 112
96 113
96 114
97 97
97 99
97 105
97 108
97 109
97 115
98 98
98 99
98 106
98 109
98 110
98 111
98 112
98 113
99 99
99 108
99 109
99 110
99 111
99 112
99 113
99 114
100 100
100 102
100 103
100 104
100 105
100 106
100 107
100 109
100 113
100 114
101 101
102 102
102 103
102 104
102 105
102 106
102 107
102 113
103 103
103 104
103 105
103 106
103 107
103 113
104 104
104 105
104 106
104 109
104 113
105 105
105 106
105 107
105 109
105 113
105 114
105 115
106 106
106 107
106 109
106 111
106 113
106 114
107 107
107 113
108 108
108 109
108 111
108 112
108 115
109 109
109 110
109 111
109 113
109 114
109 115
110 110
110 111
110 112
110 113
111 111
111 112
111 113
112 112
113 113
113 114
114 114
114 115
115 115
