0 0
0 4
0 8
0 10
0 12
0 14
0 40
0 56
0 58
0 60
0 82
0 86
0 99
0 106
1 1
1 11
1 12
1 13
1 57
1 59
1 61
1 63
1 100
1 102
1 111
2 2
2 3
2 6
2 7
2 20
2 22
2 24
2 25
2 27
2 30
2 31
2 64
2 65
2 106
3 3
3 6
3 7
3 10
3 15
3 22
3 24
3 25
3 30
3 31
3 64
3 65
3 82
3 83
3 85
3 87
4 4
4 5
4 8
4 9
4 24
4 25
4 26
4 38
4 58
4 60
4 61
4 86
4 88
4 89
4 90
4 100
4 103
4 107
4 114
5 5
5 8
5 9
5 14
5 15
5 21
5 24
5 25
5 26
5 27
5 38
5 54
5 86
5 88
5 89
5 90
6 6
6 7
6 12
6 30
6 32
6 60
6 61
6 72
6 106
7 7
7 10
7 12
7 15
7 21
7 29
7 30
7 31
7 65
7 73
7 83
7 85
8 8
8 9
8 24
8 26
8 27
8 38
8 54
8 58
8 60
8 61
8 62
8 63
8 86
8 88
8 89
9 9
9 14
9 15
9 21
9 24
9 25
9 26
9 27
9 38
9 58
9 59
9 82
9 84
9 86
9 88
10 10
10 11
10 12
10 13
10 14
10 15
10 16
10 17
10 28
10 29
10 41
10 64
10 72
10 73
10 74
10 82
10 83
10 84
10 85
10 86
10 88
11 11
11 12
11 13
11 15
11 17
11 28
11 29
11 48
11 54
11 73
11 85
12 12
12 13
12 14
12 15
12 16
12 17
12 28
12 60
12 61
12 82
12 84
13 13
13 15
13 16
13 17
13 28
13 29
13 36
13 37
13 54
13 72
13 73
13 78
13 79
13 80
13 81
13 111
13 112
14 14
14 15
14 16
14 20
14 21
14 26
14 28
14 41
14 52
14 82
14 83
14 84
14 85
14 86
14 87
14 88
15 15
15 16
15 28
15 29
15 40
15 82
15 83
15 84
15 85
15 86
15 88
16 16
16 17
16 23
16 28
16 30
16 31
16 33
16 62
16 70
16 71
16 73
16 74
16 78
16 79
16 80
16 81
16 82
16 84
17 17
17 28
17 29
17 37
17 56
17 57
17 62
17 63
17 71
17 72
17 73
17 74
17 78
17 79
17 80
17 81
17 84
17 85
17 111
17 112
18 18
18 38
18 39
18 40
18 41
18 42
18 46
18 49
18 72
18 76
18 82
18 83
18 85
18 86
18 87
18 94
18 96
18 108
19 19
19 23
19 33
19 62
19 66
19 67
19 68
19 69
19 94
19 95
19 100
19 102
19 104
19 105
19 107
19 109
19 114
19 115
20 20
20 21
20 22
20 24
20 25
20 26
20 27
20 30
20 34
20 38
20 42
20 43
20 44
20 45
20 48
20 49
20 50
20 51
20 56
20 64
20 65
20 76
20 86
20 87
20 106
21 21
21 24
21 25
21 26
21 27
21 31
21 38
21 39
21 41
21 43
21 45
21 65
21 75
21 78
21 83
21 84
21 85
21 87
21 88
21 110
22 22
22 23
22 24
22 25
22 26
22 27
22 30
22 31
22 50
22 64
22 65
22 87
23 23
23 25
23 31
23 33
23 35
23 65
23 67
23 69
23 71
23 78
23 80
23 89
23 92
23 95
23 105
23 107
24 24
24 25
24 26
24 27
24 30
24 31
24 34
24 50
24 64
24 65
24 86
24 87
24 92
25 25
25 26
25 27
25 30
25 31
25 37
25 38
25 39
25 41
25 65
25 71
25 78
25 88
25 89
25 92
25 110
26 26
26 27
26 38
26 54
26 70
26 86
26 88
26 89
26 105
27 27
27 31
27 37
27 38
27 39
27 41
27 43
27 45
27 54
27 65
27 78
27 84
27 85
27 87
27 88
27 89
28 28
28 29
28 30
28 31
28 36
28 37
28 41
28 55
28 70
28 71
28 72
28 73
28 74
28 75
28 78
28 79
28 80
28 81
28 82
28 83
28 84
28 85
29 29
29 30
29 32
29 36
29 37
29 40
29 41
29 42
29 46
29 51
29 53
29 54
29 55
29 72
29 73
29 74
29 75
29 76
29 79
29 81
29 82
29 83
29 84
29 85
29 96
29 98
30 30
30 31
30 33
30 34
30 37
30 64
30 70
30 71
30 72
30 73
30 74
30 75
30 76
30 77
30 79
30 87
31 31
31 33
31 37
31 41
31 64
31 65
31 70
31 71
31 73
31 75
31 78
31 79
31 80
32 32
32 33
32 34
32 40
32 60
32 62
32 63
32 68
32 72
32 73
32 74
32 76
32 77
32 94
32 96
32 109
33 33
33 60
33 61
33 62
33 63
33 66
33 67
33 68
33 69
33 72
33 80
33 95
33 102
33 105
33 107
33 109
33 113
33 115
34 34
34 35
34 37
34 38
34 39
34 40
34 56
34 58
34 60
34 72
34 75
34 76
34 77
34 86
34 87
34 94
34 97
34 106
34 108
34 109
35 35
35 58
35 59
35 66
35 67
35 91
35 93
35 97
35 100
35 103
35 104
35 105
35 107
35 109
35 110
35 115
36 36
36 37
36 38
36 39
36 40
36 41
36 42
36 43
36 46
36 51
36 52
36 53
36 54
36 55
36 72
36 73
36 74
36 75
36 76
36 78
36 79
36 80
36 81
36 82
36 83
36 84
36 85
36 87
36 88
36 96
36 97
36 98
36 99
36 108
36 110
37 37
37 38
37 39
37 40
37 41
37 46
37 53
37 54
37 55
37 70
37 71
37 72
37 73
37 74
37 75
37 76
37 78
37 79
37 80
37 81
37 83
37 84
37 85
37 87
37 88
37 95
37 96
37 97
37 98
37 108
37 110
37 111
38 38
38 39
38 40
38 41
38 42
38 43
38 46
38 51
38 52
38 53
38 54
38 55
38 56
38 74
38 83
38 85
38 86
38 87
38 88
38 94
38 96
38 97
38 98
38 99
38 108
38 110
39 39
39 40
39 41
39 42
39 43
39 46
39 53
39 54
39 55
39 74
39 75
39 81
39 83
39 85
39 86
39 87
39 88
39 94
39 96
39 97
39 98
39 108
39 110
40 40
40 46
40 53
40 54
40 55
40 56
40 60
40 72
40 74
40 75
40 76
40 77
40 82
40 83
40 85
40 86
40 94
40 96
40 98
40 99
40 106
40 109
41 41
41 42
41 43
41 45
41 46
41 51
41 52
41 53
41 54
41 55
41 73
41 74
41 75
41 78
41 80
41 81
41 82
41 83
41 84
41 85
41 87
41 88
41 96
41 97
41 98
41 108
41 110
42 42
42 43
42 44
42 45
42 46
42 47
42 48
42 49
42 50
42 51
42 52
42 53
42 55
42 83
42 96
42 98
42 99
42 111
43 43
43 44
43 45
43 46
43 47
43 48
43 49
43 50
43 51
43 52
43 53
43 55
43 83
43 96
43 98
43 99
43 111
44 44
44 45
44 46
44 47
44 48
44 49
44 50
44 51
44 52
44 53
44 55
44 96
44 98
45 45
45 46
45 47
45 48
45 49
45 50
45 51
45 52
45 53
45 55
45 65
45 83
45 91
46 46
46 47
46 48
46 49
46 50
46 51
46 52
46 53
46 54
46 55
46 72
46 73
46 74
46 76
46 83
46 87
46 96
46 98
46 99
46 111
47 47
47 48
47 49
47 50
47 51
47 52
47 53
47 55
47 58
47 59
47 90
47 91
47 96
47 98
47 99
47 110
47 111
48 48
48 49
48 50
48 51
48 52
48 53
48 55
48 58
48 65
48 91
49 49
49 50
49 51
49 52
49 53
49 55
49 91
49 96
49 98
50 50
50 51
50 52
50 53
50 64
50 65
50 87
50 91
51 51
51 52
51 53
51 55
51 83
51 96
51 98
51 99
52 52
52 53
52 54
52 55
52 58
52 83
52 86
52 90
52 91
52 96
52 98
52 99
52 111
52 112
53 53
53 55
53 82
53 83
53 96
53 98
53 99
53 111
54 54
54 55
54 74
54 83
54 85
54 87
54 88
54 89
54 96
54 97
54 98
54 99
54 108
54 110
54 111
55 55
55 72
55 73
55 74
55 75
55 83
55 85
55 87
55 96
55 97
55 98
55 99
55 108
55 110
56 56
56 57
56 72
56 74
56 76
56 85
56 98
56 99
57 57
57 62
57 63
57 79
57 81
57 95
57 98
57 99
57 102
57 103
57 104
57 107
57 111
57 112
57 113
57 114
58 58
58 59
58 60
58 61
58 63
58 66
58 67
58 77
58 86
58 90
58 91
58 93
58 100
58 103
58 109
59 59
59 60
59 61
59 63
59 66
59 67
59 69
59 90
59 91
59 92
59 93
59 100
59 101
59 102
59 104
59 105
59 110
59 114
60 60
60 61
60 62
60 63
60 64
60 66
60 69
60 72
60 77
60 100
60 104
60 106
60 107
60 109
60 113
60 114
61 61
61 62
61 63
61 67
61 90
61 92
61 100
61 102
61 104
61 113
61 114
62 62
62 63
62 68
62 72
62 79
62 80
62 109
62 113
63 63
63 79
63 99
63 100
63 101
63 102
63 104
63 109
63 111
63 112
63 113
63 114
64 64
64 65
64 76
64 84
64 86
64 87
64 92
65 65
65 87
65 92
66 66
66 67
66 68
66 69
66 77
66 90
66 91
66 93
66 94
66 97
66 100
66 102
66 103
66 104
66 105
66 106
66 107
66 109
66 114
66 115
67 67
67 68
67 69
67 89
67 90
67 91
67 92
67 93
67 100
67 102
67 103
67 104
67 105
67 107
67 109
67 110
67 114
67 115
68 68
68 69
68 94
68 95
68 97
68 102
68 103
68 104
68 105
68 107
68 109
68 115
69 69
69 94
69 95
69 97
69 100
69 102
69 103
69 104
69 105
69 107
69 109
69 114
69 115
70 70
70 71
70 72
70 73
70 74
70 75
70 76
70 78
70 79
70 80
71 71
71 73
71 75
71 78
71 79
71 80
71 81
71 95
72 72
72 73
72 74
72 75
72 76
72 77
72 79
72 82
72 83
72 87
72 94
72 96
72 108
72 109
73 73
73 74
73 75
73 76
73 78
73 79
73 80
73 81
73 83
73 84
73 85
73 87
73 98
73 108
74 74
74 75
74 76
74 77
74 78
74 79
74 80
74 81
74 82
74 83
74 84
74 85
74 86
74 87
74 96
74 98
74 108
75 75
75 76
75 77
75 79
75 85
75 97
75 98
75 108
76 76
76 77
76 79
76 86
76 87
76 96
76 98
76 99
76 108
77 77
77 82
77 86
77 94
77 101
77 102
77 103
77 104
77 106
77 109
78 78
78 79
78 80
78 81
78 84
78 88
78 95
78 110
79 79
79 80
79 81
79 84
79 96
79 111
80 80
80 81
80 83
80 84
80 85
80 88
80 95
80 110
81 81
81 83
81 84
81 85
81 88
81 95
81 96
81 98
81 108
81 110
81 111
82 82
82 83
82 84
82 85
82 86
82 88
83 83
83 84
83 85
83 86
83 87
83 88
83 96
84 84
84 85
84 86
84 87
84 88
85 85
85 86
85 87
85 88
85 96
86 86
86 87
86 88
86 91
87 87
87 96
88 88
88 89
88 101
88 103
88 110
89 89
89 92
89 110
89 112
90 90
90 91
90 92
90 93
90 99
90 100
90 101
90 102
90 103
90 104
90 111
90 112
90 113
90 114
91 91
91 92
91 93
91 98
91 99
91 100
91 101
91 102
91 103
91 104
91 110
91 111
91 113
92 92
92 93
92 100
92 101
92 103
92 110
92 111
92 112
92 113
93 93
93 99
93 100
93 101
93 102
93 103
93 104
93 110
93 111
93 113
94 94
94 95
94 96
94 97
94 100
94 102
94 103
94 104
94 105
94 106
94 107
94 108
94 109
94 114
94 115
95 95
95 97
95 102
95 103
95 104
95 105
95 107
95 108
95 109
95 113
95 114
95 115
96 96
96 97
96 98
96 99
96 108
96 110
96 111
97 97
97 103
97 104
97 105
97 107
97 108
97 109
97 110
97 114
97 115
98 98
98 99
98 101
98 103
98 108
98 110
98 111
98 112
98 113
99 99
99 101
99 103
99 110
99 111
99 112
99 113
99 114
100 100
100 101
100 102
100 103
100 104
100 105
100 106
100 107
100 109
100 112
100 113
100 114
100 115
101 101
101 102
101 103
101 112
101 113
102 102
102 103
102 104
102 105
102 106
102 107
102 108
102 109
102 113
102 115
103 103
103 104
103 105
103 106
103 107
103 108
103 109
103 110
103 112
103 113
103 114
103 115
104 104
104 105
104 106
104 107
104 109
104 113
104 114
104 115
105 105
105 106
105 107
105 109
105 113
105 114
105 115
106 106
106 107
106 109
106 114
106 115
107 107
107 108
107 109
107 113
107 114
107 115
108 108
108 109
108 110
108 115
109 109
109 113
109 114
109 115
110 110
110 111
110 112
111 111
111 112
111 113
111 114
112 112
112 113
112 114
113 113
113 114
113 115
114 114
114 115
115 115
