0 0
0 1
0 10
0 14
0 17
0 56
0 58
0 59
0 60
0 61
0 62
0 63
0 68
0 82
0 84
0 85
0 88
0 89
0 103
1 1
1 10
1 11
1 12
1 13
1 14
1 17
1 19
1 52
1 53
1 57
1 59
1 61
1 63
1 68
1 82
1 83
1 85
1 86
1 87
1 89
1 100
2 2
2 4
2 5
2 6
2 7
2 8
2 9
2 18
2 20
2 22
2 24
2 25
2 26
2 27
2 47
2 48
2 67
2 70
2 90
2 91
2 93
2 101
2 110
3 3
3 5
3 7
3 9
3 11
3 14
3 15
3 20
3 22
3 23
3 25
3 26
3 27
3 30
3 31
3 35
3 45
3 50
3 64
3 65
3 67
3 70
3 71
3 75
3 77
3 86
3 88
3 89
3 92
3 113
4 4
4 5
4 6
4 7
4 8
4 9
4 15
4 18
4 20
4 22
4 23
4 24
4 25
4 26
4 67
4 69
4 70
4 90
4 91
4 92
4 93
4 101
4 102
4 114
5 5
5 6
5 7
5 8
5 9
5 15
5 20
5 21
5 22
5 23
5 24
5 25
5 26
5 27
5 30
5 31
5 34
5 35
5 45
5 50
5 67
5 70
5 71
5 88
5 91
5 92
5 93
5 103
5 110
6 6
6 7
6 8
6 9
6 13
6 15
6 18
6 19
6 29
6 46
6 47
6 48
6 70
6 90
6 91
6 93
6 101
6 102
6 111
7 7
7 8
7 9
7 13
7 15
7 23
7 25
7 47
7 48
7 67
7 70
7 77
7 90
7 91
7 92
7 93
7 100
7 101
7 102
7 104
7 111
8 8
8 9
8 13
8 15
8 18
8 22
8 23
8 24
8 25
8 26
8 69
8 70
8 77
8 90
8 91
8 92
8 93
9 9
9 11
9 13
9 14
9 15
9 23
9 25
9 67
9 70
9 77
9 90
9 91
9 92
9 93
9 100
9 101
9 102
9 103
10 10
10 11
10 12
10 13
10 14
10 15
10 16
10 17
10 28
10 51
10 52
10 54
10 61
10 62
10 82
10 83
10 84
10 85
10 89
11 11
11 12
11 13
11 14
11 15
11 16
11 28
11 75
11 82
11 83
11 85
11 87
12 12
12 13
12 14
12 15
12 16
12 28
12 29
12 52
12 53
12 54
12 60
12 61
12 62
12 82
12 83
13 13
13 15
13 28
13 29
13 46
13 52
13 70
13 75
13 77
13 83
13 90
13 91
13 92
13 100
14 14
14 15
14 22
14 23
14 30
14 64
14 82
14 84
14 85
14 86
14 87
14 88
14 89
15 15
15 23
15 52
15 70
15 75
15 83
15 90
15 91
15 92
15 93
15 103
16 16
16 17
16 28
16 29
16 32
16 36
16 40
16 51
16 52
16 53
16 54
16 56
16 57
16 58
16 60
16 61
16 62
16 63
16 68
16 72
16 74
16 78
16 79
16 80
16 81
16 83
16 106
16 107
17 17
17 28
17 29
17 32
17 40
17 51
17 52
17 53
17 54
17 56
17 57
17 58
17 59
17 60
17 61
17 62
17 63
17 68
17 72
17 78
17 79
17 80
17 81
17 82
17 83
17 84
17 85
17 107
18 18
18 19
18 20
18 22
18 26
18 28
18 29
18 30
18 32
18 33
18 64
18 72
18 73
18 74
19 19
19 28
19 29
19 32
19 33
19 36
19 40
19 41
19 46
19 49
19 57
19 68
19 72
19 73
19 74
19 76
19 80
19 81
19 83
19 100
19 112
20 20
20 21
20 22
20 24
20 25
20 26
20 27
20 30
20 31
20 34
20 35
20 45
20 64
20 70
20 71
20 72
20 74
20 84
20 88
20 114
21 21
21 22
21 24
21 25
21 26
21 27
21 30
21 31
21 39
21 58
21 60
21 62
21 78
21 84
21 88
21 105
21 106
21 107
21 114
22 22
22 23
22 24
22 25
22 26
22 27
22 30
22 34
22 35
22 50
22 64
22 67
22 70
22 88
22 89
23 23
23 24
23 25
23 26
23 27
23 31
23 35
23 45
23 50
23 67
23 70
23 71
23 75
23 77
23 88
23 89
23 92
23 93
23 94
23 110
23 113
24 24
24 25
24 26
24 27
24 30
24 31
24 34
24 35
24 45
24 50
24 67
24 88
24 110
24 114
25 25
25 26
25 27
25 30
25 31
25 34
25 35
25 45
25 50
25 67
25 70
25 71
25 88
25 110
26 26
26 27
26 30
26 31
26 50
26 64
26 67
26 70
26 71
26 88
26 89
26 114
27 27
27 30
27 31
27 34
27 35
27 45
27 50
27 64
27 66
27 67
27 71
27 84
27 88
27 89
27 114
28 28
28 29
28 30
28 31
28 32
28 33
28 36
28 40
28 49
28 60
28 62
28 63
28 64
28 72
28 73
28 74
28 78
28 79
28 80
28 81
28 83
28 85
28 95
28 107
28 109
29 29
29 32
29 33
29 36
29 40
29 41
29 46
29 49
29 60
29 62
29 63
29 72
29 73
29 74
29 76
29 78
29 79
29 80
29 81
29 83
29 108
29 109
30 30
30 31
30 32
30 33
30 34
30 35
30 44
30 45
30 50
30 64
30 71
30 72
30 73
30 74
30 78
30 84
30 85
30 88
30 114
31 31
31 32
31 33
31 34
31 35
31 40
31 41
31 44
31 45
31 64
31 65
31 71
31 72
31 73
31 74
31 78
31 84
31 85
31 95
31 114
32 32
32 33
32 34
32 36
32 37
32 40
32 41
32 44
32 49
32 57
32 60
32 62
32 63
32 64
32 65
32 68
32 72
32 73
32 74
32 76
32 78
32 79
32 80
32 81
32 84
32 85
32 95
32 96
32 108
32 109
33 33
33 34
33 35
33 36
33 40
33 41
33 44
33 45
33 49
33 63
33 64
33 65
33 68
33 71
33 72
33 73
33 74
33 76
33 78
33 79
33 80
33 81
33 96
33 108
34 34
34 35
34 43
34 44
34 45
34 49
34 50
34 64
34 65
34 66
34 67
34 71
34 76
34 84
34 86
34 88
34 110
35 35
35 44
35 45
35 50
35 65
35 66
35 67
35 71
35 75
35 76
35 77
35 110
35 113
36 36
36 37
36 38
36 40
36 41
36 42
36 43
36 44
36 46
36 49
36 55
36 57
36 62
36 63
36 72
36 73
36 74
36 76
36 78
36 79
36 80
36 81
36 83
36 85
36 87
36 96
36 97
36 98
36 115
37 37
37 38
37 39
37 41
37 42
37 43
37 46
37 47
37 49
37 55
37 68
37 71
37 72
37 73
37 75
37 76
37 77
37 85
37 87
37 96
37 97
37 98
37 113
38 38
38 39
38 54
38 55
38 56
38 58
38 59
38 66
38 69
38 86
38 87
38 93
38 96
38 98
38 99
38 103
38 104
38 110
39 39
39 52
39 54
39 55
39 58
39 59
39 60
39 61
39 96
39 97
39 98
39 99
39 104
39 107
40 40
40 41
40 49
40 56
40 60
40 62
40 63
40 72
40 73
40 74
40 78
40 79
40 80
40 81
40 85
41 41
41 44
41 46
41 47
41 71
41 72
41 73
41 74
41 75
41 76
41 77
41 83
41 96
41 110
41 113
42 42
42 43
42 44
42 45
42 46
42 47
42 48
42 49
42 51
42 55
42 76
42 95
42 96
42 98
42 99
42 108
42 111
42 113
42 115
43 43
43 44
43 45
43 46
43 47
43 48
43 49
43 51
43 55
43 73
43 74
43 76
43 96
43 97
43 98
43 108
43 110
43 113
43 115
44 44
44 45
44 49
44 50
44 65
44 71
44 73
44 74
44 76
44 78
44 79
44 84
44 85
44 108
44 110
44 111
44 113
44 114
45 45
45 49
45 50
45 64
45 65
45 66
45 67
45 71
45 76
45 78
45 84
45 85
45 86
45 87
45 110
45 113
46 46
46 47
46 48
46 49
46 51
46 55
46 72
46 73
46 90
46 96
46 98
46 99
46 108
46 109
46 111
47 47
47 48
47 49
47 55
47 73
47 77
47 90
47 91
47 96
47 98
47 99
47 108
47 110
47 111
48 48
48 49
48 51
48 52
48 54
48 75
48 76
48 77
48 112
49 49
49 51
49 55
49 63
49 65
49 72
49 73
49 74
49 76
49 78
49 79
49 81
49 85
49 95
49 96
49 97
49 98
49 108
49 109
50 50
50 64
50 65
50 66
50 67
50 76
50 84
50 86
50 88
50 89
50 110
51 51
51 52
51 53
51 54
51 55
51 58
51 59
51 61
51 63
51 65
51 95
51 97
51 108
52 52
52 53
52 54
52 58
52 59
52 60
52 61
52 62
52 69
52 83
52 89
52 90
52 91
53 53
53 54
53 58
53 59
53 60
53 61
53 63
53 82
53 83
53 90
53 91
53 104
53 105
54 54
54 55
54 58
54 59
54 60
54 61
54 89
54 94
54 96
54 98
54 99
55 55
55 68
55 94
55 96
55 97
55 98
55 99
56 56
56 57
56 58
56 61
56 62
56 63
56 66
56 68
56 69
56 78
56 79
56 80
56 81
56 84
56 85
56 99
56 103
56 107
57 57
57 58
57 61
57 62
57 63
57 66
57 68
57 69
57 78
57 79
57 80
57 81
57 82
57 84
57 85
57 87
57 112
58 58
58 59
58 60
58 61
58 62
58 63
58 66
58 86
58 89
58 106
58 107
59 59
59 61
59 66
59 69
59 82
59 86
59 87
59 89
59 102
59 103
59 106
60 60
60 61
60 62
60 63
60 72
60 80
60 81
60 83
60 106
60 107
61 61
61 62
61 63
61 66
61 79
61 82
61 86
61 89
61 106
61 107
62 62
62 63
62 68
62 72
62 78
62 79
62 80
62 81
62 83
62 85
62 107
63 63
63 68
63 72
63 73
63 74
63 78
63 79
63 80
63 81
63 84
63 85
63 95
63 96
63 107
64 64
64 65
64 72
64 74
64 78
64 79
64 84
64 85
64 88
64 95
65 65
65 67
65 71
65 75
65 76
65 78
65 79
65 95
65 108
65 109
65 113
66 66
66 67
66 68
66 69
66 79
66 84
66 86
66 87
66 88
66 89
66 103
67 67
67 69
67 70
67 77
67 88
67 92
67 93
67 94
67 101
67 103
67 110
68 68
68 69
68 76
68 78
68 79
68 80
68 81
68 84
68 86
68 87
68 96
68 97
69 69
69 88
69 90
69 91
69 92
69 93
69 94
69 99
69 101
69 102
69 103
69 110
70 70
70 71
70 75
70 77
70 90
70 91
70 92
70 93
70 103
71 71
71 73
71 74
71 75
72 72
72 73
72 74
72 76
72 78
72 79
72 80
72 81
72 85
72 95
72 108
72 109
72 114
73 73
73 74
73 75
73 76
73 77
73 78
73 81
73 96
74 74
74 75
74 76
74 78
74 79
74 80
74 81
74 95
74 96
75 75
75 76
75 77
75 113
76 76
76 77
76 81
76 96
76 113
77 77
77 90
77 100
77 110
77 113
78 78
78 79
78 80
78 81
78 84
78 85
78 95
78 108
79 79
79 80
79 81
79 84
79 85
79 95
79 96
79 97
79 107
79 109
80 80
80 81
80 83
80 84
80 85
81 81
81 84
81 85
81 96
82 82
82 84
82 85
82 86
82 87
82 88
82 89
83 83
83 90
84 84
84 85
84 86
84 87
84 88
84 89
85 85
85 86
85 87
86 86
86 87
86 88
86 89
87 87
87 88
87 89
87 94
87 96
88 88
88 89
88 103
89 89
89 92
90 90
90 91
90 92
90 93
90 98
90 99
90 100
90 101
90 102
90 103
90 104
90 105
90 110
90 111
90 112
91 91
91 92
91 93
91 98
91 99
91 100
91 101
91 102
91 103
91 104
91 105
91 106
91 111
91 112
92 92
92 93
92 99
92 100
92 101
92 102
92 103
92 104
92 106
92 111
92 112
93 93
93 99
93 100
93 101
93 102
93 103
93 104
93 106
93 110
93 111
93 112
94 94
94 96
94 97
94 110
95 95
95 97
95 107
95 108
95 109
95 115
96 96
96 97
96 98
96 99
96 108
96 109
96 110
96 113
97 97
97 98
97 99
97 107
97 108
97 109
97 110
97 111
97 112
97 113
97 115
98 98
98 99
98 110
98 111
98 112
98 113
99 99
99 100
99 101
99 102
99 103
99 104
99 110
99 111
99 112
99 113
99 115
100 100
100 101
100 102
100 103
100 104
100 111
100 112
101 101
101 102
101 103
101 104
101 111
101 112
102 102
102 103
102 104
102 111
102 112
103 103
103 104
103 106
103 110
103 112
104 104
104 105
104 106
104 107
104 112
104 113
104 114
105 105
105 106
105 107
105 109
105 114
106 106
106 107
107 107
107 114
107 115
108 108
108 109
108 111
108 115
109 109
109 111
109 114
110 110
110 111
110 113
111 111
111 112
111 113
111 114
112 112
112 113
113 113
114 114
114 115
115 115
