0 0
0 2
0 10
0 12
0 14
0 18
0 22
0 26
0 48
0 50
0 51
0 52
0 56
0 58
0 60
0 64
0 82
0 89
0 107
1 1
1 3
1 16
1 19
1 44
1 57
1 59
1 61
1 62
1 63
1 69
1 73
1 78
1 80
1 81
1 83
1 87
1 98
1 102
1 106
1 111
1 112
1 113
2 2
2 6
2 8
2 10
2 12
2 14
2 22
2 23
2 24
2 48
2 49
2 58
2 60
2 64
2 65
2 82
2 91
2 93
2 107
2 109
3 3
3 11
3 13
3 18
3 19
3 23
3 32
3 64
3 65
3 73
3 76
3 82
3 83
3 84
3 85
3 86
3 87
3 89
3 104
4 4
4 5
4 6
4 7
4 8
4 9
4 11
4 14
4 15
4 34
4 35
4 58
4 59
4 60
4 61
4 65
4 69
4 82
4 88
4 90
4 91
4 92
4 93
4 101
5 5
5 6
5 7
5 8
5 9
5 33
5 34
5 35
5 45
5 48
5 49
5 58
5 59
5 61
5 66
5 67
5 90
5 91
5 92
5 94
5 100
5 101
5 103
5 104
5 105
5 111
5 114
6 6
6 7
6 8
6 9
6 10
6 12
6 14
6 34
6 45
6 48
6 58
6 60
6 90
6 91
6 93
6 101
6 103
6 105
6 107
6 109
7 7
7 8
7 9
7 11
7 15
7 29
7 32
7 33
7 34
7 35
7 45
7 59
7 60
7 61
7 66
7 67
7 71
7 73
7 75
7 77
7 90
7 100
7 104
8 8
8 9
8 12
8 14
8 34
8 45
8 48
8 49
8 58
8 59
8 60
8 61
8 66
8 67
8 90
8 91
8 92
8 93
8 101
8 103
8 105
8 107
9 9
9 11
9 15
9 33
9 34
9 35
9 44
9 45
9 49
9 58
9 59
9 60
9 61
9 66
9 67
9 90
9 91
9 92
9 101
9 103
9 105
9 111
9 114
10 10
10 11
10 12
10 13
10 14
10 18
10 22
10 23
10 26
10 48
10 52
10 64
10 65
10 68
10 76
10 82
10 84
10 85
10 86
10 87
10 89
10 91
10 93
10 107
11 11
11 13
11 14
11 15
11 28
11 61
11 65
11 71
11 73
11 74
11 75
11 76
11 77
11 82
11 83
11 92
11 112
12 12
12 16
12 48
12 49
12 50
12 52
12 56
12 60
12 107
13 13
13 15
13 21
13 37
13 38
13 65
13 71
13 73
13 77
13 85
13 86
13 87
13 89
13 92
14 14
14 15
14 18
14 22
14 23
14 26
14 41
14 52
14 58
14 60
14 64
14 68
14 70
14 71
14 76
14 82
14 84
14 86
14 88
14 89
14 91
14 93
14 107
15 15
15 38
15 60
15 61
15 65
15 71
15 75
15 82
15 83
15 88
15 89
15 91
16 16
16 17
16 18
16 28
16 29
16 32
16 36
16 37
16 56
16 57
16 62
16 63
16 72
16 73
16 74
16 75
16 76
16 77
16 78
16 79
16 80
16 81
16 98
16 99
17 17
17 28
17 29
17 32
17 36
17 37
17 38
17 40
17 41
17 56
17 57
17 60
17 62
17 63
17 72
17 73
17 74
17 76
17 77
17 78
17 79
17 80
17 81
17 98
17 99
18 18
18 19
18 22
18 28
18 32
18 46
18 53
18 62
18 64
18 74
18 76
18 78
18 79
18 80
18 81
18 82
18 83
18 84
18 98
19 19
19 57
19 59
19 69
19 80
19 82
19 83
19 90
19 95
19 98
19 102
19 103
19 104
19 105
19 106
19 111
19 114
19 115
20 20
20 21
20 24
20 25
20 27
20 29
20 30
20 31
20 33
20 37
20 39
20 43
20 49
20 54
20 55
20 70
20 71
20 73
20 75
20 77
20 96
20 97
20 99
20 110
21 21
21 22
21 23
21 24
21 25
21 26
21 27
21 29
21 30
21 31
21 37
21 39
21 40
21 41
21 55
21 70
21 71
21 84
21 86
21 87
21 89
21 96
21 109
21 110
22 22
22 23
22 24
22 25
22 26
22 30
22 40
22 41
22 46
22 48
22 49
22 52
22 53
22 64
22 68
22 70
22 76
22 82
22 84
22 86
22 89
22 91
22 93
22 107
22 109
23 23
23 24
23 25
23 26
23 27
23 30
23 31
23 35
23 37
23 64
23 65
23 68
23 70
23 82
23 84
23 85
23 86
23 89
23 91
23 93
23 94
23 95
23 105
23 109
23 110
23 115
24 24
24 25
24 26
24 27
24 30
24 31
24 33
24 34
24 40
24 43
24 46
24 47
24 48
24 49
24 53
24 55
24 64
24 70
24 84
24 86
24 96
24 109
24 110
25 25
25 27
25 29
25 30
25 31
25 33
25 34
25 35
25 37
25 39
25 43
25 48
25 49
25 53
25 55
25 70
25 71
25 86
25 94
25 95
25 96
25 110
26 26
26 27
26 38
26 53
26 64
26 68
26 82
26 84
26 85
26 86
26 87
26 88
26 89
26 91
27 27
27 47
27 48
27 49
27 51
27 52
27 53
27 55
27 68
27 84
27 86
27 87
27 89
28 28
28 29
28 30
28 31
28 32
28 33
28 36
28 40
28 41
28 56
28 60
28 62
28 63
28 70
28 72
28 73
28 74
28 75
28 76
28 77
28 78
28 79
28 80
28 81
28 82
28 83
29 29
29 30
29 31
29 32
29 33
29 36
29 37
29 39
29 40
29 41
29 42
29 43
29 56
29 57
29 62
29 63
29 70
29 72
29 73
29 74
29 75
29 76
29 77
29 78
29 79
29 80
29 81
29 96
29 98
29 99
30 30
30 31
30 33
30 36
30 37
30 40
30 43
30 46
30 53
30 54
30 55
30 70
30 71
30 72
30 75
30 76
30 77
30 86
30 96
30 109
30 110
31 31
31 33
31 34
31 37
31 38
31 39
31 40
31 43
31 46
31 47
31 54
31 55
31 70
31 71
31 72
31 73
31 75
31 77
31 96
31 110
32 32
32 33
32 40
32 56
32 62
32 63
32 72
32 73
32 74
32 75
32 76
32 77
32 78
32 79
32 80
32 81
32 98
32 99
33 33
33 34
33 35
34 34
34 35
34 45
34 48
34 58
34 60
34 66
34 67
34 70
34 97
34 110
35 35
35 58
35 66
35 67
35 69
35 88
35 90
35 91
35 92
35 93
35 94
35 95
35 103
35 105
35 110
35 114
36 36
36 37
36 39
36 40
36 41
36 54
36 70
36 72
36 73
36 74
36 75
36 76
36 77
36 78
36 79
36 80
36 81
36 84
36 85
36 86
36 95
36 96
37 37
37 38
37 39
37 40
37 41
37 46
37 54
37 55
37 70
37 71
37 72
37 73
37 74
37 75
37 76
37 77
37 79
37 80
37 81
37 84
37 85
37 86
37 87
37 96
37 98
37 99
38 38
38 39
38 40
38 54
38 55
38 70
38 74
38 75
38 77
38 78
38 79
38 80
38 81
38 85
38 87
38 94
38 96
38 97
39 39
39 68
39 72
39 73
39 77
39 79
39 80
39 81
39 94
39 96
39 97
39 104
39 105
39 108
39 109
39 110
39 113
39 114
39 115
40 40
40 41
40 53
40 54
40 64
40 70
40 72
40 74
40 75
40 76
40 79
40 81
40 82
40 83
40 84
40 96
40 109
40 113
41 41
41 54
41 72
41 74
41 76
41 78
41 79
41 80
41 81
41 82
41 83
41 86
41 95
41 96
41 98
41 107
42 42
42 43
42 44
42 45
42 46
42 47
42 48
42 49
42 51
42 53
42 54
42 55
42 98
43 43
43 44
43 45
43 46
43 47
43 48
43 49
43 53
43 54
43 55
43 96
43 98
43 99
43 110
44 44
44 45
44 46
44 47
44 48
44 49
44 51
44 54
44 55
44 59
44 61
44 62
44 63
44 78
44 98
44 100
44 101
44 102
44 111
44 112
44 113
45 45
45 46
45 47
45 48
45 49
45 55
45 59
45 61
45 66
45 67
45 99
45 100
45 101
45 104
45 110
45 111
45 112
46 46
46 47
46 48
46 49
46 51
46 53
46 54
46 55
46 78
46 86
46 96
46 98
46 99
46 113
47 47
47 48
47 49
47 51
47 53
47 55
47 78
47 96
47 98
47 99
47 110
47 111
47 112
47 113
48 48
48 49
48 50
48 51
48 52
48 53
48 58
48 68
48 91
48 93
48 101
49 49
49 50
49 51
49 52
49 53
49 54
49 55
49 99
49 110
50 50
50 51
50 52
50 53
50 54
50 89
50 97
50 99
50 110
50 111
51 51
51 52
51 53
51 54
51 59
51 68
51 89
51 101
51 113
52 52
52 53
52 54
52 58
52 68
52 71
52 89
52 100
52 113
53 53
53 54
53 55
53 64
53 84
53 109
54 54
54 55
54 73
54 74
54 76
54 78
54 79
54 96
54 98
55 55
55 73
55 75
55 86
55 96
55 98
55 99
56 56
56 57
56 60
56 61
56 62
56 63
56 72
56 78
56 80
56 81
56 107
57 57
57 58
57 59
57 60
57 61
57 62
57 63
57 66
57 67
57 69
57 80
57 81
57 90
57 102
57 103
57 106
57 108
57 112
58 58
58 59
58 60
58 61
58 66
58 67
58 69
58 88
58 89
58 90
58 91
58 92
58 93
58 103
58 106
58 107
59 59
59 61
59 66
59 67
59 69
59 89
59 90
59 100
59 101
59 102
59 103
59 106
59 111
59 112
60 60
60 61
60 63
60 66
60 90
60 107
61 61
61 62
61 63
61 66
61 67
61 75
61 100
61 101
61 102
61 112
62 62
62 63
62 72
62 73
62 74
62 78
62 79
62 80
62 81
62 98
62 106
62 112
63 63
63 72
63 73
63 74
63 78
63 79
63 80
63 81
63 98
63 99
63 102
63 106
63 112
64 64
64 65
64 68
64 76
64 82
64 84
64 85
64 86
64 87
64 88
64 89
64 91
64 93
64 95
64 107
64 109
65 65
65 66
65 67
65 91
65 92
65 93
65 103
65 104
66 66
66 67
66 69
66 90
66 92
66 100
66 102
66 103
66 106
66 111
66 112
67 67
67 69
67 90
67 91
67 92
67 100
67 102
67 103
67 104
67 105
67 110
67 111
67 114
68 68
68 69
68 70
68 82
68 84
68 85
68 87
68 88
68 89
68 91
68 93
68 94
68 95
68 105
69 69
69 82
69 83
69 85
69 87
69 88
69 89
69 90
69 91
69 92
69 102
69 103
69 105
69 106
69 107
69 114
69 115
70 70
70 71
70 72
70 73
70 74
70 75
70 76
70 77
70 84
70 91
70 93
70 94
70 96
70 97
71 71
71 73
71 74
71 75
71 76
71 77
71 92
71 93
71 97
72 72
72 73
72 74
72 75
72 76
72 77
72 78
72 79
72 80
72 81
72 96
72 98
72 99
73 73
73 74
73 75
73 76
73 77
73 78
73 79
73 80
73 81
73 96
73 98
73 99
74 74
74 75
74 76
74 77
74 78
74 79
74 80
74 81
74 98
74 99
75 75
75 76
75 77
75 96
75 97
75 98
75 99
75 113
76 76
76 77
76 79
76 80
76 81
76 84
76 96
76 109
77 77
77 79
77 81
77 96
77 97
77 110
78 78
78 79
78 80
78 81
78 98
78 112
79 79
79 80
79 81
79 85
79 96
79 97
79 98
79 99
80 80
80 81
80 87
80 98
80 106
81 81
81 98
82 82
82 83
82 84
82 85
82 86
82 87
82 88
82 89
82 91
82 93
82 107
83 83
83 85
83 87
83 88
83 95
83 105
83 107
83 114
84 84
84 85
84 86
84 87
84 88
84 89
84 95
84 109
85 85
85 86
85 87
85 89
85 113
86 86
86 87
86 89
86 107
87 87
87 88
87 89
87 106
88 88
88 89
88 90
88 91
88 94
88 105
88 107
89 89
89 91
89 93
90 90
90 91
90 92
90 93
90 101
90 102
90 103
90 105
90 106
90 107
90 114
90 115
91 91
91 92
91 93
91 94
91 101
91 103
91 105
91 107
91 114
92 92
92 93
92 101
92 102
92 103
92 111
92 113
93 93
93 101
93 103
93 107
94 94
94 95
94 97
94 103
94 105
94 110
94 114
94 115
95 95
95 104
95 105
95 108
95 109
95 114
95 115
96 96
96 97
96 98
96 99
96 110
97 97
97 103
97 106
97 110
98 98
98 99
98 100
98 102
98 111
98 112
98 113
99 99
99 100
99 102
99 110
99 111
99 112
100 100
100 101
100 102
100 103
100 111
100 112
101 101
101 102
101 103
101 111
101 112
101 113
102 102
102 103
102 104
102 106
102 111
102 112
102 113
102 115
103 103
103 104
103 105
103 106
103 111
103 114
104 104
104 105
104 109
104 110
104 114
104 115
105 105
105 109
105 110
105 114
105 115
106 106
106 108
107 107
108 108
108 114
108 115
109 109
109 110
109 113
110 110
110 114
111 111
111 112
111 113
112 112
112 113
113 113
114 114
114 115
115 115
