0 0
0 1
0 2
0 6
0 18
0 19
0 32
0 51
0 52
0 53
0 56
0 57
0 60
0 61
0 65
0 66
0 68
0 76
0 98
0 99
0 112
1 1
1 11
1 18
1 19
1 32
1 52
1 56
1 57
1 61
1 63
1 98
1 99
1 112
2 2
2 3
2 4
2 6
2 7
2 22
2 48
2 50
2 54
2 58
2 59
2 66
2 67
2 68
2 88
2 89
2 90
2 91
2 92
2 93
2 102
2 103
2 104
2 105
2 106
2 107
3 3
3 4
3 5
3 6
3 7
3 22
3 26
3 27
3 50
3 51
3 52
3 58
3 65
3 66
3 68
3 85
3 88
3 89
3 90
3 91
3 92
3 93
3 102
4 4
4 5
4 7
4 9
4 12
4 20
4 22
4 24
4 26
4 58
4 103
5 5
5 7
5 20
5 26
5 27
5 58
5 59
5 66
5 68
5 88
5 89
5 90
5 91
5 102
5 103
6 6
6 7
6 22
6 48
6 50
6 58
6 59
6 60
6 66
6 67
6 88
6 89
6 90
6 91
6 92
6 93
6 102
6 104
6 107
7 7
7 22
7 48
7 50
7 51
7 52
7 58
7 59
7 66
7 67
7 88
7 89
7 90
7 91
7 92
7 93
7 102
7 103
7 104
8 8
8 9
8 12
8 13
8 14
8 15
8 16
8 21
8 24
8 25
8 28
8 29
8 30
8 31
8 44
8 62
8 71
8 73
8 78
8 80
8 81
8 82
8 100
8 113
9 9
9 12
9 13
9 14
9 15
9 20
9 21
9 24
9 25
9 30
9 31
9 70
9 71
9 78
9 80
10 10
10 11
10 12
10 13
10 14
10 15
10 16
10 17
10 21
10 23
10 24
10 25
10 28
10 29
10 30
10 31
10 32
10 33
10 40
10 45
10 61
10 62
10 63
10 64
10 65
10 71
10 72
10 73
10 74
10 75
10 78
10 79
10 80
10 81
10 84
11 11
11 13
11 16
11 17
11 28
11 29
11 31
11 32
11 33
11 40
11 61
11 62
11 63
11 64
11 65
11 72
11 73
11 74
11 75
11 76
11 78
11 79
11 80
11 81
11 83
11 84
11 95
11 97
12 12
12 13
12 14
12 15
12 16
12 22
12 24
12 25
12 28
12 29
12 30
12 31
12 33
12 62
12 63
12 71
12 72
12 73
12 78
12 80
12 81
12 113
13 13
13 14
13 15
13 16
13 20
13 21
13 24
13 25
13 28
13 29
13 30
13 31
13 62
13 71
13 72
13 73
13 74
13 75
13 78
13 80
13 81
13 82
14 14
14 15
14 16
14 20
14 21
14 24
14 25
14 28
14 29
14 30
14 31
14 40
14 45
14 62
14 71
14 72
14 73
14 78
14 80
14 81
14 82
14 83
14 84
15 15
15 16
15 20
15 21
15 24
15 25
15 28
15 29
15 30
15 31
15 62
15 70
15 71
15 72
15 73
15 78
15 80
15 81
15 82
15 83
16 16
16 17
16 21
16 23
16 24
16 25
16 28
16 29
16 30
16 31
16 32
16 33
16 40
16 41
16 43
16 44
16 56
16 62
16 63
16 64
16 71
16 72
16 73
16 74
16 75
16 76
16 78
16 79
16 80
16 81
16 83
16 84
16 113
17 17
17 21
17 26
17 28
17 29
17 31
17 40
17 57
17 62
17 63
17 64
17 65
17 72
17 73
17 74
17 75
17 76
17 78
17 79
17 80
17 81
17 83
17 84
17 85
18 18
18 19
18 32
18 49
18 50
18 51
18 52
18 53
18 56
18 68
18 76
18 83
18 84
18 85
18 112
19 19
19 47
19 67
19 68
19 69
19 76
19 77
19 83
19 90
19 107
19 109
19 110
20 20
20 21
20 24
20 25
20 26
20 27
20 29
20 30
20 31
20 38
20 39
20 40
20 70
20 71
20 72
20 73
20 74
20 75
20 78
20 79
20 80
20 81
20 83
20 84
20 86
20 94
20 95
20 97
20 106
20 108
20 109
21 21
21 24
21 25
21 26
21 27
21 28
21 29
21 30
21 31
21 38
21 39
21 40
21 70
21 71
21 72
21 73
21 74
21 75
21 78
21 79
21 80
21 81
21 84
21 86
21 94
21 95
21 97
21 108
22 22
22 23
22 31
22 50
22 64
22 65
22 84
23 23
23 24
23 25
23 30
23 31
23 33
23 50
23 64
23 65
23 82
23 84
23 110
24 24
24 25
24 27
24 28
24 29
24 30
24 31
24 45
24 62
24 64
24 71
24 73
24 78
24 79
24 80
24 81
24 84
24 113
25 25
25 27
25 28
25 29
25 30
25 31
25 33
25 40
25 71
25 78
25 79
25 80
25 81
25 84
25 86
25 94
25 95
25 110
25 113
26 26
26 27
26 50
26 65
26 79
26 84
26 88
26 95
26 108
26 109
27 27
27 56
27 57
27 65
27 84
27 85
28 28
28 29
28 30
28 31
28 32
28 33
28 40
28 41
28 62
28 63
28 64
28 71
28 72
28 73
28 74
28 75
28 76
28 78
28 79
28 80
28 81
28 82
28 83
28 84
29 29
29 30
29 31
29 32
29 40
29 41
29 62
29 63
29 70
29 71
29 72
29 73
29 74
29 75
29 76
29 78
29 79
29 80
29 81
29 82
29 83
29 84
29 95
30 30
30 31
30 33
30 40
30 56
30 62
30 70
30 71
30 72
30 73
30 74
30 78
30 80
30 81
30 86
30 96
31 31
31 32
31 33
31 40
31 62
31 63
31 64
31 70
31 71
31 72
31 73
31 74
31 75
31 78
31 79
31 80
31 81
31 84
31 96
31 113
32 32
32 33
32 34
32 40
32 56
32 60
32 61
32 62
32 63
32 72
32 74
32 76
32 78
32 82
33 33
33 35
33 40
33 60
33 61
33 62
33 63
33 64
33 65
33 72
33 76
33 78
33 113
34 34
34 35
34 36
34 56
34 60
34 62
34 64
34 66
34 76
34 87
34 112
35 35
35 36
35 47
35 58
35 59
35 60
35 67
35 68
35 69
35 77
35 90
35 91
35 93
35 102
35 110
36 36
36 38
36 40
36 41
36 62
36 72
36 76
36 87
37 37
37 39
37 40
37 41
37 46
37 47
37 57
37 68
37 69
37 74
37 75
37 76
37 77
37 79
37 83
37 85
37 95
37 96
37 97
37 109
37 110
37 112
38 38
38 39
38 40
38 41
38 54
38 55
38 72
38 74
38 86
38 87
38 94
38 95
38 96
38 97
38 105
38 106
38 108
38 114
38 115
39 39
39 41
39 54
39 55
39 86
39 87
39 94
39 95
39 96
39 97
39 99
39 105
39 106
39 108
39 109
39 110
39 115
40 40
40 41
40 62
40 63
40 72
40 73
40 74
40 75
40 76
40 78
40 79
40 80
40 81
40 82
40 83
40 84
41 41
41 46
41 57
41 62
41 71
41 72
41 73
41 74
41 75
41 76
41 77
41 80
41 81
41 83
42 42
42 43
42 44
42 45
42 46
42 47
42 49
42 51
42 55
42 75
42 76
42 83
42 96
42 97
42 98
42 99
42 111
42 112
43 43
43 44
43 45
43 46
43 47
43 49
43 51
43 57
43 75
43 76
43 77
43 96
43 98
43 110
43 111
43 112
44 44
44 45
44 46
44 47
44 48
44 49
44 51
44 76
44 78
44 80
45 45
45 46
45 49
45 51
45 64
45 65
45 75
45 76
45 78
45 79
45 81
45 82
45 84
46 46
46 47
46 49
46 51
46 53
46 55
46 76
46 96
46 97
46 98
46 99
46 110
46 111
46 112
47 47
47 53
47 67
47 69
47 76
47 77
47 90
47 96
47 98
47 100
47 102
47 103
47 104
47 107
47 109
47 110
47 111
48 48
48 49
48 50
48 51
48 52
48 58
48 59
48 60
48 61
48 66
48 67
48 88
48 89
48 90
48 91
48 92
48 93
48 102
48 103
48 104
49 49
49 50
49 51
49 52
49 53
49 65
49 112
50 50
50 51
50 52
50 65
50 84
50 85
51 51
51 52
51 53
51 55
51 65
51 85
51 89
51 98
51 104
51 112
52 52
52 53
52 58
52 59
52 66
52 88
52 89
52 90
52 91
52 98
52 102
52 103
52 104
52 112
53 53
53 54
53 55
53 89
53 90
53 91
53 98
53 99
53 103
53 104
53 111
53 112
54 54
54 55
54 66
54 87
54 89
54 90
54 91
54 94
54 96
54 98
54 99
54 103
54 104
54 105
54 106
54 107
54 114
54 115
55 55
55 66
55 87
55 89
55 96
55 97
55 98
55 99
55 103
55 104
55 105
55 107
55 111
55 112
55 114
55 115
56 56
56 57
56 78
56 81
56 83
56 85
56 99
56 112
57 57
57 63
57 68
57 74
57 76
57 79
57 83
57 84
58 58
58 59
58 60
58 66
58 67
58 68
58 69
58 88
58 89
58 90
58 91
58 92
58 93
58 102
58 103
58 104
58 105
58 106
58 107
59 59
59 60
59 61
59 66
59 67
59 69
59 88
59 89
59 90
59 91
59 92
59 93
59 100
59 102
59 103
59 104
59 105
59 106
59 107
60 60
60 61
60 62
60 63
60 66
60 67
60 76
60 102
61 61
61 62
61 63
61 65
62 62
62 63
62 71
62 72
62 73
62 74
62 76
62 78
62 80
62 81
62 82
63 63
63 64
63 65
63 72
63 73
63 74
63 75
63 76
63 78
63 79
63 80
63 81
64 64
64 65
64 79
64 80
64 84
65 65
65 79
65 84
65 85
66 66
66 67
66 68
66 88
66 89
66 90
66 91
66 92
66 93
66 102
66 103
66 104
66 105
66 106
66 107
67 67
67 68
67 69
67 88
67 90
67 91
67 92
67 93
67 100
67 102
67 103
67 104
67 105
67 106
67 107
67 109
67 110
68 68
68 69
68 77
68 88
68 89
68 90
68 91
68 92
68 93
68 102
68 103
68 104
68 105
68 107
69 69
69 77
69 86
69 90
69 91
69 92
69 93
69 100
69 102
69 103
69 105
69 106
69 107
69 109
69 110
70 70
70 71
70 72
70 73
70 74
70 80
70 86
70 108
71 71
71 72
71 73
71 74
71 75
71 78
71 80
71 81
71 87
72 72
72 73
72 74
72 75
72 76
72 78
72 79
72 80
72 81
72 82
72 83
73 73
73 74
73 75
73 76
73 77
73 78
73 79
73 80
73 81
73 82
73 83
73 87
73 113
74 74
74 75
74 76
74 78
74 79
74 80
74 81
74 82
74 83
74 113
75 75
75 76
75 77
75 78
75 79
75 80
75 81
75 82
75 83
75 95
75 113
76 76
76 77
76 78
76 79
76 81
76 82
76 83
76 112
77 77
77 82
77 83
77 93
77 95
77 100
77 102
77 109
77 110
78 78
78 79
78 80
78 81
78 82
78 83
78 84
79 79
79 80
79 81
79 83
79 84
79 95
80 80
80 81
80 82
80 83
80 84
80 113
81 81
81 82
81 83
81 84
81 85
81 113
82 82
82 83
82 84
82 86
82 87
83 83
83 84
83 85
83 86
84 84
84 85
84 88
85 85
85 112
86 86
86 87
86 88
86 94
86 95
86 97
86 106
86 108
86 109
86 110
87 87
87 89
87 96
87 99
87 114
87 115
88 88
88 89
88 90
88 91
88 92
88 93
88 102
88 103
88 104
88 106
88 107
89 89
89 90
89 91
89 92
89 93
89 99
89 101
89 102
89 103
89 104
89 105
89 106
89 107
89 115
90 90
90 91
90 92
90 93
90 98
90 102
90 103
90 104
90 105
90 106
90 107
90 111
90 114
90 115
91 91
91 92
91 93
91 100
91 101
91 102
91 103
91 104
91 105
91 106
91 107
91 114
91 115
92 92
92 93
92 101
92 102
92 103
92 104
92 105
92 106
92 107
93 93
93 100
93 101
93 102
93 103
93 104
93 105
93 106
93 107
94 94
94 95
94 96
94 97
94 99
94 105
94 106
94 108
94 109
94 110
94 111
95 95
95 96
95 97
95 99
95 106
95 108
95 109
95 110
95 115
96 96
96 97
96 98
96 99
96 108
96 109
96 110
96 111
96 112
96 115
97 97
97 99
97 106
97 107
97 108
97 109
97 110
97 111
97 115
98 98
98 99
98 101
98 102
98 103
98 104
98 111
98 112
99 99
99 101
99 108
99 110
99 111
99 112
99 115
100 100
100 109
101 101
101 102
101 103
101 104
101 106
101 107
101 111
101 115
102 102
102 103
102 104
102 105
102 106
102 107
103 103
103 104
103 105
103 106
103 107
103 111
103 114
103 115
104 104
104 105
104 106
104 107
104 114
104 115
105 105
105 106
105 107
105 114
105 115
106 106
106 107
106 108
106 109
106 114
106 115
107 107
107 115
108 108
108 109
108 110
108 115
109 109
109 110
110 110
110 111
111 111
111 112
111 113
111 114
112 112
113 113
113 114
114 114
114 115
115 115
