0 0
0 1
0 2
0 5
0 16
0 18
0 19
0 32
0 40
0 56
0 58
0 68
0 72
0 75
0 80
0 108
1 1
1 10
1 11
1 16
1 17
1 19
1 49
1 56
1 57
1 63
1 73
1 79
1 80
1 81
2 2
2 3
2 4
2 5
2 6
2 7
2 8
2 9
2 14
2 15
2 18
2 22
2 23
2 24
2 26
2 27
2 30
2 58
2 64
2 65
2 68
2 86
2 87
2 88
2 89
2 94
2 97
3 3
3 5
3 7
3 8
3 13
3 14
3 18
3 19
3 22
3 23
3 24
3 25
3 26
3 27
3 30
3 32
3 50
3 64
3 65
3 68
3 84
3 85
3 86
3 87
3 88
3 94
3 97
3 108
4 4
4 5
4 8
4 9
4 14
4 15
4 22
4 24
4 25
4 26
4 28
4 30
4 45
4 58
4 59
4 66
4 68
4 70
4 83
4 86
4 113
5 5
5 8
5 9
5 14
5 15
5 22
5 23
5 24
5 25
5 26
5 27
5 28
5 30
5 44
5 45
5 50
5 58
5 64
5 65
5 84
5 86
5 87
5 88
5 94
5 113
5 114
5 115
6 6
6 7
6 10
6 12
6 13
6 60
6 61
6 64
6 65
6 86
6 87
6 88
6 89
6 91
6 92
6 93
6 94
6 97
6 101
7 7
7 32
7 33
7 55
7 60
7 61
7 62
7 63
7 64
7 65
7 67
7 89
7 92
7 97
7 113
8 8
8 9
8 13
8 14
8 15
8 22
8 24
8 26
8 28
8 30
8 40
8 48
8 50
8 58
8 59
8 64
8 65
8 66
8 72
8 86
8 87
8 88
8 94
8 106
8 107
8 113
8 115
9 9
9 14
9 15
9 24
9 26
9 28
9 30
9 40
9 45
9 48
9 49
9 50
9 51
9 58
9 59
9 66
9 72
9 86
9 87
9 88
9 94
9 100
9 106
9 107
9 113
9 115
10 10
10 11
10 12
10 13
10 15
10 16
10 40
10 48
10 52
10 54
10 58
10 60
10 61
10 62
10 63
10 74
10 75
10 76
10 81
10 101
11 11
11 12
11 13
11 17
11 29
11 40
11 52
11 59
11 60
11 61
11 62
11 63
11 71
11 72
11 73
11 74
11 75
11 76
11 77
11 79
11 80
11 81
11 102
12 12
12 13
12 14
12 15
12 22
12 23
12 26
12 27
12 28
12 50
12 64
12 65
12 84
12 85
12 86
12 88
13 13
13 14
13 15
13 22
13 23
13 25
13 26
13 27
13 28
13 50
13 64
13 65
13 84
13 85
13 88
14 14
14 15
14 22
14 23
14 24
14 25
14 26
14 27
14 28
14 30
14 50
14 64
14 65
14 82
14 83
14 84
14 85
14 86
14 87
14 88
14 94
15 15
15 22
15 24
15 26
15 28
15 30
15 40
15 50
15 58
15 59
15 72
15 83
15 86
15 87
15 88
15 106
15 107
15 115
16 16
16 17
16 28
16 29
16 32
16 54
16 56
16 57
16 58
16 60
16 62
16 63
16 72
16 74
16 78
16 80
16 87
16 106
16 107
16 114
16 115
17 17
17 29
17 36
17 37
17 40
17 41
17 47
17 56
17 57
17 63
17 71
17 72
17 73
17 74
17 75
17 76
17 77
17 78
17 79
17 80
17 81
17 83
17 96
18 18
18 19
18 22
18 26
18 32
18 58
18 64
18 68
18 87
18 97
19 19
19 20
19 21
19 22
19 23
19 24
19 25
19 27
19 28
19 38
19 57
19 68
19 69
19 70
19 75
20 20
20 21
20 22
20 23
20 24
20 25
20 27
20 31
20 34
20 35
20 36
20 37
20 38
20 39
20 41
20 47
20 68
20 69
20 70
20 75
20 86
20 104
20 105
20 110
21 21
21 24
21 25
21 31
21 37
21 38
21 39
21 41
21 47
21 69
21 71
21 77
21 82
21 83
21 95
22 22
22 23
22 24
22 25
22 26
22 27
22 28
22 30
22 64
22 65
22 68
22 69
22 70
22 84
22 85
22 86
22 87
22 88
22 94
23 23
23 24
23 25
23 26
23 27
23 30
23 31
23 35
23 50
23 64
23 65
23 69
23 84
23 85
23 86
23 87
23 88
23 94
24 24
24 25
24 26
24 27
24 28
24 30
24 31
24 34
24 45
24 64
24 65
24 68
24 69
24 83
24 84
24 85
24 86
24 88
24 94
24 114
25 25
25 26
25 27
25 30
25 31
25 35
25 38
25 64
25 65
25 67
25 68
25 69
25 82
25 84
25 85
25 86
25 88
25 108
26 26
26 27
26 28
26 30
26 50
26 64
26 65
26 68
26 84
26 85
26 86
26 87
26 88
26 94
26 108
26 115
27 27
27 28
27 30
27 64
27 65
27 69
27 70
27 82
27 84
27 85
27 86
27 87
27 88
27 94
28 28
28 30
28 34
28 40
28 70
28 72
28 78
28 80
28 84
28 86
28 87
28 88
28 94
28 105
28 106
28 107
28 114
28 115
29 29
29 31
29 37
29 41
29 46
29 56
29 62
29 63
29 71
29 72
29 73
29 74
29 75
29 76
29 77
29 79
29 80
29 81
29 83
29 95
29 96
29 100
29 101
29 102
29 103
29 112
30 30
30 31
30 64
30 68
30 70
30 72
30 84
30 85
30 86
30 88
30 94
31 31
31 33
31 34
31 35
31 71
31 72
31 78
31 79
31 83
32 32
32 33
32 34
32 60
32 62
32 63
32 66
32 72
32 74
32 75
33 33
33 34
33 35
33 47
33 60
33 61
33 71
33 75
33 77
33 79
34 34
34 35
34 66
34 68
34 84
34 105
34 114
34 115
35 35
35 36
35 37
35 38
35 39
35 41
35 46
35 47
35 67
35 69
35 71
35 77
35 79
35 83
35 96
35 110
36 36
36 37
36 38
36 39
36 40
36 41
36 46
36 47
36 69
36 70
36 71
36 73
36 75
36 76
36 77
36 79
36 81
36 82
36 95
36 96
36 109
36 110
37 37
37 38
37 39
37 40
37 41
37 46
37 47
37 57
37 69
37 70
37 71
37 73
37 74
37 75
37 76
37 77
37 79
37 82
37 91
37 93
37 95
37 96
37 98
37 109
37 110
37 111
38 38
38 39
38 41
38 42
38 46
38 47
38 69
38 70
38 71
38 73
38 77
38 79
38 82
38 91
38 93
38 95
38 96
38 109
38 110
39 39
39 41
39 46
39 47
39 55
39 57
39 69
39 71
39 73
39 77
39 79
39 82
39 91
39 93
39 95
39 96
39 97
39 98
39 108
39 109
39 110
39 111
40 40
40 70
40 72
40 74
40 76
40 81
40 82
40 83
40 107
41 41
41 46
41 47
41 57
41 71
41 73
41 75
41 76
41 77
41 79
41 81
41 82
41 90
41 91
41 93
41 95
41 96
41 98
41 109
41 110
41 111
42 42
42 43
42 44
42 45
42 46
42 47
42 67
42 90
42 93
42 96
42 98
42 99
42 110
43 43
43 45
43 46
43 47
43 50
43 67
43 85
43 91
43 93
43 98
43 99
43 112
44 44
44 45
44 46
44 48
44 49
44 51
44 53
44 85
44 98
44 99
44 105
44 112
44 113
44 114
44 115
45 45
45 48
45 49
45 50
45 51
45 53
45 85
45 99
45 105
45 113
45 114
45 115
46 46
46 47
46 53
46 55
46 71
46 73
46 77
46 79
46 81
46 90
46 91
46 93
46 95
46 96
46 98
46 99
46 102
46 109
46 110
46 111
46 112
47 47
47 55
47 57
47 67
47 69
47 71
47 73
47 77
47 79
47 82
47 90
47 91
47 93
47 95
47 96
47 98
47 109
47 110
47 111
48 48
48 49
48 50
48 51
48 52
48 58
48 59
48 60
48 62
48 63
48 66
48 99
48 100
48 102
48 106
48 107
48 112
48 113
48 115
49 49
49 51
49 53
49 78
49 80
49 98
49 99
49 100
49 104
49 105
49 106
49 107
49 113
49 114
49 115
50 50
50 51
50 64
50 65
50 84
50 85
50 87
50 88
50 89
50 94
50 97
50 106
50 113
50 115
51 51
51 52
51 53
51 55
51 66
51 85
51 90
51 91
51 92
51 98
51 99
51 100
51 102
51 107
51 111
51 112
51 113
51 114
52 52
52 53
52 54
52 56
52 58
52 59
52 60
52 62
52 63
52 66
52 90
52 91
52 93
52 96
52 98
52 99
52 100
52 101
52 102
52 103
52 111
52 112
52 113
53 53
53 55
53 78
53 80
53 90
53 91
53 93
53 98
53 99
53 101
53 112
53 113
53 114
54 54
54 55
54 62
54 63
54 73
54 89
54 106
55 55
55 67
55 89
55 90
55 91
55 95
55 96
55 97
55 98
55 99
55 111
55 112
56 56
56 57
56 58
56 59
56 60
56 61
56 62
56 63
56 72
56 73
56 78
56 89
56 90
56 98
57 57
57 68
57 69
57 71
57 73
57 77
57 78
57 79
57 80
57 81
57 96
57 98
57 108
57 109
57 110
57 111
58 58
58 59
58 60
58 61
58 62
58 63
58 66
58 72
58 100
58 106
58 107
58 113
58 115
59 59
59 60
59 61
59 62
59 63
59 66
59 92
59 100
59 102
59 104
59 106
59 107
59 113
59 115
60 60
60 61
60 62
60 63
60 66
60 100
60 101
60 102
60 111
60 113
61 61
61 62
61 63
61 66
61 67
61 92
61 100
61 102
61 111
61 112
62 62
62 63
62 66
62 72
62 80
62 100
62 101
62 106
62 107
62 113
63 63
63 66
63 72
63 73
63 74
63 79
63 80
63 81
63 90
63 98
63 100
63 101
63 102
63 112
63 113
64 64
64 65
64 84
64 85
64 86
64 87
64 88
64 89
64 94
64 97
65 65
65 67
65 84
65 85
65 86
65 87
65 88
65 89
65 94
66 66
66 67
66 100
66 102
66 106
66 107
66 112
66 113
66 115
67 67
67 92
67 102
67 112
68 68
68 69
68 70
68 86
68 87
69 69
69 70
69 71
69 77
69 79
69 82
69 86
69 91
69 95
69 96
69 108
69 110
69 111
70 70
70 72
70 73
70 74
70 75
70 76
70 82
70 86
70 105
70 109
71 71
71 73
71 75
71 76
71 77
71 79
71 82
71 83
71 91
71 95
71 96
71 98
71 109
71 110
71 111
71 112
72 72
72 73
72 74
72 75
72 76
72 78
72 80
72 106
72 114
72 115
73 73
73 74
73 75
73 76
73 77
73 79
73 81
73 95
73 96
73 98
73 102
73 109
73 110
73 111
74 74
74 75
74 76
74 79
74 81
74 95
74 96
74 97
74 109
75 75
75 76
75 77
75 78
75 79
75 81
75 109
76 76
76 77
76 79
76 81
76 95
76 96
76 102
76 109
76 110
76 111
77 77
77 79
77 81
77 82
77 83
77 91
77 93
77 95
77 96
77 98
77 109
77 110
77 111
78 78
78 80
78 81
78 114
78 115
79 79
79 81
79 83
79 95
79 96
79 102
79 110
79 111
80 80
80 81
81 81
81 83
81 96
81 98
81 109
81 110
82 82
82 83
82 84
82 86
82 88
82 91
82 93
82 95
82 109
82 110
83 83
83 104
84 84
84 85
84 86
84 87
84 88
84 94
85 85
85 88
85 94
85 108
86 86
86 87
86 88
86 89
86 94
86 106
86 107
86 115
87 87
87 88
87 89
87 94
87 106
87 107
88 88
88 89
88 94
88 97
88 106
88 107
88 115
89 89
89 94
89 97
89 106
90 90
90 91
90 92
90 93
90 95
90 96
90 97
90 98
90 99
90 100
90 101
90 102
90 110
90 111
90 112
90 113
91 91
91 92
91 93
91 95
91 96
91 97
91 98
91 99
91 100
91 101
91 102
91 109
91 110
91 111
91 112
92 92
92 93
92 99
92 100
92 101
92 102
92 112
92 113
93 93
93 95
93 96
93 98
93 99
93 100
93 101
93 102
93 103
93 109
93 110
93 111
93 112
94 94
94 97
94 106
94 107
94 108
94 113
94 114
94 115
95 95
95 96
95 97
95 98
95 108
95 109
95 110
95 111
96 96
96 98
96 99
96 109
96 110
96 111
97 97
97 98
97 108
97 109
97 111
98 98
98 99
98 101
98 102
98 109
98 110
98 111
98 112
99 99
99 100
99 101
99 102
99 103
99 111
99 112
99 113
100 100
100 101
100 102
100 103
100 106
100 107
100 112
100 113
101 101
101 102
101 103
101 106
101 107
101 112
101 113
102 102
102 103
102 111
102 112
102 113
103 103
103 104
103 105
103 106
103 107
103 111
103 112
104 104
104 105
104 106
104 114
104 115
105 105
105 106
105 107
105 114
105 115
106 106
106 107
106 113
106 114
106 115
107 107
107 113
107 114
107 115
108 108
109 109
109 110
109 111
110 110
110 111
111 111
111 112
112 112
112 113
113 113
113 114
113 115
114 114
114 115
115 115
