0 0
0 1
0 2
0 6
0 7
0 10
0 12
0 16
0 19
0 32
0 33
0 56
0 57
0 58
0 59
0 61
0 63
0 68
0 94
0 108
1 1
1 7
1 10
1 11
1 16
1 17
1 19
1 32
1 33
1 56
1 57
1 58
1 59
1 61
1 63
1 68
1 75
1 79
1 94
1 108
1 114
2 2
2 3
2 6
2 7
2 18
2 30
2 31
2 33
2 61
2 67
2 115
3 3
3 6
3 7
3 18
3 19
3 22
3 23
3 31
3 50
3 64
3 67
3 84
3 85
3 92
3 100
3 112
4 4
4 5
4 6
4 8
4 9
4 14
4 15
4 20
4 21
4 24
4 25
4 26
4 27
4 28
4 29
4 34
4 35
4 40
4 48
4 58
4 59
4 61
4 65
4 66
4 74
4 75
4 76
4 88
4 95
5 5
5 6
5 7
5 8
5 9
5 13
5 14
5 15
5 20
5 24
5 25
5 26
5 27
5 35
5 58
5 61
5 64
5 65
5 67
5 75
5 88
5 90
5 92
6 6
6 7
6 8
6 9
6 10
6 11
6 12
6 13
6 22
6 23
6 25
6 30
6 33
6 35
6 58
6 61
6 64
6 65
7 7
7 9
7 11
7 13
7 30
7 32
7 33
7 58
7 61
7 65
7 67
7 94
7 115
8 8
8 9
8 11
8 12
8 13
8 14
8 15
8 17
8 20
8 21
8 24
8 25
8 26
8 27
8 28
8 29
8 34
8 35
8 38
8 39
8 40
8 58
8 61
8 64
8 65
8 70
8 72
8 74
8 75
8 82
8 83
8 88
9 9
9 11
9 13
9 14
9 15
9 20
9 24
9 25
9 26
9 27
9 29
9 35
9 58
9 61
9 64
9 65
9 75
9 88
10 10
10 11
10 12
10 13
10 14
10 22
10 23
10 52
10 53
10 64
10 75
10 77
11 11
11 12
11 13
11 14
11 15
11 22
11 23
11 25
11 52
11 64
11 65
11 75
11 76
11 77
12 12
12 13
12 14
12 15
12 16
12 17
12 21
12 64
12 77
12 78
12 81
13 13
13 15
13 17
13 25
13 28
13 29
13 30
13 61
13 64
13 65
13 70
13 71
13 75
13 76
13 77
13 78
13 79
14 14
14 15
14 20
14 21
14 22
14 24
14 25
14 26
14 27
14 34
14 35
14 38
14 40
14 64
14 65
14 76
14 82
14 83
14 84
14 86
14 88
15 15
15 17
15 20
15 21
15 24
15 25
15 26
15 27
15 28
15 29
15 34
15 35
15 38
15 40
15 43
15 45
15 58
15 61
15 64
15 65
15 72
15 75
15 82
15 83
15 88
15 110
16 16
16 17
16 21
16 28
16 29
16 30
16 32
16 33
16 36
16 56
16 57
16 60
16 62
16 63
16 68
16 70
16 72
16 77
16 78
16 79
16 80
16 81
16 94
16 95
16 97
16 107
16 108
17 17
17 20
17 21
17 28
17 29
17 30
17 31
17 32
17 33
17 36
17 40
17 57
17 62
17 63
17 68
17 70
17 72
17 73
17 74
17 75
17 76
17 77
17 78
17 79
17 80
17 81
17 83
17 94
17 95
17 97
17 106
17 107
18 18
18 19
18 22
18 23
18 32
18 50
18 57
18 63
18 69
18 92
18 93
18 98
18 99
18 100
18 101
18 102
18 103
18 107
18 108
18 111
18 112
18 113
18 114
19 19
19 32
19 33
19 46
19 47
19 52
19 53
19 54
19 57
19 68
19 69
19 90
19 91
19 92
19 93
19 98
19 99
19 100
19 101
19 110
19 112
19 113
20 20
20 21
20 24
20 25
20 26
20 27
20 28
20 29
20 30
20 31
20 34
20 35
20 36
20 37
20 38
20 39
20 40
20 41
20 58
20 65
20 70
20 71
20 72
20 73
20 74
20 75
20 77
20 79
20 82
20 83
20 86
20 96
21 21
21 24
21 25
21 26
21 27
21 28
21 29
21 30
21 31
21 34
21 38
21 39
21 40
21 58
21 62
21 71
21 72
21 74
21 82
21 83
22 22
22 23
22 24
22 27
22 30
22 31
22 34
22 50
22 53
22 64
22 81
22 84
22 85
22 94
22 108
23 23
23 24
23 27
23 30
23 31
23 34
23 50
23 53
23 64
23 65
23 67
23 84
23 85
23 90
24 24
24 25
24 26
24 27
24 30
24 34
24 35
24 58
24 64
24 65
24 66
24 74
24 76
24 77
24 108
25 25
25 26
25 27
25 28
25 29
25 30
25 34
25 35
25 38
25 39
25 58
25 61
25 64
25 65
25 75
25 83
25 88
26 26
26 27
26 34
26 35
26 38
26 39
26 58
26 64
26 65
26 82
26 88
27 27
27 34
27 35
27 38
27 40
27 53
27 54
27 58
27 64
27 65
27 74
27 82
27 83
27 84
27 86
27 88
27 89
28 28
28 29
28 30
28 31
28 36
28 38
28 40
28 58
28 62
28 70
28 71
28 72
28 73
28 74
28 75
28 77
28 78
28 79
28 80
28 81
28 82
28 83
28 95
28 104
28 105
28 106
28 107
28 109
29 29
29 30
29 36
29 37
29 38
29 39
29 40
29 41
29 58
29 61
29 70
29 71
29 72
29 73
29 74
29 75
29 76
29 77
29 78
29 79
29 80
29 82
29 83
29 95
29 109
30 30
30 31
30 33
30 39
30 70
30 71
30 72
30 73
30 74
30 77
30 78
30 94
30 96
30 108
31 31
31 33
31 50
31 70
31 71
31 72
31 78
31 81
31 94
31 96
31 108
32 32
32 33
32 56
32 57
32 62
32 63
32 68
32 69
32 78
32 94
32 115
33 33
33 35
33 57
33 60
33 61
33 62
33 63
33 67
33 68
33 71
33 78
33 94
33 96
33 97
34 34
34 35
34 36
34 37
34 38
34 39
34 40
34 54
34 64
34 65
34 73
34 74
34 76
34 77
34 82
34 83
34 84
34 85
34 86
34 87
34 88
34 89
35 35
35 39
35 54
35 58
35 61
35 65
35 67
35 70
35 71
35 75
35 76
35 77
35 88
36 36
36 37
36 38
36 40
36 41
36 54
36 70
36 72
36 73
36 74
36 75
36 76
36 77
36 78
36 79
36 80
36 81
36 82
36 83
36 86
36 87
36 94
36 95
36 97
36 107
36 108
36 109
37 37
37 38
37 39
37 40
37 41
37 51
37 54
37 70
37 71
37 72
37 73
37 74
37 75
37 76
37 77
37 82
37 83
37 86
37 87
37 89
37 90
37 91
37 96
37 97
37 109
37 110
38 38
38 39
38 40
38 41
38 54
38 70
38 71
38 72
38 73
38 74
38 75
38 76
38 77
38 82
38 83
38 86
38 87
38 88
38 89
38 90
38 96
38 109
38 110
39 39
39 40
39 41
39 54
39 61
39 70
39 71
39 72
39 73
39 74
39 76
39 77
39 82
39 86
39 87
39 89
39 90
39 96
39 109
39 110
40 40
40 41
40 51
40 54
40 70
40 72
40 73
40 74
40 75
40 76
40 77
40 79
40 82
40 83
40 86
40 87
40 89
40 109
41 41
41 54
41 70
41 71
41 72
41 73
41 74
41 75
41 76
41 77
41 82
41 83
41 86
41 87
41 89
41 97
41 101
41 109
42 42
42 43
42 44
42 45
42 46
42 47
42 48
42 49
42 55
42 69
42 98
42 99
42 110
42 111
42 112
43 43
43 44
43 45
43 46
43 47
43 49
43 55
43 69
43 96
43 98
43 110
43 111
44 44
44 45
44 46
44 47
44 48
44 49
44 67
44 68
44 69
44 93
44 96
44 98
44 110
44 111
44 115
45 45
45 46
45 47
45 49
45 69
45 96
45 98
45 110
45 111
45 115
46 46
46 47
46 49
46 55
46 69
46 82
46 96
46 98
46 110
46 111
47 47
47 48
47 49
47 55
47 69
47 96
47 98
47 99
47 110
47 111
48 48
48 49
48 50
48 51
48 52
48 53
48 54
48 55
48 59
48 66
48 104
48 105
48 112
49 49
49 51
49 98
49 104
49 105
49 106
49 107
49 111
49 114
49 115
50 50
50 51
50 52
50 53
50 54
50 55
50 67
50 84
50 85
50 89
50 91
50 100
51 51
51 52
51 53
51 54
51 55
51 59
51 73
51 85
51 89
51 91
51 98
52 52
52 53
52 54
52 55
52 58
52 71
52 75
52 76
52 89
52 90
52 91
53 53
53 54
53 55
53 85
53 89
53 90
53 91
53 98
53 99
54 54
54 55
54 58
54 71
54 82
54 83
54 86
54 87
54 88
54 89
54 90
54 91
54 98
54 99
55 55
55 85
55 87
55 89
55 90
55 91
55 96
55 98
55 99
55 111
56 56
56 57
56 59
56 63
56 68
56 91
56 94
56 99
56 108
57 57
57 63
57 68
57 69
57 78
57 79
57 94
57 97
57 98
57 99
57 107
57 111
57 113
57 114
58 58
58 59
58 60
58 61
58 62
58 65
58 66
58 70
58 72
58 74
58 75
58 76
58 88
59 59
59 60
59 61
59 62
59 63
59 66
59 70
59 72
59 73
59 74
59 75
59 108
60 60
60 61
60 62
60 63
60 65
60 67
60 72
60 83
61 61
61 65
61 67
61 70
61 72
61 74
61 75
62 62
62 63
62 66
62 72
62 74
62 80
62 81
63 63
63 72
63 80
63 81
63 94
64 64
64 65
64 82
64 83
64 84
64 85
64 88
65 65
65 67
65 75
65 88
66 66
66 67
66 69
66 74
66 101
66 103
66 104
66 105
66 106
66 107
66 113
67 67
68 68
68 69
68 76
68 79
68 93
68 97
68 101
68 107
68 111
68 113
69 69
69 79
69 93
69 99
69 101
69 110
69 111
69 112
69 113
70 70
70 71
70 72
70 73
70 74
70 75
70 76
70 77
71 71
71 72
71 73
71 75
71 76
71 77
71 96
71 110
72 72
72 73
72 74
72 75
72 76
72 77
72 78
72 79
72 80
72 82
72 83
72 109
73 73
73 74
73 75
73 76
73 77
73 78
73 94
73 95
73 97
73 108
73 109
74 74
74 75
74 76
74 77
74 86
74 109
75 75
75 76
75 77
75 109
76 76
76 77
76 79
76 86
76 109
76 110
77 77
77 78
77 79
77 109
78 78
78 79
78 80
78 81
78 94
78 95
78 97
78 106
78 107
79 79
79 80
79 81
79 94
79 95
79 97
79 106
79 107
79 108
80 80
80 81
80 82
80 83
80 84
80 85
80 86
80 87
80 95
80 106
80 107
80 115
81 81
81 82
81 83
81 84
81 85
81 87
82 82
82 83
82 84
82 85
82 86
82 87
82 88
82 89
82 110
83 83
83 84
83 85
83 86
83 87
83 88
83 89
83 104
84 84
84 85
84 86
84 87
84 88
84 89
84 91
84 100
85 85
85 86
85 87
85 88
85 89
85 91
85 100
85 102
85 103
85 105
85 112
86 86
86 87
86 88
86 89
86 91
86 109
87 87
87 88
87 89
87 90
87 91
87 96
87 98
87 99
88 88
88 89
88 92
88 100
88 110
89 89
89 90
89 91
89 100
89 110
90 90
90 91
90 92
90 93
90 96
90 98
90 99
90 100
90 102
91 91
91 92
91 93
91 98
91 99
91 100
91 102
91 108
92 92
92 93
92 98
92 99
92 100
92 101
92 102
92 103
92 104
92 112
92 113
93 93
93 95
93 97
93 98
93 99
93 100
93 101
93 102
93 103
93 104
93 105
93 106
93 107
93 108
93 111
93 112
93 113
93 114
93 115
94 94
94 95
94 96
94 97
94 106
94 107
94 108
94 114
94 115
95 95
95 97
95 99
95 100
95 101
95 102
95 103
95 104
95 105
95 106
95 107
95 108
95 109
95 111
95 113
95 114
95 115
96 96
96 97
96 98
96 110
97 97
97 99
97 101
97 102
97 103
97 106
97 107
97 108
97 109
97 111
97 113
97 114
97 115
98 98
98 99
98 100
98 110
98 111
98 112
99 99
99 100
99 101
99 102
99 103
99 104
99 106
99 107
99 108
99 111
99 112
99 113
99 114
99 115
100 100
100 101
100 102
100 103
100 104
100 105
100 111
100 112
100 113
101 101
101 102
101 103
101 104
101 105
101 106
101 107
101 110
101 111
101 112
101 113
101 115
102 102
102 103
102 104
102 105
102 106
102 107
102 109
102 111
102 112
102 113
102 115
103 103
103 104
103 105
103 106
103 107
103 109
103 111
103 112
103 113
103 115
104 104
104 105
104 106
104 107
104 109
104 111
104 112
104 113
105 105
105 106
105 107
105 109
105 111
105 112
105 113
105 114
105 115
106 106
106 107
106 108
106 109
106 111
106 112
106 113
106 114
106 115
107 107
107 108
107 111
107 112
107 113
107 114
107 115
108 108
108 113
108 114
108 115
109 109
110 110
110 111
110 112
111 111
111 112
111 113
111 115
112 112
112 113
112 115
113 113
113 114
113 115
114 114
114 115
115 115
