0 0
0 1
0 3
0 6
0 10
0 11
0 18
0 20
0 21
0 25
0 26
0 27
0 38
0 41
0 56
0 57
0 68
0 70
0 74
0 80
0 84
0 108
1 1
1 20
1 21
1 26
1 30
1 41
1 56
1 57
1 58
1 59
1 61
1 65
1 68
1 71
2 2
2 3
2 4
2 6
2 7
2 8
2 9
2 12
2 18
2 19
2 22
2 23
2 24
2 34
2 35
2 64
2 67
2 88
2 91
2 92
2 93
2 100
2 101
2 109
2 110
2 115
3 3
3 5
3 7
3 9
3 11
3 18
3 19
3 22
3 23
3 25
3 27
3 64
3 70
3 82
3 83
3 85
3 88
3 89
3 92
3 100
3 101
3 103
3 105
3 113
3 114
3 115
4 4
4 6
4 8
4 9
4 12
4 14
4 24
4 26
4 35
4 45
4 47
4 48
4 49
4 52
4 58
4 59
4 61
4 67
4 69
4 90
4 91
4 93
5 5
5 7
5 9
5 11
5 12
5 13
5 14
5 15
5 19
5 22
5 23
5 24
5 25
5 26
5 27
5 35
5 38
5 39
5 41
5 56
5 64
5 65
5 70
5 82
5 83
5 86
5 87
5 88
5 89
5 92
6 6
6 7
6 8
6 9
6 10
6 12
6 13
6 14
6 18
6 22
6 24
6 26
6 35
6 64
6 88
6 89
6 92
6 93
7 7
7 9
7 10
7 11
7 12
7 13
7 15
7 18
7 19
7 22
7 23
7 27
7 34
7 35
7 64
7 65
7 88
7 89
7 92
7 93
7 100
7 101
7 109
7 114
7 115
8 8
8 9
8 12
8 14
8 24
8 26
8 30
8 35
8 45
8 47
8 58
8 86
8 90
8 91
8 93
8 107
9 9
9 12
9 13
9 14
9 15
9 22
9 23
9 24
9 35
9 52
9 61
9 65
9 82
9 86
9 88
9 89
9 92
9 93
9 101
10 10
10 11
10 12
10 13
10 14
10 15
10 16
10 17
10 20
10 22
10 23
10 25
10 26
10 27
10 28
10 29
10 30
10 31
10 33
10 35
10 41
10 60
10 64
10 73
10 75
10 76
10 77
10 80
10 81
10 82
10 83
10 84
10 85
10 86
10 87
10 88
10 89
11 11
11 12
11 13
11 14
11 15
11 20
11 23
11 25
11 26
11 27
11 28
11 29
11 30
11 31
11 33
11 36
11 40
11 64
11 65
11 71
11 73
11 75
11 76
11 77
11 78
11 80
11 81
11 82
11 83
11 84
11 85
11 109
11 114
12 12
12 13
12 14
12 15
12 22
12 23
12 24
12 25
12 26
12 27
12 35
12 41
12 60
12 65
12 70
12 73
12 82
12 83
12 84
12 86
12 87
12 88
12 89
13 13
13 14
13 15
13 17
13 22
13 23
13 24
13 25
13 27
13 35
13 41
13 65
13 75
13 82
13 83
13 86
13 87
13 89
14 14
14 15
14 20
14 22
14 23
14 24
14 25
14 26
14 27
14 28
14 30
14 31
14 35
14 41
14 60
14 64
14 65
14 70
14 75
14 82
14 83
14 84
14 86
14 87
14 88
15 15
15 17
15 22
15 23
15 25
15 26
15 27
15 35
15 38
15 61
15 64
15 65
15 75
15 78
15 82
15 83
15 84
15 87
15 88
15 89
16 16
16 17
16 20
16 28
16 29
16 33
16 36
16 41
16 53
16 56
16 57
16 62
16 63
16 72
16 73
16 74
16 75
16 76
16 78
16 79
16 80
16 81
16 84
16 85
17 17
17 28
17 29
17 33
17 36
17 37
17 42
17 46
17 48
17 49
17 50
17 51
17 52
17 53
17 60
17 61
17 62
17 63
17 72
17 74
17 75
17 76
17 78
17 79
17 80
17 81
17 83
17 84
18 18
18 19
18 20
18 22
18 30
18 31
18 64
18 77
18 92
18 101
18 108
18 109
18 114
18 115
19 19
19 22
19 23
19 39
19 67
19 69
19 70
19 73
19 77
19 82
19 83
19 92
19 93
19 94
19 99
19 101
19 109
19 110
19 113
19 114
19 115
20 20
20 21
20 25
20 26
20 27
20 28
20 30
20 31
20 36
20 41
20 57
20 68
20 71
20 80
20 81
20 84
20 86
20 107
21 21
21 25
21 26
21 30
21 31
21 32
21 38
21 40
21 41
21 57
21 68
21 69
21 71
22 22
22 23
22 24
22 25
22 27
22 64
22 82
22 83
22 84
22 85
22 86
22 87
22 88
22 89
22 92
22 105
22 114
22 115
23 23
23 24
23 25
23 27
23 38
23 56
23 64
23 77
23 82
23 83
23 84
23 85
23 87
23 88
23 89
23 92
23 105
23 114
24 24
24 25
24 26
24 58
24 61
24 68
24 69
24 86
24 88
24 92
24 93
24 107
25 25
25 26
25 27
25 31
25 38
25 40
25 56
25 64
25 68
25 70
25 75
25 82
25 83
25 84
25 85
25 86
25 87
25 88
25 92
26 26
26 27
26 30
26 31
26 38
26 41
26 57
26 64
26 65
26 68
26 70
26 82
26 84
26 86
26 87
26 88
26 107
27 27
27 31
27 38
27 40
27 41
27 56
27 64
27 65
27 70
27 75
27 82
27 83
27 84
27 85
27 86
27 87
27 88
27 89
27 114
28 28
28 29
28 30
28 31
28 32
28 33
28 36
28 40
28 41
28 57
28 60
28 62
28 63
28 71
28 72
28 74
28 75
28 76
28 78
28 80
28 81
28 84
28 85
29 29
29 33
29 36
29 42
29 43
29 46
29 50
29 62
29 63
29 72
29 73
29 74
29 75
29 76
29 77
29 78
29 79
29 80
29 81
29 83
29 84
29 85
29 95
29 99
29 108
30 30
30 31
30 33
30 40
30 41
30 57
30 64
30 68
30 71
30 72
30 75
30 80
30 82
30 84
31 31
31 33
31 36
31 40
31 41
31 57
31 64
31 71
31 75
31 77
31 78
31 80
31 82
31 83
31 84
31 85
31 87
31 88
32 32
32 33
32 36
32 46
32 55
32 57
32 58
32 62
32 63
32 66
32 71
32 72
32 74
32 79
32 80
32 81
32 96
32 108
33 33
33 41
33 42
33 46
33 50
33 60
33 62
33 63
33 64
33 71
33 72
33 74
33 76
33 78
33 80
33 81
33 84
33 85
33 108
34 34
34 35
34 37
34 38
34 39
34 40
34 64
34 67
34 69
34 77
34 92
34 94
34 95
34 97
34 99
34 109
34 110
34 114
35 35
35 37
35 45
35 64
35 65
35 69
35 87
35 88
35 93
35 94
35 106
35 110
35 114
36 36
36 37
36 38
36 40
36 56
36 57
36 62
36 71
36 72
36 74
36 75
36 76
36 77
36 78
36 79
36 80
36 81
36 84
36 85
36 96
36 99
36 107
36 108
37 37
37 38
37 39
37 40
37 55
37 73
37 75
37 76
37 77
37 78
37 79
37 85
37 94
37 95
37 97
37 99
37 109
37 110
37 113
37 114
38 38
38 39
38 40
38 56
38 68
38 69
38 71
38 84
38 85
38 88
39 39
39 40
39 54
39 55
39 69
39 92
39 96
39 106
39 110
39 113
40 40
40 64
40 68
40 69
40 71
40 75
40 77
40 78
40 80
40 82
40 83
40 84
40 85
40 88
41 41
41 61
41 62
41 70
41 71
41 72
41 74
41 80
41 82
41 86
41 87
42 42
42 43
42 44
42 45
42 46
42 47
42 48
42 49
42 50
42 51
42 52
42 53
42 55
42 58
42 59
42 63
42 66
42 76
42 98
42 112
43 43
43 44
43 45
43 46
43 47
43 48
43 49
43 50
43 51
43 52
43 53
43 55
43 59
43 66
43 76
43 96
43 98
43 112
44 44
44 45
44 46
44 47
44 48
44 49
44 50
44 51
44 52
44 53
44 54
44 55
44 58
44 59
44 61
44 63
44 66
44 96
44 98
44 112
45 45
45 46
45 47
45 48
45 49
45 51
45 52
45 58
45 59
45 61
45 66
45 67
45 90
45 98
45 110
45 112
46 46
46 47
46 48
46 49
46 50
46 51
46 52
46 53
46 55
46 58
46 59
46 62
46 63
46 66
46 72
46 74
46 80
46 96
46 98
46 112
47 47
47 48
47 49
47 51
47 52
47 53
47 55
47 58
47 59
47 66
47 67
47 69
47 90
47 91
47 93
47 96
47 98
47 101
47 103
47 106
47 110
47 111
48 48
48 49
48 50
48 51
48 52
48 53
48 54
48 55
48 58
48 59
48 61
48 66
48 96
48 98
49 49
49 50
49 51
49 52
49 53
49 54
49 55
49 58
49 59
49 61
49 63
49 66
49 96
49 98
49 112
50 50
50 51
50 52
50 58
50 65
50 78
50 94
50 112
51 51
51 52
51 53
51 54
51 55
51 58
51 59
51 61
51 63
51 66
51 96
51 98
52 52
52 53
52 54
52 58
52 59
52 61
52 90
52 98
53 53
53 55
53 58
53 59
53 61
53 81
53 90
53 98
54 54
54 55
54 59
54 61
54 63
54 89
54 96
54 99
54 101
54 102
54 103
55 55
55 58
55 59
55 66
55 96
55 98
55 99
56 56
56 57
56 62
56 63
56 68
56 78
56 79
56 80
56 81
56 84
56 85
56 89
57 57
57 63
57 68
57 71
57 80
57 81
57 107
58 58
58 59
58 60
58 61
58 66
58 98
58 107
59 59
59 61
59 66
59 67
59 69
59 90
59 98
59 101
59 103
60 60
60 61
60 64
60 65
60 84
60 88
61 61
61 63
61 65
62 62
62 63
62 66
62 72
62 74
62 76
62 78
62 79
62 80
62 81
63 63
63 72
63 74
63 76
63 78
63 79
63 80
63 81
64 64
64 65
64 75
64 76
64 77
64 78
64 82
64 83
64 84
64 85
64 87
64 88
64 94
64 97
64 105
64 109
64 114
65 65
66 66
66 67
66 98
66 101
66 103
67 67
67 69
67 90
67 91
67 92
67 93
67 98
67 101
67 102
67 103
67 106
67 110
67 111
68 68
68 69
68 70
68 71
68 103
68 107
69 69
69 71
69 88
69 91
69 92
69 93
69 101
69 103
69 106
69 110
70 70
70 73
70 75
70 82
70 86
70 87
70 114
71 71
71 72
71 75
71 80
71 84
71 96
72 72
72 74
72 76
72 78
72 79
72 80
72 81
72 108
73 73
73 74
73 75
73 76
73 77
73 79
73 81
73 85
73 95
73 99
73 108
73 109
73 112
73 114
73 115
74 74
74 76
74 79
74 80
74 81
74 84
74 85
74 95
74 99
74 108
75 75
75 76
75 77
75 78
75 80
75 82
75 83
75 84
75 85
75 94
75 97
75 109
75 113
75 114
76 76
76 77
76 78
76 79
76 80
76 81
76 84
76 85
76 95
76 97
76 99
76 104
76 108
76 109
76 114
77 77
77 78
77 79
77 81
77 84
77 85
77 94
77 95
77 97
77 99
77 105
77 108
77 109
77 110
77 114
78 78
78 79
78 80
78 81
78 83
78 84
78 85
78 94
78 95
78 97
78 104
78 109
78 113
78 114
79 79
79 80
79 81
79 85
79 89
79 95
79 99
79 108
79 114
80 80
80 81
80 84
80 85
80 107
81 81
81 84
81 85
81 95
81 104
81 108
82 82
82 83
82 84
82 85
82 86
82 87
82 88
83 83
83 84
83 85
83 86
83 87
83 88
83 113
84 84
84 85
84 87
84 88
85 85
85 87
85 88
85 95
85 97
85 99
85 104
85 105
85 108
85 109
85 114
86 86
86 87
86 107
87 87
87 88
87 89
88 88
88 89
88 92
89 89
89 92
89 114
90 90
90 91
90 93
90 98
90 101
90 102
90 103
90 106
90 110
91 91
91 92
91 93
91 98
91 101
91 103
91 106
91 110
91 111
92 92
92 93
92 100
92 101
92 103
92 106
92 110
93 93
93 98
93 100
93 101
93 103
93 106
93 110
93 111
94 94
94 95
94 97
94 104
94 105
94 106
94 109
94 110
94 112
94 113
94 114
94 115
95 95
95 96
95 97
95 99
95 104
95 105
95 108
95 109
95 110
95 113
95 114
96 96
96 98
96 99
97 97
97 99
97 104
97 105
97 106
97 108
97 109
97 110
97 113
97 114
97 115
98 98
98 99
98 100
98 101
98 102
98 103
98 112
99 99
99 102
99 105
99 108
99 109
99 110
99 111
99 112
99 113
99 114
100 100
100 101
100 102
100 103
101 101
101 102
101 103
101 110
102 102
102 103
102 104
102 105
102 106
102 113
103 103
103 104
103 106
103 107
103 110
104 104
104 105
104 109
104 111
104 113
104 114
105 105
105 108
105 109
105 110
105 111
105 113
105 114
105 115
106 106
106 110
106 111
106 113
107 107
108 108
108 109
108 114
109 109
109 110
109 112
109 113
109 114
110 110
110 111
110 113
110 114
110 115
111 111
112 112
113 113
113 114
113 115
114 114
114 115
115 115
