0 0
0 1
0 16
0 17
0 18
0 19
0 32
0 49
0 53
0 56
0 57
0 59
0 62
0 68
0 69
0 78
0 79
0 80
0 81
0 98
0 99
1 1
1 3
1 16
1 17
1 18
1 19
1 46
1 49
1 51
1 53
1 56
1 57
1 68
1 69
1 78
1 79
1 80
1 81
1 87
1 98
1 99
2 2
2 6
2 7
2 10
2 12
2 20
2 50
2 54
2 58
2 60
2 62
2 66
2 90
2 91
2 93
2 94
2 95
2 96
2 97
2 101
2 102
2 103
2 108
2 109
2 110
2 111
2 113
3 3
3 7
3 8
3 9
3 13
3 14
3 18
3 19
3 23
3 57
3 61
3 64
3 65
3 69
3 71
3 84
3 85
3 86
3 87
3 88
3 89
4 4
4 5
4 6
4 8
4 9
4 10
4 14
4 15
4 24
4 26
4 86
4 91
4 92
4 100
4 102
4 103
5 5
5 8
5 9
5 20
5 22
5 24
5 25
5 26
5 27
5 44
5 45
5 48
5 50
5 51
5 58
5 64
5 65
5 67
5 88
5 89
5 91
5 92
5 93
5 103
5 104
6 6
6 7
6 10
6 21
6 23
6 28
6 29
6 30
6 31
6 32
6 60
6 62
6 64
6 70
6 73
6 75
6 82
6 83
6 91
6 94
6 95
6 97
6 102
6 108
6 111
6 113
7 7
7 9
7 13
7 23
7 61
7 64
7 65
7 75
7 91
7 92
7 110
8 8
8 9
8 14
8 15
8 18
8 19
8 57
8 59
8 64
8 69
8 82
8 86
8 87
8 88
8 89
8 102
9 9
9 13
9 14
9 15
9 24
9 58
9 59
9 61
9 64
9 65
9 69
9 86
9 87
9 88
9 89
9 92
10 10
10 11
10 12
10 13
10 16
10 21
10 28
10 29
10 32
10 60
10 62
10 63
10 70
10 72
10 73
10 74
10 75
10 76
10 81
10 94
10 95
10 97
10 108
10 111
10 112
10 113
10 115
11 11
11 12
11 13
11 28
11 29
11 31
11 32
11 33
11 60
11 61
11 62
11 63
11 65
11 72
11 75
11 78
11 84
11 85
11 92
11 94
11 97
11 109
12 12
12 13
12 32
12 43
12 50
12 52
12 54
12 58
12 60
12 61
12 63
12 65
12 72
12 73
12 74
12 75
12 76
12 91
12 92
12 93
12 94
12 95
12 96
12 97
12 99
12 103
12 108
12 109
12 111
12 112
12 113
12 114
12 115
13 13
13 27
13 31
13 58
13 60
13 61
13 63
13 64
13 65
13 67
13 75
13 84
13 85
13 92
14 14
14 15
14 18
14 19
14 23
14 28
14 29
14 30
14 59
14 64
14 70
14 82
14 83
14 84
14 86
14 87
14 88
14 89
15 15
15 28
15 29
15 30
15 64
15 66
15 82
15 83
15 86
15 87
15 88
15 100
16 16
16 17
16 18
16 19
16 28
16 29
16 32
16 33
16 40
16 56
16 57
16 60
16 62
16 63
16 68
16 70
16 72
16 73
16 74
16 75
16 76
16 78
16 79
16 80
16 81
16 94
16 97
16 115
17 17
17 18
17 19
17 28
17 29
17 32
17 33
17 40
17 41
17 56
17 57
17 62
17 63
17 68
17 70
17 72
17 73
17 78
17 79
17 80
17 81
17 82
17 83
17 87
17 106
18 18
18 19
18 49
18 53
18 56
18 57
18 59
18 68
18 69
18 78
18 79
18 80
18 81
18 82
18 83
18 86
18 87
18 88
18 89
18 101
19 19
19 30
19 56
19 57
19 68
19 69
19 78
19 79
19 80
19 81
19 82
19 83
19 86
19 87
20 20
20 21
20 25
20 26
20 27
20 37
20 38
20 40
20 41
20 54
20 58
20 66
20 67
20 89
21 21
21 22
21 23
21 25
21 26
21 27
21 31
21 60
21 64
21 66
21 67
21 89
22 22
22 23
22 25
22 26
22 27
22 30
22 38
22 39
22 64
22 67
22 84
22 86
22 88
22 89
22 105
22 107
23 23
23 25
23 27
23 30
23 31
23 64
23 65
23 67
23 71
23 82
23 84
23 85
23 86
23 88
23 89
24 24
24 25
24 26
24 27
24 44
24 45
24 48
24 50
24 51
24 52
24 54
24 55
24 58
24 65
24 66
24 67
24 90
24 92
24 93
24 96
24 99
24 102
24 103
24 104
24 110
25 25
25 26
25 27
25 31
25 35
25 38
25 39
25 50
25 55
25 64
25 65
25 66
25 67
25 71
25 84
25 85
25 88
25 89
25 105
26 26
26 27
26 38
26 39
26 45
26 58
26 66
26 67
26 104
26 114
27 27
27 34
27 35
27 37
27 38
27 39
27 43
27 46
27 47
27 50
27 55
27 64
27 65
27 67
27 71
27 77
27 84
27 85
27 88
27 89
27 96
27 105
27 106
27 107
28 28
28 29
28 30
28 31
28 32
28 33
28 40
28 41
28 56
28 60
28 62
28 63
28 70
28 72
28 73
28 74
28 75
28 76
28 78
28 79
28 80
28 81
28 82
28 83
28 87
28 94
28 95
28 97
28 115
29 29
29 30
29 31
29 32
29 33
29 36
29 40
29 41
29 62
29 63
29 70
29 72
29 73
29 74
29 75
29 76
29 78
29 79
29 80
29 81
29 82
29 83
29 94
30 30
30 31
30 34
30 62
30 64
30 70
30 81
30 82
30 83
30 84
30 85
30 86
30 87
31 31
31 32
31 33
31 34
31 41
31 60
31 62
31 64
31 66
31 75
31 76
31 82
31 83
31 84
31 85
31 94
31 97
31 113
31 115
32 32
32 33
32 40
32 41
32 56
32 60
32 62
32 63
32 70
32 72
32 73
32 74
32 75
32 76
32 78
32 79
32 80
32 81
32 94
32 95
32 97
32 108
32 109
32 111
32 113
32 115
33 33
33 63
33 72
33 76
33 78
33 79
33 80
33 81
34 34
34 35
34 36
34 37
34 38
34 39
34 66
34 67
34 77
34 83
34 85
34 104
34 105
34 106
34 107
35 35
35 36
35 37
35 38
35 39
35 42
35 43
35 46
35 47
35 52
35 55
35 65
35 67
35 71
35 77
35 96
35 104
35 105
35 107
35 110
36 36
36 37
36 38
36 39
36 40
36 41
36 42
36 43
36 46
36 47
36 54
36 71
36 73
36 76
36 77
36 114
37 37
37 38
37 39
37 41
37 42
37 43
37 46
37 47
37 55
37 67
37 71
37 77
37 96
37 104
37 105
37 107
37 110
38 38
38 39
38 41
38 46
38 47
38 53
38 54
38 55
38 71
38 77
38 82
38 86
38 88
38 105
38 106
38 107
39 39
39 42
39 46
39 47
39 53
39 55
39 67
39 71
39 77
39 104
39 105
39 106
39 107
40 40
40 41
40 62
40 70
40 72
40 73
40 74
40 75
40 76
40 79
40 80
40 81
40 94
40 97
41 41
41 62
41 70
41 72
41 73
41 74
41 75
41 76
41 77
41 79
41 81
41 83
42 42
42 43
42 44
42 45
42 46
42 47
42 48
42 49
42 50
42 51
42 52
42 53
42 55
42 90
42 92
42 93
42 96
42 98
42 99
42 110
42 113
43 43
43 44
43 45
43 46
43 47
43 48
43 49
43 50
43 51
43 52
43 53
43 55
43 67
43 77
43 92
43 96
43 98
43 99
43 100
43 110
43 113
44 44
44 45
44 46
44 47
44 48
44 49
44 50
44 51
44 52
44 53
44 58
44 66
44 92
44 93
44 98
44 99
44 100
44 102
44 103
44 110
44 112
45 45
45 46
45 47
45 48
45 49
45 50
45 51
45 52
45 58
45 65
45 66
45 67
45 92
45 93
45 96
45 98
45 99
45 100
45 103
45 104
45 110
46 46
46 47
46 48
46 49
46 50
46 51
46 52
46 53
46 55
46 57
46 69
46 71
46 96
46 98
46 99
46 110
47 47
47 48
47 49
47 51
47 52
47 53
47 55
47 67
47 71
47 77
47 90
47 92
47 93
47 96
47 98
47 99
47 104
47 105
47 107
47 110
48 48
48 49
48 50
48 51
48 52
48 53
48 55
48 58
48 90
48 98
48 99
48 102
48 103
48 109
48 112
49 49
49 50
49 51
49 52
49 53
49 55
49 56
49 57
49 59
49 68
49 69
49 98
49 99
50 50
50 51
50 52
50 53
50 55
50 58
50 65
50 66
50 67
50 96
50 98
50 99
50 109
50 110
51 51
51 52
51 53
51 55
51 57
51 58
51 59
51 69
51 90
51 98
51 99
52 52
52 53
52 54
52 55
52 58
52 61
52 63
52 90
52 92
52 96
52 98
52 99
52 103
52 109
52 110
52 112
53 53
53 55
53 57
53 68
53 69
53 98
53 99
53 101
54 54
54 55
54 58
54 72
54 90
54 95
54 96
54 102
54 103
55 55
55 96
55 98
55 99
55 110
56 56
56 57
56 59
56 62
56 68
56 69
56 72
56 78
56 79
56 80
56 81
56 87
57 57
57 59
57 68
57 69
57 78
57 79
57 80
57 81
57 82
57 86
57 87
57 89
57 98
57 101
58 58
58 59
58 60
58 61
58 65
58 66
58 67
58 96
58 99
58 103
58 109
59 59
59 61
59 68
59 69
59 80
59 87
59 88
60 60
60 61
60 62
60 63
60 65
60 66
60 70
60 72
60 74
60 75
60 76
60 91
60 94
60 95
60 97
60 100
60 108
60 109
60 111
60 112
60 113
60 115
61 61
61 63
61 65
61 67
61 92
62 62
62 63
62 70
62 72
62 73
62 74
62 75
62 76
62 78
62 80
62 81
62 82
62 83
62 94
62 95
62 97
62 108
62 111
62 115
63 63
63 72
63 73
63 74
63 76
63 78
63 80
63 81
63 94
63 97
63 109
63 111
63 112
63 115
64 64
64 65
64 82
64 84
64 85
64 86
64 88
64 89
65 65
65 66
65 67
65 85
65 92
65 96
66 66
66 67
66 100
66 102
66 103
66 104
66 110
67 67
67 71
67 77
67 85
67 92
67 96
67 104
67 107
67 110
68 68
68 69
68 78
68 79
68 80
68 81
68 87
68 106
69 69
69 79
69 86
69 87
69 88
69 89
70 70
70 72
70 73
70 75
70 76
70 79
70 81
70 82
70 83
70 94
70 97
70 114
70 115
71 71
71 77
71 107
71 110
72 72
72 73
72 74
72 75
72 76
72 78
72 79
72 80
72 81
72 94
72 95
72 97
72 108
72 111
72 115
73 73
73 74
73 75
73 76
73 77
73 79
73 81
73 111
73 112
74 74
74 75
74 76
74 81
74 93
74 94
74 95
74 97
74 99
74 100
74 108
74 111
74 112
74 113
74 115
75 75
75 76
75 77
75 81
75 93
75 94
75 95
75 97
75 108
75 111
75 113
75 114
75 115
76 76
76 77
76 94
76 111
76 113
76 114
76 115
77 77
77 83
77 96
77 104
77 105
77 110
78 78
78 79
78 80
78 81
78 115
79 79
79 80
79 81
79 82
79 83
79 87
79 106
80 80
80 81
80 82
80 83
80 87
80 115
81 81
81 82
81 83
81 87
81 115
82 82
82 83
82 84
82 86
82 87
83 83
83 86
83 87
84 84
84 85
84 86
84 87
84 88
84 89
85 85
85 88
86 86
86 87
86 88
86 89
86 101
87 87
87 88
87 89
87 101
88 88
88 89
88 101
88 105
88 106
88 107
89 89
89 101
89 107
90 90
90 91
90 92
90 93
90 95
90 99
90 100
90 101
90 102
90 103
90 104
90 109
90 110
90 111
90 112
90 113
91 91
91 92
91 93
91 94
91 95
91 96
91 97
91 100
91 101
91 102
91 103
91 108
91 109
91 111
91 113
91 115
92 92
92 93
92 96
92 100
92 102
92 103
92 104
92 110
92 111
92 112
92 113
93 93
93 95
93 100
93 101
93 102
93 103
93 110
93 111
93 112
93 113
93 114
93 115
94 94
94 95
94 97
94 108
94 109
94 111
94 113
94 115
95 95
95 96
95 97
95 100
95 102
95 108
95 109
95 111
95 113
95 115
96 96
96 98
96 99
96 103
96 108
96 110
96 111
96 113
97 97
97 100
97 102
97 108
97 109
97 111
97 112
97 113
97 115
98 98
98 99
98 109
98 110
98 111
98 112
99 99
99 103
99 110
99 111
99 112
100 100
100 101
100 102
100 103
100 110
100 111
100 112
100 113
100 115
101 101
101 102
101 103
101 109
101 110
101 111
102 102
102 103
102 108
102 109
102 110
102 111
102 112
102 113
103 103
103 104
103 110
103 111
103 112
103 113
104 104
104 105
104 107
104 110
105 105
105 106
105 107
105 114
106 106
106 107
106 114
107 107
107 110
108 108
108 109
108 111
108 113
108 115
109 109
109 111
109 112
110 110
110 111
111 111
111 112
111 113
111 115
112 112
112 113
113 113
113 114
113 115
114 114
114 115
115 115
