0 0
0 1
0 2
0 4
0 6
0 10
0 11
0 12
0 13
0 16
0 17
0 28
0 29
0 31
0 32
0 56
0 58
0 60
0 62
0 72
0 74
0 76
0 79
0 80
0 81
0 94
0 95
0 101
0 108
0 109
1 1
1 11
1 13
1 16
1 17
1 28
1 29
1 32
1 33
1 52
1 56
1 57
1 59
1 60
1 61
1 62
1 63
1 72
1 78
1 81
1 95
1 98
1 99
1 111
1 112
2 2
2 6
2 8
2 10
2 12
2 14
2 22
2 23
2 24
2 25
2 27
2 30
2 44
2 45
2 50
2 58
2 64
2 65
2 82
2 84
2 86
2 88
2 93
3 3
3 9
3 18
3 19
3 23
3 30
3 31
3 83
3 85
3 87
4 4
4 5
4 6
4 8
4 9
4 21
4 26
4 58
4 59
4 60
4 62
4 66
4 101
5 5
5 9
5 20
5 21
5 23
5 24
5 25
5 26
5 27
5 34
5 37
5 38
5 39
5 47
5 67
5 69
5 87
5 88
5 89
6 6
6 7
6 10
6 11
6 12
6 22
6 23
6 30
6 31
6 45
6 58
6 60
6 61
6 64
6 65
6 72
6 91
6 94
6 95
6 101
6 108
6 109
7 7
7 11
7 12
7 13
7 48
7 51
7 61
7 63
7 65
7 90
7 91
7 92
7 94
7 96
7 98
7 99
7 100
7 102
7 109
7 110
7 112
8 8
8 9
8 10
8 12
8 14
8 18
8 44
8 48
8 58
8 65
8 86
8 93
8 112
8 113
8 114
8 115
9 9
9 15
9 19
9 44
9 45
9 49
9 59
9 66
9 69
9 90
9 91
9 92
9 104
10 10
10 11
10 12
10 13
10 14
10 22
10 28
10 40
10 48
10 49
10 50
10 60
10 64
10 84
10 93
10 94
10 97
10 101
10 114
11 11
11 12
11 13
11 16
11 17
11 29
11 32
11 33
11 52
11 58
11 60
11 61
11 62
11 63
11 72
11 74
11 75
11 76
11 79
11 81
11 95
11 97
11 99
11 100
11 101
12 12
12 13
12 14
12 28
12 48
12 49
12 50
12 52
12 58
12 60
12 65
12 72
12 91
12 93
12 94
12 95
12 97
12 100
12 101
12 108
12 109
12 112
12 113
12 114
12 115
13 13
13 15
13 16
13 28
13 29
13 48
13 49
13 52
13 60
13 61
13 62
13 63
13 72
13 75
13 78
13 81
13 90
13 91
13 92
13 94
13 95
13 97
13 98
13 99
13 100
13 101
13 108
13 109
13 111
13 112
13 113
13 115
14 14
14 15
14 22
14 23
14 24
14 25
14 27
14 28
14 33
14 40
14 42
14 43
14 50
14 64
14 82
14 84
14 85
14 86
14 88
14 113
14 114
15 15
15 19
15 20
15 28
15 31
15 33
15 83
15 84
15 85
15 101
15 114
16 16
16 17
16 28
16 29
16 32
16 33
16 52
16 56
16 57
16 60
16 61
16 62
16 63
16 70
16 72
16 74
16 75
16 76
16 78
16 79
16 80
16 81
16 94
16 95
16 97
16 98
16 99
16 108
16 109
16 111
16 112
17 17
17 29
17 32
17 33
17 35
17 36
17 37
17 38
17 41
17 56
17 57
17 60
17 61
17 62
17 63
17 70
17 71
17 72
17 73
17 74
17 75
17 76
17 77
17 79
17 80
17 81
17 99
18 18
18 19
18 23
18 28
18 30
18 31
18 32
18 64
18 82
18 83
18 88
19 19
19 31
19 33
19 69
19 71
19 82
19 83
20 20
20 21
20 24
20 26
20 27
20 34
20 35
20 36
20 37
20 38
20 39
20 40
20 41
20 71
20 77
20 80
21 21
21 24
21 26
21 27
21 34
21 35
21 36
21 37
21 38
21 39
21 40
21 41
21 66
21 69
21 71
21 77
21 82
21 83
22 22
22 23
22 24
22 25
22 26
22 27
22 30
22 31
22 42
22 43
22 44
22 45
22 50
22 64
22 65
22 82
22 84
22 85
22 86
22 87
22 88
22 89
23 23
23 24
23 25
23 27
23 42
23 45
23 50
23 64
23 65
23 82
23 84
23 85
23 86
23 87
23 88
23 89
24 24
24 25
24 26
24 27
24 39
24 42
24 43
24 44
24 45
24 50
24 64
24 65
24 67
24 82
24 84
24 85
24 87
24 88
24 89
25 25
25 26
25 27
25 34
25 42
25 43
25 44
25 45
25 50
25 64
25 65
25 67
25 82
25 84
25 85
25 86
25 87
25 88
25 89
26 26
26 27
26 34
26 35
26 37
26 38
26 39
26 40
26 41
26 59
26 66
26 67
26 69
26 71
26 77
26 87
26 88
26 89
27 27
27 34
27 35
27 36
27 37
27 38
27 39
27 40
27 41
27 42
27 43
27 46
27 53
27 55
27 64
27 67
27 71
27 77
27 82
27 86
27 87
27 88
27 89
28 28
28 29
28 30
28 31
28 32
28 33
28 62
28 63
28 70
28 72
28 74
28 78
28 81
28 83
28 84
28 104
28 105
28 111
28 112
28 114
28 115
29 29
29 30
29 31
29 32
29 33
29 56
29 57
29 60
29 61
29 62
29 63
29 70
29 72
29 73
29 74
29 75
29 76
29 79
29 80
29 81
29 83
29 99
29 109
29 111
30 30
30 31
30 44
30 45
30 64
30 70
30 72
30 83
30 84
30 85
30 108
31 31
31 32
31 33
31 64
31 70
31 72
31 82
31 83
31 84
31 85
31 114
32 32
32 33
32 56
32 62
32 63
32 71
32 72
32 74
32 75
32 76
32 79
32 80
32 81
32 83
33 33
33 43
33 72
33 74
33 76
33 80
33 81
33 112
34 34
34 35
34 36
34 37
34 38
34 39
34 40
34 41
34 43
34 47
34 55
34 67
34 71
34 73
34 76
34 77
34 79
34 82
34 83
34 87
34 88
35 35
35 36
35 37
35 38
35 39
35 40
35 41
35 43
35 47
35 55
35 67
35 71
35 73
35 76
35 77
35 79
35 82
35 83
35 86
35 87
36 36
36 37
36 38
36 39
36 40
36 41
36 47
36 70
36 71
36 73
36 76
36 77
36 78
36 79
36 80
36 81
37 37
37 38
37 39
37 41
37 47
37 54
37 55
37 57
37 69
37 71
37 73
37 75
37 76
37 77
37 79
37 80
37 87
37 89
38 38
38 39
38 40
38 41
38 47
38 54
38 71
38 73
38 76
38 77
38 79
38 82
38 83
39 39
39 40
39 41
39 46
39 47
39 54
39 55
39 67
39 69
39 71
39 77
39 82
39 87
39 89
40 40
40 41
40 42
40 43
40 71
40 76
40 77
40 79
40 80
40 82
41 41
41 47
41 71
41 73
41 74
41 75
41 76
41 77
41 79
41 80
41 82
42 42
42 43
42 44
42 45
42 46
42 50
42 51
42 53
42 55
42 64
42 82
42 84
42 85
42 88
42 89
42 113
43 43
43 46
43 50
43 55
43 84
43 85
43 88
44 44
44 45
44 48
44 49
44 50
44 51
44 64
44 66
44 84
44 85
44 93
44 114
44 115
45 45
45 48
45 49
45 50
45 64
45 65
45 66
45 67
45 84
45 85
45 88
45 93
45 114
46 46
46 47
46 53
46 55
46 57
47 47
47 53
47 54
47 55
47 57
47 67
47 69
47 71
47 73
47 75
47 77
47 79
47 87
47 89
47 96
47 98
47 99
47 110
48 48
48 49
48 50
48 51
48 52
48 58
48 65
48 90
48 91
48 92
48 93
48 94
48 95
48 97
48 100
48 101
48 102
48 103
48 107
48 112
48 113
48 114
48 115
49 49
49 50
49 51
49 58
49 65
49 66
49 90
49 91
49 92
49 93
49 94
49 101
49 107
49 114
49 115
50 50
50 51
50 64
50 65
50 84
50 92
50 93
50 94
50 97
50 111
50 112
50 113
50 114
50 115
51 51
51 52
51 53
51 55
51 59
51 65
51 66
51 67
51 90
51 91
51 92
51 93
51 98
51 99
51 100
51 102
51 112
51 115
52 52
52 53
52 54
52 57
52 58
52 60
52 61
52 62
52 63
52 78
52 90
52 91
52 94
52 95
52 101
52 103
52 109
52 110
52 112
53 53
53 55
53 56
53 57
53 68
53 98
54 54
54 55
54 60
54 65
54 75
54 87
54 89
54 96
54 100
54 109
54 110
55 55
55 65
55 71
55 77
55 79
55 87
55 89
55 98
55 99
56 56
56 57
56 60
56 62
56 63
56 68
56 72
56 73
56 74
56 75
56 76
56 78
56 79
56 80
56 81
56 98
56 99
56 109
56 112
57 57
57 59
57 60
57 61
57 62
57 63
57 68
57 69
57 72
57 73
57 75
57 78
57 79
57 81
57 90
57 96
57 98
57 103
57 109
57 110
58 58
58 59
58 60
58 61
58 65
58 66
58 68
58 90
58 91
58 93
58 101
58 102
58 103
58 109
59 59
59 61
59 62
59 63
59 66
59 67
59 69
59 90
59 91
59 102
59 103
60 60
60 61
60 62
60 63
60 72
60 75
60 81
60 95
60 101
60 109
60 110
61 61
61 62
61 63
61 72
61 75
61 81
61 90
61 91
61 94
61 95
61 96
61 97
61 100
61 102
61 109
61 110
62 62
62 63
62 70
62 72
62 73
62 74
62 75
62 76
62 78
62 79
62 80
62 81
62 95
62 97
62 100
62 101
62 108
62 109
62 110
63 63
63 72
63 74
63 75
63 76
63 78
63 79
63 81
63 90
63 95
63 98
63 100
63 102
63 108
63 109
63 110
64 64
64 65
64 82
64 84
64 85
64 86
64 87
64 88
65 65
65 67
65 86
65 88
65 89
65 92
65 93
65 96
65 97
65 100
65 110
65 113
66 66
66 67
66 69
66 90
66 91
66 92
66 93
66 102
67 67
67 69
67 87
67 89
67 92
67 93
68 68
68 69
68 79
69 69
69 90
69 103
70 70
70 72
70 73
70 74
70 75
70 76
70 78
70 95
70 108
71 71
71 73
71 76
71 77
71 79
71 80
71 82
71 83
71 87
72 72
72 74
72 75
72 76
72 78
72 80
72 81
72 94
72 95
72 97
72 108
72 109
72 110
72 111
72 112
73 73
73 74
73 75
73 76
73 77
73 79
73 96
73 98
73 99
73 110
74 74
74 75
74 76
74 79
74 80
74 81
74 95
74 97
74 108
74 109
74 111
74 112
75 75
75 76
75 77
75 79
75 81
75 95
75 96
75 109
75 110
76 76
76 77
76 79
76 80
76 81
76 99
77 77
77 79
77 80
77 82
77 83
77 87
78 78
78 80
78 81
78 94
78 95
78 97
78 103
78 104
78 105
78 108
78 111
78 112
78 113
78 114
78 115
79 79
79 80
79 81
79 96
79 99
79 110
80 80
80 81
81 81
81 111
81 112
82 82
82 83
82 84
82 85
82 86
82 87
82 88
83 83
84 84
84 85
84 86
84 88
84 113
84 114
85 85
85 86
85 87
85 88
85 89
86 86
86 87
86 88
86 93
86 113
87 87
87 88
87 89
88 88
88 89
89 89
90 90
90 91
90 92
90 93
90 94
90 95
90 96
90 97
90 98
90 100
90 101
90 102
90 103
90 108
90 109
90 110
90 111
91 91
91 92
91 93
91 94
91 95
91 96
91 97
91 98
91 99
91 100
91 101
91 102
91 108
91 109
91 110
91 115
92 92
92 93
92 94
92 95
92 96
92 97
92 98
92 99
92 100
92 102
92 108
92 109
92 110
92 111
92 115
93 93
93 94
93 95
93 96
93 97
93 100
93 101
93 102
93 107
93 108
93 113
93 114
93 115
94 94
94 95
94 96
94 97
94 98
94 100
94 101
94 102
94 108
94 109
94 110
94 111
94 112
94 113
94 115
95 95
95 96
95 97
95 98
95 99
95 100
95 101
95 102
95 108
95 109
95 110
95 111
95 112
95 113
95 115
96 96
96 97
96 98
96 99
96 100
96 102
96 108
96 109
96 110
97 97
97 98
97 99
97 100
97 102
97 107
97 108
97 109
97 110
97 111
97 112
97 113
97 114
97 115
98 98
98 99
98 100
98 102
98 108
98 109
98 110
98 111
98 112
99 99
99 100
99 108
99 110
99 111
99 112
100 100
100 102
100 108
100 109
100 110
100 111
100 112
100 113
100 115
101 101
101 102
101 103
101 105
101 106
101 107
101 109
101 114
101 115
102 102
102 103
102 104
102 109
102 110
103 103
103 104
103 105
103 106
104 104
104 105
104 106
104 111
104 112
104 113
104 114
104 115
105 105
105 106
105 107
105 113
105 114
105 115
106 106
106 107
106 114
107 107
107 113
107 114
107 115
108 108
108 109
108 110
108 111
108 112
108 113
108 115
109 109
109 110
109 111
110 110
111 111
111 112
111 113
111 115
112 112
112 113
112 114
112 115
113 113
113 114
113 115
114 114
114 115
115 115
