0 0
0 1
0 10
0 14
0 16
0 18
0 19
0 28
0 42
0 43
0 46
0 55
0 56
0 62
0 68
0 70
0 74
0 76
0 80
0 82
0 84
0 91
0 93
0 99
0 101
0 112
1 1
1 15
1 17
1 18
1 19
1 28
1 29
1 39
1 41
1 51
1 52
1 54
1 55
1 56
1 57
1 59
1 61
1 63
1 68
1 72
1 73
1 74
1 79
1 80
1 81
1 83
1 89
1 95
1 97
1 98
1 107
1 111
1 112
2 2
2 4
2 5
2 6
2 20
2 21
2 22
2 23
2 24
2 25
2 26
2 27
2 30
2 31
2 34
2 35
2 50
2 64
2 67
2 69
2 70
2 86
2 88
2 91
2 93
2 110
3 3
3 5
3 7
3 9
3 23
3 24
3 25
3 35
3 50
3 52
3 69
3 88
3 89
3 90
3 92
3 94
4 4
4 5
4 6
4 8
4 10
4 12
4 22
4 23
4 26
4 34
4 35
4 50
4 58
4 67
4 69
4 70
4 86
4 91
4 93
5 5
5 7
5 23
5 24
5 25
5 26
5 27
5 34
5 35
5 45
5 47
5 50
5 59
5 65
5 66
5 67
5 69
5 91
5 92
5 93
5 94
5 101
5 103
5 104
5 110
6 6
6 8
6 12
6 20
6 21
6 22
6 24
6 30
6 31
6 32
6 33
6 53
6 64
6 70
6 71
6 88
6 114
7 7
7 8
7 9
7 11
7 13
7 48
7 52
7 54
7 60
7 61
7 65
7 71
7 77
7 90
7 92
7 94
7 100
7 105
8 8
8 9
8 10
8 11
8 12
8 13
8 14
8 15
8 64
8 76
8 82
8 86
8 114
9 9
9 11
9 13
9 48
9 61
9 65
9 75
9 77
9 90
9 92
10 10
10 12
10 14
10 16
10 18
10 22
10 28
10 46
10 56
10 68
10 74
10 76
10 82
10 84
10 86
10 91
10 93
11 11
11 12
11 13
11 14
11 15
11 16
11 17
11 28
11 29
11 48
11 52
11 60
11 61
11 63
11 65
11 72
11 73
11 75
11 76
11 77
11 90
11 92
11 100
12 12
12 13
12 14
12 15
12 16
12 28
12 52
12 58
12 60
12 61
12 62
12 70
12 72
12 74
12 76
12 82
12 83
12 86
12 109
13 13
13 15
13 16
13 17
13 28
13 29
13 46
13 48
13 52
13 54
13 55
13 58
13 60
13 61
13 65
13 75
13 76
13 77
13 90
13 92
13 100
13 109
14 14
14 15
14 16
14 18
14 19
14 22
14 23
14 28
14 52
14 56
14 68
14 72
14 74
14 76
14 79
14 82
14 83
14 84
14 86
15 15
15 16
15 17
15 28
15 29
15 52
15 53
15 56
15 60
15 61
15 63
15 68
15 72
15 73
15 74
15 75
15 76
15 79
15 82
15 83
15 89
15 90
15 99
16 16
16 17
16 28
16 29
16 52
16 54
16 56
16 60
16 62
16 63
16 68
16 70
16 71
16 72
16 73
16 74
16 76
16 82
16 86
16 109
17 17
17 19
17 28
17 29
17 41
17 52
17 54
17 61
17 62
17 63
17 65
17 68
17 70
17 71
17 72
17 73
17 74
17 75
17 76
17 78
17 79
17 80
17 95
18 18
18 19
18 28
18 52
18 55
18 56
18 57
18 62
18 68
18 70
18 80
18 82
18 89
18 91
18 93
18 98
18 101
18 103
18 111
19 19
19 28
19 29
19 52
19 55
19 56
19 57
19 68
19 72
19 79
19 82
19 83
19 89
19 91
19 98
19 111
19 112
20 20
20 21
20 22
20 25
20 26
20 27
20 30
20 31
20 33
20 34
20 38
20 40
20 41
20 53
20 70
20 71
20 73
20 74
20 110
21 21
21 24
21 25
21 26
21 27
21 30
21 31
21 32
21 33
21 37
21 38
21 39
21 40
21 41
21 43
21 73
21 78
21 79
21 95
21 97
21 104
21 109
21 110
22 22
22 23
22 24
22 25
22 26
22 27
22 30
22 31
22 33
22 34
22 35
22 38
22 50
22 64
22 66
22 68
22 69
22 74
22 78
22 81
22 82
22 84
22 85
22 86
22 87
22 88
22 110
23 23
23 24
23 25
23 26
23 27
23 31
23 33
23 34
23 35
23 50
23 64
23 67
23 68
23 69
23 82
23 85
23 86
23 87
23 88
24 24
24 25
24 26
24 27
24 31
24 33
24 34
24 35
24 45
24 47
24 50
24 64
24 66
24 67
24 69
24 88
24 96
24 105
24 106
24 110
24 114
25 25
25 26
25 27
25 30
25 31
25 33
25 34
25 35
25 37
25 45
25 47
25 50
25 64
25 66
25 67
25 69
25 87
25 106
25 110
26 26
26 27
26 30
26 31
26 33
26 34
26 35
26 38
26 40
26 43
26 45
26 47
26 50
26 66
26 67
26 69
26 87
26 108
26 110
27 27
27 30
27 31
27 33
27 34
27 35
27 43
27 45
27 47
27 50
27 66
27 67
27 69
27 84
27 87
27 108
27 110
28 28
28 29
28 30
28 52
28 54
28 56
28 60
28 62
28 63
28 70
28 71
28 72
28 73
28 74
28 75
28 76
28 79
28 82
28 86
28 95
28 109
29 29
29 30
29 32
29 36
29 37
29 41
29 49
29 51
29 52
29 53
29 54
29 61
29 63
29 71
29 72
29 73
29 74
29 75
29 76
29 77
29 78
29 79
29 80
29 81
29 83
29 95
29 97
29 109
29 112
30 30
30 31
30 32
30 33
30 34
30 36
30 38
30 40
30 41
30 50
30 53
30 64
30 70
30 71
30 72
30 73
30 74
30 82
30 83
30 84
30 85
30 86
30 87
31 31
31 32
31 33
31 34
31 35
31 41
31 50
31 53
31 64
31 70
31 71
31 72
31 83
31 87
31 106
31 110
32 32
32 33
32 36
32 38
32 42
32 43
32 56
32 57
32 72
32 78
32 79
32 81
32 83
32 95
32 97
32 99
32 108
32 112
32 115
33 33
33 34
33 35
33 57
33 66
33 67
33 69
33 108
33 110
34 34
34 35
34 38
34 45
34 47
34 50
34 64
34 66
34 67
34 69
34 84
34 85
34 86
34 87
34 88
34 110
35 35
35 45
35 47
35 50
35 58
35 66
35 67
35 69
35 87
35 88
35 103
35 108
35 110
35 113
36 36
36 37
36 38
36 39
36 40
36 41
36 49
36 51
36 53
36 63
36 72
36 73
36 74
36 76
36 78
36 80
36 81
36 83
36 84
36 85
36 95
36 108
37 37
37 38
37 39
37 40
37 41
37 42
37 43
37 49
37 51
37 63
37 73
37 74
37 75
37 76
37 78
37 81
37 83
37 84
37 85
37 109
37 110
38 38
38 39
38 40
38 41
38 45
38 53
38 54
38 57
38 78
38 84
38 85
38 87
38 95
38 110
39 39
39 40
39 41
39 42
39 43
39 44
39 45
39 46
39 49
39 54
39 55
39 59
39 73
39 95
39 98
39 100
39 109
39 110
40 40
40 41
40 42
40 43
40 49
40 83
40 84
40 85
40 110
41 41
41 56
41 68
41 72
41 73
41 74
41 75
41 76
41 78
41 79
41 81
41 83
41 84
41 85
41 95
41 97
41 109
42 42
42 43
42 44
42 45
42 46
42 47
42 49
42 55
42 58
42 59
42 90
42 95
42 98
42 104
42 108
42 110
42 111
42 113
43 43
43 44
43 45
43 46
43 47
43 48
43 49
43 59
43 95
43 108
43 110
43 111
43 113
44 44
44 45
44 46
44 47
44 48
44 49
44 51
44 55
44 58
44 77
44 87
44 98
44 111
45 45
45 47
45 48
45 49
45 50
45 58
45 66
45 67
45 86
45 87
45 95
45 102
45 103
45 104
45 110
45 113
46 46
46 47
46 48
46 49
46 51
46 54
46 55
46 58
46 59
46 90
46 91
46 92
46 98
46 100
46 111
47 47
47 55
47 58
47 59
47 66
47 67
47 77
47 91
47 92
47 93
47 98
47 99
47 101
47 103
47 104
47 108
47 110
47 111
47 113
48 48
48 49
48 50
48 51
48 65
48 66
48 67
48 77
48 92
48 100
48 103
48 110
49 49
49 51
49 55
49 72
49 76
49 98
49 109
50 50
50 64
50 66
50 67
50 84
50 85
50 88
50 93
50 106
50 110
51 51
51 53
51 55
51 59
51 72
51 76
51 98
51 112
52 52
52 53
52 54
52 55
52 58
52 60
52 61
52 62
52 63
52 65
52 72
52 89
52 90
52 97
52 98
52 99
52 105
52 112
52 114
53 53
53 54
53 70
53 72
53 74
53 82
53 83
53 87
53 89
53 98
53 99
53 111
53 112
53 115
54 54
54 55
54 58
54 60
54 61
54 62
54 63
54 65
54 70
54 71
54 72
54 89
54 90
54 94
54 95
54 97
54 98
54 105
54 107
54 113
54 114
55 55
55 58
55 59
55 77
55 89
55 90
55 92
55 98
55 99
55 100
55 105
55 111
55 112
56 56
56 57
56 68
56 74
56 76
56 78
56 79
56 80
56 81
56 82
56 83
56 84
56 99
56 112
57 57
57 63
57 68
57 78
57 79
57 80
57 81
57 89
57 96
57 97
57 111
57 112
58 58
58 59
58 60
58 62
58 65
58 66
58 90
58 92
58 93
58 98
58 99
58 101
58 102
58 103
58 105
58 111
58 113
58 114
59 59
59 61
59 63
59 66
59 90
59 92
59 98
59 100
59 102
59 103
59 104
59 112
60 60
60 61
60 62
60 63
60 72
60 90
60 96
60 97
60 98
60 99
60 101
60 114
61 61
61 62
61 63
61 65
61 75
61 90
61 92
61 94
61 97
61 98
61 100
61 101
61 102
61 103
61 109
62 62
62 63
62 72
62 80
62 87
62 89
62 101
62 102
62 107
63 63
63 65
63 72
63 80
63 81
63 83
63 89
63 100
63 102
63 107
64 64
64 69
64 82
64 83
64 84
64 85
64 86
64 87
64 88
64 114
65 65
65 67
65 77
65 90
65 92
65 93
65 100
65 101
65 102
65 103
65 105
65 109
66 66
66 67
66 69
66 87
66 93
66 96
66 101
66 102
66 103
66 104
66 108
66 110
66 113
67 67
67 69
67 88
67 92
67 93
67 96
67 101
67 102
67 103
67 104
67 110
68 68
68 69
68 74
68 76
68 78
68 79
68 80
68 81
68 82
69 69
69 88
69 93
69 94
69 103
69 104
70 70
70 71
70 72
70 73
70 74
70 75
70 76
70 79
71 71
71 72
71 73
71 75
71 76
71 77
71 105
72 72
72 73
72 74
72 75
72 76
72 77
72 78
72 79
72 83
72 95
72 109
72 112
73 73
73 74
73 75
73 76
73 77
73 79
73 95
73 97
73 109
73 112
74 74
74 75
74 76
74 78
74 79
74 81
74 82
74 83
74 84
74 86
74 112
75 75
75 76
75 77
75 90
75 92
75 97
75 99
75 109
75 112
75 115
76 76
76 77
76 78
76 79
76 112
77 77
77 90
77 92
77 111
78 78
78 79
78 80
78 81
78 84
78 85
79 79
79 80
79 81
79 84
80 80
80 81
80 84
80 85
81 81
81 83
81 84
81 85
81 112
82 82
82 83
82 84
82 85
82 86
82 87
82 88
83 83
83 84
83 85
83 86
84 84
84 85
84 86
84 87
85 85
85 86
85 87
85 106
85 107
86 86
86 87
86 114
87 87
87 88
87 89
87 106
88 88
88 89
88 91
88 93
88 94
88 96
88 103
88 105
88 114
89 89
89 90
89 96
89 98
89 105
89 106
89 107
90 90
90 91
90 92
90 94
90 97
90 98
90 100
90 104
90 105
90 111
91 91
91 92
91 93
91 94
91 98
91 99
91 101
91 103
91 104
91 105
91 108
91 111
91 112
91 115
92 92
92 93
92 100
92 101
92 102
92 103
92 105
93 93
93 94
93 101
93 102
93 103
93 105
93 113
93 114
94 94
94 96
94 97
94 99
94 103
94 104
94 105
94 107
94 113
94 114
94 115
95 95
95 97
95 99
95 108
95 109
95 110
95 113
95 115
96 96
96 105
96 107
97 97
97 98
97 99
97 103
97 104
97 108
97 109
97 110
97 111
97 112
97 113
97 115
98 98
98 99
98 102
98 105
98 111
98 112
98 115
99 99
99 108
99 111
99 112
99 113
99 115
100 100
100 102
100 105
100 107
101 101
101 102
101 103
101 105
101 111
102 102
102 103
102 105
102 107
103 103
103 104
103 105
103 108
103 110
103 111
103 113
104 104
104 105
104 108
104 110
104 113
104 114
105 105
105 106
105 107
105 113
105 114
105 115
106 106
106 107
107 107
107 114
108 108
108 110
108 111
108 112
108 113
108 115
109 109
109 114
109 115
110 110
110 113
111 111
111 112
111 113
111 115
112 112
112 115
113 113
113 114
113 115
114 114
114 115
115 115
