0 0
0 2
0 4
0 6
0 8
0 10
0 12
0 14
0 44
0 45
0 48
0 58
0 60
0 64
0 75
0 86
0 93
0 103
0 105
0 113
0 114
0 115
1 1
1 32
1 57
1 59
1 61
1 68
1 102
2 2
2 3
2 4
2 5
2 6
2 7
2 8
2 9
2 10
2 18
2 22
2 23
2 24
2 27
2 30
2 34
2 44
2 45
2 48
2 64
2 66
2 67
2 88
2 93
2 101
2 103
3 3
3 5
3 7
3 18
3 21
3 22
3 23
3 24
3 25
3 27
3 31
3 33
3 34
3 36
3 40
3 67
3 82
3 83
3 84
3 85
3 87
3 88
3 96
3 97
3 106
3 110
4 4
4 5
4 6
4 7
4 8
4 9
4 10
4 14
4 15
4 18
4 20
4 24
4 26
4 27
4 44
4 45
4 48
4 64
4 67
4 70
4 90
4 93
4 103
5 5
5 8
5 9
5 15
5 20
5 24
5 26
5 27
5 43
5 45
5 47
5 66
5 67
5 73
5 95
5 97
5 109
6 6
6 7
6 8
6 9
6 12
6 20
6 30
6 48
6 49
6 51
6 52
6 53
6 64
6 65
6 70
6 90
6 92
6 93
6 100
6 101
6 103
6 114
7 7
7 9
7 11
7 23
7 51
7 64
7 65
7 67
7 92
7 93
8 8
8 9
8 14
8 15
8 20
8 24
8 44
8 45
8 48
8 49
8 58
8 59
8 64
8 65
8 67
8 70
8 90
8 92
8 93
8 95
8 100
8 101
8 103
8 108
9 9
9 15
9 20
9 24
9 27
9 44
9 45
9 48
9 51
9 64
9 67
9 71
9 115
10 10
10 12
10 14
10 18
10 22
10 23
10 31
10 44
10 48
10 50
10 64
10 84
10 93
10 107
11 11
11 12
11 13
11 17
11 39
11 48
11 49
11 51
11 65
11 105
11 107
11 114
11 115
12 12
12 13
12 15
12 16
12 17
12 30
12 48
12 51
12 52
12 60
12 70
12 71
12 72
12 73
12 74
12 75
12 98
12 108
12 114
12 115
13 13
13 15
13 16
13 17
13 29
13 37
13 39
13 42
13 49
13 51
13 52
13 53
13 56
13 57
13 60
13 61
13 62
13 63
13 65
13 71
13 72
13 73
13 74
13 75
13 76
13 98
13 102
13 105
13 108
13 113
13 114
13 115
14 14
14 15
14 66
14 69
14 82
14 84
14 86
14 88
14 93
14 102
14 103
14 109
15 15
15 20
15 24
15 26
15 29
15 58
15 60
15 70
15 71
15 73
15 74
15 75
15 95
15 102
15 103
15 104
15 105
15 108
15 114
15 115
16 16
16 17
16 19
16 28
16 29
16 56
16 57
16 60
16 62
16 63
16 68
16 70
16 72
16 73
16 74
16 78
16 79
16 80
16 81
17 17
17 19
17 28
17 29
17 52
17 53
17 56
17 57
17 60
17 61
17 62
17 63
17 68
17 70
17 71
17 72
17 73
17 74
17 75
17 78
17 79
17 81
17 114
18 18
18 21
18 22
18 23
18 26
18 27
18 32
18 40
18 64
18 66
18 67
18 82
18 83
18 84
18 87
18 88
18 93
18 106
19 19
19 20
19 29
19 33
19 56
19 57
19 60
19 62
19 63
19 68
19 69
19 70
19 72
19 74
19 80
19 81
19 90
19 91
19 102
19 105
20 20
20 21
20 24
20 26
20 27
20 29
20 30
20 41
20 67
20 70
20 71
20 73
20 74
20 75
20 90
20 95
20 98
20 99
20 102
20 103
20 104
20 108
20 109
20 112
20 114
20 115
21 21
21 23
21 25
21 26
21 27
21 28
21 31
21 36
21 40
21 41
21 67
21 78
21 80
21 81
21 82
21 83
21 87
21 104
21 106
21 107
22 22
22 23
22 24
22 25
22 27
22 30
22 31
22 33
22 34
22 44
22 50
22 64
22 67
22 82
22 84
22 87
22 88
22 96
22 110
23 23
23 25
23 27
23 31
23 33
23 40
23 50
23 64
23 67
23 78
23 80
23 82
23 83
23 84
23 88
23 93
23 107
24 24
24 25
24 26
24 27
24 30
24 43
24 67
24 71
24 73
24 95
24 109
25 25
25 27
25 28
25 31
25 34
25 36
25 38
25 40
25 41
25 50
25 67
25 78
25 80
25 81
25 82
25 83
25 84
25 85
25 87
25 94
25 96
25 97
25 110
26 26
26 27
26 66
26 67
26 70
26 73
26 86
26 102
26 103
26 104
26 109
27 27
27 31
27 34
27 64
27 66
27 67
27 69
27 84
27 88
27 93
27 96
27 97
27 110
28 28
28 29
28 31
28 36
28 38
28 40
28 41
28 62
28 72
28 78
28 80
28 81
28 82
28 83
28 84
28 85
28 87
28 106
29 29
29 37
29 52
29 53
29 56
29 57
29 60
29 61
29 62
29 63
29 68
29 70
29 71
29 72
29 73
29 74
29 75
29 79
29 81
29 98
29 99
29 102
29 112
30 30
30 31
30 33
30 44
30 45
30 49
30 51
30 70
30 71
30 73
30 75
30 95
30 98
30 108
30 114
30 115
31 31
31 33
31 36
31 50
31 71
31 78
31 80
31 81
31 83
31 107
32 32
32 33
33 33
33 57
33 61
33 62
33 68
33 69
33 80
33 81
34 34
34 35
34 38
34 43
34 46
34 47
34 50
34 55
34 77
34 84
34 85
34 87
34 88
34 89
34 94
34 96
34 97
34 110
35 35
35 37
35 43
35 45
35 47
35 75
35 76
35 77
35 94
35 95
35 109
35 110
35 111
35 112
35 113
36 36
36 38
36 40
36 41
36 46
36 55
36 72
36 78
36 80
36 81
36 82
36 83
36 84
36 85
36 87
36 96
36 97
37 37
37 39
37 46
37 47
37 51
37 52
37 53
37 54
37 55
37 71
37 73
37 74
37 75
37 76
37 77
37 89
37 95
37 96
37 97
37 98
37 99
37 108
37 109
37 111
37 112
37 115
38 38
38 40
38 41
38 46
38 54
38 55
38 80
38 82
38 83
38 84
38 85
38 87
38 89
38 94
38 96
38 97
38 110
39 39
39 43
39 45
39 47
39 49
39 51
39 54
39 55
39 58
39 63
39 74
39 75
39 76
39 77
39 89
39 95
39 98
39 99
39 105
39 108
39 112
39 113
39 114
39 115
40 40
40 41
40 46
40 55
40 78
40 80
40 81
40 82
40 83
40 84
40 85
40 87
40 94
40 96
40 97
40 106
40 110
41 41
41 46
41 47
41 55
41 80
41 82
41 83
41 85
41 87
41 94
41 96
41 97
41 110
41 111
42 42
42 43
42 46
42 47
42 52
42 53
42 54
42 55
42 73
42 74
42 98
42 102
42 109
42 111
43 43
43 44
43 45
43 46
43 47
43 50
43 51
43 54
43 55
43 73
43 74
43 75
43 76
43 77
43 86
43 95
43 96
43 98
43 108
43 109
43 114
43 115
44 44
44 45
44 48
44 49
44 50
44 51
44 67
44 105
44 107
44 114
44 115
45 45
45 48
45 49
45 51
45 65
45 67
46 46
46 47
46 53
46 54
46 55
46 77
46 82
46 85
46 87
46 89
46 94
46 96
46 97
46 99
46 109
46 110
46 111
47 47
47 54
47 55
47 57
47 59
47 68
47 73
47 74
47 75
47 76
47 77
47 85
47 86
47 89
47 94
47 95
47 96
47 97
47 98
47 99
47 102
47 108
47 109
47 110
47 111
47 112
48 48
48 49
48 50
48 51
48 58
48 64
48 65
48 66
48 105
48 107
48 114
48 115
49 49
49 51
49 52
49 53
49 58
49 59
49 60
49 61
49 63
49 65
49 75
49 98
49 105
49 108
49 114
49 115
50 50
50 64
50 78
50 84
50 85
50 87
50 88
51 51
51 52
51 53
51 54
51 55
51 65
51 98
51 108
51 115
52 52
52 53
52 54
52 55
52 60
52 63
52 72
52 73
52 75
52 90
52 95
52 98
52 99
52 108
53 53
53 54
53 55
53 57
53 63
53 72
53 73
53 76
53 77
53 79
53 89
53 90
53 95
53 98
53 99
53 108
54 54
54 55
54 74
54 76
54 77
54 89
54 95
54 96
54 97
54 98
54 99
54 108
54 109
54 111
55 55
55 77
55 85
55 87
55 89
55 94
55 96
55 97
55 98
55 99
55 109
55 110
56 56
56 57
56 62
56 63
56 68
56 72
56 76
56 78
56 79
56 80
56 81
57 57
57 60
57 61
57 62
57 63
57 68
57 69
57 72
57 73
57 74
57 75
57 76
57 77
57 79
57 81
57 102
57 111
57 112
57 113
58 58
58 59
58 60
58 66
58 86
58 91
58 93
58 98
58 100
58 101
58 102
58 103
58 104
58 113
59 59
59 61
59 65
59 66
59 67
59 69
59 90
59 91
59 92
59 93
59 100
59 101
59 102
59 103
59 104
59 106
60 60
60 61
60 62
60 63
60 65
60 72
60 73
60 74
60 75
60 98
60 102
60 105
60 113
60 114
61 61
61 62
61 63
61 65
61 73
61 74
61 75
61 77
61 98
61 102
61 111
62 62
62 63
62 68
62 70
62 71
62 72
62 73
62 74
62 78
62 79
62 80
62 81
63 63
63 68
63 72
63 73
63 74
63 75
63 76
63 77
63 79
63 98
63 102
63 113
64 64
64 65
64 84
64 88
64 93
65 65
66 66
66 67
66 68
66 69
66 86
66 88
66 91
66 93
66 94
66 96
66 97
66 101
66 103
66 104
66 106
66 110
67 67
67 69
67 88
67 93
67 104
67 106
67 110
68 68
68 69
68 72
68 79
68 80
68 81
68 85
68 86
68 102
68 112
69 69
69 90
69 91
69 92
69 93
69 102
69 103
69 104
69 106
69 110
70 70
70 71
70 72
70 73
70 74
70 75
70 76
70 77
70 90
70 95
70 98
70 99
70 108
70 109
70 111
70 112
70 114
70 115
71 71
71 72
71 73
71 74
71 75
71 95
71 98
71 105
71 108
71 112
71 114
71 115
72 72
72 73
72 74
72 78
72 79
72 80
72 81
73 73
73 74
73 75
73 76
73 77
73 79
73 95
73 98
73 99
73 108
73 109
73 111
73 112
73 113
73 114
73 115
74 74
74 75
74 76
74 77
74 95
74 98
74 99
74 105
74 108
74 109
74 111
74 113
74 114
74 115
75 75
75 76
75 77
75 90
75 95
75 98
75 99
75 102
75 103
75 105
75 108
75 109
75 111
75 112
75 113
75 114
75 115
76 76
76 77
76 79
76 89
76 94
76 95
76 98
76 99
76 108
76 109
76 111
76 112
76 113
76 115
77 77
77 89
77 94
77 95
77 96
77 97
77 98
77 99
77 108
77 109
77 110
77 111
77 112
77 113
78 78
78 79
78 80
78 81
78 82
78 83
78 84
78 85
78 87
79 79
79 80
79 81
79 85
80 80
80 81
80 82
80 83
80 84
80 85
80 87
80 106
81 81
81 82
81 83
81 84
81 85
81 87
82 82
82 83
82 84
82 85
82 86
82 87
82 88
82 94
82 96
82 97
82 106
82 110
83 83
83 84
83 85
83 87
83 106
84 84
84 85
84 86
84 87
84 88
84 94
84 96
84 110
85 85
85 87
85 89
85 94
85 96
85 97
85 110
86 86
86 87
86 94
86 96
86 109
86 110
87 87
87 94
87 96
87 97
87 106
87 110
88 88
88 89
88 94
88 96
88 97
88 110
89 89
89 94
89 95
89 96
89 97
89 98
89 99
89 109
90 90
90 91
90 92
90 93
90 95
90 98
90 99
90 100
90 101
90 102
90 103
90 108
90 109
90 112
90 113
91 91
91 92
91 93
91 100
91 101
91 102
91 103
91 104
91 106
91 112
92 92
92 93
92 100
92 101
92 102
92 103
92 104
92 106
92 112
92 113
93 93
93 100
93 101
93 102
93 103
93 104
93 106
93 112
93 113
94 94
94 96
94 97
94 109
94 110
94 111
95 95
95 97
95 98
95 99
95 108
95 109
95 111
95 112
95 113
95 114
95 115
96 96
96 97
96 99
96 109
96 110
96 111
97 97
97 99
97 109
97 110
97 111
97 112
98 98
98 99
98 108
98 109
98 111
98 112
98 113
98 114
98 115
99 99
99 108
99 109
99 111
99 112
99 113
99 115
100 100
100 101
100 102
100 103
100 104
100 106
100 112
100 113
101 101
101 102
101 103
101 104
101 112
101 113
102 102
102 103
102 104
102 105
102 112
102 113
102 114
102 115
103 103
103 104
103 105
103 107
103 112
103 113
103 114
103 115
104 104
104 105
104 106
104 107
104 113
104 114
104 115
105 105
105 107
105 108
105 113
105 114
105 115
106 106
107 107
107 114
108 108
108 109
108 111
108 112
108 113
108 114
108 115
109 109
109 110
109 111
109 112
110 110
110 111
111 111
111 112
112 112
112 113
112 115
113 113
113 114
113 115
114 114
114 115
115 115
