0 0
0 1
0 10
0 16
0 17
0 18
0 19
0 28
0 32
0 33
0 44
0 48
0 49
0 50
0 56
0 57
0 60
0 61
0 62
0 63
0 68
0 69
0 78
0 79
0 80
0 81
0 84
0 85
0 88
0 89
0 99
1 1
1 10
1 16
1 17
1 18
1 19
1 28
1 32
1 33
1 48
1 49
1 50
1 55
1 56
1 57
1 60
1 61
1 62
1 63
1 68
1 69
1 78
1 80
1 81
1 84
1 85
1 89
1 98
1 99
2 2
2 3
2 4
2 5
2 6
2 7
2 8
2 9
2 14
2 22
2 23
2 25
2 26
2 27
2 30
2 34
2 35
2 64
2 66
2 67
2 86
2 91
2 92
2 93
2 101
2 110
3 3
3 4
3 5
3 7
3 8
3 9
3 13
3 14
3 15
3 19
3 22
3 23
3 24
3 25
3 26
3 27
3 30
3 31
3 41
3 64
3 65
3 70
3 73
3 74
3 75
3 82
3 83
3 87
3 88
3 92
3 93
4 4
4 5
4 7
4 8
4 9
4 10
4 13
4 14
4 22
4 23
4 24
4 25
4 26
4 27
4 30
4 64
4 65
4 82
4 84
4 88
4 89
5 5
5 6
5 7
5 8
5 9
5 13
5 22
5 23
5 24
5 25
5 26
5 27
5 30
5 31
5 84
6 6
6 7
6 9
6 12
6 13
6 15
6 20
6 23
6 25
6 26
6 27
6 31
6 34
6 66
6 67
6 70
6 76
6 77
6 90
6 91
6 92
6 93
6 101
6 103
7 7
7 8
7 9
7 11
7 12
7 13
7 15
7 23
7 25
7 26
7 27
7 31
7 41
7 64
7 65
7 67
7 75
7 77
7 90
7 92
7 93
7 100
8 8
8 9
8 10
8 13
8 14
8 22
8 23
8 24
8 25
8 26
8 27
8 64
8 65
8 93
9 9
9 11
9 12
9 13
9 22
9 23
9 24
9 25
9 26
9 27
9 31
9 64
9 65
10 10
10 11
10 12
10 14
10 16
10 17
10 18
10 28
10 58
10 60
10 61
10 62
10 63
10 64
10 65
10 72
10 82
10 84
10 87
10 88
10 89
11 11
11 12
11 13
11 15
11 29
11 60
11 61
11 65
11 75
11 83
11 87
11 92
11 114
12 12
12 13
12 15
12 20
12 28
12 29
12 58
12 60
12 61
12 65
12 71
12 72
12 83
12 87
13 13
13 15
13 20
13 23
13 29
13 31
13 37
13 41
13 65
13 70
13 71
13 73
13 75
13 76
13 77
13 83
13 87
13 90
13 92
13 100
13 105
13 114
14 14
14 22
14 23
14 24
14 26
14 28
14 30
14 35
14 41
14 58
14 64
14 74
14 82
14 84
14 86
14 87
14 88
14 93
14 110
15 15
15 20
15 29
15 31
15 36
15 37
15 41
15 65
15 70
15 71
15 72
15 73
15 74
15 75
15 76
15 77
15 83
15 87
15 90
15 92
16 16
16 17
16 18
16 19
16 28
16 32
16 33
16 56
16 57
16 60
16 62
16 63
16 68
16 69
16 78
16 79
16 80
16 81
16 84
16 89
16 99
17 17
17 18
17 19
17 28
17 29
17 32
17 33
17 56
17 57
17 60
17 61
17 62
17 63
17 68
17 72
17 78
17 79
17 80
17 81
17 89
18 18
18 19
18 28
18 32
18 33
18 50
18 56
18 57
18 59
18 62
18 63
18 66
18 68
18 69
18 78
18 80
18 81
18 84
18 89
19 19
19 22
19 30
19 32
19 33
19 56
19 57
19 62
19 68
19 69
19 78
19 80
19 81
19 82
19 84
19 86
19 88
19 89
19 112
20 20
20 21
20 23
20 29
20 31
20 36
20 37
20 38
20 41
20 53
20 70
20 71
20 72
20 73
20 74
20 75
20 76
20 77
20 83
20 87
20 90
20 91
20 92
20 93
20 101
20 103
20 109
20 113
21 21
21 29
21 37
21 38
21 53
21 70
21 71
21 73
21 75
21 76
21 77
21 83
21 87
21 90
21 91
21 92
21 93
21 101
21 103
21 109
22 22
22 23
22 24
22 25
22 26
22 27
22 30
22 31
22 34
22 35
22 64
22 76
22 82
22 84
22 86
22 88
22 90
22 91
22 92
22 93
22 101
22 109
22 110
23 23
23 25
23 26
23 27
23 30
23 31
23 34
23 35
23 41
23 64
23 67
23 70
23 73
23 75
23 76
23 77
23 82
23 86
23 87
23 88
23 90
23 91
23 92
23 93
23 101
23 109
23 110
24 24
24 25
24 26
24 27
24 30
24 82
24 84
24 85
24 88
25 25
25 26
25 27
25 30
25 31
25 34
25 35
25 64
25 67
25 70
25 76
25 77
25 86
25 88
25 90
25 91
25 92
25 93
25 110
26 26
26 27
26 30
26 31
26 35
26 41
26 70
26 74
27 27
27 30
27 31
27 34
27 35
27 67
27 70
27 79
27 91
27 93
27 110
28 28
28 29
28 33
28 60
28 62
28 63
28 71
28 72
28 74
28 80
28 81
28 82
28 83
28 84
28 87
28 88
28 89
29 29
29 31
29 36
29 37
29 38
29 39
29 61
29 70
29 71
29 72
29 73
29 75
29 76
29 77
29 83
29 87
29 90
29 92
29 109
30 30
30 31
30 34
30 35
30 41
30 64
30 70
30 74
30 75
30 76
30 82
30 88
30 91
30 92
30 93
30 110
31 31
31 36
31 37
31 38
31 40
31 41
31 45
31 64
31 67
31 70
31 73
31 74
31 75
31 76
31 77
31 83
31 87
31 90
31 91
31 92
31 93
31 95
31 100
31 101
31 105
31 109
31 113
32 32
32 33
32 46
32 47
32 48
32 49
32 50
32 55
32 56
32 57
32 58
32 61
32 62
32 63
32 68
32 69
32 78
32 80
32 81
32 84
32 89
32 96
32 98
32 99
33 33
33 44
33 46
33 49
33 56
33 57
33 62
33 63
33 68
33 69
33 78
33 80
33 81
33 84
33 85
33 89
34 34
34 35
34 43
34 47
34 67
34 84
34 86
34 88
34 91
34 93
34 94
34 109
34 110
35 35
35 43
35 45
35 50
35 64
35 67
35 93
35 103
35 110
36 36
36 37
36 38
36 40
36 41
36 54
36 70
36 71
36 75
36 76
36 77
36 83
36 94
36 95
36 103
36 104
36 108
36 109
36 113
36 114
36 115
37 37
37 38
37 39
37 40
37 41
37 45
37 70
37 71
37 72
37 73
37 75
37 76
37 77
37 83
37 87
37 90
37 91
37 92
37 93
37 95
37 100
37 101
37 102
37 109
37 113
38 38
38 39
38 54
38 70
38 73
38 75
38 76
38 77
38 86
38 90
38 91
38 92
38 93
38 94
38 95
38 97
38 101
38 109
39 39
39 54
39 55
39 77
39 90
39 91
39 92
39 94
39 95
39 96
39 97
39 99
39 109
39 112
40 40
40 41
40 74
40 83
40 94
40 101
40 103
40 104
40 114
40 115
41 41
41 70
41 73
41 74
41 75
41 76
41 83
41 87
41 90
41 92
41 94
41 101
41 103
41 109
41 115
42 42
42 43
42 44
42 45
42 46
42 47
42 48
42 49
42 50
42 51
42 53
42 55
42 98
42 99
43 43
43 44
43 45
43 46
43 47
43 48
43 49
43 50
43 51
43 55
43 96
43 98
43 99
43 110
44 44
44 45
44 46
44 47
44 48
44 49
44 51
44 53
44 55
44 56
44 57
44 61
44 63
44 68
44 78
44 98
44 99
45 45
45 47
45 51
45 53
45 67
45 76
45 77
45 90
45 92
45 93
45 95
45 100
45 101
46 46
46 47
46 48
46 49
46 50
46 51
46 53
46 55
46 56
46 57
46 68
46 78
46 94
46 96
46 97
46 98
46 99
46 111
46 115
47 47
47 48
47 49
47 50
47 51
47 55
47 56
47 68
47 78
47 96
47 98
47 99
47 110
48 48
48 49
48 50
48 51
48 52
48 54
48 55
48 56
48 57
48 58
48 60
48 61
48 63
48 68
48 96
48 98
48 99
49 49
49 50
49 51
49 52
49 53
49 54
49 55
49 56
49 57
49 60
49 61
49 63
49 68
49 78
49 80
49 81
49 96
49 98
49 99
50 50
50 51
50 52
50 55
50 56
50 57
50 58
50 78
50 84
50 85
50 89
50 96
50 97
50 98
50 99
51 51
51 52
51 53
51 54
51 55
51 61
51 96
51 98
51 99
52 52
52 53
52 54
52 55
52 58
52 61
52 90
52 91
52 98
52 99
52 106
53 53
53 73
53 75
53 76
53 77
53 90
53 91
53 92
53 95
53 98
53 99
53 103
53 109
53 113
53 115
54 54
54 55
54 58
54 59
54 66
54 86
54 94
54 95
54 96
54 97
54 98
54 99
54 108
55 55
55 56
55 57
55 59
55 61
55 63
55 68
55 69
55 78
55 80
55 96
55 97
55 98
55 99
56 56
56 57
56 60
56 61
56 62
56 63
56 68
56 69
56 78
56 80
56 81
56 84
56 89
56 96
56 98
56 99
57 57
57 60
57 61
57 62
57 63
57 68
57 69
57 78
57 79
57 80
57 81
57 84
57 89
57 96
57 98
57 99
58 58
58 59
58 60
58 61
58 62
58 63
58 65
58 66
58 89
59 59
59 60
59 61
59 62
59 63
59 66
59 69
59 87
59 89
60 60
60 61
60 62
60 63
60 65
60 68
60 80
60 87
60 89
61 61
61 62
61 63
61 65
61 87
61 89
61 98
62 62
62 63
62 68
62 69
62 78
62 80
62 81
62 82
62 84
62 85
62 87
62 88
62 89
63 63
63 68
63 69
63 78
63 80
63 81
63 89
63 98
64 64
64 65
64 73
64 82
64 84
64 86
64 87
64 88
64 91
64 92
64 93
64 110
65 65
65 71
65 75
65 87
65 92
65 107
66 66
66 67
66 69
66 86
67 67
67 77
67 91
67 92
67 93
67 100
67 110
68 68
68 69
68 78
68 80
68 81
68 84
68 88
68 89
68 96
68 98
68 99
69 69
69 78
69 80
69 81
69 89
70 70
70 71
70 72
70 73
70 74
70 75
70 76
70 77
70 79
70 83
70 87
70 90
70 91
70 92
70 93
70 101
70 103
70 105
70 109
70 113
71 71
71 72
71 73
71 74
71 75
71 76
71 77
71 79
71 83
72 72
72 73
72 74
72 76
72 77
72 79
72 81
73 73
73 75
73 76
73 77
73 83
73 87
73 90
73 91
73 92
73 93
73 101
73 109
73 113
74 74
74 75
74 76
74 79
74 105
75 75
75 76
75 77
75 83
75 87
75 90
75 91
75 92
75 93
75 95
75 100
75 103
75 105
75 109
75 113
76 76
76 77
76 83
76 87
76 90
76 91
76 92
76 93
76 95
76 101
76 103
76 109
76 113
77 77
77 83
77 87
77 90
77 91
77 92
77 93
77 95
77 100
77 101
77 102
77 103
77 109
77 113
78 78
78 79
78 80
78 81
78 89
78 96
78 98
78 99
78 111
79 79
79 80
79 81
80 80
80 81
80 84
80 85
80 89
80 98
81 81
81 84
81 89
82 82
82 83
82 84
82 85
82 86
82 87
82 88
82 89
83 83
83 87
83 90
83 92
84 84
84 85
84 86
84 88
84 89
85 85
85 88
85 89
86 86
86 88
86 91
86 93
86 109
86 110
87 87
87 90
87 92
87 109
88 88
88 89
89 89
90 90
90 91
90 92
90 93
90 94
90 95
90 100
90 101
90 103
90 105
90 109
90 113
90 114
91 91
91 92
91 93
91 95
91 100
91 101
91 103
91 105
91 109
91 110
91 112
91 113
92 92
92 93
92 95
92 100
92 101
92 102
92 103
92 105
92 109
92 113
92 114
93 93
93 95
93 100
93 101
93 102
93 103
93 105
93 109
93 110
93 113
94 94
94 95
94 96
94 97
94 99
94 104
94 105
94 107
94 108
94 109
94 111
94 113
94 114
94 115
95 95
95 96
95 97
95 100
95 101
95 105
95 107
95 108
95 109
95 111
95 113
95 115
96 96
96 97
96 98
96 99
96 110
96 111
96 115
97 97
97 98
97 99
97 104
97 105
97 107
97 108
97 111
97 113
97 114
97 115
98 98
98 99
98 111
98 115
99 99
99 111
99 115
100 100
100 101
100 102
100 103
100 104
100 105
100 111
100 112
100 113
101 101
101 102
101 103
101 109
101 110
101 113
102 102
102 103
102 104
102 105
102 111
102 112
102 113
103 103
103 104
103 105
103 106
103 113
103 114
103 115
104 104
104 105
104 106
104 107
104 113
104 114
104 115
105 105
105 106
105 107
105 113
105 114
105 115
106 106
106 107
107 107
107 114
107 115
108 108
108 109
108 111
108 113
108 115
109 109
109 110
109 113
110 110
110 111
111 111
111 112
111 113
112 112
112 113
113 113
113 114
113 115
114 114
114 115
115 115
