0 0
0 1
0 6
0 8
0 9
0 10
0 11
0 12
0 13
0 34
0 48
0 51
0 52
0 58
0 60
0 61
0 65
0 88
0 93
0 101
1 1
1 3
1 11
1 15
1 16
1 17
1 18
1 29
1 32
1 33
1 37
1 56
1 57
1 59
1 60
1 61
1 62
1 63
1 65
1 72
1 73
1 74
1 75
1 76
1 77
1 89
1 102
1 108
1 111
2 2
2 3
2 6
2 7
2 13
2 31
2 32
2 64
2 66
2 67
2 76
2 77
2 93
2 102
2 109
2 113
3 3
3 7
3 11
3 13
3 18
3 19
3 22
3 23
3 30
3 31
3 42
3 43
3 46
3 47
3 50
3 69
3 71
3 74
3 75
3 76
3 77
3 89
3 91
3 92
3 93
3 111
3 112
3 113
3 114
4 4
4 5
4 6
4 8
4 10
4 26
4 27
4 34
4 35
4 45
4 48
4 67
4 88
4 91
4 92
4 93
4 97
4 99
4 100
4 104
4 106
4 110
4 113
4 115
5 5
5 9
5 24
5 25
5 26
5 27
5 34
5 35
5 65
5 67
5 88
5 92
5 93
5 104
5 110
6 6
6 7
6 8
6 9
6 10
6 11
6 12
6 13
6 15
6 48
6 52
6 58
6 60
6 61
6 64
6 65
6 66
6 76
6 77
6 109
6 112
6 113
7 7
7 8
7 9
7 11
7 13
7 49
7 51
7 60
7 61
7 64
7 65
7 66
7 76
7 77
7 90
7 92
7 100
7 102
7 113
8 8
8 9
8 11
8 12
8 13
8 14
8 15
8 34
8 35
8 48
8 52
8 58
8 60
8 64
8 65
8 66
8 100
8 104
8 115
9 9
9 11
9 13
9 15
9 17
9 58
9 60
9 61
9 64
9 65
9 76
9 100
9 104
9 115
10 10
10 11
10 12
10 13
10 14
10 22
10 35
10 42
10 43
10 44
10 45
10 46
10 47
10 48
10 49
10 50
10 51
10 52
10 61
10 75
10 88
10 91
10 92
10 93
10 101
10 112
10 113
11 11
11 12
11 13
11 15
11 42
11 43
11 47
11 60
11 61
11 64
11 65
11 74
11 75
11 76
11 77
11 89
11 111
11 112
11 113
11 114
12 12
12 13
12 14
12 22
12 23
12 42
12 43
12 46
12 47
12 48
12 49
12 50
12 61
12 75
12 89
12 93
12 109
12 112
12 113
13 13
13 15
13 42
13 43
13 47
13 61
13 64
13 65
13 74
13 75
13 76
13 77
13 92
13 93
13 101
13 112
13 113
13 114
14 14
14 15
14 28
14 38
14 40
14 54
14 55
14 82
14 83
14 85
14 87
14 89
15 15
15 17
15 28
15 29
15 32
15 33
15 36
15 40
15 60
15 61
15 62
15 63
15 64
15 65
15 72
15 75
15 76
15 77
15 83
16 16
16 17
16 19
16 28
16 29
16 30
16 32
16 33
16 36
16 56
16 57
16 62
16 63
16 72
16 73
16 74
16 75
16 76
16 78
16 79
16 80
16 81
16 94
16 95
16 107
16 108
16 109
16 111
16 112
16 114
17 17
17 28
17 29
17 32
17 33
17 36
17 37
17 40
17 56
17 57
17 60
17 62
17 63
17 64
17 72
17 73
17 74
17 76
17 77
17 78
17 79
17 80
17 81
17 83
18 18
18 19
18 23
18 30
18 31
18 32
18 33
18 56
18 57
18 62
18 63
18 73
18 74
18 75
18 76
18 77
18 86
18 89
18 114
19 19
19 22
19 23
19 30
19 31
19 56
19 68
19 69
19 74
19 84
19 86
19 89
19 103
19 105
19 107
19 109
19 112
19 114
20 20
20 21
20 25
20 27
20 28
20 29
20 36
20 37
20 38
20 39
20 40
20 41
20 54
20 55
20 80
20 82
20 83
20 85
20 87
20 94
20 97
20 106
21 21
21 24
21 25
21 26
21 27
21 36
21 38
21 39
21 41
21 54
21 55
21 78
21 79
21 80
21 81
21 83
21 85
21 87
21 94
21 96
21 97
21 106
21 110
22 22
22 23
22 24
22 25
22 26
22 27
22 30
22 42
22 43
22 44
22 45
22 46
22 47
22 48
22 49
22 50
22 51
22 70
22 71
22 88
22 89
22 90
22 91
22 92
22 93
22 96
22 98
22 112
22 113
23 23
23 24
23 25
23 26
23 27
23 30
23 31
23 42
23 43
23 45
23 46
23 47
23 49
23 50
23 51
23 55
23 69
23 70
23 71
23 86
23 88
23 89
23 90
23 91
23 92
23 93
23 96
23 98
23 113
24 24
24 25
24 26
24 27
24 30
24 31
24 45
24 56
24 67
24 69
24 96
24 110
25 25
25 26
25 27
25 30
25 38
25 39
25 41
25 54
25 55
25 67
25 69
25 71
25 82
25 84
25 85
25 87
25 89
25 94
25 96
25 97
25 106
25 110
26 26
26 27
26 35
26 67
26 87
26 88
26 91
26 92
26 96
26 97
26 98
26 99
26 110
27 27
27 35
27 41
27 55
27 67
27 69
27 85
27 87
27 88
27 91
27 92
27 96
27 97
27 99
27 110
28 28
28 29
28 32
28 33
28 36
28 37
28 38
28 39
28 40
28 41
28 56
28 57
28 62
28 63
28 72
28 73
28 75
28 76
28 78
28 79
28 80
28 81
28 82
28 83
28 84
28 85
28 87
28 94
28 97
29 29
29 32
29 33
29 36
29 37
29 38
29 39
29 40
29 41
29 56
29 57
29 62
29 63
29 72
29 73
29 74
29 76
29 78
29 79
29 80
29 81
29 83
29 84
29 85
29 94
30 30
30 31
30 33
30 56
30 57
30 63
30 71
30 74
30 75
30 78
30 79
30 81
30 84
30 86
30 89
30 96
30 107
30 112
30 114
31 31
31 32
31 33
31 56
31 57
31 62
31 63
31 64
31 74
31 76
31 77
31 78
31 79
31 80
31 81
31 96
31 107
31 112
32 32
32 33
32 36
32 37
32 56
32 57
32 59
32 60
32 62
32 63
32 64
32 66
32 68
32 72
32 74
32 76
32 77
32 78
32 80
32 81
32 83
32 85
33 33
33 36
33 40
33 56
33 57
33 60
33 62
33 63
33 64
33 68
33 72
33 74
33 76
33 78
33 79
33 80
33 81
33 83
34 34
34 35
34 45
34 48
34 54
34 58
34 66
34 67
34 88
34 93
34 104
34 110
35 35
35 41
35 45
35 48
35 50
35 51
35 52
35 58
35 67
35 87
35 88
35 90
35 91
35 92
35 93
35 99
35 104
35 110
36 36
36 37
36 38
36 39
36 40
36 41
36 54
36 56
36 57
36 59
36 62
36 63
36 72
36 78
36 79
36 80
36 81
36 82
36 83
36 84
36 85
36 87
36 97
37 37
37 38
37 39
37 40
37 41
37 54
37 57
37 59
37 62
37 63
37 72
37 78
37 80
37 81
37 83
37 85
37 87
37 97
37 104
38 38
38 39
38 40
38 41
38 54
38 55
38 57
38 72
38 80
38 81
38 82
38 83
38 84
38 85
38 87
38 97
39 39
39 40
39 41
39 54
39 55
39 59
39 72
39 78
39 80
39 81
39 82
39 83
39 85
39 87
39 94
39 97
39 106
40 40
40 41
40 54
40 57
40 58
40 59
40 68
40 72
40 78
40 80
40 81
40 82
40 83
40 85
40 86
40 87
40 97
40 104
40 106
41 41
41 54
41 59
41 82
41 83
41 85
41 87
41 97
41 101
41 104
41 106
41 115
42 42
42 43
42 44
42 45
42 46
42 47
42 48
42 49
42 50
42 51
42 53
42 55
42 71
42 75
42 90
42 91
42 92
42 93
42 96
42 98
42 99
42 111
42 112
42 113
43 43
43 44
43 45
43 46
43 47
43 48
43 49
43 50
43 51
43 71
43 75
43 90
43 91
43 92
43 93
43 96
43 98
43 99
43 111
43 112
43 113
44 44
44 45
44 46
44 47
44 48
44 49
44 50
44 51
44 90
44 91
44 93
44 98
44 103
44 105
44 109
44 112
44 113
45 45
45 46
45 47
45 48
45 49
45 50
45 51
45 67
45 91
45 92
45 93
45 103
45 105
45 107
45 110
45 112
45 113
46 46
46 47
46 48
46 49
46 50
46 51
46 53
46 55
46 71
46 90
46 91
46 93
46 96
46 98
46 113
47 47
47 48
47 49
47 50
47 51
47 71
47 75
47 90
47 91
47 92
47 93
47 96
47 98
47 99
47 111
47 112
47 113
48 48
48 49
48 50
48 51
48 52
48 58
48 65
48 88
48 90
48 91
48 92
48 93
48 98
48 99
48 103
48 104
49 49
49 50
49 51
49 90
49 91
49 93
49 98
49 99
49 103
49 112
50 50
50 51
50 52
50 53
50 55
50 88
50 90
50 91
50 92
50 93
50 98
50 99
50 103
50 112
50 113
51 51
51 52
51 53
51 55
51 58
51 65
51 70
51 88
51 90
51 91
51 92
51 93
51 98
51 99
52 52
52 54
52 58
52 60
52 61
52 65
52 90
52 91
52 92
52 93
52 104
52 106
53 53
53 55
53 91
53 98
54 54
54 55
54 58
54 67
54 68
54 81
54 82
54 83
54 85
54 86
54 87
54 97
54 106
55 55
55 85
55 87
55 89
55 96
55 98
56 56
56 57
56 62
56 63
56 72
56 74
56 76
56 77
56 78
56 79
56 80
56 81
56 84
56 108
57 57
57 59
57 62
57 63
57 72
57 73
57 76
57 77
57 78
57 79
57 80
57 81
57 108
57 111
58 58
58 59
58 60
58 61
58 65
58 66
58 68
58 90
58 104
58 115
59 59
59 60
59 61
59 62
59 63
59 65
59 66
59 72
59 102
59 104
59 115
60 60
60 61
60 62
60 63
60 64
60 65
60 66
60 68
60 72
60 76
60 77
61 61
61 62
61 63
61 65
61 73
61 75
61 76
61 77
61 89
61 102
62 62
62 63
62 64
62 72
62 73
62 74
62 75
62 76
62 77
62 78
62 79
62 80
62 81
62 83
62 107
62 109
63 63
63 64
63 65
63 72
63 73
63 74
63 75
63 76
63 77
63 78
63 79
63 80
63 81
63 83
63 102
64 64
64 65
64 66
64 76
64 77
64 100
64 112
65 65
65 66
65 90
65 102
65 104
65 115
66 66
66 67
66 90
66 102
66 103
66 104
66 115
67 67
67 69
67 85
67 97
67 103
67 110
68 68
68 69
68 82
68 86
69 69
69 84
69 86
69 88
69 89
69 96
70 70
70 71
70 91
70 93
70 113
71 71
72 72
72 73
72 74
72 76
72 77
72 78
72 79
72 80
72 81
72 83
72 85
72 94
73 73
73 74
73 75
73 76
73 77
73 79
73 81
73 95
73 102
73 109
73 114
74 74
74 75
74 76
74 77
74 79
74 102
74 107
74 108
74 109
74 112
74 114
75 75
75 76
75 77
75 89
75 109
75 112
75 113
75 114
76 76
76 77
76 95
76 102
76 108
76 109
76 111
76 112
76 113
76 114
77 77
77 102
77 109
77 111
77 113
78 78
78 79
78 80
78 81
78 83
78 84
78 85
78 94
78 96
78 97
78 107
79 79
79 80
79 81
79 83
79 84
79 85
79 94
79 107
79 114
80 80
80 81
80 82
80 83
80 84
80 85
80 94
80 97
80 107
81 81
81 83
81 84
81 85
81 94
81 97
81 107
82 82
82 83
82 84
82 85
82 86
82 87
82 88
82 97
82 100
82 106
83 83
83 84
83 85
83 87
83 94
83 97
83 106
84 84
84 85
84 86
84 88
84 94
84 97
84 107
84 114
85 85
85 87
85 94
85 97
86 86
86 88
86 89
87 87
87 88
87 97
87 101
87 104
87 106
88 88
88 89
88 92
89 89
89 114
90 90
90 91
90 92
90 93
90 98
90 99
90 103
90 104
90 113
91 91
91 92
91 93
91 98
91 99
91 103
91 104
91 106
91 110
91 113
92 92
92 93
92 99
92 101
92 102
92 104
92 113
92 114
93 93
93 95
93 98
93 99
93 101
93 103
93 105
93 110
93 111
93 112
93 113
94 94
94 95
94 97
94 105
94 107
94 108
94 114
95 95
95 105
95 107
95 108
95 109
95 110
95 113
95 114
96 96
96 98
96 99
96 109
96 110
96 113
97 97
97 99
97 106
97 110
97 115
98 98
98 99
98 104
98 111
98 113
99 99
99 103
99 104
99 106
99 110
99 115
100 100
100 102
100 106
100 115
101 101
101 104
102 102
102 104
102 108
102 115
103 103
103 104
103 105
103 110
103 115
104 104
104 115
105 105
105 107
105 108
105 109
105 110
105 114
106 106
106 110
106 115
107 107
107 109
107 114
108 108
108 109
108 111
108 112
108 114
109 109
109 111
109 112
109 113
109 114
110 110
110 115
111 111
111 112
111 113
112 112
112 113
113 113
113 114
114 114
115 115
