0 0
0 1
0 16
0 19
0 50
0 52
0 56
0 57
0 58
0 68
0 74
0 76
0 88
0 90
0 100
0 102
0 103
0 104
0 105
1 1
1 10
1 13
1 16
1 17
1 18
1 19
1 32
1 57
1 58
1 59
1 60
1 61
1 62
1 63
1 65
1 68
1 72
1 74
1 79
1 80
1 81
1 90
1 92
1 98
1 100
1 101
1 102
1 103
1 104
1 106
2 2
2 4
2 6
2 8
2 9
2 12
2 14
2 22
2 23
2 24
2 25
2 26
2 27
2 35
2 45
2 48
2 50
2 52
2 67
2 84
2 88
2 93
2 94
2 108
3 3
3 5
3 11
3 20
3 23
3 25
3 26
3 27
3 30
3 31
3 38
3 42
3 46
3 47
3 49
3 51
3 53
3 54
3 55
3 71
3 82
3 83
3 84
3 85
3 87
3 89
3 90
3 91
3 97
3 98
3 99
3 112
4 4
4 5
4 6
4 7
4 8
4 9
4 11
4 13
4 15
4 20
4 21
4 26
4 27
4 30
4 31
4 41
4 64
4 71
4 109
5 5
5 7
5 9
5 11
5 13
5 15
5 20
5 21
5 23
5 25
5 26
5 27
5 41
5 54
5 83
5 87
5 92
6 6
6 7
6 8
6 9
6 12
6 13
6 14
6 15
6 17
6 20
6 28
6 29
6 30
6 31
6 33
6 35
6 40
6 44
6 60
6 64
6 70
6 71
6 81
6 108
7 7
7 8
7 9
7 11
7 12
7 13
7 14
7 15
7 20
7 29
7 31
7 33
7 40
7 41
7 64
7 65
7 71
8 8
8 12
8 14
8 22
8 23
8 24
8 30
8 31
8 42
8 44
8 49
8 64
8 70
8 71
8 82
8 93
8 101
9 9
9 11
9 13
9 14
9 15
9 20
9 21
9 23
9 25
9 50
9 52
9 53
9 69
9 70
9 92
10 10
10 12
10 14
10 16
10 19
10 28
10 61
10 63
10 64
10 71
10 98
11 11
11 12
11 13
11 14
11 15
11 20
11 53
11 54
11 65
11 71
11 83
11 85
11 89
11 92
11 100
12 12
12 13
12 14
12 15
12 22
12 28
12 30
12 31
12 35
12 44
12 50
12 64
12 70
12 71
13 13
13 15
13 17
13 29
13 33
13 60
13 61
13 64
13 65
13 71
13 92
13 100
14 14
14 15
14 20
14 22
14 23
14 24
14 25
14 30
14 31
14 35
14 42
14 50
14 64
14 70
14 82
15 15
15 17
15 20
15 29
15 41
15 60
15 64
15 71
15 83
16 16
16 17
16 18
16 19
16 28
16 29
16 32
16 36
16 37
16 40
16 56
16 57
16 60
16 61
16 62
16 63
16 64
16 72
16 73
16 74
16 75
16 76
16 79
16 80
16 81
16 98
16 100
16 101
16 102
16 103
16 112
16 114
17 17
17 19
17 28
17 29
17 32
17 33
17 36
17 40
17 57
17 60
17 61
17 62
17 63
17 64
17 71
17 72
17 73
17 74
17 75
17 79
17 80
17 81
17 100
17 101
17 102
17 103
17 105
17 114
18 18
18 19
18 28
18 32
18 34
18 37
18 44
18 59
18 61
18 62
18 63
18 66
18 72
18 95
18 98
18 102
18 103
18 111
18 112
19 19
19 32
19 83
19 89
19 90
19 91
19 98
19 104
19 109
19 112
20 20
20 21
20 23
20 25
20 26
20 27
20 30
20 31
20 40
20 41
20 64
20 71
20 83
20 87
20 94
20 95
20 96
20 97
20 109
20 110
21 21
21 23
21 24
21 25
21 26
21 27
21 30
21 31
21 39
21 41
21 43
21 47
21 51
21 53
21 83
21 87
21 94
21 95
21 96
21 97
21 109
21 110
22 22
22 23
22 24
22 25
22 26
22 27
22 30
22 31
22 34
22 35
22 42
22 43
22 45
22 46
22 47
22 48
22 50
22 51
22 53
22 67
22 70
22 82
22 84
22 85
22 88
22 89
22 93
22 94
22 96
22 108
23 23
23 24
23 25
23 26
23 27
23 30
23 31
23 35
23 43
23 46
23 47
23 50
23 51
23 52
23 53
23 70
23 82
23 83
23 84
23 85
23 87
23 89
23 91
23 94
24 24
24 25
24 26
24 27
24 30
24 31
24 34
24 35
24 43
24 45
24 46
24 47
24 50
24 51
24 53
24 67
24 70
24 82
24 84
24 85
24 87
24 88
24 89
24 94
24 96
25 25
25 26
25 27
25 30
25 31
25 35
25 39
25 43
25 46
25 47
25 50
25 51
25 52
25 53
25 70
25 82
25 84
25 85
25 87
25 89
25 94
25 96
26 26
26 27
26 39
26 43
26 47
26 50
26 51
26 53
26 54
26 67
26 82
26 83
26 85
26 86
26 87
26 89
26 94
26 96
26 97
26 109
26 110
27 27
27 38
27 39
27 43
27 47
27 50
27 51
27 52
27 53
27 54
27 82
27 84
27 86
27 87
27 89
27 91
27 94
27 96
27 97
27 110
28 28
28 29
28 30
28 31
28 36
28 37
28 40
28 44
28 49
28 57
28 60
28 62
28 63
28 64
28 71
28 72
28 73
28 75
28 79
28 81
28 101
29 29
29 32
29 33
29 36
29 37
29 40
29 41
29 57
29 60
29 61
29 62
29 63
29 64
29 71
29 72
29 73
29 74
29 75
29 77
29 78
29 79
29 80
29 81
29 100
29 102
29 103
29 105
30 30
30 31
30 34
30 35
30 40
30 42
30 43
30 44
30 46
30 55
30 64
30 70
30 71
30 82
30 83
30 84
30 94
31 31
31 38
31 40
31 42
31 46
31 47
31 53
31 55
31 64
31 71
31 82
31 83
31 84
31 94
31 108
32 32
32 33
32 36
32 57
32 58
32 59
32 60
32 61
32 62
32 63
32 66
32 68
32 72
32 80
32 81
32 100
32 102
32 112
33 33
33 35
33 41
33 57
33 59
33 60
33 61
33 62
33 63
33 64
33 65
33 66
33 68
33 69
33 71
33 72
33 78
33 79
33 80
33 81
33 102
33 110
34 34
34 35
34 42
34 43
34 44
34 45
34 50
34 67
34 82
34 84
34 85
34 115
35 35
35 43
35 45
35 50
35 65
35 67
35 70
35 85
35 108
35 115
36 36
36 37
36 38
36 40
36 41
36 72
36 73
36 74
36 76
36 78
36 79
36 80
36 81
36 96
36 97
37 37
37 39
37 41
37 42
37 47
37 55
37 62
37 72
37 73
37 74
37 75
37 76
37 78
37 79
37 80
37 81
37 96
37 102
38 38
38 39
38 40
38 48
38 49
38 51
38 53
38 54
38 55
38 82
38 83
38 85
38 86
38 89
38 94
38 96
38 97
38 108
38 115
39 39
39 42
39 43
39 46
39 47
39 48
39 49
39 51
39 52
39 53
39 54
39 55
39 85
39 86
39 87
39 89
39 94
39 96
39 97
39 108
39 115
40 40
40 41
40 64
40 71
40 72
40 75
40 83
40 97
40 109
40 113
40 114
41 41
41 72
41 73
41 74
41 78
41 79
41 80
41 81
41 83
41 94
41 95
41 96
41 106
41 109
41 110
41 111
42 42
42 43
42 44
42 45
42 46
42 47
42 48
42 49
42 55
42 82
42 84
42 85
42 98
42 99
42 108
42 111
42 112
43 43
43 44
43 45
43 46
43 47
43 48
43 49
43 50
43 51
43 55
43 67
43 82
43 84
43 85
43 94
43 96
43 97
43 108
44 44
44 45
44 47
44 48
44 49
44 55
44 64
44 67
44 98
44 111
45 45
45 47
45 48
45 49
45 50
45 65
45 67
45 85
45 111
46 46
46 47
46 48
46 49
46 50
46 51
46 53
46 54
46 55
46 82
46 83
46 84
46 85
46 87
46 89
46 90
46 91
46 94
46 95
46 96
46 98
46 99
46 112
46 113
47 47
47 49
47 51
47 53
47 55
47 82
47 86
47 96
47 97
47 98
47 99
47 111
48 48
48 49
48 50
48 51
48 52
48 54
48 55
48 58
48 65
48 96
48 100
48 107
48 108
49 49
49 51
49 54
49 55
49 82
49 98
49 99
49 100
49 102
49 111
49 112
50 50
50 51
50 52
50 53
50 67
50 70
50 84
50 85
50 88
50 89
50 92
50 94
50 96
51 51
51 52
51 53
51 54
51 55
51 58
51 65
51 82
51 86
51 87
51 89
51 90
51 91
51 94
51 96
51 97
51 99
51 100
51 113
52 52
52 53
52 54
52 58
52 65
52 68
52 69
52 87
52 88
52 89
52 90
52 91
52 92
52 113
53 53
53 54
53 55
53 69
53 82
53 86
53 87
53 89
53 90
53 91
53 94
53 113
54 54
54 55
54 83
54 86
54 87
54 89
54 90
54 91
54 96
54 97
55 55
55 82
55 83
55 84
55 85
55 87
55 89
55 94
55 97
55 98
55 99
55 100
55 112
56 56
56 57
56 58
56 68
56 74
56 76
56 84
56 99
56 101
56 104
56 105
56 106
56 107
56 112
57 57
57 58
57 59
57 60
57 61
57 62
57 63
57 66
57 68
57 69
57 72
57 74
57 76
57 77
57 78
57 79
57 80
57 81
57 98
57 101
57 102
57 103
57 107
57 112
58 58
58 59
58 60
58 61
58 62
58 63
58 66
58 68
58 69
58 76
58 86
58 87
58 91
58 95
58 100
58 101
58 102
58 103
58 104
58 105
58 106
59 59
59 60
59 61
59 62
59 63
59 66
59 67
59 68
59 69
59 78
59 79
59 80
59 81
59 86
59 91
59 101
59 102
59 103
59 104
59 111
60 60
60 61
60 62
60 63
60 64
60 65
60 66
60 72
60 79
60 81
60 101
60 102
60 103
60 104
61 61
61 62
61 63
61 64
61 65
61 66
61 72
61 78
61 79
61 80
61 81
61 98
61 101
61 102
61 103
61 104
62 62
62 63
62 66
62 72
62 76
62 78
62 79
62 80
62 81
62 101
62 102
62 103
62 104
63 63
63 64
63 66
63 72
63 78
63 79
63 80
63 81
63 101
63 102
63 103
64 64
64 71
64 72
64 81
64 101
65 65
65 92
65 100
66 66
66 67
66 68
66 69
66 78
66 79
66 80
66 86
66 101
66 102
66 103
66 104
66 107
66 110
66 111
67 67
67 84
67 88
67 93
67 110
67 111
68 68
68 69
68 74
68 76
68 86
68 91
68 102
68 103
68 104
68 105
68 106
68 107
68 110
68 114
69 69
69 74
69 76
69 86
69 90
69 91
69 107
69 110
69 114
70 70
70 75
70 82
70 84
70 85
70 89
71 71
71 72
71 73
71 75
71 77
71 83
71 105
71 114
72 72
72 73
72 74
72 75
72 76
72 77
72 78
72 79
72 80
72 81
72 102
72 103
72 105
72 106
72 114
73 73
73 74
73 75
73 76
73 77
73 78
73 79
73 80
73 81
73 100
73 102
73 105
73 106
74 74
74 75
74 76
74 77
74 78
74 79
74 80
74 81
74 102
74 104
74 105
74 106
75 75
75 76
75 77
75 101
75 103
75 105
75 106
75 109
75 113
76 76
76 77
76 79
76 98
76 102
76 103
76 104
76 105
76 106
76 107
76 114
77 77
77 100
77 105
77 107
77 113
77 114
78 78
78 79
78 80
78 81
78 107
78 108
79 79
79 80
79 81
79 101
79 102
79 103
79 107
80 80
80 81
80 101
80 107
80 111
81 81
81 101
81 102
81 103
81 111
82 82
82 83
82 84
82 87
82 91
83 83
83 85
83 87
83 89
83 97
83 109
84 84
84 85
84 88
84 89
84 94
85 85
85 87
85 89
85 94
85 96
85 97
85 108
86 86
86 87
86 90
86 91
86 96
86 97
86 99
86 102
86 104
86 106
86 107
86 114
86 115
87 87
87 89
87 90
87 91
87 92
87 94
87 95
87 97
87 106
87 113
88 88
88 89
88 91
88 92
88 93
89 89
89 90
89 91
89 92
89 96
89 112
89 113
90 90
90 91
90 92
90 93
90 98
90 99
90 112
90 113
90 114
91 91
91 92
91 93
91 98
91 99
91 112
91 113
91 114
92 92
92 93
92 113
93 93
93 101
93 103
93 113
94 94
94 95
94 96
94 97
94 108
94 115
95 95
95 96
95 97
95 106
95 109
95 110
95 111
95 112
95 113
96 96
96 97
96 108
96 109
96 110
96 115
97 97
97 99
97 109
97 110
97 115
98 98
98 99
98 102
98 103
98 111
98 112
99 99
99 100
99 103
99 111
99 112
99 113
100 100
100 102
101 101
101 102
101 103
101 104
101 106
102 102
102 103
102 104
102 112
103 103
103 104
103 105
103 107
103 110
103 112
104 104
104 105
104 106
105 105
105 106
105 107
105 114
106 106
107 107
107 114
107 115
108 108
108 115
109 109
109 110
109 113
110 110
111 111
111 112
112 112
112 113
113 113
113 114
113 115
114 114
114 115
115 115
