0 0
0 2
0 3
0 6
0 7
0 10
0 11
0 14
0 18
0 22
0 24
0 25
0 30
0 31
0 34
0 35
0 44
0 45
0 50
0 64
0 85
0 88
0 93
1 1
1 11
1 13
1 15
1 17
1 29
1 44
1 45
1 48
1 49
1 51
1 52
1 59
1 63
1 65
1 67
1 81
1 95
1 96
2 2
2 3
2 4
2 6
2 7
2 8
2 10
2 14
2 18
2 22
2 23
2 24
2 25
2 30
2 31
2 34
2 35
2 50
2 64
2 82
2 85
2 88
2 89
2 93
3 3
3 4
3 6
3 7
3 8
3 11
3 14
3 15
3 18
3 22
3 23
3 24
3 25
3 30
3 31
3 34
3 35
3 45
3 50
3 64
3 85
3 88
4 4
4 5
4 6
4 7
4 8
4 9
4 19
4 23
4 52
4 63
4 66
4 67
4 69
4 82
4 83
5 5
5 6
5 8
5 9
5 12
5 13
5 27
5 62
5 63
5 64
5 65
5 69
6 6
6 7
6 8
6 14
6 18
6 22
6 23
6 30
6 31
6 33
6 34
6 35
6 45
6 50
6 53
6 64
7 7
7 8
7 9
7 15
7 23
7 31
7 33
7 35
7 43
7 44
7 45
7 67
7 85
8 8
8 9
8 15
8 19
8 23
8 52
8 53
8 54
8 67
8 83
9 9
9 15
9 19
9 23
9 62
9 63
9 67
9 69
10 10
10 11
10 12
10 13
10 14
10 16
10 17
10 18
10 20
10 21
10 22
10 24
10 26
10 27
10 28
10 30
10 34
10 41
10 50
10 64
10 70
10 75
10 76
10 84
10 85
10 88
11 11
11 13
11 14
11 15
11 17
11 23
11 24
11 25
11 28
11 29
11 31
11 34
11 39
11 41
11 45
11 64
11 71
11 84
11 85
11 95
11 108
11 114
11 115
12 12
12 13
12 14
12 15
12 16
12 17
12 20
12 21
12 23
12 27
12 38
12 41
12 61
12 63
12 64
12 65
12 88
13 13
13 14
13 15
13 17
13 34
13 39
13 41
13 48
13 61
13 63
13 64
13 65
13 74
13 75
13 76
13 77
13 100
13 105
13 114
13 115
14 14
14 15
14 16
14 17
14 18
14 20
14 22
14 23
14 28
14 30
14 35
14 64
14 70
14 82
14 88
14 93
15 15
15 17
15 23
15 35
15 48
15 64
15 65
16 16
16 17
16 18
16 28
16 29
16 41
16 57
16 61
16 62
16 63
16 74
16 75
16 80
16 81
16 82
16 84
16 87
16 88
16 106
17 17
17 19
17 28
17 29
17 41
17 57
17 61
17 62
17 63
17 65
17 71
17 75
17 77
17 80
17 81
17 83
18 18
18 19
18 20
18 22
18 24
18 26
18 27
18 28
18 30
18 31
18 33
18 70
18 82
18 83
18 84
18 85
18 88
18 93
19 19
19 28
19 29
19 62
19 63
19 69
19 80
19 81
19 82
19 83
19 85
19 91
19 93
20 20
20 21
20 22
20 24
20 26
20 27
20 28
20 30
20 31
20 34
20 37
20 38
20 40
20 41
20 64
20 70
20 71
20 72
20 74
20 75
20 76
20 78
20 84
20 88
20 101
20 102
20 103
20 104
20 105
20 106
20 109
20 113
20 114
20 115
21 21
21 26
21 27
21 28
21 30
21 38
21 40
21 41
21 70
21 71
21 72
21 74
21 75
21 78
21 80
21 84
21 88
21 101
21 102
21 103
21 104
21 105
21 106
21 113
21 114
22 22
22 23
22 24
22 25
22 26
22 27
22 30
22 31
22 33
22 34
22 35
22 50
22 82
22 85
22 88
22 89
22 110
23 23
23 24
23 25
23 30
23 31
23 34
23 35
23 48
23 50
23 64
23 85
23 88
24 24
24 25
24 30
24 31
24 35
24 43
24 50
24 82
24 84
24 85
24 88
24 89
25 25
25 30
25 31
25 34
25 35
25 43
25 45
25 50
25 67
25 84
25 85
25 88
26 26
26 27
26 28
26 30
26 32
26 38
26 40
26 41
26 60
26 61
26 63
26 66
26 69
26 70
26 71
26 72
26 74
26 75
26 78
26 88
26 102
26 103
26 104
26 105
26 106
27 27
27 28
27 30
27 32
27 34
27 41
27 60
27 70
27 71
27 72
27 74
27 75
27 78
27 79
27 88
27 93
27 101
27 102
27 103
27 104
27 105
27 106
27 113
27 114
27 115
28 28
28 29
28 30
28 31
28 36
28 37
28 41
28 70
28 71
28 72
28 75
28 76
28 78
28 79
28 80
28 81
28 82
28 84
28 93
28 101
28 102
28 103
28 105
28 108
28 114
28 115
29 29
29 36
29 37
29 39
29 41
29 71
29 72
29 73
29 75
29 76
29 77
29 78
29 79
29 80
29 81
29 95
29 102
29 103
29 104
29 105
29 114
29 115
30 30
30 31
30 33
30 34
30 35
30 38
30 50
30 70
30 71
30 72
30 82
30 84
30 85
30 88
30 93
31 31
31 33
31 34
31 35
31 43
31 45
31 50
31 67
31 71
31 84
31 85
31 88
31 108
32 32
32 33
32 42
32 46
32 47
32 56
32 58
32 60
32 68
32 69
32 72
32 73
32 74
32 75
32 76
32 78
32 80
32 87
32 98
32 99
32 101
32 102
32 103
32 106
32 111
32 112
33 33
33 34
33 35
33 47
33 68
33 110
34 34
34 35
34 45
34 50
34 64
34 88
34 96
34 114
35 35
35 45
35 50
35 67
35 85
35 88
36 36
36 37
36 39
36 40
36 41
36 55
36 70
36 71
36 72
36 73
36 74
36 75
36 76
36 77
36 78
36 79
36 80
36 81
36 84
36 97
36 100
36 101
36 102
36 103
36 104
36 109
36 113
36 115
37 37
37 38
37 39
37 41
37 55
37 70
37 71
37 72
37 73
37 74
37 75
37 76
37 77
37 78
37 79
37 92
37 95
37 97
37 100
37 101
37 102
37 103
37 104
37 105
37 107
37 108
37 109
37 111
37 113
37 114
37 115
38 38
38 39
38 54
38 55
38 70
38 71
38 72
38 79
38 84
38 94
38 95
38 96
38 97
38 104
38 105
38 107
38 108
38 109
38 115
39 39
39 41
39 44
39 48
39 49
39 54
39 55
39 64
39 65
39 71
39 79
39 94
39 95
39 96
39 97
39 105
39 107
39 108
39 114
39 115
40 40
40 41
40 70
40 71
40 76
40 77
40 80
40 83
40 109
41 41
41 70
41 71
41 72
41 73
41 74
41 75
41 76
41 77
41 80
41 81
41 84
41 102
41 105
41 109
41 113
41 114
41 115
42 42
42 43
42 44
42 46
42 47
42 50
42 52
42 53
42 54
42 55
42 86
42 96
42 98
42 99
42 110
43 43
43 44
43 45
43 46
43 47
43 48
43 49
43 50
43 51
43 54
43 55
43 67
43 96
43 98
43 110
44 44
44 45
44 48
44 49
44 51
44 52
44 55
44 66
44 67
44 96
44 97
44 100
45 45
45 48
45 49
45 50
45 67
45 85
45 96
45 97
45 108
46 46
46 47
46 49
46 51
46 54
46 55
46 68
46 90
46 96
46 98
46 99
46 110
46 111
47 47
47 51
47 53
47 55
47 56
47 68
47 76
47 90
47 91
47 92
47 94
47 96
47 98
47 99
47 101
47 110
47 111
47 112
48 48
48 49
48 50
48 51
48 52
48 54
48 55
48 59
48 64
48 65
48 67
48 96
49 49
49 51
49 52
49 54
49 55
49 95
49 96
49 97
49 98
49 107
50 50
50 64
50 85
50 88
50 96
50 100
50 110
51 51
51 52
51 53
51 54
51 55
51 89
51 90
51 96
51 98
51 99
51 111
52 52
52 54
52 55
52 56
52 58
52 59
52 60
52 61
52 62
52 63
52 66
52 68
52 69
52 86
52 90
52 98
52 107
53 53
53 54
53 82
53 86
53 89
53 90
53 91
53 92
53 99
53 111
53 112
54 54
54 55
54 59
54 89
54 90
54 96
54 97
54 98
55 55
55 90
55 95
55 96
55 97
55 98
55 99
55 107
55 108
55 109
55 111
55 115
56 56
56 57
56 58
56 59
56 60
56 61
56 62
56 63
56 68
56 69
56 72
56 73
56 74
56 78
56 80
56 86
56 87
56 90
56 91
56 98
56 99
56 101
56 102
56 103
56 104
56 106
56 111
56 112
57 57
57 58
57 59
57 60
57 61
57 62
57 63
57 68
57 69
57 80
57 81
57 86
57 89
57 106
58 58
58 59
58 60
58 61
58 62
58 63
58 66
58 68
58 69
58 78
58 86
58 87
58 89
58 90
58 91
58 98
58 99
58 106
59 59
59 60
59 61
59 62
59 63
59 66
59 67
59 68
59 69
59 98
59 107
60 60
60 61
60 62
60 63
60 66
60 68
60 69
60 74
60 78
60 80
60 81
60 90
60 91
60 99
60 103
60 104
60 106
60 112
61 61
61 62
61 63
61 65
61 68
61 69
61 74
61 75
61 89
61 106
62 62
62 63
62 66
62 68
62 69
62 75
62 80
62 81
62 86
63 63
63 65
63 68
63 69
63 74
63 75
63 80
63 81
64 64
64 65
64 108
64 115
65 65
66 66
66 67
66 68
66 69
67 67
67 85
67 96
68 68
68 69
68 74
68 78
68 80
68 86
68 87
68 90
68 91
68 98
68 99
68 101
68 102
68 103
68 106
68 111
68 112
69 69
69 80
69 81
69 82
69 83
69 86
69 89
69 91
70 70
70 71
70 72
70 73
70 74
70 75
70 76
70 77
70 78
70 79
70 84
70 88
70 93
70 100
70 101
70 102
70 103
70 104
70 105
70 108
70 109
70 111
70 113
70 114
70 115
71 71
71 72
71 73
71 74
71 75
71 76
71 77
71 78
71 79
71 84
71 95
71 100
71 102
71 103
71 104
71 105
71 108
71 109
71 113
71 114
71 115
72 72
72 73
72 74
72 75
72 76
72 77
72 78
72 79
72 80
72 93
72 95
72 99
72 100
72 101
72 102
72 103
72 104
72 105
72 106
72 108
72 109
72 111
72 112
72 113
72 114
72 115
73 73
73 74
73 75
73 76
73 77
73 78
73 100
73 102
73 105
73 108
73 111
73 113
73 114
73 115
74 74
74 75
74 76
74 78
74 100
74 101
74 102
74 103
74 105
74 106
74 111
74 113
74 114
74 115
75 75
75 76
75 77
75 78
75 80
75 81
75 100
75 101
75 102
75 103
75 104
75 105
75 106
75 108
75 109
75 113
75 114
75 115
76 76
76 77
76 78
76 100
76 102
76 106
76 108
76 109
76 111
76 113
76 115
77 77
77 95
77 97
77 109
77 110
78 78
78 79
78 80
78 99
78 101
78 102
78 103
78 104
78 105
78 106
78 111
78 112
78 113
78 114
78 115
79 79
79 80
79 81
79 84
79 101
79 102
79 103
79 104
79 105
79 115
80 80
80 81
80 83
80 84
80 105
80 113
80 114
81 81
81 84
82 82
82 83
82 84
82 85
82 86
82 87
82 88
82 91
82 93
83 83
83 85
83 86
83 93
84 84
84 85
84 88
84 108
84 114
85 85
85 88
85 89
86 86
86 87
86 89
86 91
87 87
87 88
87 89
87 91
87 99
87 101
87 103
87 106
88 88
88 89
89 89
89 90
89 91
90 90
90 91
90 92
90 93
90 98
90 99
90 106
90 107
90 111
90 112
91 91
91 92
91 93
91 98
91 99
91 101
91 103
91 110
91 111
91 112
92 92
92 93
92 98
92 99
92 100
92 101
92 102
92 103
92 104
92 110
92 111
92 112
93 93
93 99
93 100
93 101
93 102
93 103
93 104
93 105
93 110
93 111
93 112
94 94
94 95
94 96
94 97
94 99
94 105
94 107
94 108
94 114
94 115
95 95
95 96
95 97
95 102
95 103
95 104
95 107
95 108
95 109
95 113
95 115
96 96
96 97
96 98
96 108
96 110
96 115
97 97
97 108
97 109
97 110
97 113
97 115
98 98
98 99
98 107
98 110
98 111
98 112
99 99
99 101
99 102
99 103
99 104
99 105
99 106
99 107
99 111
99 112
100 100
100 101
100 102
100 103
100 104
100 105
100 107
100 108
100 113
100 114
100 115
101 101
101 102
101 103
101 104
101 105
101 106
101 111
101 112
101 113
101 114
102 102
102 103
102 104
102 105
102 106
102 107
102 108
102 109
102 111
102 112
102 113
102 114
102 115
103 103
103 104
103 105
103 106
103 107
103 109
103 111
103 112
103 113
103 114
103 115
104 104
104 105
104 106
104 107
104 108
104 109
104 111
104 112
104 113
104 114
104 115
105 105
105 106
105 107
105 111
105 112
105 113
105 114
105 115
106 106
106 112
107 107
107 108
107 114
107 115
108 108
108 109
108 115
109 109
109 110
109 113
110 110
110 111
110 112
111 111
111 112
112 112
113 113
113 114
113 115
114 114
114 115
115 115
