0 0
0 17
0 18
0 28
0 32
0 56
0 57
0 58
0 60
0 62
0 63
0 66
0 68
0 72
0 79
0 81
0 99
0 106
1 1
1 10
1 11
1 12
1 13
1 15
1 16
1 17
1 20
1 28
1 29
1 32
1 33
1 41
1 56
1 57
1 59
1 60
1 61
1 62
1 63
1 68
1 72
1 73
1 79
1 80
1 81
1 107
1 113
2 2
2 3
2 4
2 5
2 6
2 8
2 18
2 22
2 23
2 24
2 25
2 26
2 27
2 30
2 31
2 34
2 48
2 50
2 51
2 64
2 65
2 88
2 90
2 91
2 92
2 93
2 94
2 110
2 115
3 3
3 4
3 5
3 6
3 7
3 21
3 22
3 23
3 25
3 27
3 30
3 31
3 34
3 50
3 51
3 65
3 85
3 92
3 93
4 4
4 5
4 6
4 7
4 8
4 18
4 20
4 21
4 22
4 23
4 24
4 25
4 26
4 27
4 30
4 31
4 48
4 50
4 51
4 64
4 65
4 91
4 92
5 5
5 7
5 9
5 21
5 23
5 24
5 25
5 26
5 27
5 30
5 31
5 50
5 51
5 65
5 92
6 6
6 7
6 8
6 11
6 20
6 30
6 31
6 48
6 64
6 65
6 71
6 75
6 107
7 7
7 8
7 9
7 11
7 13
7 15
7 20
7 21
7 25
7 30
7 31
7 33
7 51
7 65
7 71
8 8
8 9
8 11
8 13
8 34
8 48
8 50
8 51
8 64
8 65
8 93
9 9
9 11
9 13
9 25
9 65
9 73
9 92
9 112
10 10
10 11
10 12
10 13
10 14
10 15
10 16
10 17
10 28
10 29
10 35
10 48
10 51
10 52
10 72
10 82
10 87
11 11
11 12
11 13
11 14
11 15
11 20
11 21
11 29
11 30
11 33
11 51
11 53
11 65
11 71
11 87
12 12
12 13
12 14
12 15
12 16
12 17
12 28
12 29
12 32
12 33
12 36
12 38
12 39
12 40
12 41
12 57
12 58
12 60
12 61
12 62
12 63
12 68
12 72
12 80
12 81
13 13
13 14
13 15
13 17
13 20
13 21
13 29
13 33
13 35
13 51
13 61
13 65
13 71
13 73
14 14
14 15
14 20
14 21
14 22
14 26
14 27
14 30
14 51
14 53
14 82
14 84
14 86
14 87
14 88
15 15
15 16
15 20
15 21
15 25
15 29
15 30
15 31
15 33
15 51
15 61
15 65
15 71
15 82
15 83
15 107
16 16
16 17
16 28
16 29
16 32
16 33
16 36
16 54
16 56
16 57
16 61
16 62
16 63
16 68
16 72
16 74
16 78
16 79
16 80
16 81
16 84
16 86
17 17
17 28
17 29
17 32
17 33
17 36
17 56
17 57
17 60
17 61
17 62
17 63
17 68
17 72
17 74
17 76
17 78
17 79
17 80
17 81
18 18
18 19
18 22
18 23
18 30
18 31
18 82
18 93
18 94
18 106
18 107
19 19
19 23
19 30
19 31
19 69
19 91
19 109
20 20
20 21
20 25
20 26
20 30
20 31
20 33
20 51
20 52
20 53
20 65
20 71
20 83
20 107
21 21
21 25
21 26
21 27
21 30
21 31
21 33
21 51
21 65
21 71
22 22
22 23
22 24
22 25
22 26
22 27
22 30
22 31
22 34
22 50
22 82
22 84
22 86
22 88
22 90
22 91
22 92
22 93
22 94
23 23
23 24
23 25
23 26
23 27
23 30
23 31
23 48
23 50
23 88
23 90
23 91
23 92
23 93
23 115
24 24
24 25
24 26
24 27
24 30
24 31
24 34
24 48
24 50
24 86
24 88
24 91
24 92
24 94
25 25
25 26
25 27
25 30
25 31
25 34
25 50
25 51
25 65
25 71
25 90
25 92
26 26
26 27
26 30
26 31
26 50
26 86
26 88
26 91
27 27
27 31
27 34
27 50
27 53
27 86
27 87
27 88
27 90
27 91
27 92
27 94
27 110
28 28
28 29
28 32
28 33
28 36
28 38
28 39
28 40
28 41
28 56
28 57
28 60
28 61
28 62
28 63
28 68
28 72
28 73
28 74
28 76
28 78
28 79
28 80
28 81
28 83
28 107
29 29
29 32
29 33
29 36
29 37
29 38
29 39
29 40
29 41
29 56
29 57
29 59
29 60
29 61
29 62
29 63
29 68
29 72
29 73
29 74
29 75
29 76
29 78
29 79
29 80
29 81
29 83
29 99
29 107
29 113
30 30
30 31
30 50
30 71
30 82
30 83
30 115
31 31
31 50
31 71
31 82
31 92
31 115
32 32
32 33
32 36
32 38
32 39
32 40
32 41
32 56
32 57
32 59
32 60
32 61
32 62
32 63
32 66
32 68
32 72
32 74
32 78
32 79
32 80
32 81
32 83
32 84
32 106
32 107
33 33
33 56
33 57
33 61
33 62
33 63
33 68
33 72
33 73
33 74
33 79
33 80
33 81
33 83
33 107
34 34
34 35
34 42
34 48
34 50
34 51
34 53
34 77
34 84
34 87
34 88
34 90
34 91
34 92
34 93
34 94
34 96
34 101
34 105
34 109
34 110
35 35
35 37
35 40
35 44
35 51
35 65
35 67
35 77
35 86
35 87
35 90
35 93
35 94
35 95
35 96
35 97
35 108
35 109
35 110
36 36
36 37
36 38
36 39
36 40
36 41
36 54
36 55
36 56
36 57
36 60
36 61
36 62
36 63
36 72
36 73
36 74
36 75
36 76
36 77
36 79
36 80
36 81
36 86
36 88
36 89
36 95
36 96
36 97
36 98
36 99
36 101
36 103
36 104
36 110
36 111
36 112
36 114
37 37
37 38
37 39
37 40
37 41
37 46
37 54
37 55
37 60
37 62
37 72
37 74
37 76
37 77
37 79
37 85
37 89
37 95
37 96
37 97
37 98
37 99
37 101
37 102
37 103
37 104
37 105
37 106
37 109
37 110
37 111
37 112
38 38
38 39
38 40
38 41
38 54
38 55
38 56
38 57
38 58
38 59
38 60
38 61
38 62
38 66
38 68
38 72
38 78
38 79
38 80
38 81
38 89
38 95
38 96
38 97
38 98
38 99
38 103
38 106
39 39
39 40
39 41
39 60
39 62
39 72
39 80
39 83
39 87
39 95
39 96
39 97
40 40
40 41
40 47
40 54
40 55
40 56
40 60
40 62
40 68
40 72
40 74
40 75
40 76
40 77
40 79
40 80
40 82
40 83
40 86
40 94
40 95
40 96
40 97
40 98
40 99
40 101
40 103
40 108
40 109
40 110
40 111
41 41
41 57
41 60
41 61
41 62
41 63
41 72
41 73
41 74
41 75
41 76
41 79
41 80
41 81
41 83
41 96
41 99
42 42
42 43
42 44
42 45
42 46
42 47
42 48
42 50
42 51
42 53
42 76
42 90
42 91
42 92
42 96
42 98
42 109
42 110
42 111
43 43
43 44
43 45
43 46
43 47
43 55
43 76
43 96
43 97
43 98
43 99
43 110
43 111
44 44
44 45
44 46
44 47
44 48
44 49
44 50
44 51
44 53
44 67
44 90
44 91
44 92
44 98
44 110
45 45
45 46
45 47
45 48
45 49
45 51
45 67
45 69
45 90
45 92
45 110
46 46
46 47
46 48
46 50
46 53
46 55
46 76
46 90
46 91
46 92
46 96
46 97
46 98
46 99
46 105
46 109
46 110
46 111
47 47
47 55
47 76
47 90
47 95
47 96
47 97
47 98
47 99
47 110
47 111
48 48
48 49
48 50
48 51
48 52
48 53
48 67
48 88
48 90
48 91
48 92
48 93
49 49
49 51
49 52
49 54
49 55
49 59
49 65
49 66
49 67
49 98
50 50
50 51
50 52
50 53
50 64
50 88
50 90
50 91
50 92
50 93
51 51
51 52
51 53
51 64
51 65
51 67
51 90
51 92
52 52
52 53
52 54
52 59
52 60
52 61
52 66
52 70
52 90
52 91
52 113
53 53
53 75
53 77
53 87
53 90
53 91
53 92
53 94
54 54
54 55
54 58
54 59
54 60
54 61
54 62
54 66
54 68
54 88
54 89
54 95
54 96
54 97
54 98
54 99
54 103
54 104
54 113
54 114
55 55
55 58
55 66
55 76
55 77
55 84
55 85
55 86
55 88
55 89
55 95
55 96
55 97
55 98
55 99
55 101
55 103
55 104
55 105
55 108
55 109
55 110
55 111
55 112
55 114
56 56
56 57
56 59
56 60
56 61
56 62
56 63
56 66
56 68
56 72
56 76
56 78
56 79
56 80
56 81
56 99
56 103
56 107
56 113
57 57
57 59
57 60
57 61
57 62
57 63
57 66
57 68
57 72
57 78
57 79
57 80
57 81
57 99
57 103
57 107
57 113
58 58
58 59
58 60
58 62
58 66
58 89
58 98
58 99
58 101
58 103
58 104
58 111
58 112
59 59
59 60
59 61
59 62
59 63
59 66
59 68
59 79
59 80
59 81
59 98
59 107
60 60
60 61
60 62
60 63
60 66
60 68
60 72
60 79
60 80
60 81
60 98
60 99
60 103
60 107
60 113
61 61
61 62
61 63
61 68
61 72
61 73
61 78
61 79
61 80
61 81
61 107
61 113
62 62
62 63
62 66
62 68
62 72
62 74
62 76
62 79
62 80
62 81
62 83
62 85
62 98
62 99
62 103
62 113
63 63
63 68
63 72
63 73
63 74
63 78
63 79
63 80
63 81
63 107
63 113
64 64
64 65
64 78
64 85
65 65
66 66
66 67
66 68
66 69
66 80
66 81
66 98
66 103
67 67
67 69
67 86
67 90
67 95
67 100
67 109
67 110
68 68
68 72
68 79
68 80
68 81
68 106
68 107
69 69
69 100
69 109
70 70
70 71
70 75
70 76
70 77
70 91
70 92
70 93
70 99
70 100
70 101
70 102
70 103
70 106
70 113
71 71
71 73
71 75
71 83
71 102
72 72
72 73
72 74
72 75
72 76
72 78
72 79
72 80
72 81
72 83
72 98
72 99
73 73
73 74
73 75
73 76
73 78
73 79
73 81
73 112
74 74
74 75
74 76
74 79
74 80
74 81
74 98
74 99
75 75
75 76
75 77
75 99
75 112
76 76
76 77
76 79
76 81
76 96
76 97
76 98
76 99
76 101
76 103
76 104
76 110
76 111
76 112
77 77
77 90
77 91
77 93
77 94
77 95
77 96
77 97
77 98
77 99
77 101
77 102
77 103
77 104
77 105
77 108
77 109
77 110
77 112
77 114
78 78
78 79
78 80
78 81
79 79
79 80
79 81
79 99
79 103
79 113
80 80
80 81
80 83
80 84
80 99
81 81
81 83
81 98
81 99
81 107
81 113
82 82
82 83
82 84
82 86
82 88
82 94
82 95
82 109
83 83
83 87
83 107
84 84
84 85
84 86
84 88
84 89
85 85
85 89
85 97
85 103
85 104
86 86
86 88
86 89
86 91
86 94
86 105
86 109
86 110
86 114
87 87
88 88
88 89
88 91
88 92
88 93
88 96
88 97
88 101
88 104
88 105
88 110
88 114
89 89
89 93
89 95
89 96
89 97
89 98
89 99
89 101
89 103
89 104
89 105
89 111
89 114
89 115
90 90
90 91
90 92
90 93
90 94
90 95
90 100
90 105
90 109
90 110
91 91
91 92
91 93
91 94
91 100
91 103
91 105
91 109
91 114
91 115
92 92
92 93
92 100
92 110
93 93
93 94
93 95
93 96
93 100
93 101
93 102
93 103
93 104
93 105
93 109
93 110
93 112
93 114
94 94
94 95
94 96
94 97
94 100
94 105
94 109
94 110
94 114
94 115
95 95
95 96
95 97
95 98
95 99
95 101
95 103
95 104
95 105
95 106
95 108
95 109
95 110
95 112
96 96
96 97
96 98
96 99
96 101
96 102
96 103
96 104
96 105
96 108
96 109
96 110
96 111
96 112
96 113
96 114
97 97
97 98
97 99
97 101
97 103
97 104
97 105
97 108
97 109
97 110
97 111
97 112
97 114
98 98
98 99
98 103
98 104
98 110
98 111
98 112
98 113
98 114
99 99
99 101
99 102
99 103
99 104
99 105
99 106
99 108
99 110
99 111
99 112
99 113
99 114
100 100
100 101
100 102
100 103
100 106
100 109
101 101
101 102
101 103
101 104
101 105
101 106
101 108
101 109
101 110
101 112
101 114
102 102
102 103
102 104
102 106
102 107
102 112
102 113
103 103
103 104
103 105
103 106
103 108
103 109
103 111
103 112
103 113
103 114
104 104
104 105
104 108
104 110
104 111
104 112
104 113
104 114
104 115
105 105
105 108
105 109
105 110
105 111
105 112
105 114
105 115
106 106
106 107
106 108
106 112
106 113
107 107
107 113
108 108
108 109
108 110
108 112
108 113
108 114
109 109
109 110
109 114
110 110
110 111
110 114
111 111
111 112
111 114
111 115
112 112
112 113
113 113
113 114
114 114
114 115
115 115
