0 0
0 1
0 5
0 10
0 11
0 16
0 18
0 43
0 52
0 53
0 54
0 56
0 57
0 60
0 61
0 63
0 76
0 86
0 87
1 1
1 5
1 11
1 18
1 32
1 43
1 46
1 47
1 52
1 56
1 57
1 61
1 68
1 76
1 77
1 82
1 87
1 89
1 90
1 95
1 96
1 97
1 98
1 109
1 110
1 111
2 2
2 3
2 4
2 6
2 7
2 12
2 18
2 20
2 22
2 23
2 24
2 26
2 30
2 64
2 88
2 91
2 93
2 105
2 107
3 3
3 7
3 15
3 18
3 20
3 22
3 23
3 27
3 30
3 31
3 34
3 35
3 64
3 65
3 68
3 83
3 87
3 89
3 90
3 92
3 114
4 4
4 5
4 6
4 8
4 9
4 14
4 18
4 20
4 22
4 23
4 24
4 26
4 30
4 64
5 5
5 8
5 9
5 26
5 27
5 32
5 43
5 49
5 51
5 52
5 53
5 54
5 61
5 68
5 89
6 6
6 7
6 9
6 12
6 64
6 91
6 93
7 7
7 9
7 35
7 42
7 64
7 65
7 92
7 106
8 8
8 9
8 60
8 61
8 69
9 9
9 42
9 49
9 52
9 53
9 61
10 10
10 11
10 12
10 13
10 14
10 16
10 17
10 19
10 22
10 24
10 26
10 28
10 29
10 62
10 63
10 72
10 78
10 79
10 80
10 81
10 82
10 83
10 84
10 85
10 86
10 87
10 88
11 11
11 12
11 13
11 14
11 15
11 17
11 28
11 29
11 55
11 56
11 64
11 65
11 72
11 73
11 75
11 76
11 83
11 84
11 85
11 87
12 12
12 13
12 14
12 16
12 17
12 22
12 24
12 28
12 40
12 50
12 60
12 62
12 63
12 64
12 72
12 73
12 78
12 79
12 80
12 81
12 88
13 13
13 14
13 15
13 16
13 17
13 29
13 44
13 50
13 55
13 60
13 72
13 78
13 79
13 88
13 112
14 14
14 15
14 16
14 17
14 19
14 22
14 24
14 26
14 28
14 29
14 40
14 60
14 63
14 69
14 72
14 78
14 79
14 82
14 83
14 84
14 88
14 107
15 15
15 20
15 65
15 83
15 88
15 89
16 16
16 17
16 28
16 29
16 40
16 56
16 57
16 60
16 62
16 63
16 70
16 72
16 73
16 74
16 75
16 76
16 78
16 79
16 80
16 81
17 17
17 28
17 29
17 33
17 36
17 37
17 40
17 41
17 55
17 56
17 57
17 62
17 63
17 70
17 71
17 72
17 73
17 74
17 75
17 76
17 78
17 79
17 80
17 81
17 83
17 84
17 85
18 18
18 20
18 32
18 68
18 89
18 90
18 95
18 97
18 100
18 105
18 109
18 113
18 114
18 115
19 19
19 28
19 29
19 52
19 57
19 67
19 69
19 70
19 91
19 92
19 93
19 99
19 100
19 101
19 102
19 103
19 104
19 105
19 107
19 111
19 112
19 113
20 20
20 21
20 22
20 23
20 24
20 25
20 26
20 27
20 30
20 33
20 35
20 38
20 41
20 64
20 65
20 68
20 87
20 95
20 96
20 97
20 107
20 109
20 110
20 113
20 114
21 21
21 25
21 27
21 30
21 31
21 35
21 37
21 38
21 39
21 41
21 43
21 44
21 45
21 49
21 51
21 55
21 56
21 65
21 71
21 74
21 87
22 22
22 23
22 24
22 25
22 26
22 28
22 30
22 31
22 64
22 78
22 82
22 83
22 84
22 85
22 86
22 88
23 23
23 24
23 25
23 26
23 27
23 28
23 30
23 31
23 64
23 67
23 69
23 83
23 85
23 88
23 91
23 92
23 93
23 105
24 24
24 25
24 26
24 27
24 28
24 30
24 64
24 82
24 84
24 85
24 86
24 87
24 88
25 25
25 27
25 30
25 31
25 37
25 38
25 39
25 43
25 45
25 50
25 65
25 71
25 85
25 87
26 26
26 27
26 69
26 84
26 88
26 91
26 93
27 27
27 35
27 47
27 67
27 68
27 82
27 86
27 87
27 89
27 90
27 100
28 28
28 29
28 30
28 31
28 40
28 62
28 63
28 70
28 71
28 72
28 73
28 75
28 78
28 79
28 80
28 81
28 83
28 84
28 85
29 29
29 30
29 33
29 34
29 36
29 37
29 40
29 41
29 56
29 57
29 63
29 72
29 73
29 74
29 75
29 76
29 77
29 78
29 79
29 80
29 81
29 82
29 83
29 84
29 97
29 108
29 111
29 112
29 113
30 30
30 31
30 33
30 64
30 70
30 71
30 72
30 73
30 75
30 78
30 83
30 85
31 31
31 33
31 40
31 41
31 45
31 50
31 64
31 65
31 70
31 71
31 72
31 73
31 75
31 78
31 79
31 81
31 83
31 85
32 32
32 33
32 46
32 59
32 63
32 66
32 68
32 96
33 33
33 34
33 40
33 41
33 57
33 63
33 64
33 72
33 73
33 75
33 76
33 107
33 112
33 113
34 34
34 35
34 36
34 37
34 38
34 41
34 57
34 65
34 75
34 76
34 77
34 83
34 90
34 95
34 96
34 97
34 99
34 108
34 109
34 110
34 111
34 114
34 115
35 35
35 36
35 37
35 38
35 39
35 41
35 42
35 46
35 47
35 65
35 77
35 90
35 92
35 94
35 95
35 96
35 97
35 100
35 108
35 109
35 110
35 111
35 114
35 115
36 36
36 37
36 38
36 39
36 40
36 41
36 47
36 54
36 55
36 72
36 75
36 76
36 77
36 94
36 95
36 96
36 97
36 98
36 99
36 108
36 109
36 110
36 111
36 112
36 113
36 114
36 115
37 37
37 38
37 39
37 40
37 41
37 46
37 47
37 49
37 54
37 55
37 71
37 73
37 74
37 75
37 76
37 77
37 94
37 95
37 96
37 97
37 98
37 108
37 109
37 110
37 114
37 115
38 38
38 39
38 40
38 41
38 42
38 44
38 45
38 46
38 47
38 54
38 55
38 71
38 77
38 82
38 94
38 95
38 96
38 109
38 110
39 39
39 40
39 41
39 42
39 44
39 45
39 46
39 47
39 49
39 50
39 54
39 55
39 65
39 71
39 75
39 77
39 94
39 95
39 96
39 110
40 40
40 41
40 42
40 44
40 45
40 46
40 49
40 50
40 55
40 62
40 63
40 71
40 72
40 73
40 75
40 78
40 79
40 80
40 81
40 82
40 83
41 41
41 44
41 46
41 55
41 56
41 57
41 71
41 72
41 73
41 74
41 75
41 76
41 77
41 82
41 83
41 94
41 95
41 96
41 97
41 98
41 108
41 109
41 110
41 114
42 42
42 43
42 44
42 45
42 46
42 47
42 48
42 49
42 50
42 51
42 53
42 55
42 71
42 110
43 43
43 44
43 45
43 46
43 47
43 48
43 49
43 51
43 53
43 54
43 55
43 56
43 96
43 98
43 110
44 44
44 45
44 46
44 47
44 48
44 49
44 50
44 51
44 53
44 54
44 55
44 56
44 96
44 98
44 110
45 45
45 46
45 47
45 48
45 49
45 50
45 51
45 54
45 55
45 65
45 71
46 46
46 47
46 48
46 49
46 51
46 53
46 54
46 55
46 68
46 90
46 95
46 96
46 98
46 109
46 110
46 114
47 47
47 48
47 49
47 51
47 53
47 54
47 55
47 68
47 77
47 90
47 92
47 94
47 95
47 96
47 97
47 98
47 100
47 108
47 109
47 110
47 111
47 114
47 115
48 48
48 49
48 50
48 51
48 52
48 53
48 54
48 55
48 96
48 98
48 106
48 110
49 49
49 50
49 51
49 53
49 54
49 55
49 96
49 98
50 50
50 51
50 54
50 55
50 62
50 64
50 71
50 78
50 79
50 80
50 106
51 51
51 52
51 53
51 54
51 55
51 58
51 96
51 98
52 52
52 53
52 54
52 58
52 59
52 60
52 66
52 68
52 69
52 88
52 90
53 53
53 54
53 55
53 88
53 111
54 54
54 55
54 58
54 59
54 60
54 66
54 96
54 98
55 55
55 56
55 73
55 74
55 75
55 76
55 95
55 96
55 98
55 110
56 56
56 57
56 62
56 63
56 71
56 72
56 73
56 74
56 75
56 76
56 80
56 81
56 87
57 57
57 63
57 72
57 73
57 74
57 75
57 76
57 77
57 80
57 81
57 95
57 96
57 97
57 99
57 108
57 110
57 111
57 113
57 114
58 58
58 59
58 60
58 61
58 66
58 67
58 68
58 101
58 103
58 106
59 59
59 60
59 61
59 62
59 66
59 67
59 68
59 89
59 90
59 100
59 101
59 103
60 60
60 61
60 62
60 63
60 79
60 88
61 61
61 63
61 76
61 77
61 97
61 98
61 99
61 111
61 112
62 62
62 63
62 71
62 72
62 73
62 74
62 78
62 79
62 80
62 81
62 85
63 63
63 72
63 73
63 74
63 78
63 79
63 80
63 81
63 84
63 85
64 64
64 65
64 84
64 85
64 88
65 65
65 67
65 89
65 95
65 114
66 66
66 67
66 68
66 90
66 91
66 92
66 93
66 99
66 100
66 101
66 102
66 103
66 104
66 105
66 106
66 115
67 67
67 69
67 90
67 91
67 92
67 93
67 100
67 101
67 102
67 103
67 104
67 105
67 106
68 68
68 69
68 89
68 90
68 92
68 100
68 103
68 109
68 110
69 69
69 88
69 90
69 91
69 92
69 93
69 100
69 101
69 102
69 103
69 104
69 105
69 107
69 112
69 113
70 70
70 71
70 72
70 73
70 74
70 75
70 78
70 80
70 81
70 106
71 71
71 72
71 73
71 74
71 75
71 77
71 78
71 79
71 80
71 81
71 106
72 72
72 73
72 74
72 75
72 76
72 78
72 79
72 80
72 81
72 82
72 83
72 84
72 87
72 112
73 73
73 74
73 75
73 76
73 78
73 79
73 80
73 81
73 87
74 74
74 75
74 76
74 78
74 79
74 80
74 81
75 75
75 76
75 77
75 78
75 79
75 80
75 81
75 108
76 76
76 77
76 82
76 84
76 87
76 95
76 96
76 97
76 98
76 99
76 108
76 111
76 113
76 114
77 77
77 82
77 90
77 94
77 95
77 96
77 97
77 98
77 99
77 100
77 108
77 109
77 110
77 111
77 114
77 115
78 78
78 79
78 80
78 81
78 85
79 79
79 80
79 81
79 85
80 80
80 81
80 84
80 85
81 81
81 85
82 82
82 83
82 84
82 86
82 87
82 88
83 83
83 84
83 85
84 84
84 85
84 86
84 87
84 88
85 85
85 87
85 89
86 86
86 87
86 88
86 89
86 100
86 109
86 110
86 114
87 87
87 89
88 88
88 89
88 93
89 89
90 90
90 91
90 92
90 93
90 94
90 95
90 96
90 97
90 99
90 100
90 101
90 102
90 103
90 104
90 105
90 108
90 109
90 110
90 111
90 114
90 115
91 91
91 92
91 93
91 99
91 100
91 101
91 102
91 103
91 104
91 105
91 107
91 115
92 92
92 93
92 94
92 95
92 97
92 99
92 100
92 101
92 102
92 103
92 104
92 105
92 107
92 108
92 109
92 111
92 113
92 114
92 115
93 93
93 99
93 100
93 101
93 102
93 103
93 104
93 105
93 106
93 107
94 94
94 95
94 96
94 97
94 98
94 99
94 100
94 102
94 103
94 104
94 108
94 109
94 110
94 111
94 114
94 115
95 95
95 96
95 97
95 98
95 99
95 100
95 102
95 103
95 104
95 105
95 108
95 109
95 110
95 111
95 113
95 114
95 115
96 96
96 97
96 98
96 99
96 100
96 108
96 109
96 110
96 111
96 113
96 114
96 115
97 97
97 98
97 99
97 100
97 102
97 103
97 104
97 105
97 107
97 108
97 109
97 110
97 111
97 112
97 113
97 114
97 115
98 98
98 99
98 100
98 102
98 103
98 108
98 109
98 110
98 111
98 112
98 113
98 114
98 115
99 99
99 100
99 101
99 102
99 103
99 104
99 105
99 107
99 108
99 109
99 110
99 111
99 112
99 113
99 114
99 115
100 100
100 101
100 102
100 103
100 104
100 105
100 108
100 109
100 110
100 111
100 113
100 114
100 115
101 101
101 102
101 103
101 104
101 105
101 106
101 107
101 115
102 102
102 103
102 104
102 105
102 106
102 107
102 108
102 109
102 111
102 112
102 113
102 115
103 103
103 104
103 105
103 106
103 107
103 108
103 109
103 111
103 113
103 114
103 115
104 104
104 105
104 107
104 108
104 109
104 111
104 112
104 113
104 114
104 115
105 105
105 107
105 108
105 109
105 111
105 112
105 113
105 114
105 115
106 106
107 107
107 108
107 112
107 113
108 108
108 109
108 110
108 111
108 113
108 114
108 115
109 109
109 110
109 111
109 113
109 114
109 115
110 110
110 111
110 113
110 114
110 115
111 111
111 112
111 113
111 114
111 115
112 112
112 113
112 114
113 113
113 114
113 115
114 114
114 115
115 115
