0 0
0 10
0 16
0 21
0 28
0 39
0 41
0 54
0 56
0 57
0 61
0 63
0 72
0 78
0 80
0 81
0 89
0 99
0 111
1 1
1 4
1 18
1 56
1 57
1 59
1 60
1 61
1 63
2 2
2 3
2 6
2 7
2 10
2 12
2 16
2 18
2 41
2 49
2 54
2 60
2 62
2 83
2 86
2 87
2 89
2 99
2 103
2 105
2 111
3 3
3 5
3 6
3 7
3 14
3 18
3 19
3 22
3 23
3 31
3 33
3 34
3 44
3 48
3 62
3 64
3 86
4 4
4 5
4 8
4 9
4 15
4 20
4 24
4 25
4 26
4 30
4 59
4 71
4 83
5 5
5 7
5 9
5 15
5 20
5 24
5 25
5 26
5 39
5 48
5 66
5 96
5 104
5 105
5 106
5 108
5 110
6 6
6 7
6 10
6 12
6 16
6 22
6 23
6 41
6 49
6 51
6 54
6 60
6 62
6 64
6 65
6 75
6 83
6 86
6 87
6 88
6 89
6 99
6 103
6 111
6 112
7 7
7 13
7 22
7 23
7 30
7 34
7 49
7 51
7 64
7 65
7 71
7 83
8 8
8 9
8 13
8 14
8 15
8 20
8 23
8 24
8 25
8 26
8 29
8 30
8 35
8 36
8 40
8 70
8 74
8 92
8 93
8 94
8 95
8 108
9 9
9 13
9 15
9 20
9 22
9 24
9 25
9 26
9 29
9 30
9 32
9 35
9 42
9 44
9 46
9 48
9 49
9 66
9 90
9 92
9 93
9 95
9 108
9 110
10 10
10 11
10 12
10 16
10 17
10 41
10 47
10 51
10 53
10 54
10 55
10 57
10 59
10 60
10 61
10 62
10 63
10 65
10 72
10 75
10 78
10 81
10 85
10 86
10 87
10 89
10 98
10 99
10 100
10 102
10 103
10 111
11 11
11 12
11 13
11 17
11 28
11 45
11 49
11 50
11 53
11 57
11 58
11 59
11 60
11 61
11 65
11 67
11 70
11 72
11 74
11 75
11 81
11 83
12 12
12 16
12 17
12 47
12 51
12 55
12 57
12 60
12 61
12 62
12 72
12 75
12 76
12 79
12 81
12 87
12 89
12 99
12 100
12 102
12 103
12 111
13 13
13 15
13 22
13 24
13 25
13 30
13 45
13 49
13 50
13 52
13 58
13 59
13 60
13 71
13 83
14 14
14 19
14 22
14 23
14 31
14 34
14 47
14 64
14 76
14 77
14 82
14 84
14 86
14 93
15 15
15 20
15 22
15 24
15 25
15 26
15 30
15 35
15 42
15 46
15 66
15 90
15 92
15 93
15 95
16 16
16 17
16 28
16 41
16 53
16 54
16 55
16 56
16 57
16 61
16 63
16 72
16 73
16 75
16 78
16 79
16 80
16 81
16 85
16 86
16 87
16 89
16 98
16 99
16 100
16 102
16 103
16 111
17 17
17 28
17 29
17 37
17 40
17 43
17 47
17 53
17 54
17 55
17 57
17 61
17 63
17 69
17 70
17 72
17 74
17 75
17 76
17 78
17 79
17 80
17 81
17 85
17 86
17 87
17 88
17 98
17 99
17 100
17 102
17 103
17 109
18 18
18 19
18 33
18 38
18 39
18 54
18 56
18 114
19 19
19 27
19 29
19 31
19 33
19 42
19 46
19 47
19 48
19 68
19 69
19 70
19 74
19 76
19 77
20 20
20 24
20 25
20 26
20 30
20 36
20 38
20 40
20 46
20 68
20 82
20 90
20 95
20 104
21 21
21 28
21 36
21 41
21 53
21 56
21 71
21 73
21 75
21 80
21 83
21 84
21 89
22 22
22 23
22 24
22 25
22 30
22 31
22 32
22 34
22 42
22 44
22 48
22 62
22 64
22 66
22 93
23 23
23 31
23 34
23 44
23 51
23 62
23 64
23 83
23 84
23 86
23 93
24 24
24 25
24 26
24 30
24 42
24 49
24 58
24 66
24 90
24 92
24 95
25 25
25 26
25 29
25 30
25 32
25 35
25 42
25 46
25 49
25 58
25 66
25 90
25 92
25 93
25 95
26 26
26 27
26 29
26 30
26 35
26 36
26 37
26 38
26 40
26 42
26 46
26 70
26 82
26 90
26 92
26 93
26 94
26 95
26 101
26 108
27 27
27 29
27 31
27 35
27 37
27 40
27 44
27 47
27 48
27 52
27 70
27 72
27 73
27 74
27 75
27 77
27 79
27 93
27 95
27 97
27 108
28 28
28 36
28 40
28 43
28 50
28 52
28 53
28 56
28 57
28 61
28 63
28 70
28 71
28 72
28 73
28 74
28 75
28 78
28 80
28 81
28 82
28 84
29 29
29 31
29 35
29 37
29 40
29 52
29 68
29 69
29 70
29 72
29 73
29 74
29 75
29 76
29 77
29 79
29 90
29 92
29 94
29 95
29 97
29 101
29 108
29 109
29 113
30 30
30 42
30 70
30 93
31 31
31 33
31 34
31 42
31 44
31 46
31 48
31 66
31 70
31 74
31 76
31 77
31 93
32 32
32 33
32 34
32 44
32 48
32 49
32 64
32 66
32 67
33 33
33 34
33 42
33 44
33 48
33 77
34 34
34 35
34 42
34 44
34 48
34 51
34 64
34 66
34 110
35 35
35 42
35 44
35 46
35 48
35 66
35 76
35 77
35 90
35 92
35 93
35 94
35 95
35 108
35 110
36 36
36 37
36 38
36 39
36 40
36 53
36 55
36 56
36 68
36 69
36 71
36 73
36 78
36 80
36 82
36 84
36 85
36 90
36 94
36 95
36 96
36 97
36 101
36 108
37 37
37 38
37 39
37 40
37 47
37 52
37 53
37 55
37 69
37 70
37 72
37 73
37 74
37 75
37 76
37 77
37 78
37 79
37 80
37 81
37 82
37 85
37 90
37 94
37 95
37 96
37 97
37 98
37 100
37 101
37 108
37 109
37 113
38 38
38 39
38 40
38 54
38 55
38 68
38 82
38 85
38 86
38 88
38 89
38 94
38 95
38 96
38 97
38 99
38 100
38 101
38 102
38 104
38 108
38 112
38 113
38 114
38 115
39 39
39 54
39 55
39 56
39 63
39 85
39 89
39 94
39 96
39 97
39 98
39 99
39 100
39 102
39 103
39 104
39 105
39 106
39 108
39 111
39 113
39 114
39 115
40 40
40 52
40 53
40 55
40 56
40 70
40 72
40 74
40 76
40 77
40 78
40 79
40 80
40 82
40 84
40 85
40 90
40 95
40 97
40 101
40 108
40 109
41 41
41 51
41 54
41 61
41 67
41 71
41 78
41 81
41 83
41 86
41 87
41 89
41 99
41 102
41 103
41 105
41 111
41 114
42 42
42 44
42 46
42 47
42 48
42 50
42 52
42 66
42 70
42 77
42 90
42 92
42 93
42 110
43 43
43 46
43 47
43 50
43 52
43 54
43 80
43 81
44 44
44 45
44 46
44 47
44 48
44 50
44 52
44 64
44 66
45 45
45 49
45 50
45 53
45 57
45 58
45 67
46 46
46 47
46 48
46 50
46 52
46 66
46 68
46 69
46 77
46 90
46 93
46 108
46 110
47 47
47 52
47 54
47 57
47 69
47 75
47 78
47 79
47 80
47 81
47 98
47 99
47 100
47 102
47 111
48 48
48 50
48 64
48 66
49 49
49 58
49 64
49 66
49 67
50 50
50 52
50 57
51 51
51 53
51 62
51 64
51 65
51 75
51 83
51 84
51 85
51 86
51 87
51 89
51 103
51 111
51 113
51 114
52 52
52 53
52 57
52 70
52 74
52 80
52 84
52 90
52 92
52 93
52 95
52 101
53 53
53 54
53 55
53 56
53 57
53 59
53 61
53 63
53 75
53 78
53 80
53 81
53 84
53 85
53 86
53 87
53 88
53 89
53 101
53 102
53 113
54 54
54 55
54 57
54 61
54 63
54 78
54 81
54 83
54 85
54 86
54 87
54 88
54 89
54 97
54 99
54 100
54 102
54 103
54 107
54 111
55 55
55 57
55 61
55 63
55 78
55 79
55 81
55 82
55 85
55 86
55 87
55 88
55 89
55 94
55 95
55 96
55 97
55 98
55 99
55 100
55 102
55 103
55 104
55 108
55 111
55 112
55 113
55 114
55 115
56 56
56 57
56 58
56 59
56 61
56 63
56 67
56 72
56 78
56 80
57 57
57 59
57 61
57 63
57 78
57 80
57 81
57 84
57 85
57 87
57 89
58 58
58 59
58 67
58 106
59 59
59 60
59 61
59 63
59 67
59 106
60 60
60 61
60 62
60 64
60 65
61 61
61 62
61 63
61 65
61 67
61 71
61 72
61 78
61 80
61 81
61 89
61 102
61 107
62 62
62 64
62 65
62 83
62 84
62 86
62 87
62 89
63 63
63 72
63 78
63 80
63 81
63 85
63 89
63 98
63 99
63 102
63 111
64 64
64 65
64 66
65 65
65 85
65 89
65 102
66 66
66 67
66 91
66 110
67 67
67 106
68 68
68 69
68 77
68 82
68 90
68 91
68 94
68 96
68 97
68 98
68 100
68 104
68 106
68 108
68 110
68 113
68 115
69 69
69 72
69 75
69 77
69 78
69 79
69 81
69 82
69 90
69 96
69 97
69 98
69 100
69 102
69 104
69 108
69 109
69 110
69 113
69 115
70 70
70 72
70 73
70 74
70 76
70 77
70 79
70 90
70 95
71 71
71 73
71 75
71 83
71 109
72 72
72 73
72 74
72 75
72 76
72 77
72 78
72 79
72 80
72 81
72 87
72 100
72 109
73 73
73 74
73 75
73 76
73 77
73 78
73 81
73 82
73 87
73 100
74 74
74 75
74 76
74 77
74 78
74 79
74 80
74 81
74 95
74 109
75 75
75 76
75 77
75 78
75 79
75 80
75 81
75 84
75 85
75 86
75 87
75 88
75 89
75 100
75 102
75 109
76 76
76 77
76 78
76 79
76 81
76 82
76 87
76 95
76 109
77 77
77 79
77 90
77 92
77 95
77 109
78 78
78 79
78 80
78 81
78 82
78 84
78 85
78 87
78 89
78 98
78 99
78 102
78 103
78 109
78 111
79 79
79 80
79 81
79 88
79 97
79 98
79 99
79 100
79 102
79 103
79 108
79 109
79 111
79 113
80 80
80 81
80 82
80 84
80 85
80 101
81 81
81 82
81 84
81 85
81 86
81 87
81 88
81 89
81 98
81 99
81 100
81 102
81 103
81 109
81 111
82 82
82 84
82 85
82 86
82 90
82 94
82 95
82 97
83 83
83 87
83 89
83 107
84 84
84 85
84 86
84 87
84 88
84 89
84 93
85 85
85 86
85 87
85 89
85 94
85 98
85 99
85 101
85 102
85 103
85 111
85 113
85 114
86 86
86 87
86 88
86 89
86 99
86 100
86 102
86 103
86 107
86 115
87 87
87 88
87 89
87 99
87 100
87 102
87 103
87 111
88 88
88 89
88 97
88 99
88 100
88 101
88 102
88 103
88 107
88 108
88 112
88 113
88 115
89 89
89 98
89 99
89 100
89 102
89 103
89 105
89 111
89 112
89 113
89 114
90 90
90 91
90 92
90 93
90 94
90 95
90 97
90 101
90 104
90 108
90 109
90 110
90 112
90 113
91 91
91 92
91 96
91 98
91 99
91 101
91 102
91 103
91 104
91 105
91 106
91 108
91 110
91 112
91 113
92 92
92 93
92 95
92 101
92 107
92 108
92 109
92 110
92 112
92 113
93 93
93 94
93 95
93 101
93 108
93 110
93 112
94 94
94 95
94 96
94 97
94 100
94 102
94 104
94 108
94 110
94 112
94 114
95 95
95 97
95 101
95 108
95 109
95 112
96 96
96 97
96 98
96 99
96 100
96 102
96 103
96 104
96 105
96 106
96 108
96 110
96 111
96 112
96 113
96 114
96 115
97 97
97 98
97 99
97 100
97 101
97 102
97 104
97 106
97 107
97 108
97 109
97 110
97 112
97 113
97 115
98 98
98 99
98 100
98 102
98 103
98 104
98 105
98 106
98 108
98 110
98 111
98 112
98 113
98 114
98 115
99 99
99 100
99 102
99 103
99 104
99 105
99 106
99 111
99 112
99 113
99 114
99 115
100 100
100 102
100 103
100 104
100 105
100 106
100 108
100 110
100 111
100 112
100 113
100 115
101 101
101 108
101 112
101 113
102 102
102 103
102 104
102 105
102 106
102 111
102 112
102 113
102 114
102 115
103 103
103 104
103 105
103 110
103 111
103 112
103 113
103 114
103 115
104 104
104 105
104 106
104 108
104 109
104 110
104 111
104 112
104 113
104 114
104 115
105 105
105 106
105 110
105 111
105 112
105 113
105 114
105 115
106 106
106 107
106 111
106 115
107 107
108 108
108 109
108 110
108 112
108 113
108 115
109 109
109 113
109 115
110 110
110 111
110 113
110 115
111 111
111 112
111 113
111 114
111 115
112 112
112 113
113 113
113 114
113 115
114 114
114 115
115 115
