0 0
0 1
0 10
0 11
0 12
0 13
0 14
0 16
0 18
0 19
0 32
0 52
0 53
0 56
0 57
0 58
0 60
0 61
0 62
0 63
0 72
0 80
0 81
0 84
0 98
1 1
1 10
1 11
1 12
1 13
1 14
1 15
1 16
1 17
1 18
1 19
1 28
1 29
1 32
1 54
1 56
1 57
1 58
1 60
1 61
1 63
1 68
1 72
1 80
1 81
1 82
1 83
1 84
1 85
1 98
2 2
2 6
2 8
2 9
2 14
2 22
2 23
2 24
2 25
2 26
2 27
2 34
2 48
2 50
2 64
2 65
2 67
2 93
2 109
2 110
2 113
3 3
3 4
3 5
3 7
3 8
3 11
3 15
3 18
3 19
3 22
3 23
3 27
3 31
3 64
3 65
3 77
3 82
3 83
3 85
3 86
3 87
3 88
3 90
3 91
3 92
3 93
3 100
3 102
4 4
4 5
4 8
4 14
4 22
4 23
4 24
4 26
4 27
4 50
4 67
4 69
4 86
4 88
4 110
5 5
5 21
5 22
5 23
5 24
5 25
5 26
5 27
5 35
5 39
5 45
5 47
5 50
5 67
5 69
5 86
5 87
5 88
5 89
5 90
5 92
5 93
5 97
5 103
5 104
5 105
5 107
5 110
6 6
6 7
6 8
6 9
6 12
6 24
6 34
6 35
6 44
6 45
6 61
6 64
6 65
6 73
6 76
6 77
6 92
6 93
6 95
6 99
6 100
6 102
7 7
7 8
7 9
7 11
7 13
7 15
7 29
7 31
7 33
7 35
7 61
7 64
7 65
7 77
7 91
7 92
7 93
7 100
7 102
8 8
8 9
8 14
8 15
8 22
8 23
8 24
8 35
8 64
8 65
8 74
8 75
8 76
8 77
8 91
8 92
8 93
8 100
8 102
8 113
9 9
9 11
9 12
9 13
9 15
9 25
9 29
9 35
9 61
9 64
9 65
9 92
9 100
9 102
10 10
10 11
10 12
10 13
10 14
10 18
10 22
10 28
10 64
10 65
10 74
10 82
10 84
11 11
11 12
11 13
11 14
11 15
11 17
11 29
11 30
11 31
11 33
11 41
11 60
11 61
11 63
11 64
11 65
11 72
11 73
11 74
11 75
11 76
11 77
11 82
11 83
12 12
12 13
12 14
12 15
12 16
12 17
12 29
12 44
12 58
12 60
12 61
12 62
12 63
12 64
12 72
12 73
12 74
12 75
13 13
13 14
13 15
13 17
13 29
13 33
13 60
13 61
13 63
13 64
13 65
13 72
13 74
13 75
13 77
13 83
14 14
14 15
14 18
14 22
14 26
14 27
14 28
14 38
14 64
14 74
14 82
14 86
15 15
15 29
15 41
15 61
15 70
15 73
15 74
15 75
15 76
15 77
15 82
15 83
15 92
15 93
16 16
16 17
16 28
16 29
16 32
16 36
16 44
16 46
16 49
16 54
16 56
16 57
16 60
16 62
16 63
16 72
16 74
16 78
16 79
16 80
16 81
16 84
16 98
17 17
17 28
17 29
17 32
17 41
17 44
17 49
17 54
17 55
17 56
17 57
17 60
17 61
17 62
17 63
17 72
17 74
17 78
17 79
17 80
17 81
17 83
18 18
18 19
18 28
18 32
18 80
18 82
18 83
19 19
19 32
19 56
19 57
19 63
19 68
19 69
19 80
19 81
19 82
19 83
19 84
19 85
19 89
20 20
20 21
20 23
20 24
20 25
20 26
20 27
20 34
20 38
20 71
20 88
20 97
20 111
20 114
21 21
21 22
21 23
21 24
21 25
21 26
21 27
21 30
21 31
21 34
21 38
21 39
21 47
21 50
21 71
21 79
21 92
21 94
21 97
21 105
21 110
21 114
22 22
22 23
22 24
22 25
22 26
22 27
22 30
22 31
22 37
22 38
22 50
22 64
22 67
22 69
22 70
22 82
22 86
22 87
22 88
22 92
22 93
22 94
22 105
22 112
22 113
22 114
23 23
23 24
23 25
23 26
23 27
23 30
23 31
23 34
23 35
23 39
23 50
23 64
23 65
23 67
23 69
23 70
23 71
23 77
23 86
23 87
23 88
23 91
23 92
23 93
23 94
23 97
23 100
23 102
23 103
23 104
23 105
23 109
23 110
23 113
24 24
24 25
24 26
24 27
24 30
24 31
24 34
24 35
24 45
24 48
24 50
24 64
24 65
24 67
24 69
24 71
24 91
24 92
24 93
24 95
24 102
24 104
24 105
24 109
24 110
24 111
24 112
24 113
24 114
24 115
25 25
25 27
25 30
25 31
25 34
25 35
25 45
25 47
25 50
25 64
25 65
25 67
25 71
25 92
25 93
25 94
25 97
25 102
25 110
25 111
26 26
26 27
26 38
26 48
26 50
26 54
26 71
26 88
26 94
26 104
26 105
26 106
26 112
26 114
26 115
27 27
27 31
27 37
27 38
27 39
27 47
27 48
27 50
27 67
27 82
27 86
27 88
27 92
27 94
27 110
27 113
28 28
28 29
28 30
28 36
28 38
28 40
28 41
28 54
28 56
28 70
28 72
28 73
28 74
28 78
28 79
28 80
28 81
28 82
28 83
28 84
28 108
28 114
29 29
29 32
29 33
29 41
29 44
29 60
29 61
29 62
29 63
29 72
29 73
29 74
29 76
29 77
29 80
29 81
29 83
30 30
30 31
30 33
30 34
30 40
30 42
30 45
30 64
30 65
30 71
30 75
30 77
30 78
30 108
31 31
31 33
31 34
31 64
31 65
31 71
31 77
31 78
31 92
31 94
31 108
31 113
32 32
32 33
32 36
32 40
32 44
32 46
32 49
32 52
32 54
32 56
32 57
32 58
32 59
32 60
32 61
32 62
32 63
32 66
32 68
32 72
32 79
32 80
32 81
32 83
32 84
32 85
32 96
32 98
33 33
33 35
33 44
33 60
33 61
33 62
33 63
33 72
33 78
33 80
33 81
33 83
34 34
34 35
34 45
34 64
34 65
34 114
35 35
35 45
35 64
35 65
35 67
35 76
35 77
35 90
35 91
35 92
35 93
35 100
35 102
35 103
35 107
35 110
35 111
36 36
36 37
36 38
36 40
36 41
36 46
36 51
36 53
36 54
36 55
36 57
36 62
36 63
36 72
36 73
36 74
36 76
36 78
36 79
36 80
36 81
36 96
36 98
36 114
37 37
37 39
37 41
37 55
37 70
37 73
37 76
37 77
37 78
37 87
37 91
37 93
37 94
37 97
37 103
37 104
37 105
37 109
37 112
37 113
38 38
38 39
38 43
38 46
38 47
38 50
38 54
38 55
38 57
38 81
38 85
38 87
38 94
38 96
39 39
39 47
39 55
39 68
39 71
39 83
39 87
39 89
39 90
39 91
39 93
39 94
39 96
39 97
39 103
39 105
39 107
39 109
40 40
40 41
40 42
40 43
40 54
40 62
40 72
40 73
40 74
40 75
40 78
40 79
40 80
40 81
40 96
40 98
41 41
41 62
41 63
41 72
41 73
41 74
41 75
41 76
41 77
41 78
41 79
41 81
41 83
42 42
42 43
42 44
42 45
42 46
42 47
42 49
42 50
42 51
42 52
42 53
42 55
42 56
42 78
42 79
42 94
42 96
42 98
43 43
43 44
43 45
43 46
43 47
43 49
43 50
43 51
43 52
43 53
43 54
43 55
43 56
43 78
43 79
43 94
43 96
43 98
44 44
44 45
44 46
44 49
44 51
44 55
44 56
44 57
44 60
44 61
44 62
44 63
44 66
44 72
44 78
44 79
44 80
44 81
44 84
44 98
45 45
45 47
45 49
45 50
45 67
45 107
45 110
46 46
46 47
46 49
46 50
46 51
46 52
46 53
46 54
46 55
46 56
46 57
46 58
46 66
46 68
46 79
46 80
46 81
46 96
46 98
47 47
47 49
47 53
47 55
47 57
47 67
47 68
47 87
47 96
47 97
47 98
47 110
48 48
48 49
48 50
48 51
48 52
48 59
48 67
48 90
48 93
48 99
48 102
48 103
48 104
48 105
48 113
49 49
49 51
49 52
49 53
49 54
49 55
49 56
49 57
49 59
49 66
49 96
49 98
50 50
50 51
50 53
50 54
50 64
50 66
50 67
50 88
50 94
50 96
50 104
50 105
50 108
50 110
50 113
50 114
50 115
51 51
51 52
51 53
51 54
51 55
51 59
51 66
51 96
51 98
51 104
52 52
52 53
52 54
52 55
52 56
52 58
52 59
52 60
52 61
52 62
52 63
52 66
52 96
52 98
53 53
53 54
53 55
53 58
53 59
53 66
53 96
53 98
54 54
54 55
54 56
54 57
54 58
54 59
54 63
54 66
54 68
54 72
54 80
54 81
54 88
54 96
54 98
55 55
55 59
55 62
55 78
55 81
55 87
55 89
55 96
55 97
55 98
55 99
56 56
56 57
56 58
56 60
56 62
56 63
56 66
56 68
56 78
56 79
56 80
56 81
56 84
56 85
56 96
56 98
57 57
57 58
57 59
57 60
57 63
57 66
57 68
57 79
57 80
57 81
57 84
57 85
57 88
57 96
57 98
58 58
58 59
58 60
58 61
58 62
58 63
58 66
58 68
58 90
58 96
58 98
59 59
59 60
59 61
59 62
59 63
59 66
59 68
59 89
59 90
59 96
59 98
60 60
60 61
60 62
60 63
60 66
60 72
60 80
60 81
60 98
61 61
61 62
61 63
61 64
61 65
61 72
61 80
61 83
62 62
62 63
62 72
62 73
62 78
62 80
62 81
62 83
62 84
62 89
62 98
63 63
63 72
63 78
63 80
63 81
63 83
63 84
63 98
64 64
64 65
64 82
64 88
65 65
65 77
65 92
66 66
66 68
66 84
66 96
66 98
66 101
67 67
67 69
67 90
67 91
67 92
67 93
67 97
67 99
67 100
67 102
67 103
67 104
67 105
67 107
67 109
67 110
67 111
67 113
68 68
68 69
68 80
68 81
68 86
68 89
68 90
68 96
68 101
68 111
69 69
69 70
69 90
69 91
69 92
69 93
69 97
69 100
69 101
69 102
69 103
69 105
69 109
69 110
70 70
70 71
70 74
70 75
70 77
70 91
70 92
70 93
70 94
70 95
70 99
70 101
70 105
70 109
70 111
70 112
71 71
71 75
71 77
71 91
71 92
71 93
71 94
71 95
71 97
71 102
71 105
71 109
71 112
72 72
72 73
72 74
72 76
72 78
72 80
72 81
72 83
72 84
73 73
73 74
73 75
73 76
73 77
73 104
73 112
74 74
74 75
74 76
74 77
74 82
75 75
75 76
75 77
75 92
75 93
76 76
76 77
76 92
76 93
76 99
76 104
77 77
77 91
77 92
77 93
77 100
77 102
78 78
78 79
78 80
78 81
78 84
78 85
78 95
78 96
78 113
78 114
79 79
79 80
79 81
79 83
79 84
79 85
79 96
80 80
80 81
80 83
80 84
80 85
81 81
81 83
81 84
81 85
81 98
82 82
82 83
82 86
82 88
83 83
83 85
83 87
83 89
83 107
84 84
84 85
84 86
84 88
85 85
85 87
85 88
86 86
86 88
87 87
87 89
87 96
88 88
88 114
89 89
89 90
89 91
89 103
89 106
89 107
90 90
90 91
90 92
90 93
90 97
90 99
90 100
90 101
90 102
90 103
90 105
90 106
90 110
90 111
90 112
91 91
91 92
91 93
91 97
91 99
91 100
91 102
91 103
91 104
91 105
91 106
91 109
91 110
91 111
91 112
92 92
92 93
92 97
92 99
92 100
92 101
92 102
92 103
92 104
92 105
92 106
92 110
92 112
93 93
93 94
93 97
93 99
93 100
93 101
93 102
93 103
93 104
93 105
93 106
93 109
93 110
93 111
93 112
93 113
94 94
94 95
94 97
94 102
94 103
94 104
94 105
94 106
94 108
94 109
94 112
94 113
94 114
95 95
95 97
95 99
95 102
95 104
95 105
95 108
95 109
95 111
95 112
95 113
95 115
96 96
96 98
97 97
97 99
97 100
97 102
97 103
97 104
97 105
97 106
97 107
97 108
97 109
97 110
97 111
97 112
97 115
98 98
98 99
98 108
99 99
99 100
99 101
99 102
99 103
99 105
99 111
99 112
99 113
100 100
100 101
100 102
100 103
100 104
100 105
100 106
100 111
100 112
100 113
101 101
101 102
101 103
101 105
101 110
101 111
101 112
101 113
101 115
102 102
102 103
102 104
102 105
102 106
102 107
102 109
102 110
102 111
102 112
102 113
102 115
103 103
103 104
103 105
103 106
103 107
103 110
103 111
103 113
103 115
104 104
104 105
104 106
104 107
104 109
104 111
104 112
104 113
104 114
104 115
105 105
105 106
105 107
105 112
105 113
105 114
105 115
106 106
106 112
106 114
106 115
107 107
107 114
108 108
108 109
108 113
108 114
109 109
109 111
109 112
109 115
110 110
110 111
111 111
111 112
111 113
111 115
112 112
112 113
112 114
112 115
113 113
113 114
113 115
114 114
114 115
115 115
