0 0
0 1
0 2
0 3
0 18
0 19
0 21
0 26
0 27
0 56
0 57
0 58
0 59
0 60
0 61
0 66
0 68
0 87
0 88
0 89
0 99
0 101
0 112
1 1
1 3
1 16
1 17
1 18
1 19
1 21
1 41
1 56
1 57
1 59
1 61
1 62
1 63
1 68
1 70
1 73
1 74
1 75
1 78
1 81
1 83
1 112
2 2
2 3
2 6
2 7
2 12
2 18
2 22
2 23
2 32
2 39
2 58
2 60
2 64
2 66
2 87
2 88
2 89
2 93
2 107
3 3
3 6
3 7
3 18
3 19
3 21
3 22
3 23
3 68
3 87
3 88
3 89
3 92
4 4
4 5
4 8
4 9
4 14
4 15
4 20
4 24
4 26
4 27
4 42
4 44
4 45
4 46
4 48
4 49
4 50
4 51
4 52
4 53
4 54
4 58
4 59
4 84
4 85
4 88
4 89
4 104
4 105
4 107
5 5
5 8
5 9
5 14
5 15
5 20
5 24
5 25
5 26
5 27
5 30
5 35
5 42
5 43
5 44
5 45
5 46
5 47
5 48
5 49
5 50
5 51
5 52
5 53
5 54
5 71
5 75
5 84
5 90
5 102
5 106
6 6
6 7
6 11
6 12
6 13
6 18
6 19
6 22
6 28
6 32
6 39
6 60
6 82
6 86
6 87
6 92
6 93
7 7
7 11
7 19
7 22
7 23
7 33
7 88
7 89
7 92
7 93
8 8
8 9
8 12
8 13
8 14
8 15
8 24
8 25
8 30
8 34
8 44
8 46
8 48
8 50
8 51
8 54
8 55
8 64
8 71
8 84
8 90
8 91
8 94
8 96
8 98
8 100
8 114
8 115
9 9
9 11
9 13
9 14
9 15
9 24
9 25
9 29
9 30
9 31
9 34
9 44
9 45
9 46
9 47
9 48
9 49
9 50
9 51
9 53
9 54
9 55
9 65
9 71
9 75
9 84
9 90
9 91
9 96
9 98
9 100
9 106
9 114
10 10
10 11
10 12
10 13
10 14
10 15
10 16
10 28
10 60
10 62
10 64
10 72
10 77
10 78
10 91
10 92
10 93
10 99
10 105
10 112
10 113
10 114
10 115
11 11
11 12
11 13
11 15
11 17
11 28
11 29
11 30
11 31
11 32
11 33
11 65
11 72
11 73
11 75
12 12
12 13
12 14
12 16
12 22
12 28
12 34
12 60
12 64
12 72
12 77
12 86
12 91
12 92
12 93
12 109
12 110
12 113
12 114
12 115
13 13
13 14
13 15
13 16
13 28
13 29
13 30
13 31
13 62
13 72
13 73
13 78
13 79
13 80
13 91
13 92
13 93
13 109
13 113
13 114
13 115
14 14
14 15
14 22
14 24
14 26
14 27
14 34
14 42
14 46
14 48
14 50
14 51
14 52
14 53
14 54
14 55
14 64
14 84
14 87
14 88
14 94
14 96
14 98
14 114
14 115
15 15
15 24
15 26
15 29
15 30
15 34
15 46
15 48
15 50
15 51
15 52
15 53
15 54
15 55
15 64
15 84
15 98
15 114
15 115
16 16
16 17
16 19
16 28
16 29
16 41
16 56
16 57
16 62
16 63
16 70
16 72
16 73
16 74
16 75
16 76
16 78
16 79
16 80
16 81
16 82
16 99
16 109
16 113
16 114
16 115
17 17
17 19
17 28
17 29
17 30
17 31
17 33
17 36
17 40
17 57
17 62
17 63
17 68
17 70
17 71
17 72
17 73
17 74
17 75
17 76
17 78
17 79
17 80
17 81
17 82
17 95
17 111
18 18
18 19
18 22
18 56
18 57
18 58
18 59
18 60
18 66
18 68
18 87
18 88
18 89
19 19
19 29
19 56
19 57
19 62
19 63
19 68
19 69
19 70
19 72
19 73
19 74
19 75
19 80
19 81
19 82
19 83
19 95
20 20
20 21
20 26
20 27
20 38
20 39
20 41
20 42
20 48
20 50
20 52
20 53
20 85
20 88
20 89
20 104
20 105
20 115
21 21
21 23
21 24
21 25
21 26
21 27
21 38
21 39
21 41
21 42
21 57
21 70
21 73
21 75
21 81
21 82
21 83
21 85
21 88
21 89
22 22
22 23
22 50
22 64
22 87
22 88
22 89
22 92
22 93
22 112
23 23
23 25
23 27
23 50
23 64
23 67
23 69
23 87
23 88
23 89
24 24
24 25
24 27
24 30
24 31
24 35
24 42
24 43
24 44
24 45
24 46
24 47
24 48
24 49
24 50
24 51
24 52
24 54
24 55
24 67
24 70
24 71
24 75
24 84
24 85
24 96
24 101
24 102
24 103
24 106
25 25
25 27
25 30
25 31
25 35
25 42
25 43
25 44
25 45
25 48
25 49
25 50
25 51
25 67
25 70
25 71
25 75
25 81
25 101
25 102
25 106
26 26
26 27
26 39
26 41
26 42
26 44
26 46
26 48
26 49
26 50
26 51
26 52
26 53
26 54
26 58
26 85
26 87
26 88
26 89
26 104
26 105
26 107
26 115
27 27
27 42
27 43
27 44
27 45
27 46
27 48
27 49
27 50
27 51
27 52
27 53
27 54
27 58
27 59
27 84
27 85
27 87
27 88
27 89
27 103
27 104
27 105
27 106
27 107
27 108
27 115
28 28
28 29
28 30
28 31
28 32
28 33
28 36
28 40
28 60
28 62
28 63
28 72
28 73
28 74
28 76
28 77
28 78
28 79
28 80
28 81
28 82
28 113
28 114
28 115
29 29
29 30
29 31
29 33
29 36
29 40
29 62
29 63
29 70
29 71
29 72
29 73
29 74
29 75
29 76
29 77
29 78
29 79
29 80
29 81
29 82
29 113
30 30
30 31
30 36
30 70
30 71
30 72
30 75
30 78
30 79
30 80
30 81
30 90
30 100
30 106
30 114
31 31
31 33
31 35
31 36
31 62
31 63
31 70
31 71
31 72
31 73
31 75
31 78
31 79
31 80
31 81
31 113
31 114
32 32
32 33
32 38
32 39
32 60
32 62
32 66
32 72
32 82
33 33
33 35
33 36
33 57
33 61
33 62
33 63
33 69
33 72
33 77
33 78
33 79
33 81
33 82
34 34
34 35
34 37
34 64
34 65
34 67
34 77
34 84
34 91
34 92
34 93
34 110
34 114
35 35
35 37
35 44
35 45
35 64
35 65
35 67
35 71
35 77
35 84
35 106
36 36
36 37
36 38
36 40
36 63
36 72
36 74
36 76
36 78
36 79
36 80
36 81
36 82
36 109
36 110
36 111
37 37
37 38
37 39
37 40
37 41
37 47
37 55
37 77
37 79
37 82
37 94
37 95
37 96
37 97
37 98
37 99
37 109
37 110
37 111
38 38
38 39
38 40
38 41
38 56
38 57
38 69
38 82
38 83
38 86
38 87
38 88
38 89
38 93
38 95
38 97
38 99
38 109
38 110
38 111
39 39
39 41
39 56
39 57
39 69
39 82
39 83
39 86
39 87
39 88
39 89
39 93
39 95
39 97
39 99
39 110
39 111
40 40
40 61
40 62
40 63
40 72
40 74
40 76
40 78
40 79
40 80
40 82
40 95
40 96
40 97
40 109
40 110
40 111
41 41
41 44
41 56
41 73
41 74
41 75
41 82
41 83
41 85
41 87
41 88
41 89
41 95
41 97
41 115
42 42
42 43
42 44
42 45
42 46
42 47
42 48
42 49
42 50
42 51
42 52
42 53
42 54
42 55
42 84
42 85
42 89
42 96
42 98
43 43
43 44
43 45
43 46
43 47
43 48
43 49
43 50
43 51
43 53
43 54
43 55
43 94
43 96
43 98
43 101
43 111
43 112
44 44
44 45
44 46
44 47
44 48
44 49
44 50
44 51
44 54
44 55
44 67
44 96
44 98
44 106
45 45
45 46
45 47
45 48
45 49
45 50
45 51
45 55
45 65
45 67
45 71
45 75
45 101
45 106
46 46
46 47
46 48
46 49
46 50
46 51
46 52
46 53
46 54
46 55
46 84
46 90
46 94
46 96
46 98
46 106
46 111
46 112
47 47
47 48
47 49
47 51
47 53
47 54
47 55
47 90
47 94
47 96
47 97
47 98
47 99
47 106
47 110
47 111
47 112
48 48
48 49
48 50
48 51
48 52
48 53
48 54
48 55
48 58
48 94
48 96
48 98
48 101
48 106
49 49
49 50
49 51
49 52
49 53
49 54
49 55
49 94
49 96
49 98
49 101
49 106
50 50
50 51
50 52
50 53
50 54
50 55
50 64
50 84
50 85
50 89
50 94
50 106
51 51
51 52
51 53
51 54
51 55
51 58
51 65
51 84
51 90
51 94
51 96
51 98
51 101
51 102
51 103
51 106
51 108
52 52
52 53
52 54
52 55
52 56
52 58
52 59
52 83
52 85
52 87
52 88
52 89
53 53
53 54
53 55
53 90
53 96
53 98
53 111
54 54
54 55
54 58
54 84
54 85
54 90
54 94
54 96
54 97
54 98
54 101
54 102
54 103
54 104
54 106
54 108
54 114
55 55
55 84
55 94
55 96
55 97
55 98
55 99
55 101
55 106
55 109
55 111
55 114
56 56
56 57
56 58
56 60
56 62
56 63
56 68
56 80
56 88
56 89
56 99
56 112
56 115
57 57
57 62
57 63
57 68
57 69
57 72
57 78
57 79
57 80
57 81
57 82
57 83
57 95
57 97
57 99
58 58
58 59
58 60
58 61
58 65
58 66
58 67
58 87
58 88
58 89
58 101
58 103
58 104
58 107
59 59
59 60
59 61
59 66
59 67
59 88
59 89
59 101
59 102
59 103
59 104
59 106
59 107
59 108
60 60
60 61
60 62
60 63
60 64
60 66
60 93
60 99
61 61
61 62
61 63
61 65
61 66
61 107
62 62
62 63
62 68
62 72
62 73
62 74
62 76
62 78
62 79
62 80
62 81
62 82
63 63
63 72
63 73
63 74
63 76
63 78
63 79
63 80
63 81
64 64
64 65
64 67
64 84
64 87
64 88
64 92
64 93
65 65
65 67
65 84
65 101
66 66
66 67
66 89
66 101
66 103
66 107
67 67
67 69
67 90
67 101
67 103
67 104
67 106
67 107
67 108
68 68
68 69
68 73
68 76
68 81
68 83
69 69
69 83
69 88
69 95
69 97
70 70
70 71
70 72
70 73
70 74
70 75
70 76
70 78
70 79
70 80
70 81
71 71
71 73
71 75
71 78
71 79
71 80
71 81
71 90
71 95
71 100
71 102
71 106
72 72
72 73
72 74
72 75
72 76
72 77
72 78
72 79
72 80
72 81
72 82
72 113
73 73
73 74
73 75
73 76
73 77
73 78
73 79
73 80
73 81
74 74
74 75
74 76
74 77
74 78
74 79
74 80
74 81
74 82
74 113
75 75
75 76
75 78
75 79
75 80
75 81
75 83
76 76
76 77
76 78
76 79
76 80
76 81
76 82
77 77
77 78
77 79
77 82
77 91
77 92
77 97
77 109
77 110
77 111
77 113
78 78
78 79
78 80
78 81
78 82
78 113
78 114
79 79
79 80
79 81
79 82
79 110
79 113
79 114
80 80
80 81
80 82
80 95
80 99
80 109
80 113
80 114
80 115
81 81
81 82
81 83
81 113
82 82
82 83
82 86
82 87
82 93
82 95
82 97
82 99
82 110
82 111
82 113
83 83
83 85
83 87
83 88
83 89
84 84
84 85
84 90
84 91
84 94
84 96
84 106
84 114
85 85
85 88
85 89
85 114
85 115
86 86
86 87
86 88
86 92
86 93
86 99
86 110
87 87
87 88
87 89
87 93
87 99
87 107
87 112
88 88
88 89
88 93
88 99
88 107
88 112
88 115
89 89
89 99
89 107
89 115
90 90
90 91
90 92
90 96
90 98
90 100
90 102
90 103
90 104
90 106
90 114
91 91
91 92
91 93
91 94
91 96
91 98
91 100
91 103
91 104
91 105
91 108
91 109
91 110
91 111
91 113
91 114
91 115
92 92
92 93
92 95
92 100
92 105
92 110
92 113
93 93
93 99
93 105
93 110
93 112
93 113
93 115
94 94
94 96
94 97
94 98
94 101
94 104
94 106
94 108
94 109
94 114
95 95
95 97
95 109
95 110
95 111
95 113
96 96
96 97
96 98
96 99
96 106
96 108
96 109
96 110
96 111
97 97
97 98
97 99
97 108
97 109
97 110
97 111
98 98
98 99
98 109
98 110
98 111
98 112
98 114
99 99
99 108
99 110
99 111
99 112
99 113
99 115
100 100
100 102
100 103
100 106
101 101
101 102
101 103
101 106
102 102
102 103
102 106
103 103
103 104
103 105
103 106
103 108
103 109
103 110
104 104
104 105
104 107
104 108
104 109
104 114
104 115
105 105
105 107
105 108
105 109
105 114
105 115
106 106
106 107
106 108
107 107
108 108
108 109
109 109
109 110
109 111
109 114
109 115
110 110
110 111
111 111
111 112
112 112
113 113
113 114
114 114
114 115
115 115
