0 0
0 1
0 10
0 11
0 12
0 13
0 14
0 16
0 17
0 18
0 28
0 32
0 36
0 54
0 56
0 57
0 58
0 59
0 60
0 62
0 63
0 66
0 78
0 79
0 81
0 84
1 1
1 11
1 13
1 16
1 17
1 19
1 32
1 51
1 56
1 57
1 59
1 61
1 63
1 66
1 68
1 69
1 80
1 81
1 85
1 97
1 112
2 2
2 3
2 6
2 18
2 21
2 22
2 23
2 25
2 27
2 30
2 31
2 33
2 35
2 48
2 50
2 60
2 64
2 65
2 71
2 86
2 88
2 91
2 93
2 96
2 110
3 3
3 7
3 9
3 21
3 22
3 23
3 31
3 35
3 50
3 64
3 65
3 77
3 86
3 88
3 89
3 91
3 92
3 100
4 4
4 5
4 7
4 8
4 9
4 15
4 24
4 26
4 30
4 33
4 35
4 44
4 45
4 61
4 67
4 68
4 69
4 90
4 101
5 5
5 8
5 15
5 25
5 26
5 27
5 35
5 43
5 45
5 65
5 67
5 101
6 6
6 7
6 8
6 10
6 11
6 12
6 13
6 16
6 18
6 28
6 31
6 33
6 58
6 60
6 62
6 64
6 72
6 75
6 91
7 7
7 9
7 11
7 13
7 15
7 29
7 33
7 35
7 45
7 60
7 61
7 65
7 71
7 73
7 75
7 77
7 90
7 91
7 92
7 100
7 102
7 112
7 113
8 8
8 10
8 12
8 13
8 14
8 15
8 18
8 26
8 27
8 28
8 48
8 50
8 60
8 109
9 9
9 11
9 13
9 15
9 29
9 60
9 61
9 64
9 65
9 92
9 100
9 102
9 104
10 10
10 11
10 12
10 13
10 14
10 16
10 17
10 18
10 22
10 23
10 28
10 36
10 48
10 50
10 52
10 54
10 58
10 60
10 62
10 63
10 64
10 78
10 79
10 81
10 84
10 85
10 86
10 87
10 88
10 96
11 11
11 12
11 13
11 15
11 16
11 17
11 21
11 28
11 29
11 30
11 33
11 36
11 60
11 61
11 62
11 63
11 72
11 78
11 92
11 100
11 104
12 12
12 13
12 14
12 16
12 17
12 18
12 28
12 29
12 48
12 50
12 58
12 60
12 62
12 64
12 72
12 79
12 84
13 13
13 15
13 16
13 17
13 28
13 29
13 58
13 60
13 61
13 65
13 72
13 92
13 101
13 112
14 14
14 16
14 18
14 22
14 26
14 27
14 28
14 36
14 38
14 46
14 48
14 50
14 52
14 53
14 54
14 55
14 62
14 64
14 79
14 82
14 84
14 87
14 88
14 99
15 15
15 19
15 26
15 29
15 61
15 65
15 92
15 102
16 16
16 17
16 18
16 28
16 29
16 32
16 36
16 56
16 57
16 60
16 62
16 63
16 64
16 72
16 78
16 79
16 80
16 81
16 84
16 85
17 17
17 21
17 28
17 29
17 30
17 32
17 36
17 49
17 56
17 57
17 62
17 63
17 72
17 73
17 74
17 78
17 79
17 80
17 81
17 85
17 104
18 18
18 19
18 22
18 27
18 28
18 36
18 42
18 46
18 50
18 54
18 62
18 64
18 66
18 72
18 74
18 76
18 79
18 83
18 84
18 88
18 109
19 19
19 20
19 34
19 37
19 39
19 40
19 41
19 47
19 68
19 69
19 73
19 76
19 77
19 82
19 83
19 90
19 94
19 95
19 97
19 102
19 105
19 108
19 111
19 115
20 20
20 21
20 24
20 26
20 29
20 34
20 37
20 38
20 39
20 41
20 70
20 71
20 72
20 73
20 74
20 75
20 77
20 82
20 83
20 97
20 99
20 103
20 112
21 21
21 22
21 23
21 24
21 25
21 26
21 27
21 29
21 30
21 31
21 64
21 70
21 71
21 75
21 78
21 79
21 86
21 103
21 104
21 114
22 22
22 23
22 25
22 27
22 30
22 31
22 43
22 48
22 50
22 53
22 54
22 64
22 79
22 84
22 86
22 87
22 88
22 89
22 96
22 110
23 23
23 25
23 27
23 30
23 31
23 64
23 71
23 78
23 86
23 87
23 88
23 89
23 91
23 93
23 96
23 100
23 103
23 110
23 114
24 24
24 25
24 29
24 30
24 31
24 35
24 44
24 45
24 49
24 67
24 70
24 71
24 75
24 77
24 95
24 114
25 25
25 27
25 30
25 31
25 43
25 50
25 64
25 67
25 71
25 88
25 93
25 96
25 110
26 26
26 27
26 37
26 38
26 39
26 55
26 59
26 67
26 82
26 97
26 99
26 101
27 27
27 39
27 43
27 48
27 50
27 54
27 55
27 57
27 64
27 78
27 86
27 87
27 88
27 89
27 96
27 110
28 28
28 29
28 30
28 32
28 36
28 62
28 63
28 64
28 66
28 70
28 72
28 73
28 74
28 76
28 78
28 79
28 80
28 81
28 84
28 109
29 29
29 30
29 31
29 33
29 36
29 49
29 70
29 71
29 72
29 73
29 74
29 75
29 76
29 77
29 79
29 104
30 30
30 31
30 33
30 35
30 44
30 45
30 49
30 71
30 72
30 75
31 31
31 33
31 35
31 45
31 64
31 71
31 75
31 78
31 86
31 93
31 100
31 110
31 113
31 114
32 32
32 33
32 36
32 56
32 57
32 59
32 62
32 63
32 66
32 68
32 72
32 78
32 80
32 81
32 101
33 33
33 35
33 60
33 61
33 65
33 67
33 71
33 76
33 77
33 92
33 100
33 101
33 107
33 113
34 34
34 35
34 37
34 40
34 41
34 66
34 70
34 77
34 90
34 94
34 95
34 105
34 107
34 108
34 109
34 110
34 111
34 114
34 115
35 35
35 41
35 45
35 65
35 67
35 71
35 75
35 77
35 90
35 91
35 92
35 95
35 100
35 103
35 105
35 110
35 113
35 114
35 115
36 36
36 37
36 38
36 40
36 54
36 56
36 62
36 63
36 66
36 70
36 72
36 73
36 74
36 75
36 76
36 78
36 79
36 80
36 81
36 84
36 85
37 37
37 38
37 39
37 40
37 41
37 42
37 46
37 47
37 54
37 67
37 70
37 73
37 74
37 75
37 76
37 77
37 82
37 83
37 86
37 90
37 94
37 95
37 97
37 99
37 105
37 106
37 107
37 108
37 110
37 111
37 115
38 38
38 39
38 40
38 41
38 42
38 46
38 47
38 53
38 54
38 55
38 57
38 74
38 76
38 82
38 83
38 86
38 94
38 95
38 97
38 99
38 106
38 108
38 110
38 111
38 115
39 39
39 40
39 41
39 47
39 54
39 57
39 67
39 76
39 77
39 82
39 83
39 86
39 87
39 89
39 94
39 95
39 97
39 99
39 110
39 111
39 112
39 115
40 40
40 41
40 46
40 47
40 54
40 66
40 73
40 74
40 75
40 76
40 77
40 82
40 83
40 94
40 95
40 97
40 99
40 105
40 107
40 108
40 110
40 111
40 112
40 115
41 41
41 42
41 46
41 47
41 67
41 70
41 73
41 74
41 75
41 76
41 77
41 82
41 83
41 90
41 94
41 95
41 97
41 99
41 105
41 107
41 108
41 110
41 111
41 112
41 114
41 115
42 42
42 43
42 44
42 45
42 46
42 47
42 49
42 50
42 53
42 55
42 74
42 76
42 77
42 94
42 95
42 96
42 97
42 98
42 99
42 108
42 109
42 110
42 111
42 115
43 43
43 44
43 45
43 46
43 47
43 48
43 49
43 50
43 51
43 53
43 55
43 74
43 95
43 96
43 98
43 108
43 109
43 110
43 111
44 44
44 45
44 46
44 47
44 49
44 51
44 53
44 55
44 104
44 105
45 45
45 47
45 49
45 51
45 67
45 71
45 77
45 95
45 100
45 105
46 46
46 47
46 48
46 49
46 50
46 51
46 52
46 53
46 55
46 74
46 76
46 84
46 90
46 94
46 95
46 96
46 98
46 99
46 108
46 109
46 110
46 111
47 47
47 49
47 51
47 53
47 55
47 67
47 77
47 82
47 83
47 90
47 94
47 95
47 96
47 97
47 98
47 99
47 105
47 108
47 110
47 111
47 115
48 48
48 50
48 51
48 52
48 53
48 54
48 55
48 58
48 60
48 64
48 65
48 84
48 87
48 88
48 89
48 96
48 98
48 109
49 49
49 51
49 53
49 55
49 57
49 79
49 80
49 98
49 104
50 50
50 51
50 52
50 53
50 54
50 55
50 64
50 84
50 85
50 86
50 87
50 88
50 89
50 96
50 109
51 51
51 52
51 53
51 55
51 57
51 59
51 69
51 80
51 81
51 85
51 98
51 99
51 109
51 111
52 52
52 53
52 54
52 55
52 58
52 59
52 84
52 87
52 88
52 89
52 90
52 98
52 99
53 53
53 55
53 66
53 89
53 96
53 98
53 99
53 109
53 111
54 54
54 55
54 64
54 82
54 84
54 86
54 87
54 88
54 89
54 96
54 98
54 99
54 110
55 55
55 59
55 82
55 89
55 96
55 97
55 98
55 99
55 111
56 56
56 57
56 59
56 66
56 68
56 69
56 72
56 78
56 79
56 80
56 81
56 85
57 57
57 59
57 66
57 68
57 69
57 78
57 79
57 80
57 81
57 85
58 58
58 59
58 60
58 61
58 63
58 65
58 66
58 89
59 59
59 61
59 63
59 66
59 67
59 68
59 69
59 80
59 81
59 83
59 85
59 89
60 60
60 61
60 62
60 63
60 64
60 65
60 88
60 91
60 92
60 101
61 61
61 63
61 65
61 90
61 92
61 100
61 101
62 62
62 63
62 64
62 66
62 72
62 78
62 79
62 80
62 81
62 84
62 85
63 63
63 66
63 72
63 78
63 79
63 80
63 81
63 84
63 85
64 64
64 78
64 79
64 84
64 85
64 86
64 87
64 88
64 89
64 91
64 96
64 100
65 65
65 67
65 90
65 91
65 92
65 100
66 66
66 68
66 69
66 80
66 81
66 83
66 84
66 85
66 89
66 97
66 108
66 109
66 112
67 67
67 69
67 82
67 94
67 105
67 107
67 110
67 115
68 68
68 69
68 80
68 81
68 83
68 85
68 97
69 69
69 80
69 81
69 102
69 105
69 115
70 70
70 71
70 72
70 73
70 74
70 75
70 76
70 77
70 95
70 114
70 115
71 71
71 73
71 75
71 77
71 91
71 92
71 93
71 103
71 104
71 113
71 114
72 72
72 73
72 74
72 75
72 76
72 77
72 79
72 80
72 81
72 84
72 112
73 73
73 74
73 75
73 76
73 77
73 79
73 95
73 99
73 102
73 111
74 74
74 75
74 76
74 77
74 79
74 95
74 97
74 99
74 111
75 75
75 76
75 77
75 95
75 103
75 111
75 114
76 76
76 77
76 82
76 86
76 95
76 97
76 99
76 108
76 111
76 112
77 77
77 82
77 90
77 92
77 94
77 95
77 103
77 105
77 107
77 108
77 110
77 111
77 114
77 115
78 78
78 79
78 80
78 81
78 85
78 100
78 104
79 79
79 80
79 81
80 80
80 81
80 84
80 85
81 81
81 84
81 85
82 82
82 83
82 86
82 87
82 89
82 90
82 94
82 95
82 97
82 98
82 99
82 110
82 111
82 115
83 83
83 90
83 94
83 95
83 97
83 99
83 105
83 107
83 108
83 111
83 112
83 115
84 84
84 85
84 87
84 88
84 89
85 85
85 89
85 104
86 86
86 87
86 88
86 89
86 91
86 96
86 110
87 87
87 88
87 89
87 91
87 96
87 110
88 88
88 89
88 91
88 96
89 89
89 96
90 90
90 91
90 92
90 94
90 95
90 98
90 99
90 100
90 102
90 105
90 108
90 111
90 115
91 91
91 92
91 93
91 96
91 98
91 103
91 104
91 106
91 107
91 113
91 114
92 92
92 93
92 100
92 101
92 106
92 107
92 113
93 93
93 101
93 103
93 104
93 106
93 107
93 113
93 114
94 94
94 95
94 96
94 97
94 99
94 101
94 105
94 107
94 108
94 110
94 111
94 115
95 95
95 97
95 98
95 99
95 105
95 106
95 107
95 108
95 109
95 110
95 111
95 112
95 115
96 96
96 98
96 103
96 104
96 110
96 111
97 97
97 99
97 105
97 106
97 107
97 108
97 110
97 111
97 112
97 115
98 98
98 99
98 100
98 110
98 111
99 99
99 108
99 110
99 111
99 112
100 100
101 101
101 106
101 107
101 112
101 113
101 114
101 115
102 102
102 103
102 104
102 105
102 113
103 103
103 104
103 105
103 110
103 113
103 114
103 115
104 104
104 105
104 109
104 113
104 114
105 105
105 107
105 108
105 111
105 115
106 106
106 107
106 108
106 113
106 115
107 107
107 108
107 113
107 114
107 115
108 108
108 109
108 110
108 111
108 115
109 109
109 111
109 112
110 110
110 111
110 114
110 115
111 111
111 112
111 115
112 112
113 113
113 114
113 115
114 114
114 115
115 115
