0 0
0 1
0 6
0 10
0 16
0 19
0 43
0 46
0 47
0 57
0 63
0 74
0 75
0 76
0 91
0 94
0 98
0 99
0 100
0 102
0 109
0 111
0 113
1 1
1 17
1 19
1 42
1 43
1 46
1 47
1 52
1 54
1 55
1 57
1 63
1 73
1 74
1 76
1 90
1 98
1 99
1 100
1 102
1 111
2 2
2 4
2 5
2 6
2 8
2 9
2 12
2 14
2 22
2 23
2 24
2 25
2 27
2 58
2 60
2 64
2 70
2 78
2 87
2 88
2 91
2 93
2 94
2 102
2 103
2 108
2 109
2 113
2 114
3 3
3 7
3 9
3 11
3 13
3 15
3 22
3 23
3 31
3 61
3 65
3 77
3 82
3 85
3 92
3 107
4 4
4 8
4 9
4 10
4 12
4 14
4 15
4 20
4 23
4 24
4 26
4 30
4 31
4 33
4 64
4 70
4 75
4 80
4 83
4 84
4 88
4 91
4 93
4 94
4 101
4 105
5 5
5 9
5 12
5 22
5 23
5 24
5 25
5 27
5 50
5 58
5 64
5 65
5 66
5 67
5 84
5 88
5 93
6 6
6 7
6 8
6 10
6 11
6 12
6 16
6 23
6 60
6 62
6 64
6 70
6 78
6 91
6 92
6 93
6 94
6 99
6 100
6 102
6 103
6 105
6 112
7 7
7 9
7 10
7 11
7 13
7 15
7 23
7 28
7 29
7 31
7 33
7 61
7 65
7 71
7 72
7 73
7 77
7 85
7 92
7 104
7 107
8 8
8 9
8 10
8 12
8 14
8 23
8 60
8 64
8 65
8 75
8 84
8 88
8 91
8 93
8 115
9 9
9 11
9 12
9 13
9 14
9 15
9 22
9 23
9 24
9 36
9 61
9 64
9 65
9 84
9 88
9 92
9 93
10 10
10 11
10 12
10 13
10 14
10 16
10 28
10 60
10 61
10 62
10 63
10 72
10 75
10 78
10 80
10 100
10 103
10 104
10 105
10 112
11 11
11 12
11 13
11 15
11 28
11 29
11 36
11 52
11 61
11 62
11 65
11 72
11 73
11 74
11 75
11 76
11 85
11 92
11 100
12 12
12 13
12 14
12 16
12 58
12 60
12 61
12 63
12 65
12 72
12 75
12 78
12 79
12 80
12 81
12 88
12 93
12 101
12 103
12 104
13 13
13 15
13 29
13 40
13 52
13 53
13 60
13 61
13 63
13 65
13 72
13 73
13 76
13 92
13 100
13 107
14 14
14 15
14 18
14 20
14 22
14 23
14 24
14 33
14 60
14 64
14 82
14 84
14 86
14 88
14 91
14 93
15 15
15 23
15 28
15 29
15 30
15 31
15 32
15 33
15 35
15 52
15 62
15 65
15 71
15 72
15 73
15 74
15 75
15 77
15 82
15 83
15 84
15 85
15 92
16 16
16 17
16 36
16 40
16 56
16 57
16 62
16 63
16 73
16 75
16 76
16 78
16 79
16 80
16 94
16 95
16 97
16 99
16 100
16 103
16 109
16 111
16 112
17 17
17 19
17 28
17 29
17 32
17 36
17 56
17 57
17 62
17 63
17 72
17 73
17 74
17 75
17 76
17 78
17 79
17 80
17 81
17 83
17 95
17 100
17 101
17 106
18 18
18 19
18 20
18 22
18 28
18 30
18 31
18 32
18 33
18 64
18 71
18 74
18 75
18 82
18 84
18 86
18 87
19 19
19 21
19 35
19 39
19 41
19 42
19 43
19 44
19 46
19 47
19 55
19 72
19 74
19 76
19 77
19 83
19 90
19 94
19 95
19 96
19 97
19 98
19 101
19 110
19 111
19 113
19 114
19 115
20 20
20 21
20 22
20 24
20 25
20 26
20 27
20 30
20 31
20 33
20 34
20 35
20 37
20 38
20 39
20 41
20 64
20 70
20 71
20 82
20 83
20 86
20 87
20 109
20 110
21 21
21 26
21 37
21 38
21 39
21 40
21 41
21 46
21 47
21 67
21 82
21 86
21 87
21 94
21 96
21 97
21 108
21 109
21 111
21 113
21 114
21 115
22 22
22 23
22 24
22 25
22 27
22 30
22 31
22 33
22 64
22 67
22 82
22 84
22 86
22 87
22 88
22 91
22 93
23 23
23 24
23 25
23 27
23 30
23 31
23 38
23 64
23 82
23 84
23 86
23 87
23 88
23 91
23 92
23 93
23 94
23 97
24 24
24 25
24 26
24 27
24 38
24 64
24 65
24 67
24 84
24 88
24 93
25 25
25 26
25 27
25 30
25 31
25 34
25 37
25 38
25 39
25 64
25 67
25 70
25 82
25 84
25 86
25 87
25 88
25 93
25 96
25 108
25 109
25 110
25 114
26 26
26 27
26 30
26 34
26 38
26 39
26 41
26 57
26 70
26 78
26 80
26 81
26 82
26 86
26 87
26 105
26 110
27 27
27 30
27 31
27 34
27 37
27 38
27 39
27 64
27 67
27 82
27 84
27 86
27 87
27 88
27 91
27 93
27 94
27 96
27 108
27 109
27 110
27 113
27 114
28 28
28 29
28 31
28 32
28 33
28 34
28 35
28 44
28 49
28 61
28 62
28 63
28 71
28 72
28 74
28 80
28 81
28 83
28 85
28 101
28 104
29 29
29 35
29 36
29 37
29 41
29 42
29 49
29 52
29 53
29 61
29 62
29 63
29 71
29 72
29 73
29 76
29 77
29 80
29 81
29 83
29 98
29 100
30 30
30 31
30 32
30 33
30 34
30 35
30 70
30 71
30 82
30 86
30 87
30 105
30 110
31 31
31 32
31 33
31 34
31 35
31 70
31 71
31 74
31 75
31 77
31 82
31 83
31 84
31 85
31 86
31 87
31 110
32 32
32 33
32 34
32 35
32 57
32 63
32 66
32 69
32 71
32 72
32 74
32 78
32 79
32 80
32 81
32 85
32 101
32 104
32 110
33 33
33 34
33 35
33 64
33 65
33 71
33 72
33 75
33 80
33 81
33 84
33 85
33 101
33 103
33 110
34 34
34 35
34 37
34 41
34 44
34 45
34 54
34 59
34 66
34 67
34 69
34 71
34 81
34 82
34 85
34 89
34 110
35 35
35 37
35 41
35 44
35 45
35 54
35 66
35 67
35 69
35 71
35 72
35 77
35 81
35 82
35 85
35 110
36 36
36 37
36 39
36 40
36 41
36 57
36 63
36 73
36 76
36 77
36 79
36 80
36 81
36 96
37 37
37 38
37 39
37 41
37 43
37 47
37 54
37 55
37 67
37 68
37 69
37 73
37 76
37 77
37 86
37 96
37 110
37 111
37 113
37 114
38 38
38 39
38 41
38 43
38 47
38 51
38 54
38 55
38 67
38 82
38 86
38 87
38 94
38 96
38 97
38 108
38 109
38 110
38 111
38 113
38 114
39 39
39 41
39 47
39 54
39 55
39 67
39 82
39 86
39 87
39 90
39 94
39 95
39 96
39 97
39 99
39 108
39 109
39 110
39 111
39 113
39 114
39 115
40 40
40 41
40 59
40 97
40 104
40 107
41 41
41 42
41 43
41 44
41 46
41 47
41 49
41 54
41 55
41 69
41 71
41 77
41 81
41 83
41 96
41 101
41 110
42 42
42 43
42 44
42 45
42 46
42 47
42 48
42 49
42 51
42 53
42 55
42 74
42 90
42 96
42 98
42 100
42 106
42 109
42 110
42 111
43 43
43 44
43 45
43 46
43 47
43 48
43 49
43 51
43 53
43 55
43 96
43 98
43 100
43 106
43 109
43 110
43 111
44 44
44 45
44 46
44 47
44 48
44 49
44 51
44 53
44 55
44 69
44 81
44 98
44 101
44 110
45 45
45 46
45 47
45 48
45 49
45 55
45 98
45 101
45 110
46 46
46 47
46 48
46 49
46 51
46 53
46 54
46 55
46 90
46 96
46 98
46 99
46 100
46 106
46 109
46 111
46 112
46 113
47 47
47 48
47 49
47 51
47 53
47 54
47 55
47 69
47 96
47 98
47 109
47 110
47 111
48 48
48 49
48 50
48 51
48 52
48 53
48 54
48 55
48 69
48 90
48 98
48 100
49 49
49 51
49 53
49 54
49 55
49 69
49 98
49 100
49 106
50 50
50 51
50 52
50 53
50 54
50 55
50 58
50 59
50 66
50 89
50 91
50 96
50 97
50 99
50 100
50 102
50 112
51 51
51 52
51 53
51 54
51 55
51 89
51 90
51 96
51 97
51 98
51 100
52 52
52 53
52 54
52 55
52 61
52 63
52 72
52 73
52 74
52 77
52 89
52 90
52 98
52 99
52 100
53 53
53 54
53 55
53 89
53 90
53 98
53 99
53 100
54 54
54 55
54 59
54 66
54 67
54 69
54 85
54 86
54 89
54 98
54 110
55 55
55 69
55 89
55 90
55 96
55 98
55 100
55 110
55 111
56 56
56 57
56 58
56 68
56 78
56 79
56 80
56 81
57 57
57 59
57 63
57 66
57 68
57 69
57 78
57 79
57 80
57 81
57 103
58 58
58 59
58 60
58 66
58 67
58 68
58 88
58 104
58 107
58 112
59 59
59 61
59 65
59 66
59 67
59 68
59 69
59 104
59 107
60 60
60 61
60 64
60 66
60 68
60 78
60 88
60 91
60 93
60 103
60 104
61 61
61 63
61 65
61 72
61 73
61 85
61 92
61 100
61 104
62 62
62 63
62 72
62 73
62 74
62 75
62 80
62 84
62 90
62 94
62 95
62 99
62 100
62 101
62 106
63 63
63 72
63 73
63 76
63 79
63 80
63 81
63 99
63 100
63 101
63 112
64 64
64 65
64 66
64 67
64 70
64 78
64 82
64 84
64 86
64 87
64 88
64 91
64 93
64 94
64 108
65 65
65 66
65 67
65 68
65 84
65 85
65 88
65 92
66 66
66 67
66 68
66 69
66 81
66 84
66 85
66 88
66 104
66 110
67 67
67 68
67 69
67 82
67 84
67 86
67 88
67 110
68 68
68 69
68 79
68 88
69 69
69 81
69 107
69 110
70 70
70 71
70 73
70 74
70 75
70 76
70 77
70 87
70 91
70 93
70 94
70 108
70 109
71 71
71 72
71 73
71 74
71 75
71 77
71 81
71 85
71 104
71 110
72 72
72 73
72 74
72 75
72 76
72 77
72 79
72 80
72 81
72 85
72 100
72 101
73 73
73 74
73 75
73 76
73 77
73 80
73 90
73 95
73 99
73 100
73 101
73 111
74 74
74 75
74 76
74 77
74 90
74 92
74 95
74 99
74 100
74 101
74 111
74 113
74 114
75 75
75 76
75 77
75 79
75 83
75 90
75 93
75 94
75 95
75 99
75 101
75 111
75 113
75 114
75 115
76 76
76 77
76 79
76 94
76 95
76 99
76 100
76 101
76 102
76 109
76 111
76 113
77 77
77 83
77 109
77 110
78 78
78 79
78 80
78 81
78 103
78 104
78 105
79 79
79 80
79 81
79 93
79 94
79 95
79 101
79 109
79 111
80 80
80 81
80 83
80 101
80 103
80 104
80 105
81 81
81 83
81 101
81 104
81 110
82 82
82 83
82 84
82 86
82 87
82 114
83 83
83 105
83 107
84 84
84 85
84 86
84 87
84 88
84 93
85 85
85 89
85 92
85 104
85 110
86 86
86 87
86 88
86 94
86 95
86 96
86 97
86 108
86 113
86 114
86 115
87 87
87 88
87 91
87 93
87 94
87 95
87 108
87 109
87 113
87 114
87 115
88 88
88 91
88 93
88 108
89 89
89 90
90 90
90 91
90 94
90 95
90 96
90 97
90 98
90 99
90 100
90 102
90 106
90 111
90 112
90 113
90 114
90 115
91 91
91 93
91 94
91 95
91 96
91 97
91 99
91 102
91 108
91 109
91 111
91 112
91 113
91 114
91 115
92 92
93 93
93 94
93 95
93 101
93 102
93 103
93 108
93 113
93 114
93 115
94 94
94 95
94 96
94 97
94 99
94 100
94 102
94 106
94 108
94 109
94 111
94 112
94 113
94 114
94 115
95 95
95 96
95 97
95 99
95 100
95 101
95 102
95 106
95 108
95 109
95 111
95 113
95 114
95 115
96 96
96 97
96 98
96 99
96 102
96 106
96 108
96 109
96 111
96 112
96 113
96 114
96 115
97 97
97 99
97 100
97 102
97 106
97 108
97 111
97 112
97 113
97 114
97 115
98 98
98 99
98 100
98 106
98 111
98 112
99 99
99 100
99 102
99 106
99 108
99 109
99 111
99 112
99 113
99 114
99 115
100 100
100 102
100 106
100 111
100 112
100 113
100 114
101 101
102 102
102 108
102 111
102 113
102 114
102 115
103 103
103 104
103 105
103 107
104 104
104 105
104 107
105 105
105 107
106 106
106 114
107 107
108 108
108 109
108 111
108 113
108 114
108 115
109 109
109 111
109 112
109 113
109 114
110 110
111 111
111 112
111 113
111 114
111 115
112 112
113 113
113 114
113 115
114 114
114 115
115 115
