0 0
0 1
0 2
0 3
0 10
0 11
0 14
0 15
0 18
0 26
0 38
0 50
0 54
0 56
0 58
0 60
0 61
0 76
0 82
0 84
0 88
0 89
0 90
0 108
1 1
1 13
1 19
1 52
1 56
1 57
1 58
1 59
1 60
1 61
1 62
1 63
1 65
1 66
1 68
1 69
1 80
1 90
1 100
1 102
1 106
2 2
2 3
2 4
2 6
2 7
2 8
2 10
2 12
2 14
2 18
2 22
2 23
2 24
2 25
2 26
2 27
2 34
2 35
2 38
2 50
2 64
2 67
2 82
2 84
2 88
3 3
3 4
3 5
3 6
3 7
3 8
3 9
3 11
3 18
3 22
3 23
3 24
3 25
3 64
3 84
3 92
4 4
4 5
4 6
4 7
4 8
4 9
4 13
4 14
4 20
4 22
4 23
4 24
4 59
4 70
4 91
4 92
4 101
4 103
4 115
5 5
5 6
5 7
5 8
5 9
5 11
5 13
5 23
5 24
5 65
5 68
5 92
5 106
6 6
6 7
6 8
6 10
6 12
6 22
6 23
6 24
6 25
6 34
6 35
6 64
6 115
7 7
7 8
7 9
7 11
7 13
7 15
7 22
7 23
7 34
7 41
7 45
7 64
7 65
7 84
7 92
8 8
8 9
8 14
8 21
8 22
8 23
8 24
8 34
8 35
8 45
8 49
8 67
8 91
8 92
8 101
8 105
9 9
9 11
9 13
9 14
9 15
9 23
9 38
9 41
9 65
9 70
9 90
9 92
9 100
9 104
9 105
10 10
10 11
10 12
10 14
10 15
10 16
10 20
10 22
10 23
10 25
10 26
10 28
10 30
10 31
10 34
10 35
10 38
10 46
10 50
10 54
10 64
10 70
10 71
10 76
10 84
10 85
10 87
10 88
10 92
10 114
11 11
11 12
11 13
11 15
11 17
11 31
11 34
11 50
11 65
11 71
11 75
11 84
11 85
11 88
11 92
11 114
12 12
12 13
12 14
12 16
12 28
12 34
12 48
12 50
12 54
12 71
12 74
12 84
12 90
12 92
12 104
13 13
13 15
13 17
13 52
13 61
13 65
13 70
13 72
13 73
13 80
13 90
13 92
13 100
13 102
13 104
13 105
13 106
13 114
14 14
14 15
14 18
14 20
14 21
14 22
14 23
14 26
14 27
14 30
14 31
14 35
14 40
14 50
14 54
14 82
14 84
14 85
14 86
14 87
14 88
14 92
14 114
15 15
15 26
15 27
15 28
15 29
15 31
15 36
15 38
15 40
15 41
15 50
15 54
15 60
15 71
15 72
15 73
15 74
15 75
15 82
15 83
15 84
15 85
15 86
15 87
15 88
15 92
15 94
15 102
15 106
16 16
16 17
16 28
16 29
16 36
16 38
16 52
16 54
16 62
16 63
16 71
16 72
16 73
16 74
16 75
16 76
16 77
16 78
16 79
16 80
16 81
16 84
16 90
16 104
16 109
17 17
17 28
17 29
17 36
17 37
17 52
17 61
17 62
17 63
17 71
17 72
17 73
17 75
17 76
17 77
17 78
17 79
17 80
17 81
17 100
17 104
17 109
18 18
18 22
18 25
18 26
18 27
18 30
18 31
18 50
18 75
18 82
18 84
18 85
18 86
18 87
18 88
18 89
18 93
18 99
18 101
19 19
19 32
19 33
19 39
19 56
19 57
19 59
19 61
19 62
19 63
19 68
19 69
19 83
19 97
19 103
19 106
19 108
19 111
19 112
20 20
20 21
20 22
20 23
20 24
20 26
20 27
20 29
20 30
20 31
20 70
20 71
20 87
20 114
20 115
21 21
21 22
21 23
21 25
21 26
21 27
21 28
21 30
21 31
21 34
21 35
21 40
21 44
21 45
21 64
21 71
21 82
21 84
21 85
21 88
21 105
22 22
22 23
22 24
22 25
22 26
22 27
22 30
22 31
22 34
22 35
22 45
22 50
22 64
22 82
22 84
22 85
22 88
22 115
23 23
23 24
23 25
23 26
23 27
23 30
23 31
23 34
23 35
23 45
23 50
23 64
23 84
23 85
23 88
23 92
23 105
23 107
23 114
23 115
24 24
24 25
24 35
24 42
24 43
24 45
24 49
24 91
24 93
24 101
24 103
25 25
25 26
25 27
25 30
25 31
25 34
25 35
25 39
25 45
25 47
25 50
25 64
25 67
25 82
25 83
25 84
25 85
25 86
25 87
25 88
25 96
25 110
26 26
26 27
26 30
26 31
26 40
26 50
26 82
26 83
26 84
26 85
26 86
26 87
26 88
26 110
26 115
27 27
27 30
27 31
27 35
27 39
27 40
27 45
27 50
27 54
27 64
27 67
27 82
27 83
27 84
27 85
27 86
27 87
27 88
27 96
27 110
27 115
28 28
28 29
28 30
28 31
28 32
28 33
28 36
28 40
28 54
28 71
28 72
28 73
28 74
28 75
28 76
28 77
28 78
28 79
28 80
28 81
28 84
28 87
28 88
28 102
28 104
29 29
29 30
29 31
29 32
29 33
29 36
29 37
29 40
29 41
29 54
29 62
29 63
29 66
29 71
29 72
29 73
29 74
29 75
29 76
29 77
29 78
29 79
29 80
29 81
29 83
29 102
29 104
29 106
29 109
29 115
30 30
30 31
30 33
30 35
30 40
30 50
30 70
30 71
30 72
30 75
30 76
30 77
30 78
30 79
30 82
30 83
30 84
30 85
30 87
30 88
30 96
30 115
31 31
31 34
31 35
31 36
31 40
31 45
31 46
31 50
31 54
31 64
31 71
31 72
31 76
31 82
31 83
31 84
31 85
31 86
31 87
31 88
31 92
31 96
31 114
31 115
32 32
32 33
32 36
32 37
32 57
32 62
32 63
32 66
32 68
32 69
32 72
32 74
32 79
32 80
32 81
32 83
33 33
33 36
33 37
33 57
33 62
33 63
33 66
33 72
33 76
33 77
33 78
33 79
33 80
33 81
33 83
33 87
33 97
34 34
34 35
34 38
34 42
34 43
34 45
34 46
34 50
34 64
34 84
34 88
34 107
35 35
35 39
35 40
35 42
35 43
35 44
35 45
35 46
35 47
35 48
35 50
35 64
35 67
35 82
35 88
35 96
35 110
36 36
36 37
36 38
36 40
36 41
36 54
36 62
36 66
36 71
36 72
36 73
36 74
36 75
36 76
36 77
36 78
36 79
36 80
36 81
36 83
36 87
36 88
36 96
36 102
37 37
37 39
37 53
37 55
37 57
37 63
37 76
37 77
37 78
37 79
37 81
37 83
37 87
37 89
37 95
37 96
37 97
37 99
37 103
37 108
37 110
37 111
37 112
37 113
38 38
38 50
38 54
38 60
38 76
38 84
38 88
38 90
38 94
38 95
38 96
38 108
39 39
39 40
39 41
39 45
39 46
39 47
39 51
39 55
39 67
39 69
39 82
39 83
39 96
39 97
39 98
39 107
39 108
39 110
39 111
39 112
40 40
40 41
40 54
40 72
40 73
40 74
40 82
40 83
40 85
40 86
40 87
40 88
40 94
40 96
40 106
40 108
40 110
40 115
41 41
41 54
41 60
41 61
41 62
41 69
41 73
41 74
41 75
41 81
41 83
42 42
42 43
42 44
42 45
42 46
42 47
42 48
42 49
42 51
42 53
42 55
42 91
42 96
42 98
43 43
43 44
43 45
43 46
43 47
43 48
43 49
43 50
43 51
43 53
43 55
43 91
43 96
43 98
43 99
43 107
44 44
44 45
44 46
44 47
44 48
44 49
44 51
44 55
44 86
44 96
44 98
45 45
45 46
45 47
45 48
45 49
45 50
45 64
45 65
45 67
45 82
45 86
45 107
46 46
46 47
46 48
46 49
46 50
46 51
46 53
46 55
46 86
46 87
46 96
46 98
46 110
47 47
47 48
47 49
47 51
47 53
47 55
47 69
47 91
47 96
47 98
47 99
47 107
47 110
47 111
48 48
48 49
48 50
48 51
48 54
48 65
48 67
48 86
48 90
48 98
49 49
49 51
49 53
49 55
49 65
49 67
49 69
49 91
49 98
49 107
50 50
50 54
50 64
50 82
50 84
50 85
50 86
50 87
50 88
51 51
51 53
51 55
51 58
51 59
51 65
51 69
51 91
51 98
51 99
51 101
51 103
51 112
52 52
52 54
52 58
52 59
52 60
52 61
52 62
52 63
52 66
52 68
52 70
52 73
52 74
52 75
52 76
52 78
52 80
52 90
52 100
52 102
52 109
53 53
53 55
53 79
53 89
53 91
53 93
53 97
53 99
53 101
53 103
53 111
53 112
53 113
54 54
54 60
54 71
54 72
54 73
54 74
54 75
54 76
54 84
54 88
54 90
54 94
54 96
54 98
54 102
54 104
55 55
55 79
55 85
55 89
55 91
55 93
55 96
55 97
55 99
55 101
55 103
55 105
55 107
55 111
55 112
55 113
56 56
56 57
56 58
56 59
56 60
56 61
56 62
56 63
56 68
56 99
56 103
56 111
56 113
57 57
57 59
57 62
57 63
57 66
57 68
57 69
57 79
57 80
57 81
57 83
57 103
57 111
58 58
58 59
58 60
58 61
58 62
58 63
58 66
58 68
58 80
58 90
58 91
58 95
58 98
58 100
58 102
58 103
58 104
58 106
58 109
58 112
59 59
59 60
59 61
59 62
59 63
59 66
59 68
59 69
59 80
59 81
59 90
59 100
59 102
59 103
59 104
59 106
59 112
60 60
60 61
60 62
60 63
60 65
60 66
60 73
60 74
60 75
60 102
60 108
61 61
61 62
61 63
61 65
61 66
61 68
61 74
61 75
61 100
61 102
61 104
61 106
61 109
61 112
62 62
62 63
62 66
62 68
62 69
62 72
62 73
62 74
62 75
62 76
62 77
62 78
62 79
62 80
62 81
62 100
62 102
62 103
62 104
62 106
63 63
63 66
63 68
63 69
63 73
63 76
63 77
63 78
63 79
63 80
63 81
63 102
63 103
63 106
63 111
64 64
64 65
64 67
64 84
64 85
64 87
64 88
65 65
66 66
66 68
66 69
66 72
66 74
66 80
66 81
66 102
66 104
66 106
67 67
67 68
67 69
67 82
67 86
67 108
67 110
68 68
68 69
68 102
68 103
68 106
68 108
68 111
69 69
69 83
69 106
69 108
69 110
69 111
70 70
70 71
70 73
70 75
70 90
70 91
70 92
70 100
70 114
71 71
71 72
71 73
71 74
71 75
71 76
71 77
71 78
71 79
71 80
71 84
71 87
71 88
71 92
71 100
71 109
71 113
71 114
72 72
72 73
72 74
72 75
72 76
72 78
72 79
72 80
72 81
72 102
72 104
72 106
72 115
73 73
73 74
73 75
73 76
73 77
73 78
73 79
73 80
73 81
73 100
73 102
73 104
74 74
74 75
74 76
74 80
74 81
74 84
74 88
74 102
74 104
75 75
75 76
75 77
75 78
75 79
75 80
75 81
75 84
75 95
75 104
75 109
75 113
76 76
76 77
76 78
76 79
76 80
76 81
76 84
77 77
77 78
77 79
77 80
77 81
77 83
77 108
77 110
77 115
78 78
78 79
78 80
78 81
78 83
79 79
79 80
79 81
79 87
79 109
80 80
80 81
80 100
80 102
80 104
81 81
81 104
82 82
82 83
82 84
82 85
82 86
82 87
82 88
82 96
82 108
82 110
83 83
83 85
83 86
83 87
83 96
83 108
83 110
84 84
84 85
84 86
84 87
84 88
84 92
84 114
85 85
85 86
85 87
85 88
85 89
85 93
85 97
85 110
85 114
86 86
86 87
86 88
86 110
87 87
87 88
87 89
87 96
87 110
88 88
88 92
89 89
89 93
89 97
89 99
89 111
89 112
89 113
90 90
90 91
90 92
90 98
90 100
90 102
90 109
91 91
91 93
91 95
91 97
91 98
91 99
91 101
91 103
91 112
91 113
92 92
92 100
92 113
92 114
93 93
93 95
93 97
93 99
93 101
93 103
93 109
93 112
93 113
93 114
94 94
94 95
94 96
94 97
94 100
94 104
94 105
94 106
94 108
94 109
94 110
94 111
94 114
94 115
95 95
95 97
95 99
95 100
95 101
95 108
95 109
95 111
95 112
95 113
95 114
96 96
96 97
96 98
96 108
96 110
96 111
97 97
97 99
97 101
97 103
97 108
97 109
97 110
97 111
97 112
97 113
97 115
98 98
98 111
98 112
99 99
99 101
99 103
99 107
99 109
99 111
99 112
99 113
100 100
100 102
100 104
100 106
100 109
100 115
101 101
101 103
101 105
101 112
101 113
101 114
102 102
102 104
102 106
103 103
103 105
103 107
103 111
103 112
103 113
104 104
104 105
104 106
104 107
104 114
105 105
105 107
105 114
106 106
107 107
108 108
108 110
108 111
108 115
109 109
109 111
109 112
109 113
110 110
110 111
110 115
111 111
111 112
111 113
112 112
112 113
113 113
113 114
114 114
114 115
115 115
