0 0
0 1
0 10
0 16
0 18
0 19
0 28
0 32
0 33
0 56
0 57
0 58
0 61
0 62
0 63
0 76
0 78
0 80
0 81
1 1
1 10
1 16
1 18
1 19
1 32
1 33
1 56
1 57
1 59
1 61
1 63
1 68
1 69
1 76
1 80
1 81
2 2
2 3
2 4
2 5
2 6
2 7
2 8
2 12
2 13
2 14
2 15
2 21
2 22
2 23
2 25
2 26
2 27
2 30
2 31
2 70
2 71
2 83
3 3
3 4
3 5
3 6
3 7
3 8
3 9
3 11
3 13
3 15
3 22
3 23
3 24
3 25
3 26
3 27
3 29
3 30
3 31
3 73
3 83
4 4
4 5
4 6
4 7
4 8
4 9
4 13
4 14
4 15
4 20
4 22
4 23
4 24
4 25
4 26
4 27
4 29
4 30
4 31
4 50
4 70
4 73
5 5
5 8
5 9
5 14
5 15
5 22
5 23
5 24
5 25
5 26
5 27
5 92
6 6
6 7
6 11
6 12
6 13
6 14
6 15
6 22
6 23
6 30
6 31
6 60
6 70
6 71
6 83
6 101
7 7
7 8
7 9
7 11
7 12
7 13
7 15
7 22
7 23
7 25
7 29
7 30
7 31
7 70
7 71
7 73
8 8
8 9
8 14
8 22
8 23
8 24
8 25
8 26
8 27
8 29
8 55
8 92
8 105
8 107
9 9
9 15
9 22
9 23
9 24
9 25
9 26
9 27
9 92
9 93
9 105
9 107
10 10
10 11
10 12
10 13
10 14
10 15
10 16
10 17
10 18
10 20
10 28
10 29
10 41
10 62
10 71
10 72
10 73
10 74
10 75
10 76
10 77
10 78
10 80
10 82
10 83
10 84
10 86
11 11
11 12
11 13
11 15
11 17
11 20
11 21
11 22
11 28
11 29
11 30
11 31
11 33
11 71
11 72
11 73
11 74
11 75
11 84
11 85
12 12
12 13
12 14
12 15
12 20
12 21
12 22
12 26
12 27
12 28
12 29
12 30
12 31
12 41
12 70
12 71
12 72
12 73
12 74
12 75
12 82
12 93
12 101
13 13
13 14
13 15
13 17
13 20
13 21
13 22
13 23
13 26
13 29
13 30
13 31
13 70
13 71
13 73
13 75
14 14
14 15
14 20
14 21
14 22
14 26
14 27
14 28
14 29
14 30
14 31
14 37
14 38
14 41
14 54
14 64
14 70
14 71
14 72
14 73
14 74
14 75
14 82
14 83
14 84
14 86
14 87
14 88
14 89
14 92
14 93
14 101
14 107
15 15
15 17
15 20
15 21
15 22
15 26
15 27
15 28
15 29
15 30
15 31
15 38
15 40
15 41
15 70
15 71
15 72
15 73
15 74
15 75
15 82
15 83
15 86
15 87
15 89
15 92
15 93
15 101
15 107
16 16
16 17
16 18
16 19
16 20
16 28
16 32
16 33
16 36
16 40
16 41
16 56
16 57
16 62
16 63
16 72
16 74
16 76
16 77
16 78
16 79
16 80
16 81
16 82
16 83
16 84
16 86
17 17
17 20
17 21
17 28
17 29
17 30
17 31
17 33
17 37
17 41
17 63
17 71
17 72
17 73
17 74
17 75
17 78
17 79
17 81
17 83
18 18
18 19
18 28
18 32
18 33
18 56
18 57
18 60
18 62
18 63
18 72
18 74
18 76
18 80
18 83
19 19
19 32
19 33
19 56
19 57
19 63
19 68
19 69
19 76
19 80
19 81
19 83
20 20
20 21
20 22
20 26
20 27
20 28
20 29
20 30
20 31
20 37
20 40
20 41
20 70
20 71
20 72
20 73
20 74
20 75
20 83
20 86
20 87
20 107
21 21
21 25
21 26
21 27
21 28
21 29
21 30
21 31
21 37
21 38
21 40
21 41
21 70
21 71
21 72
21 73
21 74
21 75
21 83
21 86
21 87
21 89
21 112
22 22
22 23
22 24
22 26
22 27
22 29
22 30
22 31
22 41
22 64
22 70
22 73
22 82
22 88
23 23
23 24
23 26
23 27
23 31
23 64
23 82
23 88
23 92
24 24
24 25
24 26
24 27
24 64
25 25
25 26
25 27
25 38
25 55
25 92
25 93
25 97
25 100
25 101
26 26
26 27
26 29
26 30
26 31
26 38
26 41
26 50
26 55
26 70
26 71
26 72
26 73
26 82
26 86
26 88
26 89
26 92
27 27
27 29
27 30
27 37
27 38
27 41
27 50
27 54
27 55
27 64
27 70
27 71
27 82
27 86
27 87
27 89
27 92
27 93
27 105
27 107
28 28
28 29
28 30
28 31
28 36
28 40
28 41
28 62
28 70
28 71
28 72
28 73
28 74
28 75
28 76
28 78
28 79
28 80
28 81
28 82
28 83
28 86
28 87
29 29
29 30
29 31
29 36
29 37
29 38
29 40
29 41
29 70
29 71
29 72
29 73
29 74
29 75
29 79
29 82
29 83
29 86
29 87
29 89
30 30
30 31
30 41
30 70
30 71
30 72
30 73
30 74
30 75
30 82
30 83
31 31
31 41
31 70
31 71
31 72
31 73
31 74
31 75
31 82
31 83
32 32
32 33
32 34
32 35
32 56
32 57
32 61
32 63
32 65
32 67
32 76
32 78
32 79
32 80
32 81
33 33
33 34
33 35
33 56
33 57
33 61
33 62
33 63
33 67
33 76
33 77
33 78
33 79
33 80
33 81
34 34
34 35
34 43
34 55
34 63
34 64
34 65
34 67
34 77
34 78
34 79
34 84
34 85
34 96
34 110
34 114
35 35
35 44
35 45
35 47
35 57
35 58
35 63
35 64
35 65
35 66
35 67
35 77
35 90
35 91
35 95
35 108
35 109
35 110
36 36
36 37
36 38
36 40
36 41
36 54
36 55
36 56
36 72
36 74
36 75
36 76
36 77
36 78
36 79
36 80
36 81
36 82
36 84
36 86
36 87
36 88
36 95
36 96
36 99
36 103
36 104
36 105
36 108
36 109
36 113
36 114
37 37
37 38
37 39
37 40
37 54
37 55
37 71
37 72
37 73
37 74
37 75
37 76
37 77
37 79
37 81
37 88
37 89
37 96
37 99
37 105
37 108
37 109
38 38
38 39
38 40
38 54
38 55
38 70
38 82
38 83
38 86
38 87
38 88
38 89
38 92
38 93
38 94
38 95
38 96
38 97
38 99
38 100
38 101
38 102
38 103
38 104
38 105
38 107
38 108
38 109
39 39
39 40
39 54
39 55
39 56
39 57
39 79
39 83
39 88
39 89
39 104
39 105
40 40
40 41
40 54
40 55
40 70
40 71
40 72
40 73
40 74
40 76
40 77
40 78
40 79
40 80
40 81
40 82
40 83
40 86
40 88
40 96
40 104
41 41
41 70
41 71
41 72
41 73
41 74
41 75
41 76
41 78
41 80
41 83
41 86
41 87
41 95
42 42
42 43
42 44
42 45
42 46
42 47
42 48
42 49
42 50
42 51
42 52
42 53
42 90
42 98
42 110
42 111
42 112
43 43
43 44
43 45
43 46
43 47
43 48
43 49
43 50
43 51
43 52
43 53
43 90
43 96
43 98
43 110
43 111
43 112
44 44
44 45
44 46
44 47
44 48
44 49
44 50
44 51
44 67
44 98
44 106
44 110
44 111
45 45
45 46
45 47
45 48
45 49
45 50
45 51
45 65
45 67
45 90
45 98
45 106
45 110
46 46
46 47
46 48
46 49
46 50
46 51
46 52
46 53
46 54
46 55
46 96
46 98
46 99
46 110
46 111
46 112
47 47
47 48
47 49
47 50
47 51
47 52
47 53
47 67
47 90
47 91
47 96
47 97
47 98
47 99
47 110
47 111
47 112
48 48
48 49
48 50
48 51
48 52
48 53
48 90
48 98
48 106
48 111
48 112
49 49
49 50
49 51
49 53
49 98
50 50
50 51
50 52
50 53
50 112
51 51
51 52
51 53
51 90
51 98
51 111
51 112
52 52
52 53
52 54
52 90
52 98
52 99
52 111
52 112
53 53
53 55
53 90
53 92
53 98
53 99
53 111
53 112
54 54
54 55
54 86
54 87
54 88
54 89
54 92
54 93
54 94
54 96
54 97
54 98
54 99
54 100
54 101
54 102
54 103
54 104
54 105
54 107
54 108
54 109
54 111
54 112
54 113
54 114
54 115
55 55
55 85
55 89
55 94
55 95
55 96
55 97
55 98
55 99
55 104
55 105
55 107
55 108
55 109
55 110
55 111
55 112
55 113
55 114
56 56
56 57
56 61
56 63
56 76
56 78
56 79
56 80
56 81
57 57
57 59
57 61
57 63
57 66
57 67
57 68
57 69
57 76
57 78
57 79
57 80
57 81
57 104
58 58
58 59
58 60
58 61
58 63
58 65
58 66
58 67
58 69
58 91
58 102
58 106
59 59
59 61
59 63
59 66
59 67
59 69
59 102
59 104
59 106
60 60
60 61
60 62
60 63
60 64
60 65
60 66
60 89
60 108
61 61
61 62
61 63
61 65
61 66
62 62
62 63
62 76
62 80
63 63
63 65
63 76
63 77
63 79
63 80
63 81
64 64
64 65
64 66
64 84
64 85
64 88
64 89
64 105
65 65
65 67
65 85
65 110
66 66
66 67
66 68
66 69
66 91
66 97
66 101
66 103
66 104
66 108
66 110
67 67
67 69
67 90
67 91
67 97
67 110
68 68
68 69
68 80
68 86
68 87
68 91
68 93
68 94
68 97
68 100
68 101
68 102
68 103
68 104
68 105
68 108
68 115
69 69
69 90
69 91
69 94
69 97
69 100
69 101
69 102
69 103
69 104
69 110
70 70
70 71
70 72
70 73
70 74
70 75
70 82
70 83
70 86
70 87
70 92
70 93
70 101
70 107
71 71
71 72
71 73
71 74
71 75
71 83
72 72
72 73
72 74
72 75
72 76
72 78
72 79
72 80
72 81
72 82
72 83
72 86
72 87
73 73
73 74
73 75
73 79
73 82
73 83
74 74
74 75
74 76
74 77
74 78
74 80
74 83
74 84
75 75
75 76
75 77
75 83
76 76
76 77
76 78
76 79
76 80
76 81
76 84
77 77
77 78
77 79
77 80
77 81
77 95
77 109
77 114
78 78
78 79
78 80
78 81
78 84
78 85
79 79
79 80
79 81
79 85
80 80
80 81
80 84
81 81
82 82
82 83
82 84
82 86
82 87
82 88
82 89
83 83
83 86
83 87
84 84
84 85
84 88
84 96
85 85
85 89
85 114
86 86
86 87
86 88
86 89
86 92
86 93
86 100
86 101
86 102
86 103
86 105
86 107
87 87
87 88
87 89
87 92
87 93
87 100
87 101
87 102
87 103
87 105
87 107
88 88
88 89
88 92
88 93
88 102
88 104
88 105
88 107
89 89
89 92
89 93
89 97
89 99
89 100
89 101
89 102
89 104
89 105
89 107
89 108
90 90
90 91
90 92
90 94
90 97
90 98
90 99
90 100
90 102
90 103
90 104
90 110
90 111
90 115
91 91
91 92
91 93
91 94
91 97
91 98
91 99
91 100
91 101
91 102
91 103
91 104
91 105
91 107
91 109
91 110
91 111
91 113
91 114
91 115
92 92
92 93
92 97
92 99
92 100
92 101
92 102
92 103
92 104
92 105
92 107
92 111
92 112
92 113
92 114
92 115
93 93
93 94
93 97
93 99
93 100
93 101
93 102
93 103
93 104
93 105
93 107
93 111
93 112
93 113
93 115
94 94
94 95
94 96
94 97
94 99
94 100
94 101
94 102
94 103
94 104
94 105
94 108
94 109
94 110
94 111
94 114
94 115
95 95
95 96
95 97
95 99
95 103
95 104
95 105
95 106
95 108
95 109
95 110
95 111
95 113
95 114
95 115
96 96
96 97
96 98
96 99
96 104
96 105
96 108
96 109
96 110
96 111
96 112
96 113
96 114
97 97
97 98
97 99
97 100
97 101
97 102
97 103
97 104
97 105
97 106
97 108
97 109
97 110
97 111
97 113
97 114
97 115
98 98
98 99
98 110
98 111
98 112
99 99
99 100
99 101
99 102
99 103
99 104
99 105
99 107
99 108
99 109
99 110
99 111
99 112
99 113
99 114
99 115
100 100
100 101
100 102
100 103
100 104
100 105
100 107
100 111
100 113
100 115
101 101
101 102
101 103
101 104
101 105
101 107
101 108
101 112
101 113
101 115
102 102
102 103
102 104
102 105
102 107
102 115
103 103
103 104
103 105
103 106
103 107
103 108
103 109
103 113
103 114
103 115
104 104
104 105
104 107
104 109
104 113
104 114
104 115
105 105
105 107
105 108
105 109
105 113
105 114
105 115
106 106
106 108
107 107
107 113
107 115
108 108
108 109
108 110
108 113
108 114
108 115
109 109
109 110
109 111
109 113
109 114
109 115
110 110
110 111
110 113
110 114
111 111
111 112
111 113
111 114
112 112
112 113
112 114
113 113
113 114
113 115
114 114
114 115
115 115
