0 0
0 1
0 10
0 12
0 13
0 14
0 16
0 17
0 18
0 19
0 28
0 29
0 36
0 48
0 52
0 53
0 58
0 60
0 61
0 62
0 72
0 73
0 74
0 75
0 76
0 81
0 90
0 91
0 93
0 98
0 101
0 114
1 1
1 3
1 9
1 11
1 15
1 51
1 65
1 69
1 98
2 2
2 3
2 4
2 5
2 6
2 7
2 8
2 9
2 11
2 15
2 20
2 22
2 23
2 24
2 25
2 26
2 27
2 30
2 31
2 45
2 64
2 65
2 67
2 91
2 92
2 93
2 100
2 102
3 3
3 5
3 6
3 7
3 8
3 9
3 11
3 15
3 20
3 22
3 23
3 24
3 25
3 31
3 39
3 64
3 65
3 69
3 83
3 87
3 89
3 92
3 102
4 4
4 6
4 7
4 8
4 9
4 10
4 11
4 15
4 24
4 26
4 30
4 39
4 60
4 64
4 65
4 91
4 92
4 93
4 100
4 102
5 5
5 7
5 9
5 11
5 20
5 21
5 22
5 23
5 24
5 25
5 26
5 27
5 31
5 35
5 45
5 50
5 65
5 67
5 69
5 87
5 108
5 110
6 6
6 7
6 8
6 11
6 12
6 13
6 14
6 15
6 18
6 24
6 30
6 60
6 64
6 65
6 83
6 90
6 91
6 92
6 102
7 7
7 8
7 9
7 11
7 13
7 15
7 20
7 24
7 25
7 30
7 31
7 37
7 39
7 45
7 64
7 65
7 69
7 91
7 92
7 100
7 102
8 8
8 9
8 11
8 13
8 14
8 15
8 18
8 22
8 24
8 31
8 39
8 60
8 64
8 65
8 83
8 92
8 100
8 102
9 9
9 11
9 15
9 24
9 35
9 39
9 65
9 67
9 69
9 92
9 102
9 108
10 10
10 11
10 12
10 13
10 14
10 15
10 16
10 17
10 19
10 28
10 29
10 33
10 36
10 60
10 62
10 64
10 72
10 73
10 74
10 75
10 76
10 77
10 82
10 83
10 84
10 109
10 114
11 11
11 12
11 13
11 15
11 20
11 29
11 31
11 33
11 35
11 37
11 39
11 41
11 45
11 60
11 64
11 65
11 71
11 73
11 75
11 76
11 77
11 83
11 92
11 95
11 100
11 109
12 12
12 13
12 14
12 15
12 16
12 17
12 18
12 28
12 36
12 58
12 60
12 61
12 62
12 72
12 75
12 90
12 91
12 93
12 101
13 13
13 14
13 15
13 17
13 18
13 29
13 36
13 60
13 61
13 65
13 72
13 83
13 90
13 91
13 93
13 98
13 99
13 100
13 101
14 14
14 15
14 16
14 17
14 18
14 28
14 29
14 33
14 36
14 37
14 38
14 39
14 60
14 64
14 72
14 75
14 77
14 82
14 83
14 101
15 15
15 18
15 29
15 33
15 37
15 39
15 41
15 60
15 64
15 65
15 72
15 74
15 75
15 76
15 77
15 83
15 90
15 91
15 92
15 93
15 100
15 102
16 16
16 17
16 18
16 19
16 28
16 29
16 32
16 36
16 40
16 52
16 53
16 56
16 57
16 58
16 60
16 61
16 62
16 63
16 68
16 72
16 74
16 78
16 79
16 80
16 81
16 84
16 85
16 101
16 103
16 105
16 106
17 17
17 19
17 28
17 29
17 33
17 36
17 41
17 46
17 48
17 53
17 60
17 62
17 71
17 72
17 73
17 74
17 75
17 76
17 79
17 80
17 81
17 83
17 84
17 98
17 114
18 18
18 28
18 32
18 33
18 58
18 60
18 61
18 72
18 80
18 99
18 101
18 103
19 19
19 28
19 29
19 41
19 42
19 43
19 44
19 46
19 47
19 48
19 49
19 51
19 62
19 70
19 72
19 73
19 74
19 75
19 76
19 97
19 98
19 106
19 111
19 114
20 20
20 21
20 24
20 25
20 27
20 29
20 30
20 31
20 33
20 35
20 37
20 39
20 41
20 44
20 45
20 65
20 67
20 71
20 73
20 74
20 75
20 76
20 77
20 83
20 94
20 95
20 96
20 97
20 100
20 108
20 109
20 110
21 21
21 22
21 23
21 25
21 26
21 27
21 30
21 31
21 34
21 35
21 44
21 45
21 49
21 50
21 67
21 71
21 88
21 96
21 110
22 22
22 23
22 24
22 25
22 26
22 27
22 30
22 31
22 34
22 35
22 38
22 50
22 54
22 59
22 64
22 67
22 82
22 86
22 87
22 88
22 89
22 110
23 23
23 24
23 25
23 26
23 27
23 30
23 31
23 34
23 35
23 38
23 50
23 54
23 59
23 66
23 67
23 82
23 86
23 87
23 88
23 89
23 110
23 113
24 24
24 25
24 26
24 27
24 30
24 31
24 35
24 38
24 39
24 69
24 102
24 108
24 110
24 115
25 25
25 26
25 27
25 30
25 31
25 35
25 44
25 45
25 50
25 67
25 69
25 86
25 87
25 88
25 94
25 108
25 110
26 26
26 27
26 31
26 50
26 67
26 86
26 88
27 27
27 31
27 35
27 43
27 45
27 50
27 67
27 69
27 86
27 87
27 88
27 94
27 96
27 97
27 108
27 110
28 28
28 29
28 32
28 33
28 36
28 40
28 41
28 52
28 53
28 57
28 60
28 62
28 63
28 72
28 74
28 75
28 78
28 79
28 80
28 81
28 82
28 83
28 84
28 85
28 86
28 98
29 29
29 33
29 36
29 37
29 39
29 40
29 41
29 62
29 71
29 72
29 73
29 74
29 75
29 76
29 77
29 83
29 100
29 101
29 109
30 30
30 31
30 34
30 64
30 71
30 88
31 31
31 34
31 35
31 37
31 38
31 39
31 41
31 45
31 64
31 67
31 71
31 83
31 86
31 87
31 88
31 92
31 108
31 109
31 110
32 32
32 42
32 43
32 46
32 52
32 53
32 57
32 58
32 59
32 63
32 66
32 68
32 78
32 79
32 80
32 81
32 82
32 84
32 85
32 98
33 33
33 35
33 37
33 41
33 45
33 49
33 71
33 72
33 73
33 74
33 75
33 76
33 77
33 83
33 95
33 100
33 109
33 110
34 34
34 35
34 38
34 64
34 79
34 82
34 84
34 85
34 86
34 88
34 89
34 110
35 35
35 37
35 39
35 45
35 64
35 65
35 67
35 69
35 71
35 77
35 83
35 87
35 92
35 95
35 96
35 100
35 108
35 110
35 115
36 36
36 37
36 40
36 60
36 62
36 63
36 72
36 74
36 75
36 76
36 77
36 78
36 79
36 80
36 81
36 83
36 98
36 99
36 106
36 114
37 37
37 38
37 39
37 41
37 55
37 71
37 72
37 73
37 74
37 75
37 76
37 77
37 83
37 92
37 94
37 95
37 96
37 97
37 99
37 100
37 102
37 108
37 109
37 110
37 114
38 38
38 39
38 41
38 55
38 77
38 82
38 83
38 86
38 93
38 94
38 96
38 97
38 102
38 103
38 108
38 110
38 113
39 39
39 41
39 55
39 64
39 65
39 74
39 75
39 76
39 77
39 83
39 90
39 92
39 94
39 95
39 96
39 97
39 100
39 101
39 102
39 108
39 109
39 110
39 113
39 115
40 40
40 41
40 71
40 72
40 78
40 79
40 81
40 95
41 41
41 71
41 72
41 73
41 74
41 75
41 76
41 77
41 83
41 94
41 95
41 97
41 108
41 109
42 42
42 43
42 44
42 46
42 47
42 48
42 49
42 51
42 55
42 57
42 59
42 66
42 96
42 97
42 98
42 104
42 111
43 43
43 44
43 45
43 46
43 47
43 49
43 55
43 67
43 68
43 70
43 94
43 96
43 97
43 98
43 108
43 110
43 111
44 44
44 45
44 46
44 47
44 48
44 49
44 51
44 67
44 73
44 96
44 98
44 110
45 45
45 47
45 48
45 49
45 65
45 67
45 71
45 96
45 100
45 110
46 46
46 47
46 48
46 49
46 51
46 53
46 55
46 57
46 59
46 66
46 81
46 84
46 85
46 96
46 98
47 47
47 48
47 49
47 51
47 55
47 73
47 90
47 96
47 97
47 98
47 110
48 48
48 49
48 50
48 51
48 52
48 66
48 98
48 104
49 49
49 51
49 67
49 73
49 96
49 98
50 50
50 51
50 52
50 54
50 66
50 67
50 69
50 87
50 94
50 96
50 104
51 51
51 52
51 53
51 54
51 55
51 57
51 98
51 104
52 52
52 53
52 54
52 56
52 57
52 58
52 59
52 61
52 62
52 63
52 66
52 68
52 79
52 81
52 84
52 85
52 98
53 53
53 54
53 56
53 57
53 62
53 63
53 68
53 72
53 78
53 79
53 80
53 81
53 82
53 84
53 85
53 104
54 54
54 56
54 57
54 58
54 59
54 61
54 63
54 66
54 68
54 79
54 82
54 84
54 85
54 86
54 88
54 89
54 112
55 55
55 77
55 82
55 90
55 94
55 96
55 97
55 98
55 99
55 108
55 110
55 115
56 56
56 57
56 58
56 59
56 60
56 61
56 62
56 63
56 66
56 68
56 79
56 80
56 81
56 82
56 84
56 85
56 89
56 103
56 104
56 106
57 57
57 58
57 59
57 61
57 62
57 63
57 66
57 68
57 70
57 78
57 79
57 80
57 81
57 82
57 84
57 85
57 86
57 89
57 98
58 58
58 59
58 60
58 61
58 63
58 66
58 68
58 78
58 86
58 91
58 112
59 59
59 61
59 63
59 66
59 68
59 80
59 84
59 85
59 86
59 88
59 89
59 104
60 60
60 61
60 62
60 63
60 64
60 65
60 72
60 78
60 83
60 91
61 61
61 63
61 66
61 78
61 81
61 84
61 89
61 90
62 62
62 63
62 72
62 74
62 75
62 76
62 78
62 79
62 80
62 81
62 84
62 98
62 101
62 105
62 106
62 114
63 63
63 66
63 68
63 78
63 79
63 80
63 81
63 82
63 84
63 85
63 89
64 64
64 65
64 83
64 87
64 88
64 89
65 65
65 69
65 77
65 90
65 92
65 95
65 100
66 66
66 67
66 68
66 70
66 80
66 81
66 84
66 85
66 86
66 88
66 89
66 104
67 67
67 69
67 87
67 96
67 108
67 110
68 68
68 79
68 80
68 81
68 82
68 84
68 85
68 86
69 69
69 87
70 70
70 104
70 105
70 106
70 107
70 111
71 71
71 72
71 73
71 74
71 75
71 76
71 77
71 83
71 95
71 96
71 100
71 108
71 109
71 110
71 115
72 72
72 73
72 74
72 75
72 76
72 77
72 78
72 79
72 80
72 81
72 83
72 98
72 99
72 101
72 106
72 109
72 114
73 73
73 74
73 75
73 76
73 77
73 83
73 97
73 98
73 99
73 101
74 74
74 75
74 76
74 77
74 83
74 94
74 98
74 99
74 106
74 108
74 109
74 114
75 75
75 76
75 77
75 83
75 94
75 99
75 100
75 108
75 109
75 114
76 76
76 77
76 83
76 92
76 94
76 97
76 99
76 108
76 109
76 114
77 77
77 83
77 92
77 93
77 94
77 95
77 96
77 97
77 99
77 100
77 108
77 109
77 110
77 113
77 114
78 78
78 79
78 80
78 81
78 84
78 85
78 89
78 105
79 79
79 80
79 81
79 82
79 84
79 85
80 80
80 81
80 84
80 85
80 105
80 112
80 114
81 81
81 84
81 85
81 98
82 82
82 83
82 84
82 85
82 86
82 88
82 94
83 83
83 109
84 84
84 85
84 86
84 88
84 89
85 85
85 86
85 88
85 89
86 86
86 87
86 88
86 89
86 94
86 103
86 113
87 87
87 88
87 89
87 94
87 109
87 110
87 112
88 88
88 89
89 89
90 90
90 91
90 92
90 93
90 98
90 99
90 100
90 101
90 102
90 103
90 115
91 91
91 92
91 93
91 99
91 100
91 101
91 102
91 103
91 111
91 112
91 115
92 92
92 93
92 95
92 100
92 102
92 103
92 112
92 113
93 93
93 94
93 95
93 99
93 100
93 101
93 102
93 103
93 108
93 112
93 113
93 115
94 94
94 96
94 97
94 99
94 107
94 108
94 109
94 110
94 113
94 114
95 95
95 96
95 97
95 100
95 108
95 109
95 110
95 113
95 115
96 96
96 97
96 108
96 109
96 110
97 97
97 99
97 101
97 107
97 108
97 109
97 110
97 111
97 113
97 114
97 115
98 98
98 99
98 101
98 111
99 99
99 100
99 101
99 102
99 103
99 104
99 106
99 107
99 111
99 114
100 100
100 101
100 102
100 115
101 101
101 102
101 103
101 106
101 107
101 111
101 115
102 102
102 103
102 108
102 113
103 103
103 105
103 106
103 107
103 113
104 104
104 105
104 106
104 107
104 111
105 105
105 106
105 107
105 112
105 114
106 106
106 107
106 111
106 114
107 107
107 111
107 112
108 108
108 109
108 110
108 113
109 109
109 114
110 110
110 113
110 115
111 111
112 112
112 114
113 113
113 114
113 115
114 114
115 115
