0 0
0 1
0 7
0 18
0 19
0 32
0 33
0 56
0 58
0 59
0 60
0 61
0 99
0 101
1 1
1 18
1 19
1 32
1 33
1 52
1 56
1 57
1 58
1 59
1 60
1 61
1 62
1 63
1 66
1 68
1 69
1 90
1 98
1 99
1 100
1 101
1 106
1 112
2 2
2 3
2 4
2 6
2 7
2 8
2 10
2 11
2 12
2 13
2 22
2 23
2 26
2 27
2 30
2 86
2 88
3 3
3 4
3 5
3 6
3 7
3 8
3 9
3 13
3 15
3 18
3 22
3 23
3 25
3 26
3 27
3 30
3 31
3 39
3 71
3 82
3 86
3 87
3 88
4 4
4 5
4 6
4 7
4 8
4 9
4 14
4 15
4 20
4 24
4 26
4 27
4 39
4 73
4 83
4 88
5 5
5 7
5 8
5 9
5 15
5 20
5 24
5 25
5 26
5 27
5 39
5 52
5 88
5 96
5 108
6 6
6 7
6 8
6 10
6 11
6 12
6 13
6 14
6 15
6 22
6 30
6 31
6 64
6 86
6 88
7 7
7 8
7 9
7 10
7 11
7 12
7 13
7 15
7 25
7 29
7 30
7 70
7 71
7 73
7 75
7 83
7 88
8 8
8 9
8 11
8 13
8 14
8 15
8 24
8 25
8 26
8 70
8 73
8 75
9 9
9 11
9 13
9 14
9 15
9 20
9 21
9 24
9 25
9 29
9 70
9 71
9 73
9 75
9 83
9 100
10 10
10 11
10 12
10 13
10 14
10 15
10 16
10 22
10 27
10 28
10 29
10 30
10 31
10 41
10 70
10 71
10 72
10 73
10 74
10 75
10 76
10 82
10 84
10 86
11 11
11 12
11 13
11 15
11 28
11 29
11 30
11 71
11 72
11 73
11 74
11 75
11 83
12 12
12 13
12 14
12 15
12 21
12 22
12 26
12 28
12 30
12 31
12 36
12 64
12 70
12 71
12 72
12 73
12 74
12 76
12 82
12 84
12 86
13 13
13 14
13 15
13 22
13 25
13 28
13 29
13 30
13 31
13 40
13 41
13 70
13 71
13 72
13 73
13 74
13 75
13 76
13 77
13 83
13 86
14 14
14 15
14 20
14 21
14 22
14 25
14 26
14 27
14 28
14 29
14 30
14 31
14 36
14 37
14 38
14 41
14 70
14 71
14 72
14 73
14 74
14 75
14 76
14 82
14 83
14 84
14 85
14 88
15 15
15 20
15 21
15 25
15 26
15 28
15 29
15 30
15 31
15 36
15 38
15 41
15 70
15 71
15 72
15 73
15 74
15 75
15 82
15 83
15 88
16 16
16 17
16 28
16 36
16 41
16 62
16 64
16 72
16 74
16 76
16 77
16 78
16 80
16 81
16 83
16 84
16 85
17 17
17 28
17 29
17 30
17 31
17 36
17 37
17 41
17 53
17 63
17 70
17 71
17 72
17 73
17 74
17 75
17 76
17 77
17 78
17 79
17 80
17 81
17 84
17 85
18 18
18 19
18 27
18 32
18 33
18 56
18 57
18 58
18 59
18 60
18 66
18 68
18 69
18 86
18 88
18 89
18 90
18 91
18 97
18 98
18 99
18 107
18 115
19 19
19 32
19 33
19 56
19 57
19 58
19 59
19 60
19 62
19 63
19 66
19 68
19 69
19 90
19 91
19 92
19 93
19 98
19 99
19 101
19 106
19 107
19 110
20 20
20 21
20 22
20 25
20 26
20 27
20 29
20 30
20 31
20 36
20 37
20 41
20 70
20 71
20 72
20 73
20 75
20 88
21 21
21 22
21 25
21 27
21 29
21 30
21 31
21 36
21 37
21 41
21 70
21 71
21 72
21 73
21 75
21 82
21 84
21 86
21 88
22 22
22 23
22 24
22 25
22 26
22 27
22 28
22 30
22 31
22 38
22 70
22 71
22 72
22 73
22 75
22 82
22 84
22 85
22 86
22 87
22 88
23 23
23 25
23 27
23 30
23 31
23 35
23 38
23 39
23 70
23 71
23 82
23 83
23 84
23 86
23 87
23 88
23 94
23 102
23 103
23 105
23 114
24 24
24 25
24 26
24 27
24 29
24 30
24 43
24 47
24 70
24 71
24 72
24 73
24 74
24 75
24 77
24 85
25 25
25 26
25 27
25 28
25 29
25 30
25 31
25 35
25 36
25 37
25 41
25 70
25 71
25 72
25 73
25 74
25 75
25 77
25 84
25 85
25 87
26 26
26 27
26 39
27 27
27 30
27 38
27 39
27 54
27 86
27 87
27 88
27 95
27 96
27 103
28 28
28 29
28 30
28 31
28 33
28 36
28 37
28 40
28 41
28 70
28 71
28 72
28 73
28 74
28 75
28 76
28 77
28 78
28 79
28 80
28 81
28 82
28 83
28 84
28 85
29 29
29 30
29 31
29 36
29 37
29 40
29 41
29 70
29 71
29 72
29 73
29 74
29 75
29 76
29 77
29 78
29 79
29 80
29 81
29 83
29 85
30 30
30 31
30 36
30 37
30 38
30 41
30 70
30 71
30 72
30 73
30 74
30 75
30 76
30 77
30 81
30 82
30 83
30 84
30 85
30 86
30 87
30 102
30 114
31 31
31 35
31 36
31 37
31 38
31 41
31 70
31 71
31 72
31 73
31 74
31 75
31 76
31 77
31 78
31 80
31 81
31 82
31 83
31 84
31 85
31 86
31 87
31 114
32 32
32 33
32 56
32 57
32 59
32 60
32 62
32 63
32 66
32 68
32 69
33 33
33 56
33 57
33 60
33 62
33 63
33 68
33 69
33 79
34 34
34 35
34 42
34 43
34 44
34 45
34 46
34 48
34 49
34 50
34 51
34 64
34 65
34 67
34 78
34 79
34 85
34 92
35 35
35 45
35 65
35 67
35 80
35 84
35 85
35 92
35 110
35 114
36 36
36 37
36 38
36 40
36 41
36 70
36 71
36 72
36 73
36 74
36 75
36 76
36 77
36 78
36 79
36 80
36 81
36 82
36 83
36 84
36 85
36 95
36 109
37 37
37 38
37 40
37 41
37 70
37 71
37 72
37 73
37 74
37 75
37 76
37 77
37 81
37 83
37 84
37 85
37 95
37 109
37 114
38 38
38 39
38 41
38 54
38 55
38 71
38 83
38 84
38 86
38 87
38 88
38 89
38 94
38 95
38 96
38 97
38 103
38 104
38 105
38 107
38 108
38 114
38 115
39 39
39 83
39 87
39 88
39 89
39 90
39 91
39 93
39 94
39 95
39 96
39 97
39 100
39 102
39 103
39 104
39 105
39 107
39 108
39 109
39 110
39 114
39 115
40 40
40 41
40 70
40 72
40 73
40 74
40 75
40 95
40 109
41 41
41 70
41 71
41 72
41 73
41 74
41 75
41 76
41 77
41 80
41 81
41 83
41 84
41 85
41 95
41 103
41 105
41 114
42 42
42 43
42 44
42 45
42 46
42 47
42 48
42 49
42 50
42 51
42 52
42 53
42 111
42 112
43 43
43 44
43 45
43 46
43 47
43 48
43 49
43 50
43 51
43 52
43 53
43 55
43 67
43 96
43 99
43 111
43 112
44 44
44 45
44 46
44 47
44 48
44 49
44 50
44 51
44 52
44 53
44 65
44 66
44 67
44 99
44 111
44 112
45 45
45 46
45 47
45 48
45 49
45 50
45 51
45 52
45 53
45 65
45 66
45 67
45 99
45 110
45 111
45 112
46 46
46 47
46 48
46 49
46 50
46 51
46 52
46 53
46 55
46 96
46 98
46 111
46 112
47 47
47 48
47 49
47 50
47 51
47 52
47 53
47 67
47 96
47 98
47 99
47 110
47 111
47 112
48 48
48 49
48 50
48 51
48 52
48 53
48 58
48 59
48 65
48 66
48 67
48 112
49 49
49 50
49 51
49 52
49 53
49 59
49 61
49 65
49 66
49 99
49 111
49 112
50 50
50 51
50 52
50 53
50 54
50 64
50 112
51 51
51 52
51 53
51 59
51 61
51 65
51 66
51 67
51 111
51 112
52 52
52 53
52 58
52 59
52 60
52 61
52 66
52 90
52 98
52 99
52 101
52 111
52 112
53 53
53 55
53 111
53 112
54 54
54 55
54 86
54 87
54 89
54 95
54 96
54 97
54 104
54 105
54 112
54 114
54 115
55 55
55 86
55 89
55 95
55 96
55 97
55 98
55 99
55 103
55 104
55 105
55 111
55 112
55 114
55 115
56 56
56 57
56 58
56 59
56 60
56 62
56 63
56 66
56 68
56 99
57 57
57 58
57 59
57 60
57 61
57 62
57 63
57 66
57 68
57 69
57 90
57 91
57 93
57 98
57 100
57 101
57 107
58 58
58 59
58 60
58 61
58 62
58 63
58 66
58 67
58 68
58 69
58 90
58 91
58 93
58 98
58 99
58 101
58 111
58 112
59 59
59 60
59 61
59 62
59 63
59 66
59 67
59 68
59 69
59 90
59 98
59 99
59 101
59 112
60 60
60 61
60 62
60 63
60 64
60 65
60 66
60 68
60 69
61 61
61 62
61 63
61 65
61 66
61 92
61 98
61 101
62 62
62 63
62 64
62 66
62 68
62 69
62 79
62 80
63 63
63 66
63 79
63 98
63 100
64 64
64 65
64 78
64 79
64 80
64 84
64 85
65 65
65 67
65 91
65 92
65 110
66 66
66 67
66 68
66 69
66 90
66 98
66 99
66 101
66 110
67 67
67 68
67 69
67 90
67 91
67 92
67 93
67 96
67 99
67 101
67 108
67 110
68 68
68 69
68 90
68 97
68 98
69 69
69 90
69 91
69 92
69 93
69 96
69 97
69 98
69 99
69 101
69 106
69 107
69 110
70 70
70 71
70 72
70 73
70 74
70 75
70 76
70 77
70 78
70 81
70 82
70 83
70 84
70 85
70 86
70 95
70 114
71 71
71 72
71 73
71 74
71 75
71 76
71 77
71 78
71 81
71 82
71 83
71 84
71 85
71 86
71 87
71 102
71 114
72 72
72 73
72 74
72 75
72 76
72 77
72 78
72 79
72 80
72 81
72 84
72 85
73 73
73 74
73 75
73 76
73 77
73 78
73 79
73 80
73 81
73 82
73 83
73 85
74 74
74 75
74 76
74 77
74 78
74 79
74 80
74 81
74 84
74 85
75 75
75 76
75 77
75 78
75 79
75 80
75 81
75 85
76 76
76 77
76 78
76 79
76 80
76 81
76 82
76 83
76 84
76 85
77 77
77 78
77 79
77 80
77 81
77 85
77 114
78 78
78 79
78 80
78 81
78 84
78 85
79 79
79 80
79 81
80 80
80 81
80 82
80 83
80 84
80 85
81 81
81 83
81 84
81 85
82 82
82 83
82 84
82 86
82 87
82 88
83 83
83 85
83 87
83 88
83 95
83 100
83 102
83 105
83 114
83 115
84 84
84 85
84 114
85 85
85 87
85 105
85 114
86 86
86 87
86 88
86 89
86 95
86 114
86 115
87 87
87 89
87 94
87 95
87 97
87 103
87 105
87 114
87 115
88 88
88 89
88 93
88 97
88 103
88 105
88 114
88 115
89 89
89 90
89 91
89 93
89 94
89 95
89 97
89 99
89 101
89 102
89 103
89 104
89 105
89 113
89 114
89 115
90 90
90 91
90 92
90 93
90 94
90 98
90 99
90 100
90 101
90 102
90 103
90 106
90 107
90 110
90 113
90 115
91 91
91 92
91 93
91 94
91 97
91 98
91 99
91 100
91 101
91 103
91 106
91 107
91 110
91 113
91 115
92 92
92 93
92 99
92 100
92 101
92 110
92 113
93 93
93 94
93 98
93 99
93 100
93 101
93 102
93 103
93 106
93 107
93 110
93 113
93 115
94 94
94 95
94 96
94 97
94 100
94 101
94 102
94 103
94 104
94 108
94 109
94 110
94 113
94 115
95 95
95 97
95 104
95 105
95 108
95 109
95 113
95 114
95 115
96 96
96 97
96 98
96 99
96 101
96 103
96 104
96 108
96 109
96 110
96 111
96 112
97 97
97 98
97 99
97 103
97 104
97 105
97 107
97 108
97 109
97 110
97 111
97 113
97 114
97 115
98 98
98 99
98 100
98 101
98 111
98 112
98 113
99 99
99 101
99 103
99 107
99 108
99 110
99 111
99 112
99 113
99 115
100 100
100 101
100 102
100 103
100 104
100 106
100 108
100 113
101 101
101 102
101 103
101 104
101 106
101 107
101 110
101 113
102 102
102 103
102 104
102 105
102 106
102 107
102 113
102 114
102 115
103 103
103 104
103 105
103 106
103 107
103 108
103 110
103 113
103 114
103 115
104 104
104 105
104 106
104 107
104 108
104 109
104 114
104 115
105 105
105 107
105 108
105 109
105 114
105 115
106 106
106 107
106 108
106 113
107 107
107 109
107 110
107 115
108 108
108 109
108 110
108 114
109 109
109 110
109 111
109 114
110 110
110 111
111 111
111 112
112 112
112 113
113 113
113 114
114 114
114 115
115 115
