0 0
0 1
0 16
0 17
0 18
0 28
0 32
0 52
0 53
0 54
0 56
0 57
0 58
0 59
0 60
0 61
0 62
0 63
0 68
0 78
0 79
0 80
0 81
0 89
0 98
0 99
0 112
1 1
1 10
1 11
1 12
1 13
1 15
1 16
1 17
1 52
1 53
1 56
1 57
1 58
1 59
1 60
1 61
1 62
1 63
1 68
1 78
1 79
1 80
1 81
1 98
2 2
2 4
2 5
2 6
2 8
2 10
2 12
2 14
2 18
2 20
2 21
2 22
2 26
2 27
2 60
2 64
2 70
2 91
2 93
2 101
2 102
2 114
3 3
3 5
3 6
3 7
3 9
3 11
3 22
3 23
3 25
3 27
3 31
3 34
3 35
3 64
3 65
3 67
3 77
3 85
3 87
3 88
3 92
3 110
4 4
4 5
4 6
4 8
4 9
4 11
4 12
4 13
4 14
4 15
4 20
4 21
4 26
4 48
4 58
4 60
4 69
4 70
4 71
4 75
4 115
5 5
5 6
5 9
5 22
5 23
5 24
5 25
5 26
5 27
5 30
5 34
5 35
5 45
5 50
5 64
5 65
5 66
5 67
5 68
5 69
5 70
5 84
5 85
5 87
5 88
5 92
5 110
6 6
6 7
6 8
6 9
6 12
6 14
6 22
6 23
6 26
6 30
6 31
6 35
6 64
6 92
6 93
7 7
7 9
7 11
7 12
7 13
7 15
7 35
7 37
7 64
7 65
7 67
7 77
7 83
7 92
8 8
8 9
8 10
8 11
8 12
8 13
8 14
8 15
8 20
8 21
8 22
8 23
8 60
8 64
8 65
8 70
8 73
8 74
8 75
8 91
8 92
8 93
9 9
9 11
9 12
9 13
9 15
9 35
9 48
9 50
9 61
9 64
9 65
9 75
9 92
10 10
10 11
10 12
10 13
10 14
10 15
10 16
10 17
10 21
10 28
10 29
10 58
10 60
10 82
10 83
10 84
10 86
10 88
11 11
11 12
11 13
11 14
11 15
11 17
11 29
11 36
11 52
11 58
11 60
11 61
11 65
11 73
11 75
11 83
11 93
12 12
12 13
12 14
12 15
12 17
12 28
12 29
12 36
12 58
12 60
12 61
12 72
12 82
13 13
13 14
13 15
13 17
13 28
13 29
13 36
13 37
13 40
13 41
13 58
13 60
13 61
13 62
13 63
13 72
13 73
13 74
13 75
13 76
13 77
13 80
13 83
13 104
14 14
14 15
14 20
14 21
14 22
14 28
14 52
14 58
14 60
14 70
14 72
14 73
14 74
14 75
14 82
14 83
14 90
14 91
14 93
14 109
15 15
15 20
15 21
15 29
15 36
15 40
15 41
15 52
15 58
15 60
15 61
15 65
15 70
15 72
15 73
15 74
15 75
15 83
15 93
16 16
16 17
16 18
16 28
16 29
16 32
16 33
16 52
16 55
16 56
16 57
16 58
16 59
16 60
16 62
16 63
16 72
16 78
16 79
16 80
16 81
17 17
17 28
17 29
17 32
17 33
17 36
17 38
17 39
17 40
17 52
17 56
17 57
17 58
17 60
17 61
17 62
17 63
17 71
17 72
17 78
17 79
17 80
17 81
18 18
18 19
18 28
18 32
18 33
18 56
18 62
18 63
18 80
18 81
18 82
18 86
18 114
19 19
19 28
19 29
19 30
19 31
19 32
19 33
19 62
19 72
19 82
19 83
19 86
20 20
20 21
20 22
20 26
20 41
20 52
20 53
20 58
20 60
20 62
20 68
20 70
20 71
20 73
20 74
20 75
20 91
20 93
20 112
21 21
21 22
21 24
21 26
21 52
21 60
21 68
21 70
21 71
21 73
21 75
21 84
21 88
21 89
21 93
22 22
22 23
22 24
22 25
22 26
22 27
22 30
22 31
22 34
22 35
22 50
22 64
22 65
22 69
22 70
22 73
22 75
22 87
22 88
22 89
22 91
22 92
22 93
22 110
22 111
22 113
23 23
23 24
23 25
23 27
23 30
23 31
23 34
23 35
23 64
23 65
23 67
23 69
23 70
23 75
23 77
23 87
23 88
23 89
23 91
23 92
23 93
23 109
23 110
23 111
24 24
24 25
24 26
24 27
24 30
24 31
24 34
24 35
24 39
24 47
24 50
24 64
24 67
24 86
24 87
24 109
24 110
25 25
25 26
25 27
25 30
25 31
25 34
25 35
25 45
25 64
25 65
25 66
25 67
25 69
25 84
25 85
25 87
25 88
25 89
25 92
25 93
25 110
26 26
26 27
26 30
26 38
26 50
26 64
26 67
26 69
26 70
26 84
26 85
26 86
26 88
27 27
27 30
27 34
27 35
27 50
27 64
27 65
27 67
27 68
27 69
27 70
27 84
27 85
27 86
27 87
27 88
27 89
27 92
27 93
27 110
28 28
28 29
28 32
28 33
28 36
28 40
28 41
28 62
28 63
28 72
28 76
28 78
28 80
28 81
28 82
28 83
28 105
28 113
29 29
29 32
29 33
29 36
29 39
29 40
29 41
29 49
29 55
29 61
29 62
29 63
29 72
29 80
29 81
29 82
29 83
29 105
29 107
30 30
30 31
30 33
30 34
30 38
30 64
30 66
30 67
30 69
30 71
30 87
30 95
30 110
31 31
31 33
31 34
31 35
31 45
31 64
31 66
31 67
31 77
31 82
31 83
31 87
31 95
31 109
31 110
32 32
32 33
32 43
32 47
32 49
32 55
32 56
32 57
32 62
32 63
32 66
32 72
32 78
32 80
32 81
32 96
33 33
33 43
33 44
33 45
33 47
33 62
33 66
33 67
33 72
33 78
33 80
33 82
33 83
33 86
33 110
34 34
34 35
34 42
34 43
34 44
34 45
34 47
34 50
34 64
34 65
34 66
34 67
34 69
34 77
34 85
34 87
34 88
34 92
34 109
34 110
35 35
35 42
35 43
35 44
35 45
35 47
35 50
35 64
35 65
35 66
35 67
35 77
35 85
35 87
35 92
35 110
36 36
36 37
36 40
36 41
36 52
36 58
36 62
36 72
36 73
36 74
36 75
36 76
36 80
36 81
36 83
36 90
36 91
36 94
36 95
36 97
36 100
36 101
36 102
36 104
36 105
36 106
36 107
36 112
36 113
36 114
36 115
37 37
37 40
37 41
37 58
37 59
37 74
37 76
37 77
37 90
37 109
38 38
38 39
38 54
38 55
38 57
38 59
38 72
38 78
38 80
38 81
38 94
38 95
38 96
38 108
38 112
38 115
39 39
39 54
39 55
39 56
39 57
39 71
39 72
39 81
39 95
39 96
39 102
39 108
39 109
40 40
40 41
40 52
40 58
40 62
40 63
40 72
40 74
40 76
40 80
40 81
40 83
40 97
40 105
40 112
41 41
41 72
41 73
41 74
41 75
41 76
41 77
41 83
41 90
41 91
41 95
41 105
41 106
41 109
41 111
41 112
41 113
42 42
42 43
42 44
42 45
42 46
42 47
42 49
42 50
42 66
42 67
42 77
42 94
42 108
42 110
42 111
43 43
43 44
43 45
43 46
43 47
43 49
43 55
43 66
43 67
43 85
43 94
43 96
43 97
43 98
43 108
43 110
44 44
44 45
44 46
44 47
44 48
44 49
44 50
44 51
44 55
44 66
44 67
44 110
45 45
45 47
45 49
45 50
45 64
45 65
45 66
45 67
45 84
45 85
45 87
45 110
46 46
46 47
46 48
46 49
46 51
46 53
46 54
46 55
46 56
46 96
46 97
46 98
46 99
47 47
47 49
47 50
47 51
47 55
47 66
47 67
47 85
47 96
47 97
47 98
47 99
47 110
48 48
48 49
48 50
48 51
48 52
48 53
48 55
48 57
48 58
48 59
48 60
48 61
48 65
48 98
48 99
49 49
49 50
49 51
49 53
49 55
49 59
49 80
49 81
49 98
49 99
50 50
50 51
50 53
50 55
50 64
50 65
50 85
50 89
51 51
51 52
51 53
51 54
51 55
51 56
51 57
51 58
51 59
51 81
51 96
51 98
51 99
52 52
52 53
52 54
52 56
52 57
52 58
52 59
52 60
52 61
52 62
52 63
52 68
52 73
52 74
52 79
52 81
52 89
52 90
52 98
52 99
52 103
52 106
52 112
53 53
53 54
53 55
53 56
53 57
53 58
53 59
53 60
53 61
53 62
53 78
53 79
53 81
53 89
53 90
53 96
53 98
53 99
53 111
53 112
54 54
54 55
54 56
54 57
54 58
54 59
54 68
54 72
54 81
54 89
54 96
54 97
54 98
54 99
54 103
54 106
54 107
55 55
55 56
55 57
55 78
55 79
55 80
55 81
55 89
55 96
55 97
55 98
55 99
55 107
56 56
56 57
56 58
56 59
56 60
56 61
56 62
56 63
56 68
56 78
56 79
56 80
56 81
56 89
56 96
56 98
57 57
57 58
57 59
57 60
57 61
57 62
57 63
57 68
57 78
57 79
57 80
57 81
57 89
57 96
57 98
57 112
58 58
58 59
58 60
58 61
58 62
58 63
58 68
58 72
58 74
58 96
58 98
59 59
59 60
59 61
59 63
59 68
59 72
59 74
59 80
59 81
59 96
59 98
59 102
60 60
60 61
60 62
60 63
60 70
60 73
60 79
61 61
61 62
61 63
61 65
61 79
61 80
61 81
62 62
62 63
62 72
62 73
62 74
62 80
62 81
62 83
62 90
62 106
63 63
63 72
63 78
63 79
63 80
63 81
64 64
64 65
64 67
64 70
64 73
64 75
64 87
64 88
64 92
64 93
64 110
65 65
65 67
65 75
65 85
65 87
65 88
65 92
65 93
66 66
66 67
66 69
66 84
66 85
66 87
66 110
67 67
67 69
67 77
67 84
67 85
67 86
67 87
67 110
68 68
68 69
68 70
68 78
68 79
68 84
68 88
68 89
69 69
69 70
69 87
69 88
69 91
69 94
69 95
69 101
69 104
69 108
69 115
70 70
70 71
70 73
70 74
70 75
70 90
70 91
70 92
70 93
70 95
70 101
70 103
70 104
70 112
70 113
70 115
71 71
71 73
71 75
71 93
71 101
71 103
71 104
71 108
71 115
72 72
72 74
72 76
72 80
72 81
72 83
72 95
72 105
72 106
72 108
73 73
73 74
73 75
73 76
73 91
73 92
73 93
73 100
73 101
73 103
73 107
73 111
73 112
73 113
74 74
74 75
74 76
74 77
74 90
74 91
74 92
74 93
74 100
74 101
74 102
74 109
74 111
74 112
74 113
75 75
75 76
75 90
75 91
75 92
75 93
75 100
75 103
75 104
75 107
75 112
76 76
76 77
76 90
76 91
76 92
76 94
76 95
76 100
76 101
76 102
76 104
76 105
76 109
76 111
76 112
76 113
76 114
77 77
77 83
77 90
77 91
77 92
77 93
77 101
77 104
77 105
77 109
77 113
77 114
78 78
78 79
78 80
78 81
78 89
79 79
79 80
79 81
79 89
79 112
79 115
80 80
80 81
80 96
80 98
81 81
81 96
81 97
81 98
81 106
81 107
81 112
82 82
82 83
82 84
82 86
82 109
82 110
83 83
83 86
83 109
84 84
84 85
84 86
84 88
84 89
84 110
85 85
85 86
85 87
85 88
85 89
85 110
86 86
86 87
86 88
86 110
87 87
87 88
87 89
87 92
87 110
88 88
88 89
88 93
88 110
89 89
89 93
90 90
90 91
90 92
90 93
90 99
90 101
90 102
90 103
90 104
90 106
90 111
90 112
90 113
90 114
91 91
91 92
91 93
91 95
91 99
91 101
91 102
91 103
91 104
91 105
91 106
91 109
91 111
91 112
91 113
91 114
91 115
92 92
92 93
92 100
92 101
92 103
92 104
92 113
92 114
93 93
93 100
93 101
93 103
93 104
93 109
93 111
93 113
94 94
94 95
94 97
94 101
94 102
94 103
94 104
94 108
94 112
94 113
94 114
94 115
95 95
95 97
95 101
95 102
95 103
95 104
95 108
95 109
95 111
95 113
95 114
95 115
96 96
96 97
96 98
96 110
97 97
97 98
97 99
97 102
97 104
97 105
97 108
97 113
97 114
97 115
98 98
98 99
98 102
98 106
98 107
98 111
98 112
99 99
99 101
99 102
99 106
99 111
99 112
99 113
100 100
100 101
100 102
100 108
100 111
100 112
101 101
101 102
101 103
101 104
101 105
101 106
101 108
101 111
101 112
101 113
101 114
101 115
102 102
102 103
102 104
102 106
102 108
102 111
102 112
102 113
102 114
102 115
103 103
103 104
103 105
103 106
103 107
103 108
103 112
103 113
103 114
103 115
104 104
104 105
104 106
104 107
104 108
104 112
104 113
104 114
104 115
105 105
105 106
105 107
105 113
105 114
105 115
106 106
106 107
106 111
106 113
107 107
108 108
108 111
108 115
109 109
109 110
109 111
109 113
110 110
110 111
111 111
111 112
111 113
112 112
112 113
112 114
112 115
113 113
113 114
113 115
114 114
114 115
115 115
