0 0
0 1
0 6
0 10
0 12
0 16
0 17
0 18
0 19
0 28
0 32
0 52
0 56
0 57
0 58
0 60
0 62
0 63
0 64
0 68
0 69
0 72
0 79
0 80
0 81
0 84
0 85
0 87
1 1
1 16
1 17
1 29
1 32
1 46
1 49
1 50
1 51
1 52
1 53
1 54
1 55
1 56
1 57
1 62
1 63
1 68
1 69
1 78
1 79
1 80
1 81
1 84
1 85
1 87
1 89
1 98
2 2
2 3
2 6
2 20
2 22
2 23
2 27
2 30
2 31
2 34
2 35
2 64
2 67
2 70
2 71
2 76
2 77
2 91
2 92
2 93
2 99
2 103
2 105
2 111
2 113
3 3
3 7
3 23
3 25
3 30
3 31
3 42
3 43
3 47
3 71
3 82
3 92
4 4
4 5
4 7
4 8
4 9
4 11
4 12
4 13
4 14
4 15
4 22
4 23
4 24
4 28
4 42
4 43
4 45
4 48
4 51
4 59
4 65
4 82
5 5
5 7
5 8
5 9
5 13
5 14
5 15
5 22
5 23
5 24
5 25
5 27
5 30
5 42
5 43
5 45
5 65
5 82
6 6
6 7
6 8
6 10
6 12
6 28
6 33
6 35
6 60
6 61
6 64
6 70
6 77
6 91
6 92
6 93
6 99
6 107
7 7
7 8
7 9
7 11
7 12
7 13
7 15
7 19
7 23
7 28
7 31
7 33
7 35
7 60
7 61
7 63
7 64
7 65
7 71
7 72
7 74
7 75
7 77
7 82
7 83
7 92
7 93
8 8
8 9
8 10
8 11
8 12
8 13
8 14
8 15
8 23
8 28
8 48
8 61
8 65
8 82
8 92
8 93
9 9
9 11
9 12
9 13
9 14
9 15
9 23
9 59
9 61
9 63
9 65
9 82
9 92
10 10
10 11
10 12
10 13
10 14
10 15
10 16
10 28
10 48
10 58
10 59
10 60
10 64
10 82
10 87
10 88
11 11
11 12
11 13
11 14
11 15
11 16
11 19
11 28
11 33
11 60
11 61
11 62
11 63
11 64
11 65
11 72
11 74
11 75
11 82
11 83
11 92
12 12
12 13
12 14
12 15
12 16
12 28
12 48
12 58
12 59
12 60
12 61
12 64
12 65
12 72
12 88
12 93
13 13
13 14
13 15
13 28
13 48
13 58
13 59
13 60
13 61
13 63
13 64
13 65
13 82
14 14
14 15
14 28
14 48
14 58
14 65
14 82
15 15
15 28
15 48
15 58
15 59
15 60
15 61
15 63
15 65
15 75
15 82
16 16
16 17
16 18
16 28
16 29
16 32
16 52
16 54
16 56
16 57
16 58
16 60
16 62
16 63
16 68
16 69
16 72
16 78
16 79
16 80
16 81
16 84
16 85
16 87
16 89
16 107
17 17
17 18
17 28
17 29
17 32
17 49
17 52
17 54
17 55
17 56
17 57
17 58
17 59
17 60
17 62
17 63
17 68
17 69
17 72
17 78
17 79
17 80
17 81
17 84
17 85
17 87
17 89
18 18
18 19
18 28
18 32
18 41
18 60
18 62
18 72
18 75
18 80
18 82
18 84
18 87
18 101
19 19
19 33
19 60
19 61
19 69
19 82
19 83
19 87
19 91
19 103
19 104
19 105
19 115
20 20
20 21
20 24
20 25
20 26
20 27
20 30
20 31
20 34
20 35
20 37
20 38
20 39
20 42
20 44
20 45
20 67
20 70
20 71
20 76
20 77
20 86
20 90
20 91
20 94
20 97
20 99
20 100
20 103
20 104
20 105
20 109
20 110
20 112
20 113
20 114
21 21
21 24
21 25
21 26
21 27
21 30
21 31
21 34
21 40
21 42
21 43
21 45
21 67
21 71
21 77
21 90
21 91
21 94
21 95
21 96
21 99
21 104
21 105
21 106
21 108
21 109
21 110
21 111
21 112
21 113
21 114
21 115
22 22
22 23
22 24
22 25
22 26
22 27
22 30
22 34
22 37
22 43
22 64
22 65
22 67
22 76
22 91
22 93
22 108
22 110
22 115
23 23
23 24
23 25
23 26
23 27
23 30
23 31
23 34
23 35
23 42
23 43
23 45
23 64
23 65
23 67
23 77
23 82
23 91
23 92
23 93
23 94
23 105
23 108
23 110
23 114
23 115
24 24
24 25
24 26
24 27
24 30
24 31
24 34
24 37
24 42
24 43
24 44
24 45
24 46
24 47
24 67
24 77
24 94
24 95
24 96
24 108
24 109
24 110
24 115
25 25
25 26
25 27
25 30
25 31
25 34
25 37
25 42
25 43
25 44
25 45
25 46
25 47
25 67
25 71
25 77
25 90
25 92
25 94
25 95
25 96
25 100
25 105
25 108
25 109
25 110
25 112
25 113
25 115
26 26
26 27
26 30
26 31
26 34
26 37
26 41
26 42
26 43
26 44
26 45
26 47
26 50
26 67
26 86
26 90
26 94
26 95
26 96
26 105
26 108
26 110
26 111
26 113
26 115
27 27
27 30
27 31
27 34
27 37
27 39
27 42
27 43
27 44
27 45
27 47
27 67
27 86
27 90
27 91
27 94
27 95
27 96
27 97
27 100
27 105
27 108
27 110
27 111
27 112
27 113
27 114
27 115
28 28
28 29
28 40
28 60
28 62
28 63
28 72
28 74
28 75
28 81
28 82
28 83
29 29
29 41
29 46
29 52
29 57
29 62
29 63
29 72
29 73
29 74
29 75
29 80
29 81
29 83
29 85
29 87
30 30
30 31
30 34
30 37
30 41
30 42
30 43
30 44
30 45
30 47
30 67
30 71
30 75
30 76
30 77
30 82
30 91
30 92
30 95
30 108
30 110
30 115
31 31
31 33
31 34
31 35
31 37
31 39
31 41
31 42
31 43
31 44
31 45
31 67
31 70
31 71
31 75
31 76
31 77
31 82
31 83
31 91
31 92
31 95
31 105
31 110
31 111
31 113
32 32
32 33
32 56
32 57
32 60
32 62
32 63
32 68
32 69
32 78
32 79
32 80
32 81
32 85
32 89
33 33
33 35
33 60
33 61
33 63
33 64
33 75
33 76
33 77
33 83
34 34
34 35
34 37
34 38
34 42
34 43
34 44
34 45
34 67
34 76
34 77
34 86
34 90
34 91
34 92
34 103
34 105
34 108
34 109
34 110
34 111
34 113
35 35
35 61
35 64
35 65
35 67
35 70
35 71
35 76
35 77
35 91
35 92
35 93
36 36
36 37
36 41
36 73
36 74
36 75
36 76
36 80
36 84
36 85
36 94
36 97
36 98
36 101
36 108
37 37
37 38
37 39
37 41
37 42
37 43
37 47
37 70
37 73
37 76
37 77
37 86
37 95
37 99
37 108
37 109
37 110
37 111
37 112
37 113
38 38
38 40
38 54
38 56
38 57
38 68
38 74
38 96
38 110
38 113
39 39
39 71
39 86
39 91
39 94
39 95
39 99
39 110
39 111
39 112
39 113
40 40
40 72
40 82
40 83
41 41
41 73
41 74
41 75
41 80
41 83
41 85
41 87
41 97
41 98
41 109
41 111
41 112
42 42
42 43
42 44
42 45
42 46
42 47
42 48
42 49
42 51
42 67
42 77
42 90
42 95
42 96
42 102
42 104
42 105
42 109
42 110
42 111
42 113
42 114
43 43
43 44
43 45
43 46
43 47
43 51
43 67
43 77
43 90
43 92
43 95
43 96
43 108
43 109
43 110
43 111
43 112
43 113
43 114
44 44
44 45
44 46
44 47
44 48
44 49
44 50
44 51
44 55
44 66
44 67
44 96
44 98
44 102
44 109
44 110
45 45
45 46
45 47
45 49
45 51
45 67
45 90
45 95
45 96
45 102
45 105
45 109
45 110
45 112
46 46
46 47
46 48
46 49
46 50
46 51
46 52
46 53
46 54
46 55
46 56
46 57
46 59
46 80
46 85
46 96
46 98
46 102
46 109
46 110
47 47
47 48
47 49
47 51
47 53
47 55
47 90
47 95
47 96
47 102
47 105
47 109
47 110
47 111
47 113
47 114
47 115
48 48
48 49
48 50
48 51
48 52
48 54
48 55
48 57
48 58
48 59
48 66
48 96
48 102
49 49
49 50
49 51
49 52
49 53
49 54
49 55
49 56
49 57
49 58
49 59
49 66
49 68
49 79
49 80
49 81
49 85
49 96
49 98
49 102
50 50
50 51
50 52
50 53
50 54
50 55
50 56
50 57
50 66
50 68
50 81
50 84
50 85
50 86
50 89
50 97
50 106
50 110
51 51
51 52
51 53
51 55
51 57
51 58
51 59
51 66
51 68
51 96
51 98
51 102
51 109
52 52
52 53
52 54
52 55
52 56
52 57
52 58
52 59
52 60
52 62
52 66
52 68
52 69
52 79
52 80
52 81
52 85
52 87
52 89
52 96
52 98
53 53
53 55
53 56
53 57
53 68
53 69
53 80
53 81
53 85
53 98
53 102
53 115
54 54
54 55
54 56
54 57
54 58
54 59
54 66
54 68
54 69
54 78
54 79
54 80
54 81
54 84
54 85
54 86
54 87
54 89
54 96
54 97
54 98
54 106
55 55
55 56
55 57
55 58
55 59
55 68
55 79
55 80
55 81
55 84
55 85
55 86
55 89
55 96
55 98
55 102
56 56
56 57
56 62
56 66
56 68
56 69
56 78
56 79
56 80
56 81
56 84
56 85
56 87
56 89
56 98
57 57
57 58
57 59
57 66
57 68
57 69
57 78
57 79
57 80
57 81
57 84
57 85
57 87
57 89
57 96
57 98
58 58
58 59
58 60
58 62
58 66
58 68
58 69
58 79
58 81
59 59
59 60
59 63
59 66
59 79
59 81
59 102
60 60
60 61
60 62
60 63
60 64
60 72
60 81
60 87
60 93
61 61
61 63
61 64
61 65
61 92
62 62
62 63
62 68
62 72
62 78
62 80
62 81
62 83
62 85
62 87
62 89
62 101
62 107
63 63
63 72
63 75
63 80
63 81
63 83
63 85
64 64
64 65
64 82
64 84
64 88
64 91
64 92
64 93
65 65
65 67
65 77
65 88
65 92
65 93
66 66
66 67
66 68
66 69
66 79
66 98
66 106
67 67
67 90
67 91
67 92
67 94
67 103
67 104
67 105
67 110
67 113
68 68
68 69
68 78
68 79
68 80
68 81
68 84
68 85
68 87
68 89
68 96
68 98
69 69
69 79
69 80
69 81
69 87
69 103
69 104
70 70
70 71
70 72
70 73
70 74
70 75
70 76
70 77
70 90
70 91
70 92
70 93
70 99
70 101
70 111
70 112
70 113
71 71
71 73
71 75
71 76
71 77
71 90
71 91
71 92
71 93
71 105
71 110
71 111
71 112
72 72
72 73
72 74
72 75
72 80
72 81
72 82
72 83
73 73
73 74
73 75
73 76
73 77
73 83
74 74
74 75
74 76
75 75
75 76
75 77
75 82
75 83
75 92
75 93
76 76
76 77
76 91
76 92
76 93
76 95
76 99
76 108
76 109
76 111
76 113
77 77
77 90
77 91
77 92
77 93
77 94
77 95
77 99
77 100
77 105
77 108
77 109
77 110
77 111
77 113
78 78
78 79
78 80
78 81
78 84
78 85
78 86
78 87
78 89
79 79
79 80
79 81
79 84
79 85
79 87
79 89
80 80
80 81
80 83
80 84
80 85
80 87
80 89
80 96
80 97
80 98
81 81
81 84
81 85
81 87
81 89
81 98
82 82
82 83
83 83
83 87
83 97
84 84
84 85
84 86
84 87
84 88
84 89
84 96
85 85
85 86
85 87
85 89
85 96
85 97
85 98
86 86
86 87
86 88
86 96
86 97
86 110
87 87
87 89
87 97
87 101
88 88
89 89
90 90
90 91
90 92
90 94
90 95
90 99
90 100
90 101
90 102
90 103
90 104
90 105
90 109
90 110
90 111
90 112
90 113
90 114
91 91
91 92
91 93
91 94
91 99
91 101
91 103
91 105
91 108
91 111
91 113
91 114
92 92
92 93
92 94
92 100
92 103
92 108
92 111
92 114
93 93
93 99
93 101
93 111
94 94
94 95
94 97
94 100
94 106
94 107
94 108
94 110
94 114
95 95
95 96
95 99
95 108
95 109
95 110
95 111
95 113
95 114
96 96
96 98
96 109
96 110
97 97
97 98
97 99
97 101
97 107
97 114
98 98
98 101
98 102
98 107
99 99
99 101
99 109
99 110
99 111
99 112
100 100
100 102
100 104
100 105
100 110
101 101
101 103
101 107
101 111
102 102
102 103
102 110
102 112
102 113
103 103
103 104
103 105
103 114
103 115
104 104
104 105
104 106
104 110
104 113
104 114
105 105
105 106
105 109
105 110
105 113
105 114
105 115
106 106
106 107
106 114
107 107
108 108
108 109
108 110
108 111
108 113
108 114
109 109
109 110
109 111
109 114
109 115
110 110
110 111
110 112
110 113
110 114
110 115
111 111
111 112
112 112
112 113
112 114
113 113
114 114
114 115
115 115
