0 0
0 1
0 2
0 4
0 10
0 12
0 16
0 18
0 28
0 48
0 50
0 52
0 54
0 56
0 57
0 58
0 59
0 60
0 62
0 63
0 66
0 68
0 74
0 76
0 78
0 80
0 88
0 89
0 91
1 1
1 11
1 16
1 17
1 19
1 48
1 51
1 52
1 54
1 56
1 57
1 58
1 59
1 60
1 61
1 63
1 65
1 68
1 80
1 81
1 83
1 85
2 2
2 4
2 5
2 6
2 8
2 10
2 12
2 14
2 18
2 21
2 22
2 23
2 24
2 25
2 26
2 27
2 30
2 31
2 34
2 50
2 60
2 64
2 66
2 70
2 71
2 75
2 88
2 93
2 94
2 110
2 114
3 3
3 6
3 7
3 11
3 13
3 15
3 22
3 23
3 30
3 31
3 32
3 33
3 35
3 44
3 45
3 64
3 65
3 70
4 4
4 5
4 6
4 8
4 9
4 10
4 12
4 26
4 50
4 58
4 60
4 64
4 75
4 88
4 93
5 5
5 9
5 14
5 15
5 21
5 24
5 26
5 27
5 67
5 88
6 6
6 7
6 8
6 10
6 12
6 20
6 21
6 22
6 23
6 30
6 31
6 33
6 35
6 62
6 64
6 70
6 71
6 72
6 74
6 75
6 76
6 77
6 93
6 110
6 114
6 115
7 7
7 9
7 11
7 13
7 15
7 20
7 23
7 30
7 31
7 33
7 35
7 45
7 61
7 64
7 65
7 67
7 70
7 75
7 77
8 8
8 9
8 10
8 11
8 12
8 13
8 14
8 15
8 18
8 22
8 23
8 36
8 60
8 62
8 64
8 88
8 93
8 113
9 9
9 10
9 11
9 12
9 13
9 15
9 60
9 61
9 62
9 64
9 65
9 76
9 89
9 92
9 93
10 10
10 11
10 12
10 13
10 14
10 15
10 16
10 22
10 48
10 50
10 58
10 60
10 61
10 62
10 64
10 65
10 75
10 88
10 89
10 93
11 11
11 12
11 13
11 15
11 23
11 45
11 60
11 61
11 64
11 65
11 70
11 75
11 77
11 83
12 12
12 13
12 14
12 15
12 16
12 28
12 48
12 50
12 54
12 58
12 60
12 61
12 62
12 64
12 65
12 66
12 75
12 76
12 88
12 89
13 13
13 15
13 16
13 17
13 28
13 29
13 60
13 61
13 62
13 65
13 70
13 72
13 73
13 74
13 75
13 76
13 77
13 79
13 80
13 83
14 14
14 15
14 18
14 22
14 23
14 26
14 27
14 34
14 46
14 50
14 64
14 68
14 82
14 84
14 88
14 93
15 15
15 36
15 40
15 41
15 60
15 61
15 64
15 65
15 75
15 83
15 89
15 112
16 16
16 17
16 28
16 29
16 36
16 40
16 48
16 56
16 57
16 58
16 59
16 60
16 61
16 62
16 63
16 66
16 72
16 73
16 74
16 76
16 78
16 79
16 80
16 81
16 83
17 17
17 19
17 21
17 28
17 29
17 36
17 40
17 52
17 56
17 57
17 59
17 62
17 63
17 72
17 73
17 74
17 75
17 76
17 78
17 79
17 80
17 81
17 83
18 18
18 19
18 28
18 29
18 32
18 36
18 37
18 38
18 39
18 40
18 41
18 46
18 56
18 57
18 66
18 68
18 72
18 73
18 74
18 81
18 82
18 83
18 94
18 95
18 96
18 99
18 108
18 109
19 19
19 25
19 29
19 32
19 37
19 38
19 39
19 41
19 56
19 57
19 68
19 69
19 72
19 74
19 78
19 80
19 81
19 82
19 83
19 86
19 87
19 91
19 95
19 105
19 108
20 20
20 21
20 23
20 24
20 25
20 26
20 29
20 30
20 31
20 33
20 35
20 36
20 39
20 67
20 70
20 71
20 72
20 73
20 74
20 75
20 76
20 77
20 87
20 103
20 105
20 108
20 115
21 21
21 22
21 24
21 25
21 26
21 27
21 30
21 31
21 35
21 39
21 70
21 71
21 72
21 73
21 74
21 75
21 76
21 77
21 78
21 79
21 81
21 87
21 105
21 108
21 115
22 22
22 23
22 24
22 25
22 26
22 27
22 30
22 31
22 33
22 34
22 35
22 64
22 71
22 75
22 86
22 88
22 93
22 94
22 110
22 115
23 23
23 24
23 25
23 26
23 27
23 30
23 31
23 33
23 35
23 45
23 64
23 67
23 70
23 71
23 75
23 77
23 86
23 92
23 93
23 110
23 114
23 115
24 24
24 25
24 26
24 27
24 30
24 31
24 34
24 35
24 47
24 67
24 69
24 71
24 92
24 94
24 95
24 96
24 97
24 98
24 103
24 104
24 108
24 110
24 111
24 114
25 25
25 27
25 30
25 31
25 32
25 33
25 35
25 67
25 70
25 71
25 74
25 75
25 77
25 94
25 96
25 97
25 105
25 108
25 110
25 111
25 115
26 26
26 27
26 34
26 50
26 51
26 84
26 88
26 98
27 27
27 34
27 48
27 50
27 51
27 82
27 88
27 98
28 28
28 29
28 36
28 40
28 56
28 60
28 62
28 63
28 70
28 72
28 73
28 74
28 75
28 76
28 77
28 78
28 79
28 80
28 81
28 83
28 87
29 29
29 36
29 37
29 40
29 41
29 52
29 62
29 63
29 70
29 72
29 73
29 74
29 75
29 76
29 77
29 78
29 79
29 80
29 81
29 83
29 87
29 112
30 30
30 31
30 32
30 33
30 35
30 39
30 45
30 70
30 71
30 74
30 75
30 77
30 86
30 94
30 95
30 97
30 108
30 115
31 31
31 32
31 33
31 35
31 45
31 70
31 71
31 73
31 74
31 75
31 77
31 94
31 115
32 32
32 33
32 41
32 44
32 46
32 56
32 57
32 62
32 63
32 68
32 81
32 94
32 95
32 96
32 97
32 106
32 107
32 108
32 109
33 33
33 35
33 44
33 45
33 57
33 64
33 67
33 70
33 75
33 94
33 110
33 115
34 34
34 50
34 66
34 68
34 79
34 84
34 88
34 109
35 35
35 45
35 49
35 64
35 67
35 71
35 75
35 92
35 94
35 110
35 114
35 115
36 36
36 37
36 38
36 39
36 40
36 41
36 54
36 62
36 66
36 72
36 73
36 74
36 76
36 78
36 79
36 80
36 81
36 82
36 85
36 87
37 37
37 38
37 39
37 40
37 41
37 46
37 52
37 53
37 54
37 55
37 56
37 77
37 82
37 83
37 94
37 95
37 97
37 106
37 108
37 112
38 38
38 39
38 41
38 53
38 54
38 55
38 66
38 68
38 69
38 82
38 84
38 85
38 86
38 87
38 89
38 90
38 91
38 94
38 96
38 97
38 98
38 108
38 109
39 39
39 41
39 46
39 53
39 54
39 55
39 56
39 82
39 85
39 86
39 87
39 94
39 95
39 97
39 99
39 108
39 110
39 111
39 112
40 40
40 41
40 52
40 58
40 59
40 61
40 62
40 63
40 66
40 72
40 73
40 74
40 76
40 77
40 78
40 79
40 80
40 81
40 82
40 87
41 41
41 46
41 61
41 72
41 73
41 74
41 76
41 77
41 82
41 106
41 107
41 108
42 42
42 43
42 44
42 45
42 46
42 47
42 49
42 51
42 52
42 53
42 55
42 57
42 96
42 98
42 99
42 107
43 43
43 44
43 45
43 46
43 47
43 49
43 51
43 53
43 55
43 96
43 98
43 99
43 107
43 110
43 111
44 44
44 45
44 46
44 47
44 49
44 51
44 53
44 55
44 96
44 99
44 106
44 107
44 111
45 45
45 47
45 49
45 55
45 67
45 95
45 99
45 100
45 105
45 106
45 110
45 111
46 46
46 47
46 51
46 52
46 53
46 55
46 57
46 82
46 95
46 96
46 98
46 99
46 106
46 107
46 111
46 113
47 47
47 49
47 53
47 55
47 67
47 95
47 96
47 97
47 98
47 99
47 107
47 110
47 111
48 48
48 50
48 51
48 52
48 53
48 54
48 58
48 59
48 60
48 61
48 63
48 65
48 66
48 85
48 89
48 90
48 91
48 96
48 98
48 101
49 49
49 51
49 53
49 55
49 67
49 85
49 98
49 99
49 100
49 104
49 106
49 107
49 111
50 50
50 51
50 52
50 54
50 58
50 60
50 64
50 65
50 66
50 84
50 88
50 89
50 96
51 51
51 52
51 53
51 54
51 55
51 56
51 58
51 59
51 84
51 85
51 89
51 96
51 98
51 101
51 107
52 52
52 53
52 54
52 56
52 57
52 58
52 59
52 61
52 63
52 68
52 80
52 81
52 85
52 89
52 98
52 107
52 112
53 53
53 55
53 82
53 96
53 98
53 99
53 107
53 111
54 54
54 58
54 59
54 60
54 66
54 68
54 82
54 85
54 86
54 88
54 89
54 90
54 91
54 94
54 96
54 97
54 98
54 101
54 108
54 109
55 55
55 82
55 94
55 95
55 96
55 97
55 98
55 99
55 106
55 107
55 108
55 111
55 113
56 56
56 57
56 58
56 59
56 60
56 63
56 68
56 78
56 80
56 81
56 85
56 107
57 57
57 59
57 63
57 68
57 78
57 79
57 80
57 81
57 84
57 85
57 107
58 58
58 59
58 60
58 61
58 63
58 66
58 80
58 88
58 89
58 91
58 101
59 59
59 60
59 61
59 63
59 66
59 69
59 80
59 81
59 89
59 90
59 91
59 98
59 101
59 102
59 104
59 107
60 60
60 61
60 62
60 63
60 64
60 65
60 66
60 88
60 89
60 112
61 61
61 62
61 63
61 65
61 89
62 62
62 63
62 72
62 73
62 74
62 76
62 78
62 80
62 81
62 83
63 63
63 66
63 72
63 73
63 78
63 79
63 80
63 81
63 83
64 64
64 65
64 88
64 93
64 110
65 65
65 89
66 66
66 68
66 79
66 84
66 88
66 96
66 101
66 107
66 109
67 67
67 69
67 77
67 90
67 92
67 94
67 97
67 100
67 102
67 103
67 104
67 105
67 110
67 111
67 115
68 68
68 69
68 78
68 81
68 82
68 84
68 88
68 96
68 109
69 69
69 86
69 89
69 90
69 91
69 92
69 93
69 98
69 100
69 101
69 102
69 103
69 104
69 105
69 110
70 70
70 71
70 72
70 73
70 74
70 75
70 76
70 77
70 79
70 87
70 103
70 114
70 115
71 71
71 72
71 73
71 74
71 75
71 77
71 92
71 102
71 103
71 104
71 105
71 115
72 72
72 73
72 74
72 75
72 76
72 77
72 78
72 79
72 80
72 81
72 83
72 87
73 73
73 74
73 75
73 76
73 77
73 78
73 79
73 80
73 81
73 87
74 74
74 75
74 76
74 77
74 78
74 79
74 80
74 81
75 75
75 76
75 77
75 78
75 79
76 76
76 77
76 78
76 79
76 80
76 81
77 77
77 83
77 87
77 92
77 102
77 105
77 111
77 114
77 115
78 78
78 79
78 80
78 81
78 84
78 87
79 79
79 80
79 81
79 84
79 106
80 80
80 81
80 83
80 84
80 85
80 87
81 81
81 84
81 85
81 87
82 82
82 84
82 85
82 86
82 87
82 88
82 89
82 98
82 107
82 108
82 113
83 83
83 86
83 87
83 90
83 91
83 113
84 84
84 85
84 86
84 88
84 101
84 109
84 113
85 85
86 86
86 87
86 89
86 90
86 91
86 92
86 94
86 110
86 113
86 114
87 87
87 89
87 90
87 91
87 92
87 93
87 103
87 105
87 108
87 111
87 112
88 88
88 89
88 93
88 109
89 89
89 90
89 91
89 92
89 93
89 101
89 112
90 90
90 91
90 92
90 93
90 97
90 98
90 100
90 101
90 102
90 103
90 104
90 105
90 110
90 111
91 91
91 92
91 93
91 94
91 95
91 97
91 98
91 99
91 100
91 101
91 102
91 103
91 104
91 110
91 111
91 112
92 92
92 93
92 100
92 101
92 102
92 103
92 104
92 105
92 110
92 111
92 115
93 93
93 100
93 101
93 102
93 103
93 104
93 113
94 94
94 95
94 96
94 97
94 99
94 108
94 109
94 110
94 111
95 95
95 96
95 97
95 98
95 99
95 105
95 107
95 108
95 109
95 110
95 111
95 112
96 96
96 97
96 98
96 99
96 107
96 108
96 109
96 110
96 111
97 97
97 98
97 99
97 105
97 107
97 108
97 109
97 110
97 111
98 98
98 99
98 100
98 101
98 103
98 104
98 107
98 110
98 111
99 99
99 103
99 105
99 107
99 108
99 110
99 111
99 112
100 100
100 101
100 102
100 103
100 104
100 106
101 101
101 102
101 103
101 104
101 112
102 102
102 103
102 104
102 105
102 106
102 107
102 108
102 111
102 115
103 103
103 104
103 105
103 110
103 111
103 115
104 104
104 105
104 111
105 105
105 108
105 110
105 111
105 114
105 115
106 106
106 107
107 107
107 111
108 108
108 109
108 110
108 111
108 115
109 109
110 110
110 111
110 114
111 111
112 112
112 113
113 113
114 114
114 115
115 115
