0 0
0 1
0 2
0 8
0 10
0 16
0 18
0 19
0 56
0 57
0 64
0 68
0 91
1 1
1 6
1 7
1 8
1 9
1 10
1 11
1 12
1 13
1 17
1 19
1 32
1 33
1 48
1 52
1 56
1 58
1 59
1 60
1 61
1 63
1 65
2 2
2 3
2 4
2 5
2 6
2 7
2 8
2 14
2 18
2 19
2 22
2 23
2 24
2 25
2 26
2 27
2 30
2 31
2 32
2 33
2 43
2 64
2 82
2 84
2 85
2 86
2 88
3 3
3 4
3 5
3 7
3 14
3 18
3 19
3 22
3 23
3 24
3 25
3 26
3 27
3 30
3 31
3 33
3 35
3 43
3 45
3 64
3 75
3 82
3 83
3 84
3 85
3 86
3 87
3 88
3 89
4 4
4 5
4 6
4 7
4 8
4 9
4 12
4 13
4 18
4 19
4 21
4 26
4 30
4 33
4 70
4 75
5 5
5 8
5 18
5 20
5 21
5 22
5 23
5 24
5 25
5 26
5 27
5 33
5 34
5 35
5 45
5 54
5 64
5 67
6 6
6 7
6 8
6 9
6 10
6 11
6 12
6 13
6 32
6 33
6 60
6 61
6 65
6 70
6 71
6 76
7 7
7 8
7 9
7 11
7 12
7 13
7 15
7 60
7 61
7 65
7 70
7 111
8 8
8 9
8 11
8 12
8 13
8 14
8 60
8 61
8 65
8 70
9 9
9 11
9 12
9 13
9 15
9 17
9 52
9 58
9 60
9 61
9 63
9 65
9 90
9 92
9 93
9 98
9 114
10 10
10 11
10 12
10 14
10 19
10 22
10 23
10 28
10 30
10 31
10 60
10 64
10 70
10 71
10 75
10 77
10 82
10 83
10 84
10 86
10 87
11 11
11 12
11 13
11 14
11 15
11 17
11 19
11 58
11 60
11 61
11 65
11 70
11 71
11 88
11 89
12 12
12 13
12 14
12 15
12 16
12 17
12 28
12 29
12 32
12 58
12 59
12 60
12 61
12 62
12 63
12 65
12 70
12 71
12 72
12 73
12 76
12 80
13 13
13 15
13 16
13 17
13 28
13 29
13 48
13 58
13 59
13 60
13 61
13 62
13 63
13 65
13 70
13 71
13 72
13 73
13 80
13 90
13 115
14 14
14 15
14 18
14 22
14 23
14 25
14 27
14 28
14 30
14 31
14 35
14 64
14 70
14 75
14 77
14 79
14 82
14 83
14 84
14 85
14 86
14 87
14 88
15 15
15 17
15 28
15 35
15 49
15 52
15 60
15 61
15 62
15 63
15 65
15 75
15 77
15 82
15 83
15 87
15 92
16 16
16 17
16 28
16 29
16 40
16 41
16 56
16 60
16 62
16 63
16 71
16 72
16 73
16 76
16 78
16 80
16 81
16 108
16 109
17 17
17 28
17 29
17 32
17 59
17 60
17 61
17 62
17 63
17 72
17 73
17 76
17 78
17 79
17 80
17 81
17 83
17 102
17 112
17 114
17 115
18 18
18 19
18 20
18 22
18 23
18 24
18 25
18 26
18 27
18 30
18 31
18 33
18 35
18 43
18 44
18 45
18 64
18 75
18 82
18 84
18 86
18 88
19 19
19 20
19 25
19 26
19 33
19 68
20 20
20 21
20 24
20 25
20 26
20 27
20 73
20 74
20 75
20 89
21 21
21 26
21 27
21 70
21 75
21 89
22 22
22 23
22 24
22 25
22 26
22 27
22 30
22 31
22 35
22 37
22 43
22 44
22 45
22 64
22 75
22 82
22 84
22 85
22 86
22 87
22 88
22 89
22 110
23 23
23 24
23 25
23 26
23 27
23 30
23 31
23 35
23 37
23 43
23 45
23 64
23 75
23 82
23 84
23 85
23 86
23 87
23 88
23 89
23 110
24 24
24 25
24 26
24 27
24 30
24 31
24 33
24 35
24 43
24 44
24 45
24 47
24 64
24 67
24 75
24 79
24 82
24 84
24 85
24 88
25 25
25 26
25 27
25 30
25 31
25 33
25 35
25 37
25 43
25 45
25 64
25 67
25 75
25 79
25 82
25 84
25 85
25 86
25 87
25 88
25 110
26 26
26 27
26 30
26 31
26 35
26 45
26 64
26 67
26 69
26 75
26 82
26 84
26 85
26 86
26 88
26 89
27 27
27 30
27 31
27 35
27 37
27 43
27 44
27 45
27 47
27 64
27 67
27 75
27 82
27 84
27 85
27 86
27 87
27 88
27 89
27 110
28 28
28 29
28 30
28 31
28 32
28 33
28 34
28 60
28 62
28 63
28 70
28 71
28 72
28 73
28 75
28 76
28 77
28 78
28 79
28 80
28 81
28 83
29 29
29 32
29 36
29 59
29 60
29 61
29 62
29 63
29 71
29 72
29 73
29 76
29 77
29 78
29 79
29 80
29 81
29 83
29 102
29 112
29 114
30 30
30 31
30 33
30 34
30 35
30 36
30 37
30 44
30 45
30 64
30 70
30 75
30 77
30 79
30 82
30 84
30 85
30 86
30 88
31 31
31 33
31 34
31 35
31 36
31 37
31 40
31 43
31 45
31 64
31 75
31 77
31 79
31 81
31 82
31 83
31 84
31 85
31 86
31 88
32 32
32 33
32 56
32 59
32 60
32 62
32 63
32 66
32 68
32 72
32 80
32 81
33 33
33 34
33 35
33 62
33 63
33 66
33 67
33 79
33 80
33 81
34 34
34 35
34 44
34 45
34 64
34 66
34 67
34 79
34 82
35 35
35 37
35 44
35 45
35 64
35 67
35 75
35 79
35 82
35 83
35 84
35 85
35 86
35 87
35 110
36 36
36 37
36 38
36 39
36 40
36 41
36 42
36 43
36 46
36 55
36 62
36 66
36 71
36 72
36 73
36 74
36 75
36 76
36 77
36 78
36 81
36 82
36 83
36 85
36 86
36 100
36 109
37 37
37 38
37 39
37 40
37 41
37 42
37 43
37 46
37 47
37 55
37 64
37 75
37 77
37 79
37 82
37 83
37 84
37 85
37 86
37 87
37 88
37 109
38 38
38 39
38 40
38 41
38 42
38 46
38 47
38 53
38 54
38 55
38 56
38 73
38 74
38 86
38 94
38 95
38 96
38 97
38 100
38 108
38 109
38 110
39 39
39 40
39 41
39 42
39 43
39 46
39 47
39 53
39 55
39 68
39 82
39 85
39 86
39 87
39 94
39 95
39 97
39 108
39 109
39 110
40 40
40 41
40 46
40 55
40 62
40 73
40 74
40 82
40 85
40 86
40 87
40 94
40 95
40 97
40 108
40 109
40 110
41 41
41 44
41 55
41 56
41 62
41 66
41 68
41 72
41 73
41 74
41 82
41 85
41 86
41 87
41 94
41 95
41 97
41 108
41 109
41 110
42 42
42 43
42 44
42 46
42 47
42 51
42 53
42 55
42 74
42 78
42 84
42 85
42 86
42 94
42 95
42 96
42 97
42 110
43 43
43 44
43 45
43 46
43 47
43 50
43 51
43 53
43 55
43 64
43 82
43 84
43 85
43 86
43 87
43 88
43 109
43 110
44 44
44 45
44 47
44 48
44 49
44 50
44 51
44 52
44 53
44 57
44 64
44 66
44 67
44 72
44 74
44 75
44 84
44 85
44 86
45 45
45 47
45 49
45 50
45 51
45 53
45 64
45 67
45 68
45 84
45 85
45 86
45 87
45 110
46 46
46 47
46 51
46 52
46 53
46 54
46 55
46 85
46 86
46 94
46 95
46 96
46 97
46 98
46 100
46 108
46 109
46 110
46 111
47 47
47 49
47 50
47 51
47 52
47 53
47 55
47 57
47 68
47 69
47 84
47 85
47 86
47 87
47 89
47 96
47 109
47 110
48 48
48 49
48 50
48 51
48 52
48 56
48 57
48 58
48 59
48 60
48 61
48 65
48 72
48 74
48 91
49 49
49 50
49 51
49 52
49 53
49 56
49 57
49 58
49 67
49 68
49 69
49 72
49 87
50 50
50 51
50 52
50 53
50 55
50 56
50 57
50 72
50 74
50 84
50 85
50 87
51 51
51 52
51 53
51 55
51 56
51 57
51 58
51 74
51 85
52 52
52 53
52 55
52 56
52 57
52 58
52 59
52 61
52 65
52 68
52 69
52 74
52 89
52 98
52 100
53 53
53 54
53 55
53 56
53 57
53 68
53 74
53 86
53 87
53 95
53 97
53 98
53 99
53 100
53 108
53 109
53 110
53 111
54 54
54 55
54 79
54 89
54 92
54 93
54 96
54 99
54 100
54 102
54 103
54 104
54 105
54 106
54 107
54 112
54 113
54 114
54 115
55 55
55 56
55 68
55 74
55 85
55 86
55 87
55 94
55 95
55 97
55 99
55 108
55 109
55 110
56 56
56 57
56 58
56 68
56 69
57 57
57 68
57 69
57 81
58 58
58 59
58 60
58 61
58 62
58 63
58 65
58 66
58 93
58 102
58 103
58 104
58 105
58 106
58 107
58 113
58 114
59 59
59 60
59 61
59 62
59 63
59 66
59 80
59 81
59 90
59 98
59 102
59 104
59 105
59 106
59 107
59 112
59 114
60 60
60 61
60 62
60 63
60 65
60 66
60 70
60 71
60 72
60 80
60 81
60 102
61 61
61 62
61 63
61 65
61 71
61 80
61 104
61 105
61 106
61 107
61 114
61 115
62 62
62 63
62 66
62 71
62 72
62 73
62 77
62 80
62 81
62 83
62 90
63 63
63 66
63 71
63 72
63 80
63 81
63 83
64 64
64 67
64 75
64 79
64 82
64 84
64 85
64 86
64 87
64 88
64 89
64 110
65 65
65 89
66 66
66 67
66 72
66 80
66 81
66 94
66 97
67 67
67 69
67 82
67 84
67 85
68 68
68 69
68 94
68 95
68 97
68 108
69 69
69 91
69 101
69 103
69 104
69 105
70 70
70 71
70 73
70 75
70 76
70 77
70 102
71 71
71 72
71 73
71 74
71 76
71 77
71 80
71 100
71 102
72 72
72 73
72 74
72 75
72 76
72 77
72 78
72 79
72 80
72 81
73 73
73 74
73 75
73 76
73 77
73 80
73 86
73 100
73 102
74 74
74 75
74 76
74 77
74 86
74 100
75 75
75 76
75 77
75 81
75 82
75 83
75 84
75 85
75 86
75 87
76 76
76 77
76 78
76 79
76 80
76 100
76 102
77 77
77 79
77 80
77 81
77 82
77 83
77 92
77 93
77 101
77 102
78 78
78 79
78 80
78 81
78 94
78 97
79 79
79 81
79 82
79 83
79 85
80 80
80 81
80 83
81 81
81 83
82 82
82 83
82 84
82 85
82 86
82 87
82 88
82 109
82 110
83 83
83 85
83 87
83 92
83 109
84 84
84 85
84 86
84 87
84 88
84 89
85 85
85 86
85 87
85 88
85 89
85 109
86 86
86 87
86 88
86 94
86 95
86 97
86 108
86 109
86 110
87 87
87 88
87 89
87 95
87 97
87 108
87 109
87 110
88 88
88 89
89 89
89 92
90 90
90 91
90 92
90 93
90 98
90 99
90 101
90 102
90 105
90 106
90 107
90 111
90 112
90 114
91 91
91 92
91 93
91 98
91 99
91 101
91 102
91 103
91 104
91 105
91 106
91 107
91 111
91 112
91 113
91 114
91 115
92 92
92 93
92 98
92 99
92 100
92 101
92 102
92 103
92 104
92 105
92 106
92 107
92 111
92 112
92 113
92 114
92 115
93 93
93 96
93 98
93 99
93 100
93 101
93 102
93 103
93 104
93 105
93 106
93 107
93 112
93 113
93 114
93 115
94 94
94 95
94 97
94 108
94 109
94 110
94 111
95 95
95 97
95 99
95 108
95 109
95 110
95 111
96 96
96 98
96 100
96 102
96 103
96 104
96 105
96 107
96 111
96 113
96 114
97 97
97 108
97 109
97 110
97 111
98 98
98 99
98 100
98 101
98 102
98 103
98 104
98 105
98 106
98 107
98 111
98 112
98 113
98 114
98 115
99 99
99 100
99 101
99 102
99 103
99 104
99 105
99 106
99 107
99 108
99 111
99 112
99 113
99 114
99 115
100 100
100 101
100 102
100 103
100 104
100 105
100 107
100 112
100 113
100 114
100 115
101 101
101 102
101 103
101 104
101 105
101 106
101 107
101 112
101 113
101 114
102 102
102 103
102 104
102 105
102 106
102 107
102 112
102 113
102 114
102 115
103 103
103 104
103 105
103 106
103 107
103 112
103 113
103 114
103 115
104 104
104 105
104 106
104 107
104 112
104 113
104 114
104 115
105 105
105 106
105 107
105 111
105 112
105 113
105 114
105 115
106 106
106 107
106 111
106 112
106 113
106 114
106 115
107 107
107 111
107 112
107 113
107 114
107 115
108 108
108 109
108 110
108 111
109 109
109 110
110 110
110 111
111 111
111 112
111 113
111 114
111 115
112 112
112 113
112 114
112 115
113 113
113 114
113 115
114 114
114 115
115 115
