0 0
0 1
0 2
0 6
0 17
0 18
0 19
0 32
0 33
0 56
0 58
0 60
0 62
0 63
0 64
0 66
0 78
0 79
0 80
0 81
1 1
1 18
1 19
1 32
1 33
1 48
1 49
1 57
1 58
1 59
1 60
1 61
1 63
1 65
1 66
2 2
2 3
2 4
2 5
2 6
2 7
2 8
2 9
2 10
2 14
2 16
2 18
2 19
2 22
2 23
2 24
2 25
2 26
2 30
2 64
2 66
2 93
2 101
3 3
3 4
3 5
3 6
3 7
3 8
3 9
3 14
3 18
3 19
3 21
3 22
3 23
3 24
3 25
3 26
3 27
3 28
3 30
3 31
3 69
3 82
3 92
3 93
3 100
3 101
4 4
4 5
4 6
4 7
4 8
4 9
4 10
4 14
4 16
4 18
4 21
4 22
4 23
4 24
4 25
4 26
4 27
4 30
4 31
4 70
4 72
4 82
4 88
4 92
4 93
4 100
4 101
5 5
5 7
5 8
5 9
5 14
5 15
5 21
5 22
5 23
5 24
5 25
5 26
5 27
5 30
5 31
5 70
5 82
5 86
5 88
5 92
5 93
5 100
5 101
5 103
6 6
6 7
6 8
6 9
6 10
6 11
6 16
6 18
6 19
6 23
6 24
6 26
6 28
6 30
6 31
6 64
6 70
6 71
6 72
6 78
6 82
6 93
6 101
7 7
7 8
7 9
7 10
7 13
7 14
7 22
7 23
7 24
7 25
7 26
7 30
7 31
7 64
7 70
7 82
7 92
7 93
7 100
7 101
8 8
8 9
8 14
8 15
8 22
8 23
8 24
8 25
8 26
8 27
8 30
8 31
8 70
8 82
8 88
8 92
8 93
8 100
8 101
9 9
9 14
9 15
9 22
9 23
9 24
9 25
9 26
9 27
9 30
9 31
9 92
9 93
9 100
9 101
9 103
10 10
10 11
10 12
10 13
10 14
10 26
10 30
10 64
10 65
10 70
10 71
10 78
11 11
11 13
11 16
11 17
11 28
11 29
11 44
11 64
11 71
11 72
11 73
11 74
11 75
11 76
11 77
11 78
11 79
11 81
11 83
11 85
11 109
12 12
12 13
12 30
12 48
12 61
12 70
12 71
13 13
13 26
13 30
13 31
13 70
13 71
13 73
13 87
13 89
14 14
14 15
14 21
14 22
14 23
14 24
14 25
14 26
14 27
14 30
14 31
14 69
14 82
14 87
14 88
14 92
14 93
14 101
15 15
15 22
15 23
15 24
15 26
15 27
15 38
15 54
15 88
15 89
15 92
15 93
15 100
15 101
15 102
16 16
16 17
16 21
16 26
16 28
16 29
16 32
16 33
16 56
16 62
16 63
16 70
16 71
16 72
16 73
16 74
16 76
16 77
16 78
16 79
16 80
16 81
17 17
17 28
17 29
17 32
17 33
17 36
17 37
17 41
17 56
17 60
17 62
17 63
17 64
17 72
17 73
17 74
17 75
17 76
17 77
17 78
17 79
17 80
17 81
17 83
17 85
17 109
18 18
18 19
18 21
18 24
18 25
18 32
18 33
18 56
18 63
18 64
18 78
19 19
19 32
19 33
19 56
19 57
19 63
19 68
19 69
19 80
19 81
19 83
20 20
20 29
20 36
20 37
20 38
20 40
20 41
20 82
20 85
20 86
20 113
21 21
21 23
21 24
21 25
21 26
21 27
21 28
21 30
21 31
21 70
21 71
21 72
21 78
21 81
21 82
21 83
21 87
22 22
22 23
22 24
22 25
22 26
22 27
22 30
22 31
22 70
22 82
22 84
22 86
22 88
22 89
22 93
22 101
22 103
23 23
23 24
23 25
23 26
23 27
23 30
23 31
23 70
23 71
23 82
23 93
23 101
24 24
24 25
24 26
24 27
24 30
24 31
24 70
24 82
24 87
24 92
24 93
24 100
24 101
25 25
25 26
25 27
25 28
25 30
25 31
25 70
25 82
25 87
25 92
25 93
25 101
26 26
26 27
26 30
26 31
26 70
26 82
26 86
26 87
26 88
26 93
26 101
27 27
27 30
27 31
27 70
27 86
27 87
27 88
27 89
27 92
27 93
28 28
28 29
28 30
28 31
28 32
28 33
28 56
28 62
28 63
28 64
28 70
28 71
28 72
28 73
28 74
28 76
28 77
28 78
28 79
28 80
28 81
28 82
28 83
28 85
29 29
29 32
29 33
29 36
29 37
29 40
29 41
29 56
29 62
29 63
29 72
29 73
29 74
29 75
29 76
29 77
29 78
29 79
29 80
29 81
29 83
29 85
29 109
30 30
30 31
30 70
30 71
30 72
30 82
30 87
30 93
30 101
31 31
31 70
31 71
31 72
31 82
31 83
31 87
32 32
32 33
32 34
32 36
32 37
32 41
32 56
32 60
32 62
32 63
32 72
32 73
32 74
32 76
32 77
32 78
32 79
32 80
32 81
33 33
33 56
33 57
33 60
33 61
33 62
33 63
33 64
33 65
33 72
33 73
33 76
33 77
33 78
33 79
33 80
33 81
34 34
34 35
34 36
34 37
34 41
34 44
34 45
34 48
34 73
34 74
34 76
34 77
34 79
35 35
35 45
35 58
35 67
35 69
35 88
36 36
36 37
36 38
36 39
36 40
36 41
36 46
36 54
36 55
36 73
36 74
36 75
36 76
36 77
36 79
36 83
36 85
36 94
36 95
36 96
36 97
36 98
36 108
36 109
36 114
36 115
37 37
37 38
37 39
37 40
37 41
37 43
37 46
37 47
37 54
37 55
37 73
37 74
37 75
37 76
37 77
37 79
37 85
37 94
37 95
37 96
37 97
37 98
37 108
37 109
37 110
37 114
37 115
38 38
38 39
38 40
38 41
38 46
38 52
38 54
38 55
38 75
38 77
38 87
38 88
38 89
38 94
38 95
38 96
38 97
38 98
38 99
38 108
38 109
38 110
38 114
38 115
39 39
39 40
39 41
39 54
39 55
39 73
39 75
39 77
39 87
39 88
39 89
39 94
39 95
39 96
39 97
39 98
39 99
39 106
39 108
39 109
39 110
39 114
39 115
40 40
40 41
40 46
40 54
40 55
40 73
40 74
40 75
40 76
40 77
40 83
40 84
40 85
40 94
40 95
40 96
40 97
40 108
40 109
40 110
40 114
40 115
41 41
41 55
41 73
41 74
41 75
41 76
41 77
41 79
41 80
41 81
41 83
41 85
41 95
41 96
41 97
41 108
41 109
42 42
42 43
42 44
42 45
42 46
42 47
42 48
42 49
42 50
42 51
42 52
42 53
42 54
42 55
42 95
42 96
42 97
42 98
42 99
42 102
42 105
42 106
42 109
42 111
42 112
42 113
42 114
42 115
43 43
43 44
43 45
43 46
43 47
43 48
43 49
43 50
43 51
43 52
43 53
43 54
43 55
43 95
43 96
43 97
43 98
43 99
43 106
43 110
43 111
43 114
43 115
44 44
44 45
44 46
44 48
44 49
44 50
44 51
44 77
44 96
44 106
44 109
45 45
45 47
45 48
45 49
45 50
45 51
45 55
45 96
45 106
45 109
46 46
46 47
46 48
46 49
46 50
46 51
46 52
46 53
46 54
46 55
46 94
46 95
46 96
46 97
46 98
46 99
46 102
46 105
46 108
46 109
46 110
46 111
46 112
46 113
46 114
46 115
47 47
47 49
47 50
47 51
47 52
47 53
47 54
47 55
47 67
47 90
47 91
47 94
47 95
47 96
47 97
47 98
47 99
47 104
47 105
47 106
47 107
47 108
47 110
47 111
47 112
47 114
47 115
48 48
48 49
48 50
48 51
48 52
48 54
48 58
48 60
48 65
48 66
48 96
48 106
48 107
49 49
49 50
49 51
49 52
49 53
49 55
49 60
49 61
49 65
49 106
49 109
50 50
50 51
50 52
50 53
50 54
50 55
50 94
50 95
50 96
50 97
50 98
50 99
50 105
50 106
50 107
50 108
50 109
50 111
50 114
50 115
51 51
51 52
51 53
51 54
51 55
51 65
51 91
51 95
51 96
51 97
51 98
51 99
51 106
51 108
51 109
51 111
51 114
52 52
52 53
52 54
52 55
52 59
52 60
52 61
52 90
52 91
52 94
52 95
52 96
52 97
52 98
52 99
52 102
52 104
52 105
52 106
52 107
52 108
52 109
52 110
52 111
52 112
52 113
52 114
52 115
53 53
53 70
53 90
53 91
53 92
53 93
53 99
53 100
53 101
53 111
53 113
54 54
54 55
54 89
54 90
54 91
54 94
54 95
54 96
54 97
54 98
54 99
54 102
54 105
54 106
54 107
54 108
54 109
54 110
54 111
54 112
54 113
54 114
54 115
55 55
55 75
55 87
55 89
55 90
55 91
55 94
55 95
55 96
55 97
55 98
55 99
55 105
55 106
55 108
55 109
55 110
55 111
55 112
55 113
55 114
55 115
56 56
56 57
56 60
56 62
56 63
56 78
56 79
56 80
56 81
57 57
57 59
57 61
57 62
57 63
57 67
57 68
57 69
58 58
58 59
58 60
58 61
58 65
58 66
58 67
58 104
58 107
59 59
59 61
59 66
59 67
59 68
59 69
59 90
59 91
59 93
59 98
59 100
59 102
59 103
59 104
59 107
59 111
60 60
60 61
60 62
60 63
60 65
60 66
61 61
61 62
61 63
61 65
61 66
61 102
62 62
62 63
62 72
62 74
62 78
62 79
62 80
62 81
63 63
63 72
63 74
63 76
63 78
63 79
63 80
63 81
64 64
64 65
64 78
64 79
64 80
64 81
64 83
64 84
64 85
65 65
65 67
66 66
66 67
66 68
66 69
66 91
66 104
66 107
67 67
67 68
67 69
67 91
67 103
67 104
67 110
68 68
68 69
68 104
69 69
69 88
69 91
69 93
69 103
69 104
69 112
70 70
70 71
70 72
70 93
70 101
71 71
71 72
71 73
71 77
71 78
72 72
72 73
72 74
72 75
72 76
72 77
72 78
72 79
72 80
72 81
72 82
72 83
73 73
73 74
73 75
73 76
73 77
73 78
73 79
73 81
73 85
73 87
73 95
73 108
73 109
74 74
74 75
74 76
74 77
74 78
74 79
74 81
74 85
74 109
75 75
75 76
75 77
75 79
75 81
75 83
75 85
75 87
75 94
75 95
75 96
75 97
75 108
75 109
75 114
75 115
76 76
76 77
76 78
76 79
76 81
76 85
76 109
77 77
77 78
77 79
77 80
77 81
77 83
77 85
77 95
77 96
77 108
77 109
78 78
78 79
78 80
78 81
78 83
78 84
78 85
79 79
79 80
79 81
79 83
79 84
79 85
80 80
80 81
80 82
80 83
80 84
81 81
81 82
81 83
81 84
81 85
82 82
82 84
82 85
82 86
82 89
82 101
83 83
83 84
83 85
83 87
84 84
84 85
84 86
84 88
85 85
85 86
85 87
85 108
85 109
86 86
86 87
86 88
86 89
87 87
87 89
87 95
88 88
88 89
88 103
89 89
90 90
90 91
90 92
90 93
90 94
90 97
90 98
90 99
90 100
90 101
90 102
90 103
90 104
90 105
90 106
90 107
90 110
90 111
90 112
90 113
90 115
91 91
91 92
91 93
91 97
91 98
91 99
91 101
91 102
91 103
91 104
91 105
91 107
91 110
91 111
91 112
91 113
91 115
92 92
92 93
92 99
92 100
92 101
92 102
92 103
92 104
92 112
92 113
93 93
93 100
93 101
93 102
93 103
93 112
94 94
94 95
94 96
94 97
94 98
94 99
94 104
94 105
94 107
94 108
94 109
94 110
94 111
94 112
94 113
94 114
94 115
95 95
95 96
95 97
95 98
95 99
95 105
95 106
95 107
95 108
95 109
95 110
95 111
95 113
95 114
95 115
96 96
96 97
96 98
96 99
96 106
96 107
96 108
96 109
96 110
96 111
96 112
96 114
96 115
97 97
97 98
97 99
97 104
97 105
97 106
97 107
97 108
97 109
97 110
97 111
97 113
97 114
97 115
98 98
98 99
98 102
98 104
98 105
98 107
98 108
98 109
98 110
98 111
98 112
98 115
99 99
99 102
99 103
99 104
99 105
99 106
99 107
99 108
99 110
99 111
99 112
99 113
99 114
99 115
100 100
100 101
100 102
100 103
100 104
100 112
100 113
101 101
101 102
101 103
101 112
101 113
102 102
102 103
102 104
102 105
102 111
102 112
102 113
103 103
103 104
103 105
103 107
103 112
104 104
104 105
104 107
104 110
104 111
104 112
104 113
104 114
104 115
105 105
105 107
105 108
105 110
105 111
105 112
105 113
105 114
105 115
106 106
106 107
106 109
106 111
106 115
107 107
107 108
107 110
107 111
107 113
107 114
107 115
108 108
108 109
108 110
108 111
108 114
108 115
109 109
109 114
109 115
110 110
110 111
110 112
110 113
110 114
110 115
111 111
111 112
111 113
111 114
111 115
112 112
112 113
113 113
113 114
113 115
114 114
114 115
115 115
