0 0
0 1
0 10
0 11
0 12
0 13
0 14
0 18
0 22
0 28
0 49
0 56
0 57
0 58
0 59
0 60
0 61
0 68
0 69
0 82
0 84
1 1
1 3
1 7
1 10
1 11
1 13
1 15
1 16
1 18
1 19
1 28
1 29
1 32
1 49
1 51
1 53
1 56
1 57
1 62
1 63
1 69
1 72
1 80
1 83
1 100
1 102
2 2
2 3
2 6
2 7
2 22
2 23
2 24
2 25
2 27
2 50
2 58
2 59
2 64
2 65
2 66
2 67
2 75
2 97
3 3
3 6
3 7
3 9
3 11
3 13
3 19
3 20
3 22
3 23
3 24
3 25
3 31
3 35
3 61
3 64
3 65
3 70
3 88
3 90
3 92
3 107
4 4
4 5
4 8
4 9
4 10
4 14
4 20
4 21
4 22
4 23
4 24
4 26
4 27
4 34
4 38
4 54
4 58
4 60
4 64
4 65
4 67
4 69
4 82
4 84
4 87
4 88
4 89
4 91
4 93
4 106
4 108
4 114
5 5
5 9
5 20
5 21
5 23
5 24
5 25
5 26
5 27
5 43
5 44
5 45
5 46
5 47
5 48
5 49
5 59
5 65
5 66
5 67
5 88
5 89
5 106
5 108
5 110
6 6
6 7
6 8
6 9
6 12
6 22
6 24
6 35
6 58
6 60
6 61
6 64
6 65
6 75
6 88
6 93
7 7
7 8
7 9
7 11
7 13
7 19
7 35
7 58
7 60
7 61
7 63
7 65
7 77
7 83
7 89
7 90
7 92
8 8
8 9
8 10
8 11
8 12
8 13
8 14
8 15
8 19
8 20
8 54
8 58
8 60
8 61
8 64
8 82
8 83
8 84
8 87
8 88
8 89
8 90
8 91
8 92
8 93
8 114
9 9
9 11
9 13
9 15
9 60
9 61
9 63
9 65
9 82
9 83
9 87
9 88
9 89
9 90
9 92
10 10
10 11
10 12
10 13
10 14
10 18
10 22
10 23
10 28
10 57
10 58
10 60
10 61
10 64
10 65
10 82
10 84
10 88
11 11
11 12
11 13
11 15
11 19
11 28
11 60
11 61
11 63
11 65
11 72
11 83
11 87
11 92
12 12
12 13
12 14
12 18
12 22
12 28
12 54
12 58
12 60
12 61
12 64
12 82
12 93
12 112
13 13
13 14
13 15
13 28
13 60
13 61
13 63
13 64
13 65
13 82
13 83
13 87
13 88
13 89
14 14
14 15
14 18
14 22
14 23
14 24
14 26
14 28
14 57
14 60
14 64
14 69
14 82
14 84
14 88
14 89
14 114
15 15
15 17
15 28
15 29
15 31
15 61
15 62
15 63
15 72
15 73
15 74
15 80
15 82
15 83
15 87
15 113
16 16
16 17
16 28
16 29
16 32
16 36
16 42
16 43
16 49
16 56
16 57
16 62
16 63
16 72
16 74
16 78
16 79
16 80
16 81
16 95
16 98
16 99
16 102
16 113
17 17
17 28
17 29
17 36
17 42
17 43
17 46
17 47
17 56
17 57
17 62
17 63
17 72
17 74
17 76
17 78
17 79
17 80
17 81
17 95
17 97
17 98
17 99
17 109
17 111
17 112
18 18
18 19
18 22
18 28
18 29
18 30
18 56
18 57
18 68
18 69
18 72
18 82
18 112
19 19
19 23
19 33
19 68
19 69
19 70
19 82
19 83
19 86
19 90
19 91
19 92
19 100
19 101
19 104
19 105
20 20
20 21
20 23
20 25
20 26
20 27
20 34
20 35
20 64
20 67
20 70
20 71
20 83
20 87
20 88
20 89
20 104
20 106
20 108
20 110
20 115
21 21
21 22
21 23
21 24
21 25
21 26
21 27
21 34
21 46
21 65
21 67
21 68
21 70
21 71
21 89
21 94
21 106
21 108
21 110
21 115
22 22
22 23
22 24
22 25
22 26
22 27
22 30
22 31
22 34
22 35
22 58
22 60
22 64
22 65
22 68
22 69
22 75
22 84
22 88
22 89
22 93
23 23
23 24
23 25
23 26
23 27
23 31
23 58
23 59
23 64
23 65
23 67
23 69
23 70
23 82
23 88
23 89
23 90
23 91
23 92
23 105
23 106
23 107
24 24
24 25
24 26
24 27
24 34
24 35
24 37
24 38
24 39
24 50
24 64
24 65
24 67
24 68
24 69
24 71
24 88
24 92
24 94
24 96
24 110
25 25
25 26
25 27
25 30
25 31
25 35
25 37
25 39
25 64
25 65
25 67
25 68
25 70
25 71
25 75
25 79
25 88
25 108
25 110
26 26
26 27
26 64
26 67
26 84
26 88
26 89
26 97
26 106
26 108
26 109
26 110
26 111
26 115
27 27
27 34
27 64
27 65
27 67
27 68
27 70
27 71
27 84
27 88
27 106
27 108
27 110
28 28
28 29
28 30
28 33
28 40
28 42
28 43
28 49
28 56
28 57
28 62
28 63
28 72
28 78
28 79
28 80
28 81
28 82
28 83
28 102
28 112
29 29
29 30
29 31
29 32
29 33
29 36
29 37
29 40
29 41
29 42
29 43
29 56
29 62
29 63
29 71
29 72
29 73
29 74
29 75
29 76
29 78
29 79
29 80
29 81
29 83
29 101
29 112
30 30
30 31
30 33
30 36
30 37
30 40
30 41
30 43
30 64
30 71
30 72
30 73
30 75
30 76
30 77
30 78
30 79
30 94
31 31
31 33
31 37
31 41
31 65
31 70
31 71
31 73
31 75
31 76
31 77
31 78
31 83
31 94
32 32
32 33
32 39
32 40
32 41
32 42
32 46
32 56
32 57
32 62
32 66
32 68
32 69
32 72
32 73
32 74
32 78
32 81
33 33
33 35
33 39
33 41
33 43
33 68
33 71
33 72
33 77
33 78
33 80
33 81
33 83
33 94
33 103
34 34
34 35
34 44
34 47
34 55
34 64
34 65
34 66
34 67
34 68
34 69
34 95
34 96
34 97
34 105
34 107
34 108
34 110
35 35
35 37
35 44
35 45
35 64
35 65
35 67
35 75
35 76
35 77
35 88
35 92
35 96
35 108
35 110
36 36
36 37
36 38
36 40
36 41
36 42
36 43
36 47
36 51
36 53
36 55
36 72
36 73
36 74
36 75
36 76
36 77
36 78
36 79
36 80
36 81
36 95
36 97
36 103
36 104
36 108
36 109
36 111
37 37
37 38
37 39
37 40
37 41
37 71
37 72
37 73
37 74
37 75
37 76
37 77
37 78
37 94
37 96
37 113
38 38
38 39
38 41
38 54
38 55
38 86
38 88
38 94
38 96
39 39
39 41
39 55
39 69
39 71
39 78
39 79
39 86
39 87
39 88
39 89
39 90
39 91
39 92
39 93
39 94
39 96
40 40
40 41
40 42
40 43
40 46
40 47
40 55
40 72
40 74
40 75
40 78
40 79
40 80
40 81
40 82
40 83
40 87
40 94
40 103
40 109
41 41
41 70
41 72
41 73
41 74
41 75
41 76
41 77
41 81
41 83
41 85
41 86
41 93
41 94
41 98
41 99
41 101
41 103
41 104
41 113
42 42
42 43
42 44
42 45
42 46
42 47
42 48
42 49
42 50
42 51
42 52
42 53
42 55
42 56
42 72
42 78
42 79
42 80
42 81
42 85
42 95
42 96
42 102
42 110
42 114
43 43
43 44
43 45
43 46
43 47
43 48
43 49
43 50
43 51
43 52
43 53
43 55
43 56
43 72
43 78
43 79
43 80
43 81
43 95
43 96
43 109
43 110
44 44
44 45
44 46
44 47
44 48
44 49
44 50
44 51
44 59
44 66
44 67
44 85
44 95
44 108
44 110
45 45
45 46
45 47
45 48
45 49
45 50
45 51
45 65
45 66
45 67
45 78
45 81
45 85
45 96
45 110
46 46
46 47
46 48
46 49
46 50
46 51
46 52
46 53
46 55
46 78
46 79
46 80
46 81
46 85
46 94
46 95
46 96
46 98
46 109
46 110
47 47
47 48
47 49
47 50
47 51
47 53
47 55
47 72
47 78
47 79
47 80
47 81
47 95
47 96
47 103
47 108
47 109
47 110
47 112
48 48
48 49
48 50
48 51
48 52
48 53
48 55
48 58
48 59
48 66
48 108
49 49
49 50
49 51
49 52
49 53
49 59
49 62
49 66
49 85
49 112
50 50
50 51
50 52
50 53
50 55
50 56
50 71
50 85
51 51
51 52
51 53
51 56
51 59
51 66
51 85
51 102
52 52
52 53
52 54
52 55
52 90
52 99
53 53
53 54
53 55
53 78
53 81
53 95
53 99
54 54
54 55
54 60
54 82
54 84
54 86
54 87
54 88
54 89
54 90
54 93
54 96
54 98
54 99
55 55
55 72
55 78
55 79
55 81
55 89
55 96
55 98
55 99
55 108
56 56
56 57
56 59
56 62
56 63
56 66
56 68
56 69
56 72
56 74
56 78
56 79
56 80
56 81
56 85
56 95
56 109
57 57
57 59
57 62
57 68
57 69
57 72
57 78
57 79
57 80
57 81
57 82
58 58
58 59
58 60
58 61
58 64
58 65
58 66
58 67
58 69
58 88
58 89
58 90
58 91
58 93
58 107
59 59
59 60
59 61
59 62
59 66
59 67
59 85
59 86
59 101
59 106
59 115
60 60
60 61
60 62
60 63
60 64
60 65
60 82
60 84
60 88
60 89
61 61
61 63
61 64
61 65
61 82
61 83
61 88
61 89
61 91
61 101
62 62
62 63
62 66
62 72
62 74
62 80
62 81
62 85
62 98
63 63
63 72
63 74
63 80
63 81
63 83
63 85
63 111
63 113
64 64
64 65
64 84
64 87
64 88
64 89
64 92
65 65
65 67
65 88
65 89
65 92
66 66
66 67
66 69
66 85
66 95
66 97
66 105
66 106
66 107
66 108
66 110
66 115
67 67
67 69
67 96
67 106
67 110
67 115
68 68
68 69
68 71
68 78
68 108
68 115
69 69
69 88
69 105
70 70
70 71
70 73
70 75
70 76
70 77
70 90
70 98
70 100
70 110
70 113
71 71
71 73
71 75
71 76
71 77
71 78
71 94
72 72
72 73
72 74
72 75
72 76
72 78
72 79
72 80
72 81
72 83
72 95
72 109
72 112
73 73
73 74
73 75
73 76
73 77
73 95
73 97
73 98
73 104
73 108
73 111
73 112
74 74
74 75
74 76
74 77
74 78
74 81
74 85
74 95
74 97
74 98
74 99
74 104
74 108
74 109
74 111
74 112
75 75
75 76
75 77
75 95
75 97
75 104
75 108
75 109
75 111
75 115
76 76
76 77
76 95
76 97
76 98
76 99
76 104
76 111
76 112
77 77
77 91
77 92
77 93
77 94
77 98
77 103
77 110
77 111
78 78
78 79
78 80
78 81
78 94
78 109
79 79
79 80
79 81
79 84
79 94
79 96
79 109
80 80
80 81
80 83
80 85
80 86
80 98
80 100
80 102
80 109
80 113
81 81
81 83
81 85
81 94
81 95
81 96
81 98
81 99
81 100
81 102
81 109
81 113
82 82
82 83
82 84
82 87
82 88
82 89
83 83
83 85
83 86
83 87
83 92
83 100
84 84
84 85
84 86
84 87
84 88
84 89
85 85
85 100
85 102
86 86
86 88
86 89
86 90
86 94
86 101
87 87
87 88
87 89
87 90
87 92
87 94
87 100
88 88
88 89
88 90
88 91
88 92
88 93
88 107
89 89
89 90
89 91
89 92
89 99
90 90
90 91
90 92
90 93
90 94
90 98
90 99
90 100
90 105
90 107
91 91
91 92
91 93
91 94
91 98
91 99
91 101
91 103
91 104
91 105
91 107
91 111
91 112
92 92
92 93
92 94
92 100
92 101
92 103
92 113
93 93
93 94
93 98
93 99
93 101
93 103
93 104
93 105
93 107
93 111
93 112
93 113
94 94
94 96
94 101
94 105
95 95
95 96
95 97
95 98
95 99
95 103
95 104
95 106
95 107
95 108
95 109
95 110
95 111
95 112
95 115
96 96
96 98
96 110
96 114
97 97
97 98
97 99
97 103
97 104
97 105
97 106
97 107
97 108
97 109
97 110
97 111
97 112
97 115
98 98
98 99
98 102
98 104
98 107
98 111
98 112
98 113
98 115
99 99
99 104
99 105
99 107
99 108
99 109
99 111
99 112
99 115
100 100
100 101
100 102
100 103
100 110
100 113
101 101
101 102
101 103
101 113
101 114
102 102
102 103
102 104
102 112
102 113
102 114
103 103
103 104
103 105
103 107
103 109
103 110
103 111
103 112
103 113
103 114
104 104
104 105
104 106
104 107
104 108
104 109
104 110
104 111
104 115
105 105
105 107
105 112
105 114
105 115
106 106
106 107
106 108
106 111
106 114
106 115
107 107
107 108
107 110
107 111
107 115
108 108
108 109
108 110
108 111
108 115
109 109
109 110
109 111
109 112
109 114
109 115
110 110
110 111
110 113
110 114
110 115
111 111
111 112
111 113
111 115
112 112
112 113
113 113
113 114
114 114
114 115
115 115
