0 0
0 2
0 6
0 10
0 16
0 18
0 19
0 22
0 32
0 56
0 57
0 60
0 68
0 69
0 78
0 80
0 82
0 87
0 88
0 89
1 1
1 16
1 17
1 19
1 29
1 32
1 33
1 56
1 57
1 62
1 63
1 68
1 69
1 78
1 80
1 81
1 83
2 2
2 3
2 5
2 6
2 7
2 9
2 10
2 11
2 12
2 13
2 14
2 15
2 22
2 23
2 25
2 50
2 64
2 87
2 88
2 89
3 3
3 7
3 11
3 13
3 15
3 22
3 23
3 25
3 50
3 64
3 65
3 85
3 89
3 110
4 4
4 5
4 8
4 9
4 12
4 14
4 20
4 25
4 26
4 27
4 34
4 47
4 48
4 49
4 52
4 53
4 58
4 92
4 100
5 5
5 7
5 8
5 9
5 12
5 14
5 25
5 26
5 35
5 45
5 47
5 48
5 49
5 50
5 51
5 52
5 53
5 58
5 67
5 91
5 92
5 93
5 99
5 100
6 6
6 7
6 10
6 12
6 13
6 14
6 15
6 18
6 22
6 50
6 64
6 70
6 82
6 84
6 88
6 106
7 7
7 9
7 11
7 12
7 13
7 15
7 23
7 61
7 64
7 65
8 8
8 9
8 12
8 14
8 20
8 25
8 26
8 27
8 34
8 47
8 48
8 53
8 58
8 67
8 90
8 94
8 95
8 97
8 99
8 100
8 109
8 110
9 9
9 13
9 14
9 47
9 48
9 50
9 52
9 53
9 58
9 89
9 90
10 10
10 11
10 12
10 13
10 15
10 18
10 22
10 28
10 30
10 31
10 60
10 62
10 63
10 64
10 65
10 73
10 74
10 82
10 84
10 86
10 87
10 88
11 11
11 12
11 13
11 15
11 28
11 29
11 31
11 33
11 60
11 61
11 63
11 65
11 83
12 12
12 13
12 14
12 15
12 28
12 30
12 31
12 60
12 61
12 62
12 65
12 70
12 71
12 83
13 13
13 14
13 15
13 29
13 60
13 61
13 62
13 63
13 65
13 83
13 87
14 14
14 22
14 25
14 26
14 27
14 50
14 64
14 70
15 15
15 28
15 31
15 52
15 60
15 61
15 62
15 63
15 70
15 71
15 83
15 87
16 16
16 17
16 18
16 19
16 28
16 29
16 32
16 33
16 36
16 37
16 56
16 57
16 60
16 61
16 62
16 63
16 68
16 69
16 72
16 78
16 79
16 80
16 81
16 87
17 17
17 19
17 28
17 29
17 30
17 32
17 33
17 36
17 37
17 56
17 57
17 60
17 61
17 62
17 63
17 68
17 71
17 72
17 73
17 78
17 79
17 80
17 81
17 83
17 107
18 18
18 19
18 32
18 56
18 57
18 68
18 69
18 74
18 78
18 80
18 82
18 84
18 87
18 88
18 89
18 106
19 19
19 29
19 32
19 33
19 56
19 57
19 63
19 68
19 69
19 80
19 83
19 87
19 90
20 20
20 21
20 23
20 24
20 26
20 27
20 30
20 31
20 35
20 40
20 41
20 65
20 70
20 71
20 72
20 73
20 74
20 75
20 77
20 84
20 91
20 92
20 93
20 95
20 96
20 97
20 98
20 99
20 100
20 101
20 102
20 103
20 104
20 105
20 107
20 108
20 110
20 111
20 112
20 113
20 114
20 115
21 21
21 24
21 26
21 27
21 30
21 31
21 34
21 35
21 39
21 40
21 41
21 70
21 71
21 72
21 73
21 74
21 75
21 76
21 77
21 84
21 91
21 93
21 95
21 96
21 97
21 99
21 101
21 102
21 103
21 105
21 107
21 108
21 110
21 111
21 112
21 113
21 114
21 115
22 22
22 23
22 24
22 34
22 35
22 50
22 64
22 70
22 82
22 84
22 88
23 23
23 24
23 25
23 27
23 31
23 35
23 67
23 88
23 90
23 91
23 99
23 110
24 24
24 25
24 30
24 31
24 35
24 70
24 73
24 104
24 107
25 25
25 33
25 34
25 50
25 109
26 26
26 27
26 34
26 35
26 40
26 41
26 49
26 58
26 67
26 75
26 92
26 93
26 95
26 96
26 97
26 98
26 99
26 100
26 101
26 102
26 103
26 110
26 111
26 113
26 114
26 115
27 27
27 30
27 31
27 35
27 40
27 41
27 65
27 75
27 95
27 102
27 110
27 115
28 28
28 29
28 30
28 31
28 32
28 33
28 36
28 37
28 41
28 56
28 62
28 63
28 71
28 72
28 73
28 74
28 75
28 76
28 78
28 79
28 80
28 81
28 82
28 83
28 107
29 29
29 32
29 33
29 36
29 37
29 55
29 56
29 57
29 60
29 61
29 62
29 63
29 71
29 72
29 73
29 76
29 77
29 78
29 79
29 80
29 81
29 83
29 107
30 30
30 31
30 40
30 41
30 63
30 65
30 71
30 72
30 73
30 74
30 75
30 82
30 83
30 84
30 102
30 104
30 106
30 107
30 114
30 115
31 31
31 40
31 41
31 61
31 63
31 64
31 65
31 71
31 72
31 73
31 74
31 75
31 77
31 83
31 84
31 95
31 105
31 107
31 114
31 115
32 32
32 33
32 37
32 42
32 44
32 56
32 57
32 60
32 61
32 62
32 63
32 68
32 72
32 78
32 79
32 80
32 81
33 33
33 56
33 57
33 60
33 61
33 62
33 63
33 78
33 79
33 81
33 83
34 34
34 35
34 43
34 44
34 45
34 48
34 50
34 51
34 64
34 66
34 67
34 85
34 93
34 96
34 109
34 110
34 111
34 112
34 113
34 114
35 35
35 43
35 44
35 45
35 49
35 50
35 51
35 66
35 67
35 91
35 92
35 93
35 99
35 110
35 111
35 112
36 36
36 37
36 38
36 39
36 40
36 41
36 55
36 63
36 71
36 72
36 73
36 74
36 76
36 77
36 78
36 80
36 83
36 87
36 95
36 96
36 107
36 109
37 37
37 39
37 41
37 55
37 63
37 71
37 72
37 73
37 74
37 75
37 76
37 77
37 78
37 79
37 81
37 95
37 96
37 107
37 109
38 38
38 39
38 40
38 41
38 54
38 76
38 86
38 94
38 95
38 96
38 97
38 104
38 105
38 107
38 108
38 109
38 115
39 39
39 40
39 41
39 47
39 54
39 55
39 71
39 76
39 77
39 83
39 90
39 95
39 96
39 97
39 99
39 105
39 108
39 109
39 110
39 113
39 115
40 40
40 41
40 65
40 71
40 72
40 73
40 76
40 77
40 82
40 83
40 86
40 91
40 92
40 93
40 95
40 96
40 97
40 98
40 99
40 100
40 101
40 102
40 103
40 104
40 108
40 109
40 110
40 113
40 114
40 115
41 41
41 63
41 65
41 71
41 72
41 73
41 74
41 75
41 76
41 77
41 80
41 83
41 95
41 96
41 97
41 98
41 101
41 102
41 103
41 104
41 107
41 108
41 109
41 113
41 114
41 115
42 42
42 43
42 44
42 45
42 46
42 47
42 48
42 49
42 51
42 52
42 53
42 56
42 57
42 66
42 78
42 79
42 106
43 43
43 44
43 45
43 46
43 47
43 48
43 49
43 50
43 51
43 53
43 55
43 58
43 66
43 67
43 79
43 85
43 96
43 105
43 110
43 111
43 112
43 113
44 44
44 45
44 46
44 47
44 48
44 49
44 50
44 51
44 52
44 53
44 56
44 58
44 66
44 79
45 45
45 48
45 49
45 50
45 51
45 53
45 58
45 66
45 67
45 91
45 92
45 93
45 96
45 97
45 98
45 99
45 101
45 110
45 111
45 112
45 113
46 46
46 47
46 49
46 51
46 53
46 55
46 72
46 76
46 79
46 81
46 95
46 96
46 98
46 104
46 107
46 108
46 111
46 112
46 113
47 47
47 48
47 49
47 52
47 53
47 55
47 58
47 59
47 67
47 77
47 90
47 95
47 96
47 97
47 98
47 99
47 100
47 108
47 109
47 110
47 111
47 112
47 113
48 48
48 49
48 50
48 51
48 52
48 53
48 58
48 66
49 49
49 51
49 53
49 58
49 59
49 66
49 67
49 93
49 98
50 50
50 51
50 53
50 64
50 67
50 85
50 109
50 110
51 51
51 53
51 58
51 66
51 79
51 106
52 52
52 53
52 58
52 89
53 53
53 55
53 58
54 54
54 55
54 67
54 89
54 90
54 94
54 95
54 96
54 97
54 99
54 104
54 105
54 108
54 109
54 110
54 111
54 112
54 113
54 115
55 55
55 76
55 77
55 79
55 85
55 95
55 96
55 97
55 108
55 109
55 110
55 111
55 113
56 56
56 57
56 60
56 62
56 63
56 68
56 69
56 72
56 78
56 79
56 80
56 81
56 106
57 57
57 63
57 68
57 69
57 78
57 79
57 80
57 81
58 58
58 59
58 66
58 92
59 59
59 61
59 66
59 67
59 69
60 60
60 61
60 62
60 63
60 87
61 61
61 62
61 63
61 65
61 83
61 87
62 62
62 63
62 72
62 78
62 79
62 80
62 81
62 83
63 63
63 68
63 71
63 72
63 73
63 78
63 80
63 81
63 83
63 87
64 64
64 65
64 82
64 84
64 85
64 114
65 65
65 71
65 82
65 84
65 85
65 105
65 113
65 114
65 115
66 66
66 67
66 92
66 93
66 101
66 111
66 113
67 67
67 90
67 91
67 92
67 93
67 94
67 95
67 96
67 97
67 98
67 99
67 100
67 101
67 103
67 105
67 108
67 109
67 110
67 111
67 112
67 113
68 68
68 69
68 78
68 80
68 81
68 87
68 89
68 90
69 69
69 80
69 87
69 89
69 90
69 94
70 70
70 71
70 72
70 73
70 74
70 75
70 76
70 77
70 84
70 106
71 71
71 72
71 73
71 74
71 75
71 76
71 77
71 83
71 95
71 96
71 107
71 115
72 72
72 73
72 74
72 75
72 76
72 78
72 79
72 80
72 81
72 83
72 84
72 98
72 104
72 106
72 107
72 115
73 73
73 74
73 75
73 76
73 77
73 104
73 106
73 114
73 115
74 74
74 75
74 76
74 78
74 80
74 82
74 84
74 106
74 114
74 115
75 75
75 76
75 77
75 95
75 96
75 97
75 102
75 104
75 105
75 106
75 108
75 109
75 113
75 114
75 115
76 76
76 77
76 95
76 96
76 97
76 108
76 109
77 77
77 83
77 95
77 96
77 109
77 110
78 78
78 79
78 80
78 81
78 84
78 107
79 79
79 80
79 81
80 80
80 81
80 83
80 84
80 106
80 107
81 81
81 83
82 82
82 83
82 84
82 85
82 86
82 87
82 88
83 83
83 87
83 90
84 84
84 85
84 86
84 106
84 114
84 115
85 85
85 110
86 86
86 87
86 88
87 87
87 88
87 89
88 88
88 89
89 89
89 90
89 94
90 90
90 91
90 92
90 93
90 94
90 95
90 97
90 99
90 100
90 108
90 109
90 110
90 112
91 91
91 92
91 93
91 95
91 97
91 98
91 99
91 100
91 101
91 102
91 103
91 104
91 105
91 108
91 110
91 111
91 112
91 113
91 115
92 92
92 93
92 95
92 97
92 98
92 99
92 100
92 101
92 102
92 103
92 104
92 108
92 111
92 112
92 113
93 93
93 95
93 97
93 98
93 99
93 100
93 101
93 102
93 103
93 104
93 105
93 108
93 110
93 111
93 112
93 113
93 114
93 115
94 94
94 95
94 97
94 108
94 109
94 110
95 95
95 96
95 97
95 98
95 99
95 100
95 101
95 102
95 103
95 104
95 105
95 107
95 108
95 109
95 110
95 111
95 112
95 113
95 114
95 115
96 96
96 97
96 98
96 99
96 102
96 103
96 104
96 105
96 108
96 109
96 110
96 111
96 112
96 113
96 115
97 97
97 98
97 99
97 100
97 101
97 102
97 103
97 105
97 108
97 109
97 110
97 111
97 112
97 113
97 114
97 115
98 98
98 99
98 100
98 101
98 102
98 103
98 104
98 105
98 107
98 108
98 111
98 112
98 113
98 114
98 115
99 99
99 100
99 101
99 102
99 103
99 104
99 105
99 108
99 109
99 110
99 111
99 112
99 113
99 114
99 115
100 100
100 101
100 102
100 103
100 104
100 108
100 111
100 112
100 113
100 114
101 101
101 102
101 103
101 104
101 108
101 111
101 112
101 113
101 114
101 115
102 102
102 103
102 104
102 108
102 111
102 112
102 113
102 114
102 115
103 103
103 104
103 105
103 108
103 111
103 112
103 113
103 114
103 115
104 104
104 105
104 107
104 108
104 111
104 112
104 113
104 114
104 115
105 105
105 107
105 108
105 110
105 111
105 112
105 113
105 114
105 115
106 106
107 107
107 114
107 115
108 108
108 109
108 110
108 111
108 112
108 113
108 114
108 115
109 109
109 110
109 111
109 113
110 110
110 111
110 112
110 113
110 115
111 111
111 112
111 113
111 114
111 115
112 112
112 113
112 114
112 115
113 113
113 114
113 115
114 114
114 115
115 115
