0 0
0 1
0 10
0 11
0 12
0 13
0 16
0 17
0 18
0 19
0 28
0 29
0 32
0 41
0 52
0 53
0 54
0 56
0 57
0 58
0 59
0 60
0 62
0 63
0 72
0 74
0 76
0 77
0 79
0 89
0 99
1 1
1 11
1 12
1 16
1 17
1 18
1 19
1 28
1 29
1 32
1 41
1 52
1 53
1 54
1 56
1 57
1 59
1 60
1 61
1 62
1 63
1 72
1 74
1 76
1 79
1 80
1 81
1 86
1 88
1 89
1 98
2 2
2 4
2 6
2 8
2 10
2 12
2 13
2 26
2 32
2 58
2 60
2 66
2 67
2 70
2 91
2 93
2 106
2 107
2 108
3 3
3 7
3 15
3 18
3 19
3 20
3 22
3 23
3 28
3 29
3 30
3 31
3 64
3 71
3 78
3 82
3 83
3 84
3 85
3 87
3 89
3 90
3 92
3 100
4 4
4 5
4 6
4 8
4 9
4 10
4 12
4 13
4 24
4 26
4 58
4 60
4 64
4 65
4 66
4 93
4 107
5 5
5 8
5 9
5 23
5 24
5 25
5 26
5 27
5 39
5 58
5 61
5 65
5 67
5 92
5 103
5 104
5 105
6 6
6 7
6 8
6 9
6 10
6 11
6 12
6 13
6 22
6 23
6 33
6 60
6 61
6 62
6 63
6 64
6 76
6 84
6 85
6 88
6 89
6 93
6 107
7 7
7 8
7 9
7 11
7 23
7 29
7 31
7 33
7 60
7 61
7 62
7 63
7 64
7 65
7 69
7 83
7 88
7 89
7 92
7 102
8 8
8 9
8 10
8 11
8 12
8 13
8 14
8 15
8 23
8 32
8 33
8 60
8 61
8 62
8 63
8 64
8 88
8 92
9 9
9 11
9 13
9 23
9 60
9 61
9 63
9 64
9 65
9 88
9 89
9 92
10 10
10 11
10 12
10 13
10 14
10 15
10 28
10 32
10 50
10 52
10 53
10 58
10 60
10 62
10 64
10 74
10 76
10 88
10 89
10 107
11 11
11 12
11 13
11 14
11 15
11 29
11 32
11 50
11 51
11 52
11 53
11 54
11 55
11 58
11 59
11 60
11 61
11 62
11 63
11 65
11 88
11 89
12 12
12 13
12 14
12 15
12 32
12 50
12 52
12 53
12 54
12 58
12 60
12 61
12 62
12 63
12 68
12 72
12 76
12 88
12 89
13 13
13 14
13 15
13 32
13 50
13 51
13 52
13 53
13 54
13 55
13 58
13 60
13 61
13 65
13 68
13 88
13 89
14 14
14 15
14 18
14 20
14 23
14 28
14 29
14 32
14 38
14 41
14 68
14 70
14 82
14 83
14 84
14 88
15 15
15 16
15 18
15 21
15 28
15 29
15 32
15 38
15 41
15 52
15 54
15 62
15 68
15 72
15 78
15 82
15 83
15 84
15 85
15 86
15 88
15 89
16 16
16 17
16 18
16 19
16 28
16 29
16 32
16 33
16 36
16 40
16 41
16 56
16 57
16 62
16 63
16 72
16 73
16 74
16 75
16 76
16 78
16 79
16 80
16 81
16 82
16 83
16 100
17 17
17 18
17 19
17 28
17 29
17 32
17 33
17 36
17 40
17 41
17 56
17 57
17 62
17 63
17 72
17 73
17 74
17 76
17 78
17 79
17 80
17 81
17 83
17 98
17 99
17 100
17 101
18 18
18 19
18 20
18 28
18 29
18 30
18 31
18 32
18 36
18 41
18 70
18 71
18 72
18 73
18 74
18 75
18 76
18 77
18 79
18 81
18 82
18 83
18 101
18 111
19 19
19 28
19 29
19 33
19 36
19 40
19 41
19 56
19 57
19 63
19 69
19 70
19 72
19 73
19 74
19 75
19 76
19 77
19 79
19 80
19 81
19 83
19 90
19 100
20 20
20 21
20 22
20 23
20 24
20 25
20 28
20 30
20 31
20 37
20 38
20 39
20 40
20 41
20 64
20 70
20 71
20 82
20 83
20 84
20 87
21 21
21 22
21 24
21 25
21 26
21 27
21 30
21 34
21 36
21 37
21 38
21 39
21 41
21 64
21 65
21 67
21 78
21 82
21 84
21 85
21 86
21 87
21 96
21 110
22 22
22 23
22 24
22 25
22 26
22 27
22 30
22 31
22 38
22 64
22 67
22 84
22 87
22 107
23 23
23 25
23 26
23 31
23 64
23 67
23 69
23 82
23 83
23 84
23 85
23 88
23 90
23 91
23 92
23 105
23 115
24 24
24 25
24 26
24 27
24 30
24 34
24 37
24 38
24 39
24 44
24 45
24 64
24 65
24 66
24 67
24 87
24 110
25 25
25 26
25 27
25 30
25 34
25 37
25 38
25 39
25 44
25 45
25 64
25 65
25 67
25 78
25 82
25 87
25 94
25 96
25 110
26 26
26 27
26 38
26 39
26 64
26 65
26 66
26 67
26 84
26 85
26 87
26 89
26 94
26 96
27 27
27 37
27 38
27 39
27 45
27 65
27 67
27 85
27 87
27 94
27 96
28 28
28 29
28 30
28 31
28 32
28 33
28 36
28 38
28 40
28 41
28 57
28 62
28 63
28 68
28 72
28 73
28 74
28 78
28 79
28 80
28 81
28 82
28 83
28 84
28 85
28 86
28 88
28 89
29 29
29 31
29 32
29 33
29 40
29 41
29 52
29 56
29 57
29 61
29 62
29 63
29 72
29 73
29 74
29 75
29 76
29 78
29 79
29 80
29 81
29 82
29 83
29 86
29 88
29 100
30 30
30 31
30 33
30 34
30 36
30 37
30 38
30 40
30 41
30 64
30 70
30 71
30 73
30 74
30 75
30 77
30 83
30 84
30 85
30 87
31 31
31 33
31 40
31 41
31 64
31 70
31 71
31 73
31 75
31 77
31 83
31 84
31 85
32 32
32 33
32 36
32 40
32 41
32 58
32 59
32 60
32 62
32 63
32 72
32 73
32 74
32 76
32 79
32 80
32 81
32 85
32 88
33 33
33 34
33 35
33 36
33 40
33 41
33 60
33 61
33 62
33 63
33 64
33 72
33 73
33 74
33 75
33 76
33 77
33 80
33 81
33 83
34 34
34 35
34 36
34 37
34 39
34 44
34 45
34 64
34 65
34 67
34 77
34 94
34 97
34 110
34 114
34 115
35 35
35 37
35 39
35 44
35 45
35 47
35 64
35 67
35 68
35 78
35 97
35 104
35 109
35 110
35 114
35 115
36 36
36 37
36 38
36 39
36 40
36 41
36 56
36 70
36 72
36 73
36 74
36 75
36 78
36 79
36 80
36 81
36 83
36 85
36 87
37 37
37 38
37 39
37 40
37 41
37 78
37 87
37 104
37 105
37 110
37 111
37 115
38 38
38 39
38 40
38 41
38 54
38 64
38 78
38 82
38 83
38 84
38 85
38 86
38 87
38 96
39 39
39 65
39 67
39 78
39 87
39 94
39 96
39 105
39 110
39 114
40 40
40 41
40 62
40 70
40 72
40 73
40 74
40 75
40 78
40 79
40 80
40 81
40 82
40 83
40 84
40 85
41 41
41 56
41 57
41 62
41 63
41 72
41 73
41 74
41 75
41 78
41 79
41 80
41 81
41 82
41 83
41 84
41 85
42 42
42 43
42 44
42 45
42 46
42 47
42 48
42 49
42 50
42 51
42 55
42 86
42 96
42 98
42 106
42 110
42 111
42 112
43 43
43 44
43 45
43 46
43 47
43 48
43 49
43 50
43 51
43 52
43 53
43 54
43 55
43 96
43 98
43 106
43 110
43 111
43 112
44 44
44 45
44 46
44 47
44 48
44 49
44 51
44 55
44 67
44 96
44 109
44 110
44 112
44 113
45 45
45 46
45 47
45 48
45 49
45 51
45 55
45 67
45 96
45 98
45 106
45 110
45 112
45 113
46 46
46 47
46 48
46 49
46 50
46 51
46 52
46 55
46 86
46 96
46 98
46 110
46 111
46 112
46 113
47 47
47 48
47 49
47 50
47 51
47 55
47 67
47 90
47 91
47 92
47 94
47 96
47 97
47 98
47 99
47 104
47 105
47 106
47 109
47 110
47 111
47 113
47 115
48 48
48 49
48 50
48 51
48 52
48 53
48 54
48 55
48 59
48 86
48 98
48 100
48 111
48 113
49 49
49 50
49 51
49 52
49 53
49 55
49 86
49 98
49 100
49 110
49 111
49 113
50 50
50 51
50 52
50 53
50 54
50 55
50 58
50 59
50 65
50 86
50 98
51 51
51 52
51 53
51 54
51 55
51 58
51 59
51 86
51 98
51 113
52 52
52 53
52 54
52 55
52 58
52 59
52 61
52 65
52 86
52 89
52 98
53 53
53 54
53 55
53 65
53 68
53 89
53 98
54 54
54 55
54 58
54 59
54 65
54 86
54 89
54 98
55 55
55 58
55 59
55 65
55 86
55 96
55 98
55 99
55 113
56 56
56 57
56 63
56 72
56 73
56 74
56 76
56 78
56 79
56 80
56 81
56 98
56 99
56 100
56 101
57 57
57 59
57 63
57 72
57 73
57 74
57 76
57 78
57 79
57 80
57 81
57 98
57 99
57 100
57 101
57 102
58 58
58 59
58 60
58 61
58 62
58 66
58 76
58 93
58 106
59 59
59 60
59 61
59 63
59 88
59 89
59 100
59 101
60 60
60 61
60 62
60 63
60 66
60 72
60 76
60 88
60 93
61 61
61 62
61 63
61 65
61 88
61 89
62 62
62 63
62 72
62 73
62 74
62 76
62 79
62 80
62 81
62 83
62 84
62 85
62 88
63 63
63 72
63 73
63 74
63 76
63 79
63 80
63 81
63 83
63 85
63 88
63 89
63 100
64 64
64 65
64 84
64 85
64 87
64 89
64 115
65 65
65 67
65 89
66 66
66 67
66 91
66 93
66 95
66 96
66 101
66 102
66 103
66 105
66 106
66 107
66 110
66 114
67 67
67 91
67 94
67 95
67 96
67 103
67 104
67 105
67 110
67 114
67 115
68 68
68 78
68 80
68 81
68 82
68 83
68 86
68 88
68 97
68 106
68 109
68 115
69 69
69 82
69 83
69 84
69 85
69 88
69 90
69 91
69 92
69 94
69 102
69 103
69 104
69 105
69 114
70 70
70 71
70 72
70 73
70 74
70 75
70 76
70 77
70 106
70 107
71 71
71 73
71 75
71 76
71 77
71 87
71 110
72 72
72 73
72 74
72 75
72 76
72 77
72 78
72 79
72 80
72 81
72 83
72 100
73 73
73 74
73 75
73 76
73 77
73 79
73 80
73 81
73 112
74 74
74 75
74 76
74 77
74 79
74 80
74 81
75 75
75 76
75 77
75 79
76 76
76 77
76 79
76 99
76 112
77 77
77 99
78 78
78 79
78 80
78 81
78 82
78 83
78 86
78 87
79 79
79 80
79 81
79 83
79 99
79 100
79 101
80 80
80 81
80 82
80 83
80 86
80 99
80 100
81 81
81 82
81 83
81 86
81 100
82 82
82 83
82 84
82 85
82 86
82 87
82 88
82 96
82 115
83 83
83 84
83 85
83 86
83 87
83 88
84 84
84 85
84 86
84 87
84 88
84 89
85 85
85 87
85 88
85 89
85 94
85 108
86 86
86 87
86 88
86 100
86 113
87 87
87 89
88 88
88 89
89 89
90 90
90 91
90 92
90 93
90 95
90 96
90 97
90 98
90 99
90 100
90 101
90 102
90 103
90 104
90 105
90 109
90 111
90 114
90 115
91 91
91 92
91 93
91 94
91 95
91 97
91 99
91 101
91 102
91 103
91 104
91 105
91 107
91 108
91 109
91 111
91 114
91 115
92 92
92 93
92 97
92 100
92 102
92 103
92 104
92 105
92 109
92 111
92 114
92 115
93 93
93 95
93 99
93 101
93 102
93 103
93 104
93 105
93 107
93 108
93 109
93 114
93 115
94 94
94 96
94 97
94 108
94 114
95 95
95 97
95 99
95 103
95 104
95 105
95 106
95 107
95 108
95 109
95 110
95 114
95 115
96 96
96 97
96 105
96 106
96 109
96 110
96 114
97 97
97 100
97 102
97 103
97 104
97 105
97 109
97 110
97 113
97 114
97 115
98 98
98 99
98 100
98 101
98 102
98 111
98 113
99 99
99 100
99 101
99 102
99 103
99 104
99 109
99 111
99 112
99 113
100 100
100 101
100 102
100 104
100 109
100 111
100 113
101 101
101 102
101 103
101 104
101 105
101 107
101 111
102 102
102 103
102 104
102 105
102 109
102 113
102 114
102 115
103 103
103 104
103 105
103 106
103 107
103 109
103 110
103 114
103 115
104 104
104 105
104 106
104 109
104 110
104 114
104 115
105 105
105 109
105 110
105 114
105 115
106 106
106 108
106 109
106 110
106 112
107 107
107 114
108 108
108 109
108 113
109 109
109 110
109 113
109 114
109 115
110 110
110 113
110 114
110 115
111 111
112 112
113 113
114 114
114 115
115 115
