0 0
0 1
0 10
0 12
0 14
0 17
0 18
0 19
0 28
0 52
0 58
0 59
0 60
0 61
0 62
0 68
0 72
0 73
0 74
0 76
0 84
0 90
0 91
0 98
0 101
0 103
0 111
0 113
1 1
1 16
1 18
1 19
1 28
1 29
1 53
1 56
1 57
1 59
1 63
1 68
1 69
1 73
1 74
1 79
1 80
1 81
1 85
1 95
1 98
1 102
1 106
2 2
2 4
2 6
2 7
2 8
2 22
2 24
2 30
2 31
2 33
2 34
2 35
2 50
2 60
2 64
2 66
2 67
3 3
3 5
3 6
3 7
3 11
3 18
3 19
3 20
3 21
3 22
3 23
3 24
3 25
3 26
3 27
3 30
3 31
3 33
3 38
3 40
3 41
3 64
3 67
3 82
3 83
3 85
3 86
3 87
3 88
3 89
4 4
4 5
4 7
4 8
4 9
4 11
4 12
4 13
4 23
4 33
4 35
4 44
4 45
4 49
4 65
4 67
4 75
4 110
5 5
5 9
5 20
5 22
5 23
5 24
5 25
5 26
5 27
5 30
5 31
5 33
5 34
5 35
5 38
5 39
5 41
5 44
5 45
5 49
5 51
5 55
5 64
5 67
5 71
5 82
5 83
5 85
5 86
5 87
5 88
5 89
5 110
6 6
6 7
6 8
6 14
6 18
6 22
6 30
6 31
6 33
6 34
6 35
6 60
6 62
6 64
6 66
6 67
6 74
6 88
6 93
7 7
7 8
7 9
7 11
7 13
7 15
7 30
7 31
7 33
7 35
7 61
7 64
7 65
7 67
7 92
7 100
7 114
8 8
8 9
8 11
8 12
8 13
8 14
8 15
8 23
8 60
8 61
8 65
8 91
8 92
8 93
9 9
9 11
9 12
9 13
9 15
9 23
9 44
9 45
9 49
9 65
9 83
9 92
10 10
10 11
10 12
10 13
10 14
10 15
10 17
10 28
10 48
10 52
10 54
10 58
10 59
10 60
10 61
10 62
10 63
10 74
10 84
10 90
10 91
10 93
10 95
10 96
10 98
10 101
10 103
11 11
11 12
11 13
11 14
11 15
11 60
11 61
11 64
11 65
11 77
11 84
11 88
11 89
11 92
11 93
11 95
11 100
12 12
12 13
12 14
12 15
12 48
12 52
12 54
12 58
12 60
12 61
12 65
12 84
12 88
12 90
12 91
12 93
12 96
12 101
12 107
13 13
13 14
13 15
13 48
13 52
13 58
13 60
13 61
13 65
13 84
13 88
13 89
13 92
13 93
13 100
13 101
14 14
14 15
14 22
14 23
14 54
14 58
14 60
14 61
14 62
14 64
14 65
14 82
14 83
14 84
14 86
14 88
14 89
14 90
14 91
14 92
14 93
14 101
15 15
15 60
15 61
15 64
15 65
15 83
15 84
15 88
15 89
15 92
15 93
15 100
15 101
16 16
16 17
16 18
16 19
16 21
16 28
16 29
16 32
16 33
16 36
16 37
16 40
16 41
16 53
16 56
16 57
16 63
16 68
16 69
16 72
16 73
16 78
16 79
16 80
16 81
16 82
16 83
16 87
17 17
17 28
17 29
17 33
17 53
17 56
17 57
17 59
17 60
17 61
17 62
17 63
17 68
17 72
17 78
17 79
17 80
17 81
17 98
17 111
17 113
18 18
18 19
18 28
18 32
18 57
18 62
18 64
18 72
18 73
18 74
18 80
18 82
18 84
18 85
18 95
18 108
19 19
19 20
19 23
19 28
19 40
19 56
19 57
19 68
19 69
19 72
19 73
19 74
19 80
19 82
19 83
19 84
19 85
19 87
20 20
20 21
20 24
20 25
20 26
20 27
20 29
20 30
20 31
20 36
20 37
20 38
20 39
20 40
20 41
20 44
20 45
20 46
20 53
20 67
20 70
20 72
20 73
20 78
20 80
20 81
20 82
20 85
20 87
20 108
21 21
21 23
21 24
21 25
21 26
21 27
21 30
21 31
21 36
21 37
21 38
21 39
21 40
21 41
21 50
21 81
21 82
21 83
21 85
21 108
21 109
21 114
22 22
22 23
22 24
22 25
22 26
22 27
22 30
22 31
22 33
22 34
22 35
22 64
22 67
22 86
22 88
22 89
22 93
23 23
23 24
23 25
23 26
23 27
23 30
23 31
23 33
23 34
23 35
23 38
23 40
23 64
23 67
23 71
23 82
23 83
23 85
23 86
23 87
23 88
23 89
23 92
23 110
24 24
24 25
24 26
24 27
24 30
24 31
24 32
24 33
24 34
24 35
24 37
24 38
24 39
24 40
24 41
24 44
24 45
24 55
24 64
24 67
24 71
24 78
24 79
24 81
24 86
24 87
24 88
24 108
25 25
25 26
25 27
25 30
25 31
25 33
25 34
25 35
25 37
25 38
25 39
25 40
25 41
25 45
25 55
25 64
25 67
25 71
25 85
25 86
25 87
25 88
25 110
25 112
25 114
26 26
26 27
26 30
26 31
26 34
26 35
26 37
26 40
26 64
26 67
26 71
26 86
26 87
26 88
26 92
26 96
26 110
27 27
27 30
27 31
27 34
27 35
27 38
27 39
27 40
27 41
27 50
27 64
27 67
27 82
27 86
27 87
27 88
27 96
27 110
28 28
28 29
28 36
28 40
28 52
28 53
28 56
28 57
28 59
28 62
28 63
28 68
28 72
28 73
28 74
28 78
28 79
28 80
28 81
28 82
28 83
28 84
28 98
28 103
29 29
29 30
29 31
29 32
29 33
29 36
29 37
29 38
29 39
29 40
29 41
29 53
29 56
29 57
29 63
29 72
29 73
29 74
29 76
29 78
29 79
29 80
29 81
29 106
30 30
30 31
30 33
30 34
30 35
30 37
30 38
30 39
30 40
30 41
30 64
30 67
30 72
30 85
30 86
30 87
30 88
30 108
31 31
31 33
31 34
31 35
31 37
31 38
31 39
31 40
31 41
31 45
31 64
31 67
31 71
31 81
31 86
31 87
31 88
32 32
32 33
32 34
32 36
32 41
32 44
32 45
32 55
32 57
32 63
32 66
32 72
32 73
32 74
32 76
32 79
32 81
32 85
32 112
33 33
33 34
33 35
33 41
33 44
33 45
33 67
33 72
33 79
33 81
33 87
34 34
34 35
34 44
34 45
34 64
34 66
34 67
34 87
34 88
35 35
35 43
35 44
35 45
35 47
35 64
35 65
35 67
35 86
35 88
35 93
35 96
35 110
36 36
36 37
36 38
36 39
36 40
36 41
36 53
36 54
36 55
36 56
36 59
36 63
36 72
36 73
36 74
36 75
36 78
36 79
36 80
36 81
36 82
36 83
37 37
37 38
37 39
37 40
37 41
37 42
37 46
37 53
37 55
37 56
37 57
37 70
37 72
37 73
37 78
37 80
37 81
37 96
37 98
37 99
37 102
37 104
38 38
38 39
38 40
38 41
38 50
38 54
38 55
38 81
38 82
38 86
38 87
38 88
38 97
38 109
38 115
39 39
39 40
39 41
39 42
39 43
39 44
39 47
39 50
39 54
39 55
39 56
39 81
39 82
39 83
39 86
39 87
39 106
39 108
40 40
40 41
40 72
40 80
40 81
40 82
40 83
40 86
40 87
40 88
40 114
41 41
41 42
41 44
41 45
41 55
41 56
41 57
41 72
41 73
41 74
41 76
41 78
41 80
41 81
41 82
41 83
41 85
41 86
41 108
42 42
42 43
42 44
42 45
42 46
42 47
42 48
42 49
42 50
42 51
42 53
42 54
42 55
42 76
42 96
42 97
42 104
42 112
42 113
42 114
43 43
43 44
43 45
43 46
43 47
43 48
43 49
43 50
43 51
43 54
43 55
43 76
43 77
43 96
43 97
43 104
43 107
43 110
43 112
43 113
43 114
44 44
44 45
44 46
44 47
44 48
44 49
44 50
44 51
44 53
44 55
44 67
44 71
44 76
44 96
44 112
44 114
45 45
45 46
45 47
45 48
45 49
45 51
45 53
45 55
45 65
45 67
45 71
45 77
45 96
45 112
45 114
46 46
46 47
46 48
46 49
46 50
46 51
46 52
46 53
46 55
46 68
46 72
46 76
46 78
46 96
46 98
46 114
47 47
47 48
47 49
47 51
47 53
47 55
47 96
47 110
47 114
48 48
48 49
48 50
48 51
48 52
48 54
48 55
48 58
48 59
48 60
48 61
48 66
48 76
48 96
48 98
48 105
48 114
49 49
49 51
49 52
49 53
49 55
49 71
49 76
49 96
49 112
49 114
50 50
50 51
50 54
50 55
50 63
50 66
50 67
50 76
50 85
50 96
50 106
50 114
51 51
51 52
51 53
51 55
51 59
51 65
51 67
51 76
51 96
51 97
51 104
51 106
51 112
51 114
52 52
52 53
52 54
52 55
52 58
52 59
52 60
52 61
52 62
52 63
52 75
52 90
52 91
52 98
52 99
53 53
53 55
53 56
53 59
53 68
53 69
53 70
53 72
53 73
53 78
53 79
53 80
53 81
53 87
53 98
54 54
54 55
54 58
54 62
54 66
54 74
54 86
54 96
54 97
55 55
55 78
55 81
55 87
55 96
55 97
56 56
56 57
56 63
56 68
56 69
56 78
56 79
56 80
56 81
56 87
57 57
57 63
57 68
57 69
57 72
57 73
57 78
57 79
57 80
57 81
57 85
58 58
58 59
58 60
58 61
58 62
58 63
58 66
58 84
58 90
58 91
58 93
58 95
58 98
58 99
58 100
58 101
58 102
58 103
59 59
59 60
59 61
59 62
59 63
59 66
59 72
59 73
59 80
59 81
59 90
59 98
59 99
59 102
59 103
59 111
60 60
60 61
60 62
60 63
60 65
60 66
60 91
60 93
60 95
60 101
61 61
61 62
61 63
61 65
61 90
61 91
61 93
61 100
61 101
61 107
62 62
62 63
62 66
62 72
62 74
62 84
62 101
62 103
63 63
63 72
63 74
63 79
63 80
63 81
63 83
64 64
64 65
64 67
64 84
64 85
64 86
64 88
64 89
64 92
64 93
65 65
65 67
65 77
65 88
65 89
65 92
65 93
65 100
65 107
66 66
66 67
66 94
66 102
66 104
66 105
67 67
67 71
67 77
67 85
67 92
67 105
67 114
68 68
68 69
68 73
68 78
68 79
68 80
68 81
68 87
68 98
68 99
68 102
68 103
68 111
69 69
69 70
69 78
69 79
69 80
69 81
69 90
69 91
69 98
69 99
69 102
69 103
69 111
69 113
70 70
70 71
70 73
70 75
70 77
70 90
70 91
70 92
70 99
70 100
70 102
70 109
71 71
71 75
71 81
71 87
71 89
71 92
71 94
71 97
71 102
71 105
71 109
71 112
72 72
72 73
72 74
72 76
72 78
72 79
72 80
72 81
72 98
73 73
73 74
73 75
73 76
73 78
73 79
73 80
73 81
73 85
73 98
73 102
73 111
74 74
74 75
74 76
74 80
74 84
74 85
74 111
74 113
75 75
75 76
75 77
75 113
75 115
76 76
76 77
76 84
76 104
76 107
76 114
77 77
77 95
77 106
77 107
77 109
78 78
78 79
78 80
78 81
78 87
79 79
79 80
79 81
79 87
80 80
80 81
80 82
80 83
80 87
80 98
81 81
81 82
81 83
81 87
81 98
81 108
82 82
82 83
82 84
82 85
82 86
82 87
82 88
82 89
82 110
83 83
83 85
83 86
83 87
83 89
83 108
84 84
84 85
84 86
84 88
84 91
84 93
84 101
85 85
85 86
85 87
85 89
85 114
86 86
86 87
86 88
86 89
86 110
87 87
87 88
87 89
88 88
88 89
88 92
88 93
88 110
89 89
89 92
89 94
90 90
90 91
90 92
90 93
90 98
90 99
90 100
90 101
90 102
90 103
90 113
91 91
91 92
91 93
91 98
91 99
91 100
91 101
91 102
91 103
91 105
91 111
91 113
92 92
92 93
92 94
92 99
92 100
92 103
92 105
92 113
93 93
93 94
93 99
93 100
93 101
93 103
93 105
93 110
93 113
94 94
94 96
94 97
94 99
94 104
94 105
94 109
94 113
94 115
95 95
95 104
95 107
95 108
95 113
96 96
96 97
96 98
96 105
96 110
96 113
96 114
96 115
97 97
97 105
97 109
97 113
97 115
98 98
98 99
98 101
98 102
98 103
98 111
99 99
99 101
99 102
99 103
99 105
99 109
99 111
99 113
99 115
100 100
100 101
100 102
100 103
100 104
100 105
100 106
100 110
101 101
101 102
101 103
101 111
101 113
102 102
102 103
102 104
102 105
102 106
102 111
102 112
103 103
103 104
103 105
103 110
103 111
103 115
104 104
104 105
104 107
104 109
104 111
105 105
105 106
105 110
105 113
105 115
106 106
106 107
106 109
107 107
107 108
107 109
107 113
108 108
109 109
109 111
109 115
110 110
111 111
111 113
111 115
112 112
113 113
113 115
114 114
115 115
