0 0
0 1
0 17
0 19
0 32
0 34
0 39
0 44
0 45
0 47
0 52
0 54
0 56
0 57
0 58
0 59
0 66
0 68
0 69
0 96
0 106
0 111
1 1
1 16
1 17
1 18
1 19
1 32
1 34
1 37
1 42
1 43
1 44
1 45
1 46
1 47
1 48
1 49
1 51
1 52
1 53
1 55
1 56
1 57
1 59
1 66
1 68
1 69
1 76
1 77
1 79
1 80
1 98
1 99
1 101
1 103
1 106
1 111
1 112
2 2
2 3
2 4
2 6
2 7
2 8
2 9
2 12
2 14
2 22
2 23
2 24
2 26
2 27
2 38
2 60
2 64
2 83
2 87
2 88
2 89
2 92
2 93
3 3
3 6
3 7
3 9
3 13
3 15
3 22
3 23
3 24
3 25
3 30
3 31
3 62
3 63
3 64
3 71
3 83
3 90
3 92
4 4
4 5
4 8
4 9
4 10
4 11
4 12
4 13
4 14
4 20
4 21
4 22
4 23
4 26
4 27
4 34
4 35
4 38
4 39
4 58
4 65
4 67
4 73
4 91
4 92
4 93
4 106
4 110
5 5
5 7
5 9
5 10
5 11
5 12
5 13
5 20
5 21
5 23
5 24
5 25
5 26
5 27
5 31
5 34
5 35
5 37
5 39
5 45
5 58
5 65
5 66
5 67
5 70
5 71
5 77
5 92
5 94
5 105
5 110
5 114
5 115
6 6
6 7
6 12
6 20
6 22
6 23
6 24
6 25
6 30
6 31
6 32
6 33
6 50
6 51
6 62
6 64
7 7
7 8
7 9
7 11
7 12
7 13
7 15
7 20
7 22
7 23
7 24
7 25
7 30
7 31
7 35
7 53
7 64
7 65
7 67
7 71
7 90
7 92
8 8
8 9
8 10
8 11
8 12
8 13
8 14
8 15
8 22
8 23
8 26
8 27
8 36
8 38
8 58
8 60
8 61
8 64
8 65
8 73
8 82
8 83
8 84
8 86
8 87
8 88
8 89
8 91
8 92
8 93
8 97
8 106
9 9
9 10
9 11
9 12
9 13
9 14
9 15
9 22
9 23
9 27
9 58
9 60
9 61
9 64
9 65
9 82
9 83
9 86
9 87
9 88
9 89
9 91
9 92
9 97
10 10
10 11
10 12
10 13
10 14
10 15
10 20
10 26
10 27
10 34
10 35
10 37
10 38
10 39
10 58
10 60
10 61
10 65
10 89
10 91
10 92
10 93
10 96
10 97
10 110
11 11
11 12
11 13
11 14
11 15
11 23
11 34
11 41
11 58
11 60
11 61
11 63
11 65
11 75
11 89
11 92
11 95
12 12
12 13
12 14
12 15
12 20
12 21
12 23
12 24
12 26
12 27
12 38
12 41
12 58
12 60
12 61
12 64
12 65
12 88
12 92
12 93
13 13
13 14
13 15
13 23
13 58
13 60
13 61
13 63
13 65
13 71
13 75
13 86
13 88
13 89
13 92
13 95
13 114
14 14
14 15
14 22
14 23
14 26
14 38
14 58
14 60
14 61
14 62
14 63
14 64
14 65
14 75
14 82
14 83
14 86
14 87
14 88
14 89
14 92
14 93
14 108
15 15
15 22
15 23
15 28
15 29
15 60
15 61
15 62
15 63
15 64
15 65
15 72
15 73
15 75
15 82
15 83
15 84
15 86
15 87
15 88
15 92
16 16
16 17
16 28
16 29
16 32
16 33
16 36
16 56
16 57
16 62
16 63
16 72
16 76
16 78
16 79
16 80
16 81
16 84
16 85
17 17
17 19
17 28
17 29
17 32
17 33
17 36
17 42
17 56
17 57
17 63
17 68
17 72
17 73
17 75
17 76
17 78
17 79
17 80
17 81
17 84
17 98
17 99
18 18
18 19
18 28
18 29
18 30
18 32
18 49
18 51
18 52
18 53
18 57
18 62
18 68
18 69
18 72
18 76
18 77
18 79
18 80
18 81
18 82
18 84
18 90
18 98
18 99
18 100
18 101
18 102
18 103
18 111
18 112
19 19
19 32
19 33
19 56
19 57
19 68
19 69
19 71
19 79
19 80
19 81
19 102
19 104
19 105
19 109
19 111
19 115
20 20
20 21
20 23
20 24
20 25
20 26
20 27
20 31
20 34
20 35
20 38
20 45
20 67
20 70
20 71
20 94
20 105
20 110
20 114
20 115
21 21
21 24
21 25
21 26
21 27
21 31
21 36
21 38
21 40
21 70
21 78
21 88
21 96
21 113
22 22
22 23
22 24
22 25
22 26
22 27
22 30
22 64
22 65
22 74
22 82
22 83
22 87
22 88
22 89
22 92
22 93
23 23
23 24
23 25
23 26
23 27
23 30
23 31
23 60
23 63
23 64
23 65
23 83
23 87
23 88
23 90
23 91
23 92
23 93
23 113
24 24
24 25
24 26
24 27
24 30
24 31
24 33
24 35
24 64
25 25
25 26
25 27
25 30
25 31
25 33
25 35
25 64
25 67
26 26
26 27
26 34
26 35
26 38
26 39
26 58
26 65
26 91
26 93
26 96
26 97
26 106
26 108
26 110
27 27
27 34
27 38
27 39
27 58
27 64
27 65
27 87
27 88
27 91
27 93
27 96
27 97
27 105
27 106
28 28
28 29
28 30
28 32
28 36
28 40
28 62
28 72
28 73
28 74
28 75
28 78
28 79
28 80
28 81
28 82
28 83
28 84
28 85
28 86
28 87
28 108
28 109
29 29
29 30
29 31
29 32
29 33
29 36
29 62
29 72
29 73
29 75
29 76
29 78
29 79
29 80
29 81
29 83
29 84
29 85
29 99
29 100
29 101
29 108
30 30
30 31
30 32
30 33
30 36
30 40
30 62
30 64
30 72
30 74
30 75
30 76
30 80
30 81
30 82
30 83
30 84
31 31
31 32
31 33
31 62
31 64
31 73
31 75
31 113
31 114
32 32
32 33
32 44
32 49
32 50
32 53
32 56
32 57
32 62
32 72
32 79
32 80
32 81
32 99
32 102
32 111
32 112
33 33
33 35
33 62
33 63
33 72
33 79
33 80
33 81
34 34
34 35
34 37
34 38
34 39
34 45
34 58
34 61
34 65
34 66
34 67
34 77
34 94
34 110
34 114
35 35
35 45
35 65
35 67
36 36
36 38
36 40
36 41
36 55
36 57
36 68
36 72
36 78
36 79
36 80
36 81
36 82
36 83
36 84
36 85
36 86
36 87
36 96
36 97
36 99
36 106
36 108
37 37
37 38
37 39
37 41
37 45
37 71
37 75
37 76
37 77
37 95
37 104
37 110
37 114
38 38
38 39
38 40
38 41
38 55
38 58
38 65
38 78
38 85
38 86
38 87
38 88
38 89
38 93
38 96
38 97
38 108
39 39
39 43
39 45
39 47
39 54
39 55
39 58
39 59
39 65
39 66
39 67
39 89
39 94
39 95
39 96
39 97
39 104
39 105
39 110
39 114
40 40
40 41
40 46
40 57
40 68
40 72
40 74
40 76
40 82
40 83
40 84
40 85
40 96
40 99
40 108
41 41
41 54
41 60
41 72
41 73
41 74
41 75
41 76
41 95
42 42
42 43
42 44
42 45
42 46
42 47
42 48
42 49
42 50
42 55
42 72
42 76
42 77
42 78
42 79
42 80
42 81
42 96
42 98
42 99
42 111
42 112
43 43
43 44
43 45
43 46
43 47
43 48
43 49
43 50
43 55
43 77
43 78
43 95
43 96
43 98
43 110
43 112
44 44
44 45
44 46
44 47
44 48
44 49
44 50
44 55
44 56
44 57
44 59
44 66
44 71
44 77
44 79
44 94
44 96
44 98
44 109
44 110
44 111
44 112
45 45
45 46
45 47
45 48
45 49
45 56
45 66
45 67
45 71
45 76
45 77
45 94
45 96
45 98
45 110
45 111
45 112
46 46
46 47
46 48
46 49
46 50
46 51
46 53
46 54
46 55
46 56
46 96
46 98
46 99
46 109
46 111
46 112
47 47
47 48
47 49
47 55
47 56
47 57
47 66
47 68
47 69
47 77
47 96
47 98
47 99
47 104
47 109
47 110
47 111
48 48
48 49
48 50
48 51
48 52
48 53
48 54
48 55
48 59
48 66
48 67
48 71
48 90
48 94
48 95
48 98
48 103
48 104
48 109
48 110
48 112
49 49
49 50
49 51
49 52
49 53
49 54
49 55
49 59
49 62
49 70
49 90
49 98
49 99
49 109
49 111
49 112
50 50
50 51
50 52
50 53
50 54
50 59
50 62
50 66
50 70
50 90
50 98
50 100
50 103
50 111
50 112
51 51
51 52
51 53
51 54
51 55
51 59
51 62
51 90
51 98
51 99
51 100
51 103
51 111
51 112
52 52
52 53
52 54
52 55
52 59
52 66
52 90
52 98
52 99
52 100
52 101
52 103
53 53
53 71
53 77
53 90
53 98
53 99
53 102
53 103
53 104
53 111
53 112
54 54
54 55
54 59
54 66
54 98
54 99
54 102
54 112
55 55
55 57
55 59
55 68
55 78
55 85
55 87
55 96
55 97
55 98
55 106
55 107
55 108
56 56
56 57
56 59
56 66
56 68
56 69
56 76
56 79
56 80
56 81
56 99
57 57
57 59
57 68
57 69
57 79
57 80
57 81
57 98
57 99
57 107
58 58
58 59
58 60
58 61
58 65
58 66
58 67
58 88
58 89
58 91
58 92
58 93
58 96
58 97
58 105
58 106
58 107
58 110
59 59
59 61
59 66
59 89
59 98
59 102
59 103
59 104
59 112
60 60
60 61
60 63
60 64
60 65
60 86
60 87
60 88
60 89
60 92
60 93
61 61
61 63
61 65
61 75
61 86
61 88
61 89
61 92
61 95
62 62
62 63
62 64
62 72
62 73
62 74
62 80
62 81
62 82
62 83
62 84
62 90
63 63
63 64
63 72
63 74
63 75
63 83
63 86
63 88
64 64
64 83
64 85
64 87
64 88
64 89
65 65
65 66
65 67
65 88
65 89
65 92
65 94
65 110
66 66
66 67
66 69
66 94
66 103
66 104
66 105
66 110
66 112
66 114
67 67
67 71
67 94
67 102
67 103
67 104
67 105
67 110
67 114
67 115
68 68
68 69
68 79
68 80
68 81
68 85
68 96
68 97
68 99
68 103
68 106
68 107
69 69
69 79
69 89
69 97
69 103
69 104
69 105
69 106
69 107
69 115
70 70
70 71
70 73
70 77
70 90
70 110
70 111
70 113
71 71
71 76
71 77
71 90
71 94
71 95
71 102
71 103
71 104
71 105
71 110
71 111
71 112
71 114
71 115
72 72
72 73
72 74
72 75
72 76
72 77
72 78
72 79
72 80
72 81
72 82
72 83
72 84
72 98
72 99
73 73
73 74
73 75
73 76
73 84
73 90
73 91
73 92
74 74
74 75
74 76
74 80
74 83
74 84
75 75
75 76
75 77
75 80
75 82
75 83
75 92
75 100
75 108
76 76
76 77
76 79
76 80
76 98
76 99
76 110
77 77
77 99
77 110
77 111
78 78
78 79
78 80
78 81
78 84
78 85
78 87
78 96
78 108
79 79
79 80
79 81
79 84
79 85
79 99
80 80
80 81
80 82
80 83
80 84
80 99
80 101
80 109
80 111
81 81
81 83
81 84
81 85
81 98
81 99
82 82
82 83
82 84
82 86
82 87
82 88
82 89
82 93
82 97
82 101
82 108
82 109
83 83
83 84
83 85
83 86
83 87
83 88
83 108
84 84
84 85
84 86
84 87
84 88
84 101
85 85
85 87
85 88
85 96
85 97
85 99
85 101
85 106
85 107
86 86
86 87
86 88
86 93
86 97
87 87
87 88
87 89
87 92
87 93
87 97
87 108
88 88
88 89
88 92
88 93
88 97
88 107
89 89
89 92
89 93
89 96
89 97
90 90
90 91
90 92
90 98
90 99
90 100
90 102
90 103
90 111
90 113
91 91
91 92
91 93
91 94
91 97
91 101
91 105
91 107
91 108
91 115
92 92
92 93
92 105
92 107
92 115
93 93
93 97
93 101
93 103
93 105
93 106
93 107
93 108
94 94
94 95
94 97
94 104
94 105
94 109
94 110
94 114
94 115
95 95
95 102
95 104
95 109
95 110
95 113
95 114
95 115
96 96
96 97
96 98
96 107
96 108
96 110
97 97
97 104
97 107
97 108
97 109
98 98
98 99
98 100
98 101
98 102
98 103
98 111
98 112
99 99
99 100
99 101
99 102
99 103
99 104
99 111
99 112
99 113
99 115
100 100
100 102
100 103
101 101
101 103
101 108
101 111
102 102
102 103
102 111
102 112
102 115
103 103
103 107
103 111
103 112
104 104
104 105
104 109
104 110
104 111
104 112
104 114
104 115
105 105
105 109
105 110
105 115
106 106
106 107
106 108
107 107
107 115
108 108
108 109
109 109
110 110
110 111
110 114
110 115
111 111
111 112
111 113
111 114
111 115
112 112
113 113
113 114
113 115
114 114
114 115
115 115
