0 0
0 1
0 10
0 11
0 16
0 17
0 18
0 32
0 44
0 52
0 53
0 56
0 57
0 58
0 59
0 62
0 63
0 68
0 78
0 80
0 81
0 87
0 101
0 106
0 115
1 1
1 10
1 14
1 16
1 17
1 32
1 44
1 48
1 49
1 51
1 52
1 53
1 56
1 57
1 58
1 59
1 68
1 69
1 78
1 79
1 80
1 81
1 111
1 112
1 113
1 115
2 2
2 4
2 6
2 8
2 9
2 10
2 12
2 22
2 27
2 30
2 35
2 42
2 50
2 60
2 64
2 65
2 67
2 88
2 94
2 113
2 114
2 115
3 3
3 5
3 6
3 7
3 9
3 22
3 23
3 24
3 25
3 27
3 30
3 31
3 34
3 35
3 64
3 65
3 67
3 82
3 84
3 86
3 88
3 91
3 92
3 93
4 4
4 8
4 9
4 10
4 12
4 13
4 21
4 26
4 34
4 35
4 58
4 60
4 66
4 67
4 75
4 106
5 5
5 6
5 7
5 9
5 22
5 23
5 24
5 25
5 26
5 27
5 31
5 35
5 53
5 64
5 65
5 67
5 88
5 91
5 92
5 93
5 104
5 105
5 107
6 6
6 8
6 9
6 22
6 23
6 25
6 27
6 30
6 64
6 74
6 82
6 84
6 86
6 87
6 88
6 91
6 92
6 93
6 94
6 104
6 105
6 106
6 114
6 115
7 7
7 9
7 10
7 11
7 12
7 13
7 15
7 31
7 35
7 59
7 60
7 61
7 63
7 65
7 67
7 74
7 75
7 92
7 100
8 8
8 9
8 10
8 11
8 12
8 13
8 14
8 22
8 56
8 57
8 58
8 60
8 64
8 65
8 86
8 88
8 92
8 93
9 9
9 11
9 12
9 13
9 22
9 23
9 27
9 30
9 35
9 60
9 61
9 64
9 65
9 67
9 88
9 89
9 92
9 93
10 10
10 11
10 12
10 13
10 14
10 15
10 16
10 17
10 18
10 28
10 52
10 58
10 60
10 61
10 62
10 63
10 73
10 74
10 75
10 78
10 80
10 81
10 114
10 115
11 11
11 12
11 13
11 14
11 15
11 17
11 28
11 52
11 58
11 59
11 60
11 61
11 62
11 63
11 65
11 71
11 72
11 74
11 75
11 83
11 100
12 12
12 13
12 14
12 15
12 17
12 28
12 34
12 35
12 58
12 60
12 61
12 62
12 63
12 72
12 74
12 75
12 81
13 13
13 14
13 15
13 17
13 21
13 28
13 29
13 34
13 35
13 37
13 58
13 59
13 60
13 61
13 62
13 63
13 65
13 71
13 72
13 83
13 100
14 14
14 15
14 19
14 28
14 58
14 60
14 72
14 74
14 76
14 82
14 83
14 86
15 15
15 17
15 18
15 21
15 28
15 29
15 32
15 36
15 37
15 38
15 39
15 44
15 45
15 48
15 49
15 52
15 54
15 58
15 59
15 60
15 61
15 62
15 63
15 71
15 73
15 76
15 81
15 83
15 96
15 101
15 102
16 16
16 17
16 18
16 29
16 32
16 41
16 46
16 52
16 54
16 56
16 57
16 62
16 63
16 68
16 73
16 75
16 77
16 78
16 79
16 80
16 81
16 89
16 112
16 114
17 17
17 18
17 29
17 32
17 37
17 44
17 46
17 52
17 54
17 56
17 57
17 58
17 59
17 61
17 62
17 63
17 68
17 69
17 73
17 78
17 79
17 80
17 81
17 101
18 18
18 29
18 32
18 33
18 36
18 38
18 54
18 56
18 61
18 62
18 63
18 68
18 76
18 78
18 80
18 81
18 83
18 95
18 99
18 101
18 102
19 19
19 22
19 23
19 24
19 25
19 33
19 34
19 68
19 69
19 76
19 77
19 82
19 84
19 86
19 90
19 91
19 93
19 109
20 20
20 21
20 28
20 38
20 39
20 44
20 49
20 51
20 53
20 70
20 71
20 72
20 80
20 81
20 83
20 96
20 97
20 101
21 21
21 28
21 29
21 35
21 37
21 38
21 39
21 44
21 48
21 55
21 59
21 61
21 66
21 71
21 72
21 81
21 83
21 96
21 101
22 22
22 23
22 24
22 25
22 27
22 30
22 64
22 65
22 69
22 82
22 84
22 85
22 86
22 88
22 89
22 91
22 92
22 93
22 94
22 105
22 110
23 23
23 24
23 25
23 27
23 30
23 31
23 34
23 64
23 65
23 82
23 84
23 85
23 86
23 88
23 89
23 90
23 91
23 92
23 93
23 105
23 109
23 110
24 24
24 25
24 27
24 30
24 31
24 47
24 64
24 69
24 82
24 84
24 85
24 86
24 88
24 89
24 90
24 91
24 92
24 93
24 97
24 98
24 105
24 107
24 109
24 110
25 25
25 27
25 30
25 31
25 35
25 47
25 64
25 65
25 67
25 77
25 82
25 84
25 85
25 86
25 88
25 89
25 91
25 92
25 93
25 109
25 110
26 26
26 27
26 53
26 66
26 67
26 107
27 27
27 30
27 31
27 64
27 65
27 67
27 69
27 84
27 85
27 86
27 88
27 91
27 92
27 93
27 94
27 105
27 107
27 110
27 113
27 114
28 28
28 31
28 36
28 37
28 39
28 55
28 58
28 62
28 70
28 72
28 76
28 80
28 81
28 82
28 83
28 96
28 97
28 105
28 107
29 29
29 33
29 36
29 37
29 38
29 40
29 41
29 44
29 45
29 52
29 54
29 55
29 58
29 59
29 61
29 62
29 63
29 66
29 68
29 71
29 73
29 75
29 76
29 77
29 79
29 80
29 81
29 83
29 96
29 98
29 101
29 102
30 30
30 31
30 34
30 35
30 40
30 47
30 64
30 65
30 67
30 70
30 82
30 86
30 88
30 92
30 93
31 31
31 34
31 35
31 36
31 47
31 60
31 64
31 65
31 67
31 70
31 71
31 72
31 76
31 82
31 83
31 86
32 32
32 33
32 37
32 38
32 39
32 44
32 56
32 57
32 59
32 62
32 68
32 78
32 79
32 80
32 81
32 83
32 87
32 95
32 97
32 99
32 108
32 109
32 111
33 33
33 36
33 44
33 45
33 62
33 68
33 76
33 78
33 80
33 81
33 82
33 83
33 87
33 95
33 108
34 34
34 35
34 60
34 65
34 67
34 70
34 92
34 93
34 100
34 107
35 35
35 60
35 65
35 66
35 67
35 70
35 71
35 72
36 36
36 37
36 38
36 39
36 40
36 41
36 54
36 55
36 62
36 63
36 66
36 71
36 73
36 74
36 76
36 77
36 80
36 81
36 83
36 96
36 98
36 99
36 101
36 102
37 37
37 38
37 39
37 41
37 54
37 55
37 58
37 59
37 62
37 72
37 76
37 80
37 81
37 83
37 96
37 97
37 98
37 99
37 101
37 102
38 38
38 39
38 41
38 54
38 55
38 62
38 71
38 73
38 74
38 76
38 83
38 95
38 96
38 98
38 99
38 101
38 102
39 39
39 41
39 55
39 70
39 71
39 72
39 74
39 76
39 83
39 95
39 96
39 97
39 98
39 99
39 102
39 108
39 109
40 40
40 41
40 54
40 73
40 75
40 76
40 77
40 79
41 41
41 43
41 44
41 45
41 46
41 54
41 55
41 61
41 62
41 63
41 73
41 77
41 98
41 101
41 102
41 111
42 42
42 43
42 46
42 47
42 50
42 54
42 78
42 94
42 97
42 110
42 114
43 43
43 44
43 45
43 46
43 47
43 49
43 50
43 51
43 54
43 66
43 95
43 97
43 98
43 102
43 110
43 113
43 115
44 44
44 45
44 46
44 48
44 49
44 50
44 51
44 54
44 55
44 57
44 59
44 62
44 63
44 66
44 80
44 81
44 83
44 95
44 96
44 98
44 101
44 102
44 108
44 115
45 45
45 46
45 48
45 49
45 50
45 54
45 55
45 59
45 62
45 63
45 66
45 67
45 77
45 83
45 95
45 96
45 101
45 102
45 108
45 115
46 46
46 49
46 50
46 51
46 52
46 53
46 54
46 55
46 57
46 78
46 79
46 80
46 81
46 87
46 89
46 94
46 97
46 98
46 111
46 112
46 114
46 115
47 47
47 55
47 66
47 90
47 96
47 97
47 98
47 99
47 109
47 110
48 48
48 49
48 50
48 51
48 52
48 54
48 58
48 59
48 66
48 78
48 95
48 96
48 98
48 101
48 108
49 49
49 50
49 51
49 52
49 53
49 54
49 55
49 59
49 66
49 81
49 83
49 95
49 96
49 98
49 99
49 101
49 102
49 111
50 50
50 51
50 52
50 54
50 59
50 66
50 78
50 89
50 95
50 103
50 108
50 113
50 115
51 51
51 52
51 53
51 54
51 55
51 59
51 90
51 98
51 101
51 111
52 52
52 53
52 54
52 58
52 59
52 61
52 62
52 63
52 73
52 75
52 78
52 80
52 81
52 89
52 104
53 53
53 68
53 69
53 73
53 90
53 91
53 94
53 104
53 105
53 106
53 111
53 112
54 54
54 55
54 59
54 62
54 66
54 73
54 76
54 77
54 79
54 80
54 81
54 83
54 95
54 96
54 98
54 101
54 102
55 55
55 59
55 66
55 80
55 81
55 83
55 96
55 98
55 99
55 101
55 102
56 56
56 57
56 58
56 68
56 78
56 79
56 80
56 81
56 99
56 101
57 57
57 68
57 78
57 79
57 80
57 81
57 108
57 111
57 112
57 115
58 58
58 59
58 60
58 61
58 62
58 63
58 80
58 81
58 101
59 59
59 61
59 62
59 63
59 66
59 80
59 81
59 83
59 101
59 102
60 60
60 61
60 62
60 63
60 64
60 65
60 74
60 75
61 61
61 62
61 63
61 65
61 73
61 75
61 76
61 77
61 83
61 101
62 62
62 63
62 76
62 80
62 81
62 83
62 87
62 101
62 102
63 63
63 73
63 75
63 76
63 80
63 81
63 83
63 101
64 64
64 65
64 74
64 82
64 84
64 86
64 88
64 89
64 91
64 92
64 93
64 109
65 65
65 67
65 75
65 86
65 88
65 89
65 92
65 93
65 100
66 66
66 67
66 77
66 83
66 96
66 101
66 102
66 103
67 67
67 88
67 92
67 103
67 110
68 68
68 69
68 77
68 78
68 79
68 80
68 81
68 90
68 99
68 101
69 69
69 79
69 80
69 84
69 90
69 91
69 93
69 94
69 97
69 104
69 105
69 106
69 107
69 112
70 70
70 71
70 72
70 74
70 109
71 71
71 72
71 74
71 76
71 83
71 95
71 96
71 108
71 109
72 72
72 74
72 76
72 81
72 82
72 96
72 97
72 109
73 73
73 74
73 75
73 76
73 77
73 102
74 74
74 75
74 76
74 82
75 75
75 76
75 77
76 76
76 77
76 82
76 83
76 95
76 96
76 99
76 101
76 102
76 109
77 77
77 79
77 83
77 90
77 95
77 101
77 102
77 109
78 78
78 79
78 80
78 81
78 87
78 94
78 106
78 111
78 113
78 114
78 115
79 79
79 80
79 81
79 96
79 97
80 80
80 81
80 83
80 87
80 98
80 99
80 104
80 106
80 114
81 81
81 83
81 96
81 98
81 99
81 101
82 82
82 83
82 84
82 86
82 88
82 93
82 109
83 83
83 98
83 101
83 102
84 84
84 85
84 86
84 87
84 88
84 91
84 93
84 94
84 105
84 114
85 85
85 86
85 87
85 88
85 89
85 94
85 97
86 86
86 87
86 88
86 89
86 91
86 92
86 93
87 87
87 94
87 104
87 106
87 108
87 113
87 114
87 115
88 88
88 89
88 91
88 92
88 93
88 105
88 110
89 89
89 91
89 92
89 93
89 111
89 112
89 113
90 90
90 91
90 92
90 93
90 98
90 99
90 100
90 104
90 105
90 107
90 111
90 112
91 91
91 92
91 93
91 94
91 103
91 104
91 105
91 106
91 111
91 112
91 114
92 92
92 93
92 100
92 104
92 105
92 106
92 107
92 111
92 112
93 93
93 100
93 105
93 107
93 112
94 94
94 97
94 103
94 104
94 105
94 106
94 107
94 113
94 114
94 115
95 95
95 96
95 97
95 101
95 102
95 103
95 108
95 109
95 110
95 111
95 113
95 115
96 96
96 97
96 98
96 99
96 108
96 109
96 110
97 97
97 98
97 99
97 104
97 105
97 108
97 109
97 110
98 98
98 99
98 101
98 102
98 110
98 112
99 99
99 101
99 102
99 109
99 110
100 100
100 101
100 102
100 104
100 105
100 106
100 107
101 101
101 102
101 103
102 102
102 103
103 103
103 104
103 105
103 106
103 107
103 110
103 113
103 114
103 115
104 104
104 105
104 106
104 107
104 113
104 114
104 115
105 105
105 106
105 107
105 114
105 115
106 106
106 107
106 112
106 113
106 114
106 115
107 107
108 108
108 109
108 111
108 113
108 115
109 109
109 110
110 110
111 111
111 112
111 113
111 115
112 112
113 113
113 114
113 115
114 114
114 115
115 115
