0 0
0 1
0 10
0 16
0 17
0 18
0 19
0 32
0 56
0 57
0 58
0 60
0 61
0 62
0 63
0 68
0 80
0 81
0 84
0 85
0 88
0 89
0 115
1 1
1 10
1 11
1 12
1 13
1 16
1 17
1 19
1 32
1 33
1 55
1 56
1 57
1 60
1 61
1 62
1 63
1 68
1 78
1 80
1 81
1 84
1 85
1 88
1 89
1 115
2 2
2 3
2 4
2 5
2 6
2 7
2 18
2 22
2 23
2 24
2 50
2 64
2 88
3 3
3 7
3 18
3 19
3 22
3 23
4 4
4 5
4 6
4 8
4 22
4 23
4 24
4 25
4 26
4 27
4 48
4 76
4 77
4 110
5 5
5 6
5 20
5 22
5 23
5 24
5 25
5 26
5 27
5 35
5 42
5 54
5 104
5 110
6 6
6 7
6 9
6 22
6 23
6 24
6 25
6 35
6 52
6 53
6 70
6 75
6 76
6 77
6 91
6 92
6 93
6 100
6 101
6 102
6 103
6 104
7 7
7 9
7 12
7 13
7 14
7 15
7 22
7 23
7 25
7 31
7 64
7 65
7 70
7 73
7 74
7 76
7 77
7 82
7 83
7 92
7 93
8 8
8 14
8 23
8 64
8 93
9 9
9 14
9 15
9 20
9 21
9 28
9 29
9 31
9 36
9 37
9 39
9 40
9 41
9 70
9 71
9 73
9 75
9 76
9 77
9 82
9 83
9 90
9 91
9 92
9 93
9 94
9 95
9 100
9 101
9 102
9 103
9 108
9 113
10 10
10 11
10 12
10 13
10 14
10 16
10 17
10 28
10 33
10 40
10 60
10 62
10 63
10 64
10 65
10 74
10 80
10 81
10 82
10 84
10 85
10 114
10 115
11 11
11 12
11 13
11 14
11 15
11 16
11 17
11 19
11 28
11 29
11 31
11 40
11 41
11 62
11 65
11 73
11 74
11 80
11 81
11 82
11 83
11 84
11 85
11 115
12 12
12 13
12 14
12 16
12 17
12 28
12 33
12 34
12 60
12 62
12 63
12 64
12 65
12 80
12 81
12 84
12 85
12 115
13 13
13 14
13 16
13 17
13 19
13 28
13 29
13 31
13 36
13 40
13 41
13 60
13 62
13 63
13 65
13 72
13 73
13 74
13 79
13 80
13 81
13 82
13 83
13 115
14 14
14 15
14 17
14 28
14 30
14 31
14 36
14 40
14 64
14 65
14 74
14 75
14 82
14 83
14 93
14 113
15 15
15 25
15 30
15 31
15 36
15 37
15 39
15 40
15 41
15 65
15 71
15 73
15 75
15 82
15 83
15 92
16 16
16 17
16 28
16 32
16 33
16 56
16 57
16 60
16 61
16 62
16 63
16 68
16 78
16 80
16 81
16 84
16 85
16 88
17 17
17 19
17 28
17 29
17 32
17 33
17 40
17 56
17 57
17 60
17 62
17 63
17 65
17 72
17 74
17 78
17 80
17 81
17 84
17 114
17 115
18 18
18 19
19 19
19 29
19 80
19 81
19 83
20 20
20 21
20 24
20 25
20 26
20 27
20 35
20 36
20 37
20 38
20 39
20 41
20 42
20 45
20 52
20 53
20 70
20 71
20 73
20 75
20 76
20 77
20 90
20 91
20 92
20 93
20 95
20 100
20 101
20 102
20 103
20 104
20 108
20 109
20 110
20 111
20 112
20 113
21 21
21 26
21 27
21 42
21 45
21 70
21 71
21 77
21 90
21 91
21 92
21 95
21 103
21 104
21 109
22 22
22 23
22 24
22 25
22 34
22 35
22 64
22 86
22 88
22 93
23 23
23 24
23 25
23 30
23 31
23 35
23 39
23 70
23 71
23 75
23 76
23 77
23 82
23 91
23 92
23 93
23 101
23 109
24 24
24 25
24 30
24 31
24 35
24 36
24 37
24 70
24 71
24 75
24 76
24 77
24 91
24 92
24 93
24 100
24 101
24 102
24 103
24 104
24 109
24 110
24 113
25 25
25 30
25 31
25 35
25 36
25 37
25 39
25 70
25 71
25 75
25 76
25 77
25 82
25 83
25 92
25 93
25 108
25 109
26 26
26 27
26 52
26 53
26 54
26 90
26 102
26 103
26 104
26 106
27 27
27 42
27 90
27 91
27 102
27 104
28 28
28 29
28 31
28 36
28 40
28 72
28 80
28 81
28 82
28 83
29 29
29 31
29 36
29 37
29 40
29 41
29 72
29 73
29 74
29 78
29 79
29 80
29 81
29 83
29 94
29 112
30 30
30 31
30 35
30 37
30 71
30 75
30 76
30 83
30 93
30 100
30 109
31 31
31 35
31 36
31 37
31 41
31 71
31 73
31 74
31 75
31 76
31 77
31 82
31 83
31 92
31 93
31 95
31 100
31 109
32 32
32 33
32 55
32 56
32 57
32 58
32 60
32 61
32 62
32 63
32 66
32 68
32 69
32 78
32 79
32 80
32 81
32 84
32 85
32 86
32 88
32 89
32 97
32 99
32 115
33 33
33 34
33 56
33 57
33 60
33 61
33 62
33 63
33 65
33 68
33 69
33 78
33 79
33 80
33 81
33 84
33 115
34 34
34 50
34 60
34 64
34 79
34 84
34 85
34 88
35 35
35 37
35 45
35 53
35 70
35 71
35 75
35 76
35 77
35 90
35 91
35 92
35 93
35 100
35 101
35 102
35 103
35 104
35 105
35 109
35 110
36 36
36 37
36 38
36 39
36 40
36 41
36 70
36 71
36 72
36 73
36 74
36 75
36 76
36 77
36 82
36 83
36 92
36 93
36 94
36 95
36 100
36 101
36 102
36 103
36 108
36 109
36 113
36 114
37 37
37 38
37 39
37 40
37 41
37 70
37 71
37 73
37 74
37 75
37 76
37 77
37 82
37 83
37 91
37 92
37 93
37 94
37 95
37 100
37 101
37 102
37 103
37 104
37 105
37 108
37 109
37 112
37 113
38 38
38 39
38 40
38 41
38 72
38 94
38 109
39 39
39 40
39 41
39 42
39 70
39 71
39 73
39 75
39 76
39 77
39 83
39 90
39 91
39 92
39 93
39 94
39 95
39 100
39 101
39 102
39 103
39 108
39 109
39 110
39 111
39 112
39 113
40 40
40 41
40 70
40 72
40 73
40 74
40 75
40 82
40 83
40 94
40 113
40 115
41 41
41 70
41 71
41 72
41 73
41 74
41 75
41 76
41 77
41 82
41 83
41 93
41 94
41 95
41 100
41 101
41 102
41 103
41 108
41 109
41 112
41 113
42 42
42 43
42 44
42 45
42 46
42 47
42 49
42 67
42 75
42 76
42 90
42 91
42 92
42 95
42 98
42 102
42 103
42 109
42 110
42 111
42 112
43 43
43 44
43 45
43 46
43 47
43 48
43 49
43 55
43 58
43 59
43 66
43 67
43 68
43 96
43 97
43 98
43 99
43 111
44 44
44 45
44 46
44 47
44 48
44 49
44 66
44 67
44 90
44 96
44 97
44 98
44 109
44 110
44 111
45 45
45 47
45 49
45 67
45 90
45 98
45 111
46 46
46 47
46 48
46 49
46 51
46 55
46 56
46 57
46 58
46 59
46 66
46 68
46 69
46 78
46 84
46 85
46 89
46 96
46 97
46 98
46 99
47 47
47 48
47 49
47 55
47 67
47 96
47 97
47 98
47 99
47 110
47 111
48 48
48 49
48 50
48 51
48 54
48 55
48 58
48 59
48 66
48 86
48 96
48 99
49 49
49 50
49 51
49 54
49 55
49 56
49 57
49 58
49 59
49 66
49 67
49 68
49 89
49 96
49 97
49 98
49 99
50 50
50 51
50 55
50 64
50 84
50 85
50 88
50 89
50 96
51 51
51 54
51 55
51 56
51 57
51 58
51 59
51 61
51 89
51 98
51 99
52 52
52 53
52 70
52 71
52 76
52 77
52 90
52 91
52 92
52 93
52 104
52 109
53 53
53 70
53 71
53 76
53 77
53 90
53 91
53 92
53 93
53 101
53 103
53 104
53 109
54 54
54 55
54 56
54 58
54 59
54 66
54 88
54 89
54 96
54 97
54 98
54 99
55 55
55 56
55 57
55 58
55 59
55 61
55 62
55 63
55 66
55 68
55 69
55 78
55 79
55 84
55 85
55 88
55 89
55 96
55 97
55 98
55 99
56 56
56 57
56 58
56 59
56 60
56 61
56 62
56 63
56 66
56 68
56 69
56 78
56 80
56 81
56 84
56 85
56 88
56 89
56 98
56 99
57 57
57 58
57 59
57 60
57 61
57 62
57 63
57 66
57 68
57 69
57 78
57 79
57 80
57 81
57 84
57 85
57 88
57 89
57 98
57 99
58 58
58 59
58 60
58 61
58 63
58 66
58 67
58 68
58 69
58 84
58 88
58 89
58 96
58 97
58 98
58 99
59 59
59 61
59 66
59 67
59 68
59 69
59 88
59 89
59 96
59 97
59 98
59 99
60 60
60 61
60 62
60 63
60 64
60 65
60 68
60 69
60 78
60 79
60 80
60 81
60 84
60 85
60 88
60 89
60 115
61 61
61 62
61 63
61 65
61 68
61 69
61 80
61 81
61 84
61 85
61 88
61 89
62 62
62 63
62 64
62 68
62 69
62 78
62 79
62 80
62 81
62 84
62 85
62 88
62 89
62 115
63 63
63 68
63 69
63 78
63 79
63 80
63 81
63 84
63 85
63 88
63 89
63 115
64 64
64 65
64 84
64 88
65 65
65 82
66 66
66 67
66 68
66 69
66 88
66 89
66 96
66 97
66 98
66 99
67 67
67 68
67 69
67 87
67 96
67 97
67 110
68 68
68 69
68 78
68 79
68 80
68 81
68 84
68 85
68 88
68 89
68 96
68 97
68 98
68 99
69 69
69 78
69 89
69 96
69 97
69 98
69 99
70 70
70 71
70 72
70 73
70 74
70 75
70 76
70 77
70 83
70 90
70 91
70 92
70 93
70 95
70 100
70 101
70 102
70 103
70 104
70 109
70 112
70 113
71 71
71 73
71 74
71 75
71 76
71 77
71 83
71 90
71 91
71 92
71 93
71 95
71 100
71 101
71 102
71 103
71 104
71 109
71 110
71 111
71 112
72 72
72 73
72 74
72 112
73 73
73 74
73 75
73 76
73 77
73 82
73 83
73 91
73 92
73 93
73 94
73 95
73 100
73 101
73 102
73 103
73 108
73 109
73 112
73 113
74 74
74 75
74 76
74 77
74 82
74 83
74 93
74 109
75 75
75 76
75 77
75 82
75 83
75 90
75 91
75 92
75 93
75 94
75 95
75 100
75 101
75 102
75 103
75 108
75 109
75 111
75 112
75 113
76 76
76 77
76 82
76 83
76 90
76 91
76 92
76 93
76 95
76 100
76 101
76 102
76 103
76 104
76 105
76 109
76 110
76 111
76 112
76 113
77 77
77 82
77 83
77 90
77 91
77 92
77 93
77 95
77 100
77 101
77 102
77 103
77 104
77 105
77 106
77 109
77 110
77 112
77 113
78 78
78 79
78 80
78 81
78 84
78 85
78 96
78 97
78 98
78 99
79 79
79 80
79 81
79 115
80 80
80 81
80 84
80 85
80 114
80 115
81 81
81 84
81 85
81 115
82 82
82 83
82 92
82 93
83 83
83 91
83 92
83 93
83 94
83 95
83 100
83 108
83 109
83 112
83 113
84 84
84 85
84 86
84 88
84 89
84 96
84 97
84 98
84 99
85 85
85 88
85 89
85 96
85 97
85 98
85 99
86 86
86 87
87 87
88 88
88 89
89 89
89 96
89 98
89 99
90 90
90 91
90 92
90 93
90 95
90 100
90 101
90 102
90 103
90 104
90 109
90 110
90 111
90 112
91 91
91 92
91 93
91 95
91 100
91 101
91 102
91 103
91 104
91 109
91 110
91 111
91 112
91 113
92 92
92 93
92 95
92 100
92 101
92 102
92 103
92 104
92 105
92 108
92 109
92 110
92 111
92 112
92 113
93 93
93 95
93 100
93 101
93 102
93 103
93 104
93 108
93 109
93 112
93 113
94 94
94 95
94 105
94 108
94 109
94 112
94 113
95 95
95 100
95 101
95 102
95 103
95 104
95 108
95 109
95 111
95 112
95 113
96 96
96 97
96 98
96 99
97 97
97 98
97 99
98 98
98 99
98 111
99 99
100 100
100 101
100 102
100 103
100 104
100 108
100 109
100 111
100 112
100 113
101 101
101 102
101 103
101 104
101 105
101 108
101 109
101 111
101 112
101 113
102 102
102 103
102 104
102 108
102 109
102 111
102 112
102 113
103 103
103 104
103 105
103 108
103 109
103 111
103 112
103 113
104 104
104 105
104 106
104 107
104 109
104 112
104 113
105 105
105 106
105 107
105 113
105 114
105 115
106 106
106 107
107 107
108 108
108 111
108 112
108 113
109 109
109 110
109 111
109 112
110 110
110 111
110 112
111 111
111 112
112 112
112 113
113 113
113 114
113 115
114 114
114 115
115 115
