0 0
0 1
0 10
0 12
0 14
0 16
0 17
0 18
0 19
0 46
0 51
0 52
0 53
0 54
0 56
0 57
0 58
0 59
0 62
0 63
0 68
0 78
0 88
0 93
0 99
0 101
0 103
0 104
0 112
1 1
1 16
1 17
1 19
1 32
1 33
1 54
1 56
1 57
1 59
1 61
1 68
1 69
1 78
1 89
1 101
1 103
1 111
1 112
2 2
2 4
2 6
2 7
2 8
2 12
2 13
2 18
2 20
2 22
2 23
2 24
2 26
2 27
2 58
2 60
2 64
2 65
2 70
2 75
2 88
2 90
2 91
2 93
2 95
2 108
2 114
3 3
3 4
3 5
3 7
3 9
3 15
3 20
3 21
3 22
3 23
3 24
3 25
3 26
3 27
3 31
3 33
3 34
3 35
3 39
3 64
3 65
3 67
3 69
3 71
3 83
3 85
3 87
3 92
3 110
4 4
4 5
4 6
4 7
4 8
4 9
4 13
4 15
4 23
4 24
4 25
4 26
4 65
4 85
4 88
4 89
4 90
4 91
4 92
4 102
4 103
5 5
5 7
5 9
5 15
5 20
5 23
5 24
5 25
5 26
5 27
5 34
5 35
5 65
5 66
5 67
5 68
5 69
5 84
5 85
5 87
5 92
5 94
5 103
5 105
5 110
6 6
6 7
6 8
6 9
6 10
6 11
6 12
6 13
6 14
6 15
6 18
6 22
6 23
6 24
6 26
6 27
6 41
6 58
6 60
6 64
6 65
6 70
6 73
6 74
6 75
6 85
6 88
6 90
6 91
6 93
6 105
6 114
7 7
7 8
7 9
7 13
7 15
7 23
7 24
7 25
7 26
7 31
7 34
7 35
7 64
7 65
7 67
7 71
7 85
7 90
7 92
8 8
8 9
8 11
8 12
8 13
8 14
8 15
8 26
8 53
8 58
8 60
8 70
8 88
8 89
8 90
8 91
8 93
9 9
9 13
9 15
9 23
9 25
9 26
9 65
9 85
9 87
9 90
9 92
10 10
10 11
10 12
10 14
10 16
10 18
10 22
10 27
10 28
10 36
10 52
10 54
10 58
10 60
10 64
10 70
10 72
10 73
10 74
10 75
10 76
10 82
10 84
10 89
10 91
10 93
11 11
11 12
11 13
11 15
11 29
11 48
11 49
11 51
11 52
11 58
11 60
11 61
11 73
11 74
11 75
11 89
12 12
12 13
12 14
12 15
12 18
12 29
12 48
12 51
12 58
12 60
12 61
12 63
12 70
12 72
12 73
12 74
12 75
12 76
12 82
12 88
12 89
12 91
12 93
12 101
12 108
13 13
13 15
13 29
13 48
13 49
13 51
13 58
13 60
13 61
13 63
13 72
13 73
13 74
13 75
13 88
13 89
14 14
14 18
14 22
14 23
14 26
14 27
14 58
14 60
14 64
14 82
14 83
14 88
14 91
14 93
14 112
15 15
15 23
15 26
15 29
15 61
15 75
15 83
15 85
15 89
15 90
15 91
15 92
15 102
16 16
16 17
16 19
16 28
16 54
16 55
16 56
16 57
16 62
16 68
16 72
16 78
16 79
16 80
16 81
16 82
16 86
16 89
16 93
16 96
16 99
16 101
16 111
17 17
17 19
17 28
17 29
17 32
17 33
17 40
17 44
17 46
17 48
17 49
17 51
17 57
17 60
17 62
17 63
17 72
17 78
17 79
17 80
17 81
17 101
17 102
17 111
18 18
18 52
18 53
18 58
18 60
18 70
18 72
18 73
18 74
18 75
18 76
18 93
18 104
18 112
19 19
19 32
19 33
19 51
19 53
19 56
19 57
19 68
19 69
19 78
19 88
19 102
19 103
20 20
20 21
20 22
20 23
20 24
20 25
20 27
20 30
20 31
20 34
20 37
20 39
20 41
20 64
20 65
20 67
20 71
20 75
20 77
20 83
20 92
20 94
20 110
21 21
21 23
21 24
21 25
21 27
21 30
21 31
21 34
21 38
21 39
21 40
21 43
21 44
21 45
21 47
21 55
21 65
21 67
21 71
21 96
21 97
21 106
21 108
21 109
21 110
22 22
22 23
22 24
22 25
22 26
22 27
22 31
22 34
22 35
22 37
22 38
22 41
22 58
22 64
22 65
22 67
22 71
22 77
22 82
22 83
22 84
22 85
22 88
22 93
22 94
22 110
23 23
23 24
23 25
23 26
23 27
23 30
23 31
23 34
23 35
23 37
23 64
23 65
23 67
23 71
23 82
23 83
23 85
23 92
23 110
24 24
24 25
24 26
24 27
24 30
24 31
24 34
24 35
24 43
24 45
24 64
24 65
24 67
24 70
24 71
24 77
24 90
24 110
25 25
25 26
25 27
25 30
25 31
25 33
25 34
25 35
25 37
25 39
25 43
25 64
25 65
25 67
25 68
25 69
25 71
25 85
25 87
25 92
25 97
25 110
25 115
26 26
26 27
26 58
26 64
26 65
26 67
26 83
26 90
26 91
26 93
26 103
27 27
27 31
27 34
27 35
27 64
27 65
27 67
27 71
27 82
27 83
27 84
27 85
27 92
27 94
27 110
28 28
28 29
28 30
28 36
28 37
28 38
28 40
28 41
28 60
28 62
28 63
28 72
28 78
28 79
28 80
28 81
28 101
28 107
28 111
28 112
29 29
29 32
29 36
29 40
29 41
29 44
29 48
29 49
29 60
29 61
29 62
29 63
29 72
29 73
29 74
29 75
29 76
29 78
29 79
29 80
29 81
29 83
29 112
30 30
30 31
30 33
30 37
30 38
30 39
30 40
30 41
30 65
30 71
30 77
30 83
30 109
31 31
31 33
31 34
31 35
31 37
31 38
31 39
31 41
31 64
31 65
31 67
31 71
31 75
31 77
31 83
31 85
31 94
31 110
31 115
32 32
32 33
32 40
32 44
32 46
32 49
32 51
32 56
32 57
32 68
32 69
32 72
32 78
32 79
32 81
32 111
33 33
33 34
33 40
33 56
33 57
33 68
33 69
33 78
33 79
33 81
33 83
33 87
33 109
34 34
34 35
34 37
34 38
34 39
34 43
34 45
34 64
34 65
34 66
34 67
34 71
34 77
34 85
34 87
34 94
34 97
34 110
34 113
34 115
35 35
35 37
35 41
35 43
35 45
35 64
35 65
35 66
35 67
35 83
35 85
35 87
35 92
35 110
35 113
36 36
36 37
36 38
36 40
36 41
36 54
36 72
36 73
36 74
36 75
36 76
36 77
36 78
36 79
36 81
36 94
36 96
36 99
36 109
36 111
37 37
37 38
37 39
37 40
37 41
37 64
37 71
37 75
37 76
37 77
37 79
37 82
37 85
37 87
37 94
37 95
37 96
37 109
37 110
38 38
38 39
38 41
38 64
38 71
38 76
38 77
38 82
38 83
38 84
38 86
38 93
38 94
38 95
38 96
38 97
38 106
38 107
38 108
38 109
38 110
38 113
39 39
39 40
39 65
39 67
39 71
39 84
39 86
39 95
39 96
39 97
39 106
39 107
39 108
39 109
39 110
39 113
39 115
40 40
40 41
40 43
40 44
40 60
40 72
40 78
40 81
40 83
40 96
40 99
40 106
40 109
41 41
41 45
41 64
41 71
41 72
41 73
41 74
41 75
41 76
41 77
41 83
41 94
42 42
42 43
42 44
42 45
42 46
42 47
42 48
42 49
42 51
42 53
43 43
43 44
43 45
43 46
43 47
43 49
43 55
43 67
43 76
43 77
43 78
43 96
43 106
43 109
43 110
43 113
44 44
44 45
44 46
44 47
44 48
44 49
44 50
44 51
44 53
44 55
44 63
44 72
44 98
44 100
44 108
44 112
45 45
45 47
45 48
45 49
45 65
45 66
45 67
45 100
45 108
45 110
45 113
45 114
46 46
46 47
46 48
46 49
46 50
46 51
46 52
46 53
46 54
46 55
46 59
46 62
46 63
46 72
46 73
46 74
46 76
46 98
46 99
46 100
46 111
46 112
47 47
47 48
47 49
47 53
47 55
47 66
47 96
47 98
47 99
47 110
47 111
48 48
48 49
48 50
48 51
48 52
48 53
48 55
48 58
48 59
48 60
48 61
48 62
48 63
48 72
48 73
48 74
48 90
48 98
48 100
48 104
48 112
49 49
49 50
49 51
49 53
49 55
49 59
49 62
49 63
49 72
49 73
49 74
49 98
49 100
49 111
49 112
50 50
50 51
50 52
50 53
50 54
50 62
50 63
50 70
50 73
50 74
50 89
50 90
50 91
50 98
50 100
50 104
51 51
51 52
51 53
51 55
51 59
51 60
51 62
51 63
51 72
51 73
51 74
51 98
51 100
51 112
52 52
52 53
52 54
52 58
52 59
52 61
52 62
52 63
52 76
52 89
52 90
52 91
52 98
52 100
53 53
53 54
53 55
53 62
53 63
53 73
53 74
53 91
53 93
53 98
53 99
53 100
53 112
54 54
54 55
54 56
54 59
54 61
54 62
54 63
54 76
54 84
54 86
54 95
54 96
54 98
54 99
54 100
54 101
54 107
54 108
54 111
54 113
55 55
55 56
55 57
55 59
55 63
55 78
55 81
55 86
55 95
55 96
55 97
55 98
55 99
55 107
55 109
55 111
56 56
56 57
56 68
56 69
56 78
56 79
56 80
56 81
56 86
56 87
56 94
56 96
56 97
56 99
56 103
56 107
56 110
56 111
57 57
57 59
57 68
57 69
57 78
57 79
57 80
57 81
57 86
57 87
57 94
57 96
57 97
57 99
57 110
57 111
58 58
58 59
58 60
58 61
58 88
58 91
58 93
58 108
59 59
59 61
59 62
59 63
59 66
59 89
59 96
59 98
59 99
59 100
59 101
59 104
59 106
59 108
60 60
60 61
60 62
60 63
60 64
60 72
60 73
60 74
60 83
60 88
60 93
60 101
60 108
61 61
61 62
61 63
61 88
61 89
61 100
61 106
62 62
62 63
62 72
62 73
62 74
62 76
62 81
62 98
62 99
62 100
62 101
62 104
62 107
63 63
63 72
63 73
63 76
63 89
63 90
63 93
63 98
63 99
63 100
63 101
63 102
63 106
63 107
64 64
64 65
64 67
64 71
64 82
64 83
64 84
64 85
64 88
64 93
65 65
65 67
65 71
65 83
65 84
65 85
65 92
65 113
66 66
66 67
66 104
66 105
66 110
67 67
67 92
67 110
67 115
68 68
68 69
68 78
68 79
68 80
68 81
68 86
68 87
68 94
68 97
68 103
68 110
68 111
69 69
69 78
69 79
69 81
69 87
69 94
69 97
69 103
69 110
70 70
70 71
70 72
70 73
70 74
70 75
70 76
70 77
70 90
70 91
70 98
71 71
71 75
71 77
71 83
71 84
71 85
71 109
72 72
72 73
72 74
72 75
72 76
72 80
72 81
72 98
72 101
72 111
72 112
73 73
73 74
73 75
73 76
73 77
73 91
73 98
74 74
74 75
74 76
74 98
74 104
74 112
75 75
75 76
75 77
75 91
76 76
76 77
76 93
76 95
76 96
76 98
76 99
76 108
76 112
76 113
77 77
77 94
77 95
77 96
77 108
77 109
77 110
77 113
78 78
78 79
78 80
78 81
78 82
78 86
78 96
78 97
78 99
78 109
78 110
78 111
79 79
79 80
79 81
79 86
79 87
79 94
79 96
79 109
79 110
79 111
80 80
80 81
80 84
80 86
80 94
80 111
81 81
81 86
81 87
81 94
81 96
81 99
81 111
82 82
82 83
82 93
82 94
82 96
82 109
82 112
83 83
84 84
84 85
84 86
84 88
84 94
84 95
84 97
84 103
84 105
84 113
84 114
85 85
85 87
85 92
85 94
86 86
86 87
86 94
86 95
86 97
86 101
86 102
86 103
86 109
86 110
86 114
86 115
87 87
87 94
87 115
88 88
88 89
88 93
88 101
88 103
89 89
89 90
89 91
89 93
89 98
89 101
89 102
90 90
90 91
90 92
90 93
90 98
90 100
90 101
90 102
90 103
91 91
91 92
91 93
91 98
91 101
91 102
91 103
91 104
91 105
91 112
92 92
92 94
92 105
93 93
93 95
93 101
93 102
93 103
93 108
93 112
94 94
94 96
94 104
94 105
94 110
95 95
95 96
95 97
95 99
95 103
95 106
95 108
95 109
95 110
95 113
95 114
95 115
96 96
96 97
96 99
96 106
96 107
96 108
96 109
96 110
96 111
97 97
97 99
97 103
97 106
97 107
97 108
97 109
97 110
97 113
97 114
97 115
98 98
98 99
98 100
98 101
98 108
98 111
98 112
99 99
99 101
99 106
99 107
99 111
99 112
100 100
100 102
101 101
101 102
101 103
101 104
101 107
102 102
102 103
102 108
103 103
104 104
104 105
105 105
105 107
105 114
105 115
106 106
106 107
106 108
106 109
107 107
108 108
108 109
108 114
109 109
109 110
109 115
110 110
110 113
111 111
111 112
112 112
113 113
113 114
114 114
114 115
115 115
