0 0
0 1
0 12
0 16
0 32
0 48
0 50
0 51
0 52
0 56
0 58
0 60
0 62
0 63
0 72
0 80
0 98
0 99
0 101
0 103
1 1
1 11
1 12
1 13
1 16
1 17
1 32
1 33
1 40
1 43
1 51
1 52
1 56
1 57
1 58
1 59
1 60
1 61
1 62
1 63
1 68
1 73
1 74
1 75
1 76
1 77
1 78
1 79
1 80
1 98
1 99
1 100
1 102
1 103
1 104
1 112
1 113
2 2
2 4
2 6
2 7
2 8
2 18
2 30
2 48
2 58
2 60
2 66
3 3
3 5
3 7
3 9
3 14
3 15
3 22
3 23
3 24
3 25
3 27
3 34
3 38
3 64
3 65
3 84
3 86
3 87
3 88
3 89
3 90
3 92
4 4
4 5
4 7
4 8
4 9
4 14
4 15
4 20
4 21
4 24
4 26
4 48
4 58
4 59
4 60
4 66
4 67
4 69
4 82
4 88
4 89
4 106
5 5
5 8
5 9
5 14
5 15
5 19
5 20
5 21
5 23
5 24
5 25
5 26
5 27
5 38
5 39
5 44
5 45
5 49
5 64
5 67
5 69
5 82
5 88
5 89
5 90
5 93
5 94
5 106
6 6
6 7
6 8
6 10
6 12
6 18
6 28
6 29
6 30
6 31
6 32
6 33
6 60
6 64
6 72
7 7
7 9
7 11
7 13
7 59
7 60
7 61
7 64
7 65
7 89
7 92
7 100
8 8
8 9
8 14
8 15
8 19
8 20
8 21
8 24
8 26
8 30
8 38
8 39
8 44
8 45
8 67
8 69
8 82
8 84
8 86
8 88
8 89
8 90
9 9
9 13
9 14
9 15
9 20
9 21
9 24
9 26
9 38
9 39
9 59
9 61
9 65
9 82
9 88
9 89
9 90
9 92
10 10
10 12
10 16
10 17
10 18
10 22
10 28
10 29
10 31
10 32
10 33
10 46
10 72
10 74
10 76
10 84
10 105
10 112
10 113
11 11
11 13
11 17
11 29
11 32
11 40
11 42
11 43
11 46
11 51
11 61
11 72
11 73
11 74
11 75
11 76
11 77
11 99
11 100
11 104
11 112
11 113
12 12
12 13
12 16
12 17
12 18
12 28
12 29
12 32
12 33
12 40
12 52
12 58
12 60
12 61
12 62
12 63
12 72
12 73
12 74
12 75
12 76
12 79
12 91
12 100
12 101
12 102
12 112
12 113
13 13
13 28
13 29
13 31
13 40
13 42
13 43
13 52
13 59
13 61
13 65
13 72
13 73
13 74
13 75
13 76
13 77
13 92
13 100
13 102
13 104
13 112
13 113
13 114
14 14
14 15
14 19
14 20
14 21
14 22
14 23
14 24
14 25
14 26
14 27
14 30
14 36
14 38
14 39
14 64
14 69
14 82
14 83
14 84
14 85
14 86
14 88
14 89
14 90
15 15
15 20
15 21
15 24
15 25
15 26
15 27
15 37
15 39
15 41
15 65
15 82
15 84
15 88
15 89
15 90
15 92
16 16
16 17
16 18
16 19
16 28
16 29
16 32
16 40
16 52
16 56
16 57
16 60
16 62
16 63
16 72
16 73
16 74
16 75
16 76
16 78
16 79
16 80
16 81
16 97
16 102
16 103
16 104
16 111
17 17
17 18
17 28
17 29
17 32
17 33
17 37
17 56
17 57
17 62
17 63
17 72
17 73
17 74
17 75
17 76
17 77
17 78
17 79
17 80
17 81
17 95
17 112
17 113
18 18
18 19
18 28
18 29
18 30
18 31
18 32
18 33
18 46
18 72
18 74
18 75
18 76
19 19
19 20
19 21
19 22
19 23
19 24
19 27
19 28
19 30
19 44
19 64
19 68
19 69
19 80
19 81
19 82
19 83
19 84
19 85
19 90
19 94
19 95
19 108
19 109
19 110
19 111
19 115
20 20
20 21
20 23
20 24
20 26
20 30
20 38
20 41
20 67
20 69
20 70
20 71
20 82
20 83
20 88
20 90
20 92
20 107
20 114
21 21
21 23
21 24
21 25
21 26
21 27
21 39
21 44
21 45
21 49
21 67
21 69
21 71
21 82
21 83
21 90
21 108
21 109
21 110
22 22
22 23
22 24
22 25
22 26
22 27
22 34
22 35
22 64
22 68
22 84
22 86
22 87
22 88
22 90
22 91
22 92
22 93
22 105
22 109
22 110
23 23
23 24
23 25
23 26
23 27
23 30
23 31
23 34
23 44
23 45
23 64
23 67
23 69
23 82
23 83
23 84
23 86
23 88
23 90
23 91
23 92
23 93
23 94
23 108
24 24
24 25
24 26
24 27
24 38
24 39
24 44
24 45
24 49
24 64
24 67
24 69
24 82
24 83
24 84
24 86
24 88
24 90
24 91
24 92
24 93
24 110
25 25
25 26
25 27
25 34
25 35
25 39
25 44
25 45
25 47
25 49
25 50
25 64
25 65
25 67
25 69
25 84
25 88
25 90
25 106
25 110
26 26
26 27
26 35
26 38
26 39
26 44
26 45
26 49
26 50
26 67
26 68
26 69
26 82
26 84
26 87
26 88
26 90
26 91
26 93
26 94
26 106
26 110
27 27
27 39
27 44
27 45
27 47
27 49
27 50
27 64
27 67
27 68
27 69
27 82
27 84
27 87
27 88
27 90
27 91
27 93
27 94
27 108
27 109
27 110
27 115
28 28
28 29
28 30
28 31
28 32
28 33
28 62
28 63
28 66
28 72
28 73
28 74
28 75
28 76
28 78
28 79
28 80
28 81
28 83
28 101
29 29
29 30
29 32
29 37
29 62
29 63
29 70
29 72
29 73
29 74
29 75
29 76
29 77
29 78
29 79
29 80
29 81
29 83
29 95
29 99
29 104
29 112
30 30
30 31
30 44
30 45
30 72
30 83
30 85
30 86
30 95
31 31
31 34
31 42
31 66
31 72
31 83
31 101
31 105
31 112
32 32
32 33
32 42
32 43
32 46
32 51
32 56
32 60
32 62
32 63
32 72
32 73
32 74
32 75
32 76
32 77
32 102
32 112
32 113
33 33
33 60
33 64
33 73
33 75
34 34
34 35
34 38
34 42
34 64
34 67
34 83
34 91
34 92
34 93
34 94
34 105
35 35
35 38
35 39
35 61
35 65
35 77
35 82
35 92
35 93
35 100
35 106
36 36
36 37
36 38
36 39
36 40
36 41
36 54
36 55
36 70
36 80
36 82
36 86
36 87
36 88
36 89
36 93
36 98
37 37
37 39
37 40
37 41
37 42
37 43
37 47
37 55
37 70
37 73
37 74
37 75
37 76
37 77
37 78
37 79
37 80
37 81
37 84
37 87
37 94
37 95
37 96
37 97
37 98
37 99
37 104
37 108
37 109
37 111
37 113
37 114
37 115
38 38
38 39
38 41
38 54
38 55
38 65
38 82
38 86
38 87
38 88
38 89
38 92
38 93
38 100
38 102
38 106
39 39
39 41
39 45
39 54
39 55
39 82
39 84
39 87
39 88
39 89
39 90
39 92
39 98
39 106
40 40
40 41
40 52
40 54
40 56
40 59
40 72
40 73
40 74
40 75
40 76
40 78
40 80
40 98
40 99
40 100
40 102
40 104
40 112
40 113
41 41
41 52
41 57
41 62
41 63
41 70
41 73
41 74
41 75
41 77
41 78
41 80
41 81
41 82
41 83
41 89
41 92
41 106
42 42
42 43
42 46
42 47
42 55
42 76
42 84
42 87
42 96
42 97
42 99
42 100
42 102
42 113
43 43
43 46
43 47
43 50
43 51
43 55
43 76
43 77
43 87
43 96
43 97
43 98
43 99
43 104
43 110
43 112
43 113
44 44
44 45
44 47
44 48
44 49
44 50
44 67
44 69
44 84
44 85
44 108
44 109
44 110
44 115
45 45
45 47
45 48
45 49
45 50
45 67
45 69
45 84
45 85
45 109
45 110
46 46
46 47
46 50
46 51
46 55
46 76
46 85
46 96
46 97
46 98
46 99
46 102
46 104
46 111
46 112
46 113
47 47
47 48
47 49
47 50
47 55
47 68
47 77
47 79
47 84
47 85
47 87
47 96
47 97
47 98
47 99
47 109
47 110
47 111
47 115
48 48
48 49
48 50
48 51
48 55
48 58
48 59
48 66
48 67
48 85
48 96
48 103
48 104
48 110
49 49
49 50
49 51
49 53
49 67
49 82
49 85
49 110
50 50
50 51
50 53
50 55
50 68
50 85
50 96
50 98
50 99
50 103
50 104
50 110
51 51
51 52
51 55
51 56
51 58
51 59
51 96
51 98
51 99
51 100
51 103
51 104
51 106
52 52
52 53
52 54
52 56
52 58
52 59
52 60
52 61
52 62
52 63
52 72
52 78
52 79
52 80
52 89
52 96
52 98
52 100
52 101
52 102
52 103
53 53
53 68
53 85
53 90
53 91
54 54
54 55
54 59
54 86
54 87
54 88
54 89
54 92
54 96
54 98
54 100
54 113
55 55
55 87
55 88
55 89
55 96
55 98
55 99
55 100
55 104
55 112
56 56
56 57
56 58
56 60
56 62
56 63
56 68
56 74
56 77
56 79
56 80
56 81
56 99
56 101
56 102
56 103
57 57
57 59
57 61
57 62
57 63
57 68
57 69
57 78
57 79
57 80
57 81
58 58
58 59
58 60
58 61
58 62
58 63
58 66
58 89
58 100
58 101
58 103
59 59
59 60
59 61
59 62
59 63
59 66
59 89
59 100
59 103
59 104
60 60
60 61
60 62
60 63
60 66
60 101
60 102
60 112
61 61
61 63
61 65
61 89
61 92
61 100
61 102
61 106
61 112
62 62
62 63
62 72
62 76
62 77
62 78
62 79
62 80
62 81
62 96
62 101
62 102
62 103
62 104
62 112
63 63
63 72
63 77
63 78
63 79
63 80
63 81
63 89
63 96
63 100
63 101
63 102
63 103
63 112
64 64
64 65
64 82
64 84
64 88
64 90
64 92
65 65
65 87
65 88
65 89
65 92
65 100
66 66
66 67
66 101
66 103
67 67
67 69
67 71
67 110
68 68
68 69
68 74
68 80
68 81
68 85
68 97
69 69
69 82
69 83
69 108
69 109
69 110
69 115
70 70
70 71
70 72
70 73
70 74
70 76
70 114
70 115
71 71
71 94
72 72
72 73
72 74
72 75
72 76
72 77
72 78
72 79
72 80
72 81
72 83
72 95
72 101
72 103
72 105
72 113
73 73
73 74
73 75
73 76
73 77
73 78
73 79
73 80
73 81
73 99
74 74
74 75
74 76
74 78
74 79
74 80
74 81
74 97
74 99
74 113
75 75
75 76
75 77
75 78
75 80
75 81
75 83
75 85
76 76
76 77
76 78
76 79
76 80
76 81
76 95
76 96
76 97
76 98
76 99
76 100
76 102
76 104
76 107
76 112
76 113
76 114
77 77
77 79
77 80
77 96
77 98
77 104
77 112
78 78
78 79
78 80
78 81
78 94
78 95
78 97
78 108
78 111
78 113
78 114
78 115
79 79
79 80
79 81
79 103
79 104
79 111
79 112
80 80
80 81
80 83
80 97
80 98
80 99
80 102
80 103
80 111
81 81
81 83
81 94
81 95
81 97
81 109
81 111
82 82
82 83
82 84
82 88
82 90
82 93
82 106
83 83
83 90
83 109
84 84
84 85
84 86
84 87
84 88
84 90
84 95
84 97
84 108
84 109
84 110
84 111
84 113
84 115
85 85
85 97
85 110
85 111
85 115
86 86
86 87
86 88
86 89
86 92
86 95
86 105
86 107
86 115
87 87
87 88
87 89
87 92
87 94
87 96
87 97
87 98
87 99
87 110
87 111
87 113
88 88
88 89
88 90
88 92
88 93
89 89
89 92
89 106
90 90
90 91
90 92
90 93
90 108
91 91
91 92
91 93
91 94
91 98
91 99
91 101
91 108
91 115
92 92
92 93
92 100
92 113
93 93
93 94
93 101
94 94
94 95
94 96
94 97
94 108
94 109
94 110
94 114
94 115
95 95
95 96
95 97
95 99
95 105
95 108
95 109
95 110
95 111
95 113
95 114
95 115
96 96
96 97
96 98
96 99
96 101
96 103
96 104
96 109
96 110
96 111
96 112
97 97
97 99
97 108
97 109
97 110
97 111
97 113
97 114
97 115
98 98
98 99
98 100
98 101
98 102
98 103
98 104
98 111
98 112
98 113
99 99
99 101
99 102
99 103
99 104
99 108
99 109
99 110
99 111
99 112
99 113
100 100
100 101
100 102
100 104
100 105
100 106
100 112
100 113
101 101
101 102
101 103
101 112
102 102
102 104
102 106
102 112
102 113
103 103
103 104
103 105
104 104
104 105
104 107
104 111
104 112
105 105
105 107
105 113
105 114
105 115
106 106
106 107
107 107
107 114
108 108
108 109
108 110
108 111
108 114
108 115
109 109
109 110
109 111
109 115
110 110
110 111
110 115
111 111
111 112
111 113
111 115
112 112
112 113
113 113
113 114
114 114
114 115
115 115
