0 0
0 10
0 12
0 14
0 15
0 16
0 18
0 19
0 40
0 56
0 57
0 58
0 60
0 62
0 68
0 72
0 74
0 75
0 78
0 80
0 82
0 83
0 84
0 86
0 101
0 115
1 1
1 11
1 13
1 15
1 16
1 17
1 29
1 46
1 48
1 51
1 55
1 56
1 57
1 58
1 59
1 61
1 63
1 65
1 68
1 69
1 73
1 75
1 100
2 2
2 6
2 7
2 22
2 33
2 34
2 35
2 50
2 64
2 65
2 66
2 67
2 69
2 71
2 96
2 110
3 3
3 5
3 7
3 11
3 22
3 23
3 24
3 25
3 27
3 31
3 33
3 34
3 35
3 64
3 65
3 67
3 86
3 88
3 89
3 92
4 4
4 5
4 6
4 8
4 9
4 10
4 12
4 13
4 14
4 15
4 20
4 21
4 22
4 23
4 24
4 25
4 26
4 27
4 30
4 31
4 48
4 58
4 60
4 61
4 64
4 71
4 73
4 74
4 92
5 5
5 8
5 9
5 14
5 15
5 20
5 21
5 22
5 23
5 24
5 25
5 26
5 27
5 30
5 39
5 41
5 46
5 48
5 64
5 65
5 70
5 71
5 74
5 92
5 102
6 6
6 7
6 8
6 9
6 10
6 12
6 14
6 18
6 22
6 23
6 30
6 31
6 60
6 64
6 82
6 83
6 84
6 88
6 91
6 93
7 7
7 8
7 9
7 11
7 13
7 33
7 34
7 35
7 61
7 64
7 65
7 67
7 88
7 92
8 8
8 9
8 12
8 13
8 14
8 15
8 22
8 24
8 26
8 30
8 58
8 60
8 61
8 64
8 88
9 9
9 10
9 11
9 12
9 13
9 14
9 15
9 20
9 24
9 26
9 27
9 30
9 31
9 60
9 61
9 64
9 71
9 92
10 10
10 11
10 12
10 13
10 14
10 15
10 29
10 58
10 60
10 61
10 62
10 64
10 82
10 84
10 85
10 86
10 91
10 92
10 93
10 100
10 101
11 11
11 12
11 13
11 15
11 29
11 31
11 60
11 61
11 65
11 84
11 85
11 86
12 12
12 13
12 14
12 15
12 28
12 29
12 30
12 58
12 60
12 61
12 62
12 63
12 72
12 82
12 83
12 84
12 101
13 13
13 15
13 20
13 28
13 29
13 48
13 58
13 60
13 61
13 62
13 63
13 72
13 73
13 81
13 90
13 100
13 101
13 102
14 14
14 15
14 18
14 22
14 23
14 24
14 28
14 30
14 31
14 40
14 60
14 64
14 72
14 82
14 83
14 84
14 86
14 88
14 94
15 15
15 20
15 21
15 24
15 25
15 26
15 27
15 29
15 30
15 41
15 46
15 48
15 58
15 60
15 61
15 62
15 63
15 72
15 73
15 83
15 90
15 100
15 101
15 102
16 16
16 17
16 19
16 29
16 32
16 36
16 40
16 56
16 57
16 59
16 60
16 62
16 63
16 68
16 69
16 72
16 73
16 76
16 78
16 79
16 80
16 81
16 101
17 17
17 19
17 28
17 29
17 32
17 36
17 56
17 57
17 62
17 63
17 68
17 72
17 78
17 79
17 80
17 81
17 94
17 97
17 99
17 103
17 109
17 114
18 18
18 19
18 23
18 28
18 30
18 31
18 62
18 72
18 82
18 83
18 84
18 86
19 19
19 28
19 29
19 32
19 41
19 52
19 62
19 68
19 69
19 72
19 73
19 78
19 80
19 81
19 82
19 83
19 90
19 109
19 114
20 20
20 21
20 24
20 25
20 26
20 27
20 30
20 37
20 41
20 46
20 48
20 53
20 70
20 71
20 72
20 73
20 74
20 75
20 90
20 98
20 100
20 101
20 102
21 21
21 24
21 25
21 26
21 27
21 30
21 39
21 41
21 46
21 50
21 56
21 68
21 70
21 71
21 73
21 74
21 75
21 100
21 101
21 102
22 22
22 23
22 24
22 25
22 26
22 27
22 30
22 31
22 33
22 34
22 35
22 38
22 64
22 65
22 82
22 84
22 86
22 87
22 88
22 89
22 92
22 93
23 23
23 24
23 25
23 27
23 30
23 31
23 33
23 34
23 35
23 64
23 67
23 82
23 83
23 84
23 86
23 87
23 88
23 92
23 115
24 24
24 25
24 26
24 27
24 30
24 31
24 34
24 64
24 71
24 87
24 88
25 25
25 26
25 27
25 30
25 31
25 34
25 35
25 38
25 39
25 50
25 64
25 65
25 71
25 74
25 87
25 88
25 89
25 92
26 26
26 27
26 30
26 41
26 46
26 48
26 70
26 71
26 72
26 74
26 92
26 102
27 27
27 30
27 34
27 46
27 48
27 50
27 65
27 68
27 70
27 71
27 73
27 74
27 75
27 92
27 102
28 28
28 29
28 30
28 31
28 36
28 37
28 41
28 62
28 63
28 72
28 77
28 78
28 80
28 81
28 83
28 85
28 90
28 98
28 109
28 114
29 29
29 30
29 36
29 41
29 46
29 60
29 62
29 63
29 72
29 73
29 75
29 78
29 79
29 80
29 81
29 83
29 95
29 98
29 100
29 114
30 30
30 31
30 41
30 64
30 71
30 72
30 73
30 74
30 75
30 82
30 83
30 84
31 31
31 33
31 34
31 35
31 64
31 75
31 82
31 83
31 84
31 85
31 87
31 109
32 32
32 33
32 36
32 40
32 43
32 44
32 45
32 54
32 56
32 57
32 62
32 68
32 72
32 76
32 78
32 79
32 80
32 81
32 94
32 96
32 97
32 99
32 103
32 106
32 114
33 33
33 34
33 35
33 64
33 65
33 66
33 67
33 76
33 77
33 94
33 110
34 34
34 35
34 38
34 50
34 64
34 65
34 66
34 67
34 77
34 87
34 88
34 89
34 92
34 110
35 35
35 50
35 64
35 65
35 66
35 67
35 77
35 86
35 87
35 88
35 89
35 92
35 94
35 110
36 36
36 37
36 38
36 39
36 40
36 41
36 54
36 55
36 57
36 72
36 76
36 77
36 78
36 79
36 80
36 81
36 85
36 94
36 95
36 96
36 97
36 105
36 108
36 109
36 110
36 111
36 114
37 37
37 38
37 39
37 40
37 41
37 54
37 55
37 70
37 72
37 73
37 74
37 75
37 76
37 77
37 81
37 95
37 96
37 97
37 98
37 105
37 108
37 109
37 111
37 113
37 114
38 38
38 39
38 40
38 50
38 54
38 55
38 68
38 74
38 87
38 89
38 96
38 97
38 104
38 105
38 107
38 108
38 109
38 110
38 111
38 114
38 115
39 39
39 40
39 41
39 47
39 50
39 55
39 68
39 89
39 95
39 96
39 97
39 105
39 107
39 108
39 109
39 110
39 111
40 40
40 55
40 57
40 72
40 74
40 78
40 80
40 81
40 82
40 83
40 85
40 94
40 95
40 96
40 97
40 108
40 109
40 113
40 114
40 115
41 41
41 46
41 47
41 52
41 53
41 70
41 71
41 72
41 73
41 74
41 75
41 77
41 83
41 90
41 98
41 100
41 102
41 109
41 111
41 113
42 42
42 43
42 44
42 45
42 46
42 47
42 48
42 49
42 51
42 52
42 53
42 54
42 55
42 62
42 90
42 98
42 99
42 111
43 43
43 44
43 45
43 46
43 47
43 48
43 49
43 50
43 51
43 53
43 54
43 55
43 59
43 90
43 96
43 97
43 98
43 99
44 44
44 45
44 46
44 47
44 48
44 49
44 51
44 52
44 53
44 54
44 55
44 62
44 90
44 98
44 99
44 111
44 112
45 45
45 46
45 47
45 48
45 49
45 50
45 51
45 54
45 55
45 66
45 67
45 96
45 97
45 98
45 105
45 106
45 107
45 110
45 111
46 46
46 47
46 48
46 49
46 51
46 52
46 53
46 54
46 55
46 58
46 59
46 70
46 72
46 90
46 98
46 99
46 100
46 109
46 111
46 112
47 47
47 48
47 49
47 51
47 52
47 53
47 55
47 90
47 96
47 97
47 98
47 107
47 109
47 110
47 111
48 48
48 49
48 50
48 51
48 52
48 53
48 55
48 58
48 60
48 61
48 98
48 99
48 100
48 112
49 49
49 51
49 52
49 53
49 54
49 55
49 58
49 59
49 98
49 99
49 111
49 112
50 50
50 51
50 54
50 55
50 65
50 66
50 67
50 68
50 69
50 89
50 96
50 105
50 106
50 107
51 51
51 52
51 53
51 54
51 55
51 58
51 59
51 89
51 98
51 99
51 100
51 112
52 52
52 53
52 54
52 55
52 58
52 59
52 69
52 70
52 90
52 98
52 111
52 112
53 53
53 55
53 70
53 90
53 98
53 99
53 109
53 111
53 112
54 54
54 55
54 59
54 68
54 86
54 87
54 89
54 94
54 96
54 97
54 98
54 105
54 106
54 114
55 55
55 57
55 59
55 87
55 89
55 96
55 97
55 98
55 99
55 108
55 109
55 111
55 112
55 114
55 115
56 56
56 57
56 58
56 59
56 60
56 61
56 62
56 63
56 68
56 69
56 76
56 78
56 79
56 80
56 81
56 98
56 99
56 100
56 101
56 102
56 103
56 112
57 57
57 59
57 63
57 68
57 69
57 76
57 78
57 79
57 80
57 81
57 89
57 97
57 99
58 58
58 59
58 60
58 61
58 62
58 63
58 98
58 100
59 59
59 63
59 66
59 89
59 100
59 112
60 60
60 61
60 62
60 63
60 72
60 100
60 101
60 102
61 61
61 63
61 65
61 100
62 62
62 63
62 72
62 78
62 79
62 80
62 81
62 90
62 98
62 99
62 100
62 101
62 102
62 103
63 63
63 72
63 78
63 79
63 80
63 81
63 95
63 100
64 64
64 65
64 67
64 82
64 84
64 86
64 87
64 88
64 89
64 91
64 92
64 93
65 65
65 66
65 67
65 88
65 89
65 92
66 66
66 67
66 77
66 89
66 91
66 93
66 96
66 102
66 103
66 107
66 110
67 67
67 77
67 88
67 89
67 92
67 93
67 107
67 110
68 68
68 69
68 74
68 78
68 79
68 80
68 88
68 89
68 103
68 104
68 105
68 115
69 69
69 79
69 88
69 89
69 104
69 105
69 107
70 70
70 71
70 73
70 74
70 75
70 76
70 77
70 90
70 91
70 93
70 98
70 100
70 101
70 102
70 103
70 111
71 71
71 73
71 74
71 75
71 77
71 93
71 102
72 72
72 73
72 74
72 75
72 76
72 78
72 80
72 81
72 83
72 98
72 101
72 114
73 73
73 74
73 75
73 76
73 77
73 78
73 98
73 99
73 100
73 102
73 113
74 74
74 75
74 76
74 78
74 101
74 102
74 113
75 75
75 76
75 77
75 115
76 76
76 77
76 78
76 79
76 80
76 81
76 103
76 104
76 105
76 110
77 77
77 97
77 103
77 105
77 109
77 110
78 78
78 79
78 80
78 81
78 94
78 95
78 103
78 114
79 79
79 80
79 81
80 80
80 81
80 98
80 99
80 101
80 102
80 103
80 111
80 114
81 81
81 83
81 95
81 98
81 99
81 111
81 114
82 82
82 83
82 84
82 85
82 86
82 87
82 88
82 90
82 91
82 93
82 106
82 113
82 114
82 115
83 83
83 84
83 85
83 90
83 109
83 113
83 114
84 84
84 85
84 86
84 87
84 88
84 91
84 92
84 113
84 115
85 85
85 86
85 113
85 115
86 86
86 87
86 88
86 89
86 92
86 94
86 106
86 113
86 115
87 87
87 88
87 89
87 94
87 96
87 115
88 88
88 89
88 92
88 115
89 89
89 92
89 96
89 106
90 90
90 91
90 92
90 93
90 98
90 111
91 91
91 92
91 93
91 98
91 101
91 102
91 103
91 104
91 106
91 107
91 110
91 111
92 92
92 93
92 100
92 101
92 102
92 106
93 93
93 100
93 101
93 102
93 103
93 104
93 106
93 111
94 94
94 95
94 96
94 97
94 108
94 109
94 114
94 115
95 95
95 96
95 97
95 108
95 109
95 114
96 96
96 97
96 98
96 103
96 104
96 105
96 107
96 108
96 109
96 110
96 111
96 114
97 97
97 99
97 105
97 107
97 108
97 109
97 110
97 111
97 114
97 115
98 98
98 99
98 100
98 101
98 102
98 104
98 106
98 111
98 112
98 113
99 99
99 100
99 101
99 102
99 103
99 104
99 106
99 111
99 112
99 113
99 114
100 100
100 101
100 102
101 101
101 102
101 103
101 104
101 106
101 112
102 102
102 103
102 104
102 106
102 112
102 113
103 103
103 104
103 105
103 106
103 107
103 110
103 111
104 104
104 105
104 106
104 107
104 110
104 111
104 113
104 114
105 105
105 106
105 107
105 110
105 111
105 113
105 114
105 115
106 106
106 115
107 107
107 109
107 110
107 111
107 114
108 108
108 109
108 110
108 111
108 114
108 115
109 109
109 110
109 111
109 114
110 110
110 111
111 111
111 112
111 113
112 112
113 113
113 114
113 115
114 114
114 115
115 115
