0 0
0 6
0 10
0 19
0 28
0 32
0 56
0 68
0 75
0 76
0 90
0 91
0 95
0 103
1 1
1 7
1 11
1 12
1 13
1 16
1 17
1 28
1 29
1 52
1 56
1 57
1 59
1 60
1 61
1 62
1 63
1 68
1 72
1 75
1 78
1 80
1 81
1 90
1 95
1 98
1 99
1 100
1 101
1 102
1 109
1 112
2 2
2 3
2 4
2 6
2 8
2 10
2 12
2 14
2 18
2 22
2 24
2 26
2 30
2 34
2 66
2 67
2 70
2 84
2 88
2 90
2 91
2 92
2 93
2 101
2 103
3 3
3 4
3 6
3 7
3 8
3 9
3 14
3 15
3 18
3 19
3 22
3 23
3 26
3 27
3 30
3 31
3 33
3 34
3 35
3 64
3 65
3 67
3 82
3 83
3 84
3 85
3 87
3 88
3 89
3 90
3 92
3 93
4 4
4 6
4 8
4 9
4 14
4 18
4 20
4 21
4 22
4 23
4 26
4 27
4 34
4 35
4 67
4 69
4 70
4 88
4 89
4 90
4 91
4 92
4 93
4 107
5 5
5 7
5 9
5 15
5 23
5 24
5 25
5 26
5 27
5 30
5 31
5 39
5 64
5 65
5 71
5 88
5 89
5 92
5 94
5 104
5 106
5 107
5 110
6 6
6 7
6 8
6 9
6 10
6 12
6 14
6 18
6 19
6 22
6 26
6 27
6 34
6 35
6 70
6 88
6 90
6 91
6 92
6 93
6 101
7 7
7 9
7 11
7 12
7 13
7 27
7 60
7 61
7 65
7 89
7 90
7 92
7 100
7 101
7 102
8 8
8 9
8 12
8 14
8 15
8 18
8 19
8 22
8 23
8 24
8 25
8 26
8 27
8 30
8 31
8 34
8 35
8 38
8 64
8 65
8 82
8 83
8 84
8 86
8 87
8 88
8 89
8 91
8 92
8 93
9 9
9 11
9 13
9 15
9 35
9 61
9 65
9 83
9 85
9 89
9 90
9 92
9 104
10 10
10 12
10 14
10 76
10 82
10 84
10 86
10 95
11 11
11 12
11 13
11 15
11 16
11 17
11 28
11 29
11 36
11 37
11 41
11 51
11 52
11 60
11 61
11 62
11 63
11 72
11 73
11 75
11 76
11 77
11 80
11 81
11 90
11 95
11 99
11 100
11 101
11 102
11 112
12 12
12 13
12 15
12 16
12 26
12 27
12 36
12 60
12 61
12 62
12 88
12 90
12 100
12 101
12 102
13 13
13 15
13 37
13 41
13 52
13 60
13 61
13 63
13 65
13 77
13 90
13 95
13 100
13 101
13 102
13 112
14 14
14 15
14 18
14 19
14 20
14 22
14 23
14 24
14 25
14 26
14 27
14 30
14 31
14 34
14 38
14 64
14 69
14 82
14 83
14 84
14 86
14 87
14 88
14 89
14 92
14 93
15 15
15 23
15 25
15 27
15 31
15 41
15 71
15 75
15 82
15 83
15 85
15 89
15 104
16 16
16 17
16 28
16 29
16 32
16 36
16 37
16 40
16 56
16 57
16 60
16 62
16 63
16 68
16 70
16 72
16 73
16 74
16 76
16 77
16 78
16 80
16 81
16 94
16 95
16 97
16 99
16 100
16 101
16 102
16 108
16 109
17 17
17 28
17 29
17 36
17 37
17 40
17 41
17 52
17 56
17 57
17 59
17 61
17 62
17 63
17 68
17 72
17 73
17 74
17 76
17 77
17 79
17 80
17 81
17 95
17 100
17 101
17 102
18 18
18 19
18 22
18 23
18 24
18 25
18 26
18 27
18 30
18 31
18 33
18 34
18 35
18 38
18 64
18 67
18 69
18 82
18 83
18 84
18 86
18 87
18 88
18 91
18 92
18 93
18 110
19 19
19 26
19 28
19 32
19 33
19 68
19 69
19 70
19 75
19 78
19 82
19 83
19 90
19 91
19 103
20 20
20 21
20 34
20 39
20 41
20 69
20 71
20 87
20 111
21 21
21 32
21 38
21 39
21 44
21 45
21 46
21 55
21 69
21 96
22 22
22 23
22 24
22 25
22 26
22 27
22 30
22 31
22 34
22 38
22 64
22 67
22 82
22 84
22 86
22 87
22 88
22 89
22 92
22 93
22 110
23 23
23 24
23 25
23 26
23 27
23 30
23 31
23 33
23 34
23 35
23 38
23 64
23 65
23 67
23 82
23 84
23 86
23 87
23 88
23 89
23 92
23 93
23 94
23 110
24 24
24 25
24 26
24 27
24 30
24 31
24 34
24 38
24 39
24 50
24 54
24 64
24 69
24 84
24 86
24 87
24 88
24 93
24 105
24 110
25 25
25 26
25 27
25 30
25 31
25 34
25 38
25 39
25 50
25 64
25 84
25 86
25 87
25 88
25 89
25 92
25 93
25 110
26 26
26 27
26 30
26 31
26 34
26 35
26 64
26 69
26 70
26 82
26 84
26 86
26 87
26 88
26 89
26 90
26 92
26 93
26 107
26 110
27 27
27 30
27 31
27 64
27 65
27 83
27 87
27 88
27 89
27 90
27 92
27 93
27 110
28 28
28 29
28 32
28 33
28 36
28 40
28 56
28 57
28 62
28 63
28 68
28 72
28 73
28 74
28 75
28 76
28 77
28 78
28 79
28 80
28 81
28 83
28 95
28 99
28 102
28 103
28 115
29 29
29 32
29 33
29 36
29 37
29 40
29 41
29 56
29 57
29 62
29 63
29 72
29 73
29 74
29 75
29 76
29 77
29 78
29 79
29 80
29 81
29 95
29 98
29 99
29 100
29 101
29 102
30 30
30 31
30 33
30 34
30 35
30 38
30 64
30 67
30 82
30 84
30 86
30 87
30 88
30 89
30 110
31 31
31 33
31 34
31 35
31 38
31 64
31 67
31 71
31 82
31 83
31 84
31 86
31 87
31 88
31 89
31 94
31 110
32 32
32 33
32 36
32 55
32 56
32 62
32 68
32 72
32 73
32 76
32 78
32 80
32 81
32 85
33 33
33 35
33 36
33 40
33 67
33 71
33 72
33 73
33 75
33 76
33 78
33 81
33 82
33 83
33 85
33 88
34 34
34 35
34 38
34 64
34 67
34 69
34 82
34 84
34 86
34 87
34 88
34 89
34 91
34 92
34 93
35 35
35 45
35 64
35 65
35 67
35 71
35 75
35 77
35 82
35 88
35 92
35 110
35 114
36 36
36 37
36 38
36 39
36 40
36 54
36 55
36 56
36 57
36 62
36 63
36 72
36 73
36 74
36 75
36 76
36 77
36 78
36 79
36 80
36 81
36 95
36 96
36 97
36 99
36 114
36 115
37 37
37 39
37 40
37 41
37 50
37 63
37 70
37 71
37 72
37 73
37 75
37 76
37 77
37 79
37 81
37 95
37 97
37 99
37 104
37 105
37 106
37 108
37 109
37 110
37 111
37 112
37 113
37 114
37 115
38 38
38 39
38 54
38 55
38 64
38 69
38 82
38 84
38 86
38 87
38 88
38 97
38 105
38 110
39 39
39 41
39 48
39 50
39 54
39 55
39 65
39 79
39 87
39 94
39 96
39 97
39 99
39 104
39 105
39 110
40 40
40 56
40 57
40 62
40 63
40 72
40 73
40 74
40 76
40 77
40 78
40 79
40 80
40 81
40 100
41 41
41 52
41 60
41 61
41 63
41 71
41 73
41 74
41 75
41 81
41 96
41 100
41 101
42 42
42 43
42 44
42 45
42 46
42 47
42 48
42 49
42 51
42 52
42 53
42 55
42 86
42 87
42 96
42 98
42 110
42 111
42 112
43 43
43 44
43 45
43 46
43 47
43 48
43 49
43 51
43 53
43 55
43 86
43 87
43 96
43 98
43 99
43 112
44 44
44 45
44 46
44 47
44 48
44 49
44 51
44 55
44 66
44 67
44 96
44 98
44 111
45 45
45 46
45 47
45 48
45 49
45 51
45 55
45 67
45 96
45 98
46 46
46 47
46 48
46 49
46 51
46 52
46 53
46 54
46 55
46 56
46 79
46 96
46 97
46 98
46 99
46 111
46 112
47 47
47 48
47 49
47 51
47 52
47 53
47 55
47 96
47 98
47 99
47 111
47 112
48 48
48 49
48 50
48 51
48 52
48 53
48 54
48 55
48 58
48 69
48 87
48 97
48 98
48 105
49 49
49 51
49 52
49 53
49 55
49 58
49 87
49 98
49 99
49 112
50 50
50 51
50 52
50 53
50 54
50 58
50 60
50 64
50 84
50 87
50 96
50 100
50 105
50 106
50 113
51 51
51 52
51 53
51 54
51 55
51 58
51 61
51 87
51 98
51 99
51 112
52 52
52 53
52 54
52 57
52 58
52 61
52 79
52 96
52 98
52 99
52 112
52 113
53 53
53 55
53 58
53 59
53 61
53 97
53 98
53 99
53 112
53 113
54 54
54 55
54 56
54 76
54 84
54 86
54 96
54 97
54 99
54 105
54 109
54 114
54 115
55 55
55 56
55 96
55 97
55 98
55 99
55 112
56 56
56 57
56 60
56 62
56 63
56 68
56 72
56 73
56 74
56 76
56 77
56 78
56 79
56 80
56 81
56 95
56 97
56 98
56 99
56 103
56 109
56 111
56 112
56 115
57 57
57 59
57 61
57 63
57 68
57 72
57 78
57 79
57 80
57 81
57 96
57 97
57 99
58 58
58 59
58 60
58 61
58 89
58 95
58 100
58 101
58 102
58 103
59 59
59 60
59 61
59 62
59 63
59 66
59 95
59 100
59 101
59 102
59 103
60 60
60 61
60 62
60 63
60 66
60 80
60 100
60 101
60 102
60 108
61 61
61 63
61 65
61 77
61 89
61 95
61 100
61 101
61 102
61 112
62 62
62 63
62 66
62 72
62 73
62 74
62 76
62 78
62 80
62 81
62 83
62 95
62 100
62 101
62 102
63 63
63 66
63 72
63 73
63 74
63 78
63 79
63 80
63 81
63 95
63 96
63 100
63 101
63 102
64 64
64 67
64 82
64 84
64 86
64 87
64 88
64 89
64 92
64 93
64 106
64 110
65 65
65 67
65 85
65 87
65 88
65 89
65 92
66 66
66 67
66 68
66 69
66 80
66 81
66 94
66 103
66 107
67 67
67 69
67 84
67 86
67 88
67 92
67 110
68 68
68 69
68 70
68 72
68 75
68 78
68 79
68 80
68 81
68 97
68 99
68 102
68 103
68 105
68 109
68 111
68 115
69 69
69 90
69 110
69 111
70 70
70 71
70 73
70 74
70 76
70 77
70 113
70 115
71 71
71 73
71 75
71 94
71 109
71 110
71 111
71 115
72 72
72 73
72 74
72 75
72 76
72 77
72 78
72 79
72 80
72 81
72 95
72 100
72 101
72 102
73 73
73 74
73 75
73 76
73 77
73 79
73 80
73 81
73 85
73 100
74 74
74 76
74 77
74 78
74 79
74 80
74 81
74 100
74 115
75 75
75 76
75 77
75 78
75 80
75 81
75 83
75 109
76 76
76 77
76 79
76 80
76 81
76 85
76 99
76 108
76 114
77 77
77 80
77 81
77 95
77 100
77 106
77 109
77 114
78 78
78 79
78 80
78 81
78 99
78 109
79 79
79 80
79 81
79 96
79 97
79 98
79 99
79 105
79 107
79 111
79 115
80 80
80 81
80 95
80 99
80 101
80 102
81 81
81 95
81 96
81 100
81 101
81 102
82 82
82 83
82 84
82 86
82 87
82 88
83 83
83 85
83 103
84 84
84 85
84 86
84 87
84 88
84 89
84 93
85 85
85 88
86 86
86 87
86 88
86 93
86 110
87 87
87 88
87 89
87 92
87 110
88 88
88 89
88 92
88 93
88 94
89 89
89 92
89 93
90 90
90 91
90 92
90 93
90 98
90 101
90 102
90 103
90 113
91 91
91 92
91 93
91 101
91 102
91 103
92 92
92 93
92 103
92 106
92 107
93 93
93 101
93 102
93 103
93 106
93 107
94 94
94 95
94 97
94 104
94 107
94 108
94 109
94 110
95 95
95 97
95 99
95 101
95 102
95 103
95 104
95 109
95 115
96 96
96 97
96 98
96 99
96 110
97 97
97 98
97 99
97 104
97 105
97 108
97 109
97 110
97 111
97 113
97 114
97 115
98 98
98 99
98 111
98 112
99 99
99 104
99 105
99 109
99 111
99 112
99 113
99 114
99 115
100 100
100 101
100 102
100 106
101 101
101 102
101 103
102 102
102 103
102 106
102 115
103 103
103 104
103 107
104 104
104 105
104 106
104 109
104 113
104 114
104 115
105 105
105 106
105 109
105 111
105 114
105 115
106 106
106 107
106 110
106 113
107 107
108 108
108 109
109 109
109 110
109 111
109 112
109 113
109 114
109 115
110 110
110 111
110 113
111 111
111 112
111 113
111 114
111 115
112 112
112 113
112 114
113 113
113 115
114 114
114 115
115 115
