0 0
0 1
0 8
0 12
0 17
0 18
0 28
0 48
0 52
0 56
0 58
0 60
0 62
0 63
0 72
0 74
0 75
0 76
0 90
0 94
0 95
0 96
0 99
0 102
0 104
0 108
0 113
0 114
0 115
1 1
1 7
1 11
1 19
1 49
1 51
1 52
1 56
1 57
1 58
1 59
1 60
1 61
1 63
1 65
1 68
1 89
1 90
1 91
1 92
1 100
1 101
1 102
1 103
1 104
1 106
1 107
2 2
2 6
2 20
2 22
2 23
2 24
2 25
2 27
2 30
2 32
2 33
2 34
2 35
2 36
2 40
2 70
2 93
2 110
2 111
2 113
3 3
3 7
3 11
3 22
3 23
3 25
3 30
3 31
3 33
3 34
3 64
3 72
3 74
3 76
4 4
4 5
4 6
4 8
4 9
4 10
4 14
4 15
4 19
4 20
4 26
4 53
4 58
4 59
4 68
4 69
4 86
4 87
4 90
4 91
4 92
4 93
4 100
4 101
4 105
4 107
5 5
5 7
5 8
5 9
5 15
5 19
5 20
5 25
5 26
5 45
5 59
5 67
5 90
5 91
5 92
5 100
5 101
5 102
6 6
6 8
6 22
6 30
6 31
6 40
6 64
6 70
6 71
6 74
6 76
6 113
7 7
7 9
7 11
7 13
7 15
7 17
7 61
7 64
7 65
7 89
7 90
7 92
7 100
8 8
8 9
8 14
8 15
8 20
8 26
8 53
8 70
8 90
8 99
8 100
9 9
9 15
9 19
9 26
9 48
9 52
9 53
9 58
9 90
9 91
9 92
9 99
9 100
9 101
9 112
10 10
10 11
10 12
10 13
10 14
10 15
10 19
10 28
10 53
10 70
10 71
10 75
10 107
11 11
11 13
11 15
11 17
11 29
11 31
11 61
11 65
11 71
11 75
11 81
11 85
12 12
12 13
12 14
12 15
12 16
12 17
12 19
12 28
12 29
12 53
12 60
12 62
12 63
12 70
12 71
12 72
12 73
12 74
12 75
12 79
12 81
13 13
13 14
13 15
13 16
13 17
13 19
13 28
13 29
13 51
13 53
13 60
13 61
13 63
13 65
13 71
13 72
13 73
13 75
13 107
14 14
14 15
14 16
14 20
14 28
14 29
14 30
14 31
14 44
14 48
14 70
14 71
14 72
14 73
14 74
14 75
14 87
15 15
15 19
15 20
15 21
15 26
15 29
15 41
15 50
15 70
15 71
15 87
15 92
15 100
16 16
16 17
16 28
16 29
16 52
16 53
16 56
16 60
16 62
16 63
16 70
16 72
16 73
16 74
16 79
16 80
16 81
17 17
17 28
17 29
17 52
17 56
17 57
17 60
17 61
17 62
17 63
17 65
17 72
17 79
17 80
17 81
18 18
18 28
18 32
18 36
18 52
18 62
18 72
18 74
18 76
18 77
18 95
18 97
18 99
18 108
18 109
18 111
19 19
19 21
19 26
19 44
19 49
19 51
19 53
19 56
19 58
19 59
19 61
19 63
19 68
19 87
19 90
19 91
19 92
19 93
19 101
19 102
19 105
19 106
19 107
19 114
20 20
20 21
20 24
20 25
20 26
20 40
20 41
20 70
20 71
20 73
20 92
20 100
20 103
21 21
21 23
21 24
21 25
21 26
21 27
21 41
21 44
21 45
21 59
21 67
21 82
21 83
21 84
21 91
21 92
21 93
21 100
21 102
21 106
21 107
22 22
22 23
22 24
22 25
22 27
22 30
22 31
22 32
22 33
22 34
22 35
22 40
22 50
22 82
22 84
22 88
22 110
23 23
23 24
23 25
23 26
23 27
23 30
23 31
23 33
23 34
23 35
23 45
23 50
23 82
23 83
23 84
23 85
23 86
23 87
23 88
23 109
23 110
24 24
24 25
24 26
24 27
24 30
24 31
24 32
24 34
24 35
24 38
24 40
24 41
24 50
24 66
24 71
24 82
24 84
24 88
24 96
24 110
25 25
25 26
25 27
25 30
25 31
25 33
25 34
25 35
25 40
25 41
25 45
25 50
25 67
25 82
25 83
25 84
25 85
25 88
25 109
25 110
26 26
26 27
26 38
26 45
26 49
26 59
26 67
26 68
26 69
26 82
26 83
26 86
26 87
26 88
26 90
26 91
26 92
26 93
26 100
26 101
26 102
26 103
26 107
27 27
27 34
27 35
27 38
27 40
27 45
27 50
27 54
27 66
27 67
27 82
27 83
27 86
27 87
27 88
27 91
27 92
27 93
27 109
27 110
27 111
28 28
28 29
28 30
28 31
28 36
28 62
28 70
28 71
28 72
28 73
28 74
28 75
28 76
28 78
28 79
28 80
28 81
28 84
28 95
28 97
28 108
28 109
28 113
28 115
29 29
29 30
29 31
29 36
29 37
29 41
29 70
29 71
29 72
29 73
29 74
29 75
29 79
29 80
29 81
29 84
29 95
29 105
29 115
30 30
30 31
30 33
30 34
30 36
30 37
30 40
30 41
30 43
30 50
30 70
30 71
30 72
30 73
30 74
30 78
30 80
30 84
30 95
30 115
31 31
31 33
31 34
31 50
31 70
31 71
31 72
31 80
31 82
31 84
31 85
32 32
32 33
32 34
32 36
32 40
32 66
32 68
32 79
32 80
32 81
32 82
32 84
32 85
32 93
33 33
33 34
33 35
33 36
33 62
33 64
33 72
33 79
33 80
33 81
33 85
34 34
34 35
34 36
34 39
34 40
34 41
34 42
34 43
34 46
34 47
34 50
34 66
34 67
34 77
34 78
34 85
34 88
34 96
34 97
34 110
34 113
35 35
35 40
35 43
35 45
35 46
35 66
35 67
35 77
35 82
35 83
35 85
35 88
35 96
35 110
36 36
36 37
36 39
36 40
36 41
36 43
36 46
36 47
36 54
36 55
36 62
36 70
36 72
36 73
36 74
36 75
36 76
36 77
36 78
36 79
36 80
36 81
36 84
36 85
36 95
36 96
36 97
36 99
36 108
36 109
36 110
36 111
36 112
36 113
36 115
37 37
37 39
37 41
37 43
37 46
37 55
37 70
37 72
37 73
37 74
37 75
37 76
37 77
37 78
37 79
37 81
37 84
37 85
37 94
37 95
37 96
37 97
37 98
37 99
37 109
37 112
37 113
37 114
37 115
38 38
38 39
38 54
38 66
38 69
38 73
38 88
38 96
38 102
38 104
38 105
38 106
38 107
38 114
38 115
39 39
39 40
39 41
39 46
39 54
39 55
39 66
39 79
39 85
39 88
39 96
39 98
39 106
39 112
39 115
40 40
40 41
40 55
40 64
40 66
40 70
40 72
40 74
40 76
40 77
40 82
40 83
40 85
40 88
40 95
40 97
40 99
40 108
40 109
40 110
40 111
40 112
41 41
41 55
41 70
41 73
41 82
41 83
41 95
41 96
41 97
41 105
41 110
41 112
42 42
42 43
42 44
42 46
42 47
42 50
42 55
42 78
42 94
42 98
42 99
42 108
42 113
42 115
43 43
43 44
43 46
43 47
43 50
43 55
43 72
43 78
43 95
43 96
43 97
43 98
43 99
43 108
43 110
43 111
43 112
43 113
43 115
44 44
44 45
44 47
44 48
44 49
44 58
44 84
44 91
45 45
45 49
45 51
45 59
45 67
45 82
45 83
45 91
45 92
45 93
45 101
46 46
46 47
46 54
46 55
46 66
46 76
46 77
46 78
46 79
46 80
46 95
46 96
46 97
46 98
46 99
46 108
46 109
46 110
46 111
46 112
46 113
46 115
47 47
47 48
47 54
47 55
47 58
47 66
47 76
47 77
47 94
47 95
47 96
47 97
47 98
47 99
47 108
47 109
47 110
47 111
47 112
47 113
47 115
48 48
48 49
48 50
48 51
48 52
48 53
48 58
48 60
48 62
48 75
48 90
48 91
48 98
48 100
48 102
48 104
48 115
49 49
49 51
49 53
49 58
49 59
49 61
49 67
49 90
49 91
49 92
49 98
49 101
49 102
49 107
50 50
50 115
51 51
51 52
51 53
51 58
51 59
51 61
51 63
51 65
51 89
51 90
51 91
51 104
51 107
52 52
52 53
52 54
52 56
52 57
52 58
52 60
52 61
52 62
52 63
52 68
52 86
52 87
52 89
52 90
52 91
52 99
52 102
52 104
52 108
53 53
53 55
53 58
53 61
53 71
53 90
53 91
53 114
54 54
54 55
54 76
54 77
54 88
54 89
54 90
54 96
54 97
54 98
54 99
54 109
54 110
54 111
54 112
54 113
55 55
55 58
55 62
55 76
55 77
55 78
55 89
55 94
55 95
55 96
55 97
55 98
55 99
55 108
55 109
55 110
55 111
55 112
55 113
56 56
56 57
56 58
56 60
56 61
56 62
56 63
56 65
56 68
56 81
56 89
56 106
57 57
57 58
57 59
57 60
57 61
57 63
57 65
57 66
57 68
57 69
57 88
57 89
57 90
57 106
58 58
58 59
58 61
58 63
58 86
58 87
58 89
58 90
58 91
58 94
58 98
58 99
59 59
59 61
59 63
59 65
59 66
59 67
59 68
59 69
59 89
59 90
59 91
59 92
59 93
59 100
59 101
59 102
59 103
59 106
59 107
60 60
60 61
60 62
60 63
60 65
60 72
60 74
60 75
61 61
61 62
61 63
61 65
61 89
61 90
61 91
61 101
61 102
61 104
61 106
61 107
62 62
62 63
62 72
62 74
62 75
62 76
62 77
62 79
62 94
62 95
62 96
62 97
62 99
62 108
62 112
62 113
63 63
63 65
63 68
63 89
63 90
64 64
64 65
64 85
64 88
65 65
65 85
65 89
65 90
66 66
66 67
66 68
66 69
66 82
66 84
66 88
66 93
66 96
66 106
66 110
66 111
67 67
67 68
67 69
67 82
67 83
67 88
67 90
67 91
67 92
67 93
67 100
67 101
67 103
68 68
68 69
68 92
68 93
68 101
68 102
68 103
68 106
69 69
69 88
69 91
69 93
69 101
69 105
69 106
70 70
70 71
70 72
70 73
70 74
70 75
70 76
70 77
70 95
70 109
70 112
70 113
71 71
71 72
71 73
71 75
71 76
71 105
72 72
72 73
72 74
72 75
72 76
72 77
72 78
72 79
72 80
72 81
72 94
72 95
72 97
72 99
72 108
72 109
72 112
72 113
72 114
72 115
73 73
73 74
73 75
73 76
73 79
73 95
73 96
73 105
73 112
73 114
73 115
74 74
74 75
74 76
74 77
74 79
74 94
74 95
74 96
74 97
74 108
74 113
74 115
75 75
75 76
75 94
75 95
75 96
75 97
75 104
75 105
75 108
75 113
75 114
75 115
76 76
76 77
76 78
76 79
76 94
76 95
76 96
76 97
76 99
76 108
76 109
76 110
76 111
76 112
76 113
76 115
77 77
77 78
77 79
77 82
77 83
77 94
77 95
77 96
77 97
77 99
77 108
77 109
77 110
77 111
77 112
77 113
78 78
78 79
78 80
78 81
78 84
78 95
78 96
78 97
78 99
78 108
78 109
78 113
79 79
79 80
79 81
79 84
79 85
79 95
79 97
79 108
79 109
80 80
80 81
80 84
80 85
81 81
81 84
81 85
82 82
82 83
82 84
82 86
82 87
82 88
82 91
82 92
82 93
82 100
82 109
82 111
83 83
83 88
83 91
83 92
83 93
83 100
83 109
84 84
84 85
84 88
85 85
86 86
86 87
86 90
86 102
86 103
86 104
87 87
87 91
87 92
87 100
87 103
88 88
88 89
88 106
88 110
89 89
89 90
89 91
89 98
89 104
89 106
90 90
90 91
90 92
90 93
90 98
90 100
90 101
90 102
90 104
90 106
91 91
91 92
91 93
91 100
91 101
91 102
91 103
92 92
92 93
92 100
92 101
92 102
92 103
93 93
93 100
93 101
93 102
93 103
94 94
94 95
94 96
94 97
94 98
94 99
94 104
94 105
94 108
94 110
94 111
94 112
94 113
94 114
94 115
95 95
95 96
95 97
95 99
95 108
95 109
95 110
95 111
95 112
95 113
95 115
96 96
96 97
96 98
96 99
96 104
96 108
96 109
96 110
96 111
96 112
96 113
96 114
96 115
97 97
97 98
97 99
97 108
97 109
97 110
97 111
97 112
97 113
97 115
98 98
98 99
98 111
98 112
98 113
98 115
99 99
99 108
99 109
99 110
99 111
99 112
99 113
99 115
100 100
100 101
100 102
100 103
100 104
100 112
101 101
101 102
101 103
101 104
102 102
102 103
102 104
102 106
102 107
103 103
103 104
103 105
103 106
103 112
104 104
104 105
104 106
104 107
104 113
104 114
104 115
105 105
105 106
105 107
105 114
105 115
106 106
106 107
106 114
107 107
107 114
108 108
108 109
108 110
108 111
108 112
108 113
108 115
109 109
109 110
109 111
109 112
109 113
110 110
110 111
110 112
110 113
111 111
111 112
111 113
112 112
112 113
112 115
113 113
113 114
113 115
114 114
114 115
115 115
