0 0
0 1
0 6
0 8
0 10
0 12
0 14
0 16
0 18
0 19
0 28
0 36
0 40
0 52
0 53
0 56
0 57
0 58
0 69
0 74
0 82
0 83
0 86
0 87
0 91
0 98
1 1
1 10
1 14
1 18
1 19
1 29
1 32
1 52
1 53
1 57
1 59
1 61
1 68
1 69
1 83
1 98
1 112
2 2
2 6
2 7
2 22
2 27
2 60
2 64
2 88
2 93
2 96
3 3
3 7
3 9
3 11
3 13
3 15
3 17
3 18
3 23
3 25
3 29
3 30
3 31
3 65
3 83
3 92
3 100
4 4
4 5
4 8
4 9
4 10
4 12
4 13
4 14
4 15
4 16
4 26
4 48
4 49
4 51
4 52
4 61
4 65
4 70
4 98
4 100
4 102
5 5
5 9
5 20
5 21
5 24
5 25
5 26
5 27
5 34
5 35
5 39
5 42
5 43
5 44
5 45
5 47
5 49
5 50
5 51
5 65
5 67
5 71
5 95
5 96
5 110
6 6
6 7
6 8
6 10
6 12
6 13
6 14
6 16
6 18
6 28
6 29
6 30
6 32
6 33
6 60
6 62
6 63
6 64
6 72
6 91
6 101
7 7
7 8
7 9
7 11
7 13
7 15
7 30
7 31
7 33
7 45
7 60
7 61
7 62
7 63
7 64
7 65
7 67
7 92
7 100
7 101
8 8
8 9
8 10
8 11
8 12
8 13
8 14
8 15
8 16
8 17
8 18
8 19
8 28
8 29
8 60
8 61
8 63
8 72
8 79
8 91
9 9
9 11
9 13
9 15
9 29
9 31
9 45
9 60
9 61
9 63
9 65
9 71
9 75
9 90
9 92
9 100
10 10
10 12
10 14
10 15
10 16
10 19
10 28
10 36
10 56
10 60
10 69
10 72
10 80
10 86
10 91
10 101
11 11
11 13
11 15
11 17
11 29
11 31
11 33
11 60
11 61
11 63
11 65
11 75
11 77
11 90
11 92
11 100
12 12
12 14
12 15
12 16
12 28
12 56
12 60
12 69
12 72
12 80
12 86
12 91
12 101
13 13
13 15
13 17
13 29
13 31
13 33
13 60
13 61
13 62
13 63
13 65
13 90
13 92
13 100
14 14
14 15
14 16
14 19
14 22
14 28
14 36
14 40
14 53
14 56
14 69
14 72
14 80
14 83
14 84
14 86
14 91
14 93
15 15
15 17
15 28
15 29
15 52
15 53
15 60
15 61
15 65
15 83
15 89
15 92
15 100
16 16
16 17
16 18
16 28
16 29
16 36
16 56
16 62
16 72
16 80
16 81
16 86
16 101
17 17
17 28
17 29
17 36
17 40
17 63
17 72
17 73
17 76
17 78
17 79
17 80
17 81
17 83
17 94
17 104
17 109
18 18
18 19
18 28
18 29
18 32
18 33
18 62
18 68
18 72
18 73
18 74
18 78
18 79
18 80
18 82
18 83
18 109
19 19
19 28
19 29
19 32
19 36
19 53
19 57
19 59
19 68
19 69
19 72
19 74
19 82
19 83
19 94
19 102
19 109
20 20
20 21
20 22
20 23
20 24
20 25
20 26
20 27
20 37
20 39
20 40
20 41
20 50
20 55
20 58
20 70
20 71
20 75
20 77
20 86
20 87
20 93
20 96
20 99
20 110
20 111
20 113
20 114
21 21
21 22
21 23
21 24
21 25
21 26
21 27
21 30
21 31
21 34
21 35
21 38
21 39
21 40
21 41
21 42
21 43
21 50
21 55
21 64
21 70
21 71
21 75
21 77
21 85
21 87
21 93
21 96
21 110
21 114
22 22
22 23
22 24
22 25
22 26
22 27
22 30
22 31
22 34
22 39
22 40
22 50
22 54
22 58
22 64
22 69
22 71
22 82
22 84
22 86
22 87
22 88
22 89
22 93
22 96
22 114
23 23
23 24
23 25
23 26
23 27
23 30
23 31
23 34
23 50
23 64
23 65
23 69
23 86
23 87
23 88
23 89
23 92
23 114
24 24
24 25
24 26
24 27
24 30
24 31
24 34
24 35
24 42
24 43
24 44
24 45
24 47
24 49
24 50
24 64
24 65
24 67
24 71
24 96
24 110
25 25
25 26
25 27
25 30
25 31
25 34
25 35
25 42
25 43
25 44
25 45
25 50
25 64
25 65
25 67
25 71
25 78
25 92
25 96
25 110
26 26
26 27
26 35
26 37
26 39
26 42
26 43
26 46
26 48
26 50
26 51
26 52
26 58
26 71
26 81
26 88
26 94
26 95
26 96
26 97
26 108
26 110
27 27
27 34
27 35
27 37
27 38
27 39
27 40
27 41
27 42
27 43
27 46
27 47
27 50
27 51
27 52
27 54
27 58
27 82
27 84
27 85
27 86
27 88
27 93
27 94
27 95
27 96
27 97
27 106
27 108
27 109
27 110
27 115
28 28
28 29
28 36
28 40
28 62
28 68
28 72
28 73
28 76
28 78
28 79
28 80
28 81
28 83
28 109
29 29
29 36
29 42
29 61
29 63
29 72
29 73
29 74
29 76
29 78
29 79
29 80
29 81
29 83
29 94
29 109
30 30
30 31
30 32
30 33
30 34
30 35
30 44
30 45
30 63
30 64
30 65
30 67
30 70
30 71
30 92
31 31
31 33
31 34
31 35
31 44
31 45
31 63
31 64
31 65
31 67
31 70
31 71
31 77
31 92
31 100
32 32
32 33
32 56
32 57
32 59
32 60
32 61
32 62
32 63
32 66
32 67
32 68
32 99
33 33
33 45
33 60
33 61
33 62
33 63
33 66
33 67
34 34
34 35
34 42
34 43
34 44
34 45
34 64
34 65
34 66
34 67
34 78
34 85
34 96
34 106
34 110
35 35
35 42
35 43
35 44
35 45
35 47
35 64
35 65
35 66
35 67
35 71
35 96
35 110
36 36
36 37
36 38
36 39
36 40
36 41
36 46
36 72
36 73
36 74
36 76
36 78
36 80
36 82
36 83
36 85
36 86
36 106
36 107
36 108
36 109
36 110
37 37
37 38
37 39
37 40
37 41
37 46
37 51
37 52
37 53
37 54
37 73
37 74
37 76
37 83
37 85
37 86
37 89
37 94
37 95
37 97
37 98
37 106
37 107
37 108
37 109
37 110
37 115
38 38
38 39
38 40
38 41
38 46
38 50
38 52
38 53
38 54
38 55
38 57
38 69
38 86
38 87
38 88
38 89
38 94
38 96
38 97
38 98
38 107
38 108
38 110
38 111
38 114
39 39
39 40
39 41
39 46
39 50
39 51
39 52
39 54
39 55
39 58
39 86
39 87
39 88
39 89
39 94
39 95
39 96
39 97
39 98
39 99
39 105
39 106
39 107
39 108
39 109
39 110
39 114
39 115
40 40
40 41
40 46
40 52
40 53
40 54
40 72
40 73
40 76
40 78
40 79
40 80
40 81
40 82
40 83
40 84
40 85
40 86
40 87
40 93
40 94
40 97
40 108
40 109
40 110
41 41
41 50
41 51
41 52
41 53
41 54
41 58
41 70
41 73
41 74
41 75
41 76
41 77
41 83
41 85
41 87
41 89
41 95
41 96
41 97
41 106
41 108
41 109
41 110
42 42
42 43
42 44
42 45
42 46
42 47
42 48
42 49
42 51
42 72
42 73
42 78
42 79
42 80
42 81
42 85
42 94
42 95
42 96
42 97
42 106
42 109
42 110
43 43
43 44
43 45
43 46
43 47
43 49
43 67
43 78
43 80
43 81
43 94
43 96
43 97
43 109
43 110
43 111
44 44
44 45
44 46
44 47
44 48
44 49
44 67
44 71
44 72
44 80
44 81
44 96
44 111
45 45
45 47
45 49
45 65
45 66
45 67
45 80
46 46
46 47
46 48
46 49
46 51
46 52
46 53
46 54
46 55
46 73
46 82
46 85
46 94
46 95
46 96
46 97
46 98
46 106
46 107
46 108
46 109
46 110
46 111
46 115
47 47
47 49
47 55
47 67
47 80
47 85
47 96
47 97
47 98
47 110
47 111
48 48
48 49
48 50
48 51
48 52
48 53
48 90
48 98
48 112
49 49
49 51
49 67
49 72
49 80
49 81
49 96
50 50
50 51
50 52
50 53
50 54
50 58
50 71
50 75
50 82
50 84
50 88
50 93
50 94
50 96
50 98
50 108
51 51
51 52
51 53
51 58
51 73
51 74
51 76
51 79
51 82
51 83
51 88
51 94
51 95
51 97
51 98
51 106
51 108
51 109
52 52
52 53
52 54
52 58
52 59
52 61
52 82
52 83
52 88
52 89
52 90
52 94
52 95
52 97
52 98
52 106
52 107
52 108
52 109
52 110
52 115
53 53
53 58
53 83
53 86
53 87
53 90
53 91
53 98
53 108
54 54
54 55
54 69
54 82
54 84
54 86
54 87
54 88
54 89
54 93
54 94
54 95
54 96
54 97
54 98
54 105
54 107
54 108
54 109
54 110
54 115
55 55
55 87
55 88
55 89
55 96
55 98
55 99
55 105
55 111
55 113
56 56
56 57
56 60
56 62
56 63
56 66
56 68
56 69
56 86
56 99
57 57
57 59
57 68
57 69
57 98
57 99
57 111
57 113
58 58
58 59
58 60
58 61
58 65
58 87
58 88
58 89
58 90
58 91
58 98
58 99
58 108
59 59
59 61
59 63
59 66
59 90
59 106
59 107
59 108
60 60
60 61
60 62
60 63
60 64
60 65
60 88
60 89
60 90
60 91
60 92
60 99
60 101
61 61
61 62
61 63
61 65
61 89
61 90
61 91
61 92
62 62
62 63
62 66
62 72
62 101
63 63
63 66
63 72
63 77
63 80
63 81
63 101
64 64
64 65
64 67
64 71
64 84
64 87
64 92
64 93
65 65
65 67
65 71
65 90
65 92
65 100
66 66
66 67
66 96
66 110
67 67
67 96
67 110
68 68
68 69
68 78
68 79
68 86
68 104
69 69
69 82
69 84
69 86
69 87
69 88
69 90
69 91
69 93
69 99
69 102
69 103
69 105
70 70
70 71
70 72
70 73
70 74
70 75
70 76
70 77
70 100
71 71
71 75
71 77
71 80
71 81
71 84
71 93
71 100
72 72
72 73
72 74
72 75
72 76
72 78
72 79
72 80
72 81
72 83
73 73
73 74
73 75
73 76
73 77
73 78
73 79
73 80
73 81
73 83
73 85
73 94
73 95
73 97
73 109
74 74
74 75
74 76
74 77
74 78
74 80
74 81
75 75
75 76
75 77
75 80
75 81
75 84
75 93
75 100
75 113
76 76
76 77
76 80
76 81
77 77
77 100
77 113
78 78
78 79
78 80
78 81
78 82
78 94
78 95
78 97
78 103
78 104
78 106
78 107
78 109
78 115
79 79
79 81
79 82
79 83
79 94
79 95
79 97
79 103
79 104
79 106
79 109
79 115
80 80
80 81
80 85
81 81
81 84
81 85
81 94
82 82
82 83
82 84
82 86
82 88
82 94
82 95
82 97
82 103
82 104
82 106
82 109
82 110
82 115
83 83
83 85
83 89
83 94
83 97
83 107
83 109
83 112
83 115
84 84
84 85
84 93
84 113
85 85
85 94
86 86
86 87
86 88
86 89
86 93
86 96
86 97
86 99
86 105
86 108
86 110
86 115
87 87
87 88
87 89
87 90
87 91
87 93
87 96
87 98
87 99
87 112
87 114
88 88
88 89
88 93
88 94
88 95
88 96
88 97
88 98
88 104
88 106
88 107
88 108
88 109
88 110
88 115
89 89
89 90
89 91
89 92
89 93
89 98
89 99
89 106
89 107
89 108
89 112
89 114
89 115
90 90
90 91
90 92
90 98
90 99
90 101
90 102
90 103
90 104
90 105
90 112
90 114
91 91
91 92
91 93
91 98
91 99
91 101
91 105
91 112
91 114
92 92
92 93
92 99
92 100
92 101
92 112
92 114
93 93
93 99
93 101
93 104
93 113
93 114
94 94
94 95
94 97
94 103
94 104
94 106
94 107
94 108
94 109
94 110
94 115
95 95
95 97
95 98
95 102
95 103
95 104
95 105
95 106
95 107
95 108
95 109
95 110
95 115
96 96
96 97
96 98
96 99
96 106
96 108
96 110
96 111
97 97
97 98
97 103
97 104
97 105
97 106
97 107
97 108
97 109
97 110
97 115
98 98
98 99
98 105
98 106
98 108
98 110
98 111
98 112
99 99
99 105
99 111
99 112
99 114
100 100
100 101
100 102
101 101
101 102
101 111
101 112
101 114
102 102
102 103
102 104
102 105
102 113
103 103
103 104
103 105
103 106
103 107
103 108
103 109
103 110
104 104
104 105
104 106
104 107
104 109
104 115
105 105
105 106
105 107
105 108
105 109
105 110
105 115
106 106
106 107
106 108
106 109
106 110
106 115
107 107
107 108
107 109
107 110
107 112
107 115
108 108
108 109
108 110
108 115
109 109
109 110
109 115
110 110
110 111
110 115
111 111
111 112
112 112
112 114
113 113
114 114
115 115
