0 0
0 1
0 6
0 11
0 12
0 16
0 18
0 19
0 28
0 30
0 32
0 33
0 54
0 56
0 57
0 60
0 61
0 68
0 69
0 71
0 72
0 82
0 89
1 1
1 10
1 11
1 12
1 13
1 14
1 15
1 16
1 19
1 20
1 28
1 30
1 32
1 33
1 56
1 57
1 58
1 59
1 60
1 61
1 62
1 63
1 68
1 71
1 72
1 80
1 81
1 82
1 89
1 96
1 108
2 2
2 5
2 6
2 7
2 8
2 9
2 10
2 22
2 23
2 27
2 34
2 35
2 37
2 41
2 42
2 61
2 65
2 73
2 77
2 88
2 90
2 92
2 93
2 95
2 101
2 103
2 105
2 109
3 3
3 6
3 7
3 10
3 11
3 13
3 14
3 15
3 19
3 22
3 23
3 26
3 30
3 31
3 61
3 64
3 65
3 70
3 71
3 75
3 76
3 87
3 88
3 89
3 92
3 100
4 4
4 6
4 7
4 13
4 14
4 15
4 20
4 26
4 30
4 55
4 70
4 71
4 82
4 89
4 90
4 91
4 92
4 93
4 99
4 100
4 103
5 5
5 6
5 8
5 9
5 17
5 22
5 23
5 24
5 25
5 27
5 34
5 35
5 37
5 41
5 42
5 47
5 53
5 64
5 65
5 67
5 73
5 74
5 75
5 76
5 77
5 83
5 85
5 88
5 90
5 92
5 93
5 95
5 100
5 101
5 102
5 105
5 109
5 113
6 6
6 7
6 9
6 10
6 11
6 14
6 18
6 22
6 23
6 25
6 30
6 31
6 34
6 42
6 64
6 65
6 88
6 91
6 92
6 93
6 101
6 111
7 7
7 10
7 11
7 13
7 14
7 15
7 20
7 23
7 26
7 30
7 31
7 60
7 61
7 65
7 70
7 75
7 89
7 100
7 108
8 8
8 10
8 11
8 12
8 24
8 27
8 29
8 35
8 36
8 37
8 60
8 61
8 65
8 73
8 77
8 85
8 92
8 93
8 100
8 112
9 9
9 17
9 22
9 23
9 24
9 25
9 27
9 34
9 35
9 37
9 41
9 53
9 64
9 65
9 67
9 73
9 74
9 75
9 76
9 77
9 83
9 85
9 88
9 90
9 92
9 93
9 100
9 101
9 109
10 10
10 11
10 12
10 13
10 14
10 15
10 52
10 58
10 60
10 61
10 62
10 64
10 65
10 75
10 85
10 93
10 100
10 102
10 108
11 11
11 12
11 13
11 14
11 15
11 28
11 52
11 60
11 61
11 62
11 65
11 75
11 77
11 85
11 91
11 93
11 100
11 108
12 12
12 13
12 15
12 16
12 28
12 29
12 41
12 50
12 58
12 60
12 62
12 63
12 72
12 80
12 81
12 101
12 103
12 108
13 13
13 14
13 15
13 20
13 26
13 28
13 30
13 31
13 52
13 58
13 59
13 60
13 61
13 62
13 65
13 75
13 89
13 108
14 14
14 15
14 18
14 20
14 22
14 23
14 26
14 28
14 30
14 31
14 52
14 62
14 64
14 68
14 75
14 82
14 91
15 15
15 20
15 21
15 26
15 28
15 30
15 31
15 52
15 60
15 61
15 62
15 65
15 71
15 75
15 83
15 89
15 91
15 108
16 16
16 17
16 28
16 29
16 32
16 33
16 38
16 44
16 51
16 56
16 57
16 59
16 62
16 63
16 66
16 68
16 69
16 72
16 74
16 78
16 79
16 80
16 81
16 86
17 17
17 24
17 27
17 28
17 29
17 34
17 35
17 37
17 38
17 41
17 47
17 53
17 56
17 57
17 63
17 66
17 67
17 73
17 74
17 78
17 79
17 80
17 81
17 83
17 84
17 86
18 18
18 19
18 22
18 23
18 30
18 31
18 32
18 33
18 56
18 57
18 68
18 72
18 82
18 84
18 87
18 106
18 107
19 19
19 23
19 28
19 30
19 31
19 32
19 33
19 56
19 57
19 68
19 69
19 70
19 71
19 72
19 79
19 80
19 81
19 82
19 84
19 107
20 20
20 21
20 26
20 30
20 31
20 32
20 33
20 40
20 46
20 54
20 58
20 60
20 62
20 63
20 72
20 80
20 82
20 89
20 99
21 21
21 26
21 28
21 30
21 31
21 32
21 33
21 60
21 62
21 70
21 71
21 72
21 79
21 80
21 111
22 22
22 23
22 24
22 25
22 27
22 31
22 34
22 35
22 38
22 53
22 64
22 84
22 85
22 88
22 91
22 92
22 93
23 23
23 24
23 25
23 31
23 34
23 35
23 64
23 65
23 67
23 75
23 77
23 83
23 84
23 88
23 90
23 91
23 92
23 93
23 97
24 24
24 25
24 27
24 34
24 35
24 38
24 64
24 66
24 67
24 69
24 74
24 77
24 79
24 84
24 86
24 88
24 90
24 92
24 93
24 95
24 104
24 105
24 110
24 112
24 114
25 25
25 27
25 31
25 34
25 35
25 38
25 64
25 67
25 69
25 79
25 84
25 88
25 90
25 91
25 92
25 93
25 110
26 26
26 30
26 32
26 48
26 49
26 60
26 61
26 70
26 71
26 89
26 99
26 106
26 111
27 27
27 34
27 35
27 37
27 41
27 53
27 64
27 65
27 67
27 73
27 74
27 75
27 77
27 83
27 85
27 88
27 95
27 106
28 28
28 29
28 32
28 33
28 56
28 57
28 60
28 62
28 63
28 68
28 72
28 74
28 78
28 79
28 80
28 81
28 83
28 87
28 108
29 29
29 33
29 36
29 37
29 38
29 41
29 57
29 61
29 62
29 63
29 66
29 72
29 73
29 74
29 78
29 79
29 80
29 81
29 84
29 85
29 87
30 30
30 31
30 32
30 33
30 56
30 60
30 62
30 68
30 70
30 71
30 72
30 82
30 87
30 89
30 99
30 111
31 31
31 33
31 64
31 70
31 89
31 97
31 115
32 32
32 33
32 36
32 39
32 40
32 44
32 49
32 56
32 57
32 59
32 62
32 63
32 66
32 68
32 69
32 71
32 72
32 78
32 79
32 80
32 81
32 82
32 89
33 33
33 36
33 40
33 56
33 57
33 61
33 62
33 63
33 68
33 70
33 72
33 79
33 80
33 81
33 82
33 96
34 34
34 35
34 38
34 64
34 65
34 67
34 73
34 76
34 77
34 83
34 84
34 88
34 92
34 93
34 109
35 35
35 37
35 42
35 43
35 45
35 47
35 53
35 64
35 65
35 67
35 76
35 77
35 84
35 85
35 86
35 88
35 92
35 93
35 95
35 101
35 109
35 110
36 36
36 37
36 38
36 39
36 40
36 54
36 55
36 56
36 57
36 59
36 63
36 66
36 71
36 72
36 73
36 79
36 80
36 81
36 84
36 89
36 96
36 97
36 98
36 99
36 115
37 37
37 40
37 41
37 47
37 53
37 55
37 73
37 74
37 75
37 76
37 77
37 85
37 88
37 92
37 95
38 38
38 39
38 40
38 54
38 55
38 56
38 57
38 66
38 67
38 68
38 69
38 78
38 79
38 81
38 84
38 86
38 88
38 94
38 96
38 97
38 110
38 115
39 39
39 41
39 54
39 55
39 56
39 57
39 66
39 70
39 82
39 86
39 94
39 97
39 108
39 109
39 110
40 40
40 54
40 55
40 56
40 57
40 59
40 63
40 66
40 68
40 72
40 78
40 79
40 80
40 81
40 84
40 94
40 96
40 97
40 98
40 115
41 41
41 53
41 61
41 73
41 74
41 76
41 77
41 83
41 85
41 95
41 101
41 103
41 105
41 108
41 109
42 42
42 43
42 44
42 45
42 46
42 47
42 48
42 49
42 51
42 55
42 67
42 86
42 90
42 98
42 109
42 110
43 43
43 44
43 45
43 46
43 47
43 48
43 49
43 50
43 51
43 54
43 55
43 58
43 67
43 86
43 96
44 44
44 45
44 46
44 47
44 48
44 49
44 50
44 51
44 54
44 55
44 56
44 57
44 58
44 59
44 63
44 66
44 72
44 78
44 79
44 80
44 81
44 86
44 96
44 98
44 110
45 45
45 46
45 47
45 48
45 49
45 50
45 51
45 55
45 66
45 67
45 86
45 96
45 110
46 46
46 47
46 48
46 49
46 50
46 51
46 54
46 55
46 58
46 59
46 63
46 66
46 78
46 96
46 98
46 99
46 111
47 47
47 48
47 49
47 50
47 51
47 53
47 55
47 58
47 66
47 67
47 86
47 90
47 96
47 98
47 109
47 110
47 114
48 48
48 49
48 50
48 51
48 52
48 53
48 55
48 58
48 59
48 86
48 104
49 49
49 50
49 51
49 52
49 53
49 54
49 55
49 56
49 58
49 59
49 63
49 86
49 96
49 98
50 50
50 51
50 52
50 58
50 59
50 63
50 65
50 66
50 67
50 86
50 96
50 112
51 51
51 52
51 53
51 55
51 58
51 59
51 86
51 104
52 52
52 58
52 59
52 62
52 63
52 65
52 82
52 91
52 93
52 100
52 113
53 53
53 58
53 73
53 74
53 77
53 83
53 85
53 88
53 92
53 93
53 95
53 100
53 102
53 105
54 54
54 55
54 56
54 57
54 59
54 63
54 66
54 69
54 72
54 82
54 86
54 89
54 96
54 98
54 99
54 103
54 113
54 114
55 55
55 56
55 57
55 58
55 59
55 66
55 69
55 89
55 94
55 96
55 97
55 98
55 99
56 56
56 57
56 59
56 63
56 66
56 68
56 69
56 70
56 71
56 72
56 78
56 79
56 80
56 81
56 82
56 96
56 98
56 99
57 57
57 59
57 63
57 66
57 68
57 69
57 72
57 78
57 79
57 80
57 81
57 84
57 86
57 96
57 98
57 99
57 115
58 58
58 59
58 60
58 62
58 63
59 59
59 60
59 62
59 63
59 66
59 69
59 72
59 80
59 81
59 96
59 98
59 99
59 100
59 104
59 106
60 60
60 61
60 62
60 63
60 71
60 72
60 89
61 61
61 65
61 73
61 74
61 75
61 76
61 89
61 95
61 100
61 108
62 62
62 63
62 72
62 80
62 81
63 63
63 66
63 72
63 78
63 80
63 81
63 96
64 64
64 65
64 67
64 73
64 75
64 76
64 77
64 83
64 85
64 88
64 92
64 93
65 65
65 73
65 75
65 76
65 77
65 85
65 88
65 92
65 93
65 100
65 113
66 66
66 67
66 68
66 69
66 78
66 79
66 80
66 81
66 86
66 96
66 98
66 109
66 110
66 114
66 115
67 67
67 77
67 86
67 109
67 110
68 68
68 69
68 71
68 72
68 78
68 79
68 80
68 81
68 82
68 84
68 94
68 99
69 69
69 78
69 79
69 80
69 90
69 98
69 99
69 110
69 114
70 70
70 71
70 82
70 89
70 97
70 98
70 99
70 115
71 71
71 89
71 108
72 72
72 74
72 78
72 79
72 80
72 81
72 87
72 89
72 96
72 99
72 114
72 115
73 73
73 74
73 75
73 76
73 77
73 83
73 85
73 87
73 88
73 92
73 95
73 100
73 101
73 102
73 105
73 112
73 113
74 74
74 75
74 76
74 81
74 83
74 85
74 95
75 75
75 76
75 77
75 83
75 85
75 88
75 95
75 108
76 76
76 77
76 85
76 88
76 93
76 100
76 112
77 77
77 83
77 85
77 88
77 90
77 92
77 93
77 95
77 100
77 101
77 109
77 112
78 78
78 79
78 80
78 81
78 84
78 98
78 114
79 79
79 80
79 81
79 84
79 96
79 115
80 80
80 81
80 82
80 83
80 84
80 96
81 81
81 84
81 96
82 82
82 86
82 89
82 96
82 103
83 83
83 85
84 84
84 88
84 115
85 85
85 87
85 88
85 95
85 108
86 86
86 110
87 87
88 88
88 90
88 92
88 93
88 94
88 95
88 100
88 102
88 113
89 89
89 98
89 99
89 115
90 90
90 91
90 92
90 97
90 98
90 99
90 100
90 102
90 103
90 104
90 109
90 110
90 111
90 112
90 114
91 91
91 92
91 93
91 98
91 99
91 100
91 101
91 103
91 104
91 109
91 112
91 113
91 114
91 115
92 92
92 93
92 95
92 100
92 101
92 102
92 103
92 105
92 113
93 93
93 100
93 101
93 103
93 105
93 109
93 113
94 94
94 95
94 97
94 107
94 115
95 95
95 97
95 108
96 96
96 98
96 99
96 110
96 115
97 97
97 99
97 107
97 109
97 115
98 98
98 99
98 102
98 104
98 110
98 111
98 115
99 99
99 104
99 111
99 112
99 115
100 100
100 101
100 102
100 103
100 104
100 112
100 113
100 114
101 101
101 103
101 105
101 109
101 112
101 114
102 102
102 103
102 104
102 109
102 113
103 103
103 104
103 105
103 106
103 107
103 109
104 104
104 105
104 106
104 107
104 111
104 113
105 105
105 106
105 107
105 113
106 106
106 107
106 108
107 107
107 108
108 108
109 109
109 110
110 110
110 114
110 115
111 111
111 112
112 112
112 113
112 114
113 113
113 114
114 114
115 115
