0 0
0 1
0 2
0 4
0 6
0 7
0 9
0 13
0 15
0 18
0 19
0 56
0 58
0 60
0 61
0 65
0 73
0 74
0 75
0 82
1 1
1 12
1 13
1 18
1 52
1 56
1 57
1 58
1 59
1 60
1 61
1 63
1 66
1 68
1 74
1 89
1 113
2 2
2 3
2 4
2 6
2 7
2 8
2 10
2 12
2 18
2 19
2 22
2 24
2 32
2 50
2 58
2 60
2 64
2 65
2 90
2 92
2 93
3 3
3 4
3 5
3 7
3 18
3 19
3 20
3 22
3 23
3 24
3 25
3 30
3 31
3 64
3 85
3 88
3 89
3 92
3 93
3 101
3 113
4 4
4 5
4 6
4 7
4 8
4 9
4 14
4 15
4 18
4 19
4 20
4 24
4 26
4 27
4 38
4 39
4 60
4 64
4 65
4 75
4 82
4 90
4 96
4 101
5 5
5 8
5 9
5 14
5 15
5 20
5 21
5 23
5 24
5 25
5 26
5 27
5 31
5 34
5 67
5 71
5 75
5 82
5 83
5 85
5 110
6 6
6 7
6 8
6 9
6 10
6 12
6 13
6 18
6 19
6 32
6 33
6 48
6 50
6 60
6 62
6 64
6 65
6 91
7 7
7 8
7 9
7 12
7 13
7 18
7 19
7 60
7 65
7 90
7 92
7 100
7 102
8 8
8 9
8 13
8 14
8 15
8 19
8 26
8 35
8 48
8 58
8 60
8 65
8 67
8 90
8 100
8 101
8 110
9 9
9 14
9 15
9 19
9 21
9 24
9 26
9 27
9 35
9 45
9 65
9 67
9 75
9 82
9 83
9 90
9 100
9 101
9 110
10 10
10 11
10 12
10 13
10 14
10 16
10 28
10 32
10 50
10 54
10 62
10 74
10 78
10 82
10 85
11 11
11 12
11 13
11 16
11 17
11 28
11 32
11 33
11 44
11 48
11 49
11 50
11 54
11 62
11 65
11 78
11 82
11 83
11 85
11 98
12 12
12 13
12 16
12 18
12 28
12 32
12 50
12 58
12 60
12 80
12 92
13 13
13 16
13 37
13 44
13 48
13 49
13 58
13 60
13 61
13 65
13 75
13 96
13 98
13 99
14 14
14 15
14 19
14 24
14 25
14 26
14 27
14 37
14 74
14 75
14 76
14 82
14 83
14 91
14 93
14 101
14 110
15 15
15 19
15 21
15 24
15 25
15 26
15 27
15 29
15 35
15 37
15 38
15 41
15 56
15 61
15 62
15 73
15 74
15 75
15 76
15 77
15 82
15 83
16 16
16 17
16 28
16 33
16 36
16 37
16 42
16 43
16 44
16 45
16 46
16 48
16 49
16 55
16 57
16 62
16 71
16 78
16 79
16 80
16 81
16 86
16 109
17 17
17 28
17 29
17 30
17 36
17 39
17 40
17 41
17 43
17 46
17 49
17 55
17 56
17 57
17 63
17 74
17 76
17 78
17 79
17 80
17 81
17 84
17 87
17 98
17 111
17 112
18 18
18 19
18 58
18 59
18 60
18 68
18 93
18 100
18 101
19 19
19 26
19 60
19 65
19 68
19 100
19 101
19 104
19 107
19 110
20 20
20 21
20 23
20 24
20 25
20 26
20 27
20 34
20 67
20 68
20 69
20 70
20 76
20 84
20 89
20 95
21 21
21 24
21 25
21 26
21 27
21 38
21 47
21 53
21 67
21 69
21 71
21 76
21 77
21 104
21 105
21 107
22 22
22 23
22 24
22 25
22 31
22 34
22 50
22 53
22 64
22 84
22 88
22 89
22 91
22 92
22 93
22 95
22 108
23 23
23 24
23 25
23 27
23 30
23 31
23 34
23 53
23 64
23 84
23 85
23 88
23 89
23 91
23 93
23 95
23 103
23 113
23 114
23 115
24 24
24 25
24 26
24 27
24 34
24 67
24 68
24 69
24 70
24 88
24 89
24 92
24 93
24 101
24 110
24 114
25 25
25 26
25 27
25 30
25 31
25 34
25 53
25 67
25 69
25 70
25 76
25 77
25 83
25 84
25 85
25 89
25 104
25 105
25 107
25 110
25 114
25 115
26 26
26 27
26 38
26 47
26 71
26 75
26 83
26 85
26 105
27 27
27 34
27 37
27 38
27 47
27 70
27 71
27 74
27 75
27 76
27 77
27 83
27 85
27 89
27 105
28 28
28 29
28 30
28 32
28 33
28 36
28 37
28 40
28 41
28 42
28 43
28 46
28 55
28 62
28 72
28 74
28 76
28 77
28 78
28 79
28 80
28 81
28 83
28 84
28 112
29 29
29 30
29 31
29 37
29 40
29 41
29 53
29 56
29 61
29 63
29 72
29 73
29 74
29 76
29 77
29 79
29 80
29 81
29 83
29 87
29 94
29 95
29 99
29 105
29 106
29 107
29 111
29 112
29 113
29 114
29 115
30 30
30 31
30 33
30 36
30 64
30 72
30 74
30 75
30 76
30 79
30 80
30 81
30 83
30 84
30 96
31 31
31 33
31 39
31 41
31 62
31 64
31 72
31 73
31 75
31 81
31 82
31 83
31 87
31 91
31 95
31 96
31 108
31 111
32 32
32 33
32 44
32 45
32 48
32 49
32 50
32 55
32 96
32 98
33 33
33 35
33 41
33 42
33 43
33 44
33 45
33 46
33 48
33 49
33 50
33 55
33 62
33 65
33 76
33 77
33 83
33 96
33 98
33 99
34 34
34 35
34 41
34 53
34 71
34 72
34 77
34 84
34 103
34 104
34 105
34 106
34 107
34 110
34 114
35 35
35 45
35 64
35 65
35 73
35 75
35 76
35 77
35 82
35 83
35 109
35 110
36 36
36 37
36 38
36 39
36 40
36 41
36 42
36 43
36 46
36 54
36 55
36 72
36 74
36 75
36 76
36 78
36 79
36 80
36 81
36 84
36 85
36 86
36 87
36 89
36 96
36 98
36 109
36 111
36 112
37 37
37 38
37 39
37 40
37 41
37 43
37 46
37 47
37 53
37 54
37 55
37 62
37 73
37 74
37 75
37 76
37 77
37 78
37 81
37 82
37 83
37 87
37 91
37 96
37 97
37 98
37 99
37 109
37 111
37 112
38 38
38 39
38 40
38 41
38 53
38 54
38 55
38 56
38 74
38 75
38 76
38 77
38 78
38 79
38 81
38 83
38 87
38 96
38 97
38 98
38 111
38 112
39 39
39 40
39 41
39 54
39 55
39 62
39 64
39 74
39 75
39 78
39 79
39 81
39 83
39 87
39 90
39 91
39 94
39 95
39 96
39 97
39 98
39 108
39 109
39 111
39 112
40 40
40 41
40 46
40 53
40 55
40 74
40 78
40 79
40 80
40 81
40 87
40 96
40 98
40 109
40 111
40 112
41 41
41 42
41 46
41 53
41 54
41 55
41 56
41 62
41 64
41 72
41 73
41 74
41 75
41 76
41 77
41 78
41 79
41 81
41 83
41 87
41 96
41 98
41 99
41 112
42 42
42 43
42 44
42 45
42 46
42 47
42 49
42 55
42 70
42 71
42 76
42 77
42 78
42 80
42 81
42 82
42 86
42 96
42 98
42 99
42 107
42 111
42 112
43 43
43 44
43 45
43 46
43 47
43 48
43 49
43 51
43 55
43 76
43 78
43 80
43 81
43 86
43 87
43 96
43 98
43 99
43 111
43 112
44 44
44 45
44 46
44 47
44 48
44 49
44 51
44 55
44 65
44 76
44 86
44 87
44 96
44 98
44 99
45 45
45 46
45 47
45 48
45 49
45 51
45 55
45 65
45 67
45 76
45 77
45 86
45 87
45 96
45 98
45 99
45 104
45 110
46 46
46 47
46 49
46 55
46 76
46 77
46 78
46 80
46 81
46 96
46 98
46 99
46 105
46 106
46 109
46 111
46 112
47 47
47 49
47 55
47 76
47 77
47 86
47 87
47 96
47 98
47 99
47 104
47 105
47 106
47 107
47 110
47 111
48 48
48 49
48 50
48 51
48 58
48 60
48 61
48 65
48 98
48 99
48 102
49 49
49 50
49 51
49 55
49 65
49 76
49 87
49 96
49 98
49 99
50 50
50 51
50 52
50 54
50 58
50 66
50 97
50 108
50 109
51 51
51 52
51 53
51 54
51 58
51 59
51 65
51 66
51 67
51 97
51 98
52 52
52 53
52 54
52 56
52 57
52 58
52 59
52 61
52 63
52 66
52 68
52 89
53 53
53 54
53 56
53 59
53 61
53 63
53 73
53 76
53 77
53 79
53 83
53 91
53 105
53 109
53 115
54 54
54 55
54 63
54 70
54 76
54 78
54 87
54 89
54 96
54 112
55 55
55 62
55 75
55 76
55 78
55 81
55 82
55 83
55 86
55 87
55 96
55 97
55 98
55 99
55 109
55 111
55 112
56 56
56 57
56 59
56 61
56 63
56 68
56 69
56 70
56 72
56 73
56 74
56 75
56 76
56 77
56 78
56 79
56 80
56 81
56 88
56 89
56 100
56 104
56 105
56 106
56 107
56 112
57 57
57 58
57 59
57 61
57 63
57 66
57 68
57 69
57 70
57 72
57 78
57 79
57 80
57 81
57 84
57 89
57 95
57 112
57 114
57 115
58 58
58 59
58 60
58 61
58 63
58 66
58 67
58 68
58 69
58 100
58 102
59 59
59 60
59 61
59 63
59 66
59 67
59 68
59 69
59 89
59 94
59 95
59 100
59 102
59 103
59 104
59 105
59 107
59 113
59 114
59 115
60 60
60 61
60 63
60 64
60 65
60 100
60 102
61 61
61 63
61 66
61 69
61 73
61 100
61 102
61 103
61 104
61 105
61 107
61 114
61 115
62 62
62 72
62 74
62 75
62 82
62 83
62 91
62 96
63 63
63 66
63 72
63 73
63 79
63 80
63 84
63 112
63 113
63 115
64 64
64 65
64 83
64 87
64 88
64 91
65 65
65 90
65 100
66 66
66 67
66 68
66 69
66 94
66 102
66 103
66 114
66 115
67 67
67 69
67 71
67 90
67 97
67 103
67 104
67 105
67 107
67 110
67 114
67 115
68 68
68 69
68 74
68 89
68 95
68 100
68 109
69 69
69 90
69 92
69 93
69 94
69 95
69 97
69 100
69 102
69 103
69 108
69 109
69 113
69 114
69 115
70 70
70 71
70 72
70 76
70 77
70 78
70 84
70 89
70 107
71 71
71 77
71 109
72 72
72 73
72 74
72 75
72 76
72 78
72 79
72 80
72 81
72 83
72 84
72 87
72 89
72 95
72 111
72 112
73 73
73 74
73 75
73 76
73 77
73 79
73 81
73 83
73 95
73 102
73 111
73 113
74 74
74 75
74 76
74 79
74 83
74 96
74 112
75 75
75 76
75 77
75 81
75 82
75 83
75 87
75 96
75 98
75 110
75 111
76 76
76 77
76 78
76 79
76 83
76 87
76 96
76 98
76 106
76 107
76 112
77 77
77 82
77 83
77 87
77 104
77 105
77 106
77 107
77 110
78 78
78 79
78 80
78 81
78 84
78 87
78 112
79 79
79 80
79 81
79 84
79 87
79 94
79 95
79 108
79 109
79 112
80 80
80 81
80 84
80 87
80 94
80 95
80 108
80 109
80 111
80 112
81 81
81 84
81 87
81 94
81 95
81 98
81 99
81 108
81 109
81 111
81 112
82 82
82 83
82 86
82 87
82 88
82 91
82 96
82 110
83 83
83 87
83 96
84 84
84 85
84 89
85 85
85 86
85 88
85 110
85 111
86 86
86 87
86 88
86 90
86 98
86 99
86 110
86 111
87 87
87 96
87 98
87 99
87 109
87 111
87 112
88 88
88 89
88 90
88 91
88 92
88 93
89 89
89 93
90 90
90 91
90 92
90 93
90 94
90 97
90 100
90 101
90 108
90 109
91 91
91 92
91 93
91 94
91 95
91 97
91 99
91 101
91 108
91 109
91 110
91 111
92 92
92 93
92 94
92 95
92 100
92 101
92 102
92 108
92 114
93 93
93 95
93 100
93 101
93 102
93 103
93 108
93 114
94 94
94 95
94 97
94 101
94 102
94 103
94 108
94 109
94 111
94 113
94 114
94 115
95 95
95 97
95 99
95 103
95 108
95 109
95 111
95 113
95 114
95 115
96 96
96 97
96 98
96 99
96 109
96 110
96 111
96 112
97 97
97 98
97 99
97 108
97 109
97 111
97 115
98 98
98 99
98 109
98 111
98 112
99 99
99 108
99 109
99 111
99 112
99 113
100 100
100 101
100 102
100 103
100 114
101 101
101 102
101 103
101 113
101 114
101 115
102 102
102 103
102 104
102 105
102 107
102 114
102 115
103 103
103 104
103 105
103 106
103 107
103 113
103 114
103 115
104 104
104 105
104 106
104 107
104 114
104 115
105 105
105 106
105 107
105 114
105 115
106 106
106 107
106 113
106 114
106 115
107 107
107 114
107 115
108 108
108 109
108 111
108 112
108 113
108 115
109 109
109 110
109 111
110 110
110 111
111 111
111 112
112 112
113 113
113 114
113 115
114 114
114 115
115 115
