0 0
0 1
0 11
0 18
0 19
0 32
0 56
0 60
0 62
0 63
0 75
0 76
0 82
0 99
0 107
0 108
1 1
1 11
1 19
1 32
1 48
1 61
1 62
1 63
1 75
1 82
2 2
2 3
2 5
2 6
2 7
2 8
2 9
2 20
2 21
2 22
2 23
2 24
2 25
2 26
2 27
2 30
2 34
2 35
2 38
2 39
2 48
2 50
2 51
2 52
2 54
2 58
2 64
2 65
2 66
2 67
2 69
2 85
2 86
2 87
2 88
2 89
2 90
2 91
2 92
3 3
3 5
3 6
3 7
3 8
3 9
3 14
3 22
3 23
3 25
3 27
3 38
3 39
3 49
3 58
3 59
3 64
3 65
3 66
3 67
3 82
3 85
3 86
3 87
3 88
3 89
3 90
3 91
3 92
4 4
4 5
4 6
4 7
4 8
4 9
4 20
4 21
4 24
4 26
4 33
4 34
4 35
4 44
4 45
4 66
4 67
4 70
4 71
5 5
5 6
5 8
5 9
5 20
5 21
5 22
5 23
5 24
5 25
5 26
5 27
5 34
5 35
5 52
5 58
5 59
5 64
5 65
5 66
5 67
5 69
5 86
5 87
5 88
5 89
5 91
6 6
6 7
6 8
6 9
6 12
6 13
6 39
6 45
6 49
6 50
6 51
6 53
6 58
6 59
6 66
6 67
6 71
6 83
6 88
6 90
6 92
7 7
7 8
7 9
7 12
7 13
7 25
7 31
7 33
7 39
7 45
7 49
7 53
7 61
7 65
7 71
7 88
7 89
7 90
7 92
8 8
8 9
8 22
8 23
8 24
8 25
8 26
8 34
8 35
8 64
8 67
8 69
8 86
8 88
8 89
8 91
8 92
9 9
9 24
9 25
9 31
9 39
9 45
9 49
9 61
9 65
9 67
9 71
9 88
9 89
9 90
9 92
10 10
10 11
10 12
10 14
10 15
10 16
10 18
10 22
10 23
10 35
10 37
10 50
10 64
10 65
10 84
10 85
10 88
10 104
10 109
10 113
11 11
11 12
11 13
11 15
11 54
11 61
11 65
11 75
11 85
11 96
11 97
11 110
12 12
12 13
12 14
12 15
12 16
12 17
12 28
12 37
12 62
12 65
12 81
12 84
13 13
13 15
13 16
13 17
13 28
13 29
13 33
13 40
13 41
13 61
13 62
13 63
13 72
13 75
13 79
13 80
13 81
13 83
14 14
14 15
14 16
14 22
14 23
14 27
14 37
14 41
14 46
14 47
14 64
14 65
14 82
14 84
14 85
14 88
14 89
14 94
14 106
14 113
15 15
15 16
15 22
15 28
15 37
15 46
15 54
15 64
15 65
15 79
15 81
15 83
15 84
15 85
15 88
15 89
15 113
16 16
16 17
16 28
16 29
16 32
16 36
16 37
16 40
16 41
16 42
16 46
16 56
16 62
16 63
16 72
16 73
16 74
16 75
16 76
16 78
16 79
16 80
16 81
16 83
16 84
16 94
16 99
16 106
16 112
16 113
16 115
17 17
17 19
17 28
17 29
17 32
17 36
17 37
17 40
17 41
17 42
17 56
17 57
17 62
17 63
17 72
17 73
17 74
17 75
17 76
17 78
17 79
17 80
17 81
17 83
17 99
17 106
17 111
17 112
17 113
17 115
18 18
18 32
18 44
18 48
18 76
18 83
18 101
18 112
19 19
19 28
19 29
19 32
19 33
19 41
19 56
19 57
19 62
19 63
19 70
19 72
19 73
19 74
19 75
19 76
19 78
19 83
19 95
19 99
19 102
19 104
19 105
19 106
19 107
19 108
19 112
19 115
20 20
20 21
20 24
20 25
20 26
20 27
20 30
20 34
20 35
20 43
20 70
20 71
20 114
21 21
21 22
21 23
21 24
21 25
21 26
21 27
21 30
21 31
21 34
21 35
21 38
21 39
21 43
21 52
21 70
21 71
21 88
21 96
22 22
22 23
22 24
22 25
22 26
22 27
22 34
22 35
22 38
22 39
22 50
22 52
22 54
22 58
22 64
22 65
22 84
22 85
22 86
22 87
22 88
22 89
22 91
22 92
22 94
23 23
23 25
23 26
23 27
23 34
23 35
23 37
23 38
23 39
23 54
23 55
23 64
23 65
23 67
23 84
23 85
23 86
23 87
23 88
23 89
23 92
23 94
23 115
24 24
24 25
24 26
24 27
24 30
24 31
24 34
24 35
24 38
24 43
24 50
24 64
24 67
24 70
24 71
24 86
24 114
25 25
25 26
25 27
25 30
25 31
25 34
25 35
25 38
25 39
25 43
25 47
25 52
25 53
25 64
25 65
25 71
25 86
25 88
25 92
25 96
26 26
26 27
26 34
26 35
26 38
26 52
26 58
26 64
26 66
26 67
26 69
26 87
26 89
26 96
26 114
27 27
27 34
27 35
27 38
27 39
27 43
27 50
27 52
27 54
27 58
27 59
27 64
27 65
27 66
27 69
27 85
27 86
27 87
27 89
27 96
27 110
28 28
28 29
28 31
28 32
28 33
28 36
28 37
28 40
28 41
28 42
28 46
28 56
28 62
28 63
28 72
28 73
28 74
28 75
28 76
28 78
28 79
28 80
28 81
28 83
28 94
28 99
28 112
29 29
29 31
29 32
29 33
29 36
29 37
29 40
29 41
29 42
29 46
29 56
29 62
29 63
29 72
29 73
29 74
29 75
29 76
29 78
29 79
29 80
29 81
29 83
29 95
29 99
29 112
29 113
29 115
30 30
30 31
30 42
30 43
30 50
30 51
30 54
30 70
30 71
30 73
30 74
30 75
30 96
30 97
30 110
30 114
31 31
31 33
31 44
31 53
31 71
31 72
31 77
32 32
32 33
32 36
32 40
32 41
32 56
32 57
32 62
32 63
32 72
32 73
32 74
32 75
32 76
32 78
32 80
32 81
32 83
32 95
32 97
32 99
32 111
32 112
33 33
33 40
33 41
33 60
33 62
33 63
33 70
33 71
33 72
33 75
33 77
33 80
33 83
34 34
34 35
34 43
34 45
34 64
34 67
34 70
34 114
35 35
35 43
35 45
35 58
35 64
35 65
35 66
35 67
35 69
35 70
35 114
36 36
36 37
36 38
36 40
36 41
36 42
36 46
36 47
36 56
36 57
36 62
36 63
36 72
36 73
36 74
36 75
36 76
36 78
36 79
36 80
36 81
37 37
37 38
37 39
37 40
37 41
37 42
37 46
37 54
37 56
37 72
37 73
37 74
37 76
37 78
37 79
37 80
37 81
37 94
37 113
37 115
38 38
38 39
38 43
38 47
38 54
38 55
38 68
38 69
38 86
38 87
38 96
38 97
38 110
39 39
39 55
39 59
39 66
39 82
39 87
39 88
39 89
39 90
40 40
40 41
40 46
40 56
40 57
40 62
40 63
40 72
40 73
40 74
40 75
40 76
40 78
40 79
40 80
40 81
40 82
40 83
40 99
40 111
40 112
41 41
41 56
41 62
41 63
41 72
41 73
41 74
41 75
41 76
41 78
41 79
41 80
41 81
41 83
41 94
41 112
42 42
42 43
42 46
42 47
42 53
42 54
42 55
42 72
42 73
42 74
42 75
42 77
42 78
42 79
42 80
42 81
42 96
42 97
42 109
42 110
42 111
43 43
43 46
43 47
43 48
43 50
43 51
43 54
43 55
43 64
43 65
43 68
43 69
43 71
43 86
43 96
43 97
43 109
43 110
43 113
43 114
44 44
44 45
44 48
44 49
44 51
44 53
44 68
44 70
44 71
44 90
45 45
45 48
45 49
45 59
45 66
45 67
45 69
45 70
45 71
45 90
45 91
45 92
45 93
46 46
46 47
46 53
46 54
46 55
46 57
46 72
46 74
46 78
46 79
46 80
46 81
46 96
46 98
46 101
46 110
46 111
47 47
47 57
47 69
47 86
47 95
47 96
47 97
47 101
47 109
47 110
47 111
48 48
48 49
48 50
48 51
48 52
48 53
48 58
48 68
48 70
48 71
48 86
48 90
48 91
48 101
49 49
49 51
49 52
49 53
49 59
49 66
49 67
49 68
49 69
49 70
49 71
49 90
49 91
49 93
50 50
50 51
50 52
50 58
50 64
50 65
50 85
50 86
51 51
51 52
51 53
51 55
51 65
51 86
52 52
52 53
52 58
52 64
52 88
52 89
52 90
52 91
52 98
52 101
53 53
53 55
53 90
53 98
54 54
54 55
54 65
54 85
54 86
54 89
54 96
54 97
54 109
54 110
54 114
55 55
55 65
55 85
55 86
55 87
55 94
55 96
55 97
56 56
56 57
56 62
56 63
56 72
56 73
56 74
56 75
56 76
56 78
56 79
56 80
56 81
56 99
56 106
56 111
56 112
56 113
56 115
57 57
57 62
57 63
57 68
57 72
57 73
57 74
57 75
57 80
57 81
57 101
57 106
57 111
57 112
58 58
58 59
58 60
58 61
58 65
58 66
58 87
58 88
58 89
58 90
58 91
58 92
59 59
59 60
59 66
59 67
59 68
59 69
59 87
59 89
59 90
59 91
59 92
59 100
59 103
59 105
59 106
59 107
60 60
60 61
60 62
60 63
60 100
60 102
61 61
61 63
61 65
62 62
62 63
62 72
62 73
62 74
62 75
62 76
62 78
62 79
62 80
62 81
62 83
62 95
62 99
62 106
62 108
62 112
62 115
63 63
63 72
63 73
63 74
63 75
63 76
63 78
63 79
63 80
63 81
63 83
63 95
63 99
63 100
63 106
63 108
63 111
63 112
64 64
64 65
64 69
64 84
64 85
64 86
64 88
64 89
64 113
64 114
65 65
65 67
65 69
65 85
65 86
65 88
65 89
65 96
65 110
66 66
66 67
66 68
66 69
66 87
66 101
66 103
67 67
67 69
67 87
67 89
67 91
67 92
67 93
67 102
67 103
67 104
67 105
67 107
68 68
68 69
68 86
68 87
69 69
69 86
69 87
69 103
69 104
69 105
69 107
69 109
69 114
70 70
70 71
70 73
70 75
70 76
70 77
70 101
70 112
71 71
71 75
71 77
71 90
72 72
72 73
72 74
72 75
72 76
72 78
72 79
72 80
72 81
72 83
72 95
72 99
72 111
72 112
73 73
73 74
73 75
73 76
73 78
73 79
73 80
73 81
73 83
73 99
73 112
73 113
74 74
74 75
74 76
74 78
74 79
74 80
74 81
74 95
74 97
74 99
74 113
74 115
75 75
75 76
75 77
75 78
75 80
75 81
75 95
75 97
75 99
75 110
75 112
75 113
76 76
76 77
76 78
76 80
76 81
76 95
76 99
76 100
76 111
76 112
77 77
77 90
77 93
77 98
77 101
77 112
78 78
78 79
78 80
78 81
78 83
78 95
78 97
78 99
78 108
78 113
78 115
79 79
79 80
79 81
79 83
79 94
79 112
80 80
80 81
80 83
80 99
80 111
80 112
81 81
81 83
81 99
81 111
81 112
82 82
82 83
82 84
82 86
82 87
82 88
82 89
82 90
83 83
83 112
84 84
84 85
84 88
84 89
84 113
85 85
85 86
85 87
85 88
85 89
85 94
85 96
85 109
85 113
86 86
86 87
86 88
86 89
86 90
86 96
86 97
87 87
87 88
87 89
87 90
87 92
88 88
88 89
88 90
88 91
88 92
88 94
89 89
89 90
89 91
89 92
90 90
90 91
90 92
90 93
90 98
90 100
90 103
91 91
91 92
91 93
91 98
91 100
91 101
91 102
91 103
91 104
91 105
91 107
91 112
92 92
92 93
92 98
92 100
92 101
92 103
92 107
92 112
93 93
93 98
93 99
93 100
93 101
93 102
93 103
93 104
93 105
93 107
93 111
93 112
94 94
94 99
94 106
94 113
94 115
95 95
95 97
95 99
95 100
95 102
95 103
95 104
95 105
95 106
95 107
95 108
95 109
95 110
95 111
95 113
95 114
95 115
96 96
96 97
96 109
96 110
97 97
97 99
97 108
97 109
97 110
97 111
97 113
97 114
98 98
98 99
98 100
98 101
98 111
98 112
99 99
99 106
99 108
99 109
99 111
99 112
99 113
99 115
100 100
100 101
100 102
100 103
100 104
100 105
100 107
100 112
101 101
101 103
101 111
101 112
102 102
102 103
102 104
102 105
102 106
102 107
102 108
102 113
102 114
103 103
103 104
103 105
103 106
103 107
103 108
103 109
103 110
103 111
103 112
103 114
103 115
104 104
104 105
104 106
104 107
104 108
104 109
104 110
104 111
104 112
104 113
104 114
104 115
105 105
105 106
105 107
105 108
105 109
105 110
105 113
105 114
105 115
106 106
106 107
106 108
106 109
106 111
106 112
106 113
106 115
107 107
107 108
107 109
107 112
107 114
107 115
108 108
108 109
108 111
108 113
108 114
108 115
109 109
109 110
109 111
109 113
109 114
109 115
110 110
110 111
110 113
110 114
111 111
111 112
112 112
113 113
113 114
113 115
114 114
114 115
115 115
