0 0
0 10
0 14
0 18
0 22
0 23
0 27
0 30
0 36
0 40
0 56
0 58
0 60
0 62
0 68
0 70
0 74
0 76
0 82
0 84
0 86
0 87
0 88
0 93
0 99
0 103
1 1
1 3
1 15
1 18
1 19
1 45
1 56
1 57
1 61
1 62
1 64
1 66
1 68
1 83
1 85
1 95
1 108
2 2
2 4
2 6
2 8
2 10
2 12
2 13
2 14
2 15
2 22
2 23
2 24
2 26
2 30
2 31
2 40
2 64
2 70
2 71
2 75
2 77
2 82
2 88
2 93
3 3
3 5
3 7
3 9
3 11
3 13
3 15
3 23
3 31
3 33
3 35
3 45
3 61
3 64
3 65
3 67
3 83
3 85
3 87
3 89
3 92
3 100
4 4
4 5
4 6
4 7
4 8
4 9
4 13
4 24
4 26
4 40
4 52
4 70
4 75
4 90
4 91
4 93
4 98
4 100
4 111
5 5
5 7
5 9
5 13
5 15
5 20
5 23
5 26
5 45
5 59
5 65
5 67
5 83
5 89
5 92
5 100
5 101
5 102
5 104
6 6
6 7
6 8
6 11
6 12
6 13
6 15
6 22
6 28
6 38
6 39
6 40
6 52
6 54
6 70
6 71
6 72
6 73
6 75
6 77
6 93
7 7
7 8
7 9
7 11
7 13
7 15
7 33
7 35
7 44
7 45
7 48
7 52
7 65
7 67
7 89
7 92
7 100
8 8
8 9
8 12
8 13
8 14
8 15
8 24
8 28
8 40
8 52
8 54
8 72
8 75
9 9
9 11
9 13
9 15
9 29
9 33
9 44
9 49
9 59
9 61
9 75
9 83
9 90
9 92
9 100
9 111
9 114
10 10
10 11
10 12
10 14
10 15
10 18
10 20
10 22
10 23
10 25
10 26
10 27
10 28
10 30
10 31
10 64
10 82
10 84
10 85
10 87
10 88
10 105
11 11
11 12
11 13
11 15
11 28
11 31
11 33
11 35
11 62
11 100
12 12
12 13
12 14
12 15
12 22
12 23
12 25
12 26
12 27
12 28
12 30
12 31
12 52
12 64
12 71
12 75
12 77
12 82
13 13
13 15
13 17
13 33
13 52
13 60
13 71
13 83
13 92
13 100
14 14
14 15
14 18
14 22
14 23
14 24
14 25
14 26
14 27
14 28
14 30
14 31
14 38
14 64
14 75
14 77
14 82
14 83
14 84
14 87
14 88
14 93
15 15
15 23
15 31
15 64
15 83
15 85
15 92
16 16
16 17
16 28
16 29
16 32
16 48
16 51
16 53
16 56
16 57
16 62
16 63
16 68
16 69
16 72
16 76
16 78
16 79
16 80
16 81
17 17
17 28
17 29
17 32
17 33
17 44
17 48
17 51
17 52
17 53
17 57
17 59
17 61
17 62
17 63
17 66
17 68
17 72
17 73
17 78
17 79
17 80
17 81
17 90
17 94
17 95
17 97
17 108
17 115
18 18
18 19
18 30
18 31
18 32
18 56
18 62
18 64
18 68
18 73
18 74
18 76
18 82
18 84
18 103
18 104
18 105
18 108
19 19
19 29
19 49
19 59
19 62
19 83
19 90
19 91
19 94
19 95
19 97
19 101
19 102
19 103
19 104
19 105
19 106
19 107
19 108
19 109
19 111
19 114
20 20
20 21
20 23
20 26
20 27
20 30
20 31
20 66
20 67
20 70
20 71
20 93
20 100
20 101
20 103
20 104
20 105
21 21
21 23
21 25
21 26
21 27
21 30
21 31
21 43
21 71
21 95
21 101
21 103
21 104
21 105
21 106
21 107
22 22
22 23
22 24
22 25
22 26
22 27
22 30
22 31
22 38
22 40
22 64
22 71
22 77
22 82
22 84
22 86
22 87
22 88
22 89
22 93
23 23
23 25
23 26
23 27
23 30
23 31
23 64
23 67
23 71
23 82
23 83
23 84
23 86
23 87
23 88
23 91
23 92
23 93
23 105
24 24
24 25
24 37
24 40
24 41
24 74
25 25
25 27
25 30
25 31
25 33
25 34
25 35
25 43
25 45
25 50
25 64
25 65
25 71
25 74
25 75
25 77
25 87
25 88
26 26
26 27
26 30
26 31
26 42
26 43
26 71
26 82
26 84
26 88
26 91
26 93
26 103
26 110
27 27
27 30
27 31
27 34
27 39
27 43
27 45
27 64
27 65
27 71
27 82
27 84
27 85
27 86
27 87
27 88
27 89
27 93
28 28
28 29
28 46
28 54
28 72
28 73
28 75
28 77
28 79
28 80
28 81
28 82
28 96
28 110
29 29
29 32
29 33
29 52
29 59
29 61
29 63
29 72
29 73
29 75
29 78
29 79
29 80
29 81
29 94
29 95
29 97
29 108
29 111
30 30
30 31
30 34
30 43
30 64
30 71
30 74
30 76
30 77
30 82
30 84
30 87
30 88
31 31
31 64
31 71
31 77
31 82
31 84
31 87
31 88
32 32
32 33
32 35
32 53
32 56
32 57
32 58
32 59
32 60
32 61
32 62
32 63
32 66
32 68
32 72
32 78
32 79
32 80
32 81
32 94
32 95
32 97
32 100
32 102
32 108
33 33
33 35
33 45
33 64
33 65
33 66
33 72
33 79
33 102
33 108
34 34
34 35
34 38
34 39
34 50
34 53
34 56
34 58
34 64
34 65
34 68
34 78
34 84
34 86
34 87
34 88
34 110
35 35
35 44
35 45
35 58
35 64
35 65
35 66
35 67
36 36
36 37
36 38
36 39
36 40
36 41
36 53
36 54
36 55
36 56
36 63
36 72
36 73
36 74
36 76
36 78
36 79
36 80
36 81
36 82
36 86
36 88
36 96
36 97
36 98
36 99
36 109
37 37
37 38
37 39
37 40
37 41
37 46
37 54
37 55
37 74
37 76
37 77
37 78
37 80
37 81
37 97
37 98
37 109
38 38
38 39
38 40
38 41
38 54
38 55
38 64
38 69
38 81
38 82
38 84
38 85
38 86
38 87
38 88
38 96
39 39
39 41
39 52
39 53
39 54
39 55
39 57
39 65
39 78
39 79
39 80
39 81
39 84
39 85
39 86
39 87
39 88
39 89
39 96
39 97
40 40
40 41
40 46
40 53
40 54
40 55
40 82
40 84
40 86
40 87
40 88
40 89
40 93
40 98
41 41
41 50
41 53
41 54
41 56
41 57
41 73
41 74
41 76
41 80
41 81
41 82
41 84
41 85
41 86
41 87
41 88
42 42
42 43
42 44
42 46
42 47
42 48
42 49
42 50
42 51
42 70
42 75
42 110
43 43
43 44
43 45
43 46
43 47
43 48
43 49
43 50
43 70
43 71
43 74
43 75
43 96
43 110
43 113
43 114
44 44
44 45
44 47
44 48
44 49
44 51
44 65
44 66
44 67
44 83
44 100
44 106
44 111
44 112
44 115
45 45
45 47
45 48
45 49
45 51
45 65
45 66
45 67
45 110
45 113
46 46
46 47
46 50
46 51
46 54
46 55
46 69
46 82
46 93
46 96
46 98
46 109
46 110
46 111
47 47
47 48
47 49
47 50
47 51
47 56
47 58
47 63
47 70
47 90
47 91
47 94
47 96
47 98
47 99
47 103
47 104
47 106
47 107
47 109
47 110
47 111
47 113
47 114
47 115
48 48
48 49
48 50
48 51
48 52
48 66
48 67
48 100
48 112
49 49
49 51
49 59
49 66
49 67
49 83
49 90
49 91
49 104
49 106
49 107
49 109
49 111
49 112
49 113
50 50
50 51
50 52
50 53
50 54
50 57
50 58
50 65
50 78
50 79
50 80
50 85
50 87
50 88
50 96
50 98
50 110
50 113
51 51
51 52
51 53
51 57
51 80
51 81
51 98
51 100
51 112
51 115
52 52
52 53
52 54
52 65
52 79
52 89
52 100
53 53
53 54
53 55
53 56
53 57
53 58
53 59
53 60
53 63
53 66
53 68
53 78
53 79
53 80
53 81
53 90
53 98
53 99
53 109
54 54
54 55
54 57
54 72
54 73
54 74
54 76
54 77
54 78
54 79
54 81
54 86
54 96
54 97
54 98
54 109
54 112
55 55
55 63
55 72
55 74
55 76
55 81
55 96
55 97
55 98
55 99
55 109
55 110
55 111
55 112
55 114
55 115
56 56
56 58
56 60
56 61
56 62
56 63
56 68
56 69
56 74
56 76
56 78
56 81
56 98
56 99
56 115
57 57
57 68
57 69
57 72
57 78
57 79
57 80
57 81
57 94
57 95
57 96
57 97
57 115
58 58
58 59
58 60
58 61
58 62
58 63
58 65
58 66
58 68
58 90
58 98
58 99
59 59
59 60
59 61
59 62
59 63
59 66
59 68
59 90
59 91
59 92
59 94
59 95
59 97
59 102
59 104
59 106
59 107
59 108
59 109
59 111
60 60
60 61
60 62
60 63
60 68
60 73
60 78
60 89
60 90
60 99
60 108
61 61
61 62
61 63
61 66
61 68
61 80
61 81
61 89
61 90
61 92
61 94
61 95
61 97
61 98
61 99
61 100
61 102
61 106
61 107
61 108
62 62
62 63
62 66
62 68
62 70
62 73
62 95
62 99
62 102
62 108
63 63
63 66
63 68
63 72
63 73
63 74
63 76
63 78
63 79
63 80
63 81
63 89
63 90
63 94
63 95
63 98
63 99
63 102
63 108
63 115
64 64
64 65
64 67
64 77
64 82
64 84
64 85
64 87
64 88
65 65
65 67
65 85
65 87
65 89
66 66
66 67
66 68
66 69
66 78
66 94
66 95
66 102
66 108
66 111
67 67
67 83
67 111
68 68
68 69
68 76
68 78
68 79
68 80
68 81
68 97
68 98
68 99
68 102
68 109
68 115
69 69
69 78
69 79
69 80
69 81
69 94
69 97
69 104
69 108
69 109
70 70
70 71
70 73
70 74
70 75
70 76
70 77
70 91
70 93
71 71
71 75
71 77
71 82
71 93
72 72
72 73
72 74
72 75
72 76
72 77
72 78
72 79
72 80
72 81
72 94
72 96
72 108
72 110
73 73
73 74
73 75
73 76
73 77
73 81
73 98
73 99
73 114
74 74
74 75
74 76
74 77
74 86
74 96
74 99
74 114
75 75
75 76
75 77
75 114
76 76
76 77
76 79
76 86
76 96
76 98
76 99
77 77
77 96
78 78
78 79
78 80
78 81
78 94
78 96
78 108
79 79
79 80
79 81
79 94
79 97
79 102
79 110
80 80
80 81
80 98
80 99
80 109
81 81
81 94
81 96
81 97
81 98
81 99
81 108
81 109
82 82
82 84
82 86
82 87
82 88
82 91
82 93
82 105
83 83
83 85
83 92
83 101
83 107
84 84
84 85
84 86
84 87
84 88
84 89
85 85
85 86
85 87
85 88
85 89
86 86
86 87
86 88
86 89
87 87
87 88
88 88
88 89
88 93
89 89
89 92
89 102
90 90
90 91
90 92
90 93
90 94
90 95
90 97
90 98
90 99
90 100
90 101
90 104
90 106
90 107
90 109
90 111
90 112
90 113
90 114
91 91
91 92
91 93
91 101
91 103
91 104
91 105
91 106
91 107
91 109
91 111
91 112
91 113
91 114
92 92
92 93
92 100
92 102
92 104
92 106
92 107
92 111
92 113
93 93
93 103
93 105
93 107
93 109
93 111
93 113
94 94
94 95
94 96
94 97
94 104
94 105
94 107
94 108
94 109
94 110
94 111
94 112
94 114
94 115
95 95
95 96
95 97
95 98
95 99
95 101
95 102
95 103
95 104
95 105
95 106
95 107
95 108
95 109
95 110
95 111
95 112
95 113
95 114
95 115
96 96
96 97
96 98
96 105
96 108
96 109
96 110
96 111
96 112
96 113
96 114
96 115
97 97
97 98
97 99
97 101
97 102
97 103
97 104
97 105
97 106
97 107
97 108
97 109
97 110
97 111
97 112
97 113
97 114
97 115
98 98
98 99
98 100
98 102
98 106
98 109
98 111
98 112
98 113
98 114
98 115
99 99
99 100
99 103
99 104
99 106
99 108
99 109
99 114
99 115
100 100
100 102
100 103
100 104
100 113
101 101
101 102
101 103
101 104
101 105
101 106
101 107
101 111
101 113
101 114
102 102
102 103
102 104
102 105
102 106
102 107
102 109
102 113
103 103
103 104
103 105
103 106
103 107
103 109
103 110
103 111
103 113
103 114
103 115
104 104
104 105
104 106
104 107
104 109
104 110
104 111
104 112
104 113
104 114
105 105
105 106
105 107
105 108
105 109
105 110
105 111
105 112
105 113
105 114
105 115
106 106
106 107
106 108
106 109
106 111
106 112
106 113
106 115
107 107
107 108
107 109
107 111
107 113
108 108
108 109
108 111
108 114
108 115
109 109
109 110
109 111
109 112
109 113
109 114
109 115
110 110
110 111
110 113
110 114
110 115
111 111
111 112
111 113
111 114
111 115
112 112
112 113
112 114
112 115
113 113
113 114
113 115
114 114
114 115
115 115
