0 0
0 1
0 2
0 3
0 6
0 7
0 18
0 19
0 27
0 32
0 48
0 49
0 56
0 57
0 58
0 59
0 60
0 62
0 68
0 82
0 83
0 89
0 90
0 100
0 104
0 106
0 107
0 108
1 1
1 2
1 3
1 5
1 6
1 7
1 8
1 9
1 18
1 19
1 21
1 25
1 27
1 32
1 33
1 41
1 48
1 49
1 56
1 57
1 58
1 59
1 60
1 61
1 62
1 63
1 64
1 65
1 68
1 82
1 83
1 87
1 89
1 90
1 100
1 104
1 106
1 107
1 108
2 2
2 3
2 6
2 7
2 10
2 18
2 19
2 22
2 23
2 26
2 27
2 30
2 48
2 50
2 56
2 60
2 64
2 88
2 89
2 90
2 107
3 3
3 6
3 7
3 18
3 19
3 23
3 25
3 27
3 33
3 39
3 44
3 45
3 56
3 58
3 60
3 62
3 64
3 65
3 68
3 82
3 83
3 87
3 88
3 89
3 90
3 100
3 106
3 107
4 4
4 5
4 8
4 9
4 14
4 18
4 19
4 20
4 21
4 24
4 25
4 27
4 38
4 41
4 70
4 90
4 107
5 5
5 7
5 8
5 9
5 11
5 13
5 15
5 19
5 20
5 21
5 24
5 25
5 27
5 39
5 41
5 59
5 68
5 70
5 89
5 95
5 100
5 102
5 107
6 6
6 7
6 10
6 11
6 12
6 22
6 23
6 30
6 44
6 48
6 50
6 56
6 60
6 62
6 64
6 107
7 7
7 9
7 11
7 12
7 13
7 15
7 23
7 28
7 44
7 48
7 49
7 60
7 61
7 62
7 64
7 65
7 100
7 107
8 8
8 9
8 14
8 15
8 21
8 24
8 25
8 27
8 41
8 58
8 60
8 64
8 65
8 86
8 90
8 94
8 107
9 9
9 11
9 13
9 15
9 20
9 21
9 24
9 25
9 28
9 41
9 64
9 92
9 95
9 100
9 102
9 107
10 10
10 12
10 13
10 14
10 16
10 22
10 30
10 34
10 35
10 42
10 43
10 44
10 48
10 50
10 64
10 78
11 11
11 12
11 13
11 14
11 15
11 17
11 23
11 25
11 28
11 29
11 31
11 33
11 34
11 64
11 65
11 85
11 92
12 12
12 13
12 14
12 15
12 16
12 17
12 23
12 28
12 29
12 30
12 31
12 36
12 52
12 53
12 70
12 72
12 73
12 74
12 75
12 76
12 78
12 79
12 80
12 111
13 13
13 14
13 15
13 16
13 17
13 28
13 29
13 31
13 35
13 37
13 64
13 65
13 74
13 75
13 81
13 92
14 14
14 15
14 16
14 17
14 21
14 28
14 30
14 31
14 41
14 64
14 65
14 74
14 75
14 82
14 88
14 113
15 15
15 21
15 25
15 28
15 29
15 31
15 36
15 37
15 38
15 41
15 55
15 70
15 72
15 74
15 75
15 80
15 81
15 83
15 85
15 91
15 92
15 95
15 100
15 102
15 112
15 113
16 16
16 17
16 22
16 28
16 29
16 30
16 31
16 42
16 52
16 78
16 79
16 80
16 84
17 17
17 28
17 29
17 36
17 37
17 63
17 73
17 75
17 78
17 79
17 80
17 81
17 84
17 85
17 92
17 94
17 95
17 97
17 111
18 18
18 19
18 21
18 24
18 25
18 26
18 27
18 39
18 40
18 41
18 56
18 57
18 58
18 59
18 68
18 69
18 82
18 90
18 101
18 104
18 107
19 19
19 21
19 24
19 25
19 27
19 39
19 40
19 41
19 56
19 57
19 58
19 59
19 68
19 69
19 82
19 83
19 89
19 90
19 100
19 104
19 106
19 107
20 20
20 21
20 24
20 25
20 26
20 27
20 30
20 31
20 36
20 37
20 38
20 39
20 40
20 41
20 54
20 70
20 71
20 72
20 74
20 75
20 87
20 88
20 89
20 90
20 91
20 95
20 99
20 101
20 102
20 113
21 21
21 24
21 25
21 26
21 27
21 31
21 37
21 38
21 39
21 40
21 41
21 59
21 68
21 70
21 74
21 75
21 82
21 88
21 89
21 90
21 94
21 95
21 96
21 100
21 102
21 108
22 22
22 23
22 26
22 30
22 31
22 42
22 43
22 52
22 76
22 78
22 79
23 23
23 25
23 27
23 30
23 31
23 74
23 78
23 79
23 89
23 107
24 24
24 25
24 26
24 27
24 41
24 55
24 58
24 59
24 66
24 68
24 90
24 96
24 97
24 98
24 108
25 25
25 26
25 27
25 31
25 39
25 41
25 59
25 68
25 87
25 88
25 89
25 90
25 92
25 94
25 95
25 100
25 102
25 107
25 108
26 26
26 27
26 30
26 36
26 38
26 39
26 54
26 68
26 70
26 71
26 74
26 75
26 76
26 86
26 87
26 88
26 89
26 90
26 91
26 95
26 96
26 103
26 114
27 27
27 30
27 31
27 38
27 39
27 40
27 41
27 59
27 68
27 70
27 82
27 87
27 88
27 89
27 90
27 95
27 100
27 106
27 107
27 108
28 28
28 29
28 30
28 31
28 36
28 37
28 38
28 41
28 70
28 72
28 73
28 74
28 75
28 76
28 78
28 79
28 80
28 81
28 82
28 84
28 113
29 29
29 31
29 36
29 37
29 52
29 53
29 70
29 72
29 73
29 74
29 75
29 78
29 79
29 80
29 81
29 84
29 85
29 92
29 95
29 111
29 112
29 113
30 30
30 31
30 36
30 70
30 71
30 72
30 73
30 74
30 75
30 76
30 78
30 88
30 101
30 113
31 31
31 36
31 37
31 70
31 72
31 73
31 74
31 75
31 76
31 77
31 80
31 88
31 109
32 32
32 33
32 34
32 44
32 48
32 49
32 50
32 51
32 56
32 60
32 61
32 62
32 63
32 65
32 66
32 106
32 107
33 33
33 34
33 44
33 45
33 57
33 61
33 63
33 64
33 65
33 66
33 67
33 106
33 107
34 34
34 35
34 42
34 43
34 44
34 45
34 46
34 48
34 50
34 51
34 64
34 65
34 86
34 92
34 93
34 94
34 110
35 35
35 42
35 43
35 44
35 45
35 50
35 51
35 64
35 65
35 67
35 86
35 93
35 109
35 110
36 36
36 37
36 38
36 39
36 40
36 41
36 46
36 47
36 53
36 54
36 55
36 70
36 71
36 72
36 73
36 74
36 75
36 76
36 77
36 78
36 79
36 80
36 81
36 84
36 85
36 86
36 91
36 92
36 95
36 111
36 112
36 113
37 37
37 38
37 39
37 40
37 41
37 54
37 55
37 70
37 71
37 72
37 73
37 74
37 75
37 76
37 77
37 80
37 81
37 84
37 85
37 86
37 91
37 92
37 93
37 94
37 95
37 96
37 97
37 102
37 109
37 111
37 112
37 113
38 38
38 39
38 40
38 41
38 54
38 70
38 71
38 72
38 73
38 74
38 75
38 82
38 86
38 87
38 88
38 89
38 91
38 95
38 99
38 100
38 101
38 102
38 109
38 112
38 113
39 39
39 40
39 41
39 59
39 68
39 74
39 75
39 82
39 83
39 86
39 87
39 88
39 89
39 90
39 95
39 100
39 101
39 102
39 106
39 107
39 109
39 113
40 40
40 41
40 59
40 68
40 71
40 74
40 75
40 82
40 83
40 86
40 88
40 90
40 94
40 95
40 102
40 109
40 113
41 41
41 59
41 68
41 70
41 71
41 72
41 74
41 75
41 82
41 83
41 88
41 89
41 90
41 94
41 95
41 102
41 108
41 113
42 42
42 43
42 46
42 47
42 50
42 52
42 53
42 55
42 71
42 76
42 77
42 84
42 93
42 98
42 103
42 105
42 110
42 111
43 43
43 46
43 47
43 50
43 51
43 71
43 76
43 77
43 84
43 86
43 93
43 98
43 99
43 103
43 105
43 110
43 111
44 44
44 45
44 48
44 49
44 50
44 51
44 60
44 64
44 65
44 67
44 104
44 105
44 110
45 45
45 48
45 49
45 50
45 51
45 60
45 64
45 65
45 67
45 106
46 46
46 47
46 51
46 52
46 53
46 54
46 55
46 73
46 77
46 79
46 81
46 85
46 86
46 91
46 92
46 93
46 96
46 97
46 98
46 105
46 110
46 111
47 47
47 52
47 53
47 54
47 55
47 73
47 76
47 77
47 79
47 84
47 85
47 86
47 91
47 93
47 96
47 97
47 98
47 103
47 110
47 111
48 48
48 49
48 50
48 51
48 60
48 61
48 62
48 63
48 64
48 65
48 66
48 67
48 98
48 107
49 49
49 50
49 51
49 53
49 56
49 60
49 61
49 62
49 63
49 65
49 67
49 104
49 106
50 50
50 51
50 52
50 60
50 61
50 64
50 65
50 66
50 67
51 51
51 52
51 60
51 61
51 62
51 63
51 65
51 67
51 105
51 110
51 114
52 52
52 53
52 70
52 72
52 73
52 74
52 76
52 78
52 79
53 53
53 54
53 55
53 72
53 73
53 76
53 77
53 78
53 79
53 91
53 92
53 93
53 110
53 111
54 54
54 55
54 71
54 72
54 73
54 74
54 75
54 76
54 77
54 86
54 88
54 91
54 93
54 101
54 112
54 113
55 55
55 72
55 73
55 75
55 84
55 91
55 96
55 97
55 98
55 99
55 102
55 111
55 112
55 113
56 56
56 57
56 58
56 59
56 60
56 62
56 63
56 68
56 83
56 89
56 90
56 104
56 106
56 107
56 115
57 57
57 58
57 59
57 68
57 69
57 82
57 83
57 88
57 90
57 104
57 106
57 107
58 58
58 59
58 60
58 61
58 66
58 67
58 68
58 69
58 88
58 89
58 90
58 103
58 104
58 106
59 59
59 61
59 66
59 67
59 68
59 69
59 88
59 89
59 90
59 100
59 103
59 104
59 106
59 107
60 60
60 61
60 62
60 63
60 64
60 65
60 83
60 107
61 61
61 62
61 63
61 64
61 65
61 107
62 62
62 63
62 64
62 65
62 79
62 83
62 87
62 89
62 106
62 107
62 114
63 63
63 64
63 65
63 78
63 81
64 64
64 65
64 83
65 65
65 67
65 106
65 107
66 66
66 67
66 68
66 69
66 110
67 67
67 68
67 69
67 110
68 68
68 69
68 82
68 89
68 90
68 104
68 106
68 107
69 69
69 71
69 76
69 77
69 109
69 110
70 70
70 71
70 72
70 73
70 74
70 75
70 76
71 71
71 72
71 73
71 74
71 75
71 76
71 77
71 86
71 101
72 72
72 73
72 74
72 75
72 76
72 77
72 78
72 79
72 80
72 81
72 91
73 73
73 74
73 75
73 76
73 77
73 78
73 79
73 80
73 81
73 84
73 91
73 93
74 74
74 75
74 76
74 77
74 78
74 79
74 84
74 86
74 91
74 93
74 95
74 101
74 112
74 113
75 75
75 76
75 77
75 84
75 86
75 88
75 91
75 92
75 93
75 95
75 101
75 112
75 113
76 76
76 77
76 86
76 91
76 93
76 101
76 109
77 77
77 86
77 93
77 101
77 109
77 110
78 78
78 79
78 80
78 81
78 84
78 85
78 99
79 79
79 80
79 81
80 80
80 81
80 84
80 85
80 113
81 81
81 84
81 85
81 92
81 95
81 97
81 111
82 82
82 83
82 87
82 88
82 89
82 90
82 95
82 108
82 114
82 115
83 83
83 87
83 89
83 90
83 106
83 108
84 84
84 85
84 88
84 91
84 94
84 97
84 111
84 112
84 113
85 85
85 92
85 94
85 97
85 110
86 86
86 87
86 91
86 92
86 93
86 101
86 103
86 110
86 112
86 113
86 114
87 87
87 88
87 89
87 101
87 106
88 88
88 89
88 90
88 95
88 102
88 108
89 89
89 90
89 100
89 107
90 90
90 94
90 95
90 96
90 98
90 99
90 107
90 108
90 115
91 91
91 92
91 93
91 99
91 102
91 103
91 111
91 112
91 113
92 92
92 93
92 94
92 95
92 97
92 99
92 102
92 109
92 111
92 112
92 113
93 93
93 101
93 103
93 110
93 111
93 112
94 94
94 95
94 96
94 97
94 99
94 102
94 108
94 112
94 113
94 115
95 95
95 97
95 99
95 102
95 108
95 109
95 112
95 113
95 115
96 96
96 97
96 98
96 99
96 110
96 111
97 97
97 98
97 99
97 108
97 110
97 111
97 112
98 98
98 99
98 110
98 111
98 112
99 99
99 102
99 103
99 105
99 108
99 111
99 112
99 113
99 114
100 100
100 101
100 102
100 113
101 101
101 102
101 103
101 113
102 102
102 103
102 111
102 112
102 113
103 103
103 104
103 105
103 109
103 112
103 113
104 104
104 105
104 106
104 114
104 115
105 105
105 110
105 111
105 114
105 115
106 106
106 107
107 107
107 108
108 108
108 112
108 113
108 115
109 109
109 110
110 110
110 111
111 111
111 112
111 113
112 112
112 113
112 115
113 113
113 114
113 115
114 114
114 115
115 115
