0 0
0 1
0 2
0 6
0 8
0 10
0 12
0 14
0 16
0 18
0 22
0 56
0 57
0 58
0 60
0 61
0 63
0 64
0 68
0 82
0 88
0 104
1 1
1 16
1 18
1 19
1 32
1 33
1 46
1 56
1 57
1 61
1 62
1 63
1 68
1 69
1 78
1 79
1 81
2 2
2 3
2 6
2 7
2 10
2 12
2 18
2 22
2 32
2 33
2 48
2 50
2 60
2 64
2 67
3 3
3 7
3 22
3 23
3 24
3 25
3 35
3 65
3 67
3 83
3 86
3 88
3 89
3 92
3 112
4 4
4 5
4 8
4 9
4 10
4 11
4 12
4 14
4 15
4 16
4 20
4 26
4 27
4 36
4 38
4 39
4 53
4 54
4 75
4 82
4 83
4 88
4 92
4 93
4 97
4 103
4 105
4 108
4 115
5 5
5 9
5 21
5 23
5 24
5 26
5 27
5 38
5 39
5 53
5 54
5 55
5 75
5 78
5 82
5 83
5 85
5 94
5 95
5 97
5 99
5 103
5 105
5 108
5 109
5 111
5 115
6 6
6 7
6 9
6 12
6 13
6 18
6 19
6 29
6 30
6 32
6 33
6 60
6 61
6 64
6 65
6 70
6 72
6 74
6 77
6 91
7 7
7 8
7 9
7 11
7 13
7 15
7 23
7 25
7 29
7 30
7 31
7 41
7 59
7 60
7 64
7 65
7 67
7 70
7 76
7 77
7 83
7 89
7 91
7 92
7 93
8 8
8 9
8 10
8 11
8 12
8 13
8 14
8 15
8 16
8 22
8 23
8 35
8 60
8 64
8 65
8 82
8 83
8 84
8 88
8 92
8 93
9 9
9 11
9 13
9 15
9 17
9 28
9 29
9 31
9 61
9 62
9 65
9 72
9 83
9 92
10 10
10 11
10 12
10 13
10 14
10 15
10 16
10 22
10 44
10 48
10 50
10 60
10 64
10 65
10 82
10 84
10 88
10 92
11 11
11 12
11 13
11 14
11 15
11 17
11 28
11 29
11 31
11 34
11 60
11 61
11 64
11 65
11 67
11 77
11 83
11 84
11 85
11 89
11 92
11 93
12 12
12 13
12 14
12 15
12 16
12 17
12 28
12 44
12 45
12 60
12 61
12 64
12 65
12 82
12 93
13 13
13 14
13 15
13 17
13 28
13 29
13 30
13 31
13 41
13 60
13 61
13 62
13 63
13 64
13 65
13 72
13 76
13 77
13 83
13 92
13 93
13 104
13 113
14 14
14 15
14 16
14 22
14 23
14 36
14 40
14 60
14 64
14 82
14 83
14 88
14 92
14 93
15 15
15 17
15 23
15 28
15 29
15 30
15 31
15 36
15 37
15 38
15 39
15 40
15 41
15 65
15 71
15 72
15 75
15 76
15 77
15 80
15 82
15 83
15 85
15 86
15 87
15 89
15 92
15 93
15 95
15 109
15 113
16 16
16 18
16 28
16 32
16 42
16 43
16 44
16 45
16 46
16 47
16 49
16 53
16 56
16 57
16 62
16 63
16 68
16 78
16 79
16 80
16 81
16 101
16 110
17 17
17 19
17 28
17 29
17 31
17 33
17 60
17 61
17 62
17 63
17 71
17 72
17 80
17 81
17 83
17 113
18 18
18 19
18 32
18 33
18 62
18 66
18 68
18 69
18 73
18 74
18 78
18 110
19 19
19 28
19 29
19 30
19 31
19 32
19 33
19 34
19 41
19 57
19 62
19 63
19 68
19 69
19 71
19 72
19 73
19 74
19 75
19 78
19 80
19 81
20 20
20 21
20 29
20 30
20 31
20 33
20 36
20 37
20 38
20 39
20 40
20 41
20 67
20 70
20 71
20 73
20 75
20 76
20 77
20 92
20 93
20 94
20 102
20 103
20 104
20 109
21 21
21 24
21 26
21 27
21 36
21 37
21 38
21 39
21 54
21 78
21 80
21 81
21 96
21 97
21 109
22 22
22 23
22 24
22 25
22 26
22 27
22 30
22 35
22 50
22 64
22 82
22 84
22 88
22 93
23 23
23 24
23 25
23 26
23 27
23 30
23 31
23 35
23 39
23 50
23 64
23 82
23 83
23 84
23 86
23 87
23 88
23 89
23 91
23 92
23 93
23 107
23 109
23 112
24 24
24 25
24 26
24 27
24 30
24 35
24 39
24 50
24 87
24 96
25 25
25 27
25 30
25 31
25 34
25 35
25 37
25 39
25 41
25 65
25 67
25 77
25 83
25 86
25 87
25 89
25 95
25 96
25 107
25 108
25 109
25 112
25 113
26 26
26 27
26 38
26 39
26 42
26 46
26 53
26 54
26 55
26 56
26 57
26 75
26 78
26 82
26 95
26 96
26 97
26 99
26 103
26 105
26 111
26 114
26 115
27 27
27 35
27 38
27 39
27 46
27 50
27 53
27 54
27 55
27 82
27 86
27 87
27 88
27 95
27 96
27 97
27 99
27 105
27 108
27 109
27 111
27 115
28 28
28 29
28 30
28 31
28 32
28 33
28 36
28 40
28 41
28 61
28 62
28 63
28 71
28 72
28 78
28 79
28 80
28 81
28 83
28 84
29 29
29 30
29 31
29 32
29 33
29 36
29 37
29 40
29 41
29 61
29 62
29 63
29 70
29 71
29 72
29 73
29 74
29 75
29 76
29 77
29 80
29 81
29 83
29 92
30 30
30 31
30 33
30 34
30 36
30 41
30 71
30 72
30 73
30 75
30 76
30 83
30 86
30 87
30 107
30 112
31 31
31 33
31 34
31 35
31 36
31 37
31 38
31 40
31 41
31 64
31 65
31 67
31 70
31 71
31 72
31 73
31 75
31 76
31 77
31 80
31 83
31 86
31 87
31 89
31 95
31 107
31 109
31 112
31 113
32 32
32 33
32 57
32 62
32 63
32 68
32 69
32 71
32 72
32 73
32 74
32 79
33 33
33 34
33 41
33 61
33 62
33 63
33 68
33 69
33 70
33 71
33 72
33 73
33 74
33 75
33 76
33 77
33 80
34 34
34 35
34 65
34 67
34 71
34 87
35 35
35 50
35 58
35 60
35 64
35 65
35 66
35 67
35 84
35 87
35 109
36 36
36 37
36 38
36 39
36 40
36 41
36 71
36 72
36 73
36 75
36 76
36 77
36 78
36 80
36 81
36 82
36 83
36 85
36 86
36 94
36 95
36 96
36 97
36 103
36 109
36 113
37 37
37 38
37 39
37 40
37 41
37 54
37 71
37 72
37 73
37 74
37 75
37 76
37 77
37 81
37 85
37 86
37 92
37 94
37 95
37 96
37 97
37 102
37 103
37 108
37 109
37 111
37 113
38 38
38 39
38 40
38 41
38 54
38 55
38 71
38 73
38 75
38 76
38 77
38 83
38 85
38 86
38 87
38 89
38 94
38 95
38 96
38 97
38 103
38 108
38 109
39 39
39 41
39 54
39 55
39 75
39 76
39 77
39 83
39 85
39 86
39 87
39 89
39 92
39 94
39 95
39 96
39 97
39 103
39 107
39 108
39 109
39 111
39 114
40 40
40 41
40 72
40 74
40 75
40 76
40 77
40 81
40 83
40 95
40 109
41 41
41 67
41 70
41 71
41 72
41 73
41 74
41 75
41 76
41 77
41 81
41 83
41 87
41 89
41 94
41 95
41 96
41 109
41 113
42 42
42 43
42 44
42 45
42 46
42 47
42 49
42 50
42 51
42 52
42 53
42 54
42 55
42 56
42 57
42 78
42 79
42 90
42 101
43 43
43 44
43 45
43 46
43 47
43 49
43 50
43 51
43 52
43 53
43 55
43 56
43 57
43 78
43 79
43 90
43 101
43 110
44 44
44 45
44 46
44 47
44 49
44 50
44 53
44 55
44 57
44 79
44 84
44 90
44 101
45 45
45 46
45 47
45 49
45 53
45 55
45 79
45 90
46 46
46 47
46 49
46 50
46 51
46 52
46 53
46 54
46 55
46 56
46 57
46 68
46 78
46 79
46 90
46 97
46 101
46 110
47 47
47 49
47 50
47 51
47 52
47 53
47 55
47 56
47 57
47 68
47 78
47 79
47 90
47 96
47 101
47 110
48 48
48 49
48 50
48 51
48 52
48 58
48 59
48 60
48 66
48 67
48 90
48 98
48 100
48 110
49 49
49 50
49 51
49 52
49 53
49 55
49 56
49 79
49 90
49 101
50 50
50 51
50 52
50 53
50 55
50 58
50 66
50 84
50 88
50 90
50 101
50 110
51 51
51 52
51 53
51 55
51 59
51 66
51 67
51 85
51 90
51 101
51 110
52 52
52 53
52 54
52 58
52 62
52 63
52 66
52 68
52 79
52 90
52 98
52 99
52 101
52 110
53 53
53 54
53 55
53 56
53 57
53 78
53 79
53 82
53 90
53 98
53 99
53 101
54 54
54 55
54 86
54 94
54 95
54 96
54 97
54 98
54 99
54 103
54 105
54 108
54 109
54 111
55 55
55 56
55 78
55 82
55 90
55 94
55 96
55 97
55 98
55 99
55 101
55 108
55 111
56 56
56 57
56 61
56 62
56 63
56 68
56 69
56 78
56 79
56 81
56 98
56 99
56 110
57 57
57 62
57 63
57 68
57 69
57 78
57 79
57 80
57 81
58 58
58 59
58 60
58 61
58 64
58 66
58 67
58 74
58 91
58 98
58 99
58 100
58 104
59 59
59 60
59 61
59 62
59 63
59 65
59 66
59 67
59 69
59 98
60 60
60 61
60 62
60 63
60 64
60 65
60 67
60 74
60 76
60 100
60 104
61 61
61 62
61 63
61 65
61 72
61 74
61 98
61 100
61 102
61 104
62 62
62 63
62 68
62 72
62 73
62 74
62 79
62 80
62 81
62 100
62 104
62 110
63 63
63 68
63 72
63 73
63 79
63 80
63 81
63 100
63 110
64 64
64 65
64 67
64 82
64 83
64 84
64 88
64 89
64 91
64 92
64 93
65 65
65 67
65 77
65 83
65 88
65 89
65 91
65 92
65 93
66 66
66 67
66 68
66 69
66 74
66 96
66 98
66 99
67 67
67 69
67 77
67 89
67 91
67 92
67 107
67 112
68 68
68 69
68 78
68 79
68 81
69 69
69 78
69 107
69 112
70 70
70 71
70 72
70 73
70 74
70 77
70 113
71 71
71 72
71 73
71 75
71 77
71 80
71 81
71 95
72 72
72 73
72 74
72 75
72 76
72 77
72 79
72 80
72 81
72 83
73 73
73 74
73 75
73 76
73 77
73 94
73 95
73 97
73 102
73 108
73 113
74 74
74 75
74 76
74 77
75 75
75 76
75 77
75 83
75 94
75 95
75 96
75 97
75 109
76 76
76 77
76 92
76 93
76 94
76 95
76 99
76 102
76 104
76 107
76 108
76 109
76 111
76 112
76 113
76 115
77 77
77 83
77 89
77 92
77 94
77 95
77 102
77 103
77 109
77 113
77 115
78 78
78 79
78 80
78 81
78 114
79 79
79 80
79 81
79 101
79 110
80 80
80 81
80 85
80 87
80 110
81 81
81 87
81 110
82 82
82 83
82 84
82 85
82 86
82 87
82 88
82 89
82 93
82 101
82 105
83 83
83 84
83 85
83 86
83 87
83 88
83 89
83 92
83 93
83 95
83 103
83 107
83 109
84 84
84 85
84 87
84 88
84 89
85 85
85 87
85 88
85 89
85 94
85 108
85 109
86 86
86 87
86 89
86 92
86 93
86 94
86 95
86 96
86 97
86 107
86 108
86 109
86 113
87 87
87 88
87 89
87 109
87 112
87 113
88 88
88 89
88 91
88 105
89 89
89 91
89 92
89 93
89 95
89 108
89 112
89 113
90 90
90 91
90 92
90 93
90 98
90 99
91 91
91 92
91 93
91 98
91 99
91 102
91 104
91 106
91 107
91 111
91 112
91 113
91 114
92 92
92 93
92 95
92 98
92 99
92 102
92 103
92 104
92 105
92 106
92 108
92 109
92 111
92 112
92 113
92 115
93 93
93 98
93 99
93 102
93 104
93 106
93 107
93 111
93 112
93 113
93 114
93 115
94 94
94 95
94 96
94 97
94 100
94 108
94 109
95 95
95 96
95 97
95 102
95 103
95 107
95 108
95 109
95 111
95 112
96 96
96 97
96 109
96 110
96 114
97 97
97 99
97 108
97 109
97 110
97 111
98 98
98 99
98 102
98 106
98 111
98 112
98 113
99 99
99 102
99 103
99 104
99 105
99 106
99 108
99 111
99 112
99 113
99 114
99 115
100 100
100 113
101 101
102 102
102 103
102 104
102 106
102 108
102 111
102 113
103 103
103 104
103 105
103 106
103 108
103 111
103 113
104 104
104 105
104 106
104 112
104 113
105 105
105 106
105 113
105 114
105 115
106 106
106 107
106 113
106 114
106 115
107 107
107 108
107 112
107 114
107 115
108 108
108 109
108 111
108 112
109 109
109 113
110 110
111 111
111 112
111 113
112 112
112 113
113 113
114 114
114 115
115 115
