0 0
0 1
0 4
0 10
0 12
0 16
0 19
0 26
0 28
0 51
0 56
0 57
0 60
0 62
0 63
0 68
0 69
0 105
1 1
1 11
1 13
1 15
1 16
1 17
1 18
1 19
1 28
1 29
1 52
1 56
1 57
1 60
1 61
1 62
1 63
1 68
1 69
1 77
1 80
1 100
1 104
1 105
2 2
2 3
2 6
2 7
2 8
2 12
2 22
2 23
2 30
2 58
2 64
2 65
2 66
2 67
2 91
2 93
2 100
2 115
3 3
3 6
3 7
3 11
3 12
3 15
3 18
3 22
3 23
3 30
3 31
3 34
3 37
3 41
3 54
3 64
3 65
3 67
3 73
3 74
3 75
3 76
3 77
3 88
3 91
3 92
3 93
3 105
3 113
3 115
4 4
4 5
4 10
4 12
4 14
4 15
4 20
4 21
4 24
4 26
4 27
4 54
4 56
4 57
4 58
4 68
4 82
4 83
5 5
5 9
5 20
5 21
5 24
5 25
5 26
5 27
5 35
5 39
5 55
5 70
5 71
5 82
5 85
5 87
5 88
5 89
5 96
5 107
6 6
6 7
6 8
6 9
6 12
6 13
6 14
6 58
6 60
6 61
6 64
6 76
6 91
6 92
6 93
7 7
7 8
7 9
7 11
7 13
7 14
7 15
7 29
7 31
7 33
7 35
7 41
7 58
7 59
7 60
7 61
7 64
7 65
7 73
7 74
7 75
7 76
7 77
7 88
7 89
7 90
7 91
7 92
7 93
7 100
7 105
8 8
8 9
8 13
8 14
8 15
8 19
8 52
8 61
8 63
8 90
8 92
8 98
8 100
8 111
8 112
9 9
9 13
9 14
9 15
9 33
9 34
9 35
9 36
9 60
9 61
9 73
9 77
9 82
9 88
9 89
9 91
9 92
9 103
9 104
9 106
9 112
9 114
10 10
10 12
10 14
10 22
10 26
10 28
10 62
10 63
10 64
10 82
10 102
10 105
10 115
11 11
11 12
11 13
11 15
11 29
11 31
11 36
11 37
11 41
11 61
11 65
11 73
11 74
11 75
11 76
11 77
11 83
11 88
11 92
11 93
11 105
11 113
11 114
12 12
12 13
12 14
12 15
12 18
12 22
12 28
12 58
12 62
12 72
12 73
12 74
12 75
12 76
12 91
12 92
12 93
12 101
12 105
12 115
13 13
13 14
13 15
13 28
13 29
13 33
13 36
13 41
13 58
13 59
13 60
13 61
13 73
13 74
13 75
13 76
13 77
13 83
13 88
13 89
13 90
13 91
13 92
13 93
13 103
13 112
13 114
14 14
14 15
14 19
14 28
14 29
14 41
14 61
14 73
14 74
14 75
14 76
14 77
14 82
14 83
14 88
14 91
14 92
14 93
14 103
14 104
14 112
14 114
14 115
15 15
15 17
15 18
15 28
15 29
15 41
15 52
15 54
15 60
15 61
15 63
15 72
15 73
15 74
15 75
15 76
15 83
15 86
15 88
15 89
15 90
15 92
15 112
16 16
16 17
16 18
16 19
16 28
16 29
16 32
16 44
16 49
16 51
16 52
16 56
16 57
16 62
16 63
16 68
16 69
16 72
16 78
16 79
16 80
16 81
16 84
16 86
16 97
16 98
16 109
17 17
17 28
17 29
17 32
17 49
17 56
17 57
17 61
17 62
17 63
17 68
17 69
17 72
17 74
17 76
17 78
17 79
17 80
17 81
17 84
17 95
17 97
17 98
17 105
17 109
18 18
18 19
18 28
18 29
18 32
18 41
18 52
18 62
18 63
18 72
18 73
18 74
18 75
18 76
18 77
18 83
18 90
18 95
18 98
18 100
18 111
18 112
18 115
19 19
19 28
19 29
19 52
19 53
19 63
19 68
19 72
19 73
19 74
19 80
19 81
19 83
19 98
19 100
19 104
19 111
20 20
20 21
20 24
20 25
20 26
20 27
20 39
20 43
20 44
20 45
20 46
20 50
20 53
20 55
20 56
20 57
20 66
20 67
20 68
20 71
20 78
20 85
20 87
20 89
20 96
20 97
20 99
20 107
21 21
21 24
21 25
21 26
21 27
21 34
21 35
21 39
21 43
21 45
21 46
21 53
21 55
21 56
21 57
21 66
21 67
21 71
21 85
21 87
21 89
21 96
21 97
21 107
22 22
22 23
22 25
22 26
22 27
22 30
22 31
22 34
22 50
22 64
22 65
22 66
22 67
22 75
22 86
22 102
22 115
23 23
23 25
23 30
23 31
23 34
23 35
23 64
23 65
23 66
23 67
23 71
23 75
23 92
23 102
23 110
24 24
24 25
24 26
24 27
24 35
24 39
24 55
24 66
24 67
24 71
24 82
24 87
24 88
24 89
24 96
24 97
24 99
24 102
24 106
24 107
25 25
25 26
25 27
25 30
25 31
25 33
25 34
25 35
25 37
25 39
25 65
25 66
25 67
25 70
25 71
25 87
26 26
26 27
26 45
26 50
26 51
26 53
26 54
26 56
26 57
26 68
26 69
26 84
26 85
26 86
26 87
27 27
27 30
27 35
27 39
27 50
27 55
27 65
27 66
27 67
27 71
27 82
27 85
27 87
27 96
27 107
28 28
28 29
28 32
28 62
28 63
28 72
28 73
28 74
28 75
28 76
28 78
28 79
28 80
28 81
28 83
28 95
28 98
28 101
28 111
28 112
28 115
29 29
29 32
29 33
29 36
29 37
29 40
29 41
29 61
29 63
29 72
29 73
29 74
29 75
29 76
29 77
29 80
29 83
29 92
29 103
29 108
29 113
29 114
30 30
30 31
30 33
30 34
30 35
30 37
30 64
30 65
30 66
30 67
30 71
30 75
30 108
31 31
31 33
31 34
31 35
31 37
31 64
31 65
31 66
31 67
31 70
31 71
31 73
31 75
31 92
31 113
32 32
32 33
32 49
32 53
32 56
32 57
32 62
32 63
32 72
32 78
32 79
32 80
32 81
32 83
32 84
32 85
32 99
33 33
33 35
33 36
33 40
33 61
33 71
33 73
33 76
33 77
33 113
33 114
34 34
34 35
34 37
34 38
34 64
34 65
34 67
34 71
34 108
34 110
35 35
35 37
35 38
35 39
35 58
35 64
35 65
35 66
35 67
35 70
35 71
35 77
35 94
35 103
35 108
35 110
35 113
36 36
36 37
36 38
36 39
36 40
36 41
36 55
36 61
36 70
36 71
36 73
36 74
36 76
36 77
36 82
36 88
36 89
36 91
36 103
36 107
36 110
36 113
36 114
37 37
37 38
37 39
37 40
37 41
37 65
37 70
37 71
37 73
37 74
37 75
37 76
37 77
37 95
37 103
37 110
37 113
37 114
38 38
38 39
38 40
38 41
38 65
38 67
38 71
38 73
38 74
38 76
38 94
38 110
38 114
39 39
39 40
39 41
39 55
39 65
39 66
39 70
39 71
39 77
39 87
39 88
39 94
39 97
39 99
39 103
39 106
39 110
40 40
40 41
40 73
40 74
40 76
40 83
40 87
40 102
40 103
40 104
40 113
40 114
41 41
41 65
41 73
41 74
41 75
41 76
41 77
41 83
41 90
41 91
41 92
41 93
41 100
41 103
41 108
41 114
41 115
42 42
42 43
42 44
42 45
42 46
42 47
42 49
42 53
42 54
42 56
42 57
42 62
42 69
42 79
42 81
42 85
42 98
43 43
43 44
43 45
43 46
43 47
43 49
43 50
43 53
43 55
43 56
43 57
43 69
43 81
43 85
43 96
44 44
44 45
44 46
44 47
44 48
44 49
44 50
44 51
44 53
44 55
44 56
44 57
44 62
44 63
44 68
44 78
44 80
44 81
44 82
44 84
44 85
44 87
44 96
44 98
44 99
44 102
44 107
44 111
45 45
45 46
45 47
45 48
45 49
45 50
45 51
45 53
45 55
45 56
45 57
45 62
45 63
45 68
45 69
45 78
45 79
45 80
45 81
45 84
45 85
45 87
45 96
45 98
45 99
45 107
45 111
46 46
46 47
46 49
46 51
46 53
46 55
46 56
46 57
46 62
46 63
46 68
46 78
46 79
46 80
46 81
46 82
46 84
46 85
46 87
46 96
46 98
46 99
47 47
47 48
47 49
47 50
47 51
47 53
47 55
47 71
47 80
47 94
47 96
47 98
47 110
48 48
48 49
48 50
48 51
48 52
48 53
48 55
48 59
48 62
48 82
48 87
48 93
48 96
48 99
48 101
48 102
48 107
49 49
49 50
49 51
49 53
49 55
49 56
49 57
49 62
49 63
49 68
49 78
49 79
49 80
49 81
49 84
49 85
49 98
49 99
49 107
49 111
50 50
50 51
50 52
50 53
50 56
50 59
50 67
50 80
50 84
50 85
50 86
50 87
50 98
50 99
51 51
51 52
51 53
51 54
51 56
51 57
51 59
51 62
51 63
51 68
51 78
51 80
51 81
51 84
51 86
51 98
52 52
52 53
52 54
52 59
52 62
52 63
52 80
52 86
52 90
52 98
52 100
52 115
53 53
53 55
53 56
53 57
53 62
53 63
53 78
53 80
53 81
53 84
53 85
53 87
53 98
53 99
54 54
54 57
54 69
54 70
54 85
54 86
54 90
54 98
54 105
54 115
55 55
55 56
55 71
55 78
55 81
55 82
55 85
55 87
55 96
55 97
55 99
55 102
55 106
55 107
56 56
56 57
56 62
56 63
56 68
56 69
56 78
56 79
56 80
56 81
56 84
56 85
56 87
56 97
56 98
57 57
57 62
57 63
57 68
57 69
57 78
57 79
57 80
57 81
57 84
57 85
57 86
57 97
57 98
58 58
58 59
58 60
58 61
58 64
58 65
58 66
58 67
58 88
58 89
59 59
59 61
59 65
59 66
59 86
59 89
59 90
59 91
59 93
59 101
60 60
60 61
60 63
60 88
60 89
60 97
60 109
61 61
61 63
61 65
61 75
61 77
61 88
61 89
61 90
61 91
61 92
61 112
62 62
62 63
62 68
62 72
62 78
62 79
62 80
62 81
62 83
62 84
62 98
62 101
62 111
63 63
63 72
63 78
63 79
63 80
63 81
63 83
63 84
63 98
63 111
64 64
64 65
64 66
64 67
64 86
64 92
64 113
65 65
65 66
65 67
65 71
65 88
65 92
65 113
66 66
66 67
66 70
66 71
67 67
67 71
67 110
68 68
68 69
68 78
68 79
68 80
68 81
68 84
68 85
68 86
68 97
68 98
68 104
69 69
69 78
69 79
69 80
69 81
69 84
69 85
69 86
69 97
70 70
70 71
70 73
70 75
70 76
70 77
70 90
70 105
70 106
71 71
71 77
71 94
71 96
71 97
71 106
71 110
72 72
72 73
72 74
72 76
72 78
72 80
72 81
72 83
72 92
72 93
72 95
72 98
72 101
72 103
72 111
72 112
72 115
73 73
73 74
73 75
73 76
73 77
73 88
73 91
73 92
73 93
73 95
73 103
73 113
73 115
74 74
74 75
74 76
74 77
74 91
74 92
74 93
74 95
74 101
74 102
74 103
74 113
74 115
75 75
75 76
75 77
75 86
75 92
75 108
75 113
75 115
76 76
76 77
76 88
76 91
76 92
76 95
76 103
76 105
76 113
76 115
77 77
77 88
77 90
77 91
77 92
77 100
77 103
77 105
77 115
78 78
78 79
78 80
78 81
78 82
78 84
78 85
78 87
78 96
78 98
78 99
78 107
79 79
79 80
79 81
79 84
79 85
79 98
79 108
80 80
80 81
80 84
80 85
80 86
80 98
80 99
80 111
81 81
81 83
81 84
81 85
81 98
81 99
81 111
82 82
82 83
82 87
82 88
82 96
82 99
82 102
82 103
82 107
82 111
83 83
83 111
83 114
84 84
84 85
84 86
84 94
84 97
84 98
84 99
85 85
85 87
85 98
86 86
86 90
86 98
86 100
86 108
87 87
87 89
87 96
87 99
87 102
87 107
88 88
88 89
88 92
88 104
88 106
89 89
89 97
90 90
90 91
90 92
90 93
90 98
90 100
90 105
90 115
91 91
91 92
91 93
91 101
91 103
91 109
91 110
91 112
91 114
91 115
92 92
92 93
92 101
92 102
92 103
92 111
92 112
92 113
92 114
93 93
93 101
93 102
93 103
93 105
93 111
93 112
93 115
94 94
94 97
94 103
94 109
94 110
95 95
95 108
95 109
95 115
96 96
96 97
96 99
96 102
96 103
96 106
96 107
96 109
96 110
97 97
97 99
97 103
97 109
98 98
98 99
98 101
98 111
98 115
99 99
99 101
99 107
99 111
100 100
101 101
101 105
101 111
101 115
102 102
102 103
102 104
102 107
102 110
103 103
103 104
103 107
103 109
103 110
103 112
103 113
103 114
104 104
104 106
104 107
104 112
104 113
104 114
105 105
105 115
106 106
106 107
107 107
107 114
108 108
109 109
109 110
109 112
110 110
110 114
111 111
111 112
111 114
112 112
113 113
113 114
114 114
115 115
