0 0
0 1
0 6
0 10
0 12
0 15
0 16
0 18
0 32
0 33
0 48
0 49
0 50
0 51
0 52
0 56
0 57
0 58
0 59
0 60
0 61
0 62
0 63
0 64
0 68
0 74
1 1
1 19
1 32
1 56
1 57
1 58
1 59
1 60
1 61
1 68
1 69
1 72
2 2
2 3
2 5
2 6
2 7
2 8
2 14
2 18
2 20
2 22
2 25
2 26
2 27
2 30
2 31
2 50
2 64
2 66
2 67
2 70
2 82
2 88
2 91
3 3
3 5
3 6
3 7
3 10
3 14
3 18
3 22
3 23
3 25
3 30
3 31
3 35
3 64
3 67
3 82
3 83
3 84
3 88
4 4
4 5
4 6
4 8
4 9
4 20
4 24
4 26
4 41
4 86
4 91
4 100
4 102
4 104
4 106
4 110
5 5
5 6
5 7
5 8
5 9
5 14
5 20
5 23
5 24
5 26
5 27
5 38
5 41
5 64
5 67
5 82
5 83
5 86
5 88
5 89
5 91
5 92
5 93
5 94
5 97
5 110
5 113
5 115
6 6
6 7
6 8
6 9
6 10
6 12
6 13
6 14
6 22
6 23
6 24
6 26
6 33
6 50
6 64
6 65
6 75
6 82
6 88
7 7
7 8
7 9
7 10
7 11
7 12
7 13
7 14
7 22
7 23
7 24
7 26
7 30
7 31
7 33
7 35
7 64
7 65
7 75
7 88
8 8
8 10
8 12
8 13
8 14
8 20
8 21
8 22
8 24
8 26
8 27
8 30
8 41
8 64
8 65
8 82
8 86
8 89
8 91
8 106
8 109
9 9
9 24
9 26
9 33
9 61
9 62
9 81
9 83
9 86
9 93
9 101
9 115
10 10
10 11
10 12
10 13
10 14
10 15
10 16
10 18
10 22
10 23
10 27
10 30
10 31
10 33
10 43
10 48
10 52
10 53
10 64
10 71
10 73
10 82
10 84
10 85
10 86
10 88
11 11
11 12
11 13
11 15
11 16
11 17
11 29
11 30
11 31
11 33
11 49
11 53
11 61
11 65
11 71
11 72
11 73
11 75
11 79
11 80
11 81
12 12
12 13
12 14
12 15
12 16
12 22
12 23
12 24
12 26
12 27
12 30
12 33
12 48
12 51
12 52
12 53
12 61
12 64
12 65
12 73
12 82
12 86
12 88
13 13
13 14
13 15
13 16
13 17
13 23
13 24
13 29
13 30
13 33
13 52
13 53
13 61
13 65
13 71
13 72
13 73
13 81
13 82
13 86
14 14
14 15
14 18
14 20
14 21
14 22
14 23
14 24
14 25
14 26
14 27
14 30
14 31
14 64
14 82
14 84
14 85
14 86
14 88
14 89
14 91
15 15
15 22
15 23
15 25
15 26
15 27
15 42
15 43
15 48
15 49
15 51
15 52
15 53
15 86
15 87
15 88
15 89
16 16
16 17
16 18
16 19
16 28
16 29
16 32
16 33
16 44
16 46
16 52
16 53
16 57
16 62
16 63
16 72
16 78
16 79
16 80
16 81
17 17
17 19
17 28
17 29
17 32
17 33
17 35
17 36
17 49
17 53
17 60
17 61
17 62
17 63
17 72
17 73
17 74
17 75
17 76
17 78
17 79
17 80
17 81
17 90
17 112
18 18
18 22
18 23
18 25
18 43
18 50
18 51
18 57
18 64
18 82
18 84
18 88
19 19
19 28
19 32
19 33
19 56
19 57
19 58
19 59
19 60
19 61
19 62
19 63
19 69
19 72
19 78
19 79
19 80
19 81
19 90
19 98
19 99
19 100
19 101
19 102
19 112
20 20
20 21
20 26
20 27
20 29
20 30
20 31
20 38
20 39
20 40
20 41
20 67
20 71
20 75
20 77
20 82
20 83
20 85
20 86
20 88
20 91
20 92
20 97
20 109
20 110
20 113
21 21
21 22
21 25
21 26
21 27
21 29
21 30
21 31
21 37
21 38
21 39
21 40
21 41
21 54
21 55
21 67
21 71
21 75
21 82
21 83
21 84
21 85
21 86
21 89
21 96
21 108
21 109
21 113
22 22
22 23
22 25
22 27
22 30
22 31
22 43
22 48
22 50
22 64
22 67
22 70
22 71
22 82
22 84
22 85
22 86
22 88
23 23
23 25
23 30
23 31
23 64
23 82
23 83
23 84
23 85
23 86
23 87
23 88
23 113
24 24
24 26
24 52
24 65
24 70
24 86
24 91
24 93
25 25
25 27
25 30
25 31
25 38
25 43
25 45
25 47
25 50
25 67
25 70
25 71
25 82
25 84
25 85
25 87
25 88
25 89
26 26
26 27
26 40
26 41
26 64
26 82
26 86
26 88
26 89
26 91
26 92
26 93
26 109
27 27
27 30
27 31
27 38
27 39
27 43
27 48
27 50
27 51
27 54
27 55
27 67
27 70
27 71
27 82
27 85
27 86
27 88
27 89
27 96
27 109
28 28
28 29
28 33
28 36
28 60
28 62
28 63
28 72
28 74
28 78
28 79
28 80
28 81
28 83
28 98
29 29
29 30
29 31
29 33
29 35
29 36
29 37
29 40
29 53
29 61
29 63
29 65
29 71
29 72
29 73
29 74
29 75
29 76
29 78
29 79
29 80
29 81
29 83
29 112
30 30
30 31
30 40
30 41
30 64
30 67
30 70
30 71
30 73
30 75
30 82
30 84
30 85
30 86
31 31
31 35
31 40
31 41
31 64
31 67
31 71
31 75
31 82
31 83
31 84
31 85
31 88
31 108
32 32
32 33
32 34
32 44
32 48
32 49
32 50
32 52
32 56
32 57
32 58
32 59
32 60
32 61
32 62
32 63
32 66
32 68
32 72
32 73
32 74
32 76
32 78
32 79
33 33
33 35
33 60
33 61
33 62
33 63
33 65
33 72
33 74
33 76
33 78
33 79
33 80
33 81
34 34
34 35
34 44
34 45
34 48
34 49
34 66
34 94
35 35
35 45
35 67
35 80
35 81
35 83
35 105
35 108
36 36
36 37
36 38
36 39
36 55
36 69
36 72
36 73
36 76
36 78
36 79
36 81
36 90
36 94
36 96
36 98
36 111
36 112
37 37
37 38
37 39
37 41
37 47
37 55
37 71
37 77
37 81
37 85
37 87
37 92
37 93
37 94
37 95
37 96
37 97
37 98
37 99
37 104
37 108
37 110
37 111
37 112
37 113
38 38
38 39
38 40
38 41
38 43
38 47
38 54
38 55
38 57
38 66
38 67
38 69
38 77
38 87
38 89
38 92
38 94
38 96
38 97
38 105
38 108
38 110
38 113
39 39
39 40
39 41
39 55
39 67
39 69
39 77
39 83
39 87
39 89
39 92
39 93
39 95
39 96
39 97
39 99
39 100
39 102
39 103
39 104
39 105
39 107
39 108
39 109
39 110
39 112
39 113
39 115
40 40
40 41
40 71
40 83
40 85
40 86
40 87
40 88
40 89
40 92
40 93
40 97
40 100
40 103
40 106
40 110
40 113
41 41
41 77
41 83
41 85
41 86
41 89
41 91
41 96
41 97
41 104
41 105
41 110
41 113
42 42
42 43
42 44
42 45
42 46
42 47
42 48
42 49
42 50
42 51
42 52
42 53
42 54
42 55
42 56
42 57
42 59
42 66
42 68
42 69
42 96
42 104
43 43
43 44
43 45
43 46
43 47
43 48
43 49
43 50
43 51
43 52
43 53
43 54
43 55
43 56
43 57
43 66
43 96
44 44
44 45
44 46
44 48
44 49
44 50
44 51
44 53
44 58
44 63
44 66
45 45
45 46
45 48
45 49
45 50
45 51
45 66
45 67
45 108
46 46
46 47
46 48
46 49
46 51
46 52
46 53
46 54
46 55
46 56
46 57
46 59
46 68
46 96
47 47
47 55
47 56
47 77
47 87
47 89
47 91
47 92
47 93
47 94
47 95
47 96
47 97
47 99
47 103
47 104
47 110
47 111
47 113
47 115
48 48
48 49
48 50
48 51
48 52
48 53
48 54
48 56
48 58
48 63
48 66
49 49
49 51
49 52
49 53
49 54
49 56
49 57
49 58
49 61
49 63
49 78
49 79
50 50
50 51
50 52
50 54
50 57
50 59
50 64
50 66
50 67
50 70
50 84
50 88
51 51
51 52
51 53
51 54
51 55
51 57
51 66
51 68
51 70
52 52
52 53
52 54
52 57
52 58
52 60
52 63
52 68
52 69
52 72
52 79
53 53
53 54
53 68
53 79
54 54
54 55
54 66
54 68
54 69
54 76
54 78
54 96
55 55
55 56
55 59
55 66
55 69
55 96
55 98
55 99
55 113
56 56
56 57
56 58
56 59
56 62
56 63
56 66
56 68
56 76
56 78
56 79
56 80
56 99
57 57
57 58
57 59
57 62
57 63
57 66
57 68
57 69
57 76
57 79
58 58
58 59
58 60
58 61
58 62
58 63
58 72
58 74
58 76
58 78
58 80
58 98
58 102
58 106
59 59
59 60
59 61
59 62
59 63
59 66
59 68
59 69
59 74
59 78
59 98
59 100
59 102
59 106
60 60
60 61
60 62
60 63
60 72
60 74
60 76
60 78
60 80
60 98
60 100
60 102
60 106
61 61
61 62
61 63
61 65
61 72
61 73
61 74
61 76
61 78
61 80
61 81
62 62
62 63
62 72
62 78
62 79
62 80
62 81
62 90
62 93
62 98
62 100
62 101
62 102
63 63
63 72
63 74
63 76
63 78
63 79
63 80
63 81
63 98
64 64
64 65
64 67
64 75
64 82
64 84
64 85
64 88
65 65
65 67
65 73
65 75
65 92
66 66
66 67
66 68
66 69
66 96
66 100
66 102
66 106
67 67
67 85
67 89
67 108
67 110
68 68
68 69
68 76
68 102
68 115
69 69
69 78
69 96
69 97
69 100
69 101
69 102
69 115
70 70
70 71
70 73
70 74
70 75
71 71
71 73
71 75
71 85
71 86
71 96
71 109
71 110
72 72
72 73
72 74
72 76
72 78
72 79
72 80
72 81
72 90
72 98
73 73
73 74
73 75
73 76
73 79
73 85
73 111
74 74
74 75
74 76
74 79
75 75
75 76
75 85
75 108
76 76
76 78
76 79
76 98
76 99
76 108
76 111
77 77
77 91
77 93
77 94
77 96
77 97
77 99
77 101
77 102
77 103
77 108
77 110
77 111
77 112
77 113
77 114
78 78
78 79
78 80
78 81
78 98
78 102
78 107
79 79
79 80
79 81
79 111
80 80
80 81
80 90
80 95
80 102
80 111
80 112
81 81
81 90
81 98
81 111
81 112
82 82
82 83
82 84
82 85
82 86
82 87
82 88
82 89
83 83
83 85
83 86
83 87
83 88
83 89
83 90
83 92
83 94
83 113
84 84
84 85
84 88
85 85
85 86
85 87
85 88
85 89
86 86
86 87
86 88
86 89
86 110
87 87
87 89
87 92
87 94
87 95
87 97
87 105
87 110
87 113
88 88
88 89
88 91
89 89
89 91
89 92
89 97
89 105
89 110
90 90
90 91
90 92
90 93
90 95
90 96
90 97
90 98
90 99
90 100
90 102
90 103
90 104
90 112
90 114
91 91
91 92
91 93
91 94
91 97
91 98
91 99
91 100
91 101
91 102
91 103
91 104
91 106
91 110
92 92
92 93
92 94
92 95
92 96
92 97
92 99
92 100
92 102
92 103
92 104
92 105
92 106
92 107
92 109
92 110
92 112
92 113
92 114
93 93
93 94
93 95
93 97
93 98
93 99
93 100
93 101
93 102
93 103
93 104
93 105
93 106
93 110
93 111
93 112
93 113
94 94
94 95
94 96
94 97
94 99
94 104
94 105
94 110
94 111
94 112
94 113
94 114
94 115
95 95
95 96
95 97
95 99
95 100
95 102
95 103
95 104
95 106
95 107
95 108
95 109
95 110
95 112
95 113
96 96
96 97
96 98
96 99
96 100
96 102
96 103
96 104
96 105
96 109
96 110
96 112
96 113
97 97
97 98
97 99
97 100
97 101
97 102
97 103
97 104
97 105
97 107
97 110
97 111
97 112
97 113
97 114
97 115
98 98
98 99
98 100
98 101
98 102
98 103
98 104
98 106
98 111
98 112
99 99
99 100
99 101
99 102
99 103
99 104
99 106
99 110
99 111
99 112
99 113
100 100
100 101
100 102
100 103
100 104
100 106
100 107
100 109
100 113
100 114
101 101
101 102
101 103
101 104
101 106
101 111
101 113
102 102
102 103
102 104
102 106
102 107
102 111
103 103
103 104
103 105
103 106
103 107
103 109
103 110
103 112
103 113
103 114
104 104
104 105
104 107
104 110
104 111
104 112
104 113
104 114
105 105
105 107
105 110
105 112
105 113
105 114
106 106
106 107
106 109
107 107
107 109
108 108
108 112
108 113
109 109
110 110
110 111
110 112
110 113
110 114
111 111
111 112
111 113
112 112
112 113
112 114
112 115
113 113
113 114
113 115
114 114
115 115
