0 0
0 1
0 2
0 12
0 16
0 17
0 18
0 19
0 28
0 32
0 56
0 57
0 58
0 60
0 62
0 63
0 76
0 80
0 81
0 101
0 102
0 111
1 1
1 13
1 16
1 17
1 18
1 19
1 28
1 29
1 32
1 37
1 56
1 57
1 60
1 61
1 62
1 63
1 70
1 72
1 74
1 75
1 76
1 78
1 79
1 80
1 81
1 102
1 107
2 2
2 3
2 6
2 7
2 8
2 10
2 12
2 14
2 18
2 21
2 22
2 23
2 25
2 26
2 27
2 30
2 31
2 33
2 34
2 38
2 64
2 82
2 84
2 88
3 3
3 5
3 6
3 7
3 8
3 9
3 11
3 13
3 14
3 15
3 18
3 20
3 21
3 22
3 23
3 25
3 26
3 29
3 30
3 31
3 38
3 41
3 64
3 70
3 71
3 73
3 75
3 82
3 83
3 85
3 87
3 88
4 4
4 5
4 8
4 9
4 14
4 15
4 18
4 20
4 21
4 24
4 25
4 26
4 27
4 36
4 38
4 41
4 54
4 55
4 58
4 59
4 82
4 83
4 88
4 89
5 5
5 8
5 9
5 14
5 15
5 20
5 21
5 24
5 25
5 26
5 27
5 36
5 38
5 39
5 41
5 54
5 55
5 82
5 83
5 85
5 88
5 89
6 6
6 7
6 8
6 10
6 11
6 12
6 14
6 15
6 18
6 22
6 23
6 28
6 29
6 30
6 31
6 32
6 33
6 60
6 64
6 71
6 72
6 73
6 82
6 84
7 7
7 8
7 9
7 11
7 15
7 23
7 29
7 30
7 31
7 41
7 61
7 64
7 65
7 73
7 83
7 85
7 87
7 92
8 8
8 9
8 10
8 13
8 14
8 15
8 18
8 20
8 21
8 22
8 24
8 25
8 26
8 27
8 38
8 40
8 41
8 54
8 58
8 64
8 70
8 71
8 82
8 83
8 84
8 85
8 88
8 89
9 9
9 13
9 14
9 15
9 20
9 21
9 24
9 25
9 26
9 38
9 40
9 41
9 54
9 55
9 61
9 65
9 82
9 83
9 85
9 88
9 89
9 92
10 10
10 11
10 12
10 13
10 14
10 18
10 22
10 28
10 30
10 31
10 33
10 34
10 64
10 65
10 71
10 82
10 84
10 86
10 88
11 11
11 12
11 13
11 14
11 16
11 17
11 18
11 28
11 29
11 30
11 31
11 40
11 41
11 71
11 72
11 73
11 74
11 75
11 76
11 77
11 79
11 82
11 83
11 86
11 87
12 12
12 13
12 14
12 16
12 28
12 29
12 30
12 60
12 62
12 63
12 71
12 72
12 74
12 75
12 76
12 82
13 13
13 14
13 15
13 16
13 17
13 21
13 28
13 29
13 30
13 31
13 37
13 40
13 61
13 62
13 63
13 65
13 70
13 71
13 72
13 73
13 74
13 75
13 76
13 77
13 78
13 79
13 82
13 83
13 86
13 87
14 14
14 15
14 18
14 20
14 21
14 22
14 23
14 26
14 27
14 28
14 29
14 30
14 31
14 38
14 40
14 41
14 64
14 71
14 82
14 83
14 84
14 85
14 88
14 89
15 15
15 18
15 20
15 21
15 24
15 26
15 27
15 29
15 36
15 38
15 40
15 41
15 54
15 55
15 70
15 71
15 73
15 82
15 83
15 84
15 85
15 88
15 89
16 16
16 17
16 28
16 29
16 30
16 32
16 33
16 37
16 57
16 60
16 62
16 63
16 72
16 73
16 74
16 75
16 76
16 77
16 78
16 79
16 80
16 81
16 111
17 17
17 28
17 29
17 30
17 33
17 57
17 60
17 62
17 63
17 70
17 71
17 72
17 73
17 74
17 75
17 76
17 77
17 78
17 79
17 80
17 81
17 111
18 18
18 19
18 20
18 21
18 22
18 26
18 28
18 30
18 38
18 41
18 54
18 56
18 71
18 72
18 76
18 77
18 82
18 83
18 84
18 88
19 19
19 56
19 57
19 68
19 69
19 77
19 81
19 99
19 111
20 20
20 21
20 26
20 27
20 38
20 40
20 41
20 54
20 56
20 70
20 71
20 82
20 83
20 84
20 88
21 21
21 22
21 25
21 26
21 27
21 30
21 31
21 38
21 40
21 41
21 71
21 82
21 83
21 84
21 88
22 22
22 23
22 24
22 25
22 26
22 27
22 30
22 31
22 34
22 35
22 38
22 64
22 71
22 82
22 84
22 86
22 88
23 23
23 25
23 27
23 30
23 31
23 33
23 34
23 35
23 64
23 84
23 86
23 87
23 88
23 93
24 24
24 25
24 26
24 27
24 39
24 55
24 89
24 96
25 25
25 26
25 27
25 30
25 31
25 34
25 35
25 38
25 39
25 40
25 41
25 64
25 65
25 67
25 85
25 108
26 26
26 27
26 36
26 38
26 39
26 40
26 41
26 54
26 55
26 70
26 71
26 82
26 83
26 84
26 85
26 88
26 89
27 27
27 34
27 38
27 39
27 40
27 41
27 64
27 85
27 88
28 28
28 29
28 30
28 31
28 33
28 40
28 60
28 62
28 63
28 71
28 72
28 73
28 74
28 75
28 76
28 77
28 79
28 80
28 81
28 82
28 83
28 84
28 86
29 29
29 30
29 31
29 36
29 37
29 40
29 41
29 60
29 62
29 63
29 70
29 71
29 72
29 73
29 74
29 75
29 76
29 77
29 78
29 79
29 80
29 81
29 83
29 85
29 87
30 30
30 31
30 33
30 40
30 41
30 70
30 71
30 72
30 73
30 74
30 75
30 76
30 77
30 79
30 86
31 31
31 33
31 34
31 35
31 40
31 64
31 71
31 72
31 73
31 74
31 75
31 76
31 77
31 79
31 82
31 84
31 86
31 87
32 32
32 33
32 60
32 61
32 62
32 63
32 65
32 78
32 80
32 81
33 33
33 34
33 35
33 62
33 63
33 64
33 65
33 78
33 79
33 80
33 81
33 87
34 34
34 35
34 50
34 64
34 65
34 67
34 76
34 77
34 79
35 35
35 39
35 45
35 64
35 65
35 67
35 87
35 93
35 106
35 108
35 110
36 36
36 37
36 38
36 40
36 41
36 54
36 70
36 72
36 75
36 77
36 81
36 83
36 88
36 94
37 37
37 39
37 41
37 70
37 71
37 72
37 73
37 75
37 76
37 77
37 78
37 81
37 87
37 97
38 38
38 39
38 40
38 41
38 54
38 55
38 70
38 71
38 82
38 83
38 84
38 85
38 88
39 39
39 41
39 69
39 94
39 95
39 96
39 97
39 108
39 109
39 110
40 40
40 41
40 71
40 72
40 75
40 82
40 83
40 85
40 88
41 41
41 70
41 71
41 73
41 75
41 82
41 83
41 85
42 42
42 43
42 44
42 45
42 46
42 47
42 48
42 49
42 50
42 51
42 52
42 53
42 55
42 66
42 90
42 91
42 96
42 98
42 99
42 100
42 101
42 103
42 109
42 110
42 111
42 112
42 113
43 43
43 44
43 45
43 46
43 47
43 48
43 49
43 50
43 51
43 52
43 53
43 55
43 90
43 96
43 98
43 99
43 101
43 103
43 110
43 111
43 112
43 113
44 44
44 45
44 46
44 47
44 48
44 49
44 50
44 51
44 53
44 55
44 66
44 67
44 96
44 98
44 105
44 106
44 109
44 110
45 45
45 46
45 47
45 48
45 49
45 50
45 51
45 53
45 55
45 59
45 66
45 67
45 69
45 91
45 96
45 98
45 105
45 106
45 109
45 110
45 112
46 46
46 47
46 48
46 49
46 50
46 51
46 52
46 53
46 55
46 90
46 96
46 98
46 99
46 111
46 112
47 47
47 48
47 49
47 50
47 51
47 52
47 53
47 55
47 57
47 59
47 66
47 67
47 68
47 69
47 90
47 91
47 93
47 94
47 96
47 98
47 99
47 100
47 101
47 102
47 103
47 104
47 106
47 109
47 110
47 111
47 112
47 113
48 48
48 49
48 50
48 51
48 52
48 53
48 55
48 67
48 96
48 98
48 109
49 49
49 50
49 51
49 52
49 53
49 55
49 96
49 98
49 99
49 111
49 112
50 50
50 51
50 52
50 53
50 64
50 67
50 98
51 51
51 52
51 53
51 55
51 58
51 59
51 66
51 90
51 96
51 98
51 99
51 100
51 112
51 113
52 52
52 53
52 55
52 58
52 59
52 60
52 61
52 89
52 90
52 98
52 99
52 100
52 102
52 103
52 112
53 53
53 55
53 90
53 91
53 98
53 99
53 100
53 103
53 112
54 54
54 55
54 58
54 83
54 88
54 89
55 55
55 88
55 89
55 96
55 98
56 56
56 57
56 68
56 76
56 80
56 83
56 99
56 112
57 57
57 62
57 63
57 68
57 69
57 78
57 80
57 81
57 96
57 98
57 99
57 101
57 102
57 103
57 104
57 105
57 106
57 107
57 110
57 111
57 112
57 113
58 58
58 59
58 60
58 61
58 66
58 89
58 101
58 102
58 103
59 59
59 61
59 66
59 69
59 89
59 90
59 91
59 100
59 101
59 102
59 103
60 60
60 61
60 62
60 63
60 72
60 74
60 75
60 76
60 80
60 81
60 89
61 61
61 62
61 63
61 65
61 90
61 100
61 101
61 102
61 113
62 62
62 63
62 72
62 73
62 74
62 75
62 78
62 79
62 80
62 81
63 63
63 72
63 74
63 75
63 76
63 78
63 79
63 80
63 81
63 102
63 111
64 64
64 65
64 84
64 85
64 86
64 88
65 65
65 67
65 85
66 66
66 67
66 68
66 69
66 91
66 93
66 96
66 101
66 102
66 103
66 104
66 109
66 110
67 67
67 69
67 91
67 92
67 93
67 94
67 95
67 96
67 100
67 101
67 103
67 104
67 105
67 106
67 108
67 109
67 110
68 68
68 69
68 91
68 93
68 101
68 103
68 104
68 106
68 110
68 111
69 69
69 90
69 91
69 92
69 93
69 94
69 95
69 96
69 97
69 99
69 100
69 101
69 102
69 103
69 104
69 105
69 106
69 109
69 110
69 111
70 70
70 71
70 72
70 73
70 75
70 76
70 77
71 71
71 72
71 73
71 75
71 76
71 77
71 79
71 82
71 83
72 72
72 73
72 74
72 75
72 76
72 77
72 78
72 79
72 80
72 81
73 73
73 74
73 75
73 76
73 79
73 86
73 87
74 74
74 75
74 76
74 77
74 78
74 79
74 80
74 81
74 86
74 87
75 75
75 76
75 77
75 78
75 79
75 81
76 76
76 77
76 78
76 79
76 80
76 81
76 86
77 77
77 79
77 81
78 78
78 79
78 80
78 81
78 104
78 110
78 111
78 113
78 115
79 79
79 80
79 81
80 80
80 81
80 99
80 101
80 102
80 103
80 104
80 111
80 113
81 81
81 98
81 99
81 102
81 111
81 113
82 82
82 83
82 84
82 85
82 88
83 83
83 84
83 88
83 89
84 84
84 85
84 88
85 85
85 88
86 86
86 87
87 87
87 107
88 88
88 89
89 89
90 90
90 91
90 92
90 93
90 94
90 98
90 99
90 100
90 101
90 102
90 103
90 104
90 109
90 111
90 112
91 91
91 92
91 93
91 94
91 95
91 98
91 99
91 100
91 101
91 102
91 103
91 104
91 106
91 109
91 110
91 111
92 92
92 93
92 94
92 99
92 100
92 101
92 102
92 103
92 104
92 106
92 109
92 112
93 93
93 94
93 95
93 96
93 99
93 100
93 101
93 102
93 103
93 104
93 106
93 109
93 110
94 94
94 95
94 97
94 99
94 100
94 103
94 108
94 109
94 110
95 95
95 97
95 108
95 109
95 110
96 96
96 97
96 98
96 99
96 101
96 103
96 104
96 105
96 106
96 108
96 109
96 110
96 111
96 112
96 114
97 97
97 99
97 104
97 105
97 106
97 108
97 109
97 110
97 111
97 112
97 113
97 114
97 115
98 98
98 99
98 100
98 101
98 102
98 103
98 110
98 111
98 112
98 113
99 99
99 100
99 101
99 102
99 103
99 104
99 105
99 107
99 109
99 110
99 111
99 112
99 113
100 100
100 101
100 102
100 103
100 104
100 106
100 112
100 113
101 101
101 102
101 103
101 104
101 105
101 106
101 107
101 109
101 110
101 111
101 112
101 113
101 114
101 115
102 102
102 103
102 104
102 106
102 111
102 112
102 113
102 115
103 103
103 104
103 105
103 106
103 107
103 109
103 110
103 111
103 112
103 113
104 104
104 105
104 106
104 107
104 110
104 111
104 112
104 113
104 114
104 115
105 105
105 106
105 107
105 108
105 110
105 111
105 112
105 113
105 114
105 115
106 106
106 107
106 109
106 110
106 111
106 113
106 114
106 115
107 107
107 112
107 113
107 114
107 115
108 108
108 109
108 110
108 111
108 114
108 115
109 109
109 110
109 111
110 110
110 111
110 113
111 111
111 112
111 113
111 114
111 115
112 112
112 113
112 114
113 113
113 114
113 115
114 114
114 115
115 115
