0 0
0 1
0 10
0 16
0 17
0 18
0 19
0 28
0 32
0 33
0 36
0 40
0 41
0 56
0 57
0 62
0 63
0 68
0 72
0 73
0 75
0 76
0 78
0 79
0 80
0 81
0 82
0 84
0 87
0 99
1 1
1 14
1 17
1 19
1 32
1 57
1 61
1 63
1 79
1 80
1 82
1 98
2 2
2 3
2 4
2 5
2 6
2 7
2 8
2 9
2 13
2 18
2 23
2 24
2 25
2 26
2 31
2 44
2 45
2 64
2 65
2 66
2 67
2 85
2 90
2 91
2 92
2 93
2 100
3 3
3 4
3 5
3 8
3 9
3 14
3 22
3 23
3 24
3 25
3 26
3 27
3 30
3 31
3 66
3 67
3 86
3 87
3 88
3 92
4 4
4 5
4 7
4 8
4 9
4 13
4 14
4 15
4 22
4 23
4 24
4 25
4 26
4 27
4 52
4 58
4 59
4 60
4 64
4 65
4 66
4 67
4 88
4 91
5 5
5 8
5 9
5 14
5 15
5 21
5 22
5 23
5 24
5 25
5 26
5 27
5 30
5 35
5 52
5 58
5 59
5 64
5 65
5 66
5 67
5 71
5 86
5 87
5 88
5 89
6 6
6 7
6 11
6 12
6 13
6 19
6 28
6 31
6 44
6 45
6 49
6 53
6 61
6 62
6 83
6 85
6 90
6 91
6 92
6 93
6 100
6 101
6 102
7 7
7 8
7 11
7 13
7 25
7 31
7 44
7 45
7 49
7 60
7 61
7 65
7 83
7 90
7 91
7 92
7 93
7 100
7 102
8 8
8 9
8 12
8 13
8 14
8 15
8 23
8 24
8 25
8 26
8 27
8 30
8 35
8 52
8 58
8 59
8 60
8 64
8 65
8 66
8 88
8 91
9 9
9 13
9 14
9 15
9 22
9 24
9 25
9 26
9 27
9 35
9 52
9 58
9 59
9 60
9 64
9 65
9 66
9 71
9 87
9 88
10 10
10 12
10 14
10 16
10 18
10 36
10 37
10 40
10 62
10 72
10 73
10 74
10 75
10 76
10 79
10 80
10 81
10 84
10 94
10 95
10 96
10 97
10 99
10 108
10 111
10 112
11 11
11 12
11 13
11 16
11 19
11 28
11 44
11 61
11 62
11 72
11 78
11 80
11 83
11 90
11 91
11 92
11 93
11 100
11 101
12 12
12 13
12 24
12 52
12 58
12 60
12 65
12 72
12 75
12 90
12 91
12 95
12 97
12 99
12 108
12 109
12 110
12 111
12 112
13 13
13 15
13 24
13 25
13 30
13 52
13 54
13 60
13 61
13 65
13 90
13 91
13 92
14 14
14 15
14 22
14 26
14 27
14 39
14 52
14 59
14 64
14 68
14 71
14 79
14 82
14 84
14 87
14 88
15 15
15 25
15 27
15 29
15 35
15 58
15 59
15 60
15 61
15 64
15 71
15 83
15 87
16 16
16 17
16 18
16 28
16 29
16 32
16 33
16 36
16 37
16 40
16 41
16 56
16 62
16 63
16 72
16 76
16 78
16 80
16 81
16 83
16 95
16 97
16 101
16 113
17 17
17 28
17 29
17 34
17 35
17 40
17 41
17 56
17 57
17 61
17 62
17 63
17 71
17 73
17 76
17 77
17 79
17 80
17 81
17 83
17 104
17 105
17 107
18 18
18 32
18 37
19 19
19 28
19 31
19 32
19 41
19 62
19 69
19 73
19 80
19 82
19 83
19 85
19 90
19 91
19 92
19 98
19 100
19 101
19 102
20 20
20 21
20 22
20 23
20 32
20 33
20 42
20 43
20 45
20 68
20 69
20 70
20 72
20 74
20 78
20 80
20 91
20 95
20 97
20 100
20 101
20 108
20 109
20 111
20 112
20 113
21 21
21 27
21 35
21 39
21 57
21 68
21 71
21 77
21 80
21 88
21 105
22 22
22 23
22 24
22 25
22 26
22 27
22 30
22 40
22 42
22 43
22 52
22 58
22 64
22 66
22 68
22 84
22 86
22 87
22 88
22 89
22 96
22 97
22 109
22 110
22 113
22 114
23 23
23 24
23 25
23 26
23 27
23 30
23 31
23 43
23 45
23 66
23 67
23 69
23 70
23 86
23 88
23 90
23 91
23 92
23 93
23 94
23 95
23 96
23 97
23 99
23 108
23 109
23 110
23 113
23 114
23 115
24 24
24 25
24 26
24 27
24 30
24 52
24 58
24 65
24 66
24 67
24 69
24 86
24 88
24 90
24 91
24 92
24 96
24 108
24 110
25 25
25 26
25 27
25 30
25 31
25 58
25 64
25 65
25 66
25 67
25 86
25 88
25 90
25 91
25 92
26 26
26 27
26 35
26 39
26 45
26 48
26 50
26 52
26 58
26 59
26 65
26 66
26 67
26 69
26 88
26 90
26 91
26 96
27 27
27 35
27 39
27 52
27 58
27 59
27 66
27 71
27 87
27 88
27 96
28 28
28 29
28 31
28 32
28 33
28 40
28 41
28 57
28 62
28 63
28 70
28 72
28 73
28 75
28 76
28 78
28 80
28 81
28 83
28 85
28 93
28 94
28 95
28 97
28 100
28 101
28 102
28 112
28 113
28 114
28 115
29 29
29 40
29 41
29 56
29 57
29 60
29 61
29 62
29 63
29 71
29 72
29 73
29 75
29 77
29 79
29 80
29 81
29 83
30 30
30 31
30 66
30 86
30 92
31 31
31 33
31 92
31 100
31 102
31 103
31 109
31 111
32 32
32 33
32 56
32 57
32 62
32 63
32 72
32 75
32 76
32 78
32 80
32 81
32 82
32 85
32 100
32 101
32 113
32 114
33 33
33 57
33 62
33 63
33 72
33 73
33 76
33 78
33 80
33 81
33 95
33 97
33 99
33 109
33 111
33 112
33 113
33 115
34 34
34 35
34 38
34 39
34 58
34 71
34 77
34 79
34 104
34 105
34 106
34 107
35 35
35 39
35 48
35 49
35 52
35 58
35 59
35 60
35 61
35 64
35 65
35 71
35 77
35 83
35 105
35 107
36 36
36 37
36 38
36 39
36 40
36 41
36 42
36 56
36 70
36 72
36 73
36 74
36 76
36 78
36 80
36 81
36 87
36 94
36 95
36 96
36 97
36 99
36 101
36 108
36 109
36 110
36 111
36 112
36 113
37 37
37 38
37 39
37 40
37 41
37 42
37 54
37 70
37 73
37 74
37 76
37 78
37 81
37 86
37 94
37 95
37 96
37 97
37 99
37 104
37 108
37 109
37 110
37 111
37 112
37 113
38 38
38 39
38 48
38 52
38 54
38 55
38 68
38 79
38 87
38 96
38 106
38 107
39 39
39 41
39 77
39 88
39 96
39 104
39 105
39 106
39 107
40 40
40 41
40 56
40 57
40 62
40 70
40 72
40 73
40 74
40 76
40 78
40 79
40 80
40 81
40 84
40 86
40 87
40 94
40 95
40 96
40 97
40 99
40 108
40 109
40 111
40 112
40 113
40 114
40 115
41 41
41 73
41 74
41 76
41 77
41 79
41 80
41 81
41 83
41 94
41 98
41 108
42 42
42 43
42 44
42 45
42 46
42 47
42 55
42 70
42 74
42 86
42 95
42 96
42 97
42 99
42 108
42 109
42 110
42 111
42 112
42 113
42 114
43 43
43 44
43 45
43 46
43 47
43 48
43 50
43 51
43 55
43 67
43 70
43 74
43 86
43 95
43 96
43 97
43 99
43 108
43 109
43 110
43 111
43 112
43 113
44 44
44 45
44 46
44 47
44 48
44 49
44 50
44 51
44 53
44 66
44 67
44 69
44 90
44 91
44 92
44 100
45 45
45 46
45 47
45 48
45 49
45 50
45 51
45 53
45 67
45 69
45 70
45 90
45 91
45 92
45 93
45 100
45 103
46 46
46 47
46 48
46 49
46 50
46 51
46 52
46 53
46 55
46 71
46 98
47 47
47 48
47 49
47 50
47 51
47 52
47 53
47 55
47 67
47 69
47 70
47 90
47 91
47 92
47 96
47 98
47 109
47 110
47 111
47 112
48 48
48 49
48 50
48 51
48 52
48 53
48 54
48 55
48 66
48 67
48 68
48 69
48 71
48 105
48 107
49 49
49 50
49 51
49 53
49 61
49 69
49 90
49 91
49 92
50 50
50 51
50 52
50 53
50 54
50 55
50 66
50 68
50 69
51 51
51 52
51 53
51 55
51 69
51 85
51 91
52 52
52 53
52 54
52 55
52 58
52 59
52 65
52 66
52 68
52 96
52 107
53 53
53 55
54 54
54 55
54 86
54 87
54 89
54 96
54 97
54 99
54 104
54 109
54 110
55 55
55 74
55 86
55 87
55 89
55 95
55 96
55 97
55 99
55 108
55 109
55 110
55 111
56 56
56 57
56 59
56 60
56 61
56 62
56 63
56 72
56 79
56 80
56 81
56 87
56 89
57 57
57 59
57 62
57 63
57 72
57 73
57 76
57 78
57 79
57 80
57 81
57 98
58 58
58 59
58 60
58 64
58 65
58 66
58 71
58 87
58 88
58 107
59 59
59 60
59 61
59 66
59 71
59 87
59 88
59 107
60 60
60 61
60 63
60 64
60 65
60 66
60 83
61 61
61 62
61 63
61 83
62 62
62 63
62 72
62 75
62 78
62 79
62 80
62 81
62 82
62 83
62 85
62 100
62 101
63 63
63 72
63 75
63 78
63 80
63 81
63 82
63 83
63 85
63 98
63 100
63 102
64 64
64 65
64 66
64 67
64 75
64 77
64 82
64 84
64 85
65 65
65 66
65 67
65 88
65 89
65 90
65 92
65 96
66 66
66 67
66 88
67 67
67 69
67 90
67 91
67 92
67 93
67 100
67 103
68 68
68 69
68 84
68 91
68 96
68 112
69 69
69 70
69 90
69 91
69 92
69 93
69 100
70 70
70 72
70 73
70 74
70 78
70 80
70 81
70 91
70 93
70 94
70 95
70 97
70 101
70 103
70 108
70 109
70 111
70 112
70 113
71 71
71 77
71 79
71 82
71 83
71 87
71 105
71 107
72 72
72 73
72 74
72 75
72 76
72 78
72 80
72 81
72 95
72 97
72 99
72 100
72 101
72 108
72 109
72 111
72 112
72 113
73 73
73 74
73 75
73 76
73 77
73 78
73 79
73 80
73 81
73 82
73 83
73 87
73 98
73 111
73 112
74 74
74 75
74 76
74 78
74 81
74 84
74 86
74 95
74 97
74 99
74 108
74 109
74 111
74 112
75 75
75 76
75 80
75 81
75 82
75 83
75 84
75 85
75 98
75 109
75 111
75 112
76 76
76 77
76 78
76 79
76 80
76 81
76 82
76 84
76 111
76 112
77 77
77 79
77 82
77 83
77 105
77 107
78 78
78 80
78 81
78 93
78 94
78 95
78 97
78 99
78 100
78 101
78 108
78 109
78 111
78 112
78 113
78 114
78 115
79 79
79 81
79 82
79 84
79 86
79 87
80 80
80 81
80 83
80 101
80 112
81 81
81 83
81 85
81 95
81 97
81 101
81 111
81 112
81 113
81 114
82 82
82 83
82 84
82 85
82 100
82 102
83 83
83 85
83 100
83 102
83 107
84 84
84 85
84 87
84 96
84 111
84 114
85 85
85 100
85 101
85 102
86 86
86 87
86 88
86 89
86 94
86 95
86 96
86 97
86 99
86 108
86 109
86 110
86 112
86 113
86 114
87 87
87 88
87 89
87 96
88 88
88 89
88 96
88 106
88 110
89 89
89 94
89 96
89 108
89 110
90 90
90 91
90 92
90 93
90 100
90 101
90 102
90 103
91 91
91 92
91 93
91 100
91 101
91 102
91 103
91 109
92 92
92 93
92 95
92 100
92 101
92 102
92 103
92 108
93 93
93 94
93 95
93 97
93 100
93 101
93 102
93 103
93 109
93 113
93 114
93 115
94 94
94 95
94 96
94 97
94 99
94 101
94 108
94 109
94 110
94 111
94 112
94 113
94 114
94 115
95 95
95 96
95 97
95 99
95 101
95 108
95 109
95 110
95 111
95 112
95 113
95 114
95 115
96 96
96 97
96 99
96 104
96 108
96 109
96 110
96 111
96 112
96 113
97 97
97 99
97 101
97 108
97 109
97 110
97 111
97 112
97 113
97 114
97 115
98 98
98 100
98 102
98 103
98 111
99 99
99 108
99 109
99 110
99 111
99 112
99 113
99 114
99 115
100 100
100 101
100 102
100 103
101 101
101 102
101 103
101 109
101 113
101 114
101 115
102 102
102 103
103 103
103 115
104 104
104 105
104 106
104 107
104 110
105 105
105 106
105 107
106 106
106 107
106 110
107 107
108 108
108 109
108 110
108 111
108 112
108 113
108 114
108 115
109 109
109 110
109 111
109 112
109 113
109 114
109 115
110 110
110 111
110 112
110 113
111 111
111 112
111 113
111 115
112 112
112 113
112 114
112 115
113 113
113 114
113 115
114 114
114 115
115 115
