0 0
0 1
0 10
0 11
0 12
0 13
0 16
0 17
0 18
0 19
0 28
0 29
0 32
0 36
0 41
0 52
0 56
0 57
0 58
0 59
0 60
0 61
0 62
0 63
0 66
0 68
0 69
0 72
0 74
0 76
0 80
0 81
0 83
0 100
0 101
0 102
0 103
0 106
1 1
1 10
1 11
1 13
1 16
1 17
1 19
1 28
1 29
1 32
1 36
1 41
1 52
1 56
1 57
1 58
1 59
1 60
1 61
1 62
1 63
1 66
1 68
1 69
1 72
1 73
1 74
1 75
1 76
1 80
1 81
1 83
1 90
1 91
1 100
1 102
2 2
2 4
2 5
2 6
2 7
2 8
2 20
2 22
2 24
2 25
2 26
2 27
2 34
2 45
2 50
2 64
2 67
2 85
2 93
2 105
2 109
2 110
3 3
3 5
3 7
3 8
3 9
3 15
3 20
3 22
3 23
3 24
3 25
3 26
3 27
3 30
3 31
3 33
3 34
3 35
3 45
3 50
3 64
3 67
3 70
3 71
3 84
3 85
3 86
3 87
3 88
3 89
3 92
3 93
3 110
4 4
4 5
4 6
4 8
4 9
4 11
4 13
4 20
4 26
5 5
5 7
5 9
5 20
5 22
5 23
5 24
5 25
5 26
5 27
5 30
5 31
5 34
5 35
5 43
5 45
5 50
5 64
5 67
5 70
5 71
5 84
5 85
5 87
5 88
5 110
6 6
6 7
6 8
6 64
6 67
6 85
6 92
6 93
7 7
7 9
7 23
7 24
7 25
7 30
7 31
7 33
7 34
7 35
7 45
7 49
7 64
7 65
7 67
7 71
7 88
7 92
7 93
8 8
8 9
8 20
8 22
8 24
8 50
8 88
8 90
8 91
8 93
9 9
9 24
9 25
9 35
9 45
9 64
9 65
9 67
9 92
10 10
10 11
10 12
10 13
10 14
10 16
10 17
10 28
10 29
10 32
10 36
10 41
10 44
10 46
10 48
10 54
10 58
10 60
10 61
10 63
10 72
10 73
10 74
10 75
10 76
10 77
10 83
10 96
10 101
10 103
10 106
10 111
11 11
11 12
11 13
11 15
11 28
11 29
11 72
11 83
12 12
12 13
12 14
12 28
12 29
12 36
12 41
12 44
12 48
12 58
12 60
12 63
12 72
12 73
12 74
12 75
12 76
12 103
12 106
13 13
13 16
13 17
13 28
13 29
13 32
13 36
13 41
13 58
13 60
13 61
13 62
13 63
13 65
13 68
13 72
13 73
13 74
13 75
13 76
13 80
13 81
13 83
13 100
13 106
14 14
14 15
14 28
14 53
14 82
14 84
14 88
14 104
15 15
15 20
15 26
15 28
15 30
15 31
15 82
15 84
15 85
16 16
16 17
16 19
16 28
16 29
16 32
16 36
16 41
16 47
16 52
16 56
16 57
16 58
16 59
16 60
16 61
16 62
16 63
16 66
16 68
16 69
16 72
16 73
16 74
16 75
16 76
16 77
16 78
16 79
16 80
16 81
16 83
16 98
16 101
16 102
16 111
16 112
17 17
17 19
17 28
17 29
17 32
17 36
17 41
17 52
17 56
17 57
17 58
17 59
17 60
17 61
17 62
17 63
17 66
17 68
17 69
17 72
17 73
17 74
17 75
17 76
17 77
17 78
17 79
17 80
17 81
17 83
17 90
17 98
17 100
17 101
17 102
17 107
17 111
17 112
18 18
18 19
18 56
18 70
18 82
18 90
18 91
19 19
19 28
19 29
19 36
19 56
19 57
19 62
19 68
19 69
19 72
19 80
19 81
19 82
19 83
19 90
19 91
20 20
20 21
20 22
20 23
20 24
20 26
20 27
20 30
20 31
20 40
20 70
20 71
20 75
20 84
20 87
21 21
21 25
21 41
21 52
21 53
21 71
21 83
22 22
22 23
22 24
22 25
22 26
22 27
22 30
22 31
22 33
22 34
22 35
22 43
22 45
22 50
22 53
22 64
22 67
22 70
22 71
22 84
22 85
22 86
22 87
22 88
22 93
22 110
23 23
23 24
23 25
23 26
23 27
23 30
23 31
23 33
23 34
23 35
23 43
23 45
23 50
23 53
23 64
23 67
23 71
23 84
23 85
23 86
23 87
23 88
23 89
23 92
23 93
23 110
24 24
24 25
24 26
24 27
24 30
24 31
24 33
24 34
24 35
24 43
24 45
24 50
24 64
24 67
24 71
24 84
24 85
24 87
24 88
24 110
25 25
25 26
25 27
25 30
25 31
25 33
25 34
25 35
25 43
25 45
25 50
25 64
25 67
25 71
25 84
25 85
25 88
25 93
25 110
26 26
26 27
26 30
26 34
26 40
26 43
26 45
26 50
26 67
26 68
26 70
26 71
26 84
26 85
26 87
26 110
27 27
27 30
27 31
27 34
27 35
27 43
27 45
27 50
27 64
27 67
27 70
27 71
27 84
27 85
27 87
27 88
27 93
27 110
28 28
28 29
28 32
28 36
28 41
28 46
28 52
28 57
28 58
28 59
28 60
28 61
28 62
28 63
28 72
28 73
28 74
28 76
28 78
28 79
28 80
28 81
28 82
28 83
28 101
28 102
28 111
29 29
29 32
29 36
29 37
29 41
29 46
29 56
29 57
29 58
29 59
29 60
29 61
29 62
29 63
29 72
29 73
29 74
29 75
29 76
29 77
29 78
29 79
29 80
29 81
29 83
29 95
29 100
29 101
29 102
29 111
29 112
29 114
29 115
30 30
30 31
30 33
30 34
30 35
30 42
30 43
30 45
30 50
30 64
30 67
30 70
30 71
30 84
30 85
30 87
30 88
30 110
31 31
31 33
31 34
31 35
31 43
31 45
31 50
31 64
31 67
31 71
31 84
31 85
31 86
31 87
31 88
32 32
32 36
32 41
32 52
32 57
32 58
32 59
32 60
32 61
32 62
32 63
32 66
32 69
32 72
32 74
32 79
32 80
32 81
32 83
32 98
32 100
32 102
32 111
32 112
33 33
33 34
33 35
33 42
33 43
33 45
33 64
33 84
33 85
33 95
33 97
33 108
33 110
34 34
34 35
34 43
34 45
34 50
34 64
34 67
34 84
34 85
34 87
34 88
34 93
34 96
34 110
35 35
35 43
35 44
35 45
35 50
35 64
35 65
35 67
35 84
35 85
35 93
35 96
35 97
35 110
35 113
36 36
36 37
36 40
36 41
36 52
36 54
36 56
36 57
36 58
36 60
36 61
36 62
36 63
36 72
36 73
36 74
36 75
36 76
36 78
36 79
36 80
36 81
36 83
36 94
36 99
36 111
36 113
36 115
37 37
37 38
37 39
37 41
37 51
37 52
37 54
37 55
37 58
37 61
37 63
37 72
37 73
37 74
37 94
37 95
37 96
37 98
37 99
37 101
37 111
38 38
38 39
38 40
38 48
38 54
38 55
38 87
38 96
38 104
38 110
39 39
39 40
39 41
39 48
39 51
39 54
39 55
39 58
39 59
39 61
39 66
39 96
39 98
39 104
40 40
40 41
40 70
40 73
40 74
40 75
40 76
40 77
40 82
40 83
40 87
41 41
41 51
41 52
41 57
41 58
41 59
41 60
41 61
41 63
41 71
41 72
41 73
41 74
41 75
41 76
41 77
41 80
41 83
41 94
41 98
41 99
41 102
41 103
41 114
42 42
42 43
42 44
42 45
42 46
42 47
42 49
42 87
42 96
42 110
42 111
43 43
43 44
43 45
43 46
43 47
43 49
43 50
43 64
43 67
43 84
43 85
43 87
43 96
43 110
43 111
44 44
44 45
44 46
44 47
44 48
44 49
44 111
45 45
45 49
45 50
45 64
45 67
45 84
45 85
45 88
45 93
45 96
45 110
46 46
46 47
46 49
46 55
46 72
46 73
46 76
46 96
46 98
46 99
46 110
46 111
47 47
47 49
47 55
47 78
47 86
47 96
47 98
47 110
47 111
48 48
48 50
48 51
48 52
48 54
48 58
48 60
48 66
48 68
48 69
48 94
48 104
49 49
49 55
49 65
49 86
49 98
49 106
49 111
50 50
50 64
50 67
50 84
50 85
50 88
50 93
50 110
51 51
51 52
51 53
51 54
51 55
51 58
51 59
51 60
51 61
51 63
51 65
51 91
51 94
51 98
51 99
51 100
51 101
51 102
51 104
52 52
52 53
52 54
52 57
52 58
52 59
52 60
52 61
52 62
52 63
52 66
52 69
52 74
52 83
52 90
52 91
52 99
52 101
52 102
53 53
53 54
53 86
53 91
53 93
53 94
53 99
53 101
53 113
54 54
54 55
54 58
54 60
54 74
54 96
54 98
54 99
54 104
55 55
55 65
55 86
55 96
55 98
55 99
55 104
56 56
56 57
56 58
56 60
56 62
56 63
56 68
56 69
56 72
56 75
56 77
56 78
56 79
56 80
56 81
56 90
56 111
57 57
57 58
57 59
57 60
57 61
57 62
57 63
57 66
57 68
57 69
57 72
57 73
57 75
57 77
57 78
57 79
57 80
57 81
57 83
57 90
57 98
57 102
57 111
57 112
58 58
58 59
58 60
58 61
58 62
58 63
58 66
58 68
58 69
58 72
58 74
58 79
58 80
58 81
58 83
58 90
58 98
58 99
58 100
58 101
58 102
58 103
58 104
58 106
58 107
59 59
59 60
59 61
59 62
59 63
59 66
59 68
59 69
59 79
59 80
59 81
59 83
59 90
59 91
59 98
59 99
59 100
59 101
59 102
59 103
59 104
59 106
59 107
60 60
60 61
60 62
60 63
60 65
60 66
60 69
60 72
60 74
60 75
60 76
60 77
60 79
60 80
60 81
60 83
60 90
60 98
60 99
60 100
60 101
60 102
60 103
60 104
60 106
60 107
60 112
61 61
61 62
61 63
61 65
61 66
61 69
61 72
61 73
61 74
61 76
61 77
61 79
61 80
61 81
61 83
61 90
61 91
61 98
61 99
61 100
61 101
61 102
61 103
61 104
61 106
61 112
62 62
62 63
62 66
62 69
62 72
62 79
62 80
62 81
62 83
62 100
62 102
62 106
62 112
63 63
63 66
63 69
63 72
63 73
63 74
63 75
63 76
63 77
63 78
63 79
63 80
63 81
63 83
63 90
63 91
63 98
63 99
63 100
63 101
63 102
63 103
63 106
63 111
63 112
64 64
64 67
64 84
64 85
64 87
64 88
64 92
64 93
64 110
65 65
65 92
65 96
65 98
65 100
65 102
65 104
65 106
66 66
66 68
66 69
66 80
66 90
66 91
66 100
66 102
66 103
66 104
66 107
67 67
67 84
67 85
67 88
67 92
67 93
67 110
68 68
68 69
68 83
68 90
69 69
69 80
69 81
69 83
69 90
69 91
69 107
70 70
70 71
70 73
70 74
70 75
70 76
70 77
70 87
70 105
71 71
71 73
71 74
71 75
71 76
71 77
71 105
71 109
71 110
72 72
72 73
72 74
72 75
72 76
72 77
72 78
72 79
72 80
72 81
72 83
72 95
72 99
72 101
72 108
72 111
72 112
72 114
72 115
73 73
73 74
73 75
73 76
73 77
73 83
73 98
73 99
73 111
74 74
74 75
74 76
74 77
74 96
74 99
74 113
75 75
75 76
75 77
75 94
75 99
75 111
75 114
76 76
76 77
76 96
76 98
76 99
76 111
76 114
77 77
77 83
77 111
78 78
78 79
78 80
78 81
78 111
79 79
79 80
79 81
79 100
79 102
79 106
79 107
79 111
80 80
80 81
80 82
80 83
80 111
81 81
81 83
81 111
81 112
81 115
82 82
82 83
82 86
82 87
83 83
83 90
83 100
83 101
83 102
84 84
84 85
84 87
84 88
84 110
85 85
85 87
85 88
85 89
85 92
85 93
85 110
86 86
86 87
86 88
86 89
87 87
87 88
87 89
88 88
88 89
88 92
89 89
89 92
90 90
90 91
90 100
90 112
91 91
91 93
91 100
91 101
91 102
92 92
92 93
92 100
93 93
93 104
93 105
93 108
93 109
93 113
94 94
94 95
94 97
94 99
94 108
94 111
94 112
94 113
94 114
94 115
95 95
95 97
95 99
95 108
95 109
95 111
95 112
95 113
95 115
96 96
96 98
96 99
96 109
96 110
97 97
97 99
97 104
97 108
97 109
97 110
97 111
97 112
97 113
97 115
98 98
98 99
98 100
98 102
98 103
98 104
98 111
99 99
99 100
99 101
99 102
99 103
99 112
99 113
100 100
100 101
100 102
100 103
100 104
100 106
100 107
100 108
100 112
100 114
100 115
101 101
101 102
101 103
101 104
101 111
101 112
101 113
101 114
101 115
102 102
102 103
102 104
102 112
102 114
102 115
103 103
103 104
103 105
103 106
103 107
104 104
104 105
105 105
106 106
106 107
107 107
108 108
108 109
108 111
108 112
108 113
108 114
108 115
109 109
109 110
109 111
109 112
110 110
111 111
111 112
111 115
112 112
112 115
113 113
113 114
113 115
114 114
114 115
115 115
