0 0
0 1
0 2
0 4
0 6
0 8
0 10
0 11
0 12
0 13
0 16
0 17
0 18
0 28
0 48
0 52
0 56
0 58
0 60
0 61
0 62
0 63
0 65
0 68
0 91
0 92
1 1
1 10
1 12
1 16
1 17
1 18
1 29
1 33
1 52
1 56
1 57
1 58
1 59
1 60
1 61
1 62
1 63
1 68
1 69
1 80
1 81
1 98
2 2
2 3
2 4
2 6
2 7
2 8
2 13
2 14
2 18
2 20
2 22
2 23
2 26
2 48
2 60
2 64
2 65
2 71
2 82
2 88
2 89
3 3
3 5
3 7
3 20
3 21
3 22
3 23
3 25
3 26
3 27
3 30
3 31
3 46
3 50
3 55
3 64
3 67
3 70
3 71
3 82
3 85
3 87
3 89
3 96
4 4
4 5
4 6
4 8
4 9
4 13
4 14
4 18
4 22
4 26
4 27
4 48
4 52
4 58
4 60
4 61
4 64
4 65
4 71
4 75
4 82
4 85
4 86
4 88
4 89
4 91
4 92
4 93
5 5
5 7
5 9
5 20
5 21
5 22
5 23
5 24
5 25
5 26
5 27
5 31
5 42
5 43
5 45
5 46
5 49
5 54
5 71
5 82
5 85
5 86
5 88
5 89
6 6
6 7
6 12
6 18
6 22
6 23
6 64
6 82
6 87
6 88
6 89
6 93
7 7
7 8
7 9
7 13
7 61
7 64
7 65
7 87
7 88
7 90
7 92
7 102
8 8
8 9
8 12
8 13
8 14
8 18
8 35
8 50
8 52
8 58
8 60
8 61
8 64
8 65
8 75
8 76
8 88
8 90
8 91
8 92
8 93
8 100
9 9
9 12
9 13
9 14
9 35
9 52
9 58
9 60
9 61
9 65
9 75
9 76
9 84
9 88
9 90
9 91
9 92
10 10
10 11
10 12
10 13
10 16
10 17
10 28
10 29
10 32
10 41
10 52
10 58
10 60
10 61
10 62
10 63
10 72
10 73
10 74
10 75
10 76
10 78
10 79
10 80
10 81
10 94
10 103
10 105
10 108
10 114
11 11
11 12
11 13
11 16
11 17
11 28
11 29
11 30
11 32
11 36
11 40
11 60
11 62
11 70
11 72
11 73
11 74
11 76
11 77
11 78
11 79
11 83
11 100
11 114
12 12
12 13
12 16
12 17
12 18
12 28
12 52
12 56
12 58
12 60
12 61
12 62
12 63
12 65
12 72
12 74
12 75
12 76
12 79
12 80
12 91
12 92
12 94
12 100
13 13
13 14
13 18
13 35
13 48
13 50
13 52
13 58
13 60
13 61
13 64
13 65
13 75
13 88
13 90
13 91
13 92
13 100
13 113
14 14
14 15
14 18
14 22
14 60
14 64
14 71
14 75
14 76
14 82
14 83
14 84
14 86
14 88
14 91
14 100
15 15
15 19
15 23
15 24
15 25
15 28
15 29
15 30
15 31
15 33
15 40
15 70
15 72
15 79
15 82
15 83
15 84
15 86
15 87
15 104
15 114
16 16
16 17
16 28
16 29
16 32
16 33
16 36
16 37
16 40
16 41
16 52
16 56
16 57
16 58
16 60
16 61
16 62
16 63
16 68
16 69
16 72
16 73
16 74
16 76
16 77
16 78
16 79
16 80
16 81
16 94
16 100
16 105
16 108
17 17
17 18
17 28
17 29
17 32
17 33
17 56
17 57
17 60
17 61
17 62
17 63
17 68
17 69
17 72
17 74
17 76
17 77
17 78
17 79
17 80
17 81
18 18
18 28
18 52
18 58
18 60
18 61
18 64
18 65
18 83
18 88
18 91
19 19
19 23
19 28
19 29
19 30
19 31
19 33
19 40
19 41
19 57
19 62
19 63
19 68
19 69
19 72
19 73
19 77
19 80
19 81
19 82
19 83
19 84
19 104
19 105
19 106
19 107
19 114
20 20
20 21
20 22
20 23
20 24
20 25
20 26
20 27
20 42
20 43
20 44
20 45
20 46
20 48
20 49
20 51
20 53
20 70
20 71
20 73
20 85
20 101
21 21
21 22
21 23
21 24
21 25
21 26
21 27
21 30
21 31
21 36
21 37
21 40
21 41
21 42
21 43
21 44
21 45
21 46
21 67
21 70
21 73
21 79
21 85
21 96
21 109
22 22
22 23
22 25
22 26
22 27
22 30
22 31
22 64
22 70
22 71
22 82
22 83
22 87
22 89
22 96
23 23
23 24
23 25
23 26
23 27
23 30
23 31
23 42
23 47
23 55
23 64
23 67
23 70
23 71
23 82
23 83
23 85
23 87
23 89
23 96
24 24
24 25
24 26
24 27
24 29
24 30
24 31
24 36
24 37
24 40
24 41
24 42
24 43
24 44
24 45
24 46
24 49
24 70
24 72
24 73
24 76
24 78
24 85
25 25
25 26
25 27
25 30
25 31
25 36
25 37
25 38
25 40
25 42
25 43
25 44
25 45
25 46
25 64
25 67
25 70
25 78
25 85
25 96
25 101
26 26
26 27
26 31
26 43
26 71
26 82
26 86
26 88
26 89
27 27
27 30
27 31
27 38
27 42
27 43
27 46
27 55
27 70
27 71
27 82
27 83
27 85
27 89
27 96
28 28
28 29
28 30
28 31
28 32
28 33
28 36
28 37
28 38
28 40
28 41
28 62
28 63
28 70
28 72
28 73
28 74
28 75
28 76
28 77
28 78
28 79
28 80
28 81
28 83
28 94
28 100
28 103
29 29
29 30
29 31
29 32
29 33
29 36
29 37
29 40
29 41
29 44
29 62
29 63
29 70
29 72
29 73
29 74
29 78
29 79
29 80
29 81
29 83
29 85
29 100
29 105
29 114
30 30
30 31
30 33
30 36
30 37
30 38
30 40
30 41
30 44
30 55
30 70
30 72
30 73
30 74
30 76
30 77
30 78
30 82
30 83
31 31
31 33
31 36
31 37
31 40
31 41
31 44
31 45
31 67
31 70
31 71
31 73
31 77
31 82
31 83
31 85
31 96
32 32
32 33
32 36
32 54
32 56
32 62
32 63
32 72
32 73
32 74
32 75
32 76
32 77
32 78
32 79
32 80
32 81
32 85
32 94
32 101
32 102
33 33
33 40
33 41
33 57
33 62
33 63
33 68
33 69
33 72
33 78
33 79
33 80
33 81
33 83
33 95
33 97
33 110
34 34
34 35
34 41
34 44
34 45
34 64
34 66
34 67
34 93
34 97
35 35
35 44
35 45
35 47
35 64
35 65
35 67
35 84
35 88
35 110
36 36
36 37
36 38
36 40
36 41
36 42
36 46
36 53
36 70
36 72
36 73
36 74
36 76
36 77
36 78
36 79
36 80
36 81
36 85
36 100
36 109
37 37
37 40
37 41
37 42
37 43
37 46
37 69
37 70
37 72
37 73
37 76
37 77
37 95
37 100
37 108
37 109
38 38
38 39
38 40
38 41
38 55
38 70
38 78
38 94
38 95
38 96
38 97
38 103
38 105
38 109
38 114
39 39
39 40
39 41
39 55
39 57
39 69
39 78
39 81
39 87
39 94
39 95
39 96
39 97
39 108
39 109
40 40
40 41
40 62
40 69
40 72
40 78
40 79
40 80
40 81
40 83
40 100
40 109
41 41
41 55
41 57
41 62
41 63
41 69
41 72
41 73
41 74
41 78
41 79
41 80
41 81
41 95
41 97
41 108
41 109
42 42
42 43
42 44
42 45
42 46
42 47
42 48
42 49
42 50
42 51
42 53
42 55
42 66
42 67
42 70
42 71
42 75
42 76
42 85
42 93
42 96
42 98
42 99
42 101
42 109
42 111
42 112
43 43
43 44
43 45
43 46
43 47
43 48
43 49
43 50
43 51
43 53
43 55
43 67
43 70
43 71
43 75
43 76
43 85
43 101
44 44
44 45
44 46
44 48
44 49
44 51
44 53
44 66
44 67
44 72
44 73
44 84
44 85
44 101
45 45
45 46
45 47
45 49
45 51
45 66
45 67
45 84
45 85
46 46
46 47
46 48
46 49
46 51
46 53
46 55
46 66
46 85
46 89
46 96
46 98
46 99
46 109
47 47
47 67
47 84
47 88
47 90
47 91
47 93
47 95
47 96
47 97
47 98
47 99
47 109
47 110
48 48
48 49
48 50
48 51
48 52
48 58
48 59
48 65
48 66
48 71
48 85
48 89
48 91
48 92
48 93
48 112
48 113
49 49
49 50
49 51
49 53
49 59
49 85
49 90
49 92
49 93
49 98
49 102
49 112
50 50
50 51
50 52
50 58
50 59
50 66
50 75
50 86
50 89
50 90
50 91
50 92
50 93
50 113
51 51
51 52
51 53
51 56
51 58
51 59
51 61
51 66
51 75
51 86
51 90
51 91
51 92
51 93
51 98
52 52
52 53
52 54
52 56
52 58
52 59
52 60
52 61
52 62
52 63
52 65
52 68
52 90
52 91
52 92
52 98
52 114
53 53
53 54
53 55
53 73
53 79
53 92
53 93
53 98
53 99
53 111
53 112
54 54
54 56
54 78
54 79
54 87
54 102
54 106
55 55
55 66
55 70
55 71
55 89
55 94
55 95
55 96
55 97
55 98
55 108
55 109
55 115
56 56
56 57
56 58
56 59
56 61
56 62
56 63
56 65
56 68
56 69
56 77
56 78
56 80
56 98
56 99
56 106
57 57
57 59
57 62
57 63
57 68
57 69
57 72
57 78
57 80
57 81
57 95
57 98
57 99
57 104
57 105
57 106
57 107
57 108
57 111
58 58
58 59
58 60
58 61
58 63
58 65
58 68
58 91
58 92
59 59
59 61
59 63
59 66
59 67
59 68
59 69
59 90
59 91
59 92
59 98
59 99
59 102
59 105
59 106
59 107
59 112
60 60
60 61
60 64
60 65
60 88
60 91
60 92
61 61
61 62
61 63
61 65
61 68
61 88
61 90
61 91
61 92
62 62
62 63
62 68
62 69
62 72
62 74
62 79
62 80
62 81
62 84
62 94
62 95
62 97
62 103
62 105
62 107
62 108
62 114
63 63
63 68
63 69
63 72
63 80
63 81
63 84
63 105
63 106
63 107
63 114
64 64
64 65
64 82
64 83
64 88
64 89
64 93
65 65
65 88
65 90
65 91
65 92
66 66
66 67
66 101
66 109
67 67
67 84
67 97
67 109
67 110
68 68
68 69
68 77
68 78
68 80
68 81
68 103
68 104
68 105
68 106
68 107
68 110
69 69
69 78
69 79
69 80
69 81
69 95
69 97
69 103
69 104
69 105
69 106
69 107
69 110
70 70
70 71
70 72
70 73
70 74
70 75
70 76
70 77
70 78
70 85
70 101
71 71
71 76
71 77
71 89
72 72
72 73
72 74
72 75
72 76
72 77
72 78
72 79
72 80
72 81
72 108
73 73
73 74
73 75
73 76
73 77
73 78
73 79
73 80
73 81
73 85
73 101
73 108
74 74
74 75
74 76
74 78
74 79
74 80
74 81
74 85
74 101
75 75
75 76
75 84
75 86
75 91
75 92
75 93
75 100
75 113
76 76
76 77
76 78
76 79
76 100
76 108
76 113
77 77
77 78
77 80
77 103
77 107
77 108
78 78
78 79
78 80
78 81
78 94
78 100
78 101
79 79
79 80
79 81
80 80
80 81
80 84
80 103
80 104
80 105
80 107
80 114
81 81
81 83
81 105
82 82
82 83
82 84
82 86
82 88
82 89
83 83
83 86
83 87
83 88
83 110
84 84
84 85
84 86
84 88
84 93
84 110
84 113
85 85
85 89
85 101
86 86
86 87
86 88
86 100
87 87
87 89
87 96
88 88
88 90
88 91
88 92
88 93
88 110
88 113
89 89
89 96
89 102
90 90
90 91
90 92
90 93
90 98
90 99
90 104
90 106
90 110
90 111
90 112
90 115
91 91
91 92
91 93
91 98
91 99
91 111
91 112
91 113
91 115
92 92
92 93
92 102
92 112
92 113
93 93
93 98
93 111
93 112
93 113
94 94
94 95
94 96
94 97
94 99
94 108
94 109
94 111
94 115
95 95
95 96
95 97
95 98
95 99
95 108
95 109
95 110
95 111
96 96
96 97
96 99
96 108
96 109
96 110
97 97
97 98
97 99
97 105
97 108
97 109
97 110
97 111
97 112
98 98
98 99
98 102
98 106
98 109
98 111
98 112
98 115
99 99
99 108
99 109
99 110
99 111
99 112
99 115
100 100
100 113
101 101
101 102
102 102
102 104
102 105
102 106
102 112
103 103
103 104
103 105
103 106
103 107
103 113
103 114
104 104
104 105
104 106
104 107
104 110
104 112
104 113
104 114
104 115
105 105
105 106
105 107
105 113
105 114
106 106
106 107
106 112
106 114
107 107
107 110
107 113
107 114
108 108
108 109
108 111
108 115
109 109
109 110
109 111
109 112
110 110
111 111
111 112
111 115
112 112
112 115
113 113
113 114
114 114
114 115
115 115
