0 0
0 1
0 10
0 11
0 12
0 18
0 48
0 58
0 60
0 65
0 68
0 73
0 74
0 75
0 76
0 88
1 1
1 5
1 8
1 9
1 10
1 11
1 12
1 14
1 48
1 58
1 59
1 60
1 61
1 62
1 63
1 65
1 66
1 68
1 73
1 74
1 75
1 88
2 2
2 3
2 4
2 5
2 6
2 7
2 8
2 9
2 14
2 15
2 18
2 22
2 26
2 30
2 67
2 88
2 90
2 91
3 3
3 4
3 6
3 7
3 9
3 12
3 15
3 16
3 18
3 19
3 21
3 23
3 26
3 82
3 83
3 101
4 4
4 5
4 6
4 7
4 8
4 9
4 15
4 20
4 26
4 59
4 62
4 83
4 90
4 91
4 99
4 103
5 5
5 8
5 9
5 14
5 15
5 22
5 26
5 27
5 57
5 59
5 66
5 67
5 68
5 69
5 88
5 90
5 91
6 6
6 7
6 8
6 9
6 12
6 13
6 15
6 29
6 52
6 62
6 73
6 89
6 90
6 91
6 98
6 112
7 7
7 8
7 9
7 12
7 13
7 29
7 62
7 65
7 83
7 89
7 90
7 91
7 93
7 98
7 101
7 105
7 111
8 8
8 9
8 49
8 51
8 52
8 53
8 58
8 59
8 66
8 89
8 90
8 98
9 9
9 12
9 14
9 15
9 26
9 62
9 83
9 90
9 91
9 112
10 10
10 11
10 12
10 16
10 18
10 30
10 31
10 32
10 33
10 50
10 64
10 65
10 71
10 76
10 77
10 82
10 84
10 85
10 88
11 11
11 12
11 13
11 17
11 32
11 33
11 34
11 44
11 48
11 61
11 62
11 63
11 65
11 68
11 84
11 88
12 12
12 13
12 14
12 15
12 28
12 29
12 36
12 38
12 40
12 41
12 54
12 61
12 62
12 72
12 77
12 80
12 82
12 83
12 91
12 94
12 95
12 97
12 99
12 105
12 108
12 115
13 13
13 28
13 29
13 48
13 52
13 54
13 60
13 61
13 62
13 65
13 72
13 83
13 89
13 100
13 102
14 14
14 15
14 82
14 86
14 88
14 91
14 93
14 95
14 97
14 99
14 103
14 107
14 113
14 115
15 15
15 18
15 20
15 21
15 23
15 26
15 27
15 36
15 38
15 40
15 41
15 67
15 82
15 83
15 87
15 89
15 91
16 16
16 17
16 18
16 19
16 21
16 23
16 24
16 26
16 28
16 29
16 30
16 31
16 32
16 33
16 50
16 62
16 68
16 71
16 72
16 74
16 75
16 78
16 79
16 80
16 81
16 83
16 84
16 85
17 17
17 19
17 28
17 29
17 32
17 33
17 34
17 44
17 57
17 62
17 63
17 65
17 69
17 72
17 78
17 80
17 81
17 83
17 84
17 88
18 18
18 19
18 22
18 23
18 24
18 25
18 30
18 31
18 32
18 33
18 50
18 64
18 67
18 71
18 74
18 75
18 77
18 82
18 84
18 85
18 88
19 19
19 21
19 28
19 29
19 32
19 33
19 62
19 67
19 71
19 72
19 75
19 80
19 81
19 83
19 90
20 20
20 21
20 23
20 26
20 27
20 31
20 41
20 71
20 87
20 109
21 21
21 23
21 24
21 25
21 26
21 27
21 29
21 30
21 31
21 41
21 70
21 71
21 73
21 80
21 81
21 83
21 87
22 22
22 23
22 24
22 25
22 26
22 27
22 30
22 31
22 50
22 53
22 67
22 71
22 74
22 85
22 88
23 23
23 24
23 25
23 26
23 27
23 30
23 31
23 41
23 50
23 53
23 67
23 71
23 74
23 75
23 85
23 87
24 24
24 25
24 26
24 27
24 30
24 31
24 32
24 33
24 37
24 50
24 67
24 71
24 73
24 74
24 75
24 76
24 78
24 85
25 25
25 26
25 27
25 30
25 31
25 32
25 33
25 42
25 43
25 44
25 45
25 47
25 49
25 50
25 53
25 56
25 57
25 66
25 67
25 69
25 70
25 71
25 73
25 75
25 85
26 26
26 27
26 49
26 53
26 57
26 59
26 66
26 67
26 87
26 90
27 27
27 31
27 41
27 48
27 50
27 53
27 57
27 59
27 66
27 67
27 71
27 73
27 75
27 85
27 87
28 28
28 29
28 30
28 33
28 36
28 38
28 40
28 62
28 71
28 72
28 76
28 78
28 80
28 81
28 82
28 83
28 84
29 29
29 30
29 34
29 40
29 41
29 62
29 71
29 72
29 78
29 80
29 81
29 83
29 100
30 30
30 31
30 32
30 33
30 40
30 50
30 70
30 71
30 73
30 74
30 77
30 78
30 80
30 81
30 83
30 84
30 85
31 31
31 32
31 33
31 50
31 67
31 70
31 71
31 74
31 77
31 78
31 79
31 81
31 82
31 83
31 84
31 85
32 32
32 33
32 34
32 35
32 44
32 45
32 50
32 56
32 57
32 60
32 62
32 65
32 66
32 67
32 68
32 69
32 71
32 78
32 79
32 80
32 81
32 84
32 85
33 33
33 34
33 35
33 44
33 45
33 57
33 62
33 64
33 66
33 67
33 68
33 69
33 71
33 78
33 79
33 80
33 81
33 83
33 84
33 88
34 34
34 35
34 44
34 62
34 70
34 72
34 75
34 79
34 80
34 81
35 35
35 44
35 45
35 81
35 82
35 84
35 88
35 110
36 36
36 37
36 38
36 39
36 40
36 41
36 54
36 55
36 72
36 73
36 74
36 76
36 77
36 82
36 83
36 87
36 89
36 94
36 95
36 97
36 99
36 105
36 106
36 107
36 108
36 109
36 115
37 37
37 38
37 39
37 40
37 41
37 54
37 55
37 73
37 74
37 75
37 76
37 77
37 87
37 89
37 94
37 95
37 96
37 97
37 99
37 100
37 104
37 105
37 106
37 107
37 108
37 114
37 115
38 38
38 39
38 40
38 41
38 54
38 55
38 82
38 83
38 87
38 94
38 95
38 96
38 97
38 99
38 105
38 106
38 107
38 108
38 109
38 113
38 114
38 115
39 39
39 40
39 41
39 54
39 55
39 87
39 89
39 94
39 95
39 96
39 97
39 99
39 106
39 107
39 108
39 109
39 113
39 115
40 40
40 41
40 54
40 55
40 72
40 73
40 74
40 76
40 77
40 82
40 83
40 87
40 94
40 95
40 97
40 105
40 106
40 107
40 108
40 109
40 114
40 115
41 41
41 54
41 73
41 74
41 76
41 83
41 87
41 89
41 94
41 95
41 97
41 106
41 108
41 109
41 115
42 42
42 43
42 44
42 45
42 46
42 47
42 49
42 50
42 51
42 52
42 53
42 55
42 56
42 57
42 58
42 63
42 66
42 69
42 96
42 98
42 110
42 111
43 43
43 44
43 45
43 46
43 47
43 49
43 50
43 51
43 52
43 53
43 55
43 56
43 57
43 58
43 63
43 66
43 68
43 69
43 96
43 98
43 110
44 44
44 45
44 46
44 47
44 49
44 50
44 51
44 52
44 55
44 56
44 57
44 66
44 69
44 79
44 84
44 98
44 110
45 45
45 46
45 47
45 49
45 50
45 51
45 52
45 53
45 56
45 57
45 59
45 66
45 67
45 68
45 69
45 78
45 79
45 85
45 90
45 110
46 46
46 47
46 49
46 50
46 51
46 52
46 53
46 55
46 56
46 57
46 63
46 86
46 89
46 96
46 98
46 110
46 111
47 47
47 49
47 50
47 51
47 52
47 53
47 55
47 56
47 57
47 58
47 66
47 69
47 89
47 96
47 98
47 110
47 111
48 48
48 49
48 51
48 52
48 57
48 58
48 59
48 60
48 61
48 63
48 66
48 68
48 69
48 73
48 89
49 49
49 50
49 51
49 52
49 53
49 55
49 56
49 57
49 59
49 66
49 67
49 68
49 69
49 89
49 90
49 98
49 110
50 50
50 51
50 53
50 56
50 68
50 69
50 71
50 78
50 79
50 84
50 85
51 51
51 52
51 53
51 56
51 57
51 58
51 59
51 63
51 66
51 67
51 68
51 69
51 89
51 90
51 98
52 52
52 53
52 56
52 58
52 59
52 63
52 66
52 89
52 90
52 98
53 53
53 56
53 57
53 59
53 66
53 67
53 68
53 69
53 78
53 85
53 89
54 54
54 55
54 77
54 82
54 87
54 89
54 94
54 95
54 96
54 97
54 99
54 106
54 108
54 109
54 114
54 115
55 55
55 89
55 94
55 95
55 96
55 97
55 98
55 99
55 110
55 111
55 115
56 56
56 57
56 59
56 63
56 66
56 67
56 68
56 69
56 79
56 90
56 98
56 110
57 57
57 58
57 59
57 63
57 66
57 67
57 68
57 69
57 79
58 58
58 59
58 60
58 61
58 63
58 66
58 67
58 68
58 69
58 90
59 59
59 66
59 67
59 68
59 69
59 89
59 90
60 60
60 61
60 62
60 63
60 64
60 65
60 66
60 68
60 73
60 74
60 75
60 76
60 77
60 88
60 100
61 61
61 62
61 63
61 65
61 68
61 86
61 100
61 102
61 111
61 114
62 62
62 63
62 64
62 65
62 72
62 80
62 81
62 83
62 100
63 63
63 68
63 86
63 98
63 100
63 102
63 111
64 64
64 65
64 74
64 76
64 77
64 82
64 84
64 101
64 105
65 65
65 76
65 77
65 84
65 88
66 66
66 67
66 68
66 69
66 88
66 90
67 67
67 69
67 88
67 90
68 68
68 69
69 69
69 78
69 79
69 88
69 90
70 70
70 71
70 75
70 77
71 71
71 73
71 75
71 77
71 81
71 83
71 85
72 72
72 76
72 77
72 80
72 81
72 83
72 84
72 94
72 100
72 101
72 102
72 108
73 73
73 74
73 75
73 76
73 77
73 87
74 74
74 75
74 76
74 77
74 85
75 75
75 76
75 77
76 76
76 77
76 82
76 93
76 95
76 101
76 105
76 106
76 107
76 108
77 77
77 82
77 83
77 95
77 97
77 105
77 107
77 108
77 114
78 78
78 79
78 80
78 81
78 83
78 84
78 85
79 79
79 80
79 81
79 84
79 85
80 80
80 81
80 83
80 84
81 81
81 83
81 84
82 82
82 83
82 84
82 88
82 91
82 94
82 95
82 97
82 99
82 101
82 106
82 107
82 108
82 109
82 113
82 114
82 115
83 83
83 87
83 91
84 84
84 85
84 88
84 101
85 85
86 86
86 91
86 93
86 94
86 95
86 96
86 97
86 98
86 99
86 100
86 102
86 103
86 104
86 105
86 106
86 107
86 108
86 109
86 111
86 112
86 113
86 114
86 115
87 87
87 89
87 94
87 95
87 97
87 106
87 107
87 109
87 115
88 88
89 89
89 90
89 96
89 98
89 111
90 90
90 91
90 92
90 98
90 111
90 112
91 91
91 92
91 93
91 94
91 95
91 97
91 99
91 100
91 101
91 102
91 103
91 104
91 105
91 106
91 107
91 112
91 113
91 114
91 115
92 92
92 93
92 98
92 99
92 100
92 101
92 102
92 103
92 104
92 105
92 106
92 110
92 111
92 112
92 113
92 114
93 93
93 94
93 95
93 96
93 97
93 98
93 99
93 100
93 101
93 102
93 103
93 104
93 105
93 106
93 107
93 111
93 112
93 113
93 114
93 115
94 94
94 95
94 96
94 97
94 99
94 102
94 103
94 104
94 105
94 106
94 107
94 108
94 109
94 112
94 113
94 114
94 115
95 95
95 96
95 97
95 99
95 103
95 104
95 105
95 106
95 107
95 108
95 109
95 113
95 114
95 115
96 96
96 97
96 98
96 99
96 102
96 103
96 104
96 105
96 106
96 107
96 108
96 109
96 110
96 111
96 113
96 114
96 115
97 97
97 99
97 100
97 102
97 103
97 104
97 105
97 106
97 107
97 108
97 109
97 112
97 113
97 114
97 115
98 98
98 99
98 100
98 102
98 103
98 104
98 107
98 111
98 112
98 113
98 114
98 115
99 99
99 100
99 101
99 102
99 103
99 104
99 105
99 106
99 107
99 108
99 109
99 111
99 112
99 113
99 114
99 115
100 100
100 102
100 103
100 104
100 105
100 106
100 107
100 111
100 112
100 113
100 114
100 115
101 101
101 102
101 103
101 104
101 111
102 102
102 103
102 104
102 105
102 106
102 107
102 111
102 112
102 113
102 114
102 115
103 103
103 104
103 105
103 106
103 107
103 108
103 111
103 112
103 113
103 114
103 115
104 104
104 105
104 106
104 107
104 108
104 109
104 111
104 112
104 113
104 114
104 115
105 105
105 106
105 107
105 108
105 109
105 111
105 112
105 113
105 114
105 115
106 106
106 107
106 108
106 109
106 112
106 113
106 114
106 115
107 107
107 108
107 109
107 112
107 113
107 114
107 115
108 108
108 109
108 113
108 114
108 115
109 109
109 110
109 113
109 114
109 115
110 110
110 111
111 111
111 112
111 114
112 112
112 113
112 114
113 113
113 114
113 115
114 114
114 115
115 115
