0 0
0 1
0 6
0 16
0 17
0 18
0 19
0 28
0 29
0 46
0 48
0 51
0 52
0 53
0 55
0 56
0 57
0 62
0 63
0 68
0 72
0 73
0 74
0 76
0 78
0 79
0 80
0 81
0 98
0 99
0 100
0 101
0 111
0 113
1 1
1 16
1 17
1 18
1 19
1 28
1 29
1 46
1 48
1 50
1 51
1 52
1 53
1 55
1 56
1 57
1 68
1 72
1 73
1 74
1 75
1 76
1 78
1 79
1 80
1 81
1 82
1 83
1 86
1 95
1 98
1 99
1 100
1 101
2 2
2 6
2 8
2 12
2 18
2 19
2 24
2 28
2 30
2 32
2 58
2 59
2 60
2 64
2 66
2 88
2 91
2 93
2 101
2 103
2 105
2 107
3 3
3 5
3 7
3 9
3 11
3 15
3 21
3 23
3 24
3 25
3 26
3 27
3 31
3 34
3 35
3 39
3 61
3 64
3 65
3 67
3 85
3 87
3 89
3 90
3 92
4 4
4 5
4 8
4 9
4 10
4 13
4 14
4 20
4 21
4 23
4 26
4 27
4 31
4 66
4 82
4 83
4 86
4 109
4 110
4 114
5 5
5 7
5 8
5 9
5 12
5 13
5 21
5 23
5 24
5 25
5 26
5 27
5 31
5 33
5 34
5 35
5 61
5 63
5 64
5 65
5 66
5 67
5 83
5 90
5 92
5 102
5 105
6 6
6 8
6 10
6 11
6 12
6 13
6 14
6 18
6 19
6 28
6 30
6 40
6 58
6 59
6 60
6 62
6 63
6 64
6 72
6 76
6 77
6 82
6 83
6 88
6 91
6 93
6 100
6 101
6 107
7 7
7 9
7 11
7 13
7 23
7 25
7 31
7 34
7 35
7 61
7 64
7 65
7 66
7 67
7 71
7 85
7 90
7 92
8 8
8 9
8 10
8 11
8 12
8 13
8 14
8 15
8 21
8 23
8 30
8 31
8 35
8 60
8 61
8 64
8 65
8 66
8 88
8 92
8 93
9 9
9 10
9 11
9 12
9 13
9 15
9 21
9 25
9 31
9 33
9 34
9 35
9 61
9 64
9 65
9 66
9 67
9 85
9 89
9 90
9 92
10 10
10 11
10 12
10 13
10 14
10 15
10 18
10 19
10 28
10 40
10 60
10 62
10 63
10 68
10 72
10 77
10 82
10 83
10 84
10 88
10 91
10 93
10 113
11 11
11 12
11 13
11 15
11 40
11 58
11 59
11 60
11 61
11 62
11 63
11 64
11 65
11 66
11 67
11 75
11 77
11 83
11 85
11 88
11 89
11 92
11 93
11 115
12 12
12 13
12 14
12 16
12 28
12 58
12 59
12 60
12 61
12 62
12 63
12 66
12 77
12 92
12 93
12 101
12 103
12 106
13 13
13 14
13 15
13 28
13 29
13 38
13 40
13 58
13 59
13 60
13 61
13 62
13 63
13 66
13 72
13 89
13 92
13 103
13 106
13 115
14 14
14 15
14 18
14 19
14 22
14 23
14 28
14 29
14 30
14 31
14 33
14 60
14 64
14 70
14 72
14 75
14 76
14 77
14 82
14 83
14 84
14 86
14 88
14 91
14 93
15 15
15 28
15 29
15 40
15 60
15 61
15 63
15 72
15 75
15 83
15 89
16 16
16 17
16 28
16 29
16 36
16 37
16 38
16 41
16 52
16 56
16 60
16 62
16 63
16 72
16 73
16 74
16 76
16 78
16 79
16 80
16 81
16 82
16 86
16 101
16 111
17 17
17 18
17 19
17 28
17 29
17 36
17 37
17 38
17 48
17 50
17 51
17 52
17 53
17 56
17 57
17 62
17 63
17 72
17 73
17 78
17 79
17 80
17 81
17 83
17 95
17 100
17 101
18 18
18 19
18 22
18 28
18 29
18 30
18 40
18 52
18 53
18 58
18 60
18 72
18 73
18 75
18 76
18 79
18 80
18 81
18 82
18 83
18 88
18 91
18 93
18 99
18 101
18 111
18 113
19 19
19 22
19 28
19 52
19 53
19 60
19 62
19 63
19 68
19 69
19 73
19 79
19 80
19 81
19 82
19 83
19 90
19 91
19 93
19 94
19 101
19 105
19 107
19 113
20 20
20 21
20 23
20 25
20 26
20 27
20 41
20 86
20 87
20 94
20 110
21 21
21 23
21 24
21 25
21 26
21 27
21 31
21 33
21 35
21 39
21 45
21 65
21 95
21 109
21 110
21 111
21 114
22 22
22 23
22 24
22 25
22 26
22 27
22 30
22 31
22 34
22 74
22 75
22 76
22 82
22 83
22 84
22 86
22 88
22 91
22 93
22 94
22 97
22 99
22 111
22 113
23 23
23 24
23 25
23 26
23 27
23 30
23 31
23 33
23 34
23 35
23 64
23 65
23 67
23 75
23 82
23 83
23 85
23 86
23 87
23 88
23 90
23 92
23 93
23 94
23 115
24 24
24 25
24 27
24 30
24 31
24 34
24 35
24 45
24 47
24 64
24 65
24 67
24 96
24 97
24 109
24 110
25 25
25 26
25 27
25 30
25 31
25 33
25 34
25 35
25 39
25 43
25 44
25 45
25 47
25 65
25 67
25 87
25 90
25 92
26 26
26 27
26 31
26 41
26 45
26 69
26 86
26 87
26 94
26 96
26 97
26 106
26 109
26 114
27 27
27 31
27 33
27 34
27 35
27 41
27 45
27 57
27 67
27 82
27 84
27 85
27 86
27 87
27 94
27 97
27 99
27 114
28 28
28 29
28 36
28 40
28 52
28 53
28 60
28 62
28 63
28 68
28 70
28 72
28 73
28 75
28 76
28 77
28 78
28 80
28 81
28 82
28 83
28 86
28 91
28 93
28 100
28 101
29 29
29 36
29 37
29 38
29 40
29 51
29 52
29 53
29 56
29 60
29 62
29 63
29 72
29 73
29 76
29 78
29 80
29 81
29 83
29 95
29 100
30 30
30 31
30 33
30 34
30 35
30 64
30 65
30 70
30 75
30 76
30 77
30 82
30 84
30 88
30 91
30 93
30 102
30 112
30 113
31 31
31 33
31 34
31 35
31 39
31 64
31 65
31 67
31 75
31 77
31 83
31 84
31 85
31 88
31 92
31 109
31 115
32 32
32 33
32 56
32 57
32 68
32 72
32 76
32 77
32 79
33 33
33 34
33 35
33 40
33 64
33 65
33 67
33 75
33 76
33 77
33 83
33 84
33 85
33 88
33 92
34 34
34 35
34 64
34 65
34 67
34 70
34 71
34 84
34 85
34 88
34 92
35 35
35 45
35 61
35 64
35 65
35 66
35 67
35 71
35 84
35 85
35 92
35 115
36 36
36 37
36 38
36 41
36 52
36 54
36 56
36 62
36 68
36 72
36 73
36 74
36 76
36 78
36 79
36 80
36 81
36 95
36 96
37 37
37 38
37 39
37 41
37 52
37 53
37 54
37 55
37 73
37 74
37 78
37 80
37 81
37 86
37 87
37 95
38 38
38 39
38 40
38 48
38 51
38 53
38 54
38 55
38 72
38 73
38 74
38 78
38 80
38 81
38 96
39 39
39 41
39 43
39 44
39 45
39 54
39 55
39 65
39 74
39 86
39 87
39 95
39 96
40 40
40 52
40 58
40 60
40 61
40 62
40 63
40 72
40 75
40 76
40 81
40 83
40 89
40 95
40 100
40 115
41 41
41 57
41 68
41 73
41 74
41 86
41 87
41 95
41 96
41 113
42 42
42 43
42 44
42 45
42 46
42 47
42 48
42 49
42 50
42 51
42 54
42 55
42 78
42 96
42 97
42 98
42 99
42 106
42 108
42 110
43 43
43 44
43 45
43 46
43 47
43 48
43 49
43 50
43 51
43 54
43 55
43 78
43 96
43 97
43 98
43 99
43 108
43 110
44 44
44 45
44 46
44 47
44 48
44 49
44 50
44 51
44 54
44 55
44 56
44 57
44 78
44 96
44 98
45 45
45 46
45 47
45 48
45 49
45 51
45 54
45 55
45 67
45 96
45 97
45 98
46 46
46 47
46 48
46 49
46 50
46 51
46 54
46 55
46 56
46 78
46 95
46 96
46 97
46 98
46 99
46 108
46 110
47 47
47 48
47 49
47 50
47 51
47 54
47 55
47 56
47 78
47 96
47 97
47 98
47 99
47 108
47 110
48 48
48 49
48 50
48 51
48 52
48 53
48 54
48 55
48 56
48 58
48 72
48 98
48 100
48 101
49 49
49 50
49 51
49 54
49 55
49 56
49 57
49 96
49 97
49 98
49 99
50 50
50 51
50 52
50 53
50 54
50 55
50 56
50 57
50 98
50 100
51 51
51 52
51 53
51 54
51 55
51 56
51 57
51 58
51 68
51 72
51 73
51 96
51 98
52 52
52 53
52 54
52 55
52 56
52 60
52 62
52 63
52 68
52 72
52 73
52 76
52 80
52 81
52 83
52 89
52 95
52 98
52 100
52 101
52 112
52 113
53 53
53 55
53 72
53 73
53 76
53 78
53 80
53 81
53 83
53 90
53 95
54 54
54 55
54 89
54 96
54 98
54 106
55 55
55 56
55 57
55 73
55 78
55 81
55 87
55 95
55 96
55 97
55 98
55 99
56 56
56 57
56 68
56 69
56 72
56 78
56 79
56 80
56 81
56 98
56 100
57 57
57 68
57 69
57 78
57 79
57 80
57 86
57 98
57 99
57 112
58 58
58 59
58 60
58 61
58 63
58 64
58 66
58 72
58 88
58 91
58 103
58 107
59 59
59 60
59 61
59 62
59 63
59 66
59 67
59 69
59 103
59 104
59 105
59 107
60 60
60 61
60 62
60 63
60 64
60 66
60 72
60 77
60 89
60 93
60 101
60 103
60 106
61 61
61 62
61 63
61 64
61 65
61 66
61 67
61 83
61 88
61 89
61 92
61 115
62 62
62 63
62 72
62 80
62 81
62 83
62 106
62 115
63 63
63 66
63 72
63 75
63 81
63 83
63 89
63 92
63 100
63 101
63 115
64 64
64 65
64 66
64 67
64 70
64 84
64 85
64 88
64 92
64 93
65 65
65 66
65 67
65 71
65 84
65 85
65 88
65 92
66 66
66 67
66 71
66 92
66 103
66 104
66 105
66 107
67 67
67 71
67 84
67 85
67 92
68 68
68 72
68 76
68 79
68 80
68 81
68 82
68 84
68 91
68 95
68 96
68 97
68 98
68 99
68 112
68 114
69 69
69 79
69 80
69 87
69 94
69 97
69 103
69 104
69 105
69 107
70 70
70 71
70 72
70 74
70 77
70 88
70 115
71 71
71 115
72 72
72 73
72 74
72 75
72 76
72 77
72 78
72 80
72 81
72 83
72 86
72 100
73 73
73 74
73 75
73 76
73 77
73 78
73 79
73 80
73 81
73 82
73 96
73 113
74 74
74 75
74 76
74 77
74 79
74 80
74 86
74 95
74 109
74 113
75 75
75 76
75 77
75 82
75 83
75 86
75 88
75 89
75 93
75 100
75 102
75 109
75 113
76 76
76 77
76 79
76 82
76 86
76 91
76 93
76 98
76 99
76 100
76 111
76 112
76 113
77 77
77 82
77 86
77 93
77 100
77 112
77 113
77 115
78 78
78 79
78 80
78 81
78 87
78 95
78 98
79 79
79 80
79 81
79 84
79 99
80 80
80 81
80 82
80 86
80 87
80 95
80 99
81 81
81 83
81 85
81 87
81 90
81 95
82 82
82 83
82 84
82 86
82 87
82 88
82 91
82 93
82 94
82 99
82 113
82 114
83 83
83 85
83 89
83 90
83 93
83 95
83 115
84 84
84 85
84 87
84 88
84 97
84 99
85 85
85 87
85 88
85 89
85 90
85 92
85 115
86 86
86 87
86 95
86 96
86 99
86 109
86 111
86 113
87 87
87 89
87 94
87 95
88 88
88 89
88 91
88 92
88 93
89 89
89 92
89 115
90 90
90 91
90 92
91 91
91 93
91 97
91 99
91 101
91 103
91 107
91 113
91 114
92 92
92 93
93 93
93 99
93 101
93 102
93 103
93 111
93 113
94 94
94 96
94 97
94 104
94 105
94 107
94 109
94 110
94 114
95 95
95 96
95 109
95 111
96 96
96 97
96 98
96 99
96 108
96 109
96 110
96 114
97 97
97 98
97 99
97 104
97 105
97 107
97 108
97 109
97 110
97 114
98 98
98 99
98 100
98 101
98 111
98 112
99 99
99 101
99 102
99 110
99 111
99 112
99 113
100 100
100 101
100 112
100 115
101 101
101 103
101 111
101 112
101 113
101 115
102 102
102 103
102 104
102 110
102 111
102 112
102 113
103 103
103 104
103 105
103 107
103 110
103 114
104 104
104 105
104 107
104 110
104 114
105 105
105 107
105 110
105 114
106 106
106 108
107 107
107 110
107 114
108 108
108 110
109 109
109 110
109 115
110 110
110 111
110 114
111 111
111 112
111 113
112 112
112 113
113 113
114 114
115 115
