0 0
0 1
0 2
0 4
0 5
0 6
0 8
0 10
0 12
0 14
0 16
0 18
0 19
0 48
0 56
0 57
0 58
0 60
0 61
0 64
0 65
0 68
0 82
0 86
1 1
1 8
1 9
1 10
1 11
1 12
1 13
1 14
1 15
1 18
1 19
1 28
1 29
1 48
1 51
1 52
1 53
1 56
1 57
1 58
1 60
1 61
1 63
1 68
1 69
1 72
1 82
1 95
1 108
1 109
1 112
2 2
2 6
2 8
2 10
2 12
2 22
2 23
2 24
2 25
2 26
2 27
2 30
2 50
2 60
2 64
2 67
2 88
2 103
3 3
3 5
3 7
3 9
3 20
3 21
3 22
3 23
3 25
3 26
3 27
3 37
3 39
3 55
3 56
3 59
3 65
3 80
3 84
3 87
3 88
3 89
3 92
3 97
3 100
4 4
4 5
4 6
4 8
4 9
4 14
4 19
4 20
4 26
4 44
4 52
4 58
4 60
4 61
4 64
4 65
4 70
4 75
5 5
5 8
5 9
5 18
5 20
5 21
5 22
5 23
5 24
5 25
5 26
5 27
5 37
5 41
5 54
5 55
5 56
5 58
5 65
5 70
5 71
5 75
5 82
5 84
5 85
5 86
5 88
5 89
5 100
6 6
6 7
6 8
6 10
6 11
6 12
6 22
6 30
6 32
6 33
6 35
6 44
6 45
6 60
6 64
6 65
6 67
7 7
7 9
7 11
7 13
7 33
7 35
7 44
7 45
7 49
7 60
7 61
7 64
7 65
7 92
8 8
8 10
8 12
8 14
8 15
8 18
8 24
8 26
8 48
8 50
8 58
8 60
8 64
8 68
8 70
8 99
9 9
9 11
9 13
9 20
9 29
9 49
9 53
9 61
9 65
9 70
9 71
9 73
9 75
9 89
9 92
10 10
10 11
10 12
10 13
10 14
10 16
10 18
10 19
10 28
10 60
10 82
10 86
11 11
11 12
11 13
11 15
11 17
11 28
11 29
11 31
11 32
11 33
11 44
11 45
11 49
11 60
11 61
11 62
11 63
11 65
11 72
11 81
11 83
11 102
12 12
12 13
12 14
12 28
12 32
12 33
12 49
12 60
12 61
12 78
12 79
13 13
13 15
13 17
13 28
13 29
13 33
13 35
13 44
13 45
13 49
13 60
13 61
13 62
13 63
13 65
13 72
13 78
13 81
13 83
13 92
13 102
14 14
14 15
14 18
14 19
14 28
14 29
14 33
14 40
14 60
14 64
14 75
14 82
14 83
14 86
15 15
15 28
15 29
15 37
15 39
15 40
15 48
15 52
15 54
15 61
15 62
15 63
15 72
15 89
15 95
15 108
16 16
16 17
16 20
16 21
16 28
16 29
16 30
16 40
16 56
16 60
16 62
16 63
16 70
16 71
16 72
16 73
16 74
16 75
16 76
16 78
16 79
16 80
16 81
17 17
17 28
17 29
17 31
17 36
17 40
17 62
17 63
17 70
17 71
17 72
17 73
17 74
17 76
17 77
17 78
17 79
17 80
17 81
18 18
18 19
18 26
18 56
18 57
18 58
18 68
18 69
18 70
18 82
18 88
18 109
18 112
19 19
19 28
19 57
19 60
19 68
19 69
19 70
19 82
19 83
19 90
19 91
19 107
20 20
20 21
20 24
20 25
20 26
20 27
20 30
20 37
20 41
20 56
20 70
20 71
20 73
20 74
20 75
20 80
20 84
20 85
20 89
21 21
21 24
21 25
21 26
21 27
21 30
21 36
21 37
21 38
21 39
21 40
21 41
21 43
21 54
21 70
21 71
21 72
21 73
21 74
21 75
21 76
21 77
21 80
21 81
21 84
21 85
21 89
21 94
21 101
21 107
22 22
22 23
22 24
22 25
22 26
22 27
22 30
22 31
22 34
22 47
22 50
22 54
22 58
22 64
22 67
22 84
22 86
22 87
22 88
22 93
22 98
22 99
22 101
22 103
23 23
23 24
23 25
23 26
23 27
23 30
23 31
23 34
23 47
23 64
23 67
23 71
23 82
23 84
23 86
23 87
23 88
23 93
23 98
23 110
23 111
24 24
24 25
24 26
24 27
24 30
24 37
24 38
24 43
24 47
24 50
24 54
24 55
24 64
24 67
24 70
24 71
24 75
24 84
24 85
24 88
24 97
24 101
24 103
25 25
25 26
25 27
25 30
25 31
25 37
25 39
25 43
25 46
25 47
25 48
25 50
25 54
25 55
25 64
25 67
25 71
25 84
25 85
25 87
25 88
25 96
25 97
25 98
25 101
25 103
25 110
25 111
26 26
26 27
26 30
26 37
26 54
26 55
26 58
26 64
26 70
26 71
26 75
26 82
26 84
26 86
26 88
26 89
27 27
27 37
27 38
27 39
27 47
27 48
27 50
27 54
27 55
27 58
27 71
27 84
27 85
27 86
27 87
27 88
27 89
27 97
27 99
27 103
28 28
28 29
28 32
28 33
28 36
28 40
28 49
28 60
28 62
28 63
28 72
28 73
28 74
28 76
28 77
28 79
28 80
28 81
28 82
28 83
28 95
28 109
29 29
29 31
29 33
29 36
29 40
29 41
29 44
29 49
29 61
29 62
29 63
29 72
29 73
29 74
29 75
29 76
29 77
29 78
29 79
29 80
29 81
29 83
29 102
30 30
30 31
30 64
30 67
30 70
30 71
30 74
30 75
30 76
30 80
31 31
31 33
31 34
31 35
31 36
31 44
31 45
31 64
31 67
31 71
31 74
31 75
31 77
31 78
31 80
31 83
31 94
32 32
32 33
32 49
32 59
32 60
32 66
32 76
32 79
32 87
33 33
33 35
33 44
33 45
33 49
33 60
33 61
33 64
33 65
33 83
34 34
34 35
34 38
34 42
34 46
34 50
34 64
34 66
34 67
34 87
34 88
34 94
34 96
34 102
34 110
34 111
34 114
34 115
35 35
35 44
35 45
35 49
35 64
35 65
35 67
35 83
35 94
36 36
36 38
36 39
36 40
36 42
36 46
36 51
36 62
36 63
36 72
36 73
36 74
36 76
36 77
36 78
36 79
36 80
36 81
36 85
36 94
36 96
36 113
37 37
37 38
37 39
37 41
37 43
37 46
37 47
37 52
37 54
37 55
37 68
37 70
37 73
37 74
37 75
37 77
37 80
37 82
37 83
37 84
37 85
37 89
37 95
37 97
37 99
37 100
37 106
37 107
37 109
37 110
37 111
37 115
38 38
38 39
38 40
38 42
38 43
38 47
38 50
38 54
38 55
38 59
38 66
38 76
38 77
38 82
38 87
38 95
38 96
38 97
38 105
38 106
38 109
38 110
38 111
38 113
38 114
38 115
39 39
39 40
39 41
39 43
39 47
39 54
39 55
39 59
39 62
39 74
39 77
39 80
39 81
39 84
39 85
39 87
39 89
39 97
39 99
39 105
39 107
39 110
39 111
39 113
39 114
39 115
40 40
40 62
40 63
40 72
40 73
40 74
40 76
40 77
40 78
40 79
40 80
40 81
40 83
41 41
41 51
41 52
41 72
41 73
41 74
41 75
41 80
41 81
41 82
41 83
41 84
41 85
41 115
42 42
42 43
42 44
42 46
42 47
42 50
42 51
42 53
42 66
42 69
42 85
42 94
42 96
42 97
42 98
42 100
42 102
42 104
42 108
42 109
42 110
42 111
42 112
42 113
42 114
42 115
43 43
43 44
43 45
43 47
43 49
43 55
43 67
43 76
43 78
43 80
43 85
43 97
43 99
43 101
43 103
43 110
43 111
43 113
43 114
43 115
44 44
44 45
44 46
44 49
44 67
44 94
45 45
45 49
45 64
45 65
45 67
46 46
46 50
46 51
46 52
46 53
46 54
46 55
46 66
46 69
46 84
46 85
46 93
46 95
46 96
46 97
46 98
46 102
46 108
46 109
46 110
46 111
46 115
47 47
47 54
47 55
47 67
47 76
47 84
47 87
47 96
47 97
47 99
47 101
47 103
47 104
47 105
47 110
47 111
48 48
48 50
48 51
48 52
48 53
48 54
48 56
48 57
48 58
48 59
48 66
48 88
48 89
48 93
48 94
48 96
48 98
49 49
49 61
49 65
49 67
49 72
49 78
50 50
50 51
50 52
50 53
50 54
50 55
50 64
50 66
50 85
50 87
50 88
50 93
50 94
50 96
50 97
50 98
51 51
51 52
51 53
51 58
51 73
51 75
51 94
51 96
51 98
52 52
52 53
52 54
52 55
52 56
52 57
52 58
52 61
52 84
52 85
52 89
52 93
52 96
52 98
52 108
53 53
53 54
53 56
53 58
53 61
53 73
53 93
53 95
53 96
53 98
53 102
53 108
53 109
54 54
54 55
54 56
54 58
54 66
54 84
54 85
54 86
54 87
54 88
54 89
54 93
54 96
54 97
54 98
54 99
54 103
54 108
55 55
55 84
55 86
55 87
55 88
55 89
55 91
55 92
55 93
55 96
55 97
55 98
55 99
55 103
55 106
55 108
55 110
55 111
56 56
56 57
56 58
56 61
56 63
56 68
56 72
56 73
56 89
57 57
57 58
57 59
57 66
57 68
57 69
57 89
57 95
57 99
57 100
57 102
57 105
57 106
57 108
57 111
57 112
57 115
58 58
58 60
58 61
58 65
58 66
58 68
58 69
58 86
58 88
58 89
58 90
58 98
58 99
59 59
59 62
59 63
59 66
59 68
59 69
59 87
59 96
59 102
59 104
59 105
59 106
59 110
59 111
59 113
59 114
60 60
60 61
60 64
60 65
60 91
60 92
61 61
61 63
61 65
61 90
61 92
62 62
62 63
62 72
62 73
62 74
62 76
62 77
62 79
62 80
62 81
62 83
63 63
63 72
63 73
63 74
63 77
63 79
63 80
63 81
63 83
63 102
64 64
64 65
64 67
64 88
64 91
65 65
65 92
66 66
66 67
66 68
66 69
66 96
66 100
66 102
66 108
66 110
66 111
66 113
66 114
66 115
67 67
67 69
67 91
67 103
67 107
67 110
67 111
67 114
67 115
68 68
68 69
68 95
68 97
68 100
68 102
68 104
68 105
68 106
68 108
68 109
68 110
68 112
68 115
69 69
69 90
69 91
69 95
69 97
69 104
69 105
69 106
69 107
69 108
69 109
69 110
69 111
69 114
69 115
70 70
70 71
70 72
70 73
70 74
70 75
70 76
70 80
70 81
70 82
70 84
70 107
71 71
71 73
71 74
71 75
71 77
71 80
71 81
71 84
71 89
71 103
71 113
72 72
72 73
72 74
72 75
72 76
72 77
72 78
72 79
72 80
72 81
72 83
73 73
73 74
73 75
73 76
73 77
73 78
73 79
73 80
73 81
73 83
73 85
74 74
74 75
74 76
74 77
74 79
74 80
74 81
74 84
74 85
75 75
75 77
75 80
75 81
75 85
76 76
76 77
76 78
76 79
76 80
76 81
76 114
77 77
77 79
77 80
77 81
77 105
77 107
77 113
78 78
78 79
78 80
78 81
78 94
78 109
79 79
79 80
79 81
79 94
79 109
80 80
80 81
80 83
80 84
80 85
80 100
80 107
81 81
81 85
82 82
82 83
82 84
82 86
82 95
82 97
82 106
83 83
84 84
84 85
84 86
84 87
84 88
84 89
84 97
85 85
85 89
85 97
85 100
85 115
86 86
86 87
86 88
86 89
86 91
86 93
86 99
86 112
87 87
87 88
87 93
87 96
87 97
87 98
87 99
87 110
87 111
88 88
88 89
88 93
88 96
88 97
89 89
89 90
89 92
89 93
89 97
89 100
89 105
89 106
89 115
90 90
90 91
90 92
90 93
90 98
90 99
90 104
90 105
90 106
90 107
90 111
90 112
91 91
91 92
91 93
91 98
91 99
91 103
91 104
91 105
91 106
91 111
92 92
92 93
92 98
92 103
92 104
92 105
93 93
93 96
93 98
93 101
93 102
93 103
93 104
93 112
94 94
94 96
94 98
94 101
94 111
94 113
95 95
95 97
95 99
95 104
95 105
95 106
95 108
95 109
95 110
96 96
96 97
96 98
96 102
96 104
96 108
96 110
96 111
96 113
97 97
97 99
97 104
97 107
97 108
97 109
97 110
97 111
97 115
98 98
98 99
98 102
98 104
98 108
98 110
98 111
98 112
98 113
99 99
99 103
99 108
99 110
99 111
99 112
100 100
100 111
100 112
100 113
101 101
101 103
101 110
101 111
101 112
102 102
102 104
102 111
102 113
102 114
103 103
103 104
103 105
103 113
104 104
104 105
104 106
104 109
104 110
104 111
104 114
105 105
105 106
105 107
105 109
105 110
105 111
105 114
105 115
106 106
106 107
106 108
106 110
106 111
106 114
106 115
107 107
107 110
107 114
107 115
108 108
108 109
108 110
108 111
109 109
109 110
109 115
110 110
110 111
110 112
110 113
110 114
110 115
111 111
111 112
111 113
111 114
111 115
112 112
112 113
112 114
113 113
113 114
114 114
114 115
115 115
