0 0
0 1
0 10
0 16
0 17
0 18
0 19
0 28
0 32
0 55
0 56
0 57
0 58
0 59
0 60
0 62
0 63
0 68
0 72
0 78
0 80
0 81
0 82
0 88
0 95
0 97
0 108
0 109
0 112
0 113
1 1
1 3
1 7
1 11
1 13
1 18
1 19
1 28
1 32
1 56
1 57
1 58
1 59
1 60
1 61
1 63
1 65
1 68
1 87
1 97
1 109
1 112
1 114
2 2
2 4
2 6
2 8
2 14
2 22
2 23
2 24
2 25
2 27
2 30
2 48
2 50
2 64
2 66
2 84
2 88
2 93
2 95
3 3
3 5
3 7
3 15
3 19
3 21
3 23
3 25
3 26
3 27
3 42
3 43
3 46
3 47
3 53
3 68
3 85
3 92
3 108
4 4
4 5
4 8
4 9
4 12
4 14
4 22
4 23
4 24
4 25
4 26
4 27
4 45
4 48
4 58
4 64
4 66
4 67
4 69
4 70
4 88
4 89
4 90
4 92
4 93
4 103
4 111
5 5
5 9
5 20
5 21
5 22
5 23
5 24
5 25
5 26
5 27
5 44
5 45
5 46
5 47
5 50
5 52
5 53
5 66
5 68
5 69
5 89
5 90
5 110
5 111
6 6
6 7
6 11
6 18
6 64
6 82
6 93
6 100
6 101
6 114
7 7
7 9
7 11
7 12
7 13
7 15
7 23
7 65
7 83
7 92
7 100
7 114
8 8
8 9
8 10
8 12
8 14
8 22
8 23
8 24
8 25
8 48
8 49
8 50
8 64
8 65
8 84
8 92
8 93
8 95
8 102
8 103
8 111
9 9
9 12
9 13
9 14
9 15
9 23
9 45
9 48
9 49
9 50
9 51
9 64
9 65
9 66
9 71
9 85
9 90
9 92
9 95
9 111
10 10
10 11
10 12
10 13
10 14
10 22
10 30
10 60
10 61
10 64
10 65
10 82
10 88
10 93
10 101
11 11
11 12
11 13
11 14
11 15
11 60
11 61
11 64
11 65
11 75
11 83
11 92
11 114
12 12
12 13
12 14
12 15
12 60
12 61
12 62
12 64
12 65
12 92
12 114
13 13
13 15
13 17
13 29
13 49
13 60
13 61
13 62
13 65
13 92
13 100
13 113
13 114
14 14
14 15
14 22
14 23
14 24
14 50
14 64
14 84
14 88
14 92
14 93
14 94
14 95
14 97
14 108
15 15
15 29
15 42
15 43
15 65
15 75
15 83
15 85
15 92
15 95
15 97
15 108
15 113
15 114
16 16
16 17
16 18
16 19
16 28
16 29
16 31
16 32
16 33
16 36
16 40
16 41
16 55
16 56
16 57
16 60
16 62
16 63
16 72
16 73
16 74
16 75
16 76
16 77
16 78
16 79
16 80
16 81
16 83
16 109
16 113
17 17
17 19
17 28
17 29
17 31
17 32
17 33
17 36
17 40
17 41
17 56
17 57
17 60
17 61
17 62
17 63
17 72
17 73
17 74
17 75
17 76
17 77
17 78
17 79
17 80
17 81
17 83
17 100
17 113
18 18
18 19
18 28
18 32
18 57
18 59
18 68
18 82
18 86
18 87
18 88
18 89
18 90
18 109
18 112
19 19
19 21
19 23
19 28
19 29
19 42
19 43
19 68
19 69
19 78
19 79
19 80
19 81
19 83
19 90
19 91
19 92
19 95
19 108
19 109
19 112
20 20
20 21
20 29
20 37
20 40
20 41
20 43
20 72
20 74
21 21
21 23
21 25
21 26
21 27
21 42
21 43
21 68
21 69
21 81
21 90
21 99
21 109
21 111
22 22
22 23
22 24
22 25
22 26
22 27
22 30
22 50
22 64
22 66
22 67
22 68
22 69
22 82
22 84
22 86
22 88
22 93
22 103
22 110
23 23
23 24
23 25
23 26
23 27
23 43
23 45
23 69
23 85
23 90
23 92
24 24
24 25
24 26
24 27
24 30
24 44
24 45
24 50
24 64
24 66
24 67
24 69
24 70
24 84
24 85
24 93
24 103
24 110
24 111
25 25
25 26
25 27
25 30
25 31
25 44
25 45
25 50
25 53
25 69
25 71
25 84
25 85
25 90
25 110
25 111
26 26
26 27
26 30
26 47
26 53
26 56
26 57
26 59
26 68
26 69
26 82
26 84
26 86
26 87
26 88
26 89
26 96
26 110
27 27
27 30
27 43
27 45
27 47
27 50
27 53
27 68
27 69
27 84
27 85
27 86
27 87
27 88
27 96
27 110
28 28
28 29
28 31
28 32
28 33
28 36
28 40
28 41
28 56
28 57
28 60
28 62
28 63
28 72
28 73
28 74
28 75
28 76
28 77
28 78
28 79
28 80
28 81
28 83
28 97
28 109
28 113
29 29
29 31
29 32
29 33
29 36
29 40
29 41
29 42
29 46
29 55
29 56
29 57
29 62
29 63
29 72
29 73
29 74
29 75
29 76
29 77
29 78
29 79
29 80
29 81
29 83
29 106
29 113
29 114
30 30
30 31
30 33
30 39
30 41
30 64
30 75
30 82
30 84
30 86
30 87
30 101
30 105
31 31
31 32
31 33
31 34
31 35
31 36
31 37
31 38
31 39
31 40
31 41
31 57
31 71
31 72
31 73
31 74
31 75
31 76
31 77
31 78
31 82
31 83
31 87
31 105
31 106
31 107
31 114
32 32
32 33
32 39
32 41
32 47
32 56
32 57
32 62
32 63
32 68
32 72
32 73
32 74
32 80
32 87
32 105
33 33
33 34
33 35
33 36
33 39
33 40
33 41
33 62
33 63
33 72
33 73
33 74
33 75
33 76
33 77
33 78
33 79
33 80
33 81
33 83
33 94
33 106
33 114
34 34
34 35
34 40
34 44
34 50
34 64
34 66
34 76
34 77
34 85
34 94
34 114
34 115
35 35
35 37
35 39
35 41
35 44
35 49
35 66
35 67
35 71
35 76
35 77
35 94
35 106
35 107
35 111
35 114
35 115
36 36
36 37
36 38
36 40
36 41
36 56
36 62
36 63
36 72
36 73
36 74
36 75
36 76
36 77
36 78
36 80
36 81
36 82
36 83
36 105
36 107
36 113
37 37
37 38
37 39
37 41
37 46
37 47
37 52
37 53
37 54
37 55
37 67
37 71
37 72
37 73
37 74
37 76
37 77
37 78
37 86
37 104
37 105
37 107
37 110
38 38
38 39
38 41
38 46
38 47
38 52
38 53
38 54
38 55
38 56
38 57
38 67
38 73
38 74
38 76
38 86
38 96
38 98
38 101
38 104
38 105
38 106
38 107
38 110
39 39
39 41
39 46
39 47
39 52
39 67
39 82
39 86
39 87
39 101
39 105
39 107
40 40
40 41
40 42
40 56
40 57
40 62
40 63
40 72
40 73
40 74
40 75
40 76
40 77
40 78
40 79
40 80
40 81
40 83
40 94
40 95
40 96
40 97
40 108
40 113
41 41
41 46
41 56
41 57
41 62
41 63
41 67
41 72
41 73
41 74
41 75
41 76
41 77
41 78
41 80
41 82
41 83
41 87
41 101
41 105
41 106
41 107
41 113
41 114
42 42
42 43
42 44
42 45
42 46
42 47
42 49
42 51
42 53
42 55
42 68
42 83
42 85
42 90
42 91
42 92
42 95
42 97
42 98
42 99
42 108
42 109
43 43
43 44
43 45
43 46
43 47
43 49
43 50
43 51
43 53
43 55
43 68
43 85
43 90
43 92
43 95
43 97
43 99
43 108
43 109
44 44
44 45
44 48
44 49
44 50
44 51
44 66
44 71
44 95
44 99
44 103
45 45
45 47
45 48
45 49
45 50
45 51
45 66
45 67
45 90
45 92
45 96
45 103
45 110
45 111
46 46
46 47
46 51
46 52
46 53
46 54
46 55
46 56
46 57
46 68
46 73
46 76
46 91
46 96
46 98
46 99
46 105
46 112
47 47
47 53
47 54
47 55
47 90
47 91
47 96
47 98
47 99
47 110
47 111
47 112
48 48
48 49
48 50
48 51
48 52
48 54
48 58
48 65
48 66
48 89
48 90
48 91
48 92
48 93
48 100
48 102
48 103
48 104
49 49
49 50
49 51
49 65
49 66
49 71
49 90
49 91
49 92
49 95
49 99
49 100
49 103
49 108
49 111
50 50
50 51
50 64
50 66
50 84
50 85
50 88
50 93
50 95
51 51
51 52
51 53
51 54
51 55
51 65
51 66
51 89
51 90
51 91
51 92
51 93
51 98
51 99
51 104
51 112
51 115
52 52
52 53
52 54
52 55
52 58
52 67
52 88
52 89
52 91
52 93
52 98
52 104
52 105
52 107
52 112
53 53
53 54
53 55
53 56
53 57
53 68
53 85
53 90
53 91
53 96
53 98
53 99
53 110
53 112
54 54
54 55
54 56
54 57
54 58
54 59
54 86
54 88
54 89
54 96
54 98
54 99
54 104
54 105
54 106
54 107
55 55
55 56
55 57
55 73
55 78
55 80
55 86
55 89
55 91
55 96
55 98
55 99
55 112
56 56
56 57
56 63
56 68
56 72
56 73
56 74
56 76
56 78
56 80
56 81
56 82
56 83
56 87
56 96
56 98
56 99
56 113
57 57
57 59
57 63
57 68
57 72
57 73
57 76
57 78
57 80
57 81
57 82
57 83
57 87
57 96
57 98
58 58
58 59
58 60
58 61
58 62
58 63
58 65
58 66
58 86
58 88
58 89
58 93
58 102
58 112
59 59
59 60
59 61
59 62
59 63
59 69
59 86
59 87
59 88
59 89
59 102
59 107
59 112
60 60
60 61
60 62
60 63
60 65
60 72
60 79
60 97
60 100
60 101
60 102
61 61
61 62
61 63
61 65
61 79
61 89
61 107
62 62
62 63
62 72
62 74
62 76
62 78
62 79
62 80
62 81
62 102
63 63
63 72
63 73
63 74
63 76
63 77
63 78
63 79
63 80
63 81
64 64
64 65
64 66
64 82
64 84
64 88
64 93
64 101
65 65
65 66
65 89
65 92
65 100
66 66
66 67
66 93
66 94
66 111
67 67
67 94
67 105
67 107
67 111
67 114
68 68
68 69
68 81
68 82
68 84
68 86
68 87
68 88
68 96
68 99
68 109
68 112
69 69
69 81
69 88
69 90
69 96
69 109
69 110
69 111
70 70
70 71
70 77
70 90
70 93
70 102
70 103
70 104
70 105
70 110
71 71
71 77
71 103
71 104
71 105
71 106
71 107
71 110
72 72
72 73
72 74
72 75
72 76
72 77
72 78
72 79
72 80
72 81
72 83
72 101
72 102
72 105
72 106
72 113
72 114
73 73
73 74
73 75
73 76
73 77
73 78
73 79
73 80
73 101
73 105
73 106
73 107
73 113
74 74
74 75
74 76
74 77
74 78
74 79
74 80
74 81
74 101
74 104
74 105
74 106
74 107
74 110
74 113
75 75
75 76
75 77
75 78
75 79
75 83
75 87
75 105
75 113
76 76
76 77
76 78
76 79
76 80
76 81
76 83
76 101
76 105
76 106
76 107
76 113
76 114
76 115
77 77
77 78
77 79
77 80
77 81
77 83
77 106
77 107
77 113
77 114
77 115
78 78
78 79
78 80
78 81
78 82
78 83
78 96
78 113
79 79
79 80
79 81
79 83
79 102
79 109
80 80
80 81
80 83
80 97
80 109
80 113
81 81
81 83
81 85
81 96
81 109
81 113
82 82
82 83
82 84
82 86
82 87
82 88
83 83
83 85
83 97
83 113
83 114
84 84
84 85
84 87
84 88
85 85
86 86
86 87
86 88
86 89
86 93
86 96
86 98
86 103
86 104
86 105
86 107
86 110
87 87
87 88
87 89
87 105
87 106
87 107
88 88
88 89
88 93
88 98
89 89
89 90
89 98
89 112
90 90
90 91
90 92
90 95
90 98
90 99
90 100
90 102
90 103
90 108
90 109
90 110
90 111
90 112
91 91
91 92
91 93
91 98
91 99
91 100
91 104
91 112
92 92
92 93
92 95
92 97
92 100
92 102
92 108
92 109
93 93
93 98
93 100
93 101
93 102
93 103
93 104
93 105
94 94
94 95
94 97
94 111
94 114
94 115
95 95
95 97
95 100
95 108
95 109
95 112
96 96
96 98
96 99
96 104
96 110
96 111
97 97
97 100
97 108
97 109
97 112
97 115
98 98
98 99
98 102
98 104
98 112
99 99
99 100
99 102
99 104
99 111
99 112
99 113
99 115
100 100
100 101
100 102
100 103
100 104
100 108
100 109
101 101
101 102
101 103
101 104
101 105
101 106
101 107
102 102
102 103
102 104
102 109
103 103
103 104
103 105
103 107
103 110
104 104
104 105
104 106
104 107
104 110
105 105
105 106
105 107
105 110
106 106
106 107
106 114
107 107
107 114
108 108
108 109
108 113
109 109
109 112
110 110
110 111
110 112
111 111
111 112
111 115
112 112
112 113
112 115
113 113
113 114
113 115
114 114
114 115
115 115
