0 0
0 1
0 12
0 16
0 17
0 19
0 28
0 29
0 32
0 33
0 36
0 39
0 52
0 56
0 57
0 58
0 59
0 62
0 63
0 66
0 68
0 69
0 72
0 78
0 79
0 80
0 81
0 84
1 1
1 16
1 17
1 19
1 28
1 29
1 32
1 33
1 48
1 51
1 52
1 53
1 56
1 57
1 58
1 59
1 62
1 63
1 66
1 68
1 69
1 72
1 78
1 79
1 80
1 81
1 84
1 111
2 2
2 3
2 4
2 5
2 6
2 7
2 8
2 9
2 11
2 13
2 15
2 18
2 20
2 21
2 22
2 23
2 24
2 25
2 26
2 27
2 30
2 31
2 64
2 65
2 70
2 71
2 74
2 75
2 76
2 77
2 88
2 89
2 90
2 91
2 92
2 93
2 100
2 101
2 104
2 105
2 114
3 3
3 4
3 5
3 6
3 7
3 8
3 9
3 11
3 13
3 15
3 20
3 22
3 23
3 24
3 25
3 26
3 27
3 30
3 31
3 64
3 65
3 70
3 71
3 75
3 77
3 86
3 88
3 89
3 90
3 91
3 92
3 93
3 100
3 109
4 4
4 5
4 6
4 7
4 8
4 9
4 11
4 13
4 26
4 51
4 61
4 64
4 65
4 88
4 90
4 91
4 92
4 93
4 100
4 101
4 102
4 114
5 5
5 6
5 7
5 8
5 9
5 11
5 13
5 15
5 20
5 21
5 22
5 23
5 24
5 25
5 26
5 27
5 30
5 31
5 61
5 64
5 65
5 71
5 74
5 75
5 76
5 77
5 83
5 88
5 89
5 91
5 92
5 93
5 100
5 106
6 6
6 7
6 8
6 9
6 11
6 13
6 23
6 25
6 30
6 31
6 61
6 64
6 65
6 70
6 74
6 76
6 77
6 88
6 90
6 91
6 92
6 93
6 100
6 101
6 102
6 114
6 115
7 7
7 8
7 9
7 11
7 13
7 23
7 24
7 25
7 30
7 31
7 64
7 65
7 71
7 75
7 76
7 77
7 90
7 91
7 92
7 93
7 100
7 101
7 104
7 105
7 114
7 115
8 8
8 9
8 10
8 11
8 13
8 14
8 18
8 22
8 23
8 24
8 25
8 30
8 31
8 47
8 61
8 64
8 65
8 75
8 76
8 83
8 89
8 90
8 91
8 92
8 93
8 100
9 9
9 11
9 13
9 15
9 20
9 23
9 24
9 25
9 26
9 30
9 31
9 61
9 64
9 65
9 71
9 75
9 88
9 89
9 90
9 91
9 92
9 93
9 100
9 106
10 10
10 11
10 12
10 13
10 14
10 18
10 22
10 60
10 64
10 65
10 76
10 83
10 93
11 11
11 13
11 20
11 22
11 23
11 24
11 25
11 30
11 31
11 61
11 64
11 65
11 67
11 71
11 75
11 76
11 77
11 83
11 90
11 91
11 92
11 93
11 95
11 100
11 104
11 105
11 109
11 114
12 12
12 13
12 14
12 16
12 18
12 28
12 53
12 72
12 84
12 101
12 113
12 114
13 13
13 15
13 23
13 31
13 61
13 65
13 74
13 75
13 76
13 77
13 88
13 91
13 92
13 93
13 95
13 101
13 104
13 114
13 115
14 14
14 18
14 22
14 27
14 82
14 83
14 86
14 87
14 89
15 15
15 20
15 22
15 23
15 24
15 25
15 26
15 27
15 30
15 31
15 39
15 41
15 82
15 83
15 86
15 87
15 88
15 89
15 92
16 16
16 17
16 19
16 28
16 29
16 32
16 33
16 39
16 52
16 56
16 57
16 58
16 59
16 62
16 63
16 66
16 68
16 69
16 72
16 78
16 79
16 80
16 81
16 84
16 111
17 17
17 19
17 28
17 29
17 32
17 33
17 48
17 52
17 55
17 56
17 57
17 58
17 59
17 62
17 63
17 66
17 68
17 69
17 72
17 78
17 79
17 80
17 81
17 84
18 18
18 22
18 26
18 30
18 53
18 82
18 89
18 101
18 113
19 19
19 29
19 32
19 43
19 46
19 47
19 48
19 49
19 55
19 56
19 57
19 59
19 62
19 63
19 68
19 69
19 78
19 79
19 80
19 81
19 84
19 96
19 99
19 103
20 20
20 21
20 22
20 23
20 24
20 25
20 26
20 27
20 30
20 31
20 34
20 37
20 64
20 65
20 67
20 70
20 71
20 75
20 77
20 86
20 87
20 92
20 94
20 95
20 96
20 97
20 109
20 110
21 21
21 22
21 23
21 24
21 25
21 27
21 30
21 31
21 41
21 50
21 67
21 70
21 71
21 75
21 77
21 86
21 87
21 94
21 95
21 109
22 22
22 23
22 24
22 25
22 26
22 27
22 30
22 31
22 64
22 65
22 71
22 74
22 75
22 77
22 82
22 83
22 86
22 88
22 89
22 91
22 92
22 93
22 100
22 109
23 23
23 24
23 25
23 26
23 27
23 30
23 31
23 64
23 65
23 67
23 70
23 71
23 75
23 77
23 83
23 86
23 88
23 89
23 91
23 92
23 93
23 95
23 100
23 109
24 24
24 25
24 26
24 27
24 30
24 31
24 64
24 65
24 71
24 74
24 75
24 76
24 77
24 86
24 87
24 88
24 89
24 92
24 93
24 106
25 25
25 26
25 27
25 30
25 31
25 64
25 65
25 70
25 71
25 74
25 75
25 77
25 83
25 86
25 87
25 88
25 89
25 92
25 93
25 100
25 106
25 109
26 26
26 27
26 30
26 38
26 64
26 86
26 88
26 89
26 92
27 27
27 30
27 31
27 38
27 39
27 41
27 50
27 71
27 75
27 77
27 82
27 86
27 87
27 88
27 89
28 28
28 29
28 32
28 33
28 40
28 41
28 52
28 56
28 57
28 58
28 59
28 60
28 62
28 63
28 66
28 68
28 69
28 72
28 78
28 79
28 80
28 81
28 84
28 108
28 111
29 29
29 32
29 33
29 35
29 44
29 48
29 56
29 57
29 59
29 62
29 63
29 66
29 69
29 72
29 78
29 79
29 80
29 81
29 112
30 30
30 31
30 64
30 65
30 67
30 70
30 71
30 74
30 75
30 76
30 77
30 83
30 86
30 89
30 91
30 92
30 93
30 104
30 109
31 31
31 34
31 64
31 65
31 67
31 70
31 71
31 74
31 75
31 77
31 83
31 86
31 89
31 92
31 93
31 95
31 109
32 32
32 33
32 34
32 35
32 36
32 56
32 57
32 58
32 59
32 62
32 63
32 66
32 68
32 69
32 72
32 78
32 79
32 80
32 81
32 84
33 33
33 34
33 35
33 44
33 45
33 56
33 57
33 59
33 62
33 63
33 66
33 68
33 69
33 72
33 78
33 79
33 80
33 81
34 34
34 35
34 36
34 37
34 58
34 66
34 67
34 71
35 35
35 36
35 37
35 62
35 66
35 70
35 71
35 72
35 73
35 95
35 110
36 36
36 37
36 38
36 39
36 54
36 55
36 56
36 63
36 68
36 78
36 79
36 96
36 110
37 37
37 38
37 39
37 54
37 76
37 77
37 95
37 96
38 38
38 39
38 40
38 41
38 50
38 54
38 68
38 84
38 86
38 87
38 88
38 89
38 96
39 39
39 40
39 41
39 54
39 56
39 57
39 68
39 69
39 78
39 80
39 81
39 84
39 86
39 87
39 106
40 40
40 41
40 62
40 68
40 70
40 72
40 73
40 80
40 81
40 84
40 107
40 111
41 41
41 68
41 72
41 73
41 74
41 75
41 78
41 80
41 81
41 82
41 84
41 86
41 87
41 108
41 111
42 42
42 43
42 44
42 45
42 46
42 47
42 49
42 55
42 76
42 77
42 90
42 98
42 99
42 100
42 102
42 104
42 105
42 110
42 112
42 115
43 43
43 44
43 45
43 46
43 47
43 49
43 55
43 77
43 90
43 91
43 96
43 97
43 98
43 99
43 100
43 102
43 104
43 110
43 112
43 115
44 44
44 45
44 46
44 47
44 49
44 66
44 96
44 98
44 102
44 108
44 110
44 112
45 45
45 46
45 47
45 49
45 67
45 90
45 95
45 96
45 97
45 102
45 108
45 109
45 110
45 112
45 115
46 46
46 47
46 48
46 49
46 51
46 55
46 90
46 98
46 99
46 102
46 112
47 47
47 49
47 55
47 90
47 91
47 96
47 98
47 99
47 102
47 110
47 112
48 48
48 49
48 51
48 52
48 55
48 56
48 57
48 58
48 59
48 63
48 66
48 69
48 78
48 79
48 98
48 103
49 49
49 51
49 55
49 59
49 90
49 96
49 98
49 99
49 102
49 112
50 50
50 52
50 53
50 54
50 75
50 113
51 51
51 52
51 53
51 98
51 99
51 111
51 112
52 52
52 53
52 54
52 56
52 57
52 58
52 59
52 60
52 63
52 68
52 69
52 72
52 78
52 79
52 80
52 81
52 84
52 89
52 111
53 53
53 57
53 80
53 87
53 89
53 111
54 54
54 55
54 80
54 96
54 98
54 99
54 102
54 110
54 114
55 55
55 63
55 94
55 96
55 98
55 99
55 102
55 106
56 56
56 57
56 58
56 59
56 62
56 63
56 66
56 68
56 69
56 72
56 78
56 79
56 80
56 81
56 84
57 57
57 58
57 59
57 62
57 63
57 66
57 68
57 69
57 72
57 78
57 79
57 80
57 81
57 84
57 111
58 58
58 59
58 60
58 63
58 66
58 68
58 69
58 72
58 78
58 79
58 80
58 81
58 82
58 85
58 87
59 59
59 62
59 63
59 66
59 68
59 69
59 78
59 79
59 80
59 81
59 82
59 111
60 60
60 61
60 63
60 72
60 101
61 61
61 64
61 65
61 74
61 92
62 62
62 63
62 66
62 68
62 69
62 72
62 78
62 79
62 80
62 81
62 84
62 85
63 63
63 66
63 68
63 69
63 72
63 78
63 79
63 80
63 81
63 84
63 85
64 64
64 65
64 71
64 75
64 76
64 77
64 83
64 88
64 89
64 90
64 91
64 92
64 93
64 100
64 109
65 65
65 67
65 71
65 75
65 76
65 77
65 83
65 88
65 90
65 91
65 92
65 93
65 94
65 95
65 100
65 104
65 105
65 106
65 109
65 114
65 115
66 66
66 68
66 69
66 72
66 78
66 79
66 80
66 81
67 67
67 70
67 71
67 77
67 94
67 95
67 96
67 97
67 103
67 104
67 105
67 107
67 109
67 110
67 115
68 68
68 69
68 72
68 78
68 79
68 80
68 81
68 84
68 111
69 69
69 72
69 78
69 79
69 80
69 81
69 84
69 111
70 70
70 71
70 77
70 95
70 104
70 105
70 107
70 109
70 110
70 115
71 71
71 74
71 75
71 76
71 77
71 83
71 92
71 93
71 94
71 95
71 105
71 109
72 72
72 78
72 79
72 80
72 81
72 84
72 108
72 111
73 73
73 74
73 75
73 76
73 77
73 88
73 93
73 107
74 74
74 75
74 76
74 88
74 93
75 75
75 76
75 77
75 86
75 91
75 92
75 93
75 100
76 76
76 77
76 90
76 91
76 92
76 93
76 94
76 95
76 100
76 102
76 104
76 105
76 106
76 109
76 114
76 115
77 77
77 90
77 91
77 92
77 93
77 94
77 95
77 100
77 102
77 104
77 105
77 106
77 107
77 109
77 110
77 114
77 115
78 78
78 79
78 80
78 81
78 84
78 87
78 111
79 79
79 80
79 81
79 84
80 80
80 81
80 84
80 87
80 111
81 81
81 84
81 111
82 82
82 83
82 86
82 87
82 89
82 111
83 83
83 86
83 87
83 92
84 84
84 85
84 111
85 85
85 86
85 87
85 94
86 86
86 87
86 88
86 89
87 87
87 89
87 111
88 88
88 89
88 92
88 93
88 107
89 89
90 90
90 91
90 92
90 93
90 94
90 98
90 99
90 100
90 102
90 104
90 105
90 109
90 112
90 115
91 91
91 92
91 93
91 99
91 100
91 101
91 102
91 104
91 105
92 92
92 93
92 100
92 104
92 105
92 106
92 109
93 93
93 100
93 101
93 104
93 105
93 109
93 114
93 115
94 94
94 95
94 96
94 97
94 105
94 106
94 109
94 110
94 115
95 95
95 97
95 104
95 105
95 107
95 108
95 109
95 110
95 114
95 115
96 96
96 97
96 98
96 99
96 103
96 109
96 110
97 97
97 99
97 105
97 107
97 108
97 109
97 110
97 115
98 98
98 99
98 102
98 106
98 112
99 99
99 102
99 104
99 110
99 112
100 100
100 103
101 101
101 102
101 103
101 104
101 105
101 107
101 113
101 114
101 115
102 102
102 104
102 105
102 112
102 114
102 115
103 103
103 104
103 105
103 107
103 113
103 115
104 104
104 105
104 107
104 109
104 112
104 113
104 114
104 115
105 105
105 107
105 109
105 113
105 114
105 115
106 106
107 107
107 109
107 113
107 114
107 115
108 108
108 111
109 109
109 110
109 115
110 110
111 111
112 112
112 113
112 115
113 113
113 114
113 115
114 114
114 115
115 115
