0 0
0 1
0 2
0 5
0 6
0 10
0 11
0 12
0 13
0 14
0 15
0 16
0 48
0 50
0 51
0 52
0 54
0 56
0 58
0 60
0 61
0 65
0 90
0 91
0 93
0 104
1 1
1 7
1 10
1 11
1 12
1 13
1 15
1 16
1 48
1 51
1 52
1 56
1 58
1 59
1 60
1 61
1 65
2 2
2 4
2 5
2 6
2 7
2 10
2 11
2 12
2 14
2 22
2 23
2 25
2 26
2 27
2 48
2 50
2 52
2 54
2 58
2 65
2 84
2 88
2 90
2 91
2 93
3 3
3 7
3 20
3 21
3 22
3 23
3 24
3 25
3 30
3 31
3 35
3 45
3 85
3 88
3 89
3 92
4 4
4 5
4 6
4 8
4 9
4 12
4 15
4 16
4 58
4 60
4 61
4 91
4 93
4 101
4 103
5 5
5 6
5 7
5 8
5 9
5 10
5 11
5 12
5 13
5 14
5 48
5 50
5 51
5 52
5 54
5 58
5 65
5 84
5 86
5 87
5 89
5 90
5 91
5 92
5 93
5 112
6 6
6 7
6 8
6 9
6 10
6 11
6 12
6 14
6 22
6 23
6 26
6 48
6 50
6 58
6 60
6 64
6 65
6 88
6 91
6 92
6 93
7 7
7 8
7 9
7 10
7 11
7 13
7 15
7 23
7 35
7 45
7 48
7 49
7 51
7 65
7 92
8 8
8 9
8 12
8 14
8 35
8 93
9 9
9 10
9 12
9 14
9 46
9 90
9 91
9 92
9 93
9 101
9 111
9 112
9 115
10 10
10 11
10 12
10 13
10 14
10 15
10 16
10 22
10 26
10 48
10 50
10 51
10 52
10 54
10 58
10 60
10 61
10 65
10 90
10 91
10 92
10 93
11 11
11 12
11 13
11 14
11 15
11 16
11 48
11 51
11 52
11 58
11 61
11 65
11 91
11 92
12 12
12 13
12 14
12 15
12 16
12 17
12 48
12 52
12 54
12 58
12 60
12 61
12 65
12 90
12 91
12 93
13 13
13 14
13 15
13 16
13 17
13 48
13 51
13 52
13 58
13 60
13 61
13 65
13 91
13 93
14 14
14 15
14 22
14 24
14 26
14 27
14 48
14 50
14 52
14 54
14 58
14 65
14 82
14 84
14 87
14 88
14 90
14 91
14 92
14 93
15 15
15 16
15 26
15 27
15 58
15 60
15 61
15 65
15 91
15 93
15 102
16 16
16 17
16 29
16 32
16 52
16 56
16 58
16 60
16 61
16 62
16 63
16 72
16 81
17 17
17 28
17 29
17 32
17 33
17 57
17 60
17 61
17 62
17 63
17 72
17 73
17 74
17 75
17 76
17 78
17 79
17 80
17 81
17 83
17 100
18 18
18 19
18 22
18 28
18 30
18 31
18 40
18 64
18 70
18 72
18 73
18 74
18 75
18 76
18 78
18 79
18 82
18 85
18 88
18 113
18 114
19 19
19 23
19 28
19 29
19 30
19 31
19 32
19 33
19 36
19 40
19 57
19 63
19 64
19 70
19 71
19 72
19 73
19 74
19 75
19 76
19 77
19 78
19 79
19 81
19 83
19 102
19 109
19 114
19 115
20 20
20 21
20 22
20 23
20 24
20 25
20 26
20 27
20 30
20 31
20 35
20 36
20 38
20 39
20 67
20 70
20 71
20 85
20 87
20 88
20 102
20 108
21 21
21 22
21 25
21 27
21 31
21 34
21 36
21 37
21 38
21 39
21 41
21 67
21 70
21 71
21 77
21 86
21 95
21 96
21 108
21 110
22 22
22 23
22 24
22 25
22 26
22 27
22 34
22 48
22 50
22 54
22 84
22 85
22 86
22 87
22 88
22 89
22 90
22 92
22 93
22 106
23 23
23 24
23 25
23 26
23 27
23 30
23 31
23 35
23 45
23 65
23 82
23 85
23 88
23 92
23 114
23 115
24 24
24 25
24 26
24 27
24 30
24 31
24 34
24 38
24 39
24 82
24 84
24 85
24 87
24 88
24 89
24 96
24 97
24 114
24 115
25 25
25 26
25 27
25 35
25 45
25 48
25 50
25 51
25 54
25 65
25 67
25 84
25 85
25 86
25 87
25 88
25 89
25 92
26 26
26 27
26 48
26 50
26 65
26 85
26 88
26 93
26 102
27 27
27 30
27 48
27 50
27 54
27 65
27 84
27 85
27 87
27 88
27 97
28 28
28 29
28 30
28 31
28 32
28 33
28 36
28 37
28 40
28 41
28 57
28 62
28 63
28 64
28 70
28 71
28 72
28 73
28 74
28 75
28 76
28 77
28 78
28 79
28 80
28 81
28 83
28 101
29 29
29 30
29 31
29 32
29 33
29 36
29 37
29 40
29 41
29 57
29 62
29 63
29 64
29 70
29 71
29 72
29 73
29 74
29 75
29 76
29 77
29 78
29 79
29 80
29 81
29 83
29 100
29 101
30 30
30 31
30 33
30 36
30 40
30 64
30 70
30 71
30 72
30 73
30 74
30 75
30 76
30 77
30 78
30 79
30 85
30 108
30 109
30 110
30 113
30 114
31 31
31 33
31 35
31 36
31 38
31 39
31 40
31 45
31 47
31 64
31 70
31 71
31 72
31 73
31 74
31 75
31 76
31 77
31 78
31 83
31 108
31 110
31 113
31 114
32 32
32 33
32 36
32 37
32 40
32 41
32 57
32 59
32 60
32 62
32 63
32 66
32 68
32 70
32 71
32 72
32 73
32 74
32 75
32 76
32 77
32 78
32 79
32 80
32 81
32 83
32 101
33 33
33 35
33 36
33 40
33 63
33 70
33 71
33 72
33 73
33 74
33 75
33 76
33 77
33 78
33 79
33 80
33 81
33 83
34 34
34 35
34 40
34 41
34 47
34 53
34 70
35 35
35 43
35 44
35 45
35 47
35 49
35 67
35 71
35 110
36 36
36 37
36 38
36 39
36 40
36 41
36 42
36 43
36 47
36 55
36 57
36 63
36 66
36 68
36 70
36 71
36 72
36 73
36 74
36 75
36 76
36 77
36 78
36 79
36 80
36 81
36 83
36 86
36 95
36 98
36 99
36 108
36 111
36 112
36 113
36 114
36 115
37 37
37 38
37 39
37 40
37 41
37 42
37 43
37 46
37 47
37 55
37 57
37 63
37 70
37 71
37 72
37 73
37 74
37 75
37 76
37 77
37 79
37 80
37 81
37 83
37 86
37 95
37 96
37 108
37 110
37 111
37 112
37 113
37 114
38 38
38 39
38 40
38 41
38 42
38 43
38 46
38 47
38 55
38 68
38 73
38 74
38 75
38 77
38 80
38 82
38 83
38 86
38 89
38 94
38 95
38 96
38 97
38 99
38 108
38 111
38 112
38 113
38 114
38 115
39 39
39 40
39 41
39 42
39 43
39 46
39 47
39 55
39 57
39 66
39 68
39 73
39 74
39 76
39 77
39 79
39 80
39 83
39 86
39 89
39 94
39 95
39 96
39 97
39 98
39 99
39 108
39 110
39 111
39 112
39 113
39 114
39 115
40 40
40 41
40 63
40 64
40 70
40 71
40 72
40 73
40 74
40 75
40 76
40 77
40 78
40 79
40 80
40 81
40 83
40 114
41 41
41 42
41 43
41 47
41 55
41 57
41 63
41 66
41 68
41 70
41 71
41 72
41 73
41 74
41 76
41 77
41 79
41 80
41 81
41 83
41 94
41 95
41 96
41 98
41 99
41 108
41 110
41 111
42 42
42 43
42 44
42 45
42 46
42 47
42 49
42 53
42 55
42 83
42 96
42 98
42 99
42 111
42 112
43 43
43 44
43 45
43 46
43 47
43 49
43 51
43 53
43 55
43 77
43 96
43 98
43 111
43 112
44 44
44 45
44 46
44 47
44 49
44 51
44 53
44 55
44 67
44 111
45 45
45 46
45 47
45 49
45 55
45 67
45 96
45 108
45 110
46 46
46 47
46 49
46 51
46 52
46 53
46 55
46 77
46 96
46 98
46 111
46 112
47 47
47 49
47 53
47 55
47 70
47 77
47 83
47 96
47 98
47 110
47 111
47 112
48 48
48 50
48 51
48 52
48 53
48 54
48 58
48 65
48 90
48 91
48 92
48 93
48 96
49 49
49 51
49 53
49 55
49 67
49 96
49 98
49 111
49 112
50 50
50 51
50 52
50 54
50 65
50 67
50 84
50 85
50 86
50 87
50 88
50 92
50 93
50 96
51 51
51 52
51 53
51 54
51 55
51 65
51 90
51 92
51 96
52 52
52 53
52 54
52 58
52 60
52 61
52 65
52 90
52 91
52 93
53 53
53 54
53 55
53 90
53 98
53 111
53 112
54 54
54 55
54 58
54 60
54 84
54 86
54 87
54 90
54 93
54 96
55 55
55 86
55 89
55 95
55 96
55 98
55 111
55 112
56 56
56 58
56 59
56 62
56 63
56 66
56 68
56 69
56 78
56 80
56 99
56 103
56 104
56 107
57 57
57 63
57 66
57 68
57 69
57 72
57 73
57 74
57 75
57 76
57 77
57 78
57 79
57 80
57 81
57 83
57 99
57 100
57 102
57 113
58 58
58 59
58 60
58 61
58 65
58 91
58 93
58 103
59 59
59 60
59 61
59 62
59 63
59 66
59 68
59 69
59 98
59 99
59 100
59 101
59 102
59 103
60 60
60 61
60 62
60 63
60 64
60 72
60 91
60 101
60 103
61 61
61 62
61 63
61 65
61 90
61 91
61 100
62 62
62 63
62 66
62 72
62 74
62 76
62 78
62 79
62 80
62 81
62 83
62 98
62 99
62 100
62 101
62 103
62 107
63 63
63 66
63 68
63 70
63 72
63 73
63 74
63 75
63 76
63 78
63 79
63 80
63 81
63 83
63 98
63 99
63 100
63 101
63 102
63 103
64 64
64 72
64 75
64 81
64 82
64 83
64 109
64 114
65 65
65 87
65 88
65 90
65 91
65 92
65 93
66 66
66 67
66 68
66 69
66 74
66 76
66 79
66 80
66 81
66 86
66 99
66 103
66 107
67 67
67 69
67 95
67 96
67 108
67 110
68 68
68 69
68 74
68 78
68 79
68 80
68 81
68 99
68 103
68 107
69 69
69 99
69 103
69 107
70 70
70 71
70 72
70 73
70 74
70 75
70 76
70 77
70 78
70 79
70 80
70 81
70 83
70 108
71 71
71 72
71 73
71 74
71 75
71 76
71 77
71 79
71 108
71 110
72 72
72 73
72 74
72 75
72 76
72 77
72 78
72 79
72 80
72 81
72 83
72 99
72 101
73 73
73 74
73 75
73 76
73 77
73 78
73 79
73 80
73 81
73 83
74 74
74 75
74 76
74 77
74 78
74 79
74 80
74 81
74 83
74 100
74 102
74 113
75 75
75 76
75 77
75 78
75 79
75 80
75 81
75 83
75 109
75 113
75 114
75 115
76 76
76 77
76 78
76 79
76 80
76 81
76 83
76 95
76 108
76 109
76 113
76 114
77 77
77 78
77 79
77 80
77 81
77 83
77 95
77 97
77 108
77 109
77 110
77 111
77 113
77 114
77 115
78 78
78 79
78 80
78 81
78 83
78 100
78 102
78 103
78 105
78 107
78 113
78 114
79 79
79 80
79 81
79 83
79 99
79 100
79 111
79 113
80 80
80 81
80 83
80 95
80 98
80 99
80 101
80 103
80 107
80 111
80 113
80 114
81 81
81 83
81 98
81 99
81 100
81 103
81 114
82 82
82 84
82 85
82 86
82 87
82 88
82 89
82 113
82 114
82 115
83 83
83 98
83 99
83 100
83 101
83 102
83 106
83 108
83 111
83 113
83 114
84 84
84 85
84 86
84 87
84 88
84 89
84 107
85 85
85 86
85 87
85 88
85 89
85 114
86 86
86 87
86 88
86 89
86 96
86 112
87 87
87 88
87 89
87 92
88 88
88 89
88 92
89 89
89 92
89 112
90 90
90 91
90 92
90 93
90 100
90 101
90 106
91 91
91 92
91 93
91 101
91 106
92 92
92 93
92 104
92 112
93 93
93 101
93 104
94 94
94 95
94 96
94 97
94 105
94 108
94 109
94 110
94 114
94 115
95 95
95 96
95 97
95 108
95 110
95 112
95 113
96 96
96 97
96 98
96 108
96 110
96 111
96 112
96 115
97 97
97 104
97 105
97 109
97 110
97 113
97 114
97 115
98 98
98 99
98 100
98 101
98 102
98 103
98 106
98 111
98 112
99 99
99 101
99 103
99 107
99 111
99 112
99 115
100 100
100 101
100 102
101 101
101 102
101 103
101 106
101 111
102 102
102 103
102 109
102 114
103 103
103 104
103 107
104 104
104 105
104 107
104 115
105 105
105 107
105 114
105 115
106 106
107 107
108 108
108 110
108 112
108 113
108 114
109 109
109 110
109 113
109 114
109 115
110 110
110 113
111 111
111 112
111 113
111 114
111 115
112 112
112 113
113 113
113 114
113 115
114 114
114 115
115 115
