0 0
0 1
0 2
0 3
0 6
0 18
0 19
0 52
0 56
0 57
0 58
0 59
0 60
0 61
0 66
0 68
0 69
0 82
0 89
0 97
0 102
0 113
0 115
1 1
1 2
1 3
1 6
1 7
1 18
1 19
1 52
1 56
1 57
1 58
1 59
1 60
1 61
1 65
1 66
1 68
1 69
1 75
1 88
1 89
1 97
1 113
1 114
1 115
2 2
2 3
2 6
2 7
2 18
2 19
2 20
2 22
2 57
2 58
2 66
2 68
2 69
2 74
2 88
2 92
2 93
2 100
2 102
3 3
3 6
3 7
3 18
3 19
3 20
3 21
3 22
3 23
3 26
3 27
3 39
3 57
3 59
3 68
3 69
3 88
3 89
3 92
3 102
3 112
3 113
4 4
4 5
4 8
4 9
4 14
4 15
4 24
4 25
4 26
4 27
4 36
4 40
4 82
4 83
4 88
4 89
4 90
4 92
4 96
4 108
4 110
5 5
5 8
5 9
5 14
5 15
5 24
5 25
5 26
5 27
5 35
5 36
5 40
5 54
5 82
5 83
5 88
5 89
5 90
5 92
5 96
5 110
5 113
6 6
6 7
6 10
6 18
6 19
6 22
6 30
6 33
6 56
6 57
6 58
6 59
6 60
6 61
6 64
6 66
6 69
6 74
6 93
6 101
6 102
6 103
6 107
7 7
7 20
7 21
7 22
7 23
7 31
7 33
7 64
7 67
7 69
7 88
7 92
7 93
7 100
7 101
7 102
7 103
7 107
8 8
8 9
8 13
8 14
8 15
8 24
8 25
8 26
8 27
8 40
8 70
8 82
8 83
8 86
8 88
8 89
8 96
9 9
9 11
9 12
9 13
9 14
9 15
9 24
9 25
9 26
9 27
9 40
9 65
9 70
9 73
9 82
9 83
9 88
9 89
9 90
9 92
9 96
9 110
10 10
10 11
10 12
10 17
10 22
10 30
10 31
10 32
10 33
10 48
10 50
10 60
10 64
10 74
10 93
10 105
11 11
11 12
11 13
11 17
11 24
11 25
11 29
11 33
11 60
11 62
11 64
11 65
11 70
11 71
11 72
11 73
11 85
12 12
12 13
12 15
12 16
12 24
12 25
12 28
12 29
12 40
12 50
12 60
12 61
12 62
12 63
12 70
12 71
12 72
12 73
12 75
12 78
12 81
13 13
13 15
13 24
13 25
13 28
13 29
13 44
13 45
13 50
13 62
13 64
13 65
13 72
13 73
13 78
13 79
14 14
14 15
14 23
14 24
14 25
14 26
14 27
14 40
14 54
14 82
14 83
14 84
14 86
14 88
14 89
14 90
14 96
14 97
15 15
15 24
15 25
15 26
15 27
15 36
15 40
15 41
15 52
15 56
15 61
15 75
15 82
15 83
15 88
15 89
15 96
15 97
15 100
16 16
16 17
16 28
16 29
16 32
16 37
16 41
16 62
16 63
16 72
16 73
16 76
16 78
16 79
16 80
16 81
16 84
16 85
17 17
17 28
17 29
17 30
17 31
17 32
17 33
17 48
17 60
17 62
17 63
17 64
17 70
17 71
17 72
17 73
17 78
17 79
17 80
17 81
17 101
17 102
17 103
17 105
18 18
18 19
18 26
18 36
18 39
18 41
18 52
18 53
18 56
18 57
18 58
18 59
18 66
18 68
18 69
18 82
18 83
18 88
18 89
18 90
18 91
18 97
18 98
18 99
18 109
18 112
18 113
18 114
18 115
19 19
19 20
19 26
19 39
19 41
19 52
19 56
19 57
19 58
19 59
19 66
19 68
19 69
19 82
19 83
19 88
19 89
19 90
19 91
19 97
19 99
19 102
19 109
19 112
19 113
19 114
19 115
20 20
20 21
20 22
20 23
20 30
20 31
20 35
20 39
20 41
20 69
20 74
20 93
20 96
20 100
20 105
20 112
21 21
21 22
21 23
21 25
21 27
21 30
21 31
21 35
21 39
21 69
21 71
21 87
21 92
21 93
21 95
21 96
21 109
21 112
21 113
22 22
22 23
22 26
22 27
22 31
22 35
22 64
22 86
22 88
22 93
22 108
22 110
23 23
23 25
23 26
23 27
23 30
23 31
23 35
23 39
23 54
23 64
23 82
23 86
23 87
23 88
23 89
23 92
23 93
23 96
23 110
24 24
24 25
24 26
24 27
24 34
24 35
24 37
24 40
24 54
24 70
24 73
24 77
24 78
24 81
24 82
24 83
24 84
24 85
24 86
24 88
24 89
24 96
24 108
24 110
25 25
25 26
25 27
25 34
25 35
25 37
25 40
25 41
25 44
25 45
25 70
25 71
25 73
25 77
25 78
25 80
25 81
25 82
25 83
25 84
25 85
25 86
25 96
25 108
25 110
25 111
26 26
26 27
26 35
26 39
26 54
26 82
26 83
26 88
26 89
26 92
26 93
26 96
26 110
26 113
27 27
27 35
27 39
27 54
27 82
27 83
27 85
27 86
27 88
27 89
27 92
27 96
27 110
27 113
28 28
28 29
28 40
28 44
28 45
28 48
28 49
28 62
28 63
28 70
28 72
28 73
28 78
28 79
28 80
28 81
28 84
28 95
28 111
29 29
29 30
29 40
29 41
29 44
29 45
29 62
29 63
29 71
29 72
29 73
29 74
29 75
29 76
29 77
29 78
29 79
29 80
29 81
29 84
29 95
29 111
30 30
30 31
30 32
30 33
30 64
30 71
30 74
30 93
30 102
30 103
30 107
31 31
31 33
31 34
31 35
31 39
31 44
31 45
31 49
31 64
31 71
31 74
31 87
31 93
32 32
32 33
32 48
32 62
32 63
32 66
32 67
32 77
32 79
32 101
32 102
32 103
32 104
32 105
33 33
33 60
33 64
33 65
33 67
33 71
33 74
33 77
33 93
33 101
33 102
33 103
33 107
34 34
34 35
34 50
34 64
34 67
34 71
34 84
34 85
34 86
35 35
35 37
35 67
35 84
35 85
35 87
35 88
35 92
35 110
35 112
36 36
36 37
36 38
36 39
36 40
36 41
36 46
36 47
36 52
36 55
36 56
36 57
36 63
36 68
36 72
36 73
36 75
36 76
36 77
36 80
36 81
36 82
36 83
36 85
36 94
36 98
36 99
36 110
37 37
37 38
37 39
37 40
37 41
37 43
37 46
37 47
37 54
37 55
37 76
37 80
37 81
37 83
37 84
37 85
37 86
37 87
37 91
37 94
37 96
37 98
37 99
37 110
37 111
38 38
38 39
38 40
38 41
38 46
38 47
38 50
38 52
38 54
38 55
38 73
38 74
38 75
38 76
38 77
38 86
38 87
38 94
38 96
38 110
39 39
39 41
39 54
39 55
39 69
39 74
39 82
39 87
39 88
39 89
39 94
39 96
39 105
39 107
39 112
39 113
40 40
40 41
40 63
40 70
40 72
40 73
40 76
40 78
40 80
40 81
40 83
40 84
40 85
40 108
40 111
41 41
41 68
41 72
41 73
41 74
41 75
41 76
41 77
41 80
41 81
41 96
41 112
42 42
42 43
42 44
42 45
42 46
42 47
42 48
42 49
42 50
42 51
42 53
42 55
42 87
42 90
42 91
42 96
42 98
42 111
42 112
43 43
43 44
43 45
43 46
43 47
43 48
43 49
43 50
43 51
43 53
43 55
43 84
43 87
43 90
43 91
43 96
43 98
43 110
43 111
43 112
44 44
44 45
44 46
44 47
44 48
44 49
44 50
44 51
44 55
44 71
44 72
44 111
45 45
45 47
45 48
45 49
45 50
45 51
45 67
45 71
45 72
45 78
45 79
45 95
45 111
46 46
46 47
46 49
46 51
46 52
46 53
46 54
46 55
46 68
46 82
46 87
46 90
46 91
46 96
46 98
46 99
46 109
46 110
46 111
46 112
46 114
47 47
47 48
47 49
47 51
47 52
47 53
47 54
47 55
47 87
47 90
47 91
47 96
47 98
47 110
47 111
47 112
48 48
48 49
48 50
48 51
48 62
48 65
48 71
49 49
49 50
49 51
49 55
49 71
49 91
49 111
50 50
50 51
50 52
50 53
50 64
50 84
50 85
50 111
51 51
51 52
51 53
51 55
51 87
51 90
51 91
51 98
51 111
52 52
52 53
52 54
52 55
52 57
52 58
52 61
52 68
52 74
52 75
52 82
52 87
52 89
52 90
52 91
52 98
53 53
53 55
53 68
53 82
53 87
53 90
53 91
53 98
53 109
53 112
54 54
54 55
54 82
54 83
54 86
54 87
54 88
54 89
54 90
54 91
54 94
54 96
54 97
54 98
54 99
54 109
54 113
55 55
55 82
55 87
55 90
55 91
55 94
55 96
55 97
55 98
55 99
55 111
55 112
56 56
56 57
56 58
56 59
56 60
56 61
56 63
56 66
56 68
56 69
56 83
56 89
56 97
56 99
56 100
56 101
56 102
56 104
56 107
56 109
56 113
56 114
56 115
57 57
57 58
57 59
57 60
57 61
57 66
57 68
57 69
57 75
57 82
57 83
57 89
57 90
57 97
57 99
57 102
57 104
57 109
57 113
57 114
57 115
58 58
58 59
58 60
58 61
58 63
58 66
58 68
58 69
58 89
58 97
58 99
58 101
58 102
58 103
58 104
58 113
58 114
58 115
59 59
59 60
59 61
59 66
59 67
59 68
59 69
59 90
59 99
59 100
59 101
59 102
59 103
59 104
59 113
59 114
59 115
60 60
60 61
60 62
60 63
60 64
60 65
60 66
60 101
60 102
60 103
60 104
61 61
61 62
61 63
61 65
61 66
61 76
61 97
61 104
61 114
61 115
62 62
62 63
62 66
62 67
62 70
62 72
62 73
62 76
62 77
62 78
62 79
62 80
62 81
62 84
62 85
63 63
63 66
63 70
63 72
63 73
63 76
63 77
63 78
63 79
63 80
63 81
64 64
64 65
64 67
64 71
64 84
64 86
64 93
64 105
64 106
64 107
65 65
65 67
65 75
66 66
66 67
66 68
66 69
66 100
66 101
66 102
66 103
66 104
67 67
67 69
67 92
67 93
67 100
67 101
67 102
67 103
67 105
67 106
67 107
68 68
68 69
68 75
68 82
68 83
68 90
68 91
68 98
68 99
68 108
68 109
68 110
68 112
68 113
68 115
69 69
69 88
69 89
69 92
69 93
69 97
69 99
69 100
69 101
69 102
69 103
69 104
69 105
69 107
69 113
69 114
69 115
70 70
70 71
70 73
70 78
70 79
70 80
70 81
70 86
70 92
70 94
71 71
71 73
71 77
71 86
72 72
72 73
72 74
72 75
72 76
72 77
72 78
72 79
72 80
72 81
72 84
72 111
73 73
73 74
73 75
73 76
73 77
73 78
73 79
73 80
73 81
73 85
73 86
73 110
74 74
74 75
74 76
74 77
75 75
75 76
75 77
75 110
76 76
76 77
76 79
76 81
76 115
77 77
77 78
77 79
77 84
77 110
77 111
78 78
78 79
78 80
78 81
78 84
78 85
78 105
78 108
78 111
79 79
79 80
79 81
79 84
79 85
79 103
79 105
80 80
80 81
80 84
80 85
80 95
80 108
80 111
81 81
81 84
81 85
81 108
81 111
82 82
82 83
82 87
82 88
82 89
82 90
82 91
82 94
82 96
82 97
82 98
82 99
82 109
82 110
82 113
82 114
82 115
83 83
83 87
83 88
83 89
83 90
83 96
83 97
83 98
83 99
83 108
83 109
83 113
83 115
84 84
84 85
84 87
84 111
85 85
85 86
86 86
86 87
86 88
86 94
87 87
87 88
87 90
87 91
87 94
87 96
87 98
87 110
87 112
88 88
88 89
88 90
88 92
88 93
88 94
88 96
88 97
88 99
88 109
88 113
89 89
89 92
89 93
89 94
89 96
89 97
89 99
89 100
89 104
89 107
89 109
89 113
90 90
90 91
90 92
90 95
90 96
90 98
90 99
90 108
90 109
90 110
90 111
90 112
90 113
90 114
90 115
91 91
91 96
91 98
91 99
91 109
91 111
91 112
91 113
91 115
92 92
92 93
92 100
92 101
92 103
92 106
92 107
92 109
92 113
93 93
93 100
93 101
93 102
93 103
93 104
93 105
93 106
93 107
93 113
94 94
94 96
94 97
94 99
94 113
95 95
95 108
95 109
95 115
96 96
96 98
96 110
96 111
96 112
97 97
97 99
97 104
97 109
97 113
97 114
97 115
98 98
98 99
98 109
98 110
98 111
98 112
98 114
98 115
99 99
99 109
99 112
99 113
99 114
99 115
100 100
100 101
100 102
100 103
100 104
100 105
100 107
100 113
101 101
101 102
101 103
101 104
101 105
101 107
102 102
102 103
102 104
102 105
102 107
102 113
103 103
103 104
103 105
103 106
103 107
103 113
104 104
104 105
105 105
105 107
106 106
106 107
106 112
106 113
106 114
107 107
107 113
107 114
108 108
109 109
109 113
109 114
109 115
110 110
110 111
111 111
111 112
112 112
112 113
113 113
113 114
113 115
114 114
114 115
115 115
