0 0
0 1
0 2
0 6
0 10
0 16
0 18
0 19
0 26
0 32
0 41
0 50
0 56
0 57
0 58
0 60
0 61
0 62
0 63
0 66
0 68
1 1
1 10
1 15
1 19
1 39
1 41
1 42
1 43
1 44
1 46
1 47
1 48
1 49
1 50
1 51
1 53
1 55
1 56
1 57
1 63
1 68
1 69
1 85
1 90
1 95
1 96
1 98
1 99
1 101
2 2
2 3
2 4
2 5
2 6
2 12
2 18
2 21
2 22
2 23
2 26
2 27
2 58
2 60
2 61
2 64
2 65
2 66
2 86
2 87
2 88
2 89
3 3
3 5
3 6
3 7
3 18
3 21
3 22
3 23
3 24
3 25
3 26
3 27
3 30
3 31
3 34
3 64
3 65
3 67
3 71
3 85
3 86
3 87
3 88
3 91
3 92
4 4
4 5
4 6
4 7
4 8
4 9
4 14
4 15
4 20
4 25
4 26
4 27
4 46
4 48
4 58
4 59
4 60
4 61
4 88
4 90
4 94
4 98
4 109
4 115
5 5
5 6
5 7
5 9
5 18
5 21
5 22
5 23
5 25
5 26
5 27
5 30
5 58
5 59
5 61
5 65
5 66
5 71
5 86
5 88
5 89
5 92
6 6
6 7
6 18
6 21
6 22
6 26
6 27
6 30
6 32
6 33
6 58
6 60
6 61
6 63
6 64
6 66
6 88
6 92
6 93
6 100
6 114
6 115
7 7
7 9
7 13
7 18
7 25
7 33
7 35
7 60
7 61
7 65
7 67
7 71
7 77
7 90
7 91
7 92
7 93
7 100
7 114
7 115
8 8
8 9
8 10
8 14
8 15
8 16
8 26
8 29
8 53
8 73
8 74
8 115
9 9
9 13
9 14
9 15
9 21
9 25
9 26
9 27
9 29
9 30
9 31
9 35
9 61
9 65
9 67
9 71
9 73
9 75
9 83
9 92
10 10
10 12
10 14
10 15
10 16
10 20
10 28
10 29
10 42
10 43
10 56
10 62
10 70
10 72
10 73
10 74
10 75
10 95
10 101
10 109
11 11
11 12
11 13
11 17
11 23
11 28
11 29
11 30
11 70
11 71
11 72
11 73
11 75
11 76
11 79
11 83
11 85
11 86
12 12
12 13
12 14
12 15
12 16
12 17
12 28
12 29
12 58
12 59
12 60
12 62
12 70
12 72
12 73
12 74
12 75
12 76
12 78
12 79
12 80
12 81
13 13
13 15
13 17
13 28
13 29
13 52
13 58
13 60
13 61
13 62
13 63
13 71
13 72
13 73
13 74
13 75
13 76
13 77
13 83
13 100
13 114
14 14
14 15
14 16
14 20
14 22
14 26
14 27
14 28
14 64
14 72
14 74
14 82
14 84
14 85
14 87
14 88
14 89
14 91
14 101
15 15
15 16
15 20
15 26
15 28
15 29
15 37
15 41
15 53
15 56
15 70
15 72
15 73
15 74
15 75
15 77
15 83
15 90
15 95
15 98
15 101
15 108
16 16
16 17
16 20
16 28
16 29
16 32
16 40
16 54
16 56
16 60
16 62
16 63
16 70
16 72
16 78
16 79
16 80
16 81
16 95
16 101
16 109
17 17
17 28
17 29
17 36
17 37
17 42
17 44
17 46
17 62
17 63
17 72
17 73
17 74
17 76
17 78
17 79
17 80
17 81
17 100
18 18
18 19
18 26
18 27
18 32
18 58
18 60
18 61
18 64
18 66
18 83
18 88
19 19
19 41
19 56
19 57
19 62
19 63
19 68
19 69
19 83
19 90
19 98
19 108
20 20
20 25
20 26
20 39
20 70
20 87
20 95
20 98
20 108
20 109
21 21
21 22
21 23
21 24
21 25
21 26
21 27
21 30
21 31
21 33
21 34
21 35
21 64
21 65
21 66
21 71
21 82
21 83
21 86
21 87
21 88
21 92
22 22
22 23
22 24
22 25
22 27
22 30
22 31
22 33
22 34
22 35
22 64
22 65
22 82
22 84
22 86
22 87
22 88
22 89
22 91
22 92
22 93
23 23
23 24
23 25
23 26
23 27
23 30
23 31
23 33
23 34
23 35
23 43
23 45
23 55
23 64
23 65
23 71
23 85
23 86
23 87
23 88
23 89
23 92
23 96
24 24
24 25
24 30
24 31
24 34
24 35
24 45
24 64
24 65
24 67
24 86
24 87
24 88
24 89
24 110
25 25
25 26
25 27
25 30
25 31
25 33
25 34
25 35
25 45
25 64
25 65
25 67
25 86
25 88
25 91
25 92
26 26
26 27
26 48
26 88
26 92
27 27
27 31
27 34
27 64
27 65
27 67
27 82
27 86
27 87
27 88
27 89
27 91
27 92
28 28
28 29
28 36
28 37
28 40
28 54
28 60
28 62
28 70
28 72
28 73
28 74
28 76
28 78
28 79
28 80
28 81
28 82
28 83
28 86
28 87
29 29
29 36
29 37
29 42
29 62
29 63
29 70
29 72
29 73
29 74
29 75
29 76
29 77
29 79
29 81
29 83
29 100
30 30
30 31
30 33
30 34
30 35
30 64
30 65
30 67
30 71
30 83
30 86
30 92
31 31
31 33
31 34
31 35
31 45
31 64
31 65
31 67
31 71
31 83
31 86
31 88
31 92
32 32
32 33
32 35
32 40
32 52
32 54
32 60
32 61
32 62
32 63
32 66
32 78
32 82
32 97
33 33
33 34
33 35
33 45
33 63
33 64
33 65
33 67
33 97
34 34
34 35
34 45
34 64
34 65
34 67
34 82
34 84
34 88
34 92
34 93
34 110
35 35
35 41
35 45
35 64
35 65
35 67
35 99
35 112
36 36
36 37
36 38
36 39
36 40
36 50
36 54
36 55
36 66
36 70
36 72
36 74
36 76
36 77
36 78
36 79
36 80
36 81
36 82
36 84
36 85
36 86
36 87
36 89
36 96
36 110
36 111
37 37
37 38
37 39
37 40
37 41
37 47
37 53
37 54
37 55
37 70
37 72
37 73
37 74
37 76
37 77
37 79
37 85
37 87
37 89
37 95
37 96
37 97
37 106
37 107
37 110
38 38
38 39
38 40
38 41
38 46
38 47
38 50
38 54
38 55
38 68
38 80
38 84
38 96
38 97
38 99
38 101
38 102
38 104
38 106
38 110
38 111
38 112
38 113
39 39
39 40
39 41
39 47
39 55
39 68
39 85
39 90
39 93
39 95
39 96
39 97
39 98
39 99
39 101
39 103
39 104
39 105
39 106
39 107
39 108
39 109
39 110
39 111
39 112
39 113
40 40
40 41
40 54
40 62
40 72
40 78
40 80
40 81
40 82
40 94
40 95
40 97
40 107
40 109
40 113
41 41
41 52
41 56
41 67
41 73
41 74
41 75
41 76
41 77
41 83
41 90
41 99
41 101
41 106
41 110
41 111
41 112
42 42
42 43
42 44
42 45
42 46
42 47
42 48
42 49
42 51
42 53
42 55
42 57
42 79
42 96
42 110
43 43
43 44
43 45
43 46
43 47
43 49
43 53
43 55
43 96
43 110
44 44
44 45
44 46
44 47
44 48
44 49
44 51
44 53
44 55
44 95
44 96
44 98
44 105
44 106
44 110
44 111
45 45
45 46
45 47
45 48
45 49
45 51
45 53
45 55
45 95
45 96
45 98
45 105
45 106
45 107
45 110
46 46
46 47
46 48
46 49
46 51
46 52
46 53
46 55
46 57
46 68
46 78
46 80
46 96
46 97
46 98
46 104
46 105
46 106
46 109
46 110
47 47
47 48
47 49
47 50
47 51
47 53
47 55
47 57
47 68
47 85
47 90
47 95
47 96
47 97
47 98
47 99
47 103
47 104
47 105
47 106
47 107
47 109
47 110
47 111
47 112
48 48
48 49
48 50
48 51
48 52
48 53
48 55
48 90
48 95
48 97
48 98
48 104
48 105
48 106
48 107
48 109
48 110
49 49
49 51
49 53
49 55
49 57
49 95
49 96
49 97
49 98
49 103
49 104
49 105
49 106
49 107
49 109
49 111
50 50
50 51
50 52
50 53
50 56
50 57
50 68
50 69
50 80
50 97
50 106
50 110
51 51
51 52
51 53
51 55
51 57
51 68
51 69
51 90
51 96
51 97
51 98
51 104
51 106
51 107
51 110
51 111
51 112
52 52
52 53
52 54
52 55
52 59
52 61
52 62
52 63
52 66
52 80
52 90
52 99
52 100
52 102
52 104
52 105
52 107
53 53
53 55
53 68
53 90
53 95
53 96
53 97
53 98
53 103
53 104
53 105
53 106
53 107
53 109
53 110
53 111
54 54
54 55
54 59
54 60
54 62
54 66
54 72
54 78
54 79
54 80
54 81
54 84
54 89
54 96
54 97
54 102
55 55
55 78
55 80
55 81
55 96
55 97
55 98
55 99
55 103
55 106
55 107
55 110
55 111
55 112
56 56
56 57
56 68
56 69
56 78
56 89
57 57
57 68
57 69
57 78
57 79
57 81
57 85
57 89
58 58
58 59
58 60
58 61
58 64
58 66
58 72
58 74
59 59
59 60
59 61
59 62
59 63
59 66
59 67
59 69
59 80
59 90
59 98
60 60
60 61
60 62
60 63
60 64
60 66
60 72
60 115
61 61
61 63
61 66
61 114
61 115
62 62
62 63
62 66
62 72
62 73
62 78
62 79
62 80
62 81
63 63
63 66
63 72
63 79
63 80
63 81
63 98
63 100
63 102
64 64
64 65
64 67
64 82
64 84
64 86
64 88
64 89
64 91
64 92
64 93
65 65
65 67
65 86
65 87
65 88
65 89
65 92
65 93
66 66
66 67
66 69
66 72
66 80
66 81
66 82
67 67
67 69
67 90
67 91
67 94
68 68
68 69
68 78
68 80
68 84
68 85
68 87
68 97
69 69
69 80
69 90
69 94
70 70
70 71
70 72
70 73
70 74
70 75
70 76
70 77
70 78
70 81
70 85
70 95
70 101
70 108
70 109
71 71
71 73
71 74
71 75
71 76
71 77
71 83
71 85
71 87
71 91
71 92
71 93
72 72
72 73
72 74
72 75
72 76
72 77
72 78
72 79
72 80
72 81
73 73
73 74
73 75
73 76
73 77
73 79
74 74
74 75
74 76
74 77
74 79
74 89
74 96
74 106
75 75
75 76
75 77
75 83
75 85
75 96
75 98
76 76
76 77
76 79
77 77
77 90
77 91
77 95
77 98
77 99
77 101
77 102
77 106
77 107
77 108
77 110
77 111
77 112
77 114
78 78
78 79
78 80
78 81
78 82
78 84
78 86
78 87
79 79
79 80
79 81
79 86
80 80
80 81
80 82
80 84
80 87
81 81
81 82
81 84
81 85
81 86
81 87
82 82
82 84
82 87
82 88
82 89
83 83
83 87
84 84
84 85
84 86
84 87
84 88
85 85
85 86
85 87
85 89
85 96
85 110
86 86
86 87
86 88
86 89
87 87
87 88
87 89
88 88
88 89
88 91
88 92
88 93
89 89
89 91
90 90
90 91
90 93
90 95
90 97
90 98
90 99
90 101
90 103
90 104
90 105
90 107
90 108
90 109
90 112
91 91
91 92
91 93
91 99
91 101
91 103
91 104
91 105
91 107
91 108
91 110
91 111
91 113
91 114
92 92
92 93
92 100
92 104
92 105
92 113
92 114
92 115
93 93
93 99
93 100
93 101
93 102
93 103
93 104
93 105
93 111
93 112
93 113
93 114
93 115
94 94
94 95
94 97
94 108
94 114
94 115
95 95
95 96
95 97
95 98
95 101
95 103
95 104
95 105
95 106
95 107
95 108
95 109
96 96
96 97
96 98
96 103
96 104
96 105
96 106
96 107
96 110
96 111
96 112
97 97
97 98
97 99
97 101
97 102
97 103
97 104
97 105
97 106
97 109
97 110
97 111
97 112
97 113
97 114
98 98
98 99
98 100
98 101
98 102
98 103
98 104
98 105
98 106
98 108
98 109
98 111
98 112
98 113
99 99
99 101
99 102
99 103
99 104
99 105
99 106
99 107
99 109
99 110
99 111
99 112
99 113
99 114
100 100
100 101
100 102
100 103
100 104
100 105
100 111
100 113
100 114
100 115
101 101
101 102
101 103
101 104
101 108
101 109
101 111
101 112
101 113
101 115
102 102
102 103
102 104
102 105
102 106
102 107
102 111
102 112
102 113
102 114
103 103
103 104
103 105
103 106
103 107
103 108
103 110
103 111
103 112
103 113
103 114
104 104
104 105
104 106
104 107
104 108
104 109
104 110
104 111
104 112
104 113
104 114
105 105
105 106
105 107
105 108
105 109
105 110
105 111
105 112
105 113
105 114
105 115
106 106
106 107
106 109
106 110
106 111
106 112
106 113
107 107
107 108
107 109
107 110
107 111
108 108
108 109
108 115
109 109
109 110
109 111
110 110
110 111
110 112
110 113
111 111
111 112
111 113
111 114
112 112
112 113
112 114
112 115
113 113
113 114
113 115
114 114
114 115
115 115
