0 0
0 2
0 10
0 12
0 14
0 18
0 22
0 25
0 27
0 31
0 42
0 43
0 46
0 48
0 50
0 56
0 57
0 60
0 62
0 69
0 82
0 84
0 86
0 88
0 93
0 104
0 108
0 113
1 1
1 10
1 11
1 13
1 61
1 65
1 84
1 92
1 100
1 101
1 103
2 2
2 3
2 4
2 8
2 9
2 14
2 15
2 18
2 22
2 23
2 24
2 25
2 26
2 27
2 31
2 38
2 50
2 54
2 64
2 84
2 88
2 93
2 112
3 3
3 7
3 8
3 9
3 15
3 18
3 22
3 23
3 31
3 84
3 85
3 88
3 89
3 90
3 91
3 92
4 4
4 6
4 8
4 9
4 12
4 14
4 15
4 22
4 23
4 26
4 30
4 31
4 64
4 83
4 88
4 91
4 93
4 112
4 114
5 5
5 14
5 15
5 17
5 19
5 20
5 21
5 23
5 25
5 26
5 27
5 31
5 38
5 40
5 41
5 52
5 82
5 83
5 84
5 87
5 88
5 89
6 6
6 7
6 12
6 13
6 19
6 30
6 35
6 44
6 45
6 49
6 60
6 61
6 64
6 65
6 93
6 101
6 111
6 113
7 7
7 8
7 9
7 11
7 13
7 23
7 34
7 35
7 45
7 61
7 64
7 65
7 67
7 92
7 100
7 101
7 102
8 8
8 9
8 22
8 23
8 24
8 42
8 65
8 67
8 85
8 88
8 90
8 91
8 92
8 98
8 100
8 102
8 104
8 106
8 112
9 9
9 11
9 13
9 14
9 15
9 22
9 23
9 24
9 61
9 64
9 65
9 88
9 89
9 90
9 91
9 92
9 102
9 112
10 10
10 11
10 12
10 14
10 15
10 20
10 60
10 62
10 64
10 65
10 82
10 84
10 86
10 92
10 93
10 101
10 113
11 11
11 13
11 15
11 61
11 64
11 65
11 75
11 84
11 85
11 92
11 101
11 115
12 12
12 13
12 14
12 15
12 30
12 44
12 48
12 56
12 60
12 62
12 63
12 82
12 86
12 93
12 101
12 103
12 113
13 13
13 35
13 44
13 45
13 49
13 59
13 61
13 63
13 65
13 101
13 102
13 103
13 111
13 114
13 115
14 14
14 15
14 18
14 19
14 20
14 22
14 23
14 24
14 25
14 26
14 27
14 31
14 42
14 43
14 82
14 83
14 84
14 86
14 88
14 91
14 93
14 112
14 113
15 15
15 18
15 20
15 21
15 23
15 25
15 26
15 27
15 30
15 31
15 64
15 65
15 82
15 83
15 84
15 86
15 88
15 93
15 107
15 112
15 115
16 16
16 17
16 28
16 29
16 32
16 36
16 37
16 40
16 41
16 46
16 48
16 52
16 53
16 56
16 57
16 58
16 62
16 63
16 68
16 69
16 70
16 72
16 73
16 74
16 75
16 76
16 77
16 78
16 79
16 80
16 81
16 82
16 87
16 97
17 17
17 28
17 29
17 36
17 37
17 39
17 40
17 41
17 46
17 52
17 56
17 57
17 58
17 62
17 63
17 68
17 72
17 73
17 74
17 75
17 76
17 77
17 78
17 79
17 80
17 81
17 83
17 87
17 95
17 96
17 97
18 18
18 19
18 21
18 22
18 23
18 24
18 25
18 26
18 27
18 30
18 31
18 50
18 56
18 57
18 68
18 69
18 76
18 82
18 83
18 84
18 88
19 19
19 20
19 28
19 35
19 44
19 45
19 48
19 49
19 51
19 83
19 91
20 20
20 21
20 25
20 26
20 27
20 30
20 31
20 39
20 41
20 82
20 83
20 84
20 88
20 93
21 21
21 25
21 26
21 27
21 29
21 30
21 31
21 32
21 33
21 38
21 39
21 40
21 41
21 50
21 71
21 74
21 75
21 83
21 107
22 22
22 23
22 24
22 26
22 27
22 31
22 38
22 69
22 77
22 82
22 84
22 85
22 88
22 89
22 91
22 112
23 23
23 24
23 26
23 27
23 31
23 64
23 65
23 84
23 85
23 88
23 89
23 90
23 91
23 92
23 102
23 112
24 24
24 25
24 26
24 27
24 31
24 34
24 36
24 38
24 54
24 77
24 85
24 88
24 96
24 109
25 25
25 26
25 27
25 30
25 31
25 32
25 38
25 39
25 41
25 50
25 54
25 56
25 64
25 88
25 110
26 26
26 27
26 30
26 31
26 38
26 41
26 54
26 55
26 57
26 68
26 69
26 83
26 84
26 88
26 93
26 96
27 27
27 30
27 31
27 38
27 41
27 50
27 54
27 56
27 57
27 64
27 69
27 82
27 83
27 84
27 85
27 88
28 28
28 29
28 32
28 33
28 36
28 37
28 39
28 40
28 41
28 44
28 48
28 49
28 51
28 55
28 57
28 58
28 62
28 68
28 72
28 73
28 75
28 76
28 77
28 78
28 79
28 80
28 81
28 83
28 87
28 109
28 111
29 29
29 30
29 32
29 33
29 36
29 37
29 39
29 40
29 41
29 44
29 48
29 51
29 55
29 57
29 58
29 68
29 72
29 73
29 74
29 75
29 76
29 77
29 78
29 79
29 80
29 81
29 83
29 87
29 94
29 95
29 96
29 97
29 109
29 111
30 30
30 31
30 32
30 33
30 39
30 41
30 50
30 64
30 68
30 71
30 75
30 83
30 109
31 31
31 33
31 41
31 50
31 64
31 71
31 83
31 84
31 85
31 86
31 88
31 107
31 115
32 32
32 33
32 36
32 39
32 40
32 41
32 50
32 56
32 57
32 58
32 66
32 68
32 69
32 72
32 73
32 74
32 75
32 76
32 78
32 79
32 80
32 81
32 94
32 96
33 33
33 35
33 71
33 72
33 75
33 76
33 78
33 83
33 87
33 109
34 34
34 35
34 38
34 45
34 64
34 65
34 67
34 90
34 100
34 101
34 102
34 106
34 110
35 35
35 44
35 45
35 49
35 59
35 60
35 61
35 64
35 65
35 67
35 90
35 91
35 100
35 101
35 102
35 106
36 36
36 37
36 38
36 39
36 40
36 46
36 54
36 57
36 58
36 68
36 69
36 70
36 72
36 73
36 74
36 75
36 76
36 77
36 78
36 79
36 80
36 81
36 87
36 94
36 96
36 97
37 37
37 39
37 40
37 41
37 54
37 55
37 57
37 58
37 68
37 72
37 73
37 76
37 77
37 78
37 79
37 80
37 81
37 89
37 94
37 96
37 97
37 106
37 109
37 111
38 38
38 40
38 50
38 54
38 77
38 94
38 95
38 96
38 97
38 109
38 110
39 39
39 40
39 41
39 54
39 55
39 58
39 68
39 72
39 75
39 94
39 96
39 110
40 40
40 41
40 52
40 54
40 55
40 57
40 58
40 62
40 63
40 68
40 72
40 73
40 74
40 75
40 76
40 78
40 79
40 80
40 81
40 83
40 87
40 89
40 97
41 41
41 55
41 56
41 57
41 68
41 69
41 72
41 73
41 74
41 75
41 76
41 79
41 80
41 81
41 82
41 83
41 86
41 89
42 42
42 43
42 44
42 46
42 47
42 48
42 49
42 51
42 59
42 66
42 67
42 70
42 90
42 91
42 92
42 98
42 100
42 106
42 113
43 43
43 46
43 47
43 48
43 50
43 56
43 67
43 70
43 86
43 90
43 92
43 113
44 44
44 45
44 47
44 48
44 49
44 51
44 59
44 98
44 111
45 45
45 47
45 49
45 51
45 59
45 61
45 65
45 67
45 90
45 91
45 100
45 101
45 102
46 46
46 47
46 50
46 52
46 54
46 56
46 57
46 63
46 69
46 73
46 74
46 75
46 76
46 77
46 78
46 79
46 86
46 96
47 47
47 48
47 49
47 51
47 59
47 66
47 67
47 70
47 90
47 91
47 92
47 98
47 100
47 103
47 110
47 111
47 113
48 48
48 49
48 51
48 52
48 56
48 57
48 58
48 59
48 60
48 62
48 66
48 68
48 70
48 72
48 110
49 49
49 51
49 59
49 66
49 67
49 70
49 91
49 98
49 99
49 100
49 111
50 50
50 52
50 56
50 57
50 64
50 69
50 73
50 74
50 84
50 88
51 51
51 53
51 55
51 59
51 66
51 68
51 70
51 91
51 98
51 99
51 111
52 52
52 53
52 56
52 57
52 62
52 63
52 69
52 70
52 71
52 72
52 73
52 74
52 78
52 79
52 80
52 81
52 87
52 89
53 53
53 55
53 56
53 57
53 69
53 70
53 73
53 79
53 85
53 87
53 89
53 98
54 54
54 55
54 58
54 66
54 68
54 69
54 79
54 94
54 96
55 55
55 57
55 66
55 68
55 69
55 79
55 81
55 83
55 89
55 96
55 98
55 99
56 56
56 57
56 62
56 63
56 68
56 69
56 74
56 75
56 78
56 79
56 80
56 81
56 82
56 84
56 86
56 87
57 57
57 58
57 62
57 63
57 68
57 69
57 72
57 73
57 74
57 75
57 76
57 78
57 79
57 80
57 81
57 82
57 87
57 96
57 97
58 58
58 59
58 60
58 62
58 66
58 68
58 72
58 78
58 80
58 81
58 94
58 96
58 97
58 110
59 59
59 61
59 66
59 67
59 70
59 98
59 99
59 100
59 103
59 106
59 110
59 111
60 60
60 61
60 62
60 64
60 65
60 86
60 113
61 61
61 63
61 64
61 65
61 67
61 90
61 92
61 100
61 101
61 102
61 103
62 62
62 63
62 72
62 78
62 80
62 81
62 82
62 86
62 87
63 63
63 78
63 79
63 80
63 81
63 86
63 87
63 95
63 97
63 108
63 115
64 64
64 65
64 84
64 85
64 88
64 93
64 101
64 112
64 115
65 65
65 67
65 88
65 90
65 92
65 100
65 101
65 102
66 66
66 67
66 68
66 70
66 94
66 96
66 98
66 99
66 103
66 104
66 106
66 110
66 111
67 67
67 90
67 91
67 92
67 100
67 101
67 102
67 103
67 106
68 68
68 69
68 72
68 73
68 74
68 75
68 76
68 78
68 79
68 80
68 81
68 83
68 96
68 97
68 109
69 69
69 70
69 73
69 74
69 78
69 79
69 80
69 81
69 84
69 96
70 70
70 73
70 79
70 80
70 81
70 90
70 99
70 100
70 103
71 71
71 72
71 74
71 76
71 78
71 87
71 100
71 105
72 72
72 73
72 74
72 75
72 76
72 77
72 78
72 79
72 80
72 81
72 87
72 94
72 97
72 109
73 73
73 74
73 75
73 76
73 77
73 78
73 79
73 80
73 81
73 96
74 74
74 75
74 76
74 77
74 78
74 79
74 80
74 81
75 75
75 76
75 77
75 78
75 79
75 80
75 81
75 82
75 83
75 86
75 87
75 95
75 108
75 109
76 76
76 77
76 78
76 79
76 80
76 81
76 85
76 94
76 96
76 97
76 108
77 77
77 78
77 79
77 81
77 84
77 85
77 87
77 96
77 97
77 106
77 108
77 109
77 115
78 78
78 79
78 80
78 81
78 87
78 96
78 97
79 79
79 80
79 81
79 89
79 94
79 96
79 97
80 80
80 81
80 82
80 83
80 87
80 95
80 97
80 109
81 81
81 83
81 87
81 89
81 94
81 95
81 96
81 97
81 109
82 82
82 83
82 84
82 86
82 93
82 113
83 83
83 84
83 87
84 84
84 85
84 86
84 87
84 88
84 89
85 85
85 87
85 88
85 89
86 86
86 92
86 93
86 104
86 108
86 113
86 115
87 87
87 89
87 109
88 88
88 89
88 93
88 112
89 89
90 90
90 91
90 92
90 93
90 98
90 99
90 100
90 101
90 102
90 103
90 113
91 91
91 92
91 93
91 98
91 99
91 100
91 101
91 102
91 106
91 111
91 112
91 113
92 92
92 93
92 100
92 101
92 102
92 103
92 104
92 105
92 112
92 113
92 114
93 93
93 99
93 101
93 102
93 103
93 104
93 105
93 108
93 111
93 112
93 113
93 114
94 94
94 95
94 96
94 97
94 98
94 99
94 105
94 107
94 108
94 109
94 110
94 111
95 95
95 97
95 107
95 108
95 109
95 112
95 114
95 115
96 96
96 97
96 98
96 99
96 109
96 110
96 111
97 97
97 98
97 99
97 107
97 108
97 109
97 110
97 111
97 115
98 98
98 99
98 106
98 111
99 99
99 101
99 102
99 103
99 106
99 110
99 111
99 114
100 100
100 101
100 102
100 103
100 105
101 101
101 102
101 103
101 104
101 105
101 106
101 110
101 111
101 112
101 113
102 102
102 103
102 104
102 105
102 106
102 111
102 112
102 113
102 114
103 103
103 104
103 105
103 106
103 111
103 113
104 104
104 105
104 106
104 108
104 111
104 112
104 114
104 115
105 105
105 106
105 107
105 111
105 115
106 106
106 107
106 110
106 111
106 114
107 107
107 112
107 114
107 115
108 108
108 112
108 114
108 115
109 109
109 110
109 111
110 110
110 111
110 113
111 111
111 114
112 112
112 113
112 114
112 115
113 113
114 114
114 115
115 115
