0 0
0 1
0 4
0 10
0 12
0 16
0 17
0 18
0 19
0 28
0 56
0 58
0 60
0 62
0 63
0 80
0 82
0 83
0 84
0 85
0 88
0 93
0 99
0 101
0 111
1 1
1 16
1 17
1 18
1 19
1 46
1 55
1 56
1 57
1 58
1 62
1 63
1 68
1 78
1 80
1 81
1 84
1 85
1 98
2 2
2 3
2 4
2 6
2 7
2 8
2 9
2 10
2 11
2 12
2 13
2 14
2 15
2 22
2 24
2 30
2 31
2 34
2 35
2 58
2 60
2 61
2 64
2 65
2 70
2 73
2 76
2 77
2 83
2 88
2 90
2 91
2 92
2 93
2 100
2 101
2 102
2 103
2 105
2 108
3 3
3 4
3 5
3 6
3 7
3 8
3 9
3 11
3 13
3 15
3 22
3 23
3 24
3 25
3 27
3 30
3 31
3 33
3 34
3 35
3 61
3 64
3 65
3 83
3 88
3 92
4 4
4 5
4 6
4 7
4 8
4 9
4 10
4 11
4 12
4 13
4 14
4 15
4 22
4 24
4 25
4 26
4 30
4 31
4 34
4 35
4 60
4 61
4 64
4 70
4 76
4 77
4 83
4 88
4 90
4 91
4 92
4 93
4 100
4 101
4 103
4 112
5 5
5 7
5 8
5 9
5 15
5 20
5 21
5 22
5 23
5 24
5 25
5 26
5 27
5 30
5 31
5 34
5 35
5 39
5 64
5 65
5 67
5 70
5 92
6 6
6 7
6 8
6 9
6 10
6 11
6 12
6 13
6 14
6 15
6 22
6 24
6 30
6 31
6 34
6 35
6 60
6 61
6 64
6 70
6 73
6 76
6 77
6 83
6 88
6 90
6 91
6 92
6 93
6 100
6 101
6 102
6 103
6 105
6 108
6 114
7 7
7 8
7 9
7 10
7 11
7 12
7 13
7 14
7 15
7 21
7 22
7 24
7 25
7 30
7 31
7 34
7 35
7 41
7 60
7 61
7 64
7 65
7 71
7 73
7 77
7 83
7 92
7 93
7 94
7 102
7 108
8 8
8 9
8 10
8 11
8 12
8 13
8 14
8 15
8 22
8 24
8 25
8 30
8 31
8 34
8 35
8 58
8 60
8 61
8 64
8 76
8 77
8 83
8 88
8 90
8 91
8 92
8 93
8 100
8 108
9 9
9 10
9 11
9 12
9 13
9 14
9 15
9 20
9 21
9 22
9 24
9 25
9 26
9 27
9 30
9 31
9 34
9 35
9 41
9 60
9 61
9 64
9 65
9 70
9 71
9 73
9 75
9 76
9 77
9 83
9 88
9 91
9 92
9 93
9 100
9 102
9 108
10 10
10 11
10 12
10 13
10 14
10 15
10 22
10 28
10 31
10 58
10 60
10 61
10 64
10 82
10 83
10 88
10 90
10 91
10 92
10 93
10 101
10 114
11 11
11 12
11 13
11 14
11 15
11 22
11 25
11 30
11 31
11 33
11 34
11 35
11 58
11 60
11 61
11 64
11 65
11 77
11 83
11 92
11 93
11 94
11 95
12 12
12 13
12 14
12 15
12 22
12 28
12 58
12 60
12 61
12 63
12 64
12 70
12 74
12 76
12 77
12 82
12 83
12 88
12 90
12 91
12 92
12 93
12 101
12 102
12 103
12 105
12 106
12 108
12 112
12 114
13 13
13 14
13 15
13 28
13 30
13 31
13 34
13 35
13 41
13 60
13 61
13 65
13 71
13 73
13 75
13 76
13 77
13 83
13 91
13 92
13 93
13 94
13 95
13 100
13 102
13 108
14 14
14 15
14 22
14 24
14 28
14 30
14 31
14 34
14 35
14 41
14 60
14 61
14 64
14 70
14 72
14 73
14 74
14 75
14 76
14 77
14 83
14 88
14 91
14 92
14 93
14 100
14 101
14 102
14 103
14 105
14 108
15 15
15 21
15 22
15 24
15 25
15 28
15 29
15 30
15 31
15 34
15 35
15 41
15 60
15 61
15 64
15 65
15 70
15 71
15 73
15 74
15 75
15 76
15 77
15 83
15 88
15 92
15 93
15 100
15 102
15 108
16 16
16 17
16 19
16 28
16 32
16 55
16 56
16 57
16 62
16 63
16 78
16 79
16 80
16 81
16 82
16 84
16 85
16 98
16 99
17 17
17 28
17 29
17 36
17 46
17 55
17 56
17 57
17 62
17 63
17 72
17 78
17 79
17 80
17 81
17 84
17 85
17 98
18 18
18 19
18 28
18 32
18 72
18 82
18 83
18 88
18 89
19 19
19 32
19 56
19 57
19 62
19 63
19 68
19 69
19 80
19 81
19 82
19 84
19 85
19 89
19 98
19 99
19 111
20 20
20 21
20 22
20 24
20 25
20 26
20 27
20 30
20 31
20 33
20 34
20 35
20 36
20 37
20 38
20 39
20 41
20 65
20 66
20 67
20 70
20 71
20 72
20 73
20 75
20 76
20 77
21 21
21 23
21 24
21 25
21 26
21 27
21 30
21 31
21 33
21 34
21 35
21 38
21 40
21 41
21 61
21 65
21 67
21 71
21 77
22 22
22 23
22 24
22 25
22 26
22 27
22 30
22 31
22 34
22 35
22 41
22 60
22 64
22 65
22 70
22 71
22 77
22 88
22 92
22 93
23 23
23 24
23 25
23 26
23 27
23 31
23 34
23 35
23 39
23 70
23 71
23 94
23 110
24 24
24 25
24 26
24 27
24 30
24 31
24 34
24 35
24 41
24 64
24 65
24 66
24 67
24 70
24 71
24 73
24 76
24 77
24 92
24 100
25 25
25 26
25 27
25 30
25 31
25 34
25 35
25 37
25 40
25 41
25 64
25 65
25 66
25 67
25 71
25 73
25 76
25 77
25 92
26 26
26 27
26 34
26 66
26 88
27 27
27 31
27 34
27 35
27 39
27 65
27 66
27 67
28 28
28 29
28 36
28 60
28 62
28 63
28 72
28 74
28 82
28 83
29 29
29 36
29 38
29 40
29 41
29 72
29 73
29 74
29 75
29 83
29 113
30 30
30 31
30 33
30 34
30 35
30 39
30 40
30 41
30 60
30 64
30 65
30 67
30 71
30 73
30 75
30 76
30 77
30 83
30 92
31 31
31 33
31 34
31 35
31 39
31 40
31 41
31 60
31 61
31 64
31 65
31 67
31 71
31 76
31 77
31 83
31 92
31 108
32 32
32 33
32 38
32 46
32 54
32 55
32 56
32 57
32 68
32 72
32 78
32 79
32 80
32 81
32 84
32 85
33 33
33 34
33 35
33 37
33 41
33 61
33 64
33 75
33 77
33 83
33 95
34 34
34 35
34 37
34 39
34 41
34 61
34 64
34 65
34 66
34 67
34 70
34 71
34 73
34 76
34 77
34 92
34 110
35 35
35 37
35 39
35 40
35 41
35 61
35 64
35 65
35 66
35 67
35 71
35 73
35 76
35 77
35 92
35 110
36 36
36 37
36 38
36 40
36 72
36 73
36 74
36 75
36 79
36 80
36 81
37 37
37 39
37 41
37 42
37 43
37 67
37 70
37 71
37 73
37 74
37 75
37 76
37 77
37 102
37 110
38 38
38 40
38 41
38 54
38 55
38 72
38 75
38 79
38 89
38 96
38 109
39 39
39 67
39 71
39 77
39 87
39 94
39 97
39 110
40 40
40 41
40 72
40 82
40 83
41 41
41 61
41 65
41 67
41 71
41 72
41 73
41 74
41 75
41 76
41 77
41 83
42 42
42 43
42 44
42 45
42 46
42 47
42 48
42 49
42 50
42 51
42 54
42 55
42 59
42 66
42 67
42 96
42 110
43 43
43 44
43 45
43 46
43 47
43 48
43 49
43 50
43 51
43 52
43 53
43 54
43 55
43 59
43 66
43 67
43 68
43 96
43 97
43 110
44 44
44 45
44 46
44 47
44 48
44 49
44 51
44 52
44 59
44 66
44 67
44 68
44 96
44 110
45 45
45 46
45 47
45 48
45 49
45 51
45 53
45 55
45 57
45 59
45 66
45 67
45 68
45 79
45 86
45 96
45 97
46 46
46 47
46 49
46 51
46 52
46 53
46 54
46 55
46 56
46 57
46 59
46 68
46 78
46 79
46 80
46 81
46 84
46 85
46 86
46 96
46 97
46 98
46 107
46 109
47 47
47 48
47 49
47 51
47 52
47 53
47 54
47 55
47 57
47 59
47 67
47 68
47 69
47 79
47 80
47 81
47 86
47 87
47 96
47 97
47 98
47 110
48 48
48 49
48 50
48 51
48 52
48 53
48 59
48 66
48 68
48 69
48 103
48 104
49 49
49 50
49 51
49 52
49 53
49 54
49 55
49 59
49 66
49 67
49 68
49 79
49 96
49 97
49 98
50 50
50 51
50 52
50 53
50 54
50 59
50 66
50 68
50 89
51 51
51 52
51 53
51 54
51 55
51 59
51 66
51 68
51 69
51 89
51 98
52 52
52 53
52 54
52 55
52 59
52 66
52 68
52 69
52 89
52 98
53 53
53 54
53 55
53 56
53 57
53 59
53 68
53 69
53 79
53 80
53 81
53 84
53 85
53 86
53 87
53 89
53 96
53 98
54 54
54 55
54 57
54 68
54 79
54 85
54 89
54 96
54 98
55 55
55 56
55 57
55 59
55 62
55 68
55 78
55 79
55 80
55 81
55 84
55 85
55 86
55 87
55 89
55 96
55 97
55 98
55 109
56 56
56 57
56 62
56 63
56 68
56 69
56 78
56 79
56 80
56 81
56 84
56 85
56 86
56 89
56 98
56 99
57 57
57 62
57 63
57 68
57 69
57 78
57 79
57 80
57 81
57 84
57 85
57 86
57 87
57 89
57 96
57 98
57 109
58 58
58 59
58 60
58 61
58 63
58 107
59 59
59 66
59 86
59 96
59 98
60 60
60 61
60 64
60 76
60 77
60 82
60 83
60 88
60 91
60 92
60 93
60 101
61 61
61 64
61 65
61 77
61 83
61 92
61 95
62 62
62 63
62 72
62 78
62 79
62 80
62 81
62 82
62 83
62 84
62 85
62 98
62 99
62 106
62 107
63 63
63 72
63 78
63 80
63 81
63 82
63 84
63 85
63 98
63 99
64 64
64 65
64 83
64 88
64 92
64 93
65 65
65 66
65 67
65 71
65 77
65 92
65 94
65 95
66 66
66 67
66 71
67 67
67 71
67 77
67 110
68 68
68 69
68 79
68 80
68 81
68 84
68 85
68 86
68 87
68 89
68 96
68 97
68 98
68 99
69 69
69 80
69 85
69 89
69 97
69 98
69 99
70 70
70 71
70 73
70 74
70 75
70 76
70 77
70 91
70 92
70 93
70 100
70 101
70 102
70 112
70 113
71 71
71 73
71 74
71 75
71 76
71 77
71 100
71 102
71 108
71 110
72 72
72 73
72 74
72 82
72 115
73 73
73 74
73 75
73 76
73 77
73 92
73 100
73 102
74 74
74 75
74 76
74 77
74 100
74 106
74 113
75 75
75 76
75 77
75 92
75 95
75 100
75 102
75 109
75 111
75 112
75 114
76 76
76 77
76 92
76 93
76 100
76 101
76 102
76 112
76 113
77 77
77 83
77 92
77 93
77 100
77 102
77 108
77 110
78 78
78 79
78 80
78 81
78 84
78 85
78 96
78 98
79 79
79 80
79 81
79 84
79 85
79 86
79 87
79 96
79 97
79 98
80 80
80 81
80 82
80 84
80 85
80 96
80 98
80 99
81 81
81 84
81 85
81 86
81 96
81 98
81 99
82 82
82 83
82 84
82 88
82 99
82 111
83 83
83 92
83 106
83 108
83 111
84 84
84 85
84 86
84 89
84 96
84 98
84 115
85 85
85 86
85 87
85 89
85 96
85 98
85 99
86 86
86 87
86 96
86 97
86 98
86 109
86 110
86 115
87 87
87 89
87 96
87 97
87 98
87 109
87 110
88 88
88 89
88 93
89 89
89 98
90 90
90 91
90 92
90 93
90 99
90 100
90 101
90 102
90 103
90 104
90 105
90 112
91 91
91 92
91 93
91 99
91 100
91 101
91 102
91 103
91 104
91 105
91 108
91 111
91 112
91 114
92 92
92 93
92 100
92 101
92 102
92 103
92 112
92 114
93 93
93 100
93 101
93 102
93 103
93 105
93 112
93 114
94 94
94 97
94 108
94 110
95 95
96 96
96 97
96 98
96 109
96 110
97 97
97 98
97 109
97 110
97 115
98 98
98 99
98 109
98 111
99 99
99 101
99 104
99 111
99 112
99 114
100 100
100 101
100 102
100 103
100 112
100 113
101 101
101 102
101 103
101 111
101 112
101 114
102 102
102 103
102 108
102 111
102 112
102 114
103 103
103 104
103 105
103 106
103 111
103 112
104 104
104 105
104 106
105 105
105 106
105 108
105 114
106 106
106 107
107 107
108 108
109 109
109 115
110 110
111 111
111 112
111 113
112 112
112 113
112 114
113 113
114 114
115 115
