0 0
0 2
0 4
0 6
0 8
0 9
0 10
0 12
0 13
0 14
0 52
0 58
0 60
0 64
0 93
0 107
1 1
1 11
1 13
1 52
1 61
1 68
1 69
2 2
2 4
2 6
2 8
2 10
2 12
2 14
2 22
2 48
2 50
2 52
2 54
2 58
2 64
2 88
2 91
2 93
2 101
3 3
3 5
3 7
3 21
3 23
3 31
3 37
3 41
3 45
3 65
3 67
3 71
3 83
3 85
3 87
3 92
4 4
4 6
4 8
4 9
4 10
4 12
4 13
4 14
4 44
4 48
4 49
4 50
4 51
4 52
4 54
4 58
4 60
4 61
4 64
4 65
4 88
4 91
4 93
5 5
5 7
5 9
5 11
5 13
5 15
5 20
5 21
5 23
5 45
5 48
5 50
5 51
5 52
5 58
5 59
5 61
5 64
5 65
5 66
5 67
5 85
5 89
5 92
6 6
6 8
6 9
6 10
6 12
6 14
6 15
6 18
6 28
6 60
6 64
6 72
6 91
6 93
6 101
7 7
7 9
7 11
7 12
7 13
7 15
7 64
7 65
7 92
7 100
8 8
8 9
8 10
8 12
8 13
8 14
8 15
8 19
8 52
8 60
8 64
8 90
8 91
8 93
8 101
8 111
9 9
9 10
9 11
9 12
9 13
9 14
9 15
9 52
9 58
9 60
9 61
9 64
9 65
9 90
9 92
9 100
9 107
10 10
10 11
10 12
10 13
10 14
10 48
10 52
10 54
10 60
10 64
10 82
10 93
11 11
11 12
11 13
11 15
11 52
11 61
11 65
11 89
11 100
12 12
12 13
12 14
12 15
12 48
12 52
12 58
12 60
12 61
12 64
12 65
12 90
12 91
12 93
13 13
13 15
13 29
13 52
13 58
13 59
13 60
13 61
13 63
13 64
13 65
13 90
13 100
13 102
14 14
14 15
14 22
14 48
14 49
14 51
14 52
14 53
14 54
14 58
14 60
14 64
14 82
14 88
14 91
14 93
15 15
15 52
15 65
15 83
16 16
16 17
16 18
16 19
16 28
16 29
16 30
16 31
16 32
16 33
16 36
16 40
16 41
16 56
16 57
16 62
16 63
16 68
16 72
16 73
16 74
16 76
16 77
16 78
16 79
16 80
16 81
16 83
16 95
16 101
16 106
16 111
17 17
17 18
17 19
17 28
17 29
17 31
17 32
17 33
17 36
17 40
17 41
17 56
17 57
17 62
17 63
17 68
17 72
17 73
17 74
17 76
17 77
17 78
17 79
17 80
17 81
17 83
17 84
17 95
17 111
18 18
18 19
18 28
18 29
18 30
18 32
18 33
18 57
18 62
18 63
18 68
18 72
18 73
18 74
18 76
18 77
18 78
18 79
18 80
18 81
18 82
18 101
18 111
19 19
19 28
19 29
19 30
19 31
19 32
19 33
19 36
19 40
19 41
19 56
19 57
19 62
19 63
19 68
19 72
19 73
19 74
19 76
19 77
19 78
19 79
19 80
19 81
19 83
19 90
19 102
19 105
19 111
19 112
20 20
20 21
20 22
20 23
20 24
20 25
20 26
20 27
20 35
20 38
20 45
20 46
20 49
20 50
20 54
20 66
20 71
20 86
20 87
20 88
20 96
20 104
20 110
20 114
21 21
21 23
21 24
21 25
21 26
21 27
21 35
21 42
21 43
21 44
21 45
21 46
21 47
21 48
21 49
21 50
21 51
21 52
21 53
21 54
21 55
21 66
21 71
21 85
21 86
21 87
21 88
21 89
21 96
21 98
21 113
21 114
22 22
22 23
22 24
22 25
22 26
22 27
22 30
22 34
22 38
22 42
22 43
22 46
22 47
22 48
22 49
22 50
22 51
22 53
22 54
22 55
22 57
22 82
22 84
22 86
22 87
22 88
22 96
22 98
22 109
22 110
23 23
23 24
23 25
23 26
23 27
23 31
23 42
23 43
23 45
23 46
23 47
23 50
23 51
23 53
23 67
23 71
23 85
23 86
23 87
23 88
23 89
23 96
23 113
24 24
24 25
24 26
24 27
24 30
24 34
24 35
24 38
24 39
24 42
24 43
24 45
24 46
24 47
24 48
24 49
24 50
24 51
24 53
24 54
24 55
24 57
24 82
24 86
24 87
24 88
24 96
24 98
24 109
24 110
25 25
25 26
25 27
25 31
25 34
25 35
25 37
25 38
25 39
25 42
25 43
25 45
25 46
25 47
25 50
25 51
25 55
25 66
25 67
25 71
25 85
25 86
25 87
25 88
25 89
25 96
25 110
26 26
26 27
26 34
26 35
26 38
26 39
26 42
26 43
26 45
26 46
26 47
26 48
26 49
26 50
26 51
26 53
26 54
26 55
26 66
26 82
26 86
26 87
26 88
26 89
26 96
26 98
26 109
26 110
27 27
27 31
27 34
27 35
27 37
27 38
27 39
27 42
27 43
27 45
27 46
27 47
27 49
27 50
27 51
27 53
27 54
27 55
27 66
27 67
27 71
27 85
27 86
27 87
27 88
27 89
27 96
27 98
27 110
28 28
28 29
28 30
28 31
28 32
28 33
28 36
28 40
28 41
28 56
28 57
28 62
28 63
28 72
28 73
28 74
28 75
28 76
28 77
28 78
28 79
28 80
28 81
28 82
28 83
28 84
28 95
28 101
28 111
29 29
29 30
29 31
29 32
29 33
29 36
29 40
29 41
29 56
29 62
29 63
29 72
29 73
29 74
29 75
29 76
29 77
29 78
29 79
29 80
29 81
29 83
29 95
29 111
30 30
30 31
30 33
30 40
30 41
30 47
30 57
30 70
30 71
30 72
30 73
30 74
30 75
30 76
30 77
30 78
30 79
30 82
30 83
30 109
30 110
30 111
30 112
30 113
31 31
31 36
31 37
31 40
31 41
31 47
31 57
31 71
31 72
31 73
31 74
31 75
31 76
31 77
31 78
31 79
31 80
31 82
31 83
31 85
31 98
31 110
31 111
31 113
32 32
32 33
32 36
32 40
32 41
32 56
32 62
32 63
32 68
32 72
32 73
32 74
32 76
32 77
32 78
32 79
32 80
32 81
32 83
32 95
32 97
32 101
32 102
32 108
33 33
33 41
33 56
33 60
33 62
33 63
33 68
33 72
33 73
33 76
33 77
33 78
33 79
33 80
33 81
33 83
33 90
33 102
33 103
33 105
33 111
34 34
34 35
34 38
34 88
34 110
35 35
35 39
35 45
35 58
35 59
35 66
35 88
35 93
35 109
35 110
35 114
36 36
36 37
36 38
36 39
36 40
36 41
36 56
36 57
36 62
36 63
36 68
36 72
36 73
36 74
36 76
36 77
36 78
36 79
36 80
36 81
36 83
36 95
36 106
36 110
37 37
37 39
37 40
37 41
37 57
37 70
37 71
37 73
37 74
37 75
37 76
37 77
37 80
37 84
37 85
37 96
37 98
38 38
38 39
38 42
38 43
38 46
38 47
38 48
38 49
38 50
38 51
38 53
38 54
38 55
38 57
38 66
38 82
38 86
38 87
38 88
38 89
38 96
38 109
38 110
38 115
39 39
39 40
39 42
39 43
39 46
39 47
39 53
39 54
39 55
39 57
39 85
39 87
39 96
39 97
39 98
39 105
39 114
40 40
40 41
40 56
40 57
40 62
40 68
40 70
40 72
40 73
40 74
40 77
40 78
40 79
40 80
40 81
40 83
40 95
40 98
40 110
41 41
41 57
41 62
41 63
41 71
41 72
41 73
41 74
41 75
41 76
41 77
41 78
41 79
41 80
41 81
41 83
41 84
42 42
42 43
42 44
42 45
42 46
42 47
42 48
42 49
42 50
42 51
42 53
42 54
42 55
42 86
42 87
42 88
42 96
42 98
42 113
43 43
43 44
43 45
43 46
43 47
43 48
43 49
43 50
43 51
43 53
43 54
43 55
43 85
43 86
43 87
43 88
43 96
43 98
43 113
44 44
44 45
44 46
44 47
44 48
44 49
44 50
44 51
44 54
44 55
44 96
44 98
44 113
45 45
45 46
45 47
45 48
45 49
45 50
45 51
45 54
45 55
45 65
45 66
45 67
45 85
45 87
45 89
45 96
45 113
46 46
46 47
46 48
46 49
46 50
46 51
46 53
46 54
46 55
46 86
46 87
46 88
46 96
46 98
47 47
47 48
47 49
47 50
47 51
47 53
47 55
47 85
47 86
47 87
47 88
47 96
47 98
47 110
47 113
48 48
48 49
48 50
48 51
48 52
48 53
48 54
48 55
48 58
48 64
48 86
48 88
48 89
48 96
49 49
49 50
49 51
49 52
49 53
49 54
49 55
49 58
49 59
49 66
49 85
49 86
49 87
49 88
49 89
49 96
49 98
50 50
50 51
50 52
50 53
50 54
50 55
50 58
50 59
50 66
50 67
50 86
50 87
50 88
50 89
50 96
51 51
51 52
51 53
51 54
51 55
51 58
51 59
51 61
51 65
51 66
51 86
51 87
51 88
51 89
51 96
52 52
52 53
52 54
52 55
52 58
52 59
52 60
52 61
52 64
52 65
52 88
52 89
52 90
52 93
52 114
53 53
53 54
53 55
53 82
53 86
53 87
53 88
53 89
53 96
53 98
53 99
54 54
54 55
54 58
54 66
54 86
54 87
54 88
54 89
54 96
55 55
55 66
55 85
55 86
55 87
55 88
55 89
55 96
55 98
56 56
56 57
56 62
56 63
56 68
56 72
56 73
56 74
56 77
56 78
56 79
56 80
56 81
56 95
56 99
56 105
56 110
57 57
57 62
57 63
57 72
57 73
57 74
57 77
57 78
57 79
57 80
57 81
57 82
57 86
57 98
57 111
58 58
58 59
58 60
58 61
58 64
58 65
58 66
58 88
58 89
58 90
58 93
58 103
58 107
58 114
59 59
59 60
59 61
59 65
59 66
59 67
59 69
59 89
59 92
59 96
59 100
59 102
59 103
59 104
59 106
59 107
60 60
60 61
60 62
60 63
60 64
60 65
60 69
60 90
60 91
60 93
60 100
60 102
60 103
60 107
61 61
61 63
61 65
61 89
61 90
61 92
61 100
61 102
61 103
61 107
62 62
62 63
62 68
62 72
62 73
62 76
62 78
62 79
62 80
62 81
62 83
62 102
62 106
62 111
63 63
63 68
63 72
63 76
63 78
63 79
63 80
63 81
63 95
63 100
63 102
63 103
63 106
64 64
64 65
64 88
64 91
64 93
65 65
65 66
65 67
65 89
65 92
65 100
66 66
66 67
66 85
66 87
66 88
66 89
66 96
66 104
66 107
67 67
67 85
67 89
67 92
67 103
67 104
67 105
68 68
68 69
68 72
68 78
68 79
68 80
68 81
68 95
68 102
68 103
68 105
69 69
69 88
69 90
69 91
69 93
69 102
69 103
69 105
69 115
70 70
70 71
70 74
70 76
70 77
70 98
71 71
71 75
71 77
71 110
72 72
72 73
72 74
72 75
72 76
72 77
72 78
72 79
72 80
72 81
72 83
72 101
72 111
73 73
73 74
73 75
73 76
73 77
73 78
73 79
73 80
73 81
73 101
74 74
74 75
74 76
74 77
74 78
74 79
74 80
74 81
74 98
74 111
75 75
75 76
75 77
75 82
75 83
75 84
75 111
75 112
75 113
76 76
76 77
76 78
76 79
76 80
76 81
76 82
76 83
76 84
76 111
76 112
77 77
77 78
77 79
77 80
77 81
77 83
77 84
77 110
77 112
78 78
78 79
78 80
78 81
78 82
78 83
78 84
78 111
79 79
79 80
79 81
79 83
79 84
79 111
80 80
80 81
80 83
80 84
80 95
80 102
80 106
80 111
81 81
81 83
81 84
81 95
81 111
82 82
82 83
82 84
82 86
82 88
82 111
83 83
83 85
83 111
84 84
84 86
84 111
85 85
85 87
85 89
85 96
86 86
86 87
86 88
86 89
86 96
86 98
86 109
87 87
87 88
87 89
87 96
87 98
88 88
88 89
88 91
88 93
88 96
88 109
89 89
89 96
90 90
90 91
90 92
90 93
90 94
90 97
90 99
90 100
90 102
90 103
90 104
90 105
90 107
90 108
91 91
91 92
91 93
91 99
91 103
91 105
91 109
91 115
92 92
92 93
92 97
92 100
92 102
92 103
92 105
92 107
93 93
93 101
93 103
93 115
94 94
94 95
94 97
94 105
94 106
94 109
94 115
95 95
95 97
95 100
95 106
95 108
95 109
95 115
96 96
96 98
97 97
97 99
97 100
97 102
97 103
97 105
97 108
98 98
98 99
98 111
99 99
99 105
99 114
100 100
100 102
100 103
100 104
100 106
100 108
100 115
101 101
101 102
102 102
102 103
102 104
102 106
102 107
102 108
102 115
103 103
103 104
103 105
103 108
103 115
104 104
104 105
104 106
104 107
104 108
105 105
105 108
105 109
105 110
105 114
106 106
106 107
107 107
108 108
108 109
109 109
109 110
109 115
110 110
111 111
111 112
112 112
113 113
114 114
114 115
115 115
