0 0
0 1
0 8
0 10
0 12
0 14
0 46
0 51
0 52
0 53
0 55
0 56
0 58
0 59
0 60
0 82
0 86
0 88
0 90
0 91
0 93
0 98
0 99
1 1
1 10
1 11
1 13
1 15
1 16
1 17
1 19
1 46
1 51
1 52
1 53
1 54
1 55
1 57
1 58
1 59
1 61
1 63
1 86
1 87
1 89
1 90
1 98
1 109
2 2
2 4
2 6
2 8
2 18
2 24
2 25
2 26
2 30
2 33
2 38
2 48
2 60
2 64
2 66
2 67
2 69
2 88
2 93
3 3
3 4
3 5
3 7
3 9
3 15
3 22
3 23
3 24
3 25
3 26
3 27
3 30
3 31
3 34
3 35
3 50
3 64
3 65
3 83
3 85
3 87
3 88
3 92
4 4
4 5
4 6
4 7
4 8
4 9
4 15
4 20
4 24
4 25
4 33
4 60
4 64
4 65
4 67
4 88
4 93
4 105
4 111
5 5
5 7
5 8
5 9
5 20
5 22
5 23
5 24
5 25
5 26
5 27
5 31
5 34
5 35
5 50
5 64
5 65
5 67
5 87
5 88
5 92
5 105
5 113
5 115
6 6
6 7
6 8
6 9
6 14
6 15
6 22
6 23
6 24
6 25
6 26
6 33
6 48
6 50
6 64
6 65
6 67
6 88
6 91
6 93
7 7
7 9
7 13
7 15
7 23
7 24
7 25
7 33
7 35
7 64
7 65
7 67
7 88
7 92
7 100
7 111
8 8
8 9
8 14
8 15
8 22
8 23
8 26
8 50
8 64
8 65
8 88
8 91
8 92
8 93
8 105
9 9
9 11
9 13
9 14
9 15
9 23
9 25
9 27
9 35
9 50
9 64
9 65
9 88
9 89
9 92
9 105
9 115
10 10
10 11
10 12
10 13
10 14
10 16
10 19
10 28
10 46
10 53
10 55
10 58
10 74
10 75
10 76
10 82
10 83
10 84
10 85
10 86
10 90
11 11
11 12
11 13
11 15
11 28
11 29
11 61
11 75
11 76
11 77
11 83
11 85
11 92
11 97
11 109
11 115
12 12
12 13
12 16
12 28
12 42
12 46
12 47
12 53
12 55
12 58
12 74
12 75
12 76
12 77
12 80
12 90
12 96
13 13
13 15
13 16
13 17
13 28
13 29
13 46
13 61
13 74
13 75
13 76
13 77
13 83
13 89
13 90
13 97
13 98
13 100
14 14
14 15
14 22
14 23
14 64
14 82
14 83
14 84
14 85
14 86
14 87
14 88
14 91
14 92
14 93
15 15
15 23
15 64
15 65
15 83
15 87
15 89
15 90
15 92
15 93
16 16
16 17
16 19
16 28
16 32
16 36
16 38
16 42
16 43
16 44
16 46
16 47
16 49
16 55
16 56
16 57
16 63
16 68
16 69
16 72
16 78
16 79
16 80
16 81
16 96
16 98
16 110
16 112
17 17
17 19
17 28
17 32
17 42
17 46
17 49
17 51
17 52
17 53
17 54
17 55
17 56
17 57
17 58
17 59
17 61
17 63
17 68
17 72
17 79
17 80
17 81
17 89
17 90
17 96
17 98
17 109
18 18
18 19
18 21
18 28
18 30
18 32
18 33
18 38
18 40
18 43
18 44
18 49
18 57
18 66
18 68
18 69
18 72
18 82
18 96
18 109
18 110
19 19
19 28
19 32
19 46
19 49
19 55
19 57
19 68
19 69
19 72
19 74
19 78
19 82
19 86
19 87
19 98
19 109
20 20
20 21
20 24
20 25
20 26
20 27
20 30
20 31
20 34
20 38
20 39
20 40
20 41
20 45
20 66
20 67
20 70
20 71
20 110
21 21
21 24
21 25
21 30
21 31
21 32
21 36
21 39
21 40
21 41
21 57
21 71
21 105
21 110
22 22
22 23
22 24
22 25
22 26
22 27
22 30
22 31
22 50
22 64
22 65
22 82
22 84
22 86
22 87
22 88
22 92
23 23
23 24
23 25
23 26
23 27
23 30
23 31
23 35
23 50
23 64
23 65
23 83
23 85
23 86
23 87
23 88
23 92
23 93
23 113
24 24
24 25
24 26
24 27
24 30
24 31
24 33
24 34
24 39
24 40
24 41
24 45
24 50
24 62
24 64
24 65
24 66
24 67
24 70
24 88
24 105
24 110
25 25
25 26
25 27
25 30
25 31
25 33
25 34
25 35
25 39
25 40
25 41
25 50
25 64
25 65
25 67
25 70
25 88
25 92
25 105
26 26
26 27
26 30
26 31
26 34
26 38
26 50
26 64
26 65
26 67
26 70
26 75
26 88
26 92
26 105
26 110
26 113
26 114
27 27
27 30
27 31
27 34
27 50
27 75
27 85
27 86
27 87
27 92
27 95
27 103
27 113
27 114
27 115
28 28
28 29
28 36
28 37
28 42
28 44
28 46
28 49
28 55
28 58
28 71
28 72
28 73
28 74
28 75
28 76
28 77
28 80
28 82
28 83
28 85
28 96
28 98
28 109
29 29
29 31
29 35
29 36
29 37
29 39
29 41
29 45
29 71
29 72
29 73
29 74
29 75
29 76
29 77
29 81
29 83
29 97
29 109
29 112
30 30
30 31
30 34
30 39
30 41
30 70
30 71
30 73
30 74
30 75
30 77
30 107
31 31
31 33
31 34
31 35
31 39
31 40
31 41
31 45
31 64
31 65
31 67
31 70
31 71
31 73
31 75
31 77
32 32
32 33
32 38
32 39
32 40
32 42
32 43
32 44
32 45
32 49
32 54
32 55
32 57
32 63
32 66
32 67
32 68
32 69
32 72
32 78
32 79
32 80
32 81
32 96
32 110
33 33
33 34
33 35
33 36
33 39
33 40
33 43
33 44
33 45
33 62
33 64
33 67
33 68
33 79
33 81
33 110
34 34
34 35
34 39
34 40
34 45
34 56
34 65
34 67
34 75
34 79
34 81
34 84
34 105
34 110
35 35
35 45
35 64
35 65
35 67
35 94
36 36
36 37
36 38
36 40
36 41
36 42
36 43
36 44
36 45
36 47
36 54
36 57
36 71
36 72
36 74
36 75
36 76
36 78
36 80
36 81
36 96
36 98
36 106
36 110
36 111
36 112
37 37
37 39
37 40
37 41
37 70
37 71
37 72
37 73
37 74
37 75
37 76
37 77
37 80
37 81
37 96
37 97
37 98
37 99
37 100
37 101
37 103
37 106
37 109
37 110
37 111
37 112
37 113
37 114
38 38
38 39
38 40
38 43
38 47
38 54
38 55
38 56
38 57
38 66
38 67
38 69
38 72
38 96
38 110
39 39
39 40
39 41
39 45
39 71
39 77
39 95
39 97
39 105
39 109
39 110
40 40
40 41
40 43
40 44
40 45
40 57
40 66
40 67
40 72
40 78
40 79
40 81
40 82
40 84
40 85
40 94
40 96
40 105
40 108
40 110
41 41
41 70
41 71
41 73
41 74
41 75
41 76
41 77
41 95
41 97
41 101
41 109
42 42
42 43
42 44
42 45
42 46
42 47
42 49
42 53
42 54
42 55
42 56
42 57
42 72
42 80
42 81
42 96
42 98
42 110
43 43
43 44
43 45
43 46
43 47
43 49
43 54
43 55
43 56
43 57
43 62
43 66
43 67
43 69
43 72
43 79
43 80
43 81
43 96
43 98
43 110
43 112
44 44
44 45
44 47
44 49
44 55
44 56
44 57
44 62
44 66
44 67
44 69
44 72
44 78
44 79
44 80
44 81
44 96
44 110
45 45
45 47
45 49
45 62
45 67
45 71
45 80
45 81
45 84
45 110
46 46
46 47
46 49
46 51
46 52
46 53
46 54
46 55
46 56
46 57
46 59
46 61
46 63
46 68
46 72
46 74
46 78
46 89
46 90
46 96
46 98
47 47
47 49
47 54
47 55
47 56
47 57
47 69
47 72
47 80
47 81
47 96
47 98
47 99
47 110
47 111
47 112
48 48
48 49
48 51
48 52
48 53
48 54
48 58
48 59
48 60
48 61
48 66
48 69
48 90
48 91
48 103
48 107
49 49
49 51
49 53
49 54
49 55
49 56
49 57
49 59
49 61
49 62
49 63
49 80
49 81
49 96
49 98
50 50
50 51
50 52
50 53
50 64
50 65
50 70
50 86
50 88
50 89
50 90
50 92
50 100
50 107
50 113
50 114
51 51
51 52
51 53
51 54
51 55
51 58
51 59
51 61
51 63
51 89
51 90
51 91
51 98
51 100
51 107
51 113
51 114
52 52
52 53
52 54
52 55
52 58
52 59
52 60
52 61
52 63
52 73
52 89
52 90
52 98
52 99
52 100
52 107
52 113
53 53
53 54
53 55
53 58
53 59
53 61
53 63
53 73
53 74
53 86
53 89
53 90
53 91
53 98
53 99
53 100
53 107
53 113
53 114
54 54
54 55
54 56
54 57
54 58
54 59
54 60
54 61
54 62
54 63
54 72
54 89
54 90
54 96
54 98
54 100
55 55
55 57
55 58
55 59
55 61
55 66
55 68
55 72
55 86
55 89
55 90
55 94
55 96
55 98
56 56
56 57
56 62
56 63
56 69
56 79
56 80
56 81
56 96
56 98
56 110
57 57
57 63
57 66
57 68
57 69
57 72
57 78
57 79
57 80
57 81
57 96
57 98
57 110
58 58
58 59
58 60
58 61
58 66
58 86
58 89
58 90
58 102
58 109
59 59
59 60
59 61
59 63
59 66
59 89
59 90
59 98
59 100
59 102
59 103
59 104
59 107
60 60
60 61
60 62
60 63
60 66
60 69
60 72
60 90
60 100
60 101
60 103
61 61
61 63
61 89
61 90
61 98
61 100
61 104
62 62
62 63
62 67
62 80
62 81
63 63
63 79
63 80
63 81
63 89
63 90
63 98
64 64
64 65
64 84
64 88
64 92
65 65
65 67
65 88
65 92
66 66
66 67
66 68
66 69
66 94
66 96
66 103
66 108
66 110
67 67
67 69
67 108
67 110
68 68
68 69
68 78
68 79
68 80
68 96
68 110
69 69
69 79
69 80
69 96
69 101
69 103
69 108
69 110
69 115
70 70
70 71
70 73
70 74
70 75
70 76
70 77
70 92
70 93
70 97
70 101
70 105
70 106
70 107
70 111
70 113
70 114
71 71
71 72
71 73
71 74
71 75
71 76
71 77
71 97
71 101
71 110
72 72
72 73
72 74
72 76
72 77
72 80
72 81
72 96
72 98
72 99
73 73
73 74
73 75
73 76
73 77
73 90
73 97
73 99
73 100
73 101
73 102
73 106
73 107
73 113
73 114
74 74
74 75
74 76
74 77
74 82
74 90
74 99
74 100
74 106
74 107
74 114
75 75
75 76
75 77
75 85
75 86
75 87
75 97
75 113
75 114
76 76
76 77
76 92
76 93
76 95
76 97
76 99
76 100
76 101
76 102
76 106
76 113
76 114
77 77
77 92
77 95
77 97
77 99
77 100
77 101
77 102
77 104
77 106
77 107
77 109
77 113
77 114
78 78
78 79
78 80
78 81
78 85
79 79
79 80
79 81
79 94
79 96
80 80
80 81
80 84
80 96
80 98
80 99
80 110
80 111
80 112
81 81
81 96
81 98
81 110
81 112
82 82
82 83
82 84
82 85
82 86
82 87
82 106
83 83
83 84
83 85
83 87
83 92
83 97
83 109
83 115
84 84
84 85
84 86
84 87
84 88
85 85
85 86
85 87
85 92
86 86
86 87
87 87
87 89
87 92
88 88
88 91
88 92
88 93
89 89
89 90
89 98
89 100
90 90
90 91
90 98
90 99
90 100
90 113
90 114
91 91
91 92
91 93
91 99
91 100
91 101
91 102
91 103
91 104
91 106
91 107
91 111
91 112
91 113
91 114
92 92
92 93
92 100
92 111
92 113
92 114
92 115
93 93
93 99
93 100
93 101
93 102
93 103
93 104
93 106
93 107
93 111
93 112
93 113
93 114
93 115
94 94
94 97
94 105
94 108
94 109
94 115
95 95
95 97
95 103
95 105
95 108
95 109
95 114
95 115
96 96
96 98
96 110
97 97
97 99
97 104
97 105
97 106
97 109
97 110
97 111
97 112
97 113
97 115
98 98
98 99
98 100
99 99
99 100
99 101
99 102
99 103
99 104
99 106
99 107
99 111
99 112
99 113
99 114
100 100
100 101
100 102
100 103
100 104
100 106
100 107
100 111
100 112
100 113
100 114
101 101
101 102
101 103
101 104
101 106
101 107
101 111
101 112
101 113
101 114
102 102
102 104
102 106
102 107
102 112
103 103
103 104
103 107
103 108
103 111
103 113
103 114
103 115
104 104
104 106
104 107
104 111
104 112
104 113
105 105
105 108
105 110
105 115
106 106
106 107
106 111
106 112
106 113
106 114
107 107
107 113
107 114
108 108
108 110
108 115
109 109
110 110
110 111
110 112
111 111
111 112
111 113
111 114
112 112
112 113
112 114
113 113
113 114
113 115
114 114
114 115
115 115
