0 0
0 1
0 2
0 3
0 6
0 18
0 19
0 26
0 52
0 54
0 56
0 57
0 58
0 59
0 60
0 61
0 66
0 68
0 82
0 86
0 87
0 88
0 89
0 90
0 91
0 98
0 99
0 100
0 102
0 106
0 107
0 108
0 109
0 113
0 115
1 1
1 13
1 17
1 18
1 19
1 28
1 29
1 52
1 54
1 56
1 57
1 58
1 59
1 60
1 61
1 62
1 63
1 68
1 69
1 81
1 82
1 86
1 87
1 89
1 90
1 91
1 98
1 99
1 102
1 107
1 108
1 109
2 2
2 3
2 4
2 6
2 7
2 18
2 22
2 23
2 24
2 26
2 27
2 30
2 50
2 60
2 64
2 66
2 86
2 88
2 89
2 93
2 100
2 101
2 103
2 106
2 107
3 3
3 5
3 6
3 7
3 18
3 19
3 23
3 26
3 31
3 35
3 65
3 82
3 86
3 87
3 88
3 89
3 94
4 4
4 8
4 10
4 13
4 24
4 26
4 30
4 35
4 65
4 96
4 110
5 5
5 9
5 21
5 22
5 23
5 24
5 25
5 26
5 27
5 34
5 35
5 37
5 38
5 41
5 47
5 50
5 64
5 65
5 67
5 84
5 85
5 93
5 97
5 105
5 110
6 6
6 7
6 10
6 18
6 22
6 23
6 26
6 32
6 60
6 64
6 86
6 87
6 88
6 89
6 93
6 100
6 101
6 102
6 103
6 106
6 107
7 7
7 11
7 13
7 23
7 31
7 64
7 65
7 83
7 87
7 88
7 92
7 93
7 102
8 8
8 11
8 12
8 13
8 16
8 24
8 29
8 41
8 45
8 50
8 51
8 63
8 70
8 71
8 72
8 73
8 74
8 75
8 81
9 9
9 11
9 13
9 15
9 24
9 25
9 38
9 41
9 70
9 73
9 74
9 75
9 76
9 77
9 80
9 94
9 104
9 114
10 10
10 11
10 12
10 13
10 14
10 17
10 22
10 24
10 28
10 34
10 50
10 60
10 62
10 64
10 93
10 101
10 103
10 110
11 11
11 12
11 13
11 14
11 15
11 16
11 17
11 24
11 28
11 29
11 31
11 41
11 44
11 45
11 65
11 72
11 73
11 74
11 75
11 77
11 81
11 83
11 104
11 109
12 12
12 13
12 16
12 17
12 24
12 28
12 29
12 32
12 33
12 62
12 63
12 70
12 72
12 73
12 74
12 78
12 79
12 80
12 81
12 93
12 101
12 102
12 103
12 104
12 106
13 13
13 15
13 16
13 17
13 28
13 29
13 30
13 31
13 33
13 44
13 45
13 62
13 63
13 65
13 71
13 72
13 73
13 74
13 75
13 76
13 77
13 80
13 81
13 104
13 109
14 14
14 15
14 17
14 18
14 19
14 24
14 28
14 30
14 31
14 33
14 34
14 64
14 74
14 82
14 83
14 84
14 85
14 115
15 15
15 23
15 25
15 28
15 30
15 31
15 34
15 41
15 64
15 65
15 73
15 75
15 77
15 83
15 84
15 85
15 94
15 104
15 114
16 16
16 17
16 24
16 28
16 29
16 31
16 33
16 34
16 57
16 62
16 63
16 71
16 72
16 73
16 74
16 78
16 79
16 80
16 81
16 101
16 102
16 104
16 112
17 17
17 28
17 29
17 30
17 31
17 32
17 33
17 36
17 40
17 49
17 62
17 63
17 71
17 72
17 73
17 74
17 75
17 76
17 77
17 80
17 81
17 83
17 104
17 112
18 18
18 19
18 21
18 26
18 30
18 39
18 53
18 56
18 57
18 58
18 59
18 61
18 68
18 69
18 82
18 83
18 86
18 87
18 88
18 89
18 90
18 91
18 94
18 98
18 99
18 107
18 109
18 115
19 19
19 40
19 52
19 53
19 54
19 57
19 59
19 61
19 68
19 69
19 82
19 83
19 86
19 87
19 88
19 89
19 90
19 91
19 94
19 98
19 99
19 108
19 109
19 113
19 115
20 20
20 21
20 39
20 41
20 49
20 67
20 69
20 70
20 71
20 73
20 75
20 77
20 92
21 21
21 22
21 23
21 26
21 27
21 56
21 59
21 66
21 70
21 71
21 82
21 91
21 94
21 97
22 22
22 23
22 24
22 25
22 26
22 27
22 34
22 35
22 50
22 64
22 84
22 86
22 88
22 93
22 97
23 23
23 25
23 26
23 27
23 31
23 34
23 50
23 64
23 82
23 83
23 86
23 87
23 88
23 93
23 94
23 97
23 100
23 107
23 115
24 24
24 25
24 27
24 28
24 30
24 31
24 34
24 35
24 41
24 50
24 64
24 65
24 67
24 71
24 72
24 74
24 75
24 84
24 93
25 25
25 27
25 30
25 31
25 34
25 35
25 38
25 43
25 50
25 64
25 65
25 71
25 84
25 85
25 110
26 26
26 27
26 35
26 54
26 56
26 58
26 59
26 60
26 61
26 66
26 82
26 86
26 87
26 88
26 89
26 90
26 91
26 96
26 100
26 107
26 108
27 27
27 34
27 35
27 47
27 50
27 55
27 64
27 66
27 67
27 84
27 85
27 88
27 96
27 97
27 110
28 28
28 29
28 30
28 31
28 33
28 40
28 62
28 63
28 72
28 74
28 75
28 80
28 81
28 82
28 83
28 104
29 29
29 31
29 33
29 36
29 40
29 42
29 43
29 44
29 45
29 49
29 62
29 63
29 71
29 72
29 73
29 74
29 76
29 80
29 81
29 104
29 111
29 112
30 30
30 31
30 38
30 64
30 65
30 75
30 82
30 84
30 86
31 31
31 33
31 38
31 71
31 75
31 82
31 83
31 84
31 86
31 87
32 32
32 33
32 57
32 61
32 63
32 79
32 81
32 100
32 101
32 102
33 33
33 57
33 62
33 63
33 71
33 72
33 74
33 77
33 80
33 81
33 83
33 101
33 102
33 112
34 34
34 35
34 41
34 43
34 50
34 64
34 65
34 67
34 78
34 84
34 85
34 104
35 35
35 38
35 43
35 44
35 45
35 46
35 47
35 50
35 51
35 64
35 65
35 67
35 84
35 85
35 110
36 36
36 37
36 38
36 40
36 41
36 42
36 46
36 47
36 52
36 54
36 55
36 72
36 75
36 80
36 81
36 96
36 109
36 110
37 37
37 38
37 39
37 40
37 41
37 46
37 47
37 52
37 53
37 54
37 76
37 85
37 109
38 38
38 39
38 46
38 52
38 54
38 55
38 75
38 76
38 77
38 94
38 109
38 110
39 39
39 52
39 54
39 55
39 56
39 86
39 87
39 88
39 89
39 90
39 94
39 100
39 102
39 106
40 40
40 41
40 42
40 43
40 46
40 47
40 52
40 75
40 80
40 81
40 96
40 98
40 108
40 110
41 41
41 42
41 43
41 46
41 47
41 50
41 62
41 72
41 73
41 74
41 75
41 76
41 77
41 80
41 85
41 110
42 42
42 43
42 44
42 45
42 46
42 47
42 49
42 51
42 55
42 62
42 72
42 75
42 80
42 81
42 95
42 96
42 98
42 110
42 111
42 112
43 43
43 44
43 45
43 46
43 47
43 49
43 51
43 67
43 72
43 75
43 80
43 85
43 95
43 96
43 110
43 111
44 44
44 45
44 46
44 47
44 49
44 51
44 72
44 80
44 81
44 95
44 111
44 112
45 45
45 46
45 47
45 49
45 51
45 67
45 71
45 83
45 111
45 112
46 46
46 47
46 51
46 52
46 55
46 75
46 96
46 98
46 110
46 111
47 47
47 49
47 51
47 55
47 67
47 85
47 95
47 96
47 98
47 110
47 111
48 48
48 49
48 50
48 51
48 53
48 54
48 55
48 58
48 59
48 66
48 67
48 79
48 90
48 91
48 96
48 98
48 103
48 110
48 111
49 49
49 51
49 53
49 57
49 69
49 70
49 71
49 73
49 81
49 90
49 91
49 98
49 99
49 111
49 112
50 50
50 51
50 64
50 67
50 78
50 79
50 84
50 85
50 93
50 110
51 51
51 53
51 67
51 110
51 111
52 52
52 53
52 54
52 56
52 57
52 58
52 59
52 60
52 61
52 66
52 68
52 77
52 87
52 89
52 90
52 91
52 96
52 102
52 108
52 113
53 53
53 56
53 57
53 59
53 90
53 91
53 99
53 112
54 54
54 55
54 56
54 58
54 59
54 60
54 61
54 66
54 68
54 86
54 87
54 88
54 89
54 90
54 96
54 98
54 102
54 106
54 109
55 55
55 90
55 91
55 96
55 98
55 99
55 110
55 111
56 56
56 57
56 58
56 59
56 60
56 61
56 63
56 66
56 68
56 69
56 82
56 86
56 87
56 88
56 89
56 90
56 91
56 100
56 101
56 102
56 106
56 107
56 108
56 113
57 57
57 59
57 61
57 63
57 68
57 69
57 72
57 79
57 80
57 81
57 90
57 91
57 98
57 102
57 106
57 112
58 58
58 59
58 60
58 61
58 66
58 68
58 88
58 89
58 90
58 91
58 96
58 98
58 100
58 102
58 103
58 106
58 107
58 108
59 59
59 60
59 61
59 66
59 68
59 86
59 88
59 89
59 90
59 91
59 98
59 99
59 100
59 102
59 106
59 107
59 108
59 113
60 60
60 61
60 62
60 63
60 66
60 88
60 89
60 90
60 91
60 93
60 100
60 101
60 102
60 103
60 106
60 107
60 108
61 61
61 62
61 63
61 66
61 68
61 77
61 82
61 86
61 87
61 88
61 89
61 90
61 91
61 98
61 99
61 100
61 102
61 106
61 107
61 108
61 113
62 62
62 63
62 72
62 73
62 74
62 77
62 80
62 81
62 101
62 102
62 103
63 63
63 71
63 72
63 73
63 74
63 76
63 77
63 79
63 80
63 81
63 101
63 102
63 106
64 64
64 65
64 84
64 85
64 86
64 88
64 93
64 101
64 104
64 105
65 65
65 84
65 88
65 93
65 105
66 66
66 67
66 68
66 88
66 89
66 90
66 91
66 96
66 97
66 98
66 100
66 106
66 107
66 108
66 110
67 67
67 110
68 68
68 69
68 82
68 86
68 87
68 88
68 89
68 90
68 91
68 94
68 98
68 99
68 107
68 108
68 113
68 114
68 115
69 69
69 70
69 73
69 90
69 91
69 104
69 107
69 112
69 114
70 70
70 71
70 72
70 73
70 74
70 76
70 79
70 91
70 92
70 101
70 103
70 104
70 106
71 71
71 72
71 73
71 75
71 76
71 77
71 80
71 81
72 72
72 73
72 74
72 75
72 76
72 79
72 80
72 81
72 104
72 112
73 73
73 74
73 75
73 76
73 77
73 78
73 79
73 80
73 81
73 92
73 104
73 106
74 74
74 75
74 76
74 77
74 80
74 81
74 112
75 75
75 76
75 77
75 80
75 105
76 76
76 77
76 80
76 94
76 97
76 114
77 77
77 83
77 87
77 94
77 97
77 108
77 109
77 113
77 115
78 78
78 79
78 95
78 100
78 103
78 105
78 106
79 79
79 81
79 100
79 101
79 103
79 105
79 106
79 111
79 112
80 80
80 81
80 112
81 81
81 112
82 82
82 83
82 84
82 85
82 86
82 87
82 88
82 89
82 91
82 94
82 99
82 107
82 113
82 115
83 83
83 84
83 85
83 86
83 87
83 114
83 115
84 84
84 85
84 86
84 88
85 85
85 88
85 115
86 86
86 87
86 88
86 89
86 93
86 94
86 99
86 106
86 107
86 113
86 114
86 115
87 87
87 88
87 89
87 90
87 94
87 99
87 102
87 107
87 109
87 113
87 114
87 115
88 88
88 89
88 90
88 93
88 94
88 99
88 100
88 101
88 106
88 107
88 113
88 115
89 89
89 90
89 91
89 93
89 99
89 100
89 102
89 106
89 107
89 108
89 113
90 90
90 91
90 92
90 96
90 98
90 99
90 102
90 106
90 108
90 109
90 113
91 91
91 92
91 98
91 99
91 100
91 106
91 107
91 108
91 112
91 113
92 92
92 93
92 100
92 101
92 102
92 106
93 93
93 100
93 101
93 102
93 103
93 106
93 107
94 94
94 97
94 107
94 108
94 109
94 113
94 114
94 115
95 95
95 96
95 98
95 110
95 111
96 96
96 97
96 98
96 99
96 108
96 110
96 111
97 97
97 98
97 99
97 107
97 108
97 109
97 110
97 113
97 114
97 115
98 98
98 99
98 108
98 110
98 111
98 113
99 99
99 107
99 108
99 111
99 113
99 115
100 100
100 101
100 102
100 103
100 105
100 106
100 107
101 101
101 102
101 103
101 105
101 106
101 107
102 102
102 103
102 106
102 107
102 113
103 103
103 104
103 105
103 106
103 107
103 111
104 104
104 109
104 114
105 105
105 106
106 106
106 107
107 107
107 113
107 114
107 115
108 108
108 113
108 115
109 109
110 110
110 111
111 111
111 112
112 112
112 114
113 113
113 114
113 115
114 114
114 115
115 115
