0 0
0 1
0 16
0 29
0 33
0 40
0 56
0 57
0 66
0 68
0 72
0 75
0 76
0 77
0 78
0 79
0 80
0 81
0 83
0 84
0 85
0 94
1 1
1 11
1 13
1 18
1 32
1 56
1 57
1 58
1 59
1 63
1 66
1 68
1 69
1 72
1 76
1 79
2 2
2 3
2 4
2 5
2 6
2 7
2 8
2 9
2 22
2 23
2 24
2 26
2 35
2 47
2 48
2 60
2 64
2 65
2 69
2 88
2 90
2 91
2 92
2 93
2 110
3 3
3 5
3 6
3 7
3 9
3 19
3 22
3 23
3 24
3 25
3 26
3 27
3 64
3 65
3 69
3 88
3 89
3 92
4 4
4 5
4 6
4 7
4 8
4 9
4 22
4 26
4 47
4 48
4 50
4 52
4 58
4 59
4 60
4 61
4 66
4 67
4 70
4 88
4 89
4 90
4 91
4 92
4 93
4 101
4 102
5 5
5 6
5 7
5 8
5 9
5 22
5 23
5 25
5 26
5 27
5 47
5 48
5 50
5 51
5 52
5 58
5 59
5 65
5 88
5 90
5 91
5 92
5 93
5 101
6 6
6 7
6 9
6 22
6 23
6 24
6 26
6 35
6 42
6 43
6 44
6 45
6 46
6 47
6 64
6 65
6 88
6 91
6 92
6 93
7 7
7 8
7 9
7 11
7 22
7 23
7 24
7 35
7 42
7 43
7 45
7 47
7 64
7 65
7 88
7 90
7 91
7 92
7 93
8 8
8 9
8 14
8 35
8 48
8 58
8 59
8 60
8 61
8 63
8 65
8 88
8 89
8 90
8 91
8 92
8 93
8 100
8 101
8 102
8 103
9 9
9 22
9 23
9 26
9 35
9 47
9 48
9 51
9 52
9 53
9 64
9 65
9 67
9 88
9 90
9 91
9 92
9 93
10 10
10 11
10 12
10 13
10 16
10 17
10 18
10 28
10 29
10 30
10 31
10 36
10 72
10 74
10 75
10 76
10 78
10 79
10 80
10 81
10 82
10 83
10 84
10 85
10 86
10 96
10 111
10 112
10 113
10 115
11 11
11 12
11 13
11 17
11 18
11 30
11 33
11 64
11 65
11 74
11 88
12 12
12 13
12 14
12 15
12 17
12 28
12 60
12 61
12 62
12 63
12 83
13 13
13 15
13 17
13 28
13 29
13 30
13 36
13 40
13 54
13 60
13 61
13 62
13 63
13 70
13 72
13 73
13 74
13 75
13 76
13 78
13 79
13 80
13 81
13 83
13 84
13 113
14 14
14 15
14 50
14 52
14 54
14 60
14 61
14 62
14 63
14 89
14 92
14 95
14 97
14 100
14 101
14 102
14 103
14 111
14 113
15 15
15 36
15 37
15 54
15 58
15 59
15 60
15 61
15 70
15 73
15 74
15 75
15 83
15 89
15 100
15 106
16 16
16 17
16 28
16 29
16 30
16 31
16 36
16 38
16 39
16 40
16 41
16 56
16 57
16 62
16 72
16 73
16 75
16 76
16 77
16 78
16 79
16 80
16 81
16 83
16 84
16 85
16 86
16 87
16 104
16 105
16 114
17 17
17 28
17 29
17 30
17 31
17 33
17 36
17 38
17 40
17 56
17 62
17 63
17 68
17 72
17 73
17 74
17 75
17 76
17 77
17 78
17 79
17 80
17 81
17 83
17 84
17 85
17 86
17 87
17 104
17 113
18 18
18 19
18 28
18 30
18 32
18 43
18 64
18 68
18 69
18 73
18 74
18 76
18 84
18 86
18 96
19 19
19 20
19 27
19 43
19 46
19 68
19 69
19 96
19 106
19 114
20 20
20 21
20 26
20 27
20 32
20 57
20 58
20 84
20 101
20 103
21 21
21 26
21 27
21 83
21 88
22 22
22 23
22 24
22 25
22 26
22 27
22 43
22 45
22 64
22 65
22 87
22 88
22 92
22 97
23 23
23 24
23 25
23 26
23 27
23 34
23 42
23 43
23 45
23 64
23 65
23 67
24 24
24 25
24 26
24 27
24 34
24 64
24 65
24 88
25 25
25 27
25 31
25 33
25 64
25 71
25 101
26 26
26 27
26 46
26 64
26 69
26 88
26 90
26 91
26 92
26 93
27 27
27 42
27 43
27 64
27 87
28 28
28 29
28 30
28 31
28 33
28 36
28 38
28 40
28 41
28 54
28 63
28 68
28 71
28 72
28 73
28 74
28 75
28 76
28 77
28 78
28 79
28 80
28 81
28 83
28 84
28 85
28 87
28 95
28 96
28 104
28 105
28 111
28 112
28 113
28 115
29 29
29 30
29 31
29 33
29 36
29 37
29 38
29 40
29 41
29 54
29 56
29 57
29 62
29 63
29 71
29 72
29 73
29 74
29 75
29 76
29 77
29 78
29 79
29 80
29 81
29 83
29 84
29 85
29 87
29 111
29 112
29 113
30 30
30 31
30 32
30 33
30 36
30 40
30 68
30 71
30 72
30 73
30 74
30 75
30 76
30 78
30 79
30 80
30 81
30 83
30 84
30 85
30 87
30 112
30 113
31 31
31 33
31 36
31 40
31 68
31 71
31 72
31 73
31 74
31 75
31 76
31 78
31 79
31 80
31 81
31 82
31 83
31 84
31 85
31 87
31 105
31 112
31 113
32 32
32 33
32 40
32 57
32 68
32 72
32 73
32 74
32 76
32 79
33 33
33 57
33 68
33 71
33 72
33 73
33 74
33 75
33 78
33 79
33 80
33 81
33 83
33 84
33 87
33 113
34 34
34 35
34 38
34 39
34 42
34 44
34 45
34 97
34 105
34 107
34 109
34 110
34 115
35 35
35 44
35 47
35 48
35 59
35 66
35 67
35 69
35 90
35 91
35 92
35 93
35 107
35 109
35 110
36 36
36 37
36 38
36 39
36 40
36 41
36 54
36 56
36 62
36 63
36 72
36 73
36 74
36 75
36 76
36 77
36 78
36 79
36 80
36 81
36 83
36 84
36 85
36 86
36 87
36 113
37 37
37 38
37 39
37 40
37 41
37 54
37 55
37 62
37 63
37 72
37 73
37 74
37 75
37 76
37 77
37 78
37 80
37 81
37 82
37 83
37 85
37 89
37 105
37 114
37 115
38 38
38 39
38 40
38 41
38 54
38 55
38 72
38 73
38 74
38 75
38 76
38 77
38 78
38 80
38 81
38 82
38 83
38 85
38 86
38 87
38 97
38 104
38 105
38 111
38 112
38 113
38 114
38 115
39 39
39 41
39 75
39 77
39 78
39 80
39 81
39 82
39 83
39 85
39 86
39 104
39 105
39 107
39 114
39 115
40 40
40 41
40 54
40 56
40 62
40 63
40 71
40 72
40 73
40 74
40 75
40 76
40 77
40 78
40 79
40 80
40 81
40 83
40 84
40 85
40 95
40 111
40 112
40 113
41 41
41 56
41 70
41 72
41 73
41 74
41 75
41 76
41 77
41 78
41 80
41 81
41 82
41 83
41 85
41 105
41 106
41 112
41 115
42 42
42 43
42 44
42 45
42 46
42 47
42 49
42 65
42 95
42 96
42 97
42 98
42 105
42 111
42 112
42 115
43 43
43 44
43 45
43 46
43 49
43 53
43 55
43 64
43 65
43 95
43 96
43 97
43 98
43 105
43 111
43 112
43 114
43 115
44 44
44 45
44 46
44 47
44 48
44 49
44 50
44 51
44 64
44 98
44 99
44 109
44 111
45 45
45 46
45 47
45 48
45 49
45 64
45 65
45 67
45 98
45 107
45 108
45 109
45 115
46 46
46 47
46 49
46 50
46 53
46 55
46 95
46 96
46 97
46 98
46 99
46 108
46 111
47 47
47 48
47 49
47 51
47 53
47 66
47 67
47 69
47 90
47 91
47 93
47 98
47 99
47 108
47 109
47 110
48 48
48 49
48 50
48 51
48 52
48 53
48 58
48 59
48 67
48 90
48 91
48 93
48 98
48 99
48 109
49 49
49 50
49 51
49 53
49 55
49 95
49 98
49 99
49 108
49 111
49 112
50 50
50 51
50 52
50 53
50 54
50 55
50 58
50 59
50 61
50 91
50 98
50 99
50 109
51 51
51 52
51 53
51 54
51 55
51 90
51 91
51 92
51 97
51 98
51 99
51 112
52 52
52 53
52 54
52 55
52 58
52 60
52 61
52 89
52 92
53 53
53 55
53 65
53 90
53 98
53 99
53 112
54 54
54 55
54 58
54 62
54 63
54 70
54 72
54 73
54 74
54 75
54 76
54 89
54 95
54 97
54 99
54 111
54 112
54 113
55 55
55 95
55 96
55 97
55 98
55 99
55 109
55 110
55 112
55 114
56 56
56 57
56 59
56 62
56 63
56 72
56 75
56 76
56 77
56 78
56 79
56 80
56 81
56 83
56 85
56 94
56 99
57 57
57 58
57 59
57 66
57 68
57 69
57 70
57 72
57 73
57 75
57 76
57 77
57 78
57 79
57 80
57 81
57 83
57 94
57 106
58 58
58 59
58 60
58 61
58 62
58 66
58 69
58 70
58 89
58 90
58 91
58 93
58 100
58 101
58 102
58 103
58 106
59 59
59 60
59 61
59 62
59 63
59 66
59 67
59 70
59 89
59 90
59 91
59 93
59 94
59 100
59 101
59 102
59 103
59 106
60 60
60 61
60 62
60 63
60 70
60 88
60 89
60 92
60 93
60 100
60 101
60 102
60 103
61 61
61 62
61 63
61 65
61 70
61 88
61 89
61 92
61 93
61 100
61 101
61 102
61 103
62 62
62 63
62 70
62 72
62 76
62 77
62 79
62 80
62 81
62 83
62 85
62 89
62 101
62 102
62 103
63 63
63 72
63 75
63 79
63 81
63 83
63 85
63 89
63 101
63 102
63 103
63 113
64 64
64 65
64 88
64 92
64 93
65 65
65 88
65 89
65 92
65 93
66 66
66 67
66 69
66 70
66 90
66 91
66 93
66 94
66 102
66 106
66 107
67 67
67 69
67 90
67 91
67 93
67 94
67 107
68 68
68 69
68 72
68 73
68 74
68 75
68 76
68 77
68 78
68 79
68 80
68 81
68 84
68 86
68 87
68 96
68 112
69 69
69 88
69 90
69 91
69 93
69 94
69 106
69 110
70 70
70 71
70 72
70 73
70 74
70 75
70 76
70 77
70 83
70 89
70 100
70 101
70 102
70 103
70 106
71 71
71 72
71 73
71 74
71 75
71 77
71 79
71 80
71 82
71 83
71 84
71 113
72 72
72 73
72 74
72 75
72 76
72 77
72 78
72 79
72 80
72 81
72 83
72 84
72 85
72 87
72 112
72 113
73 73
73 74
73 75
73 76
73 77
73 78
73 79
73 80
73 81
73 83
73 84
73 96
73 113
74 74
74 75
74 76
74 77
74 78
74 79
74 80
74 81
74 84
74 95
74 96
74 112
74 113
75 75
75 76
75 77
75 78
75 79
75 80
75 81
75 83
75 84
75 85
75 87
75 113
75 114
76 76
76 77
76 78
76 79
76 80
76 81
76 83
76 84
76 85
76 86
76 87
76 96
77 77
77 78
77 79
77 80
77 81
77 83
77 84
77 85
77 94
78 78
78 79
78 80
78 81
78 83
78 84
78 85
78 86
78 87
78 104
78 105
78 112
78 113
78 114
78 115
79 79
79 80
79 81
79 83
79 84
79 85
79 87
79 113
80 80
80 81
80 82
80 83
80 84
80 85
80 86
80 87
80 104
80 105
81 81
81 83
81 84
81 85
81 86
81 87
82 82
82 83
82 84
82 85
82 86
82 104
82 105
82 111
82 115
83 83
83 84
83 85
83 86
83 100
83 102
83 104
83 105
84 84
84 85
84 86
84 87
84 104
84 113
85 85
85 86
85 105
85 115
86 86
86 87
86 96
86 97
86 104
86 105
86 112
86 114
86 115
87 87
87 104
88 88
88 89
88 92
88 93
89 89
89 91
89 92
89 100
89 101
89 102
89 103
90 90
90 91
90 92
90 93
90 94
90 98
90 106
91 91
91 92
91 93
91 94
91 98
91 101
92 92
92 93
92 100
92 102
93 93
93 100
93 101
93 102
94 94
94 100
94 102
94 106
94 107
94 108
95 95
95 96
95 97
95 98
95 99
95 108
95 109
95 110
95 111
95 112
95 113
95 114
96 96
96 97
96 109
96 110
96 111
96 112
96 113
96 115
97 97
97 104
97 105
97 109
97 110
97 111
97 112
97 113
97 114
97 115
98 98
98 99
98 108
98 109
98 110
99 99
99 109
99 111
99 112
100 100
100 101
100 102
100 103
100 104
101 101
101 102
101 103
101 104
102 102
102 103
102 104
103 103
103 104
103 113
104 104
104 105
104 111
105 105
105 107
105 111
105 112
105 114
105 115
106 106
106 107
106 115
107 107
107 110
107 115
108 108
109 109
109 110
110 110
111 111
111 112
111 113
111 114
111 115
112 112
112 113
112 114
112 115
113 113
114 114
114 115
115 115
