0 0
0 1
0 2
0 3
0 6
0 10
0 14
0 18
0 22
0 23
0 27
0 42
0 43
0 46
0 47
0 55
0 64
0 68
0 82
0 83
0 84
0 86
0 88
0 89
0 91
0 96
1 1
1 3
1 10
1 11
1 14
1 18
1 19
1 21
1 22
1 23
1 52
1 54
1 57
1 82
1 83
1 84
1 86
1 88
1 89
1 90
1 92
2 2
2 3
2 4
2 6
2 8
2 10
2 18
2 22
2 23
2 27
2 42
2 44
2 47
2 64
2 87
2 88
2 91
2 110
3 3
3 6
3 7
3 11
3 18
3 19
3 22
3 23
3 25
3 64
3 84
3 88
3 89
3 91
3 92
3 115
4 4
4 5
4 6
4 8
4 9
4 12
4 13
4 14
4 15
4 22
4 44
4 48
4 64
4 68
4 70
4 76
4 91
4 93
4 109
5 5
5 9
5 21
5 22
5 23
5 24
5 25
5 26
5 27
5 34
5 38
5 39
5 41
5 42
5 43
5 44
5 45
5 47
5 50
5 75
5 89
5 90
5 91
5 92
5 93
5 95
5 98
5 99
5 100
5 101
5 104
5 110
5 115
6 6
6 7
6 8
6 9
6 10
6 12
6 13
6 22
6 44
6 64
6 91
6 93
6 106
7 7
7 9
7 11
7 13
7 64
7 65
7 66
7 67
7 91
7 92
7 93
7 97
7 102
7 106
7 111
8 8
8 9
8 12
8 13
8 22
8 26
8 34
8 48
8 50
8 60
8 68
8 70
8 76
8 77
8 91
8 93
8 106
9 9
9 12
9 13
9 15
9 44
9 45
9 64
9 65
9 67
9 91
9 92
9 93
9 95
9 97
9 99
9 100
9 106
9 107
9 108
10 10
10 12
10 13
10 14
10 16
10 18
10 28
10 30
10 32
10 33
10 60
10 62
10 64
10 72
10 76
10 82
10 86
10 88
11 11
11 13
11 18
11 19
11 64
11 69
11 78
11 83
11 84
11 85
11 89
11 92
11 95
11 97
11 100
11 108
11 115
12 12
12 13
12 14
12 15
12 16
12 28
12 32
12 33
12 54
12 60
12 62
12 63
12 72
12 74
12 76
12 81
12 109
13 13
13 14
13 15
13 29
13 33
13 44
13 91
13 97
13 106
14 14
14 15
14 28
14 32
14 33
14 60
14 62
14 64
14 82
14 83
14 86
14 88
14 94
14 114
15 15
15 32
15 33
15 41
15 42
15 43
15 44
15 61
15 68
15 75
15 83
15 92
15 97
16 16
16 17
16 28
16 29
16 30
16 32
16 33
16 36
16 40
16 54
16 57
16 62
16 63
16 72
16 74
16 76
16 78
16 79
16 80
16 81
16 105
17 17
17 20
17 28
17 29
17 30
17 33
17 48
17 52
17 56
17 57
17 58
17 59
17 61
17 63
17 72
17 76
17 79
17 80
17 98
17 105
17 107
17 112
18 18
18 19
18 21
18 22
18 28
18 33
18 42
18 64
18 74
18 83
18 84
18 88
18 91
19 19
19 49
19 57
19 67
19 69
19 83
19 85
19 89
19 92
19 95
19 100
19 102
19 104
19 108
19 113
19 115
20 20
20 21
20 22
20 23
20 24
20 25
20 26
20 27
20 30
20 31
20 38
20 40
20 42
20 43
20 47
20 56
20 57
20 63
20 74
20 75
20 79
20 83
20 84
20 89
20 96
21 21
21 22
21 24
21 25
21 26
21 27
21 31
21 42
21 46
21 47
21 50
21 52
21 53
21 56
21 57
21 61
21 75
21 83
21 88
21 89
21 115
22 22
22 23
22 24
22 25
22 26
22 27
22 42
22 43
22 46
22 47
22 50
22 52
22 53
22 54
22 56
22 75
22 76
22 86
22 87
22 88
22 91
22 98
23 23
23 24
23 25
23 26
23 27
23 38
23 42
23 43
23 47
23 86
23 87
23 88
23 89
23 92
23 96
24 24
24 25
24 26
24 27
24 31
24 34
24 38
24 40
24 42
24 43
24 46
24 47
24 50
24 54
24 55
24 56
24 75
24 76
24 87
24 89
24 96
24 110
25 25
25 26
25 27
25 31
25 38
25 39
25 40
25 41
25 42
25 43
25 44
25 45
25 47
25 56
25 75
25 85
25 89
25 92
25 95
25 96
25 99
25 100
25 108
25 113
25 115
26 26
26 27
26 30
26 31
26 34
26 38
26 41
26 42
26 43
26 46
26 47
26 50
26 53
26 55
26 56
26 75
26 84
26 88
26 96
26 98
26 110
27 27
27 34
27 37
27 38
27 41
27 42
27 43
27 46
27 47
27 50
27 53
27 55
27 56
27 75
27 88
27 89
27 96
27 98
27 100
27 110
27 115
28 28
28 29
28 30
28 32
28 33
28 36
28 40
28 54
28 62
28 63
28 72
28 74
28 76
28 78
28 79
28 80
28 81
28 82
28 83
28 84
28 85
28 87
29 29
29 30
29 31
29 32
29 33
29 36
29 40
29 62
29 63
29 71
29 72
29 73
29 74
29 75
29 76
29 77
29 79
29 80
29 81
29 83
29 95
29 114
30 30
30 31
30 32
30 33
30 36
30 62
30 71
30 72
30 76
30 79
30 80
30 81
30 82
30 84
30 87
30 94
30 105
30 114
31 31
31 32
31 33
31 36
31 38
31 40
31 53
31 55
31 56
31 71
31 79
31 80
31 81
31 82
31 83
31 84
31 96
31 99
31 108
31 114
31 115
32 32
32 33
32 36
32 40
32 44
32 62
32 64
32 72
32 74
32 78
32 79
32 80
32 81
32 82
32 83
32 84
32 85
32 87
32 95
32 96
32 108
33 33
33 36
33 40
33 62
33 63
33 64
33 72
33 74
33 78
33 79
33 80
33 81
33 83
33 84
33 85
33 99
33 115
34 34
34 35
34 37
34 41
34 45
34 47
34 48
34 50
34 51
34 55
34 56
34 58
34 59
34 67
34 71
34 76
34 77
34 93
34 104
34 110
34 112
35 35
35 44
35 49
35 56
35 58
35 59
35 66
35 67
35 69
35 70
35 71
35 77
35 87
35 93
35 94
35 103
35 105
35 109
35 110
35 111
35 112
35 114
36 36
36 37
36 38
36 39
36 40
36 41
36 54
36 55
36 62
36 63
36 72
36 74
36 78
36 79
36 80
36 81
36 83
36 84
36 85
36 87
36 96
37 37
37 38
37 39
37 40
37 41
37 42
37 43
37 46
37 47
37 50
37 54
37 55
37 63
37 75
37 78
37 79
37 84
37 89
37 95
37 96
37 97
37 98
37 99
37 115
38 38
38 39
38 40
38 41
38 42
38 43
38 44
38 46
38 47
38 55
38 56
38 74
38 75
38 78
38 79
38 84
38 85
38 89
38 95
38 96
38 99
38 108
38 110
38 115
39 39
39 41
39 43
39 55
39 56
39 69
39 73
39 74
39 75
39 79
39 89
39 94
39 95
39 96
39 97
39 99
39 100
39 101
39 107
39 108
39 113
39 114
40 40
40 41
40 42
40 43
40 44
40 46
40 47
40 54
40 55
40 62
40 63
40 72
40 74
40 78
40 79
40 80
40 81
40 83
40 84
40 85
40 95
40 96
40 99
40 108
40 109
40 115
41 41
41 42
41 43
41 44
41 45
41 46
41 47
41 55
41 74
41 75
41 78
41 84
41 89
41 95
41 96
41 97
41 98
41 99
41 100
41 108
41 110
41 113
41 115
42 42
42 43
42 44
42 45
42 46
42 47
42 50
42 64
42 75
42 83
42 84
42 89
42 95
42 96
42 99
42 108
42 110
42 115
43 43
43 44
43 45
43 46
43 47
43 50
43 55
43 75
43 84
43 89
43 95
43 96
43 98
43 99
43 100
43 108
43 110
43 115
44 44
44 45
44 47
44 49
44 64
44 70
44 71
44 74
44 77
44 95
44 99
44 108
44 109
44 110
45 45
45 47
45 49
45 67
45 71
45 89
45 90
45 92
45 93
45 95
45 97
45 99
45 100
45 108
45 110
45 115
46 46
46 47
46 50
46 52
46 54
46 55
46 78
46 84
46 88
46 89
46 90
46 96
46 98
47 47
47 50
47 55
47 75
47 77
47 89
47 96
47 98
47 99
47 110
48 48
48 49
48 50
48 51
48 52
48 53
48 58
48 59
48 61
48 68
48 70
48 76
48 77
48 90
48 91
48 93
48 106
49 49
49 67
49 69
49 70
49 71
49 73
49 77
49 90
49 93
49 94
49 100
49 108
49 109
50 50
50 51
50 52
50 53
50 54
50 59
50 60
50 61
50 68
50 88
50 89
50 90
50 98
50 110
51 51
51 52
51 53
51 57
51 58
51 59
51 65
51 68
51 69
51 73
51 86
51 90
51 98
51 104
51 105
52 52
52 53
52 54
52 57
52 59
52 63
52 68
52 75
52 76
52 77
52 88
52 90
52 91
52 98
52 101
53 53
53 61
53 68
53 88
53 89
53 90
53 98
53 100
53 104
53 113
53 115
54 54
54 55
54 57
54 74
54 76
54 78
54 79
54 81
54 84
54 85
54 86
54 96
54 98
55 55
55 60
55 78
55 82
55 84
55 89
55 96
55 98
55 99
55 107
55 111
56 56
56 57
56 63
56 75
56 76
56 77
56 79
56 96
56 114
57 57
57 59
57 61
57 63
57 69
57 75
57 79
58 58
58 59
58 65
58 66
58 67
58 68
58 71
58 76
58 86
58 103
58 105
58 106
58 107
58 110
58 111
58 112
59 59
59 65
59 66
59 67
59 69
59 86
59 103
59 104
59 105
60 60
60 61
60 63
60 64
60 65
60 82
61 61
61 63
61 65
61 84
62 62
62 63
62 64
62 72
62 73
62 74
62 78
62 79
62 80
62 81
62 82
62 83
62 84
62 85
62 109
62 114
63 63
63 72
63 75
63 79
63 80
63 81
63 84
64 64
64 74
64 82
64 84
64 85
64 96
64 108
65 65
65 66
65 67
65 105
65 106
65 107
65 112
66 66
66 67
66 69
66 80
66 85
66 94
66 103
66 105
66 112
66 114
67 67
67 69
67 92
67 93
67 94
67 95
67 100
67 102
67 105
67 108
67 112
67 113
67 114
68 68
68 70
68 71
68 76
68 77
68 86
68 88
68 91
68 93
68 103
68 104
68 105
68 106
68 111
69 69
69 85
69 92
69 93
69 94
69 95
69 100
69 101
69 102
69 104
69 108
69 113
69 114
70 70
70 71
70 73
70 75
70 76
70 77
70 91
70 93
70 94
70 102
70 103
70 105
70 106
70 109
70 114
71 71
71 73
71 75
71 76
71 77
71 93
71 94
71 103
71 105
71 114
72 72
72 73
72 74
72 76
72 79
72 80
72 81
72 83
72 87
72 114
73 73
73 74
73 76
73 77
73 94
73 95
73 102
73 103
73 105
73 106
73 109
73 114
74 74
74 75
74 78
74 79
74 80
74 81
74 84
74 85
74 95
74 96
74 99
74 108
74 109
75 75
75 76
75 77
75 79
75 89
75 95
75 101
75 108
75 109
75 115
76 76
76 77
76 103
76 105
76 106
77 77
77 93
77 103
77 109
78 78
78 79
78 80
78 81
78 84
78 85
78 96
78 97
78 98
78 107
79 79
79 80
79 81
79 84
79 96
80 80
80 81
80 83
80 84
80 85
80 87
80 95
80 108
80 114
81 81
81 82
81 83
81 84
81 85
81 87
81 114
82 82
82 83
82 84
82 85
82 86
82 87
82 94
82 96
82 105
83 83
83 84
83 85
83 87
83 95
83 108
83 115
84 84
84 85
84 88
84 89
84 96
84 108
84 115
85 85
85 89
85 95
85 96
85 108
85 115
86 86
86 87
86 88
86 105
87 87
87 111
87 114
88 88
88 89
88 91
88 98
89 89
89 92
89 95
89 96
89 100
89 108
89 113
89 115
90 90
90 91
90 92
90 98
90 100
90 101
90 102
90 103
90 104
91 91
91 92
91 93
91 98
91 100
91 101
91 102
91 103
91 104
91 106
91 107
92 92
92 93
92 100
92 101
92 102
92 104
92 113
92 115
93 93
93 100
93 101
93 102
93 104
93 106
93 110
93 113
94 94
94 95
94 96
94 105
94 108
94 113
94 114
95 95
95 97
95 99
95 100
95 108
95 109
95 113
95 115
96 96
96 98
96 99
96 108
97 97
97 99
97 100
97 101
97 107
97 108
97 109
97 110
97 115
98 98
98 99
98 107
99 99
99 100
99 108
99 111
99 112
99 113
99 115
100 100
100 101
100 102
100 104
100 108
100 113
100 115
101 101
101 102
101 103
101 106
102 102
102 103
102 105
102 106
102 113
102 114
103 103
103 104
103 105
103 106
103 107
103 111
104 104
104 107
104 113
105 105
105 106
105 107
105 111
105 114
106 106
106 107
106 111
107 107
107 111
107 112
108 108
108 113
108 115
109 109
109 110
110 110
110 112
111 111
111 112
112 112
113 113
113 114
113 115
114 114
115 115
