0 0
0 1
0 10
0 11
0 13
0 14
0 16
0 18
0 19
0 30
0 31
0 56
0 57
0 58
0 60
0 61
0 64
0 65
0 70
0 71
0 75
0 84
0 87
0 89
1 1
1 10
1 11
1 13
1 16
1 29
1 30
1 32
1 56
1 57
1 58
1 59
1 60
1 61
1 62
1 63
1 65
1 70
1 75
1 76
1 84
1 87
1 89
1 98
1 104
1 109
2 2
2 3
2 4
2 5
2 6
2 7
2 8
2 9
2 14
2 18
2 22
2 23
2 24
2 25
2 27
2 31
2 34
2 35
2 39
2 40
2 64
2 67
2 82
2 86
2 92
2 93
2 94
2 114
3 3
3 6
3 7
3 8
3 9
3 14
3 18
3 19
3 21
3 22
3 23
3 24
3 25
3 27
3 30
3 31
3 39
3 64
3 65
3 77
3 82
3 87
3 89
3 90
3 91
3 92
3 108
4 4
4 5
4 6
4 8
4 14
4 20
4 22
4 23
4 24
4 25
4 26
4 35
4 37
4 39
4 40
4 42
4 43
4 45
4 46
4 47
4 67
4 68
4 69
4 82
4 86
4 90
4 91
4 92
4 93
4 94
4 101
4 102
4 110
4 111
5 5
5 7
5 8
5 9
5 12
5 22
5 23
5 24
5 25
5 26
5 35
5 38
5 39
5 42
5 43
5 45
5 50
5 51
5 52
5 53
5 67
5 90
5 92
5 94
5 95
5 104
5 108
5 110
5 111
5 112
5 114
6 6
6 7
6 8
6 10
6 11
6 14
6 18
6 19
6 22
6 23
6 25
6 31
6 40
6 82
6 86
6 90
6 91
6 92
6 93
7 7
7 8
7 9
7 11
7 13
7 14
7 18
7 22
7 25
7 30
7 31
7 64
7 65
7 88
7 89
7 92
7 108
7 114
8 8
8 9
8 10
8 14
8 18
8 22
8 23
8 24
8 25
8 27
8 31
8 35
8 39
8 40
8 64
8 65
8 67
8 82
8 86
8 88
8 90
8 91
8 92
8 93
8 94
9 9
9 11
9 12
9 13
9 15
9 22
9 23
9 24
9 25
9 27
9 35
9 36
9 40
9 64
9 65
9 89
9 92
9 94
9 104
9 108
10 10
10 11
10 12
10 13
10 14
10 15
10 16
10 17
10 18
10 40
10 56
10 64
10 65
10 70
10 73
10 82
11 11
11 12
11 13
11 14
11 15
11 16
11 17
11 18
11 19
11 27
11 31
11 33
11 56
11 64
11 65
11 70
11 76
11 84
11 89
11 103
12 12
12 13
12 14
12 15
12 16
12 17
12 26
12 35
12 40
12 50
12 56
12 60
13 13
13 14
13 15
13 16
13 17
13 27
13 30
13 31
13 35
13 56
13 60
13 61
13 64
13 65
13 70
13 84
13 89
13 103
13 104
14 14
14 18
14 19
14 21
14 22
14 23
14 25
14 27
14 30
14 31
14 40
14 64
14 65
14 69
14 70
14 82
14 83
14 84
14 86
14 89
14 90
14 91
14 92
14 93
14 100
15 15
15 16
15 28
15 37
15 40
15 56
15 60
15 89
15 104
16 16
16 17
16 28
16 29
16 32
16 33
16 40
16 56
16 57
16 60
16 61
16 62
16 63
16 72
16 73
16 74
16 76
16 78
16 79
16 80
16 81
16 84
17 17
17 28
17 29
17 32
17 49
17 56
17 57
17 61
17 62
17 63
17 66
17 72
17 73
17 74
17 76
17 78
17 79
17 80
17 81
17 105
17 106
17 113
18 18
18 19
18 23
18 31
18 64
18 68
18 70
18 73
18 75
18 82
18 86
18 91
18 93
18 100
19 19
19 28
19 33
19 41
19 68
19 69
19 73
19 77
19 81
19 82
19 83
19 91
19 100
19 101
20 20
20 21
20 45
20 68
20 75
20 85
20 100
20 103
20 109
20 110
20 113
21 21
21 23
21 25
21 27
21 31
21 39
21 45
21 47
21 64
21 71
21 78
21 79
21 85
21 89
21 95
21 96
21 97
21 100
21 110
22 22
22 23
22 24
22 25
22 26
22 27
22 31
22 34
22 35
22 38
22 39
22 40
22 64
22 86
22 92
22 94
22 110
23 23
23 24
23 25
23 27
23 31
23 37
23 39
23 47
23 64
23 67
23 69
23 82
23 86
23 89
23 90
23 91
23 92
23 110
23 114
24 24
24 25
24 34
24 35
24 39
24 40
24 42
24 43
24 50
24 52
24 53
24 92
24 94
24 95
24 97
24 110
24 111
24 112
25 25
25 27
25 30
25 31
25 35
25 39
25 45
25 64
25 65
25 75
25 84
25 85
25 86
25 88
25 89
25 92
25 94
25 110
25 114
26 26
26 34
26 53
26 57
26 63
26 66
26 111
27 27
27 30
27 31
27 34
27 35
27 37
27 38
27 39
27 64
27 65
27 82
27 84
27 85
27 86
27 87
27 88
27 89
27 92
27 110
28 28
28 29
28 32
28 33
28 40
28 57
28 60
28 61
28 62
28 63
28 66
28 72
28 73
28 74
28 76
28 78
28 80
28 81
28 83
28 97
28 105
28 115
29 29
29 32
29 33
29 36
29 41
29 49
29 56
29 57
29 60
29 61
29 62
29 63
29 66
29 72
29 73
29 74
29 76
29 78
29 79
29 80
29 81
29 95
29 98
29 109
30 30
30 31
30 34
30 35
30 39
30 60
30 61
30 64
30 65
30 70
30 71
30 73
30 74
30 75
30 84
30 85
30 86
30 87
30 88
30 89
30 102
31 31
31 39
31 64
31 65
31 70
31 71
31 74
31 75
31 77
31 82
31 83
31 84
31 85
31 87
31 88
31 89
31 92
32 32
32 33
32 44
32 49
32 56
32 57
32 60
32 62
32 63
32 66
32 68
32 72
32 73
32 74
32 76
32 78
32 79
32 80
32 81
32 98
32 105
32 109
32 111
32 112
32 115
33 33
33 57
33 62
33 63
33 68
33 72
33 73
33 74
33 76
33 77
33 80
33 81
34 34
34 35
34 36
34 39
34 55
34 66
34 113
34 114
35 35
35 36
35 38
35 39
35 40
35 45
35 58
35 60
35 64
35 65
35 84
35 86
35 88
35 89
35 94
35 95
35 104
36 36
36 37
36 38
36 39
36 40
36 55
36 61
36 77
36 80
36 94
36 104
36 105
37 37
37 40
37 54
37 69
37 83
37 90
37 104
38 38
38 39
38 40
38 42
38 46
38 54
38 55
38 88
38 94
38 96
38 105
38 108
38 111
38 115
39 39
39 40
39 55
39 64
39 65
39 75
39 77
39 86
39 88
39 92
39 94
39 95
39 96
39 108
39 110
39 114
40 40
40 74
40 82
40 94
40 105
40 109
41 41
41 46
41 62
41 63
41 66
41 68
41 71
41 80
41 82
41 83
42 42
42 43
42 44
42 45
42 46
42 47
42 48
42 49
42 50
42 51
42 52
42 53
42 54
42 55
42 59
42 66
42 67
42 69
42 90
42 93
42 98
42 106
42 111
42 112
43 43
43 44
43 45
43 46
43 47
43 48
43 49
43 50
43 51
43 52
43 53
43 55
43 59
43 66
43 67
43 96
43 98
43 110
43 111
43 112
44 44
44 45
44 46
44 47
44 48
44 49
44 50
44 51
44 52
44 53
44 55
44 59
44 60
44 63
44 66
44 67
44 98
44 106
44 110
44 112
44 113
45 45
45 47
45 49
45 50
45 58
45 59
45 60
45 67
45 95
45 100
45 101
45 106
45 109
45 110
45 113
46 46
46 47
46 48
46 49
46 51
46 52
46 53
46 54
46 55
46 59
46 67
46 69
46 90
46 91
46 92
46 93
46 98
46 100
46 106
47 47
47 49
47 50
47 51
47 52
47 53
47 55
47 67
47 69
47 90
47 91
47 93
47 96
47 98
47 106
47 109
47 110
47 111
47 113
48 48
48 49
48 50
48 51
48 52
48 53
48 54
48 55
48 58
48 59
48 60
48 66
48 93
48 98
48 99
48 101
48 105
48 106
48 112
49 49
49 50
49 51
49 52
49 53
49 55
49 56
49 57
49 58
49 59
49 60
49 61
49 62
49 63
49 66
49 80
49 81
49 95
49 98
49 99
49 106
49 109
49 112
50 50
50 51
50 52
50 53
50 54
50 55
50 58
50 66
50 67
50 94
50 95
50 96
50 98
50 104
50 109
50 111
50 112
51 51
51 52
51 53
51 54
51 55
51 59
51 63
51 66
51 90
51 91
51 97
51 98
51 99
51 103
51 106
51 111
51 112
52 52
52 53
52 54
52 55
52 59
52 66
52 68
52 90
52 91
52 93
52 98
52 103
52 105
52 106
52 109
52 111
52 112
53 53
53 54
53 55
53 59
53 63
53 66
53 97
53 98
53 106
53 112
54 54
54 55
54 58
54 88
54 94
54 96
54 104
54 106
55 55
55 66
55 96
55 98
55 105
56 56
56 57
56 58
56 60
56 61
56 62
56 63
56 70
56 72
56 73
56 74
56 76
56 79
56 80
56 81
56 87
56 104
57 57
57 59
57 60
57 61
57 62
57 63
57 72
57 74
57 76
57 79
57 80
57 81
57 87
57 98
57 99
57 109
58 58
58 59
58 60
58 61
58 65
58 84
58 88
58 98
58 102
58 104
58 109
59 59
59 60
59 61
59 62
59 63
59 66
59 67
59 69
59 80
59 98
59 99
59 101
59 104
59 106
60 60
60 61
60 62
60 65
60 84
60 88
60 104
61 61
61 62
61 63
61 65
61 66
61 70
61 73
61 74
61 76
61 80
61 84
61 87
61 89
61 99
61 104
62 62
62 63
62 66
62 72
62 73
62 74
62 76
62 78
62 79
62 80
62 81
62 95
62 109
62 115
63 63
63 66
63 72
63 74
63 76
63 78
63 79
63 80
63 81
63 85
63 95
63 98
63 99
64 64
64 65
64 70
64 75
64 83
64 84
64 85
64 87
64 88
64 89
64 92
64 108
64 110
64 114
65 65
65 84
65 88
65 89
65 92
65 102
65 108
65 110
66 66
66 67
66 68
66 72
66 80
66 81
66 95
66 98
66 106
66 115
67 67
67 69
67 86
67 90
67 91
67 92
67 93
67 95
67 100
67 101
67 102
67 106
67 110
67 113
67 114
68 68
68 70
68 73
68 75
68 77
68 100
68 103
68 106
69 69
69 71
69 82
69 86
69 90
69 91
69 92
69 93
69 100
69 101
69 102
69 106
69 110
70 70
70 71
70 72
70 73
70 74
70 75
70 76
70 77
70 84
70 86
70 87
70 89
70 106
71 71
71 77
71 83
71 87
71 100
72 72
72 73
72 74
72 76
72 77
72 78
72 80
72 81
72 105
72 115
73 73
73 74
73 75
73 76
73 77
73 78
73 79
73 80
73 81
73 84
74 74
74 76
74 77
74 78
74 79
74 80
74 81
74 84
74 85
74 87
74 105
74 115
75 75
75 76
75 77
75 86
75 87
75 109
76 76
76 77
76 78
76 79
76 80
76 81
76 84
76 87
76 105
76 115
77 77
77 78
77 79
77 108
77 115
78 78
78 79
78 80
78 81
78 83
78 84
78 85
79 79
79 80
79 81
79 84
79 85
79 89
79 97
79 98
79 107
80 80
80 81
80 83
80 87
80 95
80 98
81 81
81 95
81 97
81 98
81 112
82 82
82 83
82 86
82 90
82 91
82 92
82 93
82 100
82 101
83 83
83 84
83 100
84 84
84 85
84 86
84 87
84 88
84 89
84 113
85 85
85 87
85 89
86 86
86 88
86 100
86 101
86 102
86 106
87 87
87 89
87 99
88 88
88 89
88 92
88 102
88 104
88 108
89 89
89 92
89 107
89 108
89 110
90 90
90 91
90 92
90 93
90 100
90 101
90 102
90 108
90 110
90 114
91 91
91 92
91 93
91 96
91 99
91 100
91 101
91 102
91 103
91 107
91 108
91 110
91 111
91 112
91 114
92 92
92 93
92 100
92 101
92 102
92 103
92 108
92 110
92 114
93 93
93 100
93 101
93 102
93 103
93 107
93 111
93 112
94 94
94 95
94 97
94 105
94 109
94 111
94 114
95 95
95 96
95 97
95 98
95 104
95 108
95 109
95 111
95 113
95 114
96 96
96 97
96 98
96 99
96 104
96 109
96 110
96 111
96 114
97 97
97 98
97 103
97 109
97 110
97 111
97 114
98 98
98 99
98 104
98 105
98 106
98 109
98 111
98 112
99 99
99 112
100 100
100 101
100 102
100 106
100 107
100 110
101 101
101 102
101 106
101 107
101 109
101 110
102 102
102 103
102 114
103 103
103 104
103 107
103 111
103 112
103 113
103 115
104 104
104 111
105 105
105 111
105 112
105 114
105 115
106 106
106 107
106 110
107 107
107 110
107 112
108 108
108 114
108 115
109 109
109 111
110 110
110 114
111 111
111 112
111 115
112 112
113 113
113 114
113 115
114 114
114 115
115 115
