0 0
0 1
0 3
0 4
0 6
0 10
0 12
0 14
0 16
0 17
0 18
0 19
0 28
0 56
0 57
0 58
0 60
0 62
0 63
0 68
0 72
0 74
0 86
0 88
0 89
0 101
1 1
1 3
1 11
1 13
1 15
1 19
1 56
1 57
1 59
1 60
1 61
1 62
1 63
1 68
1 83
1 87
1 89
2 2
2 3
2 4
2 5
2 6
2 7
2 8
2 9
2 10
2 12
2 14
2 18
2 22
2 23
2 24
2 25
2 26
2 27
2 30
2 31
2 33
2 64
2 74
2 84
2 86
2 88
2 93
3 3
3 4
3 6
3 7
3 8
3 12
3 14
3 18
3 19
3 20
3 22
3 23
3 60
3 62
3 64
3 83
3 84
3 86
3 87
3 88
3 89
4 4
4 5
4 6
4 7
4 8
4 9
4 10
4 12
4 14
4 17
4 18
4 19
4 22
4 23
4 26
4 31
4 57
4 58
4 79
4 84
4 88
5 5
5 9
5 20
5 21
5 22
5 23
5 24
5 25
5 26
5 27
5 30
5 31
5 50
5 54
5 57
5 64
5 71
5 79
5 84
5 85
5 86
5 88
6 6
6 7
6 8
6 9
6 10
6 12
6 13
6 14
6 18
6 22
6 23
6 28
6 30
6 31
6 33
6 58
6 60
6 62
6 64
6 74
6 84
6 86
6 88
6 93
7 7
7 8
7 9
7 11
7 12
7 13
7 22
7 23
7 60
7 61
7 64
7 65
7 74
7 88
7 92
7 114
8 8
8 9
8 10
8 12
8 13
8 14
8 18
8 22
8 28
8 58
8 60
8 64
8 84
8 88
9 9
9 11
9 12
9 13
9 15
9 61
9 64
9 65
9 74
9 92
10 10
10 11
10 12
10 13
10 14
10 16
10 17
10 18
10 19
10 22
10 23
10 28
10 29
10 31
10 33
10 52
10 58
10 60
10 62
10 63
10 72
10 74
10 79
10 81
10 84
10 88
10 91
10 93
11 11
11 12
11 13
11 15
11 16
11 17
11 29
11 33
11 52
11 59
11 60
11 61
11 62
11 63
11 72
11 74
11 79
11 92
11 112
12 12
12 13
12 14
12 17
12 18
12 22
12 23
12 28
12 29
12 33
12 52
12 58
12 60
12 62
12 64
12 74
12 84
12 88
12 91
12 93
13 13
13 15
13 33
13 52
13 58
13 59
13 60
13 61
13 63
13 65
13 92
13 95
14 14
14 15
14 18
14 19
14 22
14 23
14 28
14 30
14 34
14 54
14 64
14 69
14 82
14 83
14 84
14 86
14 87
14 88
14 93
15 15
15 16
15 17
15 19
15 28
15 29
15 61
15 72
15 82
15 83
15 87
16 16
16 17
16 19
16 28
16 29
16 32
16 33
16 52
16 56
16 57
16 62
16 63
16 68
16 72
16 74
16 75
16 78
16 79
16 80
16 81
16 98
16 99
16 101
17 17
17 23
17 29
17 31
17 32
17 33
17 52
17 57
17 58
17 62
17 63
17 68
17 73
17 79
17 80
17 81
17 83
17 84
18 18
18 19
18 28
18 32
18 58
18 60
18 62
18 66
18 82
18 88
18 91
18 101
19 19
19 28
19 32
19 33
19 57
19 68
19 69
19 82
19 83
19 88
19 91
19 93
19 101
20 20
20 21
20 22
20 23
20 24
20 25
20 26
20 27
20 30
20 31
20 37
20 50
20 64
20 72
20 84
20 86
20 87
20 88
20 97
21 21
21 24
21 25
21 26
21 27
21 38
21 39
21 40
21 54
21 55
21 57
21 77
21 78
21 87
21 96
22 22
22 23
22 24
22 25
22 26
22 27
22 30
22 31
22 54
22 64
22 82
22 84
22 86
22 88
22 93
23 23
23 24
23 25
23 26
23 27
23 30
23 31
23 62
23 64
23 79
23 84
23 85
23 86
23 87
23 88
24 24
24 25
24 26
24 27
24 30
24 31
24 34
24 38
24 39
24 43
24 50
24 54
24 64
24 71
24 79
24 81
24 84
24 85
24 86
24 101
25 25
25 26
25 27
25 30
25 31
25 34
25 35
25 38
25 39
25 43
25 47
25 50
25 54
25 55
25 64
25 65
25 67
25 71
25 77
25 84
25 85
25 86
25 110
26 26
26 27
26 30
26 31
26 38
26 39
26 43
26 50
26 54
26 55
26 57
26 64
26 71
26 77
26 79
26 81
26 84
26 85
26 86
26 88
26 96
26 110
27 27
27 30
27 31
27 34
27 38
27 39
27 40
27 43
27 47
27 50
27 54
27 55
27 64
27 67
27 71
27 75
27 77
27 84
27 85
27 86
27 96
27 101
27 110
28 28
28 29
28 60
28 62
28 69
28 70
28 72
28 75
28 82
28 83
28 84
29 29
29 32
29 33
29 41
29 43
29 52
29 56
29 57
29 58
29 62
29 63
29 68
29 73
29 75
29 79
29 80
29 81
29 83
29 91
29 98
29 102
30 30
30 31
30 33
30 43
30 50
30 64
30 74
30 79
30 81
30 84
30 85
30 86
30 88
31 31
31 33
31 34
31 42
31 43
31 53
31 64
31 73
31 79
31 80
31 81
31 84
31 85
32 32
32 33
32 42
32 43
32 46
32 47
32 52
32 53
32 55
32 80
32 81
32 96
32 98
32 108
33 33
33 43
33 52
33 58
33 74
33 79
33 80
33 81
34 34
34 35
34 36
34 38
34 40
34 47
34 54
34 67
34 69
34 70
34 71
34 73
34 75
34 77
34 85
34 107
34 110
35 35
35 36
35 40
35 47
35 54
35 67
35 69
35 70
35 71
35 73
35 75
35 77
35 85
36 36
36 38
36 39
36 40
36 47
36 54
36 67
36 69
36 70
36 71
36 75
36 76
36 77
36 78
36 80
36 90
36 92
36 100
36 102
36 103
36 104
36 105
37 37
37 41
37 44
37 45
37 49
37 51
37 55
37 65
37 72
37 74
37 76
37 94
37 95
37 96
37 97
37 99
37 100
37 104
37 108
37 109
37 111
37 112
37 113
37 114
37 115
38 38
38 39
38 40
38 47
38 54
38 55
38 67
38 68
38 69
38 70
38 71
38 75
38 76
38 77
38 78
38 82
38 90
38 96
38 99
38 101
38 102
38 103
38 107
38 109
38 110
39 39
39 40
39 46
39 47
39 54
39 55
39 68
39 70
39 71
39 75
39 76
39 77
39 78
39 80
39 90
39 96
39 98
39 99
39 100
39 102
39 103
39 107
39 109
39 110
39 111
40 40
40 47
40 59
40 61
40 67
40 68
40 69
40 70
40 71
40 76
40 77
40 78
40 82
40 90
40 92
40 96
40 100
40 103
40 104
40 106
40 107
40 109
40 110
41 41
41 63
41 72
41 73
41 74
41 75
41 76
41 94
41 95
41 97
41 104
42 42
42 43
42 44
42 45
42 46
42 47
42 48
42 49
42 51
42 53
42 55
42 80
42 90
42 96
42 98
42 110
42 111
42 112
43 43
43 44
43 45
43 46
43 47
43 48
43 50
43 51
43 53
43 55
43 66
43 79
43 80
43 81
43 85
43 96
43 98
43 110
43 112
44 44
44 45
44 46
44 47
44 48
44 49
44 50
44 51
44 53
44 55
44 95
44 96
44 97
44 98
44 100
44 108
44 111
44 115
45 45
45 46
45 47
45 48
45 49
45 50
45 51
45 53
45 55
45 95
45 97
45 100
45 108
45 111
45 114
46 46
46 47
46 48
46 49
46 50
46 51
46 53
46 55
46 80
46 81
46 90
46 96
46 98
46 99
46 110
46 111
46 112
47 47
47 48
47 51
47 53
47 54
47 55
47 67
47 71
47 77
47 78
47 80
47 90
47 96
47 98
47 99
47 110
47 111
47 112
48 48
48 49
48 50
48 51
48 53
48 55
48 59
48 90
48 96
48 98
48 100
48 104
48 111
49 49
49 50
49 51
49 53
49 55
49 59
49 61
49 63
49 90
49 95
49 97
49 100
49 104
49 111
49 114
49 115
50 50
50 51
50 53
50 55
50 64
50 86
50 96
50 97
50 113
50 114
51 51
51 52
51 53
51 55
51 59
51 61
51 63
51 90
51 95
51 96
51 97
51 98
51 100
51 111
51 112
51 113
51 114
52 52
52 53
52 58
52 59
52 60
52 62
52 63
52 72
52 81
52 91
52 101
53 53
53 55
53 80
53 81
53 91
53 96
53 98
53 101
53 111
54 54
54 55
54 68
54 69
54 70
54 71
54 73
54 75
54 77
54 79
54 80
54 81
54 82
54 84
54 85
54 93
54 101
54 102
54 110
55 55
55 57
55 78
55 80
55 81
55 96
55 97
55 98
55 99
55 109
55 110
55 111
55 112
55 113
56 56
56 57
56 58
56 59
56 60
56 62
56 63
56 68
56 72
56 78
56 80
56 81
56 89
56 96
56 99
56 101
56 108
56 109
56 111
57 57
57 63
57 68
57 78
57 79
57 80
57 81
57 83
57 89
57 96
57 101
58 58
58 59
58 60
58 62
58 63
58 66
58 91
59 59
59 60
59 61
59 63
59 68
59 90
59 91
59 92
59 102
59 103
59 106
60 60
60 61
60 62
60 63
60 72
60 74
60 88
60 89
60 95
60 97
60 104
60 108
60 114
60 115
61 61
61 63
61 65
61 72
61 87
61 89
61 92
61 95
61 97
61 100
61 104
61 106
61 108
61 109
61 111
61 113
61 114
61 115
62 62
62 63
62 72
62 83
62 89
62 95
63 63
63 72
63 89
63 95
63 97
63 114
63 115
64 64
64 65
64 84
64 86
64 88
64 114
65 65
65 67
65 92
65 94
65 95
65 97
65 100
65 104
65 106
65 112
65 113
65 114
66 66
66 67
66 69
66 90
66 91
66 93
66 101
66 110
67 67
67 69
67 70
67 71
67 77
67 85
67 90
67 92
67 107
67 110
68 68
68 69
68 73
68 75
68 77
68 79
68 80
68 81
68 82
68 83
68 90
68 93
68 98
68 101
68 102
68 103
68 110
69 69
69 70
69 71
69 73
69 75
69 77
69 82
69 83
69 90
69 91
69 93
69 102
70 70
70 71
70 73
70 75
70 76
70 77
70 82
70 92
70 100
70 104
70 106
70 107
71 71
71 73
71 75
71 76
71 77
71 82
71 85
71 107
71 110
72 72
72 74
72 94
72 95
72 97
72 108
72 109
72 111
72 114
73 73
73 74
73 75
73 76
73 77
73 79
73 80
73 81
73 85
73 93
73 102
74 74
74 76
74 94
74 95
74 97
74 108
74 113
74 114
75 75
75 76
75 77
75 79
75 80
75 81
75 110
76 76
76 77
76 78
76 92
76 96
76 99
76 100
76 103
76 109
76 110
76 111
76 112
77 77
77 78
77 80
77 85
77 90
77 96
77 98
77 102
77 103
77 110
78 78
78 80
78 81
78 90
78 96
78 98
78 99
78 102
78 103
78 109
78 110
78 111
78 112
79 79
79 80
79 81
79 84
79 85
79 101
79 110
80 80
80 81
80 83
80 96
80 98
80 101
80 102
80 110
81 81
81 85
81 96
81 98
81 101
81 102
81 110
82 82
82 83
82 84
82 86
82 87
82 88
82 93
82 101
82 107
82 110
83 83
83 85
83 87
83 89
83 90
84 84
84 85
84 86
84 87
84 88
85 85
85 110
86 86
86 87
86 88
86 89
86 97
86 108
86 113
86 114
87 87
87 88
87 89
88 88
88 89
88 114
89 89
89 94
89 95
89 97
89 114
90 90
90 91
90 92
90 93
90 98
90 100
90 101
90 102
90 103
90 110
90 111
91 91
91 92
91 93
91 98
91 99
91 101
91 102
92 92
92 93
92 100
92 103
92 104
92 106
92 109
92 113
93 93
93 101
93 102
93 103
94 94
94 95
94 96
94 97
94 99
94 100
94 104
94 105
94 106
94 108
94 111
94 112
94 113
94 114
94 115
95 95
95 97
95 100
95 104
95 106
95 108
95 111
95 112
95 113
95 114
95 115
96 96
96 97
96 98
96 99
96 100
96 108
96 109
96 110
96 111
96 112
96 113
97 97
97 99
97 100
97 104
97 108
97 109
97 111
97 112
97 113
97 114
97 115
98 98
98 99
98 101
98 102
98 110
98 111
98 112
99 99
99 100
99 101
99 102
99 103
99 105
99 108
99 109
99 111
99 112
99 113
99 115
100 100
100 103
100 104
100 105
100 106
100 107
100 108
100 109
100 111
100 113
100 114
100 115
101 101
101 102
101 110
102 102
102 103
102 112
103 103
103 104
103 105
103 106
104 104
104 105
104 106
104 107
104 114
104 115
105 105
105 106
105 115
106 106
106 107
106 115
107 107
107 110
107 111
108 108
108 109
108 111
108 112
108 113
108 114
108 115
109 109
109 110
109 111
109 113
110 110
110 111
111 111
111 112
111 113
111 114
111 115
112 112
112 113
113 113
113 114
113 115
114 114
114 115
115 115
