0 0
0 1
0 10
0 12
0 13
0 16
0 17
0 28
0 29
0 32
0 33
0 36
0 37
0 41
0 42
0 43
0 46
0 52
0 56
0 60
0 61
0 62
0 63
0 72
0 73
0 74
0 75
0 76
0 77
0 78
0 80
0 81
0 95
0 98
0 108
0 112
0 113
0 114
1 1
1 10
1 13
1 16
1 17
1 29
1 32
1 33
1 34
1 52
1 57
1 58
1 59
1 61
1 63
1 72
1 76
1 78
1 79
1 108
2 2
2 20
2 22
2 24
2 25
2 27
2 31
2 34
2 35
2 52
2 58
2 65
2 66
2 74
2 79
2 101
2 110
3 3
3 5
3 7
3 9
3 11
3 21
3 22
3 23
3 24
3 25
3 27
3 30
3 31
3 35
3 48
3 50
3 53
3 64
3 65
3 88
3 92
4 4
4 5
4 8
4 22
4 24
4 26
4 38
4 59
4 67
4 69
4 86
4 89
4 109
5 5
5 9
5 21
5 22
5 23
5 24
5 25
5 26
5 27
5 38
5 39
5 65
5 67
5 69
5 84
5 86
5 87
5 88
5 89
5 91
5 92
5 93
5 97
6 6
6 7
6 8
6 9
6 12
6 28
6 29
6 33
6 36
6 41
6 60
6 64
6 70
6 71
6 72
6 73
6 76
6 77
6 80
6 81
6 82
6 83
6 102
7 7
7 9
7 25
7 30
7 31
7 45
7 53
7 61
7 64
7 65
7 71
7 78
7 83
7 112
8 8
8 29
8 33
8 36
8 60
8 70
8 73
8 74
8 76
8 77
8 83
8 90
8 91
8 95
8 102
8 106
8 109
9 9
9 11
9 15
9 20
9 21
9 25
9 30
9 31
9 45
9 49
9 53
9 65
9 71
9 83
9 85
9 112
10 10
10 11
10 12
10 13
10 14
10 16
10 18
10 22
10 36
10 38
10 40
10 52
10 54
10 57
10 58
10 60
10 64
10 74
10 78
10 79
10 81
10 84
10 85
10 88
10 89
10 101
11 11
11 12
11 13
11 14
11 15
11 21
11 23
11 27
11 30
11 31
11 39
11 64
11 65
11 84
11 85
11 87
11 88
11 97
11 105
11 107
11 108
11 114
12 12
12 13
12 14
12 16
12 18
12 22
12 36
12 38
12 40
12 52
12 54
12 56
12 57
12 58
12 60
12 64
12 68
12 74
12 76
12 78
12 79
12 80
12 81
12 84
12 85
12 88
12 89
12 101
13 13
13 14
13 15
13 39
13 54
13 56
13 58
13 64
13 68
13 84
13 85
13 88
13 89
13 95
13 97
13 103
13 105
13 107
13 108
13 110
13 113
13 114
13 115
14 14
14 15
14 18
14 38
14 54
14 57
14 58
14 64
14 68
14 69
14 81
14 82
14 84
14 86
14 87
14 88
14 90
14 91
14 93
14 95
14 97
14 99
14 101
14 103
14 110
15 15
15 23
15 30
15 31
15 39
15 84
15 85
15 86
15 87
15 88
15 94
15 95
15 96
15 97
15 103
15 104
15 105
15 107
15 108
15 113
15 114
15 115
16 16
16 17
16 28
16 29
16 32
16 33
16 36
16 41
16 46
16 56
16 57
16 60
16 61
16 62
16 63
16 72
16 73
16 74
16 76
16 78
16 79
16 80
16 81
16 98
16 112
17 17
17 28
17 29
17 32
17 33
17 37
17 40
17 41
17 42
17 43
17 46
17 56
17 61
17 62
17 63
17 72
17 73
17 74
17 76
17 77
17 78
17 79
17 80
17 81
17 98
17 112
17 113
17 114
18 18
18 19
18 28
18 32
18 54
18 57
18 66
18 69
18 72
18 76
18 90
18 91
18 95
18 98
18 99
18 101
18 103
18 104
18 109
18 110
19 19
19 28
19 32
19 33
19 42
19 46
19 47
19 56
19 68
19 69
19 72
19 87
19 90
19 95
19 96
19 98
19 99
19 102
19 103
19 104
19 105
19 108
19 111
19 113
19 114
19 115
20 20
20 21
20 22
20 23
20 27
20 30
20 31
20 34
20 37
20 41
20 56
20 64
20 65
20 70
20 73
20 75
20 84
20 93
20 102
20 110
21 21
21 22
21 23
21 24
21 25
21 27
21 30
21 31
21 34
21 35
21 65
21 70
21 71
21 85
21 87
21 92
21 93
21 114
22 22
22 23
22 24
22 25
22 26
22 27
22 30
22 31
22 34
22 35
22 58
22 64
22 65
22 84
22 88
22 89
22 91
22 92
22 93
22 101
22 110
23 23
23 24
23 25
23 26
23 27
23 30
23 31
23 34
23 35
23 39
23 65
23 68
23 84
23 86
23 87
23 88
23 91
23 92
23 93
23 94
23 97
23 100
23 110
24 24
24 25
24 26
24 27
24 30
24 35
24 39
24 48
24 58
24 66
24 67
24 88
24 91
24 92
24 93
24 100
24 109
24 110
25 25
25 26
25 27
25 30
25 31
25 35
25 39
25 45
25 48
25 65
25 67
25 86
25 88
25 92
26 26
26 27
26 38
26 39
26 54
26 59
26 66
26 67
26 68
26 69
26 84
26 86
26 87
26 88
26 89
26 92
26 97
27 27
27 30
27 31
27 34
27 35
27 39
27 58
27 64
27 65
27 84
27 85
27 88
27 89
27 92
27 93
27 97
27 110
28 28
28 29
28 32
28 33
28 46
28 60
28 62
28 63
28 72
28 76
28 77
28 78
28 79
28 80
28 81
28 82
28 83
28 95
28 98
28 113
29 29
29 32
29 33
29 37
29 41
29 42
29 43
29 44
29 46
29 60
29 61
29 62
29 63
29 71
29 72
29 73
29 76
29 77
29 78
29 80
29 81
29 83
29 98
29 112
29 113
30 30
30 31
30 35
30 64
30 65
30 71
30 82
30 88
31 31
31 35
31 45
31 65
31 82
31 83
31 107
32 32
32 33
32 36
32 41
32 42
32 43
32 46
32 55
32 56
32 57
32 60
32 62
32 63
32 66
32 72
32 73
32 74
32 75
32 76
32 80
32 81
32 98
33 33
33 41
33 42
33 43
33 46
33 47
33 63
33 72
33 73
33 74
33 75
33 76
33 77
33 78
33 80
33 83
33 98
34 34
34 35
34 37
34 41
34 52
34 56
34 58
34 66
34 73
34 74
34 75
34 76
34 77
34 88
34 93
34 110
35 35
35 48
35 52
35 58
35 65
35 66
35 88
35 89
35 92
35 93
35 94
35 101
35 110
36 36
36 37
36 38
36 40
36 52
36 56
36 57
36 58
36 63
36 64
36 70
36 72
36 73
36 74
36 75
36 76
36 77
36 78
36 79
36 80
36 81
36 84
36 85
36 99
37 37
37 40
37 41
37 62
37 63
37 72
37 73
37 74
37 75
37 76
37 77
37 85
37 95
37 98
37 105
37 112
37 114
38 38
38 39
38 40
38 54
38 57
38 58
38 66
38 67
38 68
38 69
38 84
38 86
38 87
38 88
38 89
38 97
39 39
39 54
39 68
39 69
39 84
39 86
39 87
39 88
39 97
39 104
39 105
40 40
40 52
40 54
40 58
40 64
40 78
40 79
40 80
40 81
40 82
40 84
40 88
40 96
40 97
41 41
41 42
41 43
41 46
41 47
41 53
41 56
41 63
41 70
41 72
41 73
41 74
41 75
41 76
41 77
41 98
41 105
41 106
41 108
41 111
41 112
41 113
41 114
42 42
42 43
42 44
42 45
42 46
42 47
42 48
42 49
42 50
42 51
42 53
42 55
42 62
42 63
42 72
42 96
42 98
42 106
42 111
42 112
42 113
42 114
43 43
43 44
43 45
43 46
43 47
43 48
43 49
43 50
43 51
43 53
43 55
43 63
43 72
43 96
43 98
43 106
43 111
43 112
43 113
43 114
44 44
44 45
44 46
44 47
44 48
44 49
44 50
44 51
44 53
44 55
44 67
44 98
44 111
44 112
45 45
45 46
45 47
45 48
45 49
45 50
45 51
45 53
45 67
45 71
45 96
45 98
45 111
45 112
46 46
46 47
46 48
46 49
46 50
46 51
46 53
46 55
46 63
46 72
46 96
46 98
46 108
46 111
46 112
46 113
46 114
47 47
47 48
47 49
47 50
47 51
47 53
47 55
47 96
47 98
47 106
47 111
47 112
47 113
47 114
48 48
48 49
48 50
48 51
48 52
48 53
48 55
48 59
48 66
48 67
48 100
49 49
49 50
49 51
49 53
49 55
49 67
49 98
49 111
49 112
50 50
50 51
50 53
50 59
50 61
50 62
50 63
50 71
50 112
51 51
51 53
51 55
51 59
51 66
51 67
52 52
52 54
52 57
52 58
52 59
52 60
52 61
52 66
52 74
52 76
52 78
52 79
52 89
52 101
53 53
53 55
53 61
53 63
53 98
53 112
54 54
54 55
54 57
54 58
54 59
54 66
54 68
54 69
54 84
54 86
54 87
54 88
54 89
54 95
54 97
55 55
55 96
55 98
55 99
55 108
55 112
56 56
56 57
56 58
56 68
56 72
56 73
56 74
56 75
56 76
56 77
56 81
56 95
56 99
56 103
56 105
56 108
56 110
56 113
56 114
57 57
57 58
57 60
57 66
57 68
57 74
57 79
57 81
57 89
57 93
57 99
57 101
58 58
58 64
58 66
58 74
58 79
58 84
58 88
58 89
58 91
58 93
58 101
58 110
59 59
59 61
59 66
59 86
59 89
59 100
59 101
60 60
60 61
60 62
60 63
60 72
60 73
60 74
60 76
60 77
60 78
60 80
60 81
60 83
61 61
61 62
61 63
61 78
61 79
61 107
61 112
62 62
62 63
62 72
62 73
62 76
62 78
62 79
62 80
62 81
62 98
62 112
63 63
63 72
63 73
63 76
63 77
63 78
63 79
63 80
63 81
63 98
63 112
64 64
64 65
64 84
64 85
64 88
65 65
65 71
65 84
65 85
65 88
65 107
66 66
66 67
66 68
66 74
66 89
66 91
66 92
66 93
66 101
66 109
67 67
67 69
67 86
67 90
67 91
67 92
67 100
68 68
68 69
68 87
68 90
68 91
68 93
68 97
68 99
68 100
68 103
68 104
68 109
68 110
69 69
69 87
69 90
69 91
69 96
69 97
69 99
69 100
69 102
69 103
69 104
69 105
69 110
69 115
70 70
70 71
70 73
70 74
70 75
70 76
70 77
70 91
70 92
70 93
70 109
71 71
71 77
71 115
72 72
72 73
72 74
72 75
72 76
72 77
72 78
72 79
72 80
72 81
72 83
72 98
72 112
73 73
73 74
73 75
73 76
73 77
73 112
74 74
74 75
74 76
74 77
75 75
75 76
75 77
75 95
76 76
76 77
76 81
76 95
76 98
77 77
77 95
77 109
78 78
78 79
78 80
78 81
78 83
79 79
79 80
79 81
79 84
79 101
80 80
80 81
80 82
80 83
81 81
81 82
81 83
81 98
82 82
82 83
82 90
82 96
82 97
82 102
83 83
83 102
84 84
84 85
84 87
84 88
84 89
84 97
85 85
85 87
85 88
85 95
85 108
85 114
86 86
86 87
86 89
86 91
86 92
86 97
86 104
86 110
87 87
87 88
87 89
87 92
87 93
87 95
87 97
87 103
87 104
87 105
87 114
87 115
88 88
88 89
88 92
88 93
88 97
89 89
89 92
89 93
89 97
89 101
90 90
90 91
90 93
90 99
90 100
90 101
90 102
90 103
90 104
90 106
90 109
90 110
90 111
91 91
91 92
91 93
91 94
91 99
91 100
91 101
91 103
91 109
91 110
91 111
92 92
92 93
92 94
92 100
92 109
92 110
93 93
93 94
93 100
93 101
93 103
93 109
93 110
94 94
94 95
94 96
94 97
94 99
94 100
94 101
94 103
94 104
94 105
94 106
94 107
94 108
94 109
94 110
94 111
94 113
94 114
95 95
95 97
95 98
95 99
95 103
95 104
95 105
95 108
95 109
95 113
95 114
95 115
96 96
96 98
96 99
96 104
96 105
96 111
96 113
96 114
96 115
97 97
97 103
97 104
97 105
97 107
97 109
97 110
97 114
97 115
98 98
98 99
98 103
98 104
98 105
98 106
98 108
98 111
98 112
98 113
98 114
98 115
99 99
99 100
99 101
99 102
99 103
99 104
99 110
99 111
99 114
100 100
100 101
100 102
100 103
100 104
100 106
100 107
100 109
100 110
100 111
101 101
101 102
101 103
101 106
101 110
102 102
102 103
102 104
102 106
102 110
102 115
103 103
103 104
103 105
103 106
103 108
103 110
103 111
103 113
103 114
103 115
104 104
104 105
104 106
104 108
104 110
104 111
104 113
104 114
104 115
105 105
105 108
105 113
105 114
105 115
106 106
106 110
106 111
106 112
106 113
106 114
107 107
107 112
107 113
108 108
108 109
108 111
108 113
108 114
108 115
109 109
109 110
109 114
110 110
111 111
111 112
111 113
111 114
111 115
112 112
112 113
113 113
113 114
113 115
114 114
114 115
115 115
