0 0
0 1
0 2
0 3
0 4
0 6
0 7
0 18
0 19
0 22
0 26
0 48
0 58
0 59
0 60
0 61
0 88
0 90
0 91
0 93
1 1
1 19
1 57
1 59
1 61
1 68
1 69
1 90
1 91
2 2
2 3
2 4
2 5
2 6
2 7
2 8
2 9
2 18
2 19
2 22
2 23
2 24
2 26
2 44
2 48
2 50
2 51
2 58
2 59
2 66
2 67
2 68
2 69
2 88
2 90
2 92
2 93
3 3
3 4
3 5
3 6
3 7
3 8
3 9
3 18
3 19
3 21
3 22
3 23
3 26
3 48
3 58
3 59
3 66
3 67
3 68
3 69
3 88
3 90
3 92
3 93
4 4
4 5
4 6
4 7
4 8
4 9
4 11
4 20
4 22
4 24
4 26
4 44
4 48
4 49
4 50
4 51
4 59
4 67
4 88
5 5
5 6
5 7
5 9
5 20
5 21
5 22
5 23
5 24
5 25
5 26
5 27
5 50
5 51
5 67
5 93
6 6
6 7
6 8
6 9
6 22
6 26
6 44
6 48
6 58
6 59
6 61
6 66
6 67
6 68
6 69
6 88
6 90
6 92
6 93
7 7
7 8
7 9
7 22
7 26
7 44
7 48
7 51
7 58
7 59
7 61
7 66
7 67
7 68
7 69
7 88
7 90
7 92
7 93
8 8
8 9
8 20
8 44
8 45
8 64
8 67
9 9
9 11
9 15
9 20
9 24
9 64
9 67
10 10
10 11
10 12
10 14
10 15
10 25
10 34
10 35
10 50
10 65
10 74
10 75
10 76
10 77
10 85
11 11
11 14
11 15
11 50
11 51
11 65
11 82
12 12
12 13
12 15
12 16
12 17
12 28
12 60
12 61
12 63
12 74
12 76
12 77
13 13
13 15
13 16
13 17
13 28
13 29
13 60
13 61
13 63
13 71
13 73
13 75
13 76
13 77
13 100
14 14
14 15
14 20
14 24
14 25
14 30
14 31
14 40
14 70
14 73
14 74
14 75
14 76
14 77
14 82
14 83
14 86
15 15
15 16
15 17
15 20
15 25
15 28
15 29
15 30
15 31
15 33
15 36
15 37
15 40
15 41
15 71
15 72
15 73
15 74
15 75
15 76
15 77
15 79
15 81
16 16
16 17
16 28
16 29
16 30
16 31
16 32
16 33
16 34
16 36
16 37
16 38
16 40
16 41
16 46
16 54
16 55
16 56
16 57
16 62
16 63
16 71
16 72
16 73
16 74
16 75
16 76
16 77
16 78
16 79
16 80
16 81
16 84
16 85
16 94
16 96
16 97
16 98
16 109
16 111
17 17
17 28
17 29
17 30
17 31
17 32
17 33
17 34
17 36
17 37
17 38
17 40
17 41
17 43
17 46
17 54
17 55
17 56
17 57
17 62
17 63
17 71
17 72
17 73
17 74
17 75
17 76
17 77
17 78
17 79
17 80
17 81
17 84
17 85
17 96
17 97
17 98
17 109
17 111
17 115
18 18
18 19
18 57
18 58
18 59
18 66
18 68
18 69
18 90
18 91
18 92
18 93
19 19
19 23
19 26
19 57
19 59
19 66
19 67
19 68
19 69
19 90
19 91
19 92
19 93
19 101
19 103
20 20
20 21
20 24
20 25
20 26
20 27
20 70
20 71
20 114
21 21
21 22
21 25
21 26
21 27
21 70
21 71
21 94
22 22
22 23
22 24
22 26
22 27
22 48
22 50
22 51
22 59
22 66
22 67
22 69
22 88
22 93
23 23
23 24
23 25
23 26
23 27
23 50
23 67
23 68
23 69
23 82
23 90
23 91
24 24
24 25
24 26
24 27
24 35
24 51
25 25
25 27
25 30
25 31
25 34
25 40
25 42
25 43
25 73
25 74
25 75
25 82
25 86
26 26
26 27
26 51
26 59
26 66
26 67
26 68
26 69
26 88
26 90
26 92
26 93
26 101
26 103
27 27
27 103
28 28
28 29
28 30
28 31
28 32
28 33
28 34
28 36
28 37
28 38
28 40
28 41
28 46
28 55
28 56
28 62
28 63
28 71
28 72
28 73
28 74
28 75
28 76
28 77
28 78
28 79
28 80
28 81
28 83
28 84
28 85
28 96
28 97
28 98
28 109
28 111
28 115
29 29
29 30
29 31
29 32
29 33
29 36
29 37
29 38
29 40
29 41
29 43
29 46
29 47
29 55
29 56
29 62
29 63
29 71
29 72
29 73
29 74
29 75
29 76
29 77
29 78
29 79
29 80
29 81
29 83
29 84
29 85
29 96
29 97
29 98
29 99
29 111
29 115
30 30
30 31
30 32
30 33
30 36
30 37
30 38
30 40
30 41
30 46
30 47
30 62
30 72
30 73
30 74
30 75
30 76
30 77
30 78
30 79
30 80
30 81
30 84
30 111
30 115
31 31
31 33
31 36
31 37
31 38
31 40
31 41
31 46
31 47
31 62
31 63
31 71
31 72
31 73
31 74
31 75
31 76
31 77
31 78
31 79
31 80
31 81
31 82
31 83
31 84
31 85
31 97
31 111
31 115
32 32
32 33
32 36
32 37
32 38
32 41
32 55
32 62
32 63
32 72
32 73
32 74
32 78
32 79
32 80
32 81
32 84
32 85
32 108
32 111
33 33
33 34
33 36
33 37
33 38
33 40
33 41
33 62
33 63
33 72
33 73
33 74
33 75
33 76
33 77
33 78
33 79
33 80
33 81
33 83
33 84
33 85
33 108
33 111
33 113
33 115
34 34
34 35
34 50
34 65
34 70
34 71
34 74
34 76
34 77
34 79
34 84
35 35
35 44
35 45
35 65
35 67
36 36
36 37
36 38
36 40
36 41
36 46
36 47
36 54
36 55
36 56
36 62
36 63
36 71
36 72
36 73
36 74
36 75
36 76
36 77
36 78
36 79
36 80
36 81
36 83
36 84
36 85
36 94
36 96
36 97
36 98
36 99
36 108
36 109
36 111
36 113
36 115
37 37
37 38
37 39
37 40
37 41
37 46
37 47
37 54
37 55
37 56
37 57
37 62
37 71
37 72
37 73
37 74
37 75
37 76
37 77
37 78
37 79
37 80
37 81
37 83
37 84
37 85
37 87
37 94
37 96
37 97
37 98
37 99
37 109
37 111
37 112
37 113
38 38
38 39
38 40
38 41
38 47
38 54
38 55
38 62
38 72
38 73
38 76
38 77
38 78
38 79
38 80
38 81
38 83
38 84
38 85
38 87
38 94
38 96
38 97
38 98
38 99
38 104
38 107
38 109
38 110
38 111
38 112
38 113
39 39
39 54
39 55
39 80
39 94
39 96
39 97
39 98
39 99
39 100
39 104
39 105
39 107
39 109
39 110
40 40
40 41
40 46
40 47
40 55
40 62
40 71
40 72
40 73
40 74
40 75
40 76
40 77
40 78
40 79
40 80
40 81
40 82
40 83
40 84
40 85
40 96
40 97
40 108
40 109
40 111
40 115
41 41
41 47
41 55
41 56
41 62
41 63
41 72
41 73
41 74
41 75
41 76
41 77
41 78
41 79
41 80
41 81
41 83
41 84
41 85
41 96
41 97
41 98
41 99
41 111
41 112
41 113
41 115
42 42
42 43
42 45
42 46
42 47
42 49
42 51
42 53
42 111
43 43
43 45
43 46
43 47
43 53
43 55
43 72
43 74
43 76
43 78
43 79
43 81
43 84
43 85
43 111
44 44
44 45
44 48
44 49
44 50
44 51
44 59
44 65
44 66
44 67
45 45
45 49
45 51
45 53
45 67
46 46
46 47
46 53
46 55
46 62
46 71
46 72
46 73
46 74
46 75
46 76
46 77
46 78
46 79
46 80
46 81
46 83
46 84
46 85
46 96
46 98
46 111
47 47
47 53
47 55
47 56
47 72
47 73
47 74
47 75
47 76
47 78
47 79
47 80
47 81
47 82
47 84
47 85
47 86
47 87
47 96
47 98
47 99
47 110
47 111
47 112
47 113
47 115
48 48
48 49
48 50
48 51
48 52
48 58
48 59
48 61
48 66
48 67
48 88
48 90
48 93
48 100
49 49
49 50
49 51
49 61
49 65
49 67
50 50
50 51
50 52
50 53
50 59
50 65
50 89
51 51
51 52
51 53
51 59
52 52
52 53
52 54
52 58
52 59
52 88
52 89
53 53
53 74
53 76
53 78
53 79
53 85
53 111
54 54
54 55
54 56
54 60
54 62
54 63
54 70
54 71
54 72
54 76
54 77
54 78
54 79
54 85
54 87
54 89
54 94
54 96
54 97
54 98
54 99
55 55
55 56
55 62
55 71
55 72
55 73
55 74
55 75
55 76
55 77
55 78
55 79
55 80
55 81
55 84
55 85
55 87
55 89
55 94
55 95
55 96
55 97
55 98
55 99
55 109
55 110
55 111
55 112
55 113
56 56
56 57
56 60
56 62
56 63
56 72
56 73
56 78
56 79
56 80
56 81
56 96
56 98
56 99
56 111
56 112
56 115
57 57
57 63
57 80
57 81
57 91
57 98
57 99
58 58
58 59
58 60
58 61
58 66
58 88
58 90
58 91
58 93
59 59
59 61
59 66
59 67
59 68
59 69
59 88
59 90
59 91
59 92
59 93
59 103
60 60
60 61
60 62
60 63
60 109
61 61
61 63
61 64
61 65
61 100
62 62
62 63
62 72
62 73
62 74
62 75
62 76
62 77
62 78
62 79
62 80
62 81
62 83
62 84
62 85
62 96
62 98
62 99
62 111
62 115
63 63
63 72
63 73
63 74
63 76
63 77
63 78
63 79
63 80
63 81
63 84
63 85
63 98
64 64
64 65
64 84
65 65
65 67
66 66
66 67
66 68
66 69
66 88
66 90
66 91
66 92
66 93
66 103
66 105
66 107
67 67
67 68
67 69
67 90
67 92
67 93
67 101
67 102
67 103
67 105
68 68
68 69
68 90
68 91
68 92
68 93
68 101
68 103
68 105
68 110
69 69
69 90
69 91
69 92
69 93
69 101
69 103
70 70
70 71
70 73
70 75
70 76
70 77
70 89
71 71
71 72
71 73
71 74
71 75
71 76
71 77
71 78
71 79
71 81
71 94
71 96
71 97
71 109
72 72
72 73
72 74
72 75
72 76
72 77
72 78
72 79
72 80
72 81
72 83
72 84
72 85
72 96
72 97
72 98
72 99
72 109
72 111
72 115
73 73
73 74
73 75
73 76
73 77
73 78
73 79
73 80
73 81
73 83
73 84
73 85
73 96
73 97
73 98
73 109
73 111
73 115
74 74
74 75
74 76
74 77
74 78
74 79
74 80
74 81
74 82
74 83
74 84
74 85
74 96
74 98
74 111
74 115
75 75
75 76
75 77
75 78
75 79
75 80
75 81
75 82
75 83
75 84
75 85
75 96
75 109
76 76
76 77
76 78
76 79
76 80
76 81
76 83
76 84
76 85
76 96
76 97
76 98
76 109
76 111
77 77
77 78
77 79
77 80
77 81
77 84
77 85
77 96
77 97
77 98
77 109
78 78
78 79
78 80
78 81
78 83
78 84
78 85
78 94
78 96
78 97
78 98
78 99
78 108
78 111
78 115
79 79
79 80
79 81
79 84
79 85
79 94
79 96
79 97
79 98
79 99
79 109
79 111
79 115
80 80
80 81
80 84
80 85
80 94
80 95
80 96
80 97
80 98
80 99
80 111
80 112
80 115
81 81
81 84
81 85
81 94
81 95
81 96
81 97
81 98
81 99
81 111
81 115
82 82
82 83
82 86
82 87
82 108
83 83
83 84
83 85
83 87
83 97
83 108
83 115
84 84
84 85
84 86
84 87
84 89
84 96
84 97
84 98
84 99
84 110
84 111
84 115
85 85
85 87
85 89
85 96
85 97
85 98
85 99
85 110
85 111
86 86
86 87
86 89
86 97
86 110
87 87
87 89
87 96
87 97
87 98
87 99
87 109
87 110
88 88
88 92
88 93
89 89
89 96
89 97
89 110
90 90
90 91
90 92
90 93
90 101
90 103
90 105
91 91
91 92
91 93
91 99
91 101
91 103
91 110
91 112
92 92
92 93
92 103
92 105
92 110
93 93
93 100
93 101
93 102
93 103
93 105
94 94
94 96
94 97
94 98
94 104
94 105
94 107
94 108
94 109
95 95
95 96
95 98
95 99
95 108
95 111
95 115
96 96
96 97
96 98
96 99
96 109
96 111
97 97
97 98
97 99
97 109
97 110
97 111
98 98
98 99
98 111
98 112
98 113
99 99
99 108
99 110
99 111
99 112
99 113
99 115
100 100
100 101
100 102
100 103
100 104
100 106
101 101
101 102
101 103
101 104
101 106
101 112
102 102
102 103
102 104
102 106
103 103
103 104
103 105
103 106
103 107
103 114
104 104
104 105
104 107
104 113
105 105
105 106
105 107
105 114
106 106
106 107
107 107
107 113
108 108
108 113
108 115
109 109
110 110
110 111
111 111
111 112
111 113
111 115
112 112
112 113
113 113
113 115
114 114
114 115
115 115
