0 0
0 1
0 10
0 16
0 18
0 56
0 57
0 58
0 60
0 62
0 73
0 74
0 76
0 79
0 80
0 81
0 98
0 99
0 111
0 112
1 1
1 10
1 11
1 12
1 13
1 16
1 17
1 18
1 32
1 36
1 56
1 57
1 58
1 59
1 60
1 61
1 62
1 63
1 68
1 72
1 73
1 74
1 79
1 80
1 81
1 84
2 2
2 4
2 6
2 7
2 8
2 9
2 12
2 13
2 14
2 58
2 60
2 61
2 66
2 83
2 87
2 91
2 92
2 93
2 107
3 3
3 5
3 6
3 7
3 22
3 23
3 24
3 25
3 26
3 27
3 30
3 31
3 34
3 35
3 42
3 43
3 45
3 64
3 65
3 67
3 83
3 88
3 89
3 92
3 100
3 105
4 4
4 5
4 6
4 7
4 8
4 9
4 14
4 20
4 21
4 24
4 26
4 59
4 67
4 75
4 77
4 82
4 83
4 90
4 91
4 92
4 93
4 94
4 106
4 107
4 110
4 113
4 114
5 5
5 7
5 21
5 22
5 23
5 24
5 25
5 26
5 27
5 30
5 31
5 34
5 35
5 38
5 39
5 42
5 43
5 45
5 47
5 64
5 65
5 67
5 83
5 89
5 108
5 110
6 6
6 7
6 8
6 9
6 12
6 14
6 15
6 22
6 23
6 30
6 50
6 58
6 60
6 61
6 64
6 65
6 66
6 67
6 83
6 88
6 92
6 93
7 7
7 8
7 9
7 13
7 15
7 23
7 24
7 30
7 31
7 34
7 35
7 58
7 61
7 64
7 65
7 66
7 67
7 83
7 88
7 92
7 100
7 105
8 8
8 9
8 10
8 12
8 14
8 15
8 58
8 60
8 61
8 64
8 65
8 68
8 69
8 82
8 84
8 86
8 88
8 92
8 93
8 101
8 106
9 9
9 12
9 13
9 14
9 15
9 23
9 24
9 35
9 50
9 58
9 60
9 61
9 64
9 65
9 66
9 67
9 68
9 69
9 86
9 88
9 92
9 93
9 105
10 10
10 11
10 12
10 13
10 14
10 15
10 16
10 17
10 28
10 32
10 33
10 48
10 50
10 58
10 60
10 61
10 62
10 63
10 73
10 74
10 75
10 76
10 80
10 82
10 84
10 86
10 87
10 93
10 101
11 11
11 12
11 13
11 15
11 16
11 17
11 28
11 29
11 32
11 36
11 48
11 49
11 50
11 51
11 52
11 54
11 55
11 59
11 60
11 61
11 62
11 63
11 72
11 73
11 74
11 76
11 80
11 81
11 84
11 87
12 12
12 13
12 14
12 15
12 16
12 17
12 28
12 32
12 33
12 50
12 52
12 58
12 60
12 61
12 62
12 63
12 66
12 84
12 86
12 87
12 93
12 101
13 13
13 15
13 17
13 28
13 32
13 33
13 48
13 50
13 51
13 52
13 54
13 58
13 59
13 60
13 61
13 63
13 65
13 66
13 74
13 76
13 84
14 14
14 15
14 20
14 22
14 28
14 50
14 58
14 60
14 82
14 83
14 84
14 86
14 88
14 91
14 92
14 93
14 101
15 15
15 30
15 33
15 34
15 35
15 50
15 58
15 60
15 61
15 64
15 65
15 66
15 67
15 68
15 76
15 82
15 83
15 84
15 86
15 88
16 16
16 17
16 19
16 28
16 29
16 32
16 36
16 50
16 52
16 56
16 57
16 60
16 62
16 63
16 72
16 74
16 76
16 78
16 79
16 80
16 81
16 84
16 86
16 87
16 91
16 93
16 97
16 101
17 17
17 28
17 29
17 32
17 33
17 36
17 48
17 49
17 50
17 51
17 52
17 53
17 57
17 62
17 63
17 72
17 73
17 74
17 78
17 79
17 80
17 81
17 84
17 86
17 87
18 18
18 19
18 22
18 32
18 57
18 60
18 64
18 68
18 76
18 97
19 19
19 20
19 21
19 29
19 62
19 69
19 70
19 71
19 77
19 81
19 90
19 91
19 93
19 101
19 103
19 104
19 107
19 111
19 114
20 20
20 21
20 26
20 71
20 82
20 90
20 91
20 94
20 95
20 103
20 104
20 107
20 113
20 114
21 21
21 23
21 24
21 25
21 26
21 27
21 31
21 37
21 38
21 39
21 42
21 71
21 77
21 82
21 83
21 90
21 91
21 94
21 95
21 100
21 102
21 103
21 106
21 107
21 113
21 114
22 22
22 23
22 24
22 25
22 26
22 27
22 30
22 31
22 34
22 35
22 64
22 65
22 82
22 83
22 88
23 23
23 24
23 25
23 26
23 27
23 30
23 31
23 34
23 35
23 38
23 42
23 43
23 45
23 47
23 64
23 65
23 67
23 71
23 77
23 82
23 83
23 88
23 89
23 92
23 100
23 105
23 110
24 24
24 25
24 26
24 27
24 30
24 31
24 35
24 41
24 42
24 43
24 45
24 46
24 47
24 49
24 64
24 65
24 67
24 75
24 88
24 94
24 100
24 107
24 108
24 110
24 113
25 25
25 26
25 27
25 30
25 31
25 33
25 34
25 35
25 38
25 39
25 40
25 41
25 43
25 45
25 46
25 64
25 65
25 67
25 83
25 88
25 108
25 110
26 26
26 27
26 30
26 31
26 34
26 35
26 64
26 77
26 82
26 83
26 88
26 94
26 106
26 108
26 110
26 114
27 27
27 30
27 31
27 34
27 35
27 38
27 39
27 43
27 45
27 64
27 65
27 67
27 83
27 88
27 89
27 94
27 108
27 110
28 28
28 29
28 32
28 33
28 36
28 40
28 52
28 54
28 55
28 62
28 63
28 72
28 78
28 79
28 80
28 81
28 84
28 86
29 29
29 32
29 33
29 36
29 37
29 40
29 41
29 44
29 48
29 49
29 51
29 53
29 63
29 71
29 72
29 73
29 78
29 79
29 80
29 81
29 82
29 84
29 98
30 30
30 31
30 33
30 34
30 35
30 41
30 64
30 65
30 67
30 75
30 76
30 82
30 83
30 86
30 87
30 88
30 100
31 31
31 33
31 34
31 35
31 42
31 43
31 45
31 46
31 64
31 65
31 67
31 71
31 77
31 82
31 83
31 88
31 100
31 110
32 32
32 33
32 36
32 40
32 48
32 49
32 50
32 51
32 52
32 53
32 54
32 55
32 57
32 62
32 63
32 72
32 73
32 74
32 76
32 78
32 79
32 80
32 81
32 84
32 85
32 97
32 98
33 33
33 34
33 40
33 50
33 64
33 74
33 76
33 79
33 84
33 86
34 34
34 35
34 43
34 45
34 64
34 65
34 67
34 83
34 88
34 110
35 35
35 42
35 43
35 45
35 58
35 64
35 65
35 67
35 88
35 100
35 105
35 110
36 36
36 37
36 38
36 39
36 40
36 41
36 54
36 55
36 56
36 57
36 62
36 63
36 72
36 73
36 74
36 78
36 79
36 80
36 81
36 85
36 94
36 97
36 98
36 99
37 37
37 38
37 39
37 40
37 41
37 46
37 54
37 55
37 71
37 72
37 78
37 81
37 90
37 92
37 94
37 96
37 98
37 99
37 102
37 107
37 109
38 38
38 39
38 40
38 41
38 54
38 55
38 70
38 71
38 78
38 89
38 94
38 96
38 97
38 108
38 109
38 110
39 39
39 40
39 54
39 55
39 70
39 71
39 89
39 90
39 94
39 96
39 97
39 108
39 109
39 110
39 114
40 40
40 41
40 54
40 55
40 57
40 63
40 72
40 74
40 76
40 78
40 79
40 80
40 81
40 85
40 96
40 97
41 41
41 57
41 72
41 73
41 74
41 75
41 83
41 87
42 42
42 43
42 44
42 45
42 46
42 47
42 67
42 77
42 90
42 94
42 95
42 96
42 98
42 99
42 102
42 103
42 107
42 108
42 110
42 111
42 115
43 43
43 44
43 45
43 46
43 47
43 67
43 96
43 98
43 108
43 110
43 115
44 44
44 45
44 46
44 47
44 48
44 49
44 50
44 51
44 52
44 53
44 55
44 70
44 71
44 90
44 94
44 96
44 98
44 110
44 111
44 115
45 45
45 46
45 47
45 48
45 49
45 65
45 67
45 96
45 98
45 108
45 110
46 46
46 47
46 48
46 49
46 51
46 52
46 55
46 67
46 94
46 95
46 96
46 98
46 108
46 110
46 115
47 47
47 67
47 70
47 77
47 90
47 91
47 92
47 94
47 96
47 98
47 99
47 102
47 103
47 107
47 108
47 110
47 111
47 112
48 48
48 49
48 50
48 51
48 52
48 53
48 55
48 61
48 63
48 72
48 73
48 80
48 96
48 97
48 98
49 49
49 50
49 51
49 52
49 53
49 55
49 72
49 73
49 96
49 98
50 50
50 51
50 52
50 53
50 58
50 60
50 61
50 62
50 66
50 68
50 84
51 51
51 52
51 53
51 54
51 55
51 61
51 63
51 66
51 73
51 95
51 96
51 98
52 52
52 53
52 54
52 55
52 59
52 62
52 63
52 66
52 71
52 90
52 91
52 94
52 96
52 97
52 98
52 115
53 53
53 55
53 73
53 98
53 115
54 54
54 55
54 63
54 72
54 74
54 78
54 79
54 85
54 89
54 94
54 96
54 97
54 98
55 55
55 72
55 78
55 79
55 81
55 85
55 89
55 94
55 96
55 97
55 98
55 99
55 109
56 56
56 57
56 60
56 62
56 63
56 70
56 72
56 73
56 74
56 78
56 79
56 80
56 81
56 89
56 98
56 99
56 103
56 111
56 112
57 57
57 60
57 62
57 63
57 68
57 72
57 74
57 78
57 79
57 80
57 81
58 58
58 59
58 60
58 61
58 62
58 65
58 66
58 68
58 93
58 101
59 59
59 61
59 63
59 66
59 102
60 60
60 61
60 62
60 63
60 65
60 66
60 68
60 74
60 84
60 93
60 101
61 61
61 63
61 65
61 66
61 68
61 76
62 62
62 63
62 72
62 73
62 74
62 78
62 79
62 80
62 81
62 84
62 91
62 93
62 99
62 101
62 103
62 111
62 112
63 63
63 72
63 73
63 74
63 79
63 80
63 81
64 64
64 65
64 67
64 68
64 76
64 82
64 83
64 88
64 105
65 65
65 67
65 68
65 88
65 89
65 100
65 105
66 66
66 67
66 68
66 69
67 67
67 88
67 96
67 100
67 104
67 105
67 110
68 68
68 69
69 69
69 71
69 90
69 94
69 106
69 107
69 110
69 114
70 70
70 71
70 73
70 75
70 77
70 90
70 93
70 94
70 99
70 103
70 107
70 109
70 110
70 111
71 71
71 77
71 90
71 91
71 94
71 103
71 105
71 107
71 110
71 114
72 72
72 74
72 78
72 79
72 80
72 81
72 85
72 87
72 97
72 98
73 73
73 74
73 75
73 76
73 84
74 74
74 75
74 76
74 79
74 84
74 85
74 86
74 87
75 75
75 76
75 82
75 83
75 87
75 92
75 93
75 100
76 76
76 82
76 84
76 86
76 87
76 88
77 77
77 82
77 83
77 88
77 90
77 91
77 92
77 93
77 94
77 104
77 107
77 110
77 111
77 113
77 114
78 78
78 79
78 80
78 81
78 85
78 97
79 79
79 80
79 81
79 98
80 80
80 81
80 84
80 85
80 97
80 98
80 99
80 101
80 112
81 81
81 84
81 85
81 97
81 98
82 82
82 83
82 84
82 86
82 87
82 88
82 92
82 93
82 100
82 101
82 105
83 83
83 84
83 86
83 87
83 88
83 92
83 100
84 84
84 86
84 87
84 88
84 93
84 101
85 85
85 87
85 89
85 97
86 86
86 87
86 88
87 87
87 92
87 93
88 88
88 92
89 89
89 92
89 108
89 109
90 90
90 91
90 92
90 93
90 94
90 95
90 99
90 101
90 102
90 103
90 104
90 106
90 107
90 110
90 111
90 112
90 113
90 114
91 91
91 92
91 93
91 94
91 99
91 101
91 102
91 103
91 104
91 106
91 107
91 111
91 112
91 114
92 92
92 93
92 100
92 101
92 102
92 103
92 107
92 108
92 112
92 113
93 93
93 101
93 103
93 104
93 107
93 111
94 94
94 95
94 96
94 97
94 102
94 103
94 107
94 108
94 109
94 110
94 114
95 95
95 102
95 107
95 109
95 111
95 113
96 96
96 97
96 98
96 110
97 97
97 109
97 115
98 98
98 99
98 102
98 111
98 112
98 115
99 99
99 102
99 103
99 111
99 112
100 100
100 113
101 101
101 103
101 104
102 102
102 103
102 104
102 106
102 107
102 110
102 111
102 112
103 103
103 104
103 106
103 107
103 110
103 111
103 112
103 113
103 114
104 104
104 105
104 110
104 114
105 105
105 110
105 114
106 106
106 107
106 110
106 111
106 113
106 114
107 107
107 108
107 110
107 111
107 113
107 114
108 108
108 109
108 113
108 114
108 115
109 109
109 113
109 114
109 115
110 110
110 111
110 114
111 111
111 112
112 112
113 113
113 114
113 115
114 114
114 115
115 115
