0 0
0 1
0 16
0 18
0 19
0 32
0 56
0 57
0 58
0 60
0 61
0 62
0 63
0 73
0 79
0 80
0 99
0 102
0 104
1 1
1 17
1 19
1 32
1 33
1 54
1 56
1 57
1 58
1 59
1 60
1 61
1 62
1 63
1 66
1 68
1 69
1 79
1 80
1 81
1 100
1 101
1 102
1 106
1 107
2 2
2 3
2 4
2 6
2 7
2 8
2 10
2 12
2 22
2 23
2 48
2 50
2 64
2 91
2 93
3 3
3 4
3 5
3 6
3 7
3 11
3 14
3 15
3 18
3 22
3 23
3 24
3 25
3 27
3 30
3 31
3 42
3 48
3 49
3 50
3 51
3 52
3 53
3 64
3 65
3 92
3 114
4 4
4 5
4 6
4 8
4 9
4 10
4 12
4 14
4 15
4 22
4 23
4 24
4 26
4 41
4 42
4 43
4 46
4 47
4 48
4 49
4 50
4 51
4 52
4 53
4 64
4 65
4 92
4 104
4 111
5 5
5 6
5 7
5 8
5 9
5 14
5 15
5 21
5 22
5 23
5 24
5 25
5 26
5 27
5 41
5 42
5 43
5 46
5 50
5 53
5 64
5 65
5 88
5 89
5 92
5 104
5 114
6 6
6 7
6 8
6 9
6 10
6 11
6 12
6 13
6 14
6 15
6 22
6 23
6 42
6 44
6 47
6 48
6 49
6 50
6 52
6 53
6 64
6 65
6 92
6 111
6 113
6 114
7 7
7 9
7 10
7 11
7 13
7 60
7 61
7 64
7 65
7 67
7 103
7 114
8 8
8 9
8 10
8 12
8 14
8 15
8 22
8 23
8 26
8 38
8 42
8 43
8 46
8 47
8 48
8 50
8 51
8 52
8 53
8 64
8 75
8 86
8 91
8 92
8 93
8 96
8 98
8 110
8 111
9 9
9 11
9 13
9 15
9 29
9 70
9 71
9 72
9 73
9 114
10 10
10 11
10 12
10 13
10 14
10 15
10 16
10 28
10 60
10 61
10 64
10 65
10 72
10 73
10 76
10 104
10 113
10 114
11 11
11 12
11 13
11 15
11 28
11 29
11 30
11 31
11 49
11 64
11 65
11 72
11 92
12 12
12 13
12 14
12 15
12 22
12 28
12 30
12 60
12 64
12 65
12 72
12 114
13 13
13 15
13 61
13 64
13 65
13 92
13 102
13 103
13 113
13 114
14 14
14 15
14 22
14 23
14 24
14 25
14 26
14 27
14 30
14 31
14 38
14 42
14 43
14 46
14 47
14 48
14 50
14 51
14 52
14 53
14 64
14 84
14 86
14 88
14 92
14 96
14 98
14 114
15 15
15 20
15 21
15 22
15 23
15 26
15 30
15 36
15 40
15 42
15 46
15 50
15 51
15 52
15 53
15 65
15 72
15 85
15 114
16 16
16 17
16 28
16 29
16 32
16 36
16 40
16 41
16 56
16 57
16 60
16 62
16 63
16 72
16 73
16 74
16 75
16 76
16 78
16 79
16 80
16 81
16 84
16 85
16 87
16 103
16 114
17 17
17 28
17 29
17 34
17 36
17 44
17 49
17 57
17 58
17 59
17 60
17 62
17 63
17 66
17 68
17 72
17 73
17 78
17 79
17 80
17 81
17 83
17 85
17 101
18 18
18 19
18 32
18 57
18 59
18 66
18 68
18 69
18 82
18 84
18 91
18 94
18 108
19 19
19 32
19 56
19 57
19 58
19 59
19 66
19 68
19 69
19 80
19 81
19 82
19 83
19 84
19 87
19 90
19 91
19 95
19 99
19 100
19 101
19 106
19 108
20 20
20 21
20 26
20 27
20 36
20 37
20 40
20 41
20 42
20 43
20 46
20 47
20 53
20 55
20 70
20 71
20 74
20 76
20 77
20 95
20 96
20 97
20 98
20 104
20 109
20 110
20 112
21 21
21 23
21 24
21 25
21 26
21 27
21 30
21 31
21 36
21 37
21 38
21 39
21 40
21 42
21 43
21 46
21 53
21 55
21 70
21 71
21 73
21 74
21 75
21 76
21 77
21 95
21 96
21 98
21 104
21 105
21 109
21 114
22 22
22 23
22 24
22 25
22 26
22 27
22 30
22 31
22 34
22 42
22 43
22 47
22 48
22 49
22 50
22 51
22 52
22 53
22 64
22 65
22 88
22 92
22 93
22 98
22 114
23 23
23 24
23 25
23 26
23 27
23 30
23 31
23 42
23 43
23 47
23 48
23 49
23 50
23 51
23 52
23 53
23 64
23 65
23 88
23 91
23 92
23 93
23 98
23 114
24 24
24 25
24 26
24 27
24 30
24 31
24 34
24 35
24 37
24 38
24 39
24 42
24 43
24 78
24 88
24 114
25 25
25 27
25 30
25 31
25 34
25 35
25 38
25 39
25 43
25 71
25 88
25 96
25 114
26 26
26 27
26 38
26 41
26 42
26 46
26 50
26 51
26 53
26 54
26 55
26 64
26 65
26 88
26 89
26 93
26 96
27 27
27 30
27 31
27 39
27 42
27 43
27 46
27 48
27 50
27 53
27 88
27 89
27 92
27 93
27 96
27 98
28 28
28 29
28 32
28 33
28 36
28 60
28 61
28 62
28 63
28 72
28 73
28 74
28 76
28 78
28 79
28 80
28 81
28 83
28 85
28 104
29 29
29 32
29 33
29 36
29 40
29 56
29 57
29 60
29 61
29 62
29 63
29 70
29 71
29 72
29 73
29 74
29 75
29 76
29 78
29 79
29 80
29 81
29 83
29 84
29 85
30 30
30 31
30 34
30 35
30 38
30 40
30 53
30 64
30 74
30 75
30 76
30 78
30 114
31 31
31 39
31 40
31 53
31 64
31 71
31 74
31 75
31 76
31 77
31 96
31 104
31 114
32 32
32 33
32 56
32 58
32 60
32 61
32 62
32 63
32 72
32 73
32 76
32 80
32 81
32 85
32 102
33 33
33 35
33 58
33 60
33 61
33 62
33 64
33 67
33 68
33 72
33 77
33 80
33 81
33 102
33 106
34 34
34 35
34 45
34 49
34 66
34 67
34 78
34 79
34 86
34 94
34 95
34 100
34 108
35 35
35 45
35 65
35 67
35 77
36 36
36 37
36 38
36 40
36 41
36 42
36 46
36 54
36 72
36 73
36 74
36 75
36 76
36 77
36 78
36 79
36 80
36 81
36 84
36 85
36 96
36 109
37 37
37 38
37 39
37 40
37 41
37 42
37 43
37 46
37 47
37 54
37 70
37 72
37 73
37 74
37 75
37 76
37 77
37 81
37 94
37 96
37 109
37 110
38 38
38 39
38 40
38 41
38 52
38 53
38 54
38 55
38 74
38 86
38 96
39 39
39 40
39 43
39 47
39 55
39 71
39 77
39 94
39 95
39 96
39 97
39 105
39 109
39 115
40 40
40 41
40 54
40 72
40 73
40 74
40 75
40 76
40 77
40 96
41 41
41 42
41 46
41 52
41 53
41 54
41 55
41 57
41 73
41 74
41 75
41 76
41 89
41 104
42 42
42 43
42 44
42 46
42 47
42 48
42 49
42 50
42 51
42 52
42 53
42 55
42 76
42 91
42 92
42 93
42 96
42 98
42 99
42 104
42 109
42 110
42 111
42 112
42 113
42 114
43 43
43 44
43 45
43 46
43 47
43 48
43 49
43 51
43 53
43 55
43 76
43 77
43 96
43 97
43 98
43 99
43 104
43 109
43 110
43 111
43 112
43 113
43 114
44 44
44 45
44 46
44 47
44 48
44 49
44 51
44 96
44 97
44 99
44 109
44 110
44 111
44 112
45 45
45 47
45 49
45 51
45 65
45 67
45 97
46 46
46 47
46 48
46 49
46 50
46 51
46 52
46 53
46 55
46 96
46 98
46 109
46 110
46 111
47 47
47 48
47 49
47 50
47 51
47 52
47 53
47 55
47 77
47 91
47 92
47 96
47 97
47 98
47 99
47 109
47 110
47 111
47 112
48 48
48 49
48 50
48 51
48 52
48 53
48 55
48 90
48 91
48 92
48 93
48 98
48 99
48 110
48 111
49 49
49 51
49 53
49 55
49 83
49 91
49 97
49 98
49 99
49 100
49 109
49 110
49 111
50 50
50 51
50 52
50 53
50 65
50 89
50 92
50 98
51 51
51 52
51 53
51 55
51 90
51 91
51 92
51 93
51 96
51 98
51 99
51 109
52 52
52 53
52 54
52 55
52 84
52 89
52 92
52 98
53 53
53 55
53 91
53 92
53 93
53 96
53 98
53 99
53 111
53 112
54 54
54 55
54 57
54 59
54 84
54 85
54 88
54 89
55 55
55 89
55 90
55 91
55 92
55 96
55 97
55 98
55 99
55 111
56 56
56 57
56 58
56 60
56 62
56 63
56 68
56 73
56 78
56 79
56 80
56 81
56 82
56 83
56 84
56 85
56 87
57 57
57 58
57 59
57 63
57 66
57 68
57 69
57 78
57 79
57 80
57 81
57 84
57 88
57 89
58 58
58 59
58 60
58 61
58 62
58 63
58 66
58 67
58 68
58 69
58 79
58 80
58 81
58 82
58 83
58 87
58 90
58 101
58 106
58 107
59 59
59 60
59 61
59 62
59 63
59 66
59 67
59 68
59 69
59 79
59 80
59 81
59 82
59 83
59 90
59 101
59 106
59 107
59 108
60 60
60 61
60 62
60 63
60 65
60 66
60 72
60 73
60 79
60 80
60 81
60 85
60 102
60 107
61 61
61 62
61 63
61 65
61 67
61 69
61 72
61 101
61 102
61 106
61 107
62 62
62 63
62 66
62 68
62 72
62 73
62 78
62 79
62 80
62 81
62 83
62 85
62 106
62 107
63 63
63 66
63 72
63 73
63 78
63 79
63 80
63 81
63 85
64 64
64 65
64 84
64 88
64 92
65 65
65 67
65 102
65 113
65 114
66 66
66 67
66 68
66 69
66 79
66 80
66 81
66 85
66 94
66 101
66 106
66 107
67 67
67 68
67 69
67 94
67 101
67 105
67 106
67 107
67 115
68 68
68 69
68 78
68 80
68 81
68 82
68 83
68 86
68 87
68 90
68 94
68 97
68 100
68 101
68 106
68 107
68 108
69 69
69 80
69 81
69 82
69 83
69 86
69 90
69 93
69 94
69 95
69 97
69 100
69 101
69 105
69 106
69 107
69 108
70 70
70 71
70 72
70 73
70 74
70 75
70 76
70 77
70 91
70 95
70 97
70 99
70 104
70 105
70 107
70 109
70 110
70 111
70 112
70 115
71 71
71 73
71 74
71 75
71 76
71 77
72 72
72 73
72 74
72 75
72 76
72 78
72 79
72 80
72 81
72 85
72 104
72 114
73 73
73 74
73 75
73 76
73 77
73 78
73 79
73 80
73 81
73 85
73 104
73 114
74 74
74 75
74 76
74 77
74 78
74 79
74 96
74 103
74 104
74 114
75 75
75 76
75 77
75 81
75 104
75 114
76 76
76 77
76 79
76 96
76 102
76 103
76 104
76 110
76 112
76 114
77 77
77 95
77 96
77 97
77 102
77 109
77 110
77 112
78 78
78 79
78 80
78 81
78 83
78 84
78 85
78 87
79 79
79 80
79 81
79 84
79 85
80 80
80 81
80 82
80 83
80 84
80 85
80 87
80 101
81 81
81 83
81 84
81 85
81 87
82 82
82 83
82 84
82 86
82 87
82 88
82 89
82 94
82 106
82 107
82 108
83 83
83 84
83 85
83 87
83 90
83 101
84 84
84 85
84 86
84 87
84 89
85 85
85 87
85 89
86 86
86 87
86 88
86 94
87 87
87 88
87 89
87 90
88 88
88 89
88 90
88 91
88 93
89 89
89 90
89 93
90 90
90 91
90 92
90 93
90 97
90 98
90 99
90 101
90 105
90 106
90 107
91 91
91 92
91 93
91 97
91 98
91 99
91 105
91 106
91 109
91 110
91 111
91 112
92 92
92 93
92 98
92 99
93 93
93 94
93 98
93 99
93 101
93 106
93 108
93 111
93 112
94 94
94 95
94 96
94 97
94 107
94 108
95 95
95 96
95 97
95 98
95 99
95 105
95 106
95 108
95 109
95 111
96 96
96 97
96 98
96 102
96 104
96 108
96 109
96 110
96 111
96 112
97 97
97 98
97 99
97 105
97 106
97 107
97 108
97 109
97 110
97 111
97 115
98 98
98 99
98 102
98 108
98 109
98 110
98 111
98 112
99 99
99 103
99 109
99 110
99 111
99 112
100 100
100 101
100 106
101 101
101 106
101 108
102 102
102 103
102 104
102 111
102 112
102 113
102 114
103 103
103 104
103 111
103 112
103 113
103 114
103 115
104 104
104 111
104 112
104 113
104 114
104 115
105 105
105 106
105 107
105 109
105 115
106 106
106 107
106 115
107 107
107 115
108 108
108 109
109 109
109 110
110 110
110 111
110 112
110 113
111 111
111 112
111 113
111 114
111 115
112 112
112 113
112 114
112 115
113 113
113 114
113 115
114 114
114 115
115 115
