0 0
0 1
0 10
0 11
0 12
0 16
0 17
0 18
0 19
0 32
0 48
0 50
0 51
0 52
0 56
0 57
0 58
0 62
0 66
0 68
0 69
0 74
0 78
0 80
0 81
0 84
0 89
0 98
0 111
1 1
1 12
1 13
1 16
1 17
1 18
1 19
1 51
1 52
1 54
1 56
1 57
1 58
1 60
1 61
1 62
1 63
1 68
1 69
1 78
1 81
1 89
2 2
2 4
2 6
2 12
2 13
2 15
2 22
2 24
2 26
2 30
2 31
2 37
2 48
2 70
2 71
2 72
2 73
2 74
2 75
2 93
2 97
2 101
3 3
3 5
3 7
3 23
3 27
3 35
3 42
3 44
3 50
3 53
3 64
3 65
3 82
3 83
3 84
3 85
3 107
4 4
4 6
4 7
4 8
4 9
4 10
4 13
4 24
4 25
4 28
4 30
4 31
4 70
4 71
4 75
4 82
4 83
5 5
5 9
5 15
5 21
5 23
5 24
5 25
5 26
5 27
5 30
5 31
5 64
5 83
5 97
6 6
6 7
6 8
6 9
6 10
6 11
6 12
6 13
6 14
6 15
6 23
6 50
6 52
6 60
6 61
6 64
6 65
6 70
6 71
6 74
6 75
6 76
6 82
6 91
6 92
6 93
6 99
6 101
6 111
7 7
7 8
7 9
7 11
7 13
7 15
7 29
7 59
7 60
7 61
7 63
7 64
7 65
7 72
7 76
7 83
7 90
7 92
7 93
7 100
7 101
7 102
7 106
8 8
8 9
8 10
8 11
8 12
8 13
8 14
8 15
8 22
8 23
8 64
8 71
8 76
8 82
8 89
8 92
8 93
8 99
8 111
9 9
9 10
9 11
9 12
9 14
9 15
9 23
9 50
9 64
9 65
9 71
9 76
9 77
9 85
9 88
9 92
9 94
9 97
9 98
9 99
9 111
10 10
10 11
10 12
10 13
10 14
10 16
10 17
10 41
10 64
10 70
10 71
10 72
10 73
10 74
10 75
10 76
10 77
10 82
10 101
10 112
11 11
11 12
11 13
11 14
11 15
11 16
11 17
11 28
11 29
11 36
11 41
11 61
11 62
11 63
11 64
11 71
11 72
11 73
11 74
11 75
11 76
11 77
11 81
11 83
11 92
12 12
12 13
12 14
12 15
12 16
12 17
12 33
12 41
12 48
12 52
12 54
12 60
12 61
12 71
12 72
12 74
12 75
12 76
12 77
12 92
12 99
12 101
13 13
13 14
13 15
13 16
13 17
13 28
13 29
13 33
13 36
13 40
13 41
13 60
13 61
13 62
13 63
13 64
13 71
13 72
13 73
13 74
13 75
13 76
13 83
13 89
13 92
14 14
14 15
14 22
14 23
14 26
14 70
14 71
14 76
14 77
14 82
14 91
14 92
14 93
14 99
14 100
14 111
14 113
15 15
15 22
15 23
15 25
15 27
15 54
15 65
15 71
15 74
15 75
15 76
15 82
15 88
15 89
15 92
15 99
15 106
15 113
16 16
16 17
16 18
16 28
16 29
16 32
16 33
16 36
16 40
16 41
16 56
16 57
16 60
16 61
16 62
16 63
16 72
16 73
16 74
16 76
16 78
16 79
16 80
16 81
17 17
17 18
17 28
17 29
17 32
17 33
17 36
17 40
17 41
17 57
17 60
17 62
17 63
17 72
17 73
17 74
17 76
17 78
17 79
17 80
17 81
18 18
18 19
18 29
18 32
18 41
18 56
18 57
18 58
18 62
18 63
18 66
18 68
18 69
18 73
18 80
18 81
18 87
18 89
18 98
19 19
19 46
19 49
19 51
19 57
19 58
19 59
19 68
19 69
19 77
19 91
19 98
19 103
19 104
19 105
19 111
19 112
20 20
20 22
20 23
20 24
20 25
20 26
20 30
20 31
20 37
20 70
20 72
20 75
20 76
20 77
20 79
20 84
20 85
20 93
20 94
20 109
20 112
20 115
21 21
21 22
21 23
21 24
21 25
21 26
21 27
21 30
21 31
21 34
21 35
21 36
21 38
21 40
21 42
21 43
21 45
21 47
21 67
21 82
21 85
21 86
21 88
21 96
21 108
21 109
21 110
22 22
22 23
22 24
22 25
22 26
22 27
22 30
22 31
22 34
22 35
22 42
22 43
22 50
22 54
22 70
22 71
22 82
22 85
22 88
22 91
22 93
22 96
22 97
22 99
22 109
22 113
22 114
23 23
23 24
23 25
23 26
23 27
23 30
23 31
23 35
23 42
23 50
23 53
23 64
23 65
23 67
23 70
23 71
23 77
23 82
23 83
23 84
23 85
23 86
23 88
23 94
23 97
23 108
23 109
23 113
24 24
24 25
24 26
24 27
24 30
24 31
24 34
24 35
24 42
24 43
24 45
24 47
24 65
24 67
24 70
24 77
24 82
24 85
24 86
24 88
24 93
24 97
24 108
24 109
24 110
24 113
24 114
25 25
25 26
25 27
25 30
25 31
25 34
25 35
25 38
25 42
25 43
25 45
25 47
25 65
25 67
25 70
25 82
25 84
25 85
25 86
25 88
25 93
25 96
25 97
25 108
25 109
25 110
25 113
25 114
26 26
26 27
26 30
26 31
26 34
26 35
26 42
26 43
26 45
26 47
26 50
26 67
26 70
26 84
26 85
26 88
26 109
27 27
27 30
27 31
27 34
27 35
27 38
27 42
27 43
27 45
27 50
27 65
27 67
27 68
27 84
27 85
27 86
27 88
27 96
27 110
27 113
28 28
28 29
28 30
28 31
28 36
28 37
28 38
28 40
28 41
28 62
28 63
28 72
28 73
28 74
28 75
28 76
28 77
28 78
28 79
28 80
28 81
28 83
29 29
29 32
29 33
29 36
29 41
29 60
29 62
29 63
29 72
29 73
29 74
29 75
29 76
29 78
29 79
29 80
29 81
29 83
29 101
30 30
30 31
30 35
30 42
30 43
30 46
30 47
30 49
30 70
30 71
30 75
30 76
30 77
30 82
30 83
30 85
30 109
30 110
30 113
30 115
31 31
31 35
31 38
31 42
31 43
31 47
31 67
31 70
31 71
31 75
31 77
31 79
31 82
31 83
31 85
31 86
31 97
31 108
31 110
31 115
32 32
32 33
32 36
32 44
32 56
32 57
32 63
32 66
32 68
32 72
32 73
32 74
32 76
32 78
32 80
32 81
32 84
33 33
33 36
33 40
33 41
33 56
33 57
33 60
33 66
33 68
33 69
33 72
33 79
33 80
33 81
34 34
34 35
34 44
34 45
34 50
34 58
34 65
34 66
34 67
34 68
34 69
34 85
34 86
34 87
34 88
34 106
34 107
34 109
35 35
35 44
35 45
35 50
35 65
35 67
35 82
35 85
35 88
35 93
35 106
35 108
35 109
35 110
35 114
35 115
36 36
36 37
36 38
36 40
36 41
36 54
36 57
36 62
36 63
36 68
36 72
36 79
36 80
36 81
36 83
36 85
37 37
37 38
37 39
37 41
37 54
37 72
37 74
37 75
37 77
37 79
37 80
37 87
37 96
37 109
37 110
37 113
37 115
38 38
38 40
38 43
38 54
38 56
38 57
38 68
38 80
38 81
38 85
38 95
38 96
38 108
39 39
39 56
39 77
39 78
39 79
39 80
39 81
39 87
39 90
39 94
39 97
39 104
39 105
39 106
39 115
40 40
40 57
40 62
40 63
40 72
40 79
40 80
40 81
40 83
40 102
40 105
41 41
41 62
41 63
41 72
41 73
41 74
41 75
41 76
41 77
41 78
41 79
41 80
41 81
41 83
41 94
41 98
42 42
42 43
42 44
42 45
42 46
42 47
42 49
42 53
42 55
42 82
42 110
42 115
43 43
43 44
43 45
43 46
43 47
43 49
43 55
43 67
43 96
43 109
43 110
44 44
44 45
44 46
44 47
44 49
44 66
44 67
45 45
45 47
45 49
45 65
45 66
45 67
45 85
45 110
46 46
46 47
46 48
46 49
46 50
46 51
46 52
46 53
46 55
46 59
46 82
46 98
46 99
46 111
47 47
47 49
47 53
47 55
47 67
47 82
47 86
47 91
47 96
47 97
47 103
47 104
47 105
47 108
47 109
47 110
47 115
48 48
48 50
48 51
48 52
48 54
48 55
48 58
48 59
48 60
48 61
48 62
48 66
48 69
48 86
48 89
48 103
48 107
49 49
49 55
49 59
49 82
49 94
49 104
49 105
50 50
50 51
50 52
50 53
50 55
50 58
50 65
50 84
50 85
50 86
50 88
50 89
50 92
50 98
51 51
51 52
51 53
51 55
51 59
51 86
51 90
51 98
51 101
52 52
52 53
52 54
52 55
52 58
52 59
52 60
52 61
52 62
52 66
52 86
52 87
52 89
52 90
52 92
52 98
52 99
52 101
53 53
53 55
53 82
53 85
53 86
53 90
53 98
53 99
54 54
54 56
54 57
54 60
54 62
54 68
54 87
54 88
54 89
54 92
54 96
55 55
55 59
55 82
55 86
55 87
55 94
55 96
55 98
55 99
56 56
56 57
56 68
56 69
56 78
56 79
56 80
56 81
56 84
56 85
56 89
56 96
56 98
57 57
57 63
57 68
57 69
57 78
57 79
57 80
57 81
57 89
57 96
57 111
58 58
58 59
58 60
58 61
58 62
58 66
58 69
58 89
58 90
58 101
58 103
58 107
59 59
59 60
59 61
59 62
59 63
59 66
59 69
59 86
59 89
59 90
59 101
59 102
59 103
59 104
59 105
59 107
60 60
60 61
60 62
60 63
60 66
60 72
60 73
60 74
60 80
60 81
60 89
60 90
60 101
61 61
61 62
61 63
61 64
61 65
61 89
61 90
61 92
61 100
61 101
61 102
61 106
62 62
62 63
62 72
62 73
62 74
62 78
62 80
62 81
62 90
63 63
63 66
63 72
63 73
63 74
63 78
63 80
63 81
63 89
63 90
63 100
63 102
64 64
64 65
64 83
64 84
64 85
64 89
65 65
65 67
65 84
65 85
65 88
65 92
65 93
65 106
65 113
66 66
66 67
66 69
66 80
66 95
66 101
67 67
67 69
67 85
67 86
67 93
67 102
67 104
67 105
67 108
67 110
68 68
68 69
68 79
68 87
68 88
68 89
68 96
69 69
69 87
69 88
69 89
69 96
69 103
69 104
69 105
69 106
69 111
70 70
70 71
70 73
70 74
70 75
70 76
70 77
70 82
70 93
70 109
70 113
70 115
71 71
71 73
71 74
71 75
71 76
71 77
71 93
71 95
71 99
71 109
71 113
72 72
72 73
72 74
72 75
72 76
72 77
72 78
72 79
72 80
72 81
72 83
72 101
73 73
73 74
73 75
73 76
73 80
73 81
73 101
74 74
74 75
74 76
74 77
74 78
74 80
74 81
74 99
74 101
75 75
75 76
75 77
75 78
75 93
75 95
75 108
75 109
75 112
76 76
76 77
76 78
76 79
76 80
76 81
76 109
77 77
77 79
77 91
77 97
77 108
77 109
77 110
77 111
77 113
77 115
78 78
78 79
78 80
78 81
79 79
79 80
79 81
79 87
80 80
80 81
81 81
82 82
82 83
82 86
82 91
82 108
82 115
83 83
83 108
84 84
84 85
84 87
84 88
84 89
84 107
85 85
85 86
85 88
85 89
85 95
86 86
86 88
86 89
87 87
87 88
87 89
87 96
87 106
88 88
88 89
88 92
88 93
88 106
88 109
89 89
89 90
89 92
89 106
89 107
90 90
90 91
90 92
90 99
90 101
90 103
90 104
90 105
90 107
90 114
90 115
91 91
91 92
91 93
91 97
91 98
91 99
91 100
91 101
91 102
91 103
91 104
91 105
91 106
91 108
91 109
91 110
91 111
91 112
91 113
91 114
91 115
92 92
92 93
92 99
92 100
92 101
92 102
92 106
92 113
92 114
92 115
93 93
93 97
93 102
93 104
93 105
93 108
93 109
93 110
93 113
93 114
94 94
94 97
94 98
94 109
94 110
95 95
95 96
95 98
95 108
95 109
96 96
96 97
96 98
96 99
96 103
96 105
96 108
96 109
96 110
96 113
96 114
96 115
97 97
97 98
97 99
97 103
97 104
97 105
97 106
97 108
97 109
97 110
97 111
97 113
97 114
97 115
98 98
98 99
98 101
98 111
99 99
99 101
99 103
99 106
99 109
99 111
99 112
99 113
99 114
100 100
100 102
100 104
100 106
101 101
101 102
101 103
101 111
102 102
102 103
102 104
102 105
102 107
102 108
102 114
103 103
103 104
103 105
103 107
103 110
103 112
103 114
104 104
104 105
104 106
104 107
104 108
104 110
104 112
104 114
104 115
105 105
105 108
105 110
105 112
105 114
105 115
106 106
106 107
106 109
106 114
106 115
107 107
107 114
108 108
108 109
108 110
108 113
108 114
109 109
109 110
109 111
109 112
109 113
109 114
109 115
110 110
110 113
110 114
110 115
111 111
111 114
112 112
112 115
113 113
113 114
114 114
114 115
115 115
