0 0
0 1
0 2
0 3
0 5
0 18
0 19
0 22
0 23
0 25
0 26
0 27
0 56
0 58
0 60
0 101
0 103
1 1
1 41
1 56
1 57
1 58
1 59
1 61
1 63
1 65
1 68
1 69
1 83
1 85
1 87
1 89
1 106
2 2
2 3
2 4
2 5
2 6
2 7
2 8
2 9
2 12
2 14
2 18
2 19
2 22
2 23
2 24
2 25
2 26
2 27
2 91
2 92
2 93
2 100
2 101
3 3
3 4
3 5
3 6
3 7
3 8
3 9
3 12
3 14
3 15
3 18
3 19
3 22
3 23
3 24
3 25
3 26
3 27
3 91
3 92
3 93
3 101
3 103
4 4
4 5
4 6
4 7
4 8
4 9
4 12
4 14
4 22
4 23
4 24
4 25
4 26
4 27
4 59
4 67
4 90
5 5
5 6
5 7
5 8
5 9
5 14
5 18
5 22
5 23
5 24
5 25
5 26
5 27
5 89
5 90
5 91
5 92
5 93
5 100
5 101
5 102
5 103
5 113
5 114
6 6
6 7
6 8
6 12
6 14
6 16
6 18
6 20
6 22
6 23
6 24
6 25
6 26
6 27
6 30
6 31
6 34
6 70
6 91
6 92
6 93
6 100
6 101
6 113
7 7
7 8
7 9
7 12
7 14
7 15
7 22
7 23
7 24
7 25
7 26
7 27
7 67
7 92
7 93
8 8
8 9
8 14
8 22
8 23
8 24
8 25
8 26
8 47
8 67
8 90
8 91
8 92
8 93
9 9
9 14
9 15
9 22
9 23
9 24
9 25
9 35
9 47
9 59
9 67
9 89
9 90
9 91
9 92
9 93
9 104
10 10
10 11
10 12
10 13
10 14
10 15
10 16
10 17
10 21
10 22
10 28
10 30
10 31
10 53
10 62
10 70
10 72
10 73
10 78
10 80
10 81
10 86
11 11
11 12
11 13
11 15
11 17
11 23
11 28
11 29
11 30
11 31
11 33
11 41
11 53
11 70
11 71
11 72
11 73
11 74
11 75
11 76
11 78
11 79
11 80
11 81
11 83
11 84
11 85
11 87
11 107
12 12
12 13
12 14
12 15
12 16
12 20
12 21
12 22
12 23
12 24
12 25
12 26
12 27
12 28
12 30
12 31
12 53
12 70
12 72
12 74
12 78
12 80
12 112
13 13
13 15
13 17
13 28
13 29
13 30
13 31
13 41
13 53
13 71
13 72
13 73
13 74
13 75
13 78
13 80
13 81
13 83
13 86
13 87
13 107
14 14
14 15
14 16
14 20
14 21
14 22
14 23
14 24
14 25
14 26
14 27
14 80
14 84
14 93
15 15
15 19
15 21
15 22
15 23
15 33
15 47
15 59
15 67
15 69
15 83
15 86
16 16
16 17
16 20
16 21
16 22
16 24
16 26
16 27
16 28
16 29
16 30
16 31
16 42
16 43
16 46
16 49
16 51
16 53
16 62
16 70
16 72
16 73
16 74
16 78
16 79
16 80
16 81
16 99
16 101
16 111
16 112
16 113
17 17
17 28
17 29
17 31
17 37
17 42
17 43
17 46
17 47
17 48
17 49
17 51
17 53
17 62
17 63
17 71
17 72
17 73
17 74
17 75
17 78
17 79
17 80
17 81
17 85
18 18
18 19
18 22
18 23
18 32
18 58
18 60
18 68
18 74
19 19
19 25
19 33
19 47
19 58
19 59
19 66
19 67
19 69
19 82
19 83
19 89
19 90
20 20
20 21
20 22
20 24
20 25
20 26
20 27
20 28
20 30
20 31
20 32
20 34
20 44
20 46
20 62
20 70
20 71
20 72
20 74
20 75
20 78
20 80
20 84
20 94
20 95
20 97
20 99
20 101
20 103
20 105
20 109
20 111
20 112
20 113
20 114
21 21
21 22
21 24
21 25
21 26
21 27
21 28
21 30
21 31
21 34
21 40
21 70
21 71
21 108
22 22
22 23
22 24
22 25
22 26
22 27
22 28
22 30
22 31
22 53
22 70
22 71
22 72
22 74
22 78
22 91
22 93
23 23
23 24
23 25
23 26
23 27
23 33
23 67
23 82
23 91
23 92
23 93
24 24
24 25
24 26
24 27
24 70
24 91
24 93
24 101
24 113
25 25
25 26
25 27
25 70
25 93
25 101
26 26
26 27
26 50
26 66
26 88
26 91
26 93
26 100
26 101
26 102
26 103
26 113
26 114
27 27
27 34
27 100
27 101
27 103
28 28
28 29
28 30
28 31
28 32
28 36
28 40
28 46
28 53
28 62
28 70
28 72
28 73
28 74
28 78
28 79
28 80
28 81
28 99
28 112
29 29
29 30
29 31
29 32
29 36
29 37
29 41
29 42
29 43
29 44
29 46
29 47
29 48
29 49
29 51
29 53
29 63
29 70
29 71
29 72
29 73
29 74
29 75
29 76
29 78
29 79
29 80
29 81
29 83
29 85
29 111
29 112
30 30
30 31
30 32
30 36
30 40
30 53
30 70
30 71
30 72
30 73
30 74
30 75
30 78
30 80
30 86
30 112
31 31
31 32
31 33
31 36
31 37
31 40
31 53
31 70
31 71
31 72
31 73
31 74
31 75
31 76
31 78
31 80
31 81
31 85
31 86
31 107
32 32
32 36
32 43
32 44
32 45
32 56
32 60
32 62
32 66
32 68
32 72
32 74
32 75
32 78
32 80
32 81
32 86
33 33
33 41
33 64
33 67
33 71
33 75
33 76
33 77
33 82
33 83
33 86
33 106
34 34
34 35
34 36
34 37
34 38
34 39
34 40
34 44
34 54
34 64
34 77
34 88
34 92
34 95
34 96
34 99
34 100
34 101
34 108
34 109
34 113
34 114
35 35
35 37
35 38
35 39
35 54
35 67
35 69
35 77
35 86
35 88
35 108
35 110
35 115
36 36
36 37
36 38
36 40
36 41
36 54
36 68
36 71
36 72
36 73
36 74
36 75
36 76
36 77
36 78
36 79
36 80
36 86
36 88
36 95
36 96
36 98
36 99
36 104
36 105
36 107
36 108
36 111
36 112
37 37
37 38
37 39
37 40
37 41
37 42
37 46
37 47
37 55
37 71
37 72
37 73
37 75
37 76
37 77
37 79
37 85
37 87
37 95
37 96
37 98
37 99
37 105
37 108
37 109
37 110
37 111
37 112
37 115
38 38
38 39
38 40
38 41
38 54
38 55
38 75
38 76
38 77
38 88
38 95
38 96
38 97
38 98
38 99
38 108
38 109
38 110
38 111
38 115
39 39
39 41
39 54
39 55
39 65
39 75
39 77
39 87
39 94
39 95
39 96
39 97
39 99
39 105
39 106
39 108
39 109
39 110
39 111
39 114
39 115
40 40
40 54
40 70
40 72
40 74
40 75
40 86
40 99
40 108
40 115
41 41
41 47
41 55
41 61
41 68
41 73
41 76
41 77
41 79
41 81
41 83
41 85
41 86
41 87
41 98
41 106
41 110
42 42
42 43
42 44
42 45
42 46
42 47
42 48
42 49
42 50
42 51
42 52
42 53
42 55
42 73
42 79
42 98
42 108
43 43
43 44
43 45
43 46
43 47
43 48
43 49
43 51
43 53
43 55
43 63
43 72
43 73
43 79
43 81
43 112
44 44
44 45
44 46
44 48
44 49
44 50
44 51
44 66
44 98
45 45
45 46
45 47
45 48
45 49
45 50
45 51
45 57
45 66
45 69
45 108
46 46
46 47
46 48
46 49
46 50
46 51
46 52
46 53
46 55
46 72
46 73
46 74
46 79
46 80
46 81
46 96
46 98
46 99
46 109
46 111
46 112
47 47
47 51
47 52
47 53
47 55
47 69
47 73
47 79
47 81
47 83
47 90
47 111
48 48
48 49
48 50
48 51
48 52
48 53
48 58
48 59
48 61
48 63
48 66
48 69
49 49
49 50
49 51
49 52
49 53
49 61
49 62
49 63
49 65
49 72
49 81
50 50
50 51
50 52
50 57
50 58
50 59
50 66
50 98
51 51
51 52
51 53
51 55
51 61
51 63
51 65
51 70
51 85
52 52
52 53
52 59
52 83
52 90
52 98
53 53
53 55
53 70
53 71
53 72
53 73
53 78
53 81
53 85
54 54
54 55
54 67
54 77
54 88
54 90
54 96
54 98
54 99
54 100
54 108
54 110
55 55
55 77
55 79
55 89
55 96
55 98
55 99
55 105
55 110
55 111
55 114
56 56
56 57
56 60
56 68
56 72
56 86
56 87
57 57
57 58
57 59
57 61
57 63
57 66
57 68
57 69
57 79
57 81
57 87
57 106
58 58
58 59
58 60
58 61
58 66
58 67
58 68
58 69
58 83
58 89
58 90
58 102
58 106
59 59
59 61
59 65
59 66
59 67
59 69
59 83
59 89
59 90
59 102
60 60
60 61
60 62
60 64
60 88
60 94
60 97
60 101
61 61
61 63
61 65
61 69
61 89
61 90
61 107
62 62
62 63
62 68
62 72
62 74
62 80
62 84
62 101
62 102
62 103
63 63
63 65
63 78
63 79
63 81
63 85
64 64
64 65
64 75
64 76
64 77
64 82
64 84
64 87
64 88
64 92
64 93
64 94
64 95
64 96
64 97
64 100
64 103
64 104
64 105
64 106
64 109
64 114
65 65
65 85
65 89
65 104
65 105
65 107
66 66
66 67
66 68
66 69
66 102
66 106
67 67
67 69
67 83
67 88
67 89
67 90
67 106
68 68
68 72
68 74
68 86
68 88
68 96
68 98
68 112
69 69
69 83
69 89
69 90
69 106
70 70
70 71
70 72
70 73
70 75
70 76
70 80
70 94
70 112
71 71
71 73
71 75
71 76
71 77
71 85
71 110
72 72
72 73
72 74
72 75
72 76
72 78
72 79
72 80
72 81
72 99
72 111
72 112
72 113
73 73
73 74
73 75
73 76
73 77
73 78
73 79
73 80
73 81
73 85
73 94
73 95
73 111
73 112
73 115
74 74
74 75
74 76
74 78
74 79
74 80
74 81
74 94
74 95
74 99
74 111
74 112
74 113
75 75
75 76
75 77
75 78
75 79
75 82
75 86
75 87
75 94
75 95
75 96
75 97
75 99
75 105
75 108
75 109
75 110
75 111
75 112
75 113
75 114
75 115
76 76
76 77
76 79
76 94
76 95
76 96
76 97
76 99
76 104
76 105
76 109
76 111
76 112
76 113
76 114
76 115
77 77
77 82
77 87
77 94
77 95
77 96
77 97
77 98
77 99
77 105
77 108
77 109
77 110
77 111
77 113
77 114
77 115
78 78
78 80
78 81
79 79
79 80
79 81
79 85
79 98
80 80
80 81
80 84
80 85
80 107
81 81
81 85
82 82
82 86
82 87
82 95
82 97
82 106
82 115
83 83
83 85
83 86
83 87
83 106
84 84
84 85
84 88
84 92
84 94
84 96
84 98
84 100
84 102
84 109
84 113
84 114
85 85
85 87
85 106
85 107
86 86
86 87
86 110
86 115
87 87
87 106
87 110
87 115
88 88
88 92
88 93
88 94
88 95
88 96
88 97
88 100
88 101
88 102
88 103
88 104
88 108
88 110
88 114
89 89
89 90
89 93
89 100
89 106
90 90
90 91
90 92
90 93
90 98
90 100
90 102
90 103
91 91
91 92
91 93
91 98
91 99
91 100
91 101
91 102
91 103
91 104
91 105
91 111
91 112
91 113
91 114
92 92
92 93
92 95
92 96
92 97
92 98
92 99
92 100
92 101
92 102
92 103
92 104
92 105
92 109
92 111
92 112
92 113
92 114
93 93
93 99
93 100
93 101
93 102
93 103
93 104
93 105
93 112
93 113
93 114
94 94
94 95
94 96
94 97
94 105
94 108
94 109
94 110
94 113
94 114
94 115
95 95
95 96
95 97
95 98
95 99
95 104
95 105
95 108
95 109
95 110
95 111
95 112
95 113
95 114
95 115
96 96
96 97
96 98
96 99
96 100
96 105
96 108
96 109
96 110
96 111
96 112
96 113
96 114
96 115
97 97
97 98
97 99
97 100
97 103
97 105
97 108
97 109
97 110
97 111
97 112
97 113
97 114
97 115
98 98
98 99
98 100
98 102
98 108
98 109
98 110
98 111
98 112
98 113
98 114
99 99
99 100
99 101
99 103
99 104
99 105
99 108
99 109
99 110
99 111
99 112
99 113
99 114
99 115
100 100
100 101
100 102
100 103
100 104
100 105
100 113
100 114
101 101
101 102
101 103
101 113
101 114
102 102
102 103
102 104
102 113
102 114
103 103
103 105
103 106
103 112
103 113
103 114
104 104
104 105
104 107
105 105
105 107
105 109
105 111
105 112
105 113
105 114
105 115
106 106
106 115
107 107
108 108
108 109
108 110
108 111
108 112
108 113
108 115
109 109
109 110
109 111
109 112
109 113
109 114
109 115
110 110
110 111
110 112
110 114
110 115
111 111
111 112
111 113
111 114
111 115
112 112
112 113
112 114
113 113
113 114
113 115
114 114
114 115
115 115
