0 0
0 2
0 4
0 5
0 6
0 7
0 8
0 9
0 10
0 12
0 13
0 18
0 28
0 42
0 58
0 59
0 60
0 61
0 63
0 66
0 71
0 73
0 74
0 75
0 76
0 77
0 90
0 100
0 101
0 102
0 104
0 106
1 1
1 12
1 14
1 18
1 19
1 26
1 57
1 58
1 59
1 61
1 63
1 66
1 68
1 74
1 79
1 80
1 97
1 101
1 102
1 103
1 106
1 109
2 2
2 3
2 4
2 5
2 6
2 7
2 8
2 9
2 12
2 13
2 15
2 58
2 59
2 61
2 65
2 66
2 90
2 92
2 93
2 100
2 101
2 112
3 3
3 4
3 5
3 7
3 8
3 15
3 22
3 25
3 27
3 35
3 38
3 39
3 65
3 88
3 89
3 92
3 99
3 112
4 4
4 5
4 6
4 7
4 8
4 9
4 10
4 12
4 13
4 15
4 28
4 58
4 59
4 60
4 61
4 65
4 66
4 75
4 90
4 92
4 93
4 100
4 101
4 102
4 103
4 106
4 112
5 5
5 6
5 7
5 8
5 9
5 10
5 12
5 13
5 15
5 39
5 48
5 51
5 58
5 59
5 60
5 61
5 65
5 89
5 90
5 92
5 93
5 100
5 112
6 6
6 7
6 8
6 9
6 10
6 11
6 12
6 13
6 28
6 58
6 60
6 65
6 67
6 90
6 92
6 93
6 100
6 101
6 112
7 7
7 8
7 9
7 10
7 11
7 12
7 13
7 15
7 58
7 59
7 60
7 61
7 65
7 66
7 90
7 92
7 93
7 100
7 101
7 112
8 8
8 9
8 10
8 12
8 13
8 15
8 28
8 58
8 59
8 60
8 61
8 65
8 66
8 90
8 92
8 93
8 95
8 100
8 101
8 102
8 103
8 106
8 109
8 112
9 9
9 10
9 12
9 13
9 18
9 58
9 59
9 60
9 61
9 65
9 89
9 90
9 92
9 93
9 100
9 101
10 10
10 11
10 12
10 13
10 18
10 58
10 59
10 60
10 61
10 66
10 76
10 90
10 92
10 93
10 100
10 101
10 106
10 113
11 11
11 12
11 13
11 15
11 48
11 49
11 58
11 65
11 67
11 90
11 92
11 106
11 115
12 12
12 13
12 18
12 28
12 48
12 58
12 59
12 60
12 61
12 65
12 66
12 75
12 90
12 92
12 93
12 95
12 101
12 106
12 109
12 112
13 13
13 16
13 48
13 58
13 59
13 60
13 61
13 65
13 66
13 75
13 77
13 89
13 90
13 92
13 95
13 100
13 104
13 106
13 112
14 14
14 19
14 22
14 23
14 48
14 57
14 64
14 68
14 69
14 82
14 84
14 86
14 87
14 88
14 89
14 91
14 92
14 93
14 94
14 97
14 103
14 107
14 108
14 113
15 15
15 39
15 49
15 56
15 65
15 90
15 92
15 95
15 97
15 99
15 108
15 112
15 115
16 16
16 17
16 28
16 29
16 56
16 60
16 62
16 63
16 72
16 77
16 78
16 79
16 80
16 81
16 95
16 99
16 102
16 103
16 109
16 111
17 17
17 27
17 29
17 34
17 36
17 37
17 44
17 56
17 57
17 62
17 63
17 72
17 77
17 78
17 79
17 80
17 81
17 95
17 99
17 109
17 111
18 18
18 19
18 28
18 58
18 59
18 60
18 61
18 63
18 66
18 68
18 73
18 74
18 76
18 83
18 91
18 93
18 100
18 101
18 102
18 103
19 19
19 58
19 59
19 61
19 66
19 68
19 91
19 93
19 101
19 102
19 103
19 113
20 20
20 24
20 25
20 29
20 30
20 31
20 33
20 34
20 35
20 36
20 41
20 43
20 44
20 45
20 47
20 62
20 67
20 71
20 84
20 85
20 99
21 21
21 29
21 31
21 33
21 44
21 46
21 47
21 53
21 55
21 62
21 71
21 72
21 78
21 80
21 81
21 84
21 86
21 94
21 97
21 99
21 111
22 22
22 23
22 24
22 25
22 26
22 27
22 30
22 31
22 32
22 34
22 35
22 50
22 53
22 56
22 57
22 64
22 68
22 69
22 82
22 84
22 85
22 86
22 87
22 88
22 94
22 96
22 97
22 110
22 113
22 114
23 23
23 24
23 25
23 27
23 30
23 31
23 33
23 34
23 35
23 39
23 64
23 69
23 82
23 83
23 84
23 85
23 86
23 87
23 88
23 91
23 93
23 94
23 107
23 114
24 24
24 25
24 26
24 27
24 30
24 31
24 33
24 34
24 35
24 43
24 44
24 47
24 50
24 53
24 54
24 55
24 64
24 67
24 69
24 82
24 84
24 85
24 86
24 87
24 88
24 96
24 98
24 110
25 25
25 27
25 30
25 31
25 33
25 34
25 35
25 36
25 38
25 39
25 47
25 52
25 53
25 54
25 55
25 56
25 64
25 69
25 82
25 84
25 85
25 86
25 87
25 88
25 94
25 96
25 97
25 98
25 110
25 114
26 26
26 27
26 30
26 32
26 35
26 56
26 57
26 64
26 68
26 69
26 79
26 84
26 85
26 86
26 87
26 88
26 97
26 110
27 27
27 31
27 32
27 34
27 35
27 36
27 37
27 38
27 39
27 40
27 41
27 50
27 54
27 55
27 56
27 57
27 64
27 69
27 81
27 82
27 84
27 85
27 86
27 87
27 88
27 94
27 96
27 97
27 110
27 114
28 28
28 29
28 42
28 46
28 59
28 60
28 62
28 63
28 66
28 72
28 73
28 75
28 76
28 78
28 79
28 80
28 81
28 83
28 95
28 101
28 102
28 103
28 106
28 111
29 29
29 33
29 42
29 44
29 46
29 62
29 63
29 70
29 72
29 76
29 77
29 78
29 79
29 80
29 81
29 83
29 98
29 99
29 102
29 103
29 111
30 30
30 31
30 32
30 33
30 34
30 35
30 44
30 45
30 47
30 53
30 56
30 64
30 69
30 82
30 84
30 85
30 86
30 87
31 31
31 32
31 33
31 34
31 35
31 40
31 41
31 43
31 44
31 47
31 52
31 53
31 54
31 70
31 71
31 82
31 84
31 85
31 86
31 87
31 88
31 96
32 32
32 56
32 57
32 64
32 68
32 69
32 74
32 79
32 81
32 82
32 84
32 85
32 86
32 87
32 88
33 33
33 34
33 35
33 36
33 44
33 45
33 62
33 67
33 69
33 70
33 71
33 82
33 83
33 84
33 85
33 86
33 87
33 88
33 91
33 107
34 34
34 35
34 36
34 44
34 45
34 50
34 54
34 56
34 64
34 67
34 69
34 82
34 84
34 85
34 87
34 88
34 94
34 96
34 110
34 114
35 35
35 36
35 44
35 45
35 47
35 55
35 56
35 62
35 64
35 67
35 69
35 84
35 85
35 86
35 87
35 88
35 97
35 99
35 110
36 36
36 37
36 41
36 52
36 54
36 77
36 81
36 82
36 84
36 87
36 88
36 107
36 114
37 37
37 38
37 39
37 40
37 41
37 52
37 54
37 71
37 77
37 81
37 89
37 100
37 104
37 105
37 114
38 38
38 39
38 40
38 41
38 54
38 77
38 82
38 88
38 89
38 96
38 100
38 104
38 105
38 110
38 113
38 114
39 39
39 61
39 65
39 69
39 89
39 91
39 94
39 97
39 105
39 107
39 108
39 110
39 113
39 114
40 40
40 41
40 42
40 43
40 46
40 48
40 51
40 52
40 53
40 54
40 70
40 73
40 74
40 75
40 77
40 82
40 85
40 96
40 98
40 104
40 106
40 113
41 41
41 48
41 52
41 54
41 71
41 74
41 75
41 77
41 82
41 89
41 96
41 104
42 42
42 43
42 44
42 45
42 46
42 47
42 53
42 55
42 62
42 63
42 70
42 71
42 72
42 73
42 75
42 76
42 77
42 98
42 106
42 112
43 43
43 44
43 45
43 46
43 47
43 49
43 50
43 51
43 53
43 54
43 55
43 67
43 71
43 73
43 74
43 76
43 96
43 98
43 99
43 106
43 112
44 44
44 45
44 46
44 47
44 49
44 53
44 55
44 62
44 67
44 81
44 84
44 85
44 98
44 99
45 45
45 46
45 47
45 49
45 50
45 53
45 55
45 64
45 67
45 84
45 85
46 46
46 47
46 49
46 51
46 52
46 53
46 55
46 63
46 70
46 71
46 72
46 73
46 74
46 76
46 96
46 98
46 106
47 47
47 49
47 50
47 51
47 53
47 55
47 67
47 71
47 96
47 98
47 99
47 110
47 112
48 48
48 49
48 50
48 51
48 52
48 58
48 67
48 90
48 92
48 93
48 96
48 100
48 112
48 113
49 49
49 50
49 51
49 53
49 55
49 94
49 96
49 98
49 108
49 112
49 115
50 50
50 51
50 53
50 64
50 67
50 88
50 96
50 98
51 51
51 52
51 53
51 55
51 90
51 92
51 93
51 96
51 98
51 100
51 108
51 112
51 113
52 52
52 53
52 54
52 66
52 70
52 71
52 74
52 91
52 96
52 98
52 100
52 113
53 53
53 55
53 70
53 74
53 91
53 96
53 98
53 99
54 54
54 70
54 72
54 77
54 82
54 88
54 89
54 96
54 98
54 110
55 55
55 73
55 96
55 98
55 99
55 110
55 112
56 56
56 57
56 64
56 68
56 69
56 79
56 80
56 81
56 84
56 85
56 86
56 87
56 88
56 97
56 99
57 57
57 64
57 68
57 69
57 78
57 79
57 80
57 81
57 82
57 84
57 85
57 86
57 87
57 88
57 95
57 97
57 111
58 58
58 59
58 60
58 61
58 65
58 66
58 75
58 76
58 89
58 90
58 92
58 95
58 100
58 101
58 102
58 103
58 104
58 106
59 59
59 60
59 61
59 63
59 66
59 74
59 75
59 76
59 77
59 89
59 90
59 92
59 93
59 100
59 101
59 102
59 103
59 104
59 106
60 60
60 61
60 63
60 65
60 66
60 76
60 95
60 100
60 101
60 102
60 103
60 106
61 61
61 65
61 66
61 74
61 75
61 76
61 77
61 89
61 90
61 92
61 100
61 101
61 102
61 104
61 106
62 62
62 63
62 71
62 72
62 77
62 78
62 79
62 80
62 81
62 83
62 99
62 102
62 111
63 63
63 66
63 70
63 72
63 73
63 74
63 76
63 77
63 79
63 80
63 81
63 101
63 102
63 103
63 106
63 111
64 64
64 65
64 69
64 82
64 84
64 85
64 86
64 87
64 88
64 110
65 65
65 89
65 92
65 95
66 66
66 71
66 74
66 75
66 76
66 77
66 100
66 101
66 102
66 103
66 104
66 106
67 67
67 98
68 68
68 69
68 78
68 79
68 86
68 88
68 93
68 94
68 97
69 69
69 82
69 84
69 85
69 86
69 87
69 88
69 91
69 94
69 97
69 110
70 70
70 72
70 73
70 74
70 76
70 79
70 82
70 83
70 85
70 96
70 107
71 71
71 73
71 75
71 76
71 77
71 83
71 111
72 72
72 73
72 74
72 75
72 76
72 77
72 78
72 79
72 80
72 81
72 98
72 102
72 111
73 73
73 74
73 75
73 76
73 77
73 106
74 74
74 75
74 76
74 106
75 75
75 76
75 77
75 104
75 106
76 76
76 77
76 83
76 101
76 102
76 103
76 106
76 109
76 111
77 77
77 80
77 81
77 89
77 102
77 104
77 109
78 78
78 79
78 80
78 81
78 83
78 91
78 95
78 97
78 103
78 108
79 79
79 80
79 81
79 84
79 85
79 86
79 87
79 88
79 95
79 99
79 109
79 111
80 80
80 81
80 95
80 99
81 81
81 84
81 99
81 111
82 82
82 84
82 85
82 86
82 87
82 88
82 91
82 94
82 96
82 107
82 113
82 114
83 83
83 91
83 103
83 107
84 84
84 85
84 86
84 87
84 88
84 94
84 96
84 107
84 114
85 85
85 86
85 87
85 88
85 96
86 86
86 87
86 88
86 94
86 97
87 87
87 88
87 94
87 96
87 107
88 88
88 96
88 110
89 89
89 104
89 113
89 114
90 90
90 92
90 93
90 100
90 101
90 112
91 91
91 93
91 94
91 107
91 108
91 113
92 92
92 93
92 100
92 101
92 103
92 106
92 109
92 112
92 113
93 93
93 100
93 101
93 103
93 113
94 94
94 96
94 97
94 105
94 107
94 108
94 113
95 95
95 97
95 99
95 108
95 109
95 112
95 115
96 96
96 98
96 110
96 113
96 114
97 97
97 99
97 108
97 115
98 98
98 99
98 111
99 99
99 109
99 111
99 112
100 100
100 101
100 102
100 103
100 104
100 105
100 106
101 101
101 102
101 103
101 104
101 106
102 102
102 103
102 104
102 106
102 111
103 103
103 104
103 111
104 104
104 105
104 106
104 113
104 114
105 105
105 107
105 108
105 113
105 114
105 115
106 106
106 109
107 107
107 108
107 113
107 114
108 108
108 114
108 115
109 109
109 111
110 110
110 113
111 111
112 112
113 113
113 114
114 114
115 115
