0 0
0 1
0 6
0 7
0 18
0 19
0 32
0 33
0 38
0 39
0 40
0 41
0 56
0 57
0 58
0 59
0 60
0 61
0 62
0 63
0 66
0 68
0 76
0 80
0 82
0 83
0 86
0 87
0 88
0 89
0 98
0 99
0 101
0 102
0 103
0 108
1 1
1 6
1 7
1 10
1 11
1 13
1 16
1 17
1 18
1 19
1 32
1 33
1 56
1 57
1 58
1 59
1 60
1 61
1 62
1 63
1 73
1 82
1 83
1 87
1 89
1 100
1 101
1 102
1 103
1 108
1 113
2 2
2 3
2 6
2 18
2 22
2 23
2 30
2 31
2 64
2 67
2 86
3 3
3 4
3 5
3 7
3 8
3 9
3 20
3 22
3 23
3 24
3 25
3 26
3 27
3 114
4 4
4 5
4 8
4 9
4 13
4 14
4 15
4 20
4 21
4 23
4 24
4 25
4 26
4 27
5 5
5 8
5 9
5 15
5 20
5 21
5 23
5 24
5 25
5 26
5 27
5 50
5 85
6 6
6 7
6 10
6 14
6 18
6 19
6 39
6 56
6 57
6 59
6 60
6 61
6 62
6 64
6 66
6 70
6 89
6 91
6 92
6 93
6 100
6 101
6 102
6 103
6 107
6 108
7 7
7 11
7 13
7 19
7 38
7 39
7 56
7 57
7 60
7 61
7 64
7 65
7 87
7 89
7 92
7 93
7 100
7 101
7 102
7 103
7 107
7 108
8 8
8 9
8 11
8 12
8 13
8 14
8 15
8 20
8 23
8 24
8 25
8 26
8 27
8 50
8 64
8 65
9 9
9 13
9 15
9 20
9 21
9 23
9 24
9 25
9 26
9 27
9 35
9 50
9 85
10 10
10 11
10 12
10 13
10 14
10 16
10 17
10 22
10 30
10 31
10 32
10 33
10 60
10 62
10 64
10 65
10 74
10 79
10 101
10 106
11 11
11 12
11 13
11 16
11 17
11 28
11 29
11 32
11 33
11 35
11 60
11 62
11 64
11 65
11 78
12 12
12 13
12 14
12 16
12 17
12 22
12 32
12 33
12 48
12 50
12 60
12 62
12 64
12 65
12 74
12 75
12 78
12 79
13 13
13 14
13 15
13 16
13 17
13 28
13 29
13 60
13 61
13 65
14 14
14 15
14 16
14 18
14 19
14 28
14 57
14 60
14 61
14 64
14 76
14 82
14 83
14 84
14 88
14 93
15 15
15 16
15 19
15 20
15 21
15 24
15 26
15 28
15 29
15 36
15 61
15 62
15 73
15 80
15 81
15 82
15 83
16 16
16 17
16 28
16 29
16 30
16 32
16 33
16 36
16 60
16 62
16 63
16 65
16 70
16 72
16 73
16 74
16 75
16 76
16 78
16 79
16 80
16 81
17 17
17 28
17 29
17 32
17 33
17 60
17 61
17 62
17 63
17 65
17 72
17 73
17 74
17 75
17 78
17 79
17 81
18 18
18 19
18 22
18 31
18 33
18 36
18 40
18 41
18 56
18 57
18 59
18 61
18 63
18 66
18 68
18 76
18 80
18 82
18 83
18 84
18 86
18 87
18 88
18 89
18 101
18 108
18 110
19 19
19 28
19 29
19 32
19 33
19 36
19 39
19 41
19 56
19 57
19 59
19 60
19 61
19 63
19 68
19 69
19 72
19 73
19 76
19 80
19 81
19 82
19 83
19 87
19 88
19 89
19 93
19 101
19 102
19 108
20 20
20 21
20 23
20 24
20 25
20 26
20 27
20 35
20 37
20 77
20 80
20 81
20 84
20 85
21 21
21 23
21 24
21 25
21 26
21 27
21 37
21 39
21 77
21 83
21 84
21 85
21 94
21 96
21 97
21 109
21 110
22 22
22 23
22 27
22 30
22 31
22 33
22 34
22 64
22 78
22 84
22 86
22 110
23 23
23 24
23 25
23 26
23 27
23 31
23 34
23 35
23 42
23 43
23 45
23 50
23 67
23 84
23 85
23 114
24 24
24 25
24 26
24 27
24 34
24 35
24 50
24 84
24 85
24 114
25 25
25 26
25 27
25 34
25 35
25 42
25 43
25 45
25 50
25 84
25 85
25 114
26 26
26 27
26 37
26 50
26 85
27 27
27 37
27 50
27 84
27 85
28 28
28 29
28 30
28 32
28 33
28 36
28 37
28 40
28 62
28 63
28 72
28 73
28 74
28 75
28 76
28 78
28 79
28 80
28 81
28 83
28 84
29 29
29 30
29 32
29 33
29 36
29 62
29 63
29 72
29 73
29 74
29 75
29 76
29 77
29 78
29 79
29 80
29 81
29 83
30 30
30 31
30 32
30 33
30 42
30 43
30 62
30 72
30 73
30 75
30 76
30 78
30 79
30 84
31 31
31 32
31 33
31 34
31 41
31 42
31 43
31 75
31 76
31 78
31 79
31 84
31 85
31 86
31 110
32 32
32 33
32 56
32 60
32 61
32 62
32 63
32 72
32 73
32 74
32 75
32 76
32 78
32 79
32 82
32 100
32 101
32 102
32 103
33 33
33 41
33 56
33 60
33 61
33 62
33 63
33 64
33 72
33 73
33 74
33 75
33 76
33 78
33 79
33 83
33 101
33 102
33 113
34 34
34 35
34 42
34 43
34 44
34 45
34 47
34 48
34 50
34 51
34 78
34 84
34 85
34 104
35 35
35 42
35 43
35 44
35 45
35 46
35 47
35 50
35 51
35 53
35 65
35 84
35 85
35 114
36 36
36 37
36 40
36 41
36 52
36 62
36 63
36 72
36 73
36 75
36 76
36 77
36 78
36 79
36 80
36 81
36 82
36 83
36 84
36 95
36 110
36 112
37 37
37 38
37 39
37 40
37 41
37 52
37 71
37 72
37 73
37 74
37 75
37 76
37 77
37 80
37 81
37 83
37 84
37 85
37 94
37 109
37 110
38 38
38 39
38 40
38 41
38 54
38 55
38 66
38 82
38 86
38 87
38 88
38 89
38 90
38 93
38 94
38 95
38 96
38 97
38 98
38 99
38 100
38 101
38 102
38 103
38 104
38 105
38 106
38 107
38 108
38 109
38 110
38 113
38 115
39 39
39 41
39 54
39 55
39 58
39 59
39 61
39 66
39 82
39 83
39 87
39 88
39 89
39 93
39 94
39 96
39 97
39 99
39 100
39 101
39 102
39 103
39 104
39 105
39 106
39 107
39 108
39 109
39 110
39 112
39 113
39 115
40 40
40 46
40 52
40 55
40 62
40 63
40 73
40 76
40 79
40 80
40 81
40 82
40 83
40 84
41 41
41 56
41 73
41 74
41 75
41 76
41 77
41 80
41 81
41 82
41 83
41 84
41 87
41 88
41 94
41 106
41 107
41 108
41 110
42 42
42 43
42 44
42 45
42 46
42 47
42 48
42 49
42 50
42 51
42 52
42 53
42 55
42 85
42 98
42 99
42 111
43 43
43 44
43 45
43 46
43 47
43 48
43 49
43 50
43 51
43 53
43 55
43 85
43 98
43 99
43 111
44 44
44 45
44 46
44 47
44 48
44 49
44 50
44 51
44 53
44 67
44 90
44 98
44 99
44 111
45 45
45 47
45 48
45 49
45 50
45 51
45 67
45 85
45 90
45 104
45 105
45 111
46 46
46 47
46 48
46 49
46 50
46 51
46 52
46 53
46 54
46 55
46 58
46 96
46 98
46 99
46 111
46 112
47 47
47 48
47 49
47 50
47 51
47 53
47 54
47 55
47 90
47 96
47 98
47 99
47 110
47 111
48 48
48 49
48 50
48 51
48 55
48 58
48 65
48 67
48 90
48 91
48 98
48 99
48 104
48 111
49 49
49 50
49 51
49 65
49 67
49 90
49 91
49 104
49 105
49 111
50 50
50 51
50 53
50 67
50 85
50 111
51 51
51 52
51 53
51 54
51 67
51 90
51 98
51 111
52 52
52 53
52 58
52 63
52 98
53 53
53 65
54 54
54 55
54 58
54 66
54 86
54 87
54 88
54 89
54 90
54 95
54 96
54 97
54 98
54 99
54 105
54 107
54 108
54 109
54 110
54 112
55 55
55 58
55 59
55 66
55 77
55 82
55 87
55 88
55 89
55 90
55 94
55 95
55 96
55 97
55 98
55 99
55 107
55 108
55 109
55 110
55 111
55 112
56 56
56 57
56 58
56 59
56 60
56 61
56 62
56 63
56 66
56 68
56 72
56 78
56 79
56 80
56 81
56 82
56 83
56 87
56 88
56 89
56 101
56 102
56 103
56 108
57 57
57 59
57 60
57 68
57 69
57 82
57 86
57 87
57 88
57 89
57 101
57 102
58 58
58 59
58 60
58 61
58 63
58 66
58 82
58 88
58 89
58 90
58 96
58 97
58 98
58 99
58 102
58 107
58 108
58 111
58 112
59 59
59 61
59 63
59 66
59 68
59 69
59 82
59 83
59 88
59 89
59 90
59 97
59 98
59 99
59 101
59 102
59 108
59 109
59 112
60 60
60 61
60 62
60 63
60 64
60 65
60 87
60 89
60 93
60 100
60 101
60 102
60 103
60 106
60 107
60 108
61 61
61 62
61 63
61 68
61 73
61 76
61 80
61 81
61 82
61 83
61 88
61 89
61 93
61 100
61 101
61 102
61 103
61 108
62 62
62 63
62 72
62 73
62 75
62 76
62 78
62 79
62 80
62 81
63 63
63 72
63 73
63 76
63 78
63 79
63 80
63 81
63 82
63 83
63 101
63 102
63 108
63 112
64 64
64 65
64 93
64 103
65 65
66 66
66 67
66 68
66 82
66 88
66 89
66 94
66 96
66 97
66 98
66 99
66 101
66 102
66 103
66 104
66 105
66 107
66 108
66 109
66 112
66 115
67 67
67 69
67 85
67 94
67 105
68 68
68 69
68 82
68 88
69 69
69 70
69 71
69 91
69 93
69 114
70 70
70 71
70 72
70 73
70 75
70 77
71 71
71 75
71 77
71 92
71 104
71 105
71 109
72 72
72 73
72 74
72 75
72 76
72 78
72 79
72 80
72 81
73 73
73 74
73 75
73 76
73 77
73 79
73 80
73 81
73 83
74 74
74 75
74 76
74 78
74 80
74 81
74 110
74 113
75 75
75 76
75 77
75 78
75 79
75 80
75 81
75 83
75 84
76 76
76 77
76 78
76 79
76 80
76 81
76 82
76 83
76 84
76 85
76 110
76 115
77 77
77 81
77 83
77 84
77 94
77 109
77 110
77 115
78 78
78 79
78 80
78 81
78 84
78 85
79 79
79 80
79 81
79 84
80 80
80 81
80 82
80 83
80 84
80 85
81 81
81 83
81 84
82 82
82 83
82 86
82 87
82 88
82 89
82 95
82 96
82 97
82 98
82 99
82 101
82 102
82 108
82 110
82 112
83 83
83 84
83 87
83 88
83 89
83 95
83 96
83 97
83 108
83 109
83 110
83 112
84 84
84 85
85 85
85 114
86 86
86 87
86 88
86 89
86 90
86 95
86 96
86 98
86 99
86 107
86 108
86 110
87 87
87 88
87 89
87 93
87 96
87 97
87 98
87 99
87 100
87 101
87 102
87 103
87 107
87 108
87 110
87 113
88 88
88 89
88 93
88 95
88 96
88 97
88 98
88 99
88 101
88 102
88 107
88 108
88 110
89 89
89 90
89 93
89 95
89 96
89 97
89 98
89 99
89 100
89 101
89 102
89 107
89 108
89 109
89 110
89 112
90 90
90 91
90 92
90 95
90 96
90 98
90 99
90 104
90 105
90 107
90 109
91 91
91 92
91 93
91 95
91 99
91 100
91 101
91 108
92 92
92 93
92 100
92 101
92 102
92 103
92 104
92 105
92 109
93 93
93 95
93 100
93 101
93 102
93 103
93 108
94 94
94 96
94 97
94 99
94 103
94 104
94 105
94 107
94 108
94 109
94 110
94 113
94 115
95 95
95 96
95 97
95 98
95 99
95 100
95 101
95 107
95 108
95 109
95 111
95 112
96 96
96 97
96 98
96 99
96 108
96 109
96 110
96 111
96 112
96 113
97 97
97 98
97 99
97 100
97 102
97 103
97 104
97 105
97 108
97 109
97 110
97 112
97 113
97 114
97 115
98 98
98 99
98 108
98 110
98 111
98 112
98 113
99 99
99 100
99 101
99 102
99 107
99 108
99 109
99 110
99 111
99 112
99 113
100 100
100 101
100 102
100 103
100 104
100 105
100 107
100 108
100 113
101 101
101 102
101 103
101 104
101 105
101 106
101 107
101 108
101 112
102 102
102 103
102 104
102 105
102 106
102 107
102 108
102 112
102 113
102 115
103 103
103 104
103 105
103 107
103 109
103 113
103 115
104 104
104 105
104 106
104 107
104 109
104 113
104 115
105 105
105 107
105 109
105 113
105 114
105 115
106 106
106 107
106 108
107 107
107 108
107 115
108 108
108 109
108 110
108 112
108 113
108 115
109 109
109 110
109 112
109 113
109 115
110 110
110 112
110 113
111 111
111 112
112 112
112 113
113 113
113 115
114 114
114 115
115 115
