0 0
0 1
0 10
0 12
0 16
0 17
0 18
0 19
0 32
0 33
0 44
0 45
0 49
0 56
0 57
0 58
0 60
0 61
0 62
0 63
0 66
0 68
0 69
0 80
0 81
1 1
1 18
1 19
1 32
1 33
1 44
1 45
1 46
1 47
1 49
1 56
1 57
1 60
1 63
1 68
1 69
1 81
1 106
1 114
1 115
2 2
2 3
2 5
2 6
2 7
2 9
2 11
2 18
2 21
2 22
2 23
2 30
2 31
2 35
2 64
2 70
2 73
2 74
2 75
2 76
2 77
2 91
2 92
2 93
2 97
2 101
2 105
2 109
2 113
3 3
3 7
3 8
3 9
3 11
3 13
3 15
3 21
3 22
3 23
3 25
3 26
3 27
3 30
3 31
3 34
3 35
3 37
3 64
3 65
3 70
3 74
3 75
3 77
3 92
3 93
4 4
4 8
4 13
4 24
4 25
4 26
4 27
4 29
4 42
4 43
4 45
4 54
4 59
4 66
4 67
4 87
4 96
4 98
4 99
4 103
4 110
4 111
5 5
5 7
5 9
5 15
5 22
5 23
5 24
5 25
5 35
5 64
5 65
5 70
5 71
5 76
5 90
5 91
5 92
5 93
5 105
5 111
5 112
6 6
6 7
6 9
6 10
6 11
6 18
6 21
6 23
6 32
6 60
6 61
6 62
6 64
6 65
6 73
6 74
6 75
6 76
6 77
6 91
6 93
6 101
6 105
6 107
6 113
6 114
7 7
7 8
7 9
7 15
7 21
7 22
7 23
7 25
7 27
7 29
7 30
7 31
7 34
7 35
7 37
7 38
7 40
7 65
7 73
7 74
7 76
7 77
7 90
7 91
7 92
7 93
7 99
7 101
7 102
7 111
7 113
8 8
8 9
8 14
8 21
8 22
8 27
8 34
8 35
8 61
8 65
8 72
8 73
8 84
8 91
8 110
9 9
9 11
9 15
9 21
9 22
9 23
9 26
9 27
9 30
9 31
9 34
9 35
9 64
9 65
9 70
9 71
9 73
9 74
9 75
9 76
9 77
9 86
9 92
9 93
10 10
10 11
10 12
10 13
10 17
10 28
10 40
10 50
10 60
10 61
10 62
10 63
10 65
10 72
10 73
10 83
10 84
10 89
10 107
11 11
11 12
11 13
11 15
11 22
11 23
11 28
11 30
11 31
11 40
11 48
11 50
11 51
11 61
11 64
11 65
11 70
11 74
11 75
11 76
11 77
11 79
11 89
11 100
11 113
12 12
12 13
12 14
12 16
12 17
12 28
12 40
12 43
12 54
12 61
12 62
12 63
12 64
12 79
12 81
12 83
12 84
12 85
12 88
12 89
12 113
13 13
13 15
13 17
13 28
13 29
13 31
13 40
13 42
13 43
13 48
13 50
13 51
13 54
13 61
13 62
13 64
13 65
13 73
13 83
13 84
13 113
14 14
14 18
14 20
14 21
14 22
14 28
14 30
14 38
14 41
14 52
14 60
14 64
14 73
14 74
14 82
14 84
14 88
14 89
14 91
14 93
14 106
15 15
15 23
15 24
15 25
15 28
15 29
15 30
15 31
15 35
15 36
15 37
15 54
15 65
15 76
15 77
15 83
15 89
15 92
15 113
16 16
16 17
16 28
16 32
16 33
16 44
16 49
16 53
16 56
16 57
16 62
16 63
16 66
16 68
16 69
16 78
16 79
16 80
16 81
16 112
17 17
17 28
17 29
17 36
17 42
17 43
17 44
17 46
17 54
17 55
17 56
17 57
17 62
17 63
17 72
17 78
17 79
17 80
17 81
17 83
17 107
17 111
17 112
18 18
18 19
18 32
18 56
18 60
18 64
18 69
18 75
18 91
18 101
18 105
18 107
18 114
19 19
19 32
19 33
19 45
19 46
19 47
19 49
19 56
19 57
19 63
19 68
19 69
19 105
19 107
19 114
20 20
20 21
20 26
20 27
20 36
20 37
20 38
20 39
20 41
20 55
20 82
20 85
20 86
20 87
20 88
20 94
20 96
20 97
20 106
20 108
20 110
21 21
21 22
21 23
21 26
21 27
21 30
21 31
21 33
21 34
21 35
21 36
21 37
21 39
21 41
21 64
21 82
21 86
21 87
21 92
21 93
21 94
21 101
21 108
21 113
22 22
22 23
22 24
22 25
22 30
22 31
22 35
22 48
22 50
22 51
22 52
22 64
22 65
22 67
22 73
22 74
22 75
22 77
22 79
22 88
22 89
22 91
22 92
22 93
23 23
23 25
23 27
23 30
23 31
23 35
23 37
23 50
23 51
23 52
23 64
23 65
23 70
23 71
23 73
23 74
23 75
23 76
23 77
23 86
23 88
23 89
23 90
23 91
23 92
23 93
24 24
24 25
24 29
24 48
24 51
24 55
24 59
24 66
24 67
24 82
24 88
24 95
24 100
24 102
24 103
24 111
24 112
25 25
25 26
25 27
25 29
25 30
25 31
25 35
25 36
25 37
25 38
25 39
25 41
25 51
25 52
25 54
25 65
25 78
25 82
25 86
25 90
25 92
25 93
25 100
25 102
25 110
25 111
25 112
26 26
26 27
26 30
26 31
26 37
26 38
26 41
26 86
26 87
26 102
26 110
27 27
27 30
27 31
27 35
27 37
27 38
27 39
27 41
27 64
27 65
27 78
27 82
27 87
27 92
27 108
27 110
28 28
28 29
28 40
28 61
28 72
28 74
28 79
28 83
28 84
28 100
28 107
29 29
29 31
29 36
29 37
29 39
29 42
29 43
29 44
29 46
29 55
29 83
29 96
29 99
29 103
29 111
29 113
30 30
30 31
30 34
30 35
30 37
30 50
30 64
30 65
30 75
30 77
30 79
30 89
30 93
31 31
31 34
31 35
31 37
31 50
31 51
31 64
31 65
31 70
31 73
31 74
31 75
31 77
31 79
31 86
31 92
31 93
31 102
31 113
32 32
32 33
32 44
32 49
32 53
32 56
32 57
32 62
32 63
32 66
32 68
32 69
32 79
32 83
32 89
32 105
33 33
33 34
33 43
33 44
33 45
33 46
33 49
33 56
33 57
33 62
33 63
33 68
33 69
33 79
33 81
33 83
34 34
34 35
34 61
34 65
34 71
34 77
34 92
34 93
34 102
35 35
35 37
35 60
35 61
35 64
35 65
35 67
35 70
35 71
35 73
35 76
35 77
35 86
35 90
35 91
35 92
35 93
35 101
35 113
36 36
36 37
36 38
36 39
36 41
36 52
36 54
36 55
36 80
36 82
36 85
36 86
36 87
36 90
36 92
36 94
36 95
36 96
36 97
36 98
36 99
36 100
36 101
36 103
36 106
36 108
36 110
36 112
37 37
37 38
37 39
37 41
37 52
37 54
37 73
37 76
37 77
37 82
37 86
37 87
37 90
37 91
37 92
37 93
37 94
37 102
37 108
37 110
38 38
38 39
38 41
38 52
38 54
38 55
38 80
38 82
38 86
38 87
38 92
38 93
38 94
38 96
38 98
38 99
38 108
38 110
39 39
39 41
39 52
39 54
39 55
39 80
39 82
39 85
39 86
39 87
39 90
39 92
39 94
39 95
39 96
39 97
39 98
39 99
39 102
39 103
39 104
39 106
39 108
39 110
40 40
40 44
40 48
40 49
40 61
40 62
40 72
40 75
40 76
40 83
40 105
40 113
41 41
41 52
41 55
41 59
41 82
41 85
41 86
41 87
41 91
41 93
41 94
41 95
41 96
41 97
41 98
41 99
41 102
41 103
41 104
41 106
41 108
41 110
42 42
42 43
42 44
42 45
42 46
42 47
42 49
42 54
42 55
42 78
42 80
42 81
42 83
42 85
42 96
42 98
42 99
42 115
43 43
43 44
43 45
43 46
43 47
43 49
43 54
43 55
43 57
43 78
43 79
43 80
43 81
43 83
43 84
43 85
43 96
44 44
44 45
44 46
44 47
44 48
44 49
44 55
44 56
44 57
44 63
44 66
44 68
44 69
44 78
44 79
44 80
44 81
44 83
44 84
44 115
45 45
45 46
45 47
45 48
45 49
45 56
45 57
45 66
45 67
45 68
45 69
45 78
45 81
45 83
45 115
46 46
46 47
46 49
46 53
46 55
46 56
46 57
46 68
46 69
46 80
46 81
46 85
46 87
46 96
46 98
46 99
46 110
47 47
47 49
47 55
47 56
47 57
47 68
47 69
47 78
47 80
47 81
47 95
47 96
47 97
47 98
47 104
47 110
47 115
48 48
48 49
48 50
48 51
48 53
48 58
48 64
48 65
48 67
48 83
48 88
48 89
48 113
49 49
49 53
49 56
49 57
49 66
49 68
49 69
49 71
49 83
49 105
50 50
50 51
50 52
50 53
50 54
50 64
50 65
50 73
50 74
50 75
50 78
50 79
50 84
50 88
50 89
51 51
51 52
51 53
51 74
51 88
51 100
51 113
52 52
52 53
52 54
52 59
52 74
52 82
52 87
52 88
52 90
52 91
52 92
52 93
53 53
53 69
53 86
53 98
54 54
54 55
54 78
54 81
54 82
54 84
54 85
54 87
54 92
54 93
54 96
54 98
54 99
54 110
54 115
55 55
55 57
55 69
55 80
55 81
55 82
55 84
55 85
55 87
55 94
55 96
55 98
55 110
56 56
56 57
56 63
56 66
56 68
56 69
56 79
56 80
56 81
57 57
57 62
57 63
57 66
57 68
57 69
57 79
57 80
57 81
58 58
58 59
58 60
58 61
58 66
58 67
58 69
58 82
58 85
58 90
58 94
58 96
58 103
58 104
58 105
58 106
58 108
59 59
59 66
59 67
59 82
59 85
59 87
59 90
59 91
59 94
59 96
59 97
59 98
59 101
59 103
59 104
59 106
59 108
59 109
59 110
59 111
60 60
60 61
60 62
60 63
60 64
60 65
60 75
60 105
60 113
61 61
61 62
61 63
61 64
61 65
61 76
61 77
61 101
61 107
61 113
62 62
62 63
62 83
62 101
62 112
62 113
63 63
63 68
63 69
63 80
63 81
63 83
63 112
64 64
64 65
64 70
64 73
64 74
64 75
64 84
64 88
64 89
64 93
64 113
65 65
65 70
65 71
65 73
65 74
65 75
65 76
65 77
65 86
65 88
65 89
65 93
65 113
66 66
66 67
66 68
66 69
66 83
66 105
66 111
66 114
67 67
67 88
67 101
67 103
67 105
67 110
67 111
68 68
68 69
68 80
68 81
68 105
69 69
69 80
69 81
70 70
70 71
70 72
70 73
70 74
70 75
70 76
70 77
70 92
70 93
71 71
71 75
71 76
71 77
71 89
71 90
71 92
71 95
71 103
71 105
71 109
71 115
72 72
72 73
72 74
72 81
72 107
73 73
73 74
73 75
73 76
73 77
73 90
73 91
73 93
73 107
73 114
74 74
74 75
74 76
74 77
74 91
74 92
74 93
75 75
75 76
75 77
75 105
75 107
75 113
75 114
76 76
76 77
76 89
76 90
76 91
76 92
76 93
76 112
77 77
77 86
77 90
77 91
77 92
77 93
78 78
78 79
78 80
78 81
78 84
78 107
78 110
78 111
79 79
79 80
79 81
79 84
80 80
80 81
80 84
80 85
80 96
80 98
80 106
80 110
81 81
81 84
81 85
81 107
81 110
82 82
82 84
82 85
82 87
82 88
82 94
82 96
82 100
82 102
82 103
82 106
82 108
82 110
83 83
83 89
83 105
83 107
83 112
83 113
83 114
84 84
84 85
84 88
84 89
85 85
85 87
85 94
85 96
85 98
85 103
85 108
85 110
86 86
86 87
86 94
87 87
87 94
87 95
87 96
87 97
87 98
87 99
87 102
87 103
87 104
87 106
87 108
87 110
88 88
88 89
88 91
89 89
89 113
90 90
90 91
90 92
90 93
90 97
90 98
90 99
90 100
90 101
90 102
90 108
90 110
90 111
90 112
91 91
91 92
91 93
91 99
91 106
91 109
92 92
92 93
92 97
92 100
92 102
92 104
92 111
93 93
93 101
94 94
94 95
94 96
94 97
94 98
94 99
94 100
94 101
94 102
94 103
94 104
94 106
94 108
94 109
94 110
95 95
95 96
95 97
95 98
95 100
95 101
95 103
95 104
95 106
95 108
95 109
95 114
95 115
96 96
96 97
96 98
96 99
96 102
96 103
96 104
96 106
96 108
96 109
96 110
96 115
97 97
97 98
97 99
97 100
97 102
97 103
97 104
97 106
97 108
97 109
97 110
97 114
98 98
98 99
98 100
98 102
98 104
98 106
98 108
98 110
99 99
99 104
99 110
99 111
100 100
100 102
100 103
100 104
100 108
100 109
101 101
101 102
101 103
101 104
101 108
101 109
101 113
102 102
102 104
102 108
102 109
102 110
103 103
103 104
103 106
103 108
103 109
104 104
104 106
104 108
104 109
104 115
105 105
105 107
105 114
105 115
106 106
106 108
106 109
107 107
107 114
108 108
108 109
108 110
109 109
110 110
110 111
111 111
111 112
112 112
112 113
113 113
114 114
114 115
115 115
