0 0
0 1
0 8
0 9
0 10
0 12
0 14
0 27
0 36
0 46
0 56
0 57
0 59
0 61
0 75
0 83
0 98
0 101
1 1
1 17
1 19
1 29
1 46
1 52
1 53
1 55
1 56
1 57
1 73
1 74
1 76
1 78
1 79
1 80
1 84
1 96
1 98
1 99
1 102
2 2
2 4
2 6
2 18
2 22
2 24
2 30
2 54
2 64
2 66
2 67
2 90
2 91
2 92
2 93
2 94
2 103
2 104
2 105
2 106
2 110
2 113
2 114
3 3
3 4
3 7
3 9
3 11
3 14
3 15
3 20
3 22
3 23
3 26
3 27
3 30
3 31
3 32
3 39
3 64
3 71
3 82
3 83
3 84
3 85
3 87
3 88
3 89
3 95
4 4
4 5
4 8
4 9
4 14
4 15
4 20
4 21
4 22
4 24
4 25
4 26
4 27
4 30
4 31
4 35
4 39
4 64
4 71
4 83
5 5
5 8
5 9
5 10
5 12
5 14
5 15
5 20
5 21
5 23
5 26
5 27
5 31
5 35
5 39
5 64
5 65
5 71
5 83
5 87
5 107
6 6
6 7
6 11
6 12
6 13
6 18
6 24
6 54
6 60
6 62
6 64
6 65
6 66
6 67
6 92
6 106
6 113
7 7
7 9
7 11
7 13
7 28
7 33
7 44
7 51
7 60
7 61
7 62
7 63
7 65
7 67
7 80
7 81
7 85
8 8
8 9
8 10
8 12
8 14
8 15
8 20
8 21
8 22
8 23
8 26
8 27
8 30
8 31
8 36
8 64
8 71
8 83
8 93
9 9
9 10
9 11
9 12
9 13
9 14
9 15
9 20
9 27
9 28
9 31
9 44
9 60
9 61
9 64
9 65
9 75
9 82
9 83
9 84
9 85
9 92
10 10
10 11
10 12
10 13
10 14
10 15
10 27
10 65
10 82
10 83
10 84
10 85
10 86
10 87
11 11
11 12
11 13
11 14
11 15
11 28
11 29
11 30
11 31
11 32
11 36
11 41
11 60
11 61
11 62
11 63
11 65
11 72
11 74
11 76
11 81
11 82
11 83
11 84
11 85
11 86
12 12
12 13
12 14
12 15
12 21
12 27
12 28
12 48
12 60
12 64
12 74
12 75
12 81
12 85
13 13
13 15
13 28
13 60
13 61
13 62
13 63
13 65
13 72
13 80
13 81
13 85
13 86
14 14
14 15
14 20
14 21
14 22
14 23
14 26
14 27
14 28
14 31
14 36
14 64
14 75
14 81
14 82
14 83
14 84
14 85
14 88
15 15
15 20
15 21
15 23
15 27
15 28
15 29
15 31
15 32
15 36
15 41
15 61
15 63
15 64
15 74
15 75
15 81
15 82
15 83
15 84
15 85
16 16
16 17
16 18
16 19
16 28
16 29
16 36
16 41
16 52
16 55
16 62
16 63
16 66
16 72
16 73
16 76
16 77
16 78
16 79
16 80
16 81
16 86
17 17
17 19
17 28
17 29
17 32
17 33
17 41
17 52
17 55
17 56
17 57
17 61
17 62
17 63
17 72
17 73
17 74
17 76
17 77
17 78
17 79
17 80
17 81
17 89
17 98
17 102
17 111
18 18
18 19
18 40
18 41
18 58
18 66
18 67
18 68
18 72
18 73
18 77
18 91
18 97
18 99
18 101
18 103
18 109
18 110
18 113
18 114
19 19
19 28
19 29
19 36
19 40
19 56
19 57
19 62
19 68
19 69
19 72
19 76
19 77
19 78
19 79
19 80
19 81
19 83
19 86
19 87
19 102
20 20
20 21
20 26
20 27
20 64
20 65
20 71
20 83
20 92
20 93
20 104
20 107
20 114
21 21
21 26
21 27
21 31
21 32
21 59
21 83
21 95
21 102
22 22
22 23
22 24
22 25
22 26
22 27
22 30
22 31
22 35
22 37
22 38
22 39
22 50
22 64
22 82
22 88
22 92
22 96
22 108
22 110
23 23
23 25
23 26
23 27
23 30
23 31
23 37
23 38
23 39
23 40
23 64
23 71
23 75
23 82
23 83
23 87
23 88
23 89
23 92
23 95
23 115
24 24
24 25
24 26
24 27
24 30
24 31
24 38
24 39
24 50
24 54
24 64
24 67
24 88
24 94
24 96
24 97
24 110
25 25
25 26
25 27
25 30
25 31
25 37
25 38
25 39
25 50
25 54
25 71
25 88
25 94
25 96
26 26
26 27
26 30
26 31
26 34
26 38
26 39
26 50
26 64
26 71
26 83
26 88
26 92
26 94
26 96
26 114
27 27
27 30
27 31
27 38
27 39
27 55
27 57
27 64
27 71
27 75
27 82
27 83
27 84
27 85
27 87
27 88
27 89
28 28
28 29
28 32
28 33
28 36
28 52
28 55
28 60
28 62
28 63
28 72
28 75
28 78
28 79
28 80
28 81
28 82
28 83
28 84
28 85
28 86
28 87
29 29
29 32
29 33
29 36
29 46
29 52
29 55
29 56
29 57
29 62
29 63
29 72
29 73
29 75
29 76
29 78
29 79
29 80
29 81
29 82
29 83
29 84
29 85
29 86
29 87
29 102
30 30
30 31
30 35
30 37
30 38
30 39
30 41
30 54
30 64
30 70
30 82
30 83
30 88
30 115
31 31
31 32
31 35
31 37
31 38
31 39
31 64
31 65
31 71
31 82
31 83
31 85
31 87
31 88
32 32
32 33
32 62
32 63
32 72
32 78
32 80
32 81
32 85
33 33
33 44
33 60
33 61
33 62
33 63
33 72
33 78
33 79
33 80
33 81
33 84
33 85
33 87
33 98
33 102
34 34
34 35
34 43
34 45
34 48
34 54
34 58
34 66
34 67
34 68
34 96
34 100
34 103
34 108
34 110
35 35
35 42
35 43
35 45
35 64
35 65
35 67
35 70
35 89
35 92
35 95
35 103
35 104
35 107
35 108
35 110
35 112
35 114
36 36
36 38
36 40
36 41
36 55
36 72
36 75
36 76
36 80
36 81
36 82
36 83
36 84
36 85
36 86
36 87
37 37
37 38
37 39
37 40
37 41
37 54
37 72
37 73
37 74
37 76
37 77
37 96
37 113
38 38
38 39
38 40
38 41
38 54
38 64
38 68
38 69
38 71
38 79
38 87
38 88
38 89
38 94
38 95
38 96
38 97
38 108
38 109
38 115
39 39
39 40
39 41
39 55
39 68
39 71
39 82
39 83
39 87
39 88
39 94
39 96
39 97
39 108
40 40
40 41
40 54
40 68
40 73
40 74
40 75
40 76
40 77
40 82
40 83
40 87
40 88
40 96
41 41
41 54
41 71
41 72
41 73
41 74
41 75
41 76
41 77
41 83
42 42
42 43
42 47
42 51
42 66
42 67
42 68
42 69
42 90
42 91
42 93
42 94
42 96
42 97
42 99
42 103
42 104
42 105
42 106
42 108
42 109
42 110
42 111
42 112
42 113
42 114
42 115
43 43
43 45
43 47
43 49
43 51
43 66
43 67
43 68
43 90
43 91
43 92
43 93
43 94
43 96
43 97
43 99
43 103
43 104
43 105
43 106
43 108
43 109
43 110
43 111
43 113
43 114
43 115
44 44
44 45
44 46
44 47
44 48
44 49
44 50
44 51
44 52
44 53
44 55
44 65
44 85
44 98
45 45
45 46
45 47
45 48
45 49
45 50
45 51
45 52
45 53
45 65
45 66
45 67
45 91
45 98
45 103
45 106
45 110
45 111
46 46
46 47
46 48
46 49
46 50
46 51
46 52
46 53
46 55
46 56
46 57
46 68
46 72
46 78
46 80
46 81
46 84
46 98
46 99
46 111
47 47
47 48
47 49
47 50
47 51
47 52
47 53
47 56
47 57
47 66
47 68
47 69
47 91
47 94
47 96
47 97
47 98
47 103
47 105
47 106
47 109
47 110
47 111
47 113
47 114
48 48
48 49
48 50
48 51
48 52
48 53
48 55
48 56
48 58
48 66
48 91
48 98
48 100
48 102
48 103
48 106
49 49
49 50
49 51
49 52
49 53
49 56
49 57
49 59
49 66
49 68
49 69
49 90
49 91
49 93
49 94
49 98
49 99
49 103
49 106
49 111
50 50
50 51
50 52
50 53
50 55
50 67
50 92
50 98
51 51
51 52
51 53
51 58
51 59
51 66
51 67
51 98
51 102
51 103
51 106
51 110
52 52
52 53
52 55
52 56
52 57
52 61
52 62
52 63
52 72
52 73
52 74
52 78
52 79
52 80
52 81
52 84
52 85
52 98
52 102
52 111
53 53
53 56
53 57
53 78
53 98
53 102
53 111
54 54
54 74
54 89
54 96
54 100
54 110
55 55
55 56
55 57
55 62
55 74
55 79
55 80
55 81
55 82
55 83
55 84
55 85
55 86
55 87
55 98
56 56
56 57
56 59
56 61
56 68
56 69
56 75
56 78
56 79
56 80
56 81
56 84
56 87
56 98
56 101
57 57
57 59
57 68
57 69
57 73
57 75
57 76
57 78
57 79
57 83
57 84
57 87
57 98
58 58
58 59
58 66
58 68
58 93
58 99
58 100
58 101
58 102
58 103
58 104
59 59
59 61
59 63
59 68
59 89
59 101
59 102
59 103
59 104
59 106
60 60
60 61
60 62
60 63
60 65
60 100
61 61
61 62
61 63
61 65
61 78
61 98
61 101
61 112
62 62
62 63
62 72
62 73
62 76
62 77
62 78
62 79
62 80
62 81
62 82
62 83
62 84
62 85
62 86
62 102
63 63
63 72
63 73
63 76
63 78
63 79
63 80
63 81
63 85
63 98
63 102
64 64
64 65
64 71
64 88
64 92
64 93
64 104
65 65
65 67
65 92
65 104
66 66
66 67
66 90
66 91
66 93
66 101
66 103
66 104
66 106
66 110
66 111
66 113
67 67
67 70
67 90
67 91
67 92
67 93
67 103
67 104
67 106
67 110
67 113
68 68
68 69
68 91
68 94
68 96
68 97
68 103
68 105
68 108
68 109
68 110
68 115
69 69
69 79
69 89
69 91
69 94
69 95
69 97
69 103
69 108
69 109
69 110
70 70
70 71
70 77
70 91
70 95
70 97
70 104
70 105
70 108
70 109
70 110
70 113
70 114
71 71
71 75
71 82
71 83
71 87
71 90
72 72
72 73
72 74
72 75
72 76
72 77
72 78
72 79
72 80
72 81
72 83
72 86
72 98
72 111
73 73
73 74
73 75
73 76
73 77
73 78
73 79
73 98
73 102
74 74
74 75
74 76
74 77
74 79
74 98
74 100
75 75
75 76
75 77
75 81
75 82
75 83
75 86
75 87
76 76
76 77
76 78
76 79
76 80
76 81
76 98
77 77
77 101
77 110
78 78
78 79
78 80
78 81
78 84
78 85
78 86
78 98
78 102
78 112
79 79
79 80
79 81
79 84
79 85
79 89
79 98
80 80
80 81
80 82
80 83
80 84
80 85
80 86
80 87
80 98
81 81
81 82
81 83
81 84
81 85
81 86
81 98
82 82
82 83
82 84
82 85
82 86
82 87
82 88
83 83
83 84
83 85
83 86
83 87
83 88
83 89
84 84
84 85
84 86
84 87
84 88
85 85
85 86
85 87
85 88
86 86
86 87
86 88
87 87
87 88
87 89
87 95
88 88
88 89
89 89
89 95
90 90
90 91
90 92
90 93
90 94
90 95
90 97
90 101
90 103
90 104
90 105
90 106
90 107
90 108
90 109
90 110
90 112
90 113
90 114
90 115
91 91
91 92
91 93
91 94
91 97
91 99
91 101
91 103
91 104
91 105
91 106
91 107
91 108
91 109
91 110
91 111
91 112
91 113
91 114
92 92
92 93
92 101
92 103
92 104
92 105
92 107
92 113
92 114
93 93
93 101
93 103
93 104
93 105
93 106
93 107
93 112
93 113
93 114
94 94
94 95
94 96
94 97
94 103
94 104
94 105
94 106
94 108
94 109
94 110
94 113
94 114
94 115
95 95
95 97
95 104
95 105
95 108
95 109
95 114
95 115
96 96
96 97
96 109
96 110
96 113
97 97
97 99
97 103
97 104
97 105
97 106
97 108
97 109
97 110
97 112
97 113
97 114
97 115
98 98
98 100
98 102
98 111
99 99
99 103
99 104
99 109
99 111
99 113
100 100
100 102
101 101
101 102
101 103
101 104
101 106
101 107
102 102
102 103
102 106
102 111
103 103
103 104
103 105
103 106
103 107
103 108
103 109
103 110
103 111
103 113
103 114
104 104
104 105
104 106
104 107
104 108
104 109
104 110
104 111
104 112
104 113
104 114
104 115
105 105
105 106
105 107
105 108
105 109
105 110
105 113
105 114
105 115
106 106
106 108
106 109
106 110
106 113
106 114
107 107
107 113
107 114
108 108
108 109
108 110
108 113
108 114
108 115
109 109
109 110
109 111
109 112
109 113
109 114
109 115
110 110
110 112
110 113
110 114
111 111
111 112
111 113
111 114
112 112
112 113
112 115
113 113
113 114
113 115
114 114
114 115
115 115
