0 0
0 1
0 10
0 12
0 16
0 17
0 18
0 19
0 28
0 32
0 33
0 52
0 56
0 57
0 58
0 60
0 61
0 62
0 63
0 68
0 80
1 1
1 11
1 16
1 17
1 19
1 28
1 29
1 32
1 33
1 39
1 44
1 56
1 57
1 60
1 61
1 62
1 63
1 68
1 69
1 72
1 78
1 80
1 81
1 82
1 83
1 98
2 2
2 4
2 5
2 6
2 8
2 9
2 22
2 23
2 24
2 25
2 26
2 27
2 30
2 34
2 35
2 43
2 50
2 64
2 65
2 66
2 88
2 91
2 93
2 103
2 105
2 110
3 3
3 7
3 9
3 11
3 15
3 22
3 23
3 25
3 27
3 31
3 61
3 64
3 65
3 82
3 83
3 87
3 92
3 113
4 4
4 5
4 6
4 8
4 9
4 20
4 22
4 23
4 24
4 25
4 26
4 27
4 34
4 48
4 50
4 51
4 66
4 67
4 88
4 90
4 91
4 93
4 94
4 105
4 106
4 107
4 114
4 115
5 5
5 6
5 7
5 8
5 9
5 13
5 22
5 23
5 24
5 25
5 27
5 34
5 35
5 50
5 65
5 71
5 77
5 88
5 91
5 92
5 93
5 113
6 6
6 7
6 8
6 9
6 10
6 12
6 13
6 14
6 22
6 30
6 35
6 60
6 64
6 65
6 70
6 71
6 75
6 76
6 77
6 88
6 91
6 92
6 93
6 101
6 102
6 103
7 7
7 9
7 11
7 13
7 20
7 23
7 27
7 61
7 65
7 67
7 71
7 90
7 92
7 100
7 102
7 107
8 8
8 9
8 10
8 12
8 14
8 22
8 23
8 24
8 30
8 34
8 35
8 64
8 88
8 91
8 92
8 93
8 115
9 9
9 13
9 15
9 20
9 22
9 23
9 24
9 25
9 27
9 31
9 34
9 35
9 64
9 65
9 71
9 77
9 88
9 91
9 92
9 93
9 113
10 10
10 11
10 12
10 13
10 14
10 16
10 28
10 33
10 60
10 63
10 70
10 72
10 75
10 76
11 11
11 12
11 13
11 14
11 15
11 28
11 29
11 33
11 60
11 61
11 62
11 63
11 83
11 92
12 12
12 13
12 14
12 15
12 33
12 52
12 58
12 60
12 61
12 70
12 88
13 13
13 14
13 15
13 28
13 29
13 60
13 61
13 65
13 77
13 83
13 92
13 100
13 102
14 14
14 15
14 22
14 23
14 60
14 64
14 82
14 88
14 93
15 15
15 28
15 29
15 31
15 33
15 39
15 60
15 61
15 72
15 77
15 82
15 83
15 92
15 100
16 16
16 17
16 28
16 29
16 32
16 33
16 36
16 37
16 39
16 55
16 56
16 57
16 60
16 62
16 63
16 72
16 74
16 75
16 78
16 79
16 80
16 81
16 109
16 111
17 17
17 28
17 29
17 32
17 33
17 36
17 37
17 38
17 39
17 56
17 57
17 60
17 62
17 63
17 72
17 75
17 78
17 79
17 80
17 81
17 83
18 18
18 19
18 32
18 42
18 45
18 47
18 62
18 63
18 80
18 98
18 101
19 19
19 33
19 56
19 59
19 60
19 62
19 63
19 68
19 69
19 80
19 81
19 82
19 83
19 90
19 105
19 106
19 115
20 20
20 21
20 24
20 25
20 26
20 27
20 30
20 31
20 34
20 35
20 40
20 67
20 92
20 93
20 94
20 97
20 105
20 114
21 21
21 22
21 23
21 24
21 25
21 29
21 30
21 31
21 34
21 35
21 36
21 37
21 39
21 40
21 41
21 70
21 71
21 72
21 73
21 74
21 75
21 76
21 77
21 91
21 92
21 93
21 94
21 95
21 100
21 102
21 103
21 109
21 113
22 22
22 23
22 24
22 25
22 26
22 27
22 30
22 34
22 35
22 50
22 64
22 65
22 66
22 88
22 91
22 93
22 105
22 110
22 114
23 23
23 24
23 25
23 26
23 27
23 30
23 31
23 34
23 35
23 64
23 65
23 67
23 82
23 87
23 88
23 90
23 91
23 92
23 93
23 105
23 114
24 24
24 25
24 26
24 27
24 30
24 31
24 34
24 35
24 40
24 41
24 64
24 71
24 77
24 88
24 91
24 92
24 93
24 94
24 96
24 97
24 109
24 110
24 111
24 113
24 114
25 25
25 26
25 27
25 30
25 31
25 34
25 35
25 38
25 39
25 40
25 41
25 50
25 65
25 77
25 87
25 92
25 93
25 94
25 95
25 96
25 102
25 109
25 110
25 111
25 113
26 26
26 27
26 34
26 42
26 43
26 46
26 48
26 49
26 50
26 51
26 54
26 55
26 66
26 67
26 87
26 94
26 96
26 97
26 105
26 110
26 111
27 27
27 34
27 35
27 43
27 50
27 51
27 65
27 67
27 87
27 91
27 92
27 93
27 94
27 96
27 105
27 106
27 110
27 114
28 28
28 29
28 31
28 32
28 33
28 36
28 39
28 41
28 60
28 62
28 63
28 70
28 71
28 72
28 73
28 75
28 76
28 77
28 78
28 80
28 81
28 82
28 83
28 100
28 101
28 102
29 29
29 31
29 32
29 33
29 36
29 37
29 39
29 40
29 41
29 62
29 63
29 70
29 71
29 72
29 73
29 75
29 76
29 77
29 78
29 80
29 81
29 83
29 100
29 112
30 30
30 31
30 33
30 34
30 35
30 36
30 37
30 40
30 41
30 71
30 72
30 74
30 75
30 76
30 77
30 91
30 92
30 93
30 94
30 100
30 101
30 102
30 103
30 109
31 31
31 33
31 35
31 36
31 37
31 39
31 41
31 71
31 72
31 75
31 76
31 77
31 78
31 82
31 83
31 92
31 94
31 95
31 100
31 102
31 113
32 32
32 33
32 36
32 44
32 49
32 52
32 56
32 57
32 63
32 68
32 72
32 73
32 75
32 76
32 80
32 81
32 98
32 101
33 33
33 36
33 37
33 39
33 41
33 60
33 62
33 63
33 70
33 71
33 72
33 73
33 74
33 75
33 76
33 77
33 80
33 81
33 83
33 100
33 101
33 102
34 34
34 35
34 50
34 65
34 66
34 67
34 71
34 77
34 87
34 91
34 92
34 93
34 94
34 102
34 103
34 105
34 109
34 114
35 35
35 41
35 50
35 64
35 65
35 70
35 75
35 76
35 77
35 88
35 92
35 93
35 94
35 95
35 102
35 103
35 109
35 110
35 113
36 36
36 37
36 38
36 39
36 40
36 41
36 70
36 71
36 72
36 73
36 74
36 75
36 76
36 77
36 78
36 80
36 81
36 94
36 95
36 100
36 102
36 103
36 104
36 108
36 109
37 37
37 38
37 39
37 41
37 73
37 74
37 75
37 76
37 78
37 81
37 92
37 95
37 96
37 100
37 102
37 104
37 109
37 113
38 38
38 39
38 40
38 41
38 54
38 72
38 74
38 79
38 81
38 94
38 97
38 104
38 109
38 110
39 39
39 40
39 41
39 57
39 76
39 77
39 78
39 80
39 81
39 83
39 94
39 95
39 96
39 108
39 109
39 113
40 40
40 41
40 54
40 71
40 72
40 73
40 78
40 79
40 81
40 94
40 109
41 41
41 70
41 71
41 72
41 73
41 74
41 75
41 76
41 77
41 93
41 94
41 95
41 96
41 100
41 102
41 103
41 109
41 113
42 42
42 43
42 44
42 45
42 46
42 47
42 48
42 49
42 50
42 51
42 53
42 54
42 55
42 56
42 57
42 66
42 68
42 69
42 84
42 85
42 86
42 89
42 96
42 98
42 99
42 110
43 43
43 44
43 45
43 46
43 47
43 48
43 49
43 50
43 51
43 53
43 54
43 55
43 59
43 66
43 67
43 84
43 85
43 86
43 87
43 89
43 96
43 99
43 110
44 44
44 45
44 46
44 47
44 48
44 49
44 52
44 53
44 55
44 56
44 57
44 68
44 69
44 80
44 81
44 84
44 85
44 86
44 98
45 45
45 46
45 47
45 48
45 49
45 50
45 51
45 53
45 59
45 66
45 67
45 84
45 85
45 86
45 87
45 110
46 46
46 47
46 49
46 50
46 52
46 53
46 54
46 55
46 56
46 57
46 66
46 68
46 69
46 78
46 79
46 84
46 85
46 86
46 87
46 89
46 96
46 98
46 99
46 110
47 47
47 49
47 50
47 53
47 54
47 55
47 56
47 57
47 66
47 68
47 69
47 79
47 80
47 84
47 85
47 86
47 89
47 96
47 98
47 99
47 110
47 111
48 48
48 49
48 50
48 51
48 58
48 59
48 66
48 67
48 90
48 91
48 105
48 106
48 107
49 49
49 50
49 51
49 52
49 53
49 55
49 56
49 57
49 58
49 59
49 66
49 67
49 68
49 69
49 86
49 89
49 90
49 98
49 99
49 105
50 50
50 51
50 58
50 64
50 65
50 66
50 67
50 88
50 89
50 90
50 96
50 105
50 110
51 51
51 58
51 59
51 66
51 67
51 90
51 105
51 106
51 114
52 52
52 53
52 54
52 56
52 57
52 58
52 60
52 62
52 68
52 69
52 98
53 53
53 54
53 55
53 56
53 57
53 68
53 69
53 79
53 89
53 96
53 98
53 99
54 54
54 55
54 56
54 57
54 68
54 69
54 78
54 79
54 96
54 108
54 110
55 55
55 56
55 57
55 68
55 69
55 78
55 81
55 96
55 97
55 98
55 99
55 108
55 110
56 56
56 57
56 68
56 69
56 78
56 79
56 80
56 81
56 84
56 98
57 57
57 68
57 69
57 78
57 79
57 80
57 81
57 98
57 99
58 58
58 59
58 60
58 66
58 68
58 69
58 90
58 105
58 107
58 115
59 59
59 66
59 67
59 68
59 69
59 87
59 89
59 90
59 105
59 107
60 60
60 61
60 62
60 63
60 70
60 72
60 75
60 83
60 101
61 61
61 63
61 82
61 83
61 92
62 62
62 63
62 72
62 78
62 80
62 81
62 83
62 100
62 101
63 63
63 72
63 75
63 80
63 81
63 83
64 64
64 65
64 82
64 84
64 86
64 88
64 92
64 114
65 65
65 84
65 87
65 88
65 89
65 92
66 66
66 67
66 90
66 105
66 106
66 110
67 67
67 87
67 90
67 105
67 106
67 107
67 114
68 68
68 69
68 80
68 98
69 69
69 79
69 90
69 96
69 98
69 106
70 70
70 71
70 72
70 73
70 74
70 75
70 76
70 77
70 92
70 93
70 94
70 95
70 100
70 101
70 102
70 103
70 109
71 71
71 72
71 73
71 74
71 75
71 76
71 77
71 91
71 92
71 93
71 94
71 95
71 100
71 101
71 102
71 103
71 109
72 72
72 73
72 74
72 75
72 76
72 77
72 78
72 80
72 81
72 83
72 100
72 101
72 102
72 103
72 104
73 73
73 74
73 75
73 76
73 77
73 92
73 93
73 95
73 100
73 101
73 102
73 103
73 109
74 74
74 75
74 76
74 77
74 92
74 95
74 100
74 101
74 102
74 103
74 109
75 75
75 76
75 77
75 92
75 93
75 94
75 95
75 100
75 101
75 102
75 103
75 104
75 109
75 113
76 76
76 77
76 92
76 93
76 94
76 95
76 100
76 101
76 102
76 103
76 104
76 109
76 113
77 77
77 91
77 92
77 93
77 94
77 95
77 100
77 101
77 102
77 103
77 104
77 108
77 109
77 111
77 113
78 78
78 79
78 80
78 81
78 83
78 98
78 99
78 112
79 79
79 80
79 81
79 84
79 86
79 87
79 96
80 80
80 81
80 83
80 84
80 98
81 81
81 83
82 82
82 83
82 84
82 86
83 83
83 100
84 84
84 85
84 86
84 87
84 88
84 89
85 85
85 86
85 87
85 89
86 86
86 87
86 89
87 87
87 89
87 96
88 88
88 89
89 89
90 90
90 91
90 105
90 106
90 107
90 114
91 91
91 92
91 93
91 94
91 97
91 100
91 103
91 105
91 106
91 114
92 92
92 93
92 94
92 95
92 100
92 101
92 102
92 103
92 105
92 109
92 113
92 114
93 93
93 94
93 100
93 101
93 102
93 103
93 105
93 109
93 114
94 94
94 95
94 97
94 102
94 103
94 104
94 105
94 106
94 107
94 108
94 109
94 110
94 113
94 114
95 95
95 96
95 100
95 102
95 103
95 109
95 113
96 96
96 98
96 99
96 108
96 109
96 110
96 111
97 97
97 104
97 108
97 109
97 110
97 114
97 115
98 98
98 99
98 111
98 113
99 99
99 108
99 111
99 112
100 100
100 101
100 102
100 103
100 104
100 109
100 112
100 114
101 101
101 102
101 103
102 102
102 103
102 104
102 109
102 112
102 113
103 103
103 104
103 109
103 112
103 113
104 104
104 109
105 105
105 106
105 107
105 114
106 106
106 107
106 108
106 110
106 114
107 107
107 114
107 115
108 108
108 109
108 110
108 111
109 109
109 110
109 111
110 110
110 111
111 111
111 112
112 112
112 113
113 113
114 114
115 115
