0 0
0 1
0 6
0 10
0 12
0 14
0 17
0 18
0 19
0 28
0 29
0 32
0 48
0 56
0 58
0 60
0 62
0 63
0 72
0 76
0 82
0 84
1 1
1 3
1 7
1 11
1 13
1 16
1 17
1 18
1 30
1 32
1 56
1 57
1 59
1 61
1 63
1 68
1 71
1 79
1 81
1 106
2 2
2 3
2 4
2 6
2 7
2 8
2 9
2 10
2 12
2 13
2 18
2 32
2 43
2 48
2 58
2 60
2 61
2 62
2 64
2 65
2 66
2 76
3 3
3 5
3 6
3 7
3 9
3 11
3 13
3 18
3 20
3 23
3 27
3 30
3 31
3 59
3 61
3 65
3 67
3 71
3 92
3 106
3 114
4 4
4 6
4 8
4 9
4 14
4 15
4 20
4 24
4 26
4 47
4 48
4 49
4 50
4 51
4 53
4 58
4 60
4 64
4 83
4 88
4 91
4 93
4 100
4 101
4 103
5 5
5 7
5 9
5 20
5 22
5 23
5 25
5 26
5 27
5 30
5 31
5 35
5 41
5 45
5 70
5 71
5 73
5 92
5 105
5 114
6 6
6 7
6 8
6 9
6 12
6 13
6 14
6 15
6 18
6 29
6 32
6 58
6 60
6 61
6 62
6 64
6 66
6 72
6 76
7 7
7 9
7 11
7 13
7 18
7 29
7 30
7 31
7 32
7 59
7 61
7 65
7 71
7 73
7 92
8 8
8 9
8 12
8 14
8 15
8 24
8 48
8 50
8 58
8 59
8 60
8 61
8 62
8 64
8 88
8 91
8 92
8 93
8 100
8 101
8 103
9 9
9 13
9 14
9 15
9 24
9 50
9 52
9 53
9 58
9 59
9 61
9 64
9 70
9 88
9 91
9 92
9 93
9 100
9 101
9 103
9 108
10 10
10 11
10 12
10 13
10 14
10 16
10 17
10 21
10 28
10 29
10 30
10 32
10 33
10 40
10 48
10 52
10 54
10 56
10 58
10 60
10 61
10 62
10 63
10 72
10 76
10 78
10 82
10 84
10 86
10 88
11 11
11 12
11 13
11 15
11 16
11 17
11 28
11 29
11 30
11 31
11 32
11 33
11 58
11 61
11 63
11 71
11 72
11 81
11 83
12 12
12 13
12 14
12 15
12 16
12 17
12 28
12 29
12 32
12 33
12 40
12 48
12 52
12 54
12 58
12 60
12 61
12 62
12 63
12 72
12 76
12 78
12 82
12 86
12 88
12 89
13 13
13 14
13 15
13 16
13 17
13 28
13 29
13 30
13 32
13 39
13 58
13 59
13 60
13 61
13 62
13 63
13 71
13 72
13 83
14 14
14 15
14 17
14 24
14 26
14 28
14 29
14 48
14 49
14 50
14 51
14 52
14 53
14 58
14 59
14 60
14 62
14 63
14 82
14 83
14 84
14 88
14 93
14 101
15 15
15 17
15 20
15 21
15 24
15 26
15 28
15 29
15 48
15 49
15 50
15 51
15 52
15 53
15 58
15 60
15 61
15 62
15 63
15 83
15 100
15 101
16 16
16 17
16 28
16 29
16 30
16 31
16 32
16 33
16 36
16 40
16 56
16 61
16 62
16 63
16 72
16 74
16 76
16 78
16 79
16 80
16 81
17 17
17 28
17 29
17 32
17 37
17 39
17 40
17 41
17 52
17 58
17 60
17 61
17 63
17 71
17 72
17 79
17 81
17 82
17 83
17 89
18 18
18 19
18 28
18 29
18 30
18 32
18 33
18 60
18 62
18 63
18 65
18 66
18 72
18 73
18 76
18 109
19 19
19 52
19 60
19 62
19 68
19 69
19 82
19 83
19 84
19 87
19 90
19 91
19 100
19 101
19 102
19 103
19 109
20 20
20 21
20 22
20 23
20 24
20 25
20 26
20 27
20 30
20 31
20 41
20 67
20 70
20 71
20 73
20 75
20 92
20 104
20 105
20 108
20 112
20 114
21 21
21 22
21 25
21 26
21 27
21 28
21 30
21 31
21 33
21 34
21 35
21 37
21 38
21 39
21 40
21 41
21 47
21 87
21 96
21 98
21 110
22 22
22 23
22 25
22 26
22 27
22 30
22 31
22 33
22 34
22 35
22 53
22 64
22 69
22 71
22 75
22 87
22 88
22 105
22 110
23 23
23 25
23 26
23 27
23 31
23 33
23 34
23 35
23 64
23 67
23 70
23 71
23 87
23 88
23 92
23 104
23 105
23 110
24 24
24 26
24 38
24 42
24 49
24 50
24 70
24 84
24 93
24 101
24 103
25 25
25 26
25 27
25 30
25 31
25 34
25 35
25 37
25 38
25 41
25 45
25 68
25 70
25 71
25 75
25 87
25 104
25 105
25 110
26 26
26 27
26 34
26 35
26 41
26 45
26 52
26 53
26 68
26 69
26 70
26 87
26 90
26 101
26 105
26 107
27 27
27 30
27 31
27 34
27 35
27 41
27 57
27 68
27 69
27 70
27 71
27 75
27 87
27 104
27 105
27 110
28 28
28 29
28 32
28 40
28 55
28 60
28 62
28 63
28 72
28 74
28 78
28 80
28 81
28 82
28 83
29 29
29 30
29 32
29 36
29 37
29 39
29 41
29 55
29 62
29 63
29 71
29 72
29 73
29 74
29 76
29 79
29 81
29 83
30 30
30 31
30 32
30 33
30 70
30 71
30 72
30 73
30 74
30 75
31 31
31 33
31 70
31 71
31 73
31 74
31 75
32 32
32 33
32 36
32 62
32 63
32 65
32 66
32 72
32 73
32 74
32 76
32 94
32 95
32 115
33 33
33 35
33 40
33 71
33 74
33 75
33 76
33 78
33 86
33 97
33 109
33 110
34 34
34 35
34 36
34 37
34 38
34 39
34 41
34 43
34 45
34 47
34 54
34 55
34 64
34 67
34 77
34 79
34 96
34 98
34 105
34 110
34 113
35 35
35 37
35 38
35 39
35 41
35 43
35 44
35 45
35 47
35 54
35 55
35 67
35 77
35 86
35 87
35 88
35 89
35 96
35 98
35 105
35 110
35 113
36 36
36 37
36 38
36 39
36 40
36 41
36 43
36 46
36 47
36 54
36 55
36 56
36 72
36 73
36 74
36 76
36 77
36 78
36 80
36 81
36 85
36 89
36 94
36 95
36 96
36 110
36 113
36 115
37 37
37 38
37 39
37 40
37 41
37 54
37 55
37 57
37 67
37 72
37 73
37 74
37 76
37 77
37 78
37 79
37 81
37 85
37 86
37 87
37 89
37 95
37 96
37 97
37 98
37 104
37 105
37 110
37 113
37 115
38 38
38 39
38 40
38 41
38 43
38 45
38 47
38 54
38 55
38 86
38 89
38 95
38 96
38 97
38 98
38 105
38 110
38 113
39 39
39 40
39 41
39 43
39 54
39 55
39 72
39 73
39 77
39 78
39 79
39 81
39 89
39 95
39 96
39 98
39 110
39 113
39 115
40 40
40 54
40 55
40 72
40 74
40 76
40 78
40 80
40 81
40 82
40 84
40 85
40 86
40 87
40 89
41 41
41 54
41 55
41 72
41 73
41 77
41 79
41 95
41 96
41 110
41 112
41 113
41 114
42 42
42 43
42 44
42 45
42 46
42 47
42 48
42 49
42 50
42 51
42 55
42 90
42 92
42 93
42 96
42 98
42 99
42 110
42 111
42 112
43 43
43 44
43 45
43 46
43 47
43 48
43 49
43 50
43 54
43 55
43 65
43 96
43 98
43 99
43 110
43 111
44 44
44 45
44 46
44 47
44 48
44 49
44 50
44 51
44 98
44 99
44 110
44 111
45 45
45 46
45 47
45 48
45 49
45 64
45 65
45 67
45 92
45 96
45 98
45 99
45 110
45 111
46 46
46 47
46 48
46 49
46 50
46 51
46 54
46 55
46 80
46 93
46 96
46 98
46 99
46 110
46 111
46 112
47 47
47 48
47 49
47 50
47 51
47 54
47 55
47 88
47 93
47 96
47 98
47 99
47 110
47 111
48 48
48 49
48 50
48 51
48 52
48 58
48 60
48 61
48 62
48 63
48 82
48 101
49 49
49 50
49 51
49 53
49 80
49 81
49 82
49 83
49 84
49 88
49 90
49 91
49 93
49 98
49 99
49 100
49 103
49 111
49 112
50 50
50 51
50 52
50 53
50 58
50 59
50 60
50 62
50 66
50 91
50 93
50 100
50 101
50 103
51 51
51 52
51 53
51 58
51 59
51 63
51 80
51 81
51 82
51 83
51 90
51 91
51 93
51 99
51 100
52 52
52 53
52 58
52 59
52 61
52 69
52 70
52 82
52 83
52 86
52 88
52 90
52 91
52 93
52 100
52 101
53 53
53 57
53 69
53 83
53 88
53 90
53 91
53 93
53 100
54 54
54 55
54 65
54 72
54 76
54 77
54 82
54 86
54 88
54 89
54 95
54 96
54 110
54 113
54 114
55 55
55 65
55 72
55 74
55 76
55 77
55 78
55 79
55 80
55 81
55 85
55 86
55 89
55 95
55 96
55 97
55 98
55 99
55 105
55 110
55 111
55 113
55 114
56 56
56 57
56 68
56 78
56 79
56 80
56 81
56 82
56 84
56 86
56 87
56 99
56 102
56 112
57 57
57 68
57 69
57 79
57 80
57 81
57 85
57 86
57 87
57 97
57 98
57 104
57 115
58 58
58 59
58 60
58 61
58 62
58 63
58 70
58 75
58 82
58 88
58 101
59 59
59 61
59 63
59 66
59 70
59 90
59 91
59 100
59 101
59 103
59 106
59 108
60 60
60 61
60 62
60 63
60 64
60 76
60 82
60 84
60 88
60 89
60 101
61 61
61 63
61 100
62 62
62 63
62 66
62 72
62 76
62 82
62 83
62 100
62 109
63 63
63 72
63 79
63 81
63 83
63 100
64 64
64 67
64 84
64 88
64 93
64 98
64 101
64 113
65 65
65 66
65 67
65 74
65 76
65 77
65 85
65 95
65 96
65 110
66 66
66 67
66 73
66 76
66 77
66 85
66 95
66 109
67 67
67 77
67 85
67 92
67 95
67 96
67 97
67 104
67 105
67 109
67 110
67 111
67 113
68 68
68 69
68 75
68 80
68 81
68 82
68 84
68 85
68 87
68 94
68 115
69 69
69 80
69 81
69 82
69 84
69 85
69 86
69 87
69 90
69 91
69 94
69 100
69 103
69 105
69 115
70 70
70 71
70 73
70 75
70 77
70 90
70 91
70 93
70 101
70 103
70 108
71 71
71 73
71 74
71 75
72 72
72 73
72 74
72 76
72 77
72 78
72 80
72 81
73 73
73 74
73 75
73 76
73 77
73 95
73 114
73 115
74 74
74 75
74 76
74 77
74 78
74 81
74 85
74 89
74 95
74 113
74 114
74 115
75 75
75 76
75 77
75 101
75 103
76 76
76 77
76 86
76 89
76 95
76 96
76 110
77 77
77 89
77 95
77 96
77 97
77 110
78 78
78 80
78 81
79 79
79 80
79 81
79 85
79 86
79 89
79 95
79 113
80 80
80 81
80 82
80 83
80 84
80 85
80 86
80 87
81 81
81 83
81 85
81 87
82 82
82 83
82 84
82 86
82 87
82 88
82 89
82 109
83 83
84 84
84 85
84 86
84 87
84 88
84 98
85 85
85 86
85 87
85 89
85 94
85 95
85 97
85 104
85 105
85 109
85 113
85 114
85 115
86 86
86 87
86 88
86 89
86 96
86 109
86 110
86 113
87 87
87 102
87 104
88 88
88 91
88 93
88 98
88 101
89 89
89 95
89 97
89 105
89 109
89 113
89 114
89 115
90 90
90 91
90 92
90 93
90 98
90 99
90 100
90 101
90 102
90 103
90 107
90 108
90 111
91 91
91 92
91 93
91 98
91 99
91 100
91 101
91 102
91 103
91 107
91 108
91 111
92 92
92 93
92 98
92 99
92 100
92 101
92 102
92 103
92 107
92 108
92 111
92 112
92 114
93 93
93 98
93 99
93 100
93 101
93 102
93 103
93 107
93 108
93 111
93 112
94 94
94 95
94 97
94 106
94 109
94 112
94 115
95 95
95 96
95 97
95 105
95 107
95 108
95 109
95 110
95 111
95 113
95 114
95 115
96 96
96 97
96 98
96 99
96 108
96 110
96 111
96 112
96 113
97 97
97 99
97 105
97 107
97 108
97 109
97 110
97 111
97 112
97 113
97 114
97 115
98 98
98 99
98 110
98 111
98 112
98 113
99 99
99 108
99 110
99 111
99 112
99 113
100 100
100 101
100 102
100 103
101 101
101 102
101 103
101 108
102 102
102 103
102 111
103 103
103 108
104 104
104 105
105 105
105 106
105 107
105 108
105 110
105 113
105 114
105 115
106 106
106 115
107 107
107 108
107 109
107 111
107 113
108 108
108 111
108 114
109 109
109 110
109 115
110 110
110 111
110 113
111 111
111 112
111 113
111 114
112 112
112 113
112 114
112 115
113 113
113 114
113 115
114 114
115 115
