0 0
0 1
0 10
0 11
0 13
0 14
0 16
0 17
0 18
0 32
0 33
0 52
0 53
0 56
0 57
0 58
0 60
0 61
0 63
0 65
0 68
0 72
0 80
0 84
0 85
0 99
1 1
1 9
1 10
1 11
1 12
1 13
1 14
1 16
1 17
1 19
1 29
1 56
1 57
1 58
1 59
1 60
1 61
1 62
1 63
1 80
1 81
1 83
1 84
1 85
2 2
2 3
2 6
2 7
2 14
2 18
2 20
2 22
2 24
2 25
2 26
2 27
2 30
2 31
2 50
2 54
2 70
2 71
2 73
2 77
2 88
2 93
2 101
2 103
2 105
2 107
3 3
3 6
3 7
3 11
3 14
3 15
3 21
3 22
3 23
3 24
3 25
3 27
3 30
3 31
3 38
3 64
3 71
3 82
3 83
3 87
3 88
3 92
3 93
3 94
3 103
3 105
3 113
3 114
4 4
4 5
4 8
4 9
4 24
4 26
4 44
4 45
4 47
4 49
4 67
4 69
4 71
4 73
4 74
4 77
4 83
4 90
4 91
4 92
4 97
4 98
4 100
4 102
4 103
4 104
4 106
4 109
4 110
4 111
4 113
5 5
5 9
5 23
5 24
5 25
5 26
5 27
5 31
5 35
5 39
5 43
5 45
5 46
5 49
5 59
5 67
5 69
5 70
5 90
5 91
5 92
5 98
5 100
5 102
5 106
5 110
6 6
6 7
6 8
6 10
6 12
6 14
6 18
6 22
6 23
6 24
6 25
6 30
6 31
6 60
6 64
6 76
6 82
6 92
6 93
6 102
6 103
6 104
6 105
6 107
6 114
7 7
7 8
7 9
7 11
7 12
7 13
7 21
7 23
7 25
7 30
7 31
7 33
7 34
7 61
7 64
7 65
7 71
7 74
7 75
7 76
7 77
7 83
7 90
7 92
7 93
7 100
7 102
7 103
7 104
7 105
7 114
8 8
8 9
8 10
8 12
8 13
8 14
8 45
8 64
8 82
8 100
8 102
9 9
9 11
9 12
9 13
9 15
9 34
9 35
9 45
9 49
9 61
9 62
9 64
9 65
9 76
9 83
9 90
9 92
9 93
9 100
9 102
10 10
10 11
10 12
10 13
10 14
10 16
10 17
10 22
10 32
10 58
10 60
10 61
10 62
10 63
10 64
10 65
10 74
10 75
10 82
10 84
10 85
10 86
10 87
10 88
10 89
10 115
11 11
11 12
11 13
11 14
11 15
11 16
11 17
11 22
11 36
11 60
11 61
11 63
11 65
11 74
11 75
11 76
11 83
11 84
11 85
11 87
12 12
12 13
12 14
12 15
12 28
12 33
12 34
12 60
12 61
12 62
12 63
12 64
12 75
12 82
12 83
12 84
12 88
12 107
13 13
13 15
13 17
13 29
13 33
13 58
13 60
13 61
13 62
13 63
13 65
13 83
13 85
14 14
14 15
14 16
14 18
14 22
14 25
14 26
14 27
14 57
14 60
14 75
14 80
14 82
14 84
14 86
14 88
14 107
15 15
15 18
15 19
15 22
15 28
15 29
15 36
15 38
15 40
15 61
15 82
15 83
15 88
15 92
16 16
16 17
16 28
16 29
16 32
16 33
16 36
16 37
16 40
16 56
16 57
16 58
16 60
16 63
16 68
16 72
16 78
16 79
16 80
16 81
16 84
16 85
16 87
17 17
17 28
17 29
17 36
17 37
17 40
17 56
17 57
17 60
17 61
17 62
17 63
17 74
17 75
17 78
17 79
17 80
17 81
17 84
17 85
17 88
17 99
17 111
17 115
18 18
18 22
18 23
18 25
18 28
18 30
18 31
18 36
18 104
19 19
19 23
19 28
19 29
19 33
19 58
19 59
19 67
19 69
19 83
19 90
19 91
19 92
19 100
20 20
20 21
20 32
20 34
20 35
20 50
20 64
20 65
20 67
20 73
20 74
20 75
20 76
20 77
20 86
20 94
20 97
20 107
20 108
20 114
20 115
21 21
21 22
21 23
21 24
21 25
21 26
21 30
21 31
21 38
21 39
21 41
21 71
21 74
21 83
21 92
21 94
21 95
21 97
21 105
21 108
21 113
21 114
21 115
22 22
22 23
22 24
22 25
22 27
22 28
22 30
22 31
22 34
22 38
22 64
22 82
22 83
22 84
22 85
22 86
22 87
22 88
22 93
22 107
23 23
23 24
23 25
23 26
23 27
23 30
23 31
23 38
23 39
23 64
23 67
23 69
23 71
23 82
23 83
23 90
23 91
23 92
23 93
23 100
23 102
23 103
23 104
23 105
23 106
23 113
24 24
24 25
24 26
24 27
24 30
24 31
24 38
24 64
24 69
24 70
24 97
24 106
24 110
24 113
25 25
25 26
25 27
25 30
25 31
25 35
25 39
25 64
25 69
25 70
25 71
25 82
25 83
25 91
25 92
25 93
25 94
25 103
25 106
25 108
26 26
26 27
26 31
26 34
26 39
26 42
26 50
26 67
26 73
26 82
26 106
26 107
26 108
27 27
27 30
27 31
27 35
27 39
27 68
27 82
28 28
28 29
28 30
28 36
28 37
28 39
28 40
28 56
28 62
28 68
28 72
28 79
28 80
28 81
28 82
28 83
29 29
29 36
29 37
29 40
29 63
29 72
29 79
29 80
29 81
29 83
29 85
29 95
29 111
29 113
30 30
30 31
30 33
30 38
30 44
30 70
30 71
30 72
30 77
30 83
30 94
30 97
30 102
30 103
30 104
30 105
30 109
30 113
31 31
31 33
31 38
31 39
31 64
31 70
31 71
31 76
31 77
31 83
31 92
31 93
31 94
31 102
31 103
31 104
31 105
31 108
31 113
31 114
32 32
32 33
32 35
32 56
32 57
32 58
32 59
32 68
32 72
32 78
32 79
32 81
32 86
32 108
32 115
33 33
33 35
33 45
33 61
33 65
33 68
33 72
33 74
33 76
33 77
33 78
33 79
33 108
33 111
33 115
34 34
34 35
34 39
34 60
34 62
34 64
34 67
34 82
34 84
34 88
34 92
34 93
34 100
35 35
35 44
35 45
35 64
35 65
35 67
35 73
35 74
35 76
35 86
35 88
35 94
35 97
35 103
35 108
35 109
35 110
36 36
36 37
36 38
36 39
36 40
36 63
36 78
36 79
36 80
36 81
36 87
36 95
36 99
37 37
37 39
37 40
37 41
37 54
37 55
37 67
37 79
37 81
37 86
37 94
37 96
37 99
37 101
37 111
37 113
38 38
38 39
38 40
38 54
38 71
38 76
38 77
38 82
38 83
38 86
38 87
38 88
38 92
38 96
38 103
38 105
38 109
38 110
39 39
39 40
39 41
39 54
39 66
39 67
39 71
39 79
39 87
39 96
39 105
39 112
40 40
40 79
40 80
40 81
40 83
40 85
40 87
40 88
41 41
41 54
41 66
41 67
41 71
41 73
41 74
41 77
41 79
41 89
41 93
41 101
41 105
42 42
42 43
42 44
42 45
42 46
42 47
42 48
42 49
42 51
42 53
42 55
42 91
42 96
42 98
42 99
42 111
43 43
43 44
43 45
43 46
43 47
43 48
43 49
43 50
43 51
43 53
43 55
43 66
43 67
43 90
43 91
43 96
43 97
43 98
43 99
43 106
43 110
43 111
44 44
44 45
44 46
44 47
44 48
44 49
44 55
44 66
44 67
44 90
44 96
44 97
44 98
44 102
44 110
44 111
45 45
45 46
45 47
45 49
45 67
45 90
45 98
45 100
45 102
45 103
45 106
45 110
45 111
46 46
46 47
46 48
46 49
46 50
46 51
46 53
46 55
46 90
46 91
46 96
46 97
46 98
46 99
46 105
46 110
46 111
47 47
47 48
47 49
47 51
47 53
47 55
47 76
47 90
47 91
47 96
47 97
47 98
47 99
47 101
47 106
47 110
47 111
47 112
48 48
48 49
48 50
48 51
48 52
48 53
48 54
48 55
48 58
48 66
48 95
48 96
48 97
48 98
48 99
49 49
49 50
49 51
49 53
49 55
49 59
49 66
49 67
49 90
49 96
49 97
49 98
49 99
49 102
49 106
49 110
50 50
50 51
50 52
50 53
50 54
50 55
50 66
50 67
50 96
50 98
51 51
51 52
51 53
51 54
51 55
51 58
51 59
51 66
51 96
51 97
51 98
51 99
51 106
51 112
52 52
52 53
52 54
52 55
52 58
52 59
52 66
52 89
52 90
52 91
52 96
52 98
52 99
52 101
52 112
53 53
53 54
53 55
53 56
53 68
53 91
53 94
53 96
53 97
53 98
53 99
53 108
53 109
54 54
54 55
54 66
54 71
54 73
54 86
54 87
54 89
54 96
54 97
54 99
54 109
54 110
54 114
55 55
55 66
55 86
55 95
55 96
55 97
55 98
55 99
55 101
55 110
55 111
56 56
56 57
56 58
56 60
56 62
56 66
56 68
56 69
56 72
56 78
56 79
56 80
56 81
56 84
56 85
56 99
56 115
57 57
57 58
57 59
57 60
57 62
57 63
57 66
57 68
57 69
57 72
57 78
57 79
57 80
57 81
57 84
57 85
57 87
58 58
58 59
58 60
58 61
58 62
58 63
58 66
58 68
58 79
58 80
58 81
58 84
58 89
58 99
59 59
59 63
59 66
59 67
59 69
59 79
59 81
59 85
59 89
59 90
59 98
60 60
60 61
60 62
60 63
60 64
60 65
60 75
60 80
60 82
60 84
60 85
60 88
60 107
60 115
61 61
61 63
61 64
61 65
61 74
61 75
61 84
61 85
61 89
62 62
62 63
62 64
62 80
62 81
62 82
62 83
62 84
62 85
62 87
62 88
63 63
63 65
63 74
63 79
63 80
63 81
63 84
63 85
63 87
63 89
63 115
64 64
64 65
64 82
64 83
64 84
64 85
64 86
64 88
64 92
64 105
64 107
65 65
65 74
65 75
65 76
65 86
65 87
65 88
65 89
65 115
66 66
66 67
66 68
66 79
66 81
67 67
67 69
67 90
67 92
67 93
67 100
67 102
67 104
67 110
68 68
68 69
68 72
68 78
68 79
68 80
68 81
69 69
69 72
69 90
69 97
69 108
69 109
69 110
70 70
70 71
70 72
70 73
70 75
70 77
70 91
70 94
70 102
71 71
71 73
71 75
71 76
71 77
71 90
71 91
71 92
71 93
71 101
71 102
71 103
71 104
71 105
71 109
71 110
71 113
72 72
72 78
72 79
72 80
72 81
73 73
73 74
73 75
73 76
73 77
73 79
73 97
73 101
73 103
73 108
73 109
73 113
74 74
74 75
74 76
74 77
74 79
74 108
74 111
74 114
74 115
75 75
75 76
75 77
75 94
75 96
75 101
75 108
75 109
75 114
76 76
76 77
76 79
76 92
76 100
76 101
76 102
76 103
76 109
76 111
76 112
76 113
76 114
77 77
77 90
77 91
77 92
77 93
77 97
77 100
77 101
77 102
77 103
77 104
77 105
77 109
77 110
77 111
77 112
77 113
78 78
78 80
78 81
79 79
79 80
79 81
79 87
79 115
80 80
80 81
80 84
80 85
80 87
81 81
81 84
81 85
81 87
81 88
82 82
82 83
82 84
82 85
82 86
82 87
82 88
82 89
83 83
83 84
83 85
83 92
83 100
83 106
84 84
84 85
84 86
84 87
84 88
84 89
85 85
85 87
85 88
85 89
86 86
86 87
86 88
86 89
87 87
87 88
87 89
88 88
88 107
89 89
90 90
90 91
90 92
90 93
90 98
90 100
90 101
90 102
90 103
90 104
90 106
90 109
90 110
91 91
91 92
91 93
91 98
91 99
91 100
91 101
91 102
91 103
91 104
91 109
91 110
91 112
92 92
92 93
92 100
92 101
92 102
92 103
92 104
92 105
92 109
92 110
92 112
93 93
93 100
93 101
93 102
93 103
93 104
93 105
93 109
93 110
93 113
94 94
94 96
94 97
94 100
94 103
94 105
94 107
94 108
94 109
94 110
94 113
95 95
95 96
95 97
95 98
95 99
95 107
95 108
95 109
95 111
95 113
95 115
96 96
96 97
96 98
96 99
96 101
96 105
96 108
96 109
96 110
96 113
97 97
97 98
97 99
97 103
97 107
97 108
97 109
97 110
97 111
97 113
98 98
98 99
98 102
98 106
98 110
98 111
98 112
99 99
99 101
99 108
99 111
99 112
99 113
99 114
100 100
100 102
100 103
100 104
100 109
100 110
100 112
101 101
101 102
101 103
101 104
101 105
101 109
101 110
101 113
102 102
102 103
102 104
102 105
102 110
102 112
103 103
103 104
103 105
103 106
103 109
103 110
103 113
104 104
104 105
104 110
104 112
104 113
105 105
105 110
105 113
105 114
106 106
107 107
107 108
107 109
108 108
108 109
108 111
108 113
108 115
109 109
109 110
109 111
109 113
110 110
110 111
111 111
111 112
111 113
111 114
112 112
112 113
112 114
113 113
113 114
114 114
114 115
115 115
