0 0
0 1
0 2
0 3
0 16
0 18
0 19
0 32
0 33
0 56
0 57
0 62
0 63
0 68
1 1
1 3
1 4
1 5
1 7
1 9
1 11
1 13
1 15
1 18
1 19
1 24
1 25
1 26
1 27
1 32
1 33
1 35
1 56
1 57
1 68
1 69
2 2
2 3
2 6
2 7
2 10
2 12
2 14
2 16
2 18
2 22
2 23
2 26
2 28
2 31
2 62
2 65
2 70
2 72
2 74
2 78
2 80
2 86
3 3
3 4
3 6
3 7
3 9
3 10
3 18
3 19
3 22
3 23
3 26
3 27
3 30
3 31
3 33
3 62
3 68
3 70
4 4
4 5
4 7
4 9
4 14
4 15
4 20
4 22
4 23
4 24
4 25
4 26
4 27
4 31
4 32
4 33
5 5
5 7
5 9
5 11
5 13
5 15
5 19
5 20
5 24
5 25
5 26
5 27
5 30
5 31
5 32
5 33
5 52
5 90
5 91
5 92
5 93
5 98
5 99
5 111
5 112
5 113
5 114
6 6
6 7
6 8
6 10
6 12
6 14
6 16
6 22
6 23
6 26
6 28
6 31
6 62
6 65
6 70
6 72
6 74
6 76
6 78
6 80
6 84
6 86
6 88
7 7
7 9
7 10
7 11
7 12
7 13
7 14
7 15
7 20
7 22
7 23
7 24
7 25
7 26
7 27
7 30
7 31
7 33
7 70
7 86
8 8
8 10
8 12
8 14
8 16
8 23
8 43
8 47
8 49
8 51
8 63
8 78
8 80
8 90
8 92
8 93
9 9
9 11
9 13
9 15
9 19
9 20
9 21
9 24
9 26
9 27
9 29
9 31
9 33
9 71
10 10
10 12
10 14
10 16
10 22
10 28
10 62
10 70
10 72
10 74
10 76
10 78
10 80
10 82
10 84
10 88
11 11
11 13
11 15
11 17
11 20
11 21
11 24
11 25
11 26
11 27
11 29
11 30
11 31
11 33
11 35
11 41
11 70
11 71
11 73
11 74
11 75
11 77
11 83
12 12
12 14
12 16
12 20
12 22
12 26
12 28
12 30
12 31
12 40
12 70
12 72
12 74
12 76
12 80
12 82
12 84
12 86
12 88
13 13
13 15
13 19
13 20
13 21
13 25
13 27
13 29
13 30
13 31
13 33
13 41
13 68
13 69
13 71
13 73
13 75
13 83
13 87
14 14
14 15
14 16
14 20
14 21
14 22
14 26
14 27
14 28
14 31
14 70
14 72
14 74
14 76
14 80
14 84
14 86
14 88
15 15
15 20
15 21
15 24
15 25
15 26
15 27
15 29
15 30
15 31
15 33
15 41
15 69
15 70
15 71
15 73
15 75
15 83
15 86
15 87
16 16
16 22
16 28
16 36
16 49
16 62
16 63
16 65
16 70
16 72
16 74
16 76
16 78
16 79
16 80
16 82
16 84
16 88
17 17
17 28
17 29
17 70
17 71
17 72
17 73
17 74
17 75
17 76
17 77
17 79
17 81
17 85
18 18
18 19
18 32
18 33
18 56
18 57
18 60
18 62
18 68
18 83
19 19
19 32
19 33
19 56
19 57
19 68
19 69
19 83
19 94
19 100
19 102
19 103
20 20
20 21
20 22
20 24
20 25
20 26
20 27
20 28
20 29
20 30
20 31
20 33
20 41
20 70
20 71
20 72
20 73
20 74
20 75
20 77
20 83
20 86
21 21
21 26
21 27
21 28
21 29
21 30
21 31
21 36
21 37
21 38
21 40
21 41
21 70
21 71
21 72
21 73
21 74
21 75
21 77
21 82
21 83
22 22
22 23
22 26
22 27
22 28
22 30
22 31
22 70
22 72
22 74
22 80
22 84
22 86
23 23
23 25
23 27
23 30
23 31
23 90
23 92
23 93
23 101
24 24
24 25
24 26
24 27
24 33
24 91
25 25
25 26
25 27
25 30
25 31
25 32
25 33
25 68
25 83
25 90
25 91
25 92
25 100
25 113
26 26
26 27
26 33
27 27
27 29
27 30
27 31
27 33
27 71
27 86
28 28
28 36
28 38
28 40
28 62
28 65
28 70
28 72
28 74
28 76
28 77
28 78
28 79
28 80
28 82
28 84
28 86
28 88
29 29
29 30
29 31
29 37
29 39
29 41
29 70
29 71
29 72
29 73
29 74
29 75
29 77
29 83
29 87
29 102
29 104
30 30
30 31
30 33
30 70
30 71
30 73
30 75
30 83
30 86
30 87
30 92
31 31
31 33
31 70
31 71
31 73
31 75
31 83
31 86
32 32
32 33
32 56
32 57
32 68
33 33
33 35
33 56
33 57
33 68
34 34
34 35
34 36
34 38
34 50
34 54
34 64
34 76
34 77
34 78
34 79
34 80
34 82
34 84
34 88
34 96
34 110
35 35
35 36
35 38
35 57
35 64
35 76
35 77
35 84
35 88
36 36
36 37
36 38
36 40
36 41
36 54
36 60
36 64
36 70
36 71
36 72
36 73
36 74
36 75
36 76
36 77
36 80
36 81
36 82
36 84
36 88
36 94
36 115
37 37
37 38
37 39
37 40
37 41
37 55
37 69
37 71
37 73
37 75
37 77
37 81
37 85
37 89
37 94
37 95
37 96
37 97
37 100
37 102
37 103
37 104
37 105
37 107
37 108
37 109
37 113
37 115
38 38
38 39
38 40
38 41
38 54
38 58
38 59
38 60
38 61
38 64
38 66
38 67
38 69
38 70
38 71
38 72
38 73
38 74
38 75
38 76
38 77
38 82
38 84
38 88
38 94
38 102
38 104
38 105
38 115
39 39
39 40
39 41
39 55
39 57
39 58
39 59
39 61
39 66
39 67
39 69
39 71
39 73
39 75
39 81
39 83
39 87
39 89
39 94
39 95
39 97
39 100
39 102
39 103
39 104
39 105
39 108
39 115
40 40
40 41
40 54
40 70
40 71
40 72
40 73
40 74
40 75
40 76
40 77
40 82
40 84
40 88
40 115
41 41
41 57
41 58
41 59
41 60
41 61
41 66
41 67
41 69
41 70
41 71
41 73
41 74
41 75
41 77
41 83
41 87
41 94
41 102
41 104
41 106
41 115
42 42
42 43
42 44
42 45
42 46
42 47
42 48
42 49
42 50
42 51
42 52
42 53
42 54
42 55
42 90
42 91
42 92
42 96
42 98
42 99
42 109
42 110
42 111
42 112
42 113
43 43
43 44
43 45
43 46
43 47
43 48
43 49
43 50
43 51
43 52
43 53
43 63
43 78
43 85
43 109
43 110
44 44
44 45
44 46
44 47
44 48
44 49
44 50
44 51
44 53
44 62
44 63
44 65
44 101
44 103
45 45
45 47
45 48
45 49
45 51
45 62
45 63
45 65
45 67
46 46
46 47
46 50
46 51
46 52
46 53
46 54
46 55
46 89
46 90
46 91
46 92
46 93
46 96
46 97
46 98
46 99
46 100
46 109
46 110
46 111
46 112
46 113
46 114
47 47
47 50
47 51
47 52
47 53
47 54
47 55
47 90
47 91
47 92
47 93
47 96
47 98
47 99
47 109
47 110
47 111
47 112
47 113
48 48
48 49
48 50
48 51
48 58
48 59
48 60
48 61
48 63
48 65
48 66
48 67
48 103
49 49
49 51
49 59
49 61
49 62
49 63
49 65
49 66
49 67
50 50
50 52
50 53
50 54
50 55
50 89
50 91
50 96
50 97
50 98
50 99
50 100
50 102
50 110
50 111
50 112
50 113
50 114
50 115
51 51
51 52
51 53
51 62
51 63
51 65
51 85
51 90
51 112
52 52
52 53
52 54
52 55
52 89
52 90
52 91
52 92
52 93
52 96
52 97
52 98
52 99
52 100
52 107
52 109
52 110
52 111
52 112
52 113
52 114
52 115
53 53
53 54
53 55
53 79
53 85
53 89
53 90
53 91
53 92
53 93
53 96
53 97
53 98
53 99
53 109
53 110
53 111
53 112
53 113
53 114
54 54
54 55
54 77
54 79
54 84
54 88
54 96
54 97
54 98
54 99
54 109
54 110
54 111
54 112
54 113
54 115
55 55
55 89
55 91
55 92
55 94
55 95
55 96
55 97
55 98
55 99
55 100
55 102
55 103
55 104
55 105
55 107
55 108
55 109
55 110
55 111
55 112
55 113
55 114
55 115
56 56
56 57
56 60
56 62
56 63
56 68
56 78
57 57
57 58
57 59
57 60
57 61
57 64
57 66
57 67
57 68
57 69
57 73
57 75
57 83
57 87
57 100
57 102
57 103
57 104
58 58
58 59
58 60
58 61
58 64
58 65
58 66
58 67
58 68
58 69
58 73
58 75
58 82
58 83
58 87
58 102
58 103
58 104
58 105
58 106
58 107
59 59
59 60
59 61
59 64
59 65
59 66
59 67
59 68
59 69
59 71
59 73
59 74
59 75
59 83
59 87
59 102
59 103
59 104
59 106
60 60
60 61
60 62
60 63
60 64
60 65
60 66
60 67
60 68
60 69
60 74
60 75
60 102
61 61
61 63
61 64
61 65
61 66
61 67
61 69
61 81
61 102
61 103
61 104
61 105
62 62
62 63
62 65
62 72
62 74
62 76
62 78
62 80
63 63
63 65
63 78
63 80
63 81
63 85
64 64
64 65
64 66
64 67
64 74
64 77
64 81
64 84
64 88
65 65
65 66
65 67
65 72
65 78
65 79
65 80
65 84
65 85
65 88
66 66
66 67
66 68
66 69
66 75
66 83
66 87
66 102
66 103
66 104
67 67
67 68
67 69
67 102
67 103
67 104
68 68
68 69
68 75
68 83
68 87
68 100
68 102
68 103
69 69
69 71
69 73
69 75
69 83
69 87
69 89
69 94
69 100
69 102
69 103
69 104
69 105
70 70
70 71
70 72
70 73
70 74
70 75
70 76
70 77
70 80
70 82
70 86
71 71
71 73
71 74
71 75
71 77
71 82
71 83
71 86
71 87
72 72
72 73
72 74
72 76
72 77
72 78
72 80
72 82
72 84
72 86
72 88
73 73
73 74
73 75
73 77
73 82
73 83
73 87
73 102
73 104
73 105
74 74
74 75
74 76
74 77
74 78
74 79
74 80
74 81
74 82
74 84
74 86
74 88
75 75
75 77
75 81
75 82
75 83
75 87
75 94
75 102
75 103
75 104
75 105
76 76
76 77
76 78
76 79
76 80
76 81
76 82
76 84
76 88
77 77
77 79
77 81
77 82
77 84
77 88
78 78
78 79
78 80
78 84
78 85
79 79
79 80
79 81
79 84
79 85
79 88
79 110
80 80
80 81
80 82
80 84
80 85
80 88
81 81
81 85
82 82
82 84
82 86
82 87
82 88
83 83
83 87
83 100
83 101
83 102
83 103
83 104
83 105
83 106
84 84
84 85
84 88
85 85
85 88
85 97
85 109
85 110
86 86
87 87
87 89
87 100
87 102
87 103
87 104
87 105
87 106
88 88
89 89
89 91
89 92
89 94
89 95
89 96
89 97
89 98
89 99
89 100
89 101
89 102
89 103
89 104
89 105
89 107
89 108
89 111
89 112
89 113
89 114
89 115
90 90
90 91
90 92
90 93
90 96
90 97
90 98
90 99
90 100
90 110
90 111
90 112
90 113
90 114
91 91
91 92
91 93
91 94
91 95
91 96
91 97
91 98
91 99
91 100
91 101
91 108
91 109
91 110
91 111
91 112
91 113
91 114
92 92
92 93
92 96
92 97
92 98
92 99
92 100
92 110
92 111
92 112
92 113
92 114
93 93
93 98
93 99
93 101
93 111
93 112
93 113
94 94
94 95
94 96
94 97
94 99
94 100
94 102
94 103
94 104
94 105
94 107
94 108
94 109
94 113
94 114
94 115
95 95
95 96
95 97
95 98
95 99
95 100
95 101
95 102
95 103
95 104
95 105
95 108
95 109
95 113
95 114
96 96
96 97
96 98
96 99
96 100
96 108
96 109
96 110
96 111
96 112
96 113
96 114
96 115
97 97
97 98
97 99
97 100
97 102
97 104
97 105
97 107
97 108
97 109
97 110
97 111
97 112
97 113
97 114
97 115
98 98
98 99
98 100
98 108
98 109
98 110
98 111
98 112
98 113
98 114
98 115
99 99
99 100
99 108
99 109
99 110
99 111
99 112
99 113
99 114
99 115
100 100
100 101
100 102
100 103
100 104
100 105
100 107
100 108
100 111
100 112
100 113
100 114
100 115
101 101
101 103
101 104
101 105
101 108
101 114
102 102
102 103
102 104
102 105
102 107
102 108
102 113
102 115
103 103
103 104
103 105
103 108
104 104
104 105
104 106
104 107
104 115
105 105
105 108
105 113
105 114
105 115
106 106
106 107
107 107
107 115
108 108
108 109
108 111
108 112
108 113
108 114
109 109
109 110
109 111
109 112
109 113
109 114
110 110
110 111
110 112
110 113
110 114
111 111
111 112
111 113
111 114
112 112
112 113
112 114
113 113
113 114
113 115
114 114
114 115
115 115
