0 0
0 1
0 16
0 17
0 18
0 32
0 36
0 37
0 41
0 51
0 52
0 53
0 56
0 57
0 62
0 63
0 68
0 73
0 74
0 75
0 76
0 77
0 78
0 79
0 80
0 81
0 97
0 99
1 1
1 5
1 9
1 11
1 13
1 16
1 17
1 19
1 29
1 32
1 36
1 37
1 41
1 51
1 56
1 57
1 59
1 60
1 61
1 62
1 63
1 68
1 73
1 74
1 75
1 78
1 80
1 81
2 2
2 4
2 6
2 8
2 10
2 12
2 26
2 34
2 58
2 59
2 60
2 64
2 66
2 67
2 93
2 101
2 107
3 3
3 7
3 22
3 23
3 24
3 25
3 27
3 30
3 31
3 33
3 34
3 35
3 45
3 50
3 51
3 53
3 65
3 67
3 82
3 85
3 87
3 95
3 113
4 4
4 5
4 6
4 7
4 8
4 9
4 35
4 44
4 60
4 61
4 64
4 65
4 92
4 93
4 106
5 5
5 7
5 9
5 19
5 21
5 25
5 27
5 38
5 45
5 49
5 59
5 61
5 65
5 69
5 71
5 103
5 106
6 6
6 7
6 8
6 10
6 12
6 13
6 14
6 50
6 60
6 64
6 65
6 74
6 84
6 88
6 92
6 93
7 7
7 9
7 11
7 13
7 33
7 35
7 45
7 49
7 59
7 61
7 64
7 65
7 66
7 67
7 69
7 92
7 95
7 102
8 8
8 10
8 11
8 12
8 13
8 14
8 60
8 61
8 64
8 83
8 84
8 86
8 88
8 91
8 92
8 93
9 9
9 11
9 13
9 15
9 29
9 59
9 60
9 61
9 63
9 64
9 65
9 69
9 90
9 92
9 100
9 102
9 104
10 10
10 11
10 12
10 13
10 14
10 15
10 22
10 50
10 60
10 64
10 75
10 81
10 84
10 86
10 88
10 91
10 93
11 11
11 12
11 13
11 14
11 15
11 16
11 17
11 29
11 56
11 59
11 60
11 61
11 63
11 64
11 65
11 69
11 75
11 79
11 80
11 81
11 88
11 92
12 12
12 13
12 14
12 15
12 22
12 28
12 50
12 60
12 64
12 81
12 84
12 88
12 91
12 93
13 13
13 14
13 15
13 60
13 61
13 64
13 65
13 88
13 92
14 14
14 15
14 22
14 41
14 50
14 60
14 64
14 81
14 82
14 83
14 84
14 86
14 88
14 89
14 91
14 92
14 93
15 15
15 23
15 28
15 41
15 51
15 53
15 79
15 81
15 82
15 83
15 85
15 86
15 88
15 89
15 92
15 102
16 16
16 17
16 19
16 28
16 29
16 36
16 37
16 41
16 52
16 56
16 57
16 58
16 59
16 60
16 61
16 62
16 63
16 68
16 69
16 72
16 73
16 74
16 75
16 78
16 79
16 80
16 81
16 94
16 99
16 100
16 101
17 17
17 19
17 28
17 29
17 36
17 37
17 52
17 56
17 57
17 59
17 60
17 61
17 62
17 63
17 68
17 69
17 72
17 73
17 75
17 80
17 81
17 90
17 94
17 98
17 100
17 101
17 102
17 103
17 112
17 115
18 18
18 19
18 22
18 28
18 30
18 32
18 34
18 37
18 41
18 52
18 53
18 54
18 62
18 68
18 72
18 73
18 74
18 76
18 77
18 78
18 97
18 98
18 99
18 108
18 109
18 115
19 19
19 29
19 32
19 33
19 36
19 37
19 56
19 57
19 59
19 62
19 63
19 68
19 69
19 80
19 81
19 90
19 102
19 103
19 104
19 105
19 107
19 115
20 20
20 29
20 31
20 35
20 82
20 83
20 85
20 89
20 108
21 21
21 25
21 27
21 31
21 38
21 39
21 45
21 55
21 67
21 71
21 85
21 87
21 93
21 96
21 104
21 110
21 114
22 22
22 23
22 24
22 25
22 26
22 27
22 30
22 31
22 34
22 40
22 42
22 43
22 46
22 47
22 50
22 55
22 64
22 67
22 74
22 76
22 78
22 82
22 84
22 85
22 86
22 87
22 89
22 96
22 110
23 23
23 24
23 25
23 26
23 27
23 30
23 31
23 34
23 35
23 43
23 45
23 47
23 50
23 51
23 55
23 64
23 67
23 78
23 82
23 84
23 85
23 86
23 87
23 89
23 95
24 24
24 25
24 26
24 27
24 30
24 31
24 34
24 35
24 38
24 40
24 42
24 43
24 47
24 50
24 55
24 67
24 76
24 78
24 84
24 85
24 86
24 87
24 96
24 110
25 25
25 26
25 27
25 30
25 31
25 34
25 35
25 38
25 39
25 40
25 43
25 47
25 55
25 84
25 85
25 86
25 87
25 89
25 96
25 110
26 26
26 27
26 30
26 34
26 42
26 43
26 47
26 50
26 55
26 67
26 74
26 78
26 84
26 85
26 86
26 96
26 110
27 27
27 30
27 31
27 34
27 38
27 39
27 40
27 43
27 45
27 47
27 50
27 54
27 55
27 67
27 76
27 77
27 78
27 85
27 87
27 96
27 109
27 110
28 28
28 29
28 30
28 31
28 36
28 37
28 40
28 62
28 63
28 68
28 70
28 71
28 72
28 74
28 75
28 77
28 79
28 80
28 81
28 82
28 83
28 89
28 109
29 29
29 31
29 32
29 33
29 36
29 37
29 41
29 57
29 59
29 61
29 62
29 63
29 68
29 70
29 71
29 72
29 73
29 75
29 79
29 80
29 81
29 83
29 94
29 100
29 102
29 109
29 112
30 30
30 31
30 33
30 34
30 35
30 37
30 38
30 39
30 40
30 42
30 70
30 71
30 72
30 74
30 76
30 77
30 78
30 79
30 83
30 84
30 85
30 86
30 87
30 89
30 95
30 96
31 31
31 33
31 35
31 38
31 39
31 55
31 71
31 72
31 82
31 83
31 85
31 86
31 87
31 89
31 95
31 96
31 110
32 32
32 33
32 37
32 49
32 62
32 63
32 72
32 77
32 97
33 33
33 35
33 37
33 62
33 63
33 65
33 72
33 79
33 95
33 113
34 34
34 35
34 38
34 45
34 50
34 54
34 66
34 67
34 77
34 95
34 110
34 115
35 35
35 44
35 45
35 49
35 64
35 65
35 67
35 92
35 113
36 36
36 37
36 38
36 39
36 40
36 41
36 56
36 57
36 62
36 63
36 68
36 72
36 73
36 74
36 75
36 76
36 77
36 78
36 79
36 80
36 81
36 94
36 109
36 111
37 37
37 38
37 40
37 41
37 55
37 57
37 62
37 63
37 68
37 70
37 72
37 73
37 74
37 75
37 76
37 77
37 78
37 79
37 80
38 38
38 39
38 40
38 54
38 55
38 68
38 71
38 77
38 94
38 96
38 103
38 109
38 110
39 39
39 40
39 54
39 55
39 68
39 70
39 71
39 77
39 83
39 87
39 94
39 96
39 106
39 108
39 109
39 110
40 40
40 41
40 46
40 47
40 55
40 72
40 74
40 77
40 78
40 79
40 82
40 84
40 85
40 87
40 88
40 96
41 41
41 53
41 57
41 68
41 70
41 72
41 73
41 74
41 75
41 76
41 78
41 79
41 80
41 81
41 83
41 86
41 89
41 99
41 108
42 42
42 43
42 44
42 45
42 46
42 47
42 48
42 49
42 50
42 53
42 55
42 84
42 86
42 87
42 113
43 43
43 44
43 45
43 46
43 47
43 48
43 49
43 50
43 53
43 55
43 70
43 84
43 86
43 87
43 96
44 44
44 45
44 46
44 47
44 48
44 49
44 53
44 92
44 98
44 100
44 106
44 113
45 45
45 46
45 47
45 48
45 49
45 55
45 65
45 67
45 87
45 92
45 110
45 114
46 46
46 47
46 48
46 49
46 53
46 54
46 55
46 87
46 88
46 96
46 98
46 99
46 110
47 47
47 48
47 49
47 53
47 55
47 70
47 84
47 87
47 96
47 110
48 48
48 49
48 51
48 52
48 53
48 54
48 55
48 58
48 97
48 98
49 49
49 98
49 100
49 103
49 105
49 106
49 107
50 50
50 51
50 64
50 65
50 67
50 84
50 85
50 86
50 88
50 92
50 97
50 113
51 51
51 52
51 53
51 55
51 56
51 74
51 78
51 82
51 83
51 86
51 97
52 52
52 53
52 56
52 57
52 58
52 59
52 62
52 68
52 73
52 80
52 86
52 94
52 99
52 100
52 102
52 103
52 111
53 53
53 55
53 74
53 82
53 83
53 84
53 86
53 87
53 113
54 54
54 55
54 68
54 71
54 77
54 94
54 95
54 96
54 98
54 104
54 109
54 110
54 115
55 55
55 71
55 76
55 85
55 87
55 95
55 96
55 110
56 56
56 57
56 60
56 61
56 62
56 63
56 68
56 69
56 73
56 74
56 76
56 78
56 80
56 81
56 97
56 99
56 111
57 57
57 62
57 63
57 68
57 73
57 74
57 75
57 76
57 77
57 78
57 79
57 80
57 81
57 97
57 99
57 111
58 58
58 59
58 60
58 61
58 62
58 66
58 69
58 80
58 91
58 93
58 100
58 103
58 106
58 107
58 115
59 59
59 60
59 61
59 62
59 63
59 66
59 68
59 69
59 80
59 90
59 93
59 94
59 100
59 101
59 102
59 103
59 104
59 105
59 106
59 107
59 115
60 60
60 61
60 62
60 63
60 64
60 66
60 69
60 73
60 75
60 80
60 81
60 90
60 91
60 93
60 101
60 103
60 107
61 61
61 62
61 63
61 65
61 69
61 72
61 73
61 75
61 80
61 81
61 102
61 107
62 62
62 63
62 68
62 69
62 72
62 75
62 80
62 81
62 90
62 94
62 98
62 101
62 102
62 103
62 105
62 106
62 107
62 115
63 63
63 68
63 69
63 72
63 75
63 80
63 81
63 90
63 100
63 101
63 102
63 106
63 107
64 64
64 65
64 67
64 84
64 88
64 92
64 93
65 65
65 67
65 92
66 66
66 67
66 93
66 94
66 97
66 100
66 101
66 103
66 104
66 105
66 106
66 107
66 108
66 115
67 67
67 85
67 92
67 93
67 95
67 104
67 105
67 110
68 68
68 69
68 72
68 73
68 75
68 78
68 79
68 80
68 81
68 94
68 96
68 98
68 99
68 100
69 69
69 80
69 81
69 90
69 93
69 94
69 100
69 101
69 102
69 103
69 104
69 105
69 107
70 70
70 71
70 75
70 76
70 77
70 87
70 94
70 95
70 96
70 108
70 111
70 112
71 71
71 72
71 83
71 93
71 94
71 96
71 109
71 110
71 112
72 72
72 73
72 74
72 75
72 76
72 77
72 79
72 80
72 81
72 83
72 94
72 108
72 109
73 73
73 74
73 75
73 76
73 78
73 79
73 80
73 81
73 99
73 102
74 74
74 75
74 76
74 77
74 78
74 79
74 80
74 81
74 84
74 86
74 89
75 75
75 77
75 94
75 108
76 76
76 77
76 78
76 79
76 87
76 96
76 99
77 77
77 78
77 94
77 95
77 96
77 108
77 109
77 115
78 78
78 79
78 80
78 81
78 84
78 86
78 87
78 89
79 79
79 80
79 81
79 84
80 80
80 81
80 99
80 100
80 101
80 102
81 81
81 86
81 89
81 99
82 82
82 83
82 84
82 85
82 86
82 87
82 88
82 89
83 83
83 86
83 87
83 89
83 108
84 84
84 85
84 86
84 87
84 88
84 89
85 85
85 87
85 89
85 95
85 96
86 86
86 87
86 88
86 89
86 99
87 87
87 88
87 89
87 96
88 88
88 89
88 99
89 89
89 108
90 90
90 91
90 92
90 93
90 94
90 98
90 100
90 102
90 103
90 104
90 105
90 107
90 110
90 111
90 112
90 115
91 91
91 93
91 99
91 100
91 102
91 103
91 105
91 107
91 110
91 112
92 92
92 100
92 102
92 104
92 113
92 114
93 93
93 100
93 101
93 102
93 103
93 105
93 107
93 112
93 114
94 94
94 96
94 100
94 103
94 104
94 105
94 106
94 108
94 109
94 110
94 111
94 115
95 95
95 96
95 106
95 110
95 112
96 96
96 98
96 109
96 110
97 97
97 98
97 99
97 104
97 105
97 107
97 115
98 98
98 99
98 100
98 101
98 102
98 103
98 104
98 105
98 106
98 109
98 110
98 111
98 112
98 113
98 115
99 99
99 100
99 101
99 102
99 103
99 110
99 113
99 114
100 100
100 101
100 102
100 103
100 104
100 105
100 114
100 115
101 101
101 102
101 103
101 105
101 107
101 110
101 115
102 102
102 103
102 104
102 105
102 107
102 111
102 112
102 113
102 114
103 103
103 104
103 105
103 106
103 107
103 110
103 111
103 112
103 114
103 115
104 104
104 105
104 106
104 107
104 114
104 115
105 105
105 106
105 107
105 110
105 111
105 114
105 115
106 106
106 107
106 108
106 109
106 115
107 107
108 108
108 109
108 114
109 109
109 110
109 111
109 112
109 113
109 115
110 110
110 111
110 112
111 111
111 112
111 115
112 112
113 113
113 114
113 115
114 114
115 115
