0 0
0 1
0 10
0 18
0 19
0 56
0 60
0 68
0 69
1 1
1 10
1 11
1 12
1 13
1 15
1 16
1 17
1 19
1 32
1 56
1 57
1 58
1 59
1 60
1 61
1 62
1 63
1 68
1 69
1 79
1 80
1 81
1 83
1 97
2 2
2 3
2 5
2 6
2 7
2 8
2 18
2 20
2 21
2 22
2 24
2 25
2 27
2 30
2 31
2 34
2 35
2 48
2 54
2 64
2 65
2 67
2 71
2 76
2 77
2 88
2 89
2 92
2 110
2 111
3 3
3 5
3 6
3 7
3 8
3 9
3 11
3 14
3 22
3 23
3 27
3 30
3 31
3 50
3 51
3 64
3 65
3 74
3 76
3 85
3 88
3 89
3 92
3 93
3 103
3 109
3 113
3 114
4 4
4 12
4 20
4 21
4 26
4 29
4 33
4 34
4 36
4 38
4 39
4 40
4 41
4 54
4 58
4 60
4 61
4 72
4 82
4 83
4 86
4 87
4 91
5 5
5 7
5 9
5 20
5 21
5 22
5 23
5 24
5 25
5 26
5 27
5 30
5 31
5 34
5 35
5 37
5 39
5 48
5 65
5 71
5 76
5 77
5 90
5 91
5 92
5 93
5 95
5 99
5 103
5 105
5 110
5 111
5 112
5 113
5 115
6 6
6 7
6 8
6 14
6 18
6 20
6 22
6 30
6 31
6 33
6 34
6 54
6 64
6 65
6 70
6 71
6 77
6 88
6 89
6 91
6 92
6 93
7 7
7 8
7 9
7 20
7 21
7 23
7 24
7 25
7 30
7 31
7 35
7 37
7 48
7 50
7 51
7 54
7 64
7 65
7 67
7 76
7 77
7 88
7 89
7 92
7 104
7 108
7 109
7 112
7 113
7 114
8 8
8 12
8 14
8 15
8 18
8 20
8 48
8 54
8 64
8 65
8 88
8 114
9 9
9 22
9 23
9 24
9 25
9 30
9 31
9 34
9 35
9 45
9 48
9 50
9 51
9 64
9 65
9 92
9 93
9 95
9 109
10 10
10 11
10 12
10 13
10 14
10 19
10 27
10 69
10 92
10 93
11 11
11 14
11 15
11 23
11 27
11 50
11 74
11 85
11 92
11 109
12 12
12 13
12 15
12 16
12 17
12 19
12 28
12 29
12 33
12 40
12 41
12 54
12 60
12 62
12 63
12 72
12 82
12 83
12 86
12 104
13 13
13 15
13 16
13 17
13 19
13 28
13 56
13 57
13 61
13 62
13 63
13 68
13 69
13 80
13 83
13 86
13 107
14 14
14 15
14 22
14 23
14 27
14 28
14 64
14 82
14 83
14 84
14 85
14 88
15 15
15 28
15 29
15 82
15 83
16 16
16 17
16 19
16 28
16 29
16 32
16 38
16 56
16 57
16 58
16 59
16 60
16 61
16 62
16 63
16 66
16 68
16 69
16 72
16 78
16 79
16 80
16 81
16 84
16 86
16 107
17 17
17 28
17 29
17 32
17 56
17 57
17 60
17 61
17 62
17 63
17 68
17 72
17 78
17 79
17 80
17 81
17 86
17 107
18 18
18 22
18 58
18 88
18 106
19 19
19 28
19 32
19 33
19 38
19 40
19 56
19 57
19 59
19 62
19 68
19 69
19 79
19 80
19 81
19 82
19 83
19 86
19 97
19 100
20 20
20 21
20 24
20 25
20 26
20 30
20 31
20 34
20 35
20 36
20 37
20 38
20 39
20 40
20 41
20 65
20 70
20 71
20 73
20 76
20 77
20 92
20 93
20 110
20 111
20 115
21 21
21 24
21 25
21 26
21 30
21 31
21 34
21 35
21 36
21 37
21 39
21 40
21 41
21 64
21 65
21 67
21 70
21 71
21 75
21 76
21 77
21 87
21 89
21 92
21 93
21 95
21 103
21 108
21 110
21 111
21 113
22 22
22 23
22 24
22 25
22 27
22 30
22 31
22 43
22 48
22 50
22 55
22 64
22 85
22 88
22 92
22 93
22 96
22 109
22 110
23 23
23 25
23 27
23 30
23 31
23 50
23 64
23 71
23 76
23 77
23 85
23 88
23 92
23 93
23 94
23 96
23 97
23 103
23 109
23 110
23 111
23 112
23 113
23 114
23 115
24 24
24 25
24 27
24 30
24 31
24 34
24 35
24 37
24 41
24 45
24 48
24 50
24 65
24 71
24 73
24 74
24 75
24 76
24 77
24 92
24 95
24 96
24 104
24 108
24 109
24 110
24 111
24 113
25 25
25 27
25 30
25 31
25 34
25 35
25 37
25 45
25 48
25 50
25 65
25 70
25 71
25 73
25 74
25 75
25 76
25 77
25 92
25 94
25 95
25 96
25 108
25 109
25 110
25 111
25 112
25 113
25 114
26 26
26 34
26 36
26 38
26 39
26 40
26 41
26 61
26 82
26 83
26 86
26 87
26 91
27 27
27 30
27 31
27 37
27 43
27 48
27 50
27 51
27 74
27 76
27 77
27 85
27 88
27 92
27 93
27 94
27 96
27 103
27 109
27 110
28 28
28 29
28 32
28 33
28 36
28 56
28 57
28 58
28 60
28 62
28 63
28 66
28 68
28 72
28 79
28 80
28 81
28 82
28 83
28 84
28 86
28 87
29 29
29 32
29 33
29 36
29 38
29 40
29 41
29 58
29 61
29 62
29 63
29 72
29 79
29 80
29 81
29 82
29 83
29 86
29 87
30 30
30 31
30 34
30 35
30 37
30 48
30 50
30 64
30 65
30 70
30 71
30 73
30 74
30 75
30 76
30 77
30 88
30 92
30 93
30 96
30 108
30 109
30 110
30 111
30 112
30 113
30 114
31 31
31 34
31 35
31 37
31 41
31 48
31 50
31 64
31 65
31 70
31 71
31 73
31 74
31 75
31 76
31 77
31 92
31 93
31 109
31 110
31 111
31 112
31 113
31 114
32 32
32 33
32 40
32 56
32 57
32 58
32 59
32 60
32 61
32 62
32 63
32 66
32 68
32 69
32 72
32 78
32 79
32 80
32 81
32 86
33 33
33 36
33 40
33 41
33 58
33 59
33 60
33 62
33 63
33 66
33 67
33 68
33 72
33 82
33 83
33 86
33 106
34 34
34 35
34 39
34 45
34 53
34 64
34 65
34 88
34 110
35 35
35 37
35 39
35 40
35 41
35 45
35 48
35 64
35 65
35 70
35 71
35 73
35 75
35 76
35 77
35 91
35 92
35 93
35 95
35 109
35 110
35 111
35 113
36 36
36 37
36 38
36 39
36 40
36 41
36 70
36 71
36 72
36 73
36 75
36 76
36 77
36 79
37 37
37 39
37 40
37 41
37 48
37 54
37 65
37 70
37 71
37 73
37 74
37 75
37 76
37 77
37 90
37 91
37 92
37 93
37 95
37 96
37 97
37 99
37 103
37 104
37 105
37 109
37 110
37 111
37 113
37 114
37 115
38 38
38 39
38 40
38 41
38 54
38 56
38 68
38 72
38 79
38 80
38 81
38 82
38 86
38 87
39 39
39 40
39 41
39 54
39 82
39 83
39 86
39 90
39 91
39 93
39 95
39 99
39 102
39 105
39 108
39 110
39 111
39 115
40 40
40 41
40 72
40 73
40 82
40 83
40 86
40 90
40 115
41 41
41 70
41 71
41 72
41 73
41 75
41 76
41 77
41 82
41 83
41 90
41 91
41 92
41 93
41 95
41 97
41 99
41 100
41 105
41 110
41 111
41 113
41 115
42 42
42 43
42 44
42 45
42 46
42 47
42 49
42 50
42 51
42 53
42 55
42 78
42 84
42 96
42 98
43 43
43 44
43 45
43 46
43 47
43 48
43 49
43 50
43 51
43 55
43 96
43 98
44 44
44 45
44 46
44 47
44 48
44 49
44 50
44 51
44 55
44 58
44 66
44 84
44 98
45 45
45 46
45 47
45 48
45 49
45 50
45 51
45 53
45 55
45 98
45 113
46 46
46 47
46 49
46 50
46 51
46 53
46 55
46 57
46 69
46 84
46 96
46 98
47 47
47 49
47 50
47 51
47 53
47 55
47 96
47 98
48 48
48 49
48 50
48 51
48 55
48 71
48 73
48 74
48 75
48 76
48 92
48 96
48 109
48 110
48 113
49 49
49 50
49 51
49 52
49 53
49 55
49 58
49 59
49 98
50 50
50 51
50 53
50 85
50 88
50 94
50 96
50 98
50 109
50 114
51 51
51 53
51 55
51 98
51 99
51 102
52 52
52 53
52 58
52 59
52 60
52 61
52 98
53 53
53 84
54 54
54 86
54 89
54 91
54 107
54 110
55 55
55 96
55 97
55 98
56 56
56 57
56 58
56 59
56 60
56 61
56 62
56 63
56 66
56 68
56 69
56 78
56 79
56 80
56 81
56 84
56 86
56 101
56 107
57 57
57 58
57 59
57 60
57 61
57 62
57 63
57 66
57 68
57 69
57 78
57 79
57 80
57 81
57 82
57 84
57 86
57 101
57 107
58 58
58 59
58 60
58 61
58 62
58 63
58 66
58 68
58 69
58 72
58 78
58 79
58 80
58 81
58 82
58 83
58 84
58 86
59 59
59 60
59 61
59 62
59 63
59 66
59 68
59 69
59 78
59 80
59 81
59 82
59 86
59 106
60 60
60 61
60 62
60 63
60 66
60 68
60 69
60 78
60 79
60 80
60 81
60 86
61 61
61 62
61 63
61 66
61 68
61 69
61 78
61 79
61 80
61 81
61 82
61 86
62 62
62 63
62 66
62 68
62 69
62 72
62 78
62 79
62 80
62 81
62 84
62 86
62 107
63 63
63 66
63 68
63 69
63 72
63 78
63 79
63 80
63 81
63 84
63 86
63 107
64 64
64 65
64 67
64 70
64 71
64 85
64 88
64 109
65 65
65 67
65 77
65 89
65 91
65 92
65 108
65 109
65 112
66 66
66 67
66 68
66 69
66 78
66 80
66 81
66 84
66 86
66 106
67 67
67 88
67 89
67 113
68 68
68 69
68 78
68 79
68 80
68 81
68 82
68 83
68 84
68 86
69 69
69 79
69 80
69 81
69 82
69 83
69 84
69 101
70 70
70 71
70 72
70 73
70 74
70 75
70 76
70 77
70 91
70 92
70 93
70 95
70 103
70 105
70 109
70 110
70 111
70 113
71 71
71 73
71 74
71 75
71 76
71 77
71 90
71 91
71 92
71 93
71 95
71 105
71 109
71 110
71 111
71 113
71 115
72 72
72 73
72 74
72 75
72 79
72 80
72 81
73 73
73 74
73 75
73 76
73 77
73 103
73 104
73 109
73 110
73 111
73 113
73 114
74 74
74 75
74 76
74 77
74 94
74 96
74 97
74 103
74 104
74 109
74 110
74 113
74 114
75 75
75 76
75 77
75 92
75 94
75 104
75 109
75 110
75 111
75 113
75 114
76 76
76 77
76 91
76 92
76 93
76 96
76 99
76 103
76 109
76 110
76 111
76 112
76 113
76 114
77 77
77 90
77 91
77 92
77 93
77 95
77 103
77 105
77 109
77 110
77 111
77 112
77 113
77 115
78 78
78 79
78 80
78 81
78 86
79 79
79 80
79 81
79 83
79 84
79 86
79 107
80 80
80 81
80 83
80 84
80 86
81 81
81 83
81 84
81 86
81 107
82 82
82 83
82 86
82 115
83 83
83 84
83 86
83 87
84 84
84 85
84 87
84 88
85 85
85 87
85 88
85 89
86 86
86 87
86 89
86 107
87 87
87 89
88 88
88 89
88 106
89 89
89 107
89 108
89 114
90 90
90 91
90 92
90 93
90 95
90 97
90 99
90 100
90 101
90 102
90 103
90 105
90 107
90 108
90 110
90 111
90 112
90 113
90 115
91 91
91 92
91 93
91 95
91 97
91 99
91 100
91 101
91 103
91 105
91 108
91 110
91 111
91 112
91 113
91 115
92 92
92 93
92 94
92 95
92 97
92 103
92 105
92 108
92 109
92 110
92 111
92 112
92 113
92 114
92 115
93 93
93 95
93 97
93 103
93 105
93 108
93 109
93 110
93 111
93 112
93 115
94 94
94 95
94 96
94 97
94 103
94 108
94 109
94 114
95 95
95 97
95 103
95 105
95 108
95 110
95 111
95 115
96 96
96 97
96 98
96 109
96 110
96 111
96 113
97 97
97 99
97 100
97 101
97 103
97 105
97 110
97 112
97 113
97 114
97 115
98 98
98 99
99 99
99 102
99 103
99 104
99 111
99 112
99 113
100 100
100 103
100 107
100 115
101 101
101 105
101 107
102 102
102 103
102 104
102 112
102 113
102 114
103 103
103 105
103 110
103 111
103 113
103 114
103 115
104 104
104 111
104 113
104 114
104 115
105 105
105 107
105 110
105 111
105 115
106 106
107 107
108 108
108 111
108 112
109 109
109 110
109 111
109 112
110 110
110 111
110 112
110 113
110 115
111 111
111 112
111 113
111 114
111 115
112 112
112 113
112 114
112 115
113 113
113 114
113 115
114 114
115 115
