0 0
0 1
0 8
0 10
0 11
0 12
0 14
0 15
0 18
0 19
0 27
0 35
0 48
0 58
0 60
0 64
0 68
0 75
0 76
0 77
0 88
1 1
1 7
1 11
1 13
1 15
1 19
1 32
1 33
1 45
1 48
1 49
1 51
1 58
1 59
1 60
1 61
1 65
1 66
1 68
1 73
1 74
1 75
1 76
1 77
1 78
1 89
2 2
2 3
2 6
2 7
2 9
2 20
2 21
2 22
2 25
2 27
2 30
2 31
2 50
3 3
3 5
3 7
3 9
3 18
3 21
3 22
3 23
3 24
3 25
3 27
3 55
3 86
3 87
3 93
3 100
3 101
3 102
3 103
3 105
3 112
3 113
3 114
4 4
4 16
4 28
4 32
4 33
4 42
4 46
4 51
4 52
4 53
4 56
4 60
4 72
5 5
5 9
5 20
5 22
5 23
5 24
5 27
5 54
5 86
5 93
5 100
5 101
5 103
5 110
5 112
5 113
6 6
6 7
6 8
6 10
6 12
6 20
6 26
6 30
7 7
7 9
7 15
7 20
7 21
7 23
7 26
7 30
7 31
7 65
7 88
8 8
8 10
8 12
8 14
8 15
8 18
8 48
8 64
8 65
8 73
8 75
9 9
9 14
9 15
9 20
9 22
9 23
9 24
9 25
9 26
9 35
9 37
9 50
9 82
9 88
9 108
10 10
10 12
10 14
10 15
10 18
10 28
10 48
10 64
10 65
10 73
10 75
10 76
11 11
11 12
11 13
11 15
11 16
11 17
11 19
11 21
11 28
11 29
11 30
11 31
11 32
11 33
11 44
11 45
11 48
11 49
11 58
11 60
11 61
11 62
11 63
11 64
11 65
11 66
11 67
11 68
11 71
11 73
11 75
11 78
11 79
11 80
11 81
11 83
11 85
12 12
12 13
12 14
12 15
12 19
12 26
12 28
12 45
12 48
12 49
12 58
12 60
12 61
12 64
12 65
12 70
12 72
12 75
12 76
12 83
13 13
13 15
13 16
13 17
13 19
13 28
13 29
13 33
13 44
13 45
13 48
13 49
13 51
13 58
13 59
13 60
13 61
13 62
13 65
13 67
13 69
13 72
13 73
13 75
14 14
14 15
14 20
14 22
14 26
14 37
14 48
14 58
14 64
14 82
14 83
14 84
14 86
14 87
14 88
15 15
15 20
15 21
15 26
15 27
15 35
15 45
15 48
15 50
15 64
15 65
15 83
15 88
16 16
16 17
16 28
16 29
16 30
16 31
16 33
16 41
16 47
16 49
16 51
16 52
16 53
16 56
16 60
16 61
16 62
16 63
16 68
16 72
16 73
16 74
16 75
16 76
16 78
16 79
16 80
16 81
17 17
17 28
17 29
17 30
17 31
17 32
17 33
17 42
17 43
17 44
17 46
17 47
17 50
17 51
17 52
17 53
17 56
17 60
17 62
17 63
17 68
17 71
17 72
17 73
17 74
17 75
17 79
17 80
17 81
17 85
18 18
18 22
18 27
18 32
18 43
18 47
18 57
18 64
18 73
18 74
18 75
18 111
19 19
19 32
19 33
19 44
19 45
19 48
19 49
19 56
19 57
19 58
19 59
19 60
19 61
19 63
19 66
19 67
19 68
19 69
19 73
19 75
19 77
20 20
20 21
20 22
20 23
20 25
20 26
20 30
20 31
20 67
20 70
21 21
21 22
21 23
21 25
21 27
21 31
21 37
21 50
21 71
21 78
21 83
21 86
21 87
21 88
22 22
22 23
22 24
22 25
22 27
22 30
22 31
22 50
22 82
22 86
22 87
22 88
22 90
22 93
22 99
22 101
22 109
22 111
22 112
23 23
23 24
23 25
23 38
23 54
23 82
23 86
23 87
23 88
23 90
23 92
23 93
23 100
23 101
23 102
23 103
23 104
23 105
23 106
24 24
24 37
24 39
24 41
24 82
24 87
24 88
24 105
24 107
24 115
25 25
25 27
25 30
25 31
25 40
25 42
25 50
25 71
25 82
25 83
25 85
25 86
25 87
26 26
26 27
26 35
26 36
26 45
26 48
26 58
26 59
26 61
26 65
26 67
26 83
26 88
27 27
27 35
27 50
27 79
27 83
27 86
27 88
28 28
28 29
28 40
28 41
28 43
28 47
28 49
28 53
28 60
28 62
28 72
28 75
28 79
28 80
28 81
28 83
28 85
29 29
29 30
29 31
29 32
29 33
29 42
29 43
29 44
29 47
29 49
29 51
29 56
29 60
29 62
29 63
29 68
29 71
29 72
29 73
29 74
29 75
29 79
29 80
29 81
29 85
30 30
30 31
30 42
30 50
30 52
30 64
30 71
30 72
30 75
30 80
30 81
30 85
31 31
31 33
31 42
31 45
31 50
31 52
31 62
31 64
31 71
31 72
31 75
31 78
31 80
31 85
32 32
32 33
32 56
32 57
32 59
32 60
32 62
32 63
32 66
32 68
32 73
32 74
33 33
33 49
33 56
33 57
33 58
33 59
33 60
33 61
33 62
33 63
33 65
33 66
33 67
33 68
33 69
33 72
33 73
33 74
33 75
33 76
33 78
33 80
33 81
34 34
34 35
34 57
34 59
34 66
34 67
34 77
35 35
35 37
35 45
35 48
35 65
35 79
35 88
36 36
36 37
36 38
36 39
36 40
36 41
36 55
36 70
36 76
36 77
36 78
36 82
36 84
36 86
36 87
36 88
36 94
36 97
36 106
36 109
37 37
37 38
37 39
37 40
37 41
37 78
37 82
37 83
37 88
37 94
37 95
37 106
37 108
37 109
37 114
38 38
38 39
38 40
38 41
38 54
38 55
38 82
38 86
38 87
38 88
38 89
38 94
38 95
38 96
38 97
38 99
38 102
38 103
38 104
38 105
38 106
38 107
38 108
38 110
38 114
38 115
39 39
39 40
39 41
39 54
39 55
39 82
39 88
39 89
39 94
39 95
39 96
39 97
39 99
39 104
39 105
39 106
39 107
39 108
39 110
39 114
39 115
40 40
40 41
40 54
40 78
40 80
40 82
40 83
40 86
40 96
40 97
40 109
41 41
41 54
41 55
41 79
41 80
41 81
41 82
41 84
41 94
41 95
41 108
42 42
42 43
42 44
42 46
42 47
42 50
42 51
42 52
42 53
42 56
42 62
42 71
42 85
42 90
42 111
42 112
43 43
43 44
43 46
43 47
43 49
43 51
43 71
43 72
43 73
43 74
43 75
43 79
44 44
44 45
44 48
44 49
44 51
44 58
44 59
44 60
44 62
44 63
44 66
44 67
44 68
44 73
44 75
45 45
45 48
45 49
45 50
45 51
45 58
45 61
45 64
45 65
45 67
45 75
45 80
45 83
45 85
46 46
46 47
46 50
46 51
46 52
46 53
46 55
46 56
46 62
46 90
46 96
46 98
46 99
46 110
46 111
46 112
47 47
47 50
47 51
47 52
47 53
47 55
47 56
47 62
47 72
47 74
47 79
47 95
47 98
47 111
47 112
48 48
48 49
48 51
48 58
48 60
48 65
48 75
49 49
49 51
49 58
49 59
49 60
49 61
49 62
49 63
49 65
49 67
49 69
49 72
49 73
49 75
50 50
50 51
50 53
50 64
50 65
50 79
50 81
50 85
51 51
51 52
51 53
51 61
51 65
51 72
51 75
52 52
52 53
52 54
52 56
52 60
52 62
52 63
52 72
52 85
52 90
52 96
52 98
52 112
53 53
53 55
53 62
53 79
53 85
53 90
53 98
53 99
53 111
53 112
54 54
54 55
54 56
54 82
54 86
54 89
54 90
54 93
54 94
54 95
54 96
54 97
54 98
54 99
54 100
54 101
54 102
54 103
54 104
54 105
54 107
54 108
54 110
54 111
54 112
54 113
54 114
54 115
55 55
55 56
55 89
55 90
55 93
55 94
55 95
55 96
55 97
55 98
55 99
55 100
55 101
55 102
55 103
55 104
55 105
55 107
55 108
55 110
55 111
55 112
55 113
55 114
55 115
56 56
56 57
56 60
56 62
56 63
56 66
56 68
56 72
56 73
56 74
56 76
57 57
57 58
57 59
57 60
57 61
57 62
57 63
57 66
57 68
57 69
57 73
57 74
57 76
57 89
58 58
58 59
58 60
58 61
58 63
58 65
58 66
58 67
58 68
58 69
58 77
58 83
58 88
59 59
59 60
59 61
59 63
59 65
59 66
59 67
59 68
59 69
59 77
60 60
60 61
60 62
60 63
60 65
60 66
60 67
60 68
60 69
60 72
60 73
60 74
60 75
60 78
60 79
60 80
60 81
61 61
61 63
61 65
61 66
61 67
61 68
61 69
61 70
61 72
61 73
61 75
61 77
61 78
61 80
61 81
62 62
62 63
62 68
62 72
62 73
62 74
62 79
62 80
62 81
62 85
63 63
63 66
63 67
63 68
63 69
63 72
63 73
63 74
63 75
63 77
63 78
63 79
63 80
63 81
64 64
64 65
64 79
64 81
64 84
64 85
65 65
65 66
65 67
65 75
66 66
66 67
66 68
66 69
66 77
67 67
67 68
67 69
67 75
67 77
67 78
67 83
68 68
68 69
68 70
68 72
68 73
68 74
68 75
68 76
68 77
68 81
69 69
69 70
69 73
69 77
69 78
69 80
69 81
69 82
69 83
70 70
70 72
70 73
70 74
70 75
70 76
70 77
71 71
71 73
71 75
72 72
72 73
72 74
72 75
72 76
72 79
72 80
72 81
72 85
73 73
73 74
73 75
73 76
73 77
74 74
74 75
74 76
74 77
74 79
75 75
75 76
75 77
75 79
75 81
76 76
76 77
76 79
77 77
77 87
77 88
78 78
78 80
78 81
78 83
78 84
78 87
79 79
79 80
79 81
79 84
79 85
80 80
80 81
80 82
80 83
80 85
81 81
81 83
81 84
81 85
82 82
82 83
82 86
82 87
82 88
82 94
82 96
82 97
82 99
82 105
82 106
82 107
82 108
82 110
82 114
82 115
83 83
83 84
83 85
83 86
83 87
83 88
83 108
84 84
84 85
84 87
85 85
86 86
86 87
86 88
86 96
86 110
87 87
87 88
87 100
87 106
87 107
87 115
88 88
88 89
88 105
88 106
88 107
89 89
89 97
89 105
89 115
90 90
90 91
90 92
90 93
90 94
90 96
90 97
90 98
90 99
90 100
90 101
90 102
90 103
90 104
90 105
90 106
90 107
90 110
90 111
90 112
90 113
90 114
90 115
91 91
91 92
91 93
91 94
91 96
91 97
91 98
91 99
91 100
91 101
91 102
91 103
91 104
91 105
91 106
91 107
91 110
91 112
91 113
91 114
91 115
92 92
92 93
92 96
92 98
92 99
92 100
92 101
92 102
92 103
92 104
92 105
92 106
92 107
92 112
92 113
92 114
93 93
93 94
93 96
93 97
93 98
93 99
93 100
93 101
93 102
93 103
93 104
93 105
93 106
93 107
93 110
93 111
93 112
93 113
93 114
93 115
94 94
94 95
94 96
94 97
94 98
94 99
94 100
94 101
94 102
94 103
94 104
94 105
94 106
94 107
94 108
94 109
94 110
94 111
94 112
94 113
94 114
94 115
95 95
95 96
95 97
95 98
95 99
95 102
95 103
95 104
95 105
95 106
95 107
95 108
95 110
95 111
95 114
95 115
96 96
96 97
96 98
96 99
96 100
96 101
96 102
96 103
96 104
96 105
96 106
96 107
96 108
96 110
96 111
96 112
96 113
96 114
96 115
97 97
97 98
97 99
97 100
97 101
97 102
97 103
97 104
97 105
97 106
97 107
97 108
97 109
97 110
97 111
97 113
97 114
97 115
98 98
98 99
98 100
98 101
98 102
98 103
98 104
98 105
98 106
98 107
98 108
98 110
98 111
98 112
98 113
98 114
98 115
99 99
99 100
99 101
99 102
99 103
99 104
99 105
99 106
99 107
99 108
99 110
99 111
99 112
99 113
99 114
99 115
100 100
100 101
100 102
100 103
100 104
100 105
100 106
100 107
100 110
100 111
100 112
100 113
100 114
100 115
101 101
101 102
101 103
101 104
101 105
101 106
101 107
101 108
101 110
101 111
101 112
101 113
101 114
101 115
102 102
102 103
102 104
102 105
102 106
102 107
102 108
102 110
102 111
102 112
102 113
102 114
102 115
103 103
103 104
103 105
103 106
103 107
103 108
103 110
103 111
103 112
103 113
103 114
103 115
104 104
104 105
104 106
104 107
104 108
104 110
104 111
104 112
104 113
104 114
104 115
105 105
105 106
105 107
105 108
105 110
105 111
105 112
105 113
105 114
105 115
106 106
106 107
106 108
106 110
106 112
106 113
106 114
106 115
107 107
107 108
107 110
107 111
107 112
107 113
107 114
107 115
108 108
108 110
108 111
108 113
108 114
108 115
109 109
110 110
110 111
110 112
110 113
110 114
110 115
111 111
111 112
111 113
111 114
111 115
112 112
112 113
112 114
112 115
113 113
113 114
113 115
114 114
114 115
115 115
