0 0
0 1
0 10
0 12
0 14
0 18
0 19
0 32
0 52
0 54
0 56
0 57
0 58
0 60
0 66
0 68
1 1
1 16
1 17
1 18
1 19
1 20
1 29
1 32
1 37
1 39
1 41
1 56
1 57
1 58
1 59
1 63
1 66
1 68
1 69
1 73
1 74
1 75
1 79
1 80
1 81
1 109
2 2
2 3
2 4
2 5
2 6
2 8
2 9
2 14
2 18
2 22
2 23
2 24
2 25
2 26
2 27
2 35
2 48
2 58
2 64
2 65
2 66
2 86
2 88
2 89
2 91
2 93
3 3
3 5
3 7
3 9
3 22
3 23
3 24
3 25
3 26
3 35
3 64
3 65
3 69
3 84
3 85
3 86
3 87
3 88
3 92
3 94
3 104
3 109
3 115
4 4
4 5
4 8
4 9
4 20
4 21
4 24
4 25
4 26
4 27
4 45
4 67
4 69
4 77
4 93
4 101
4 102
4 105
5 5
5 9
5 21
5 23
5 24
5 25
5 26
5 27
5 35
5 45
5 48
5 50
5 65
5 67
5 88
5 92
5 96
5 97
5 100
5 102
5 104
5 107
6 6
6 7
6 8
6 12
6 31
6 33
6 45
6 60
6 61
6 64
6 90
6 91
6 92
6 112
7 7
7 9
7 11
7 12
7 13
7 15
7 17
7 25
7 31
7 33
7 60
7 61
7 63
7 65
7 83
7 90
7 92
7 111
7 112
8 8
8 9
8 12
8 14
8 15
8 18
8 22
8 53
8 58
8 60
8 61
8 64
8 68
8 82
8 88
8 91
8 92
8 93
9 9
9 11
9 13
9 15
9 25
9 26
9 35
9 61
9 65
9 67
9 77
9 92
9 93
9 100
9 102
9 104
9 115
10 10
10 11
10 12
10 13
10 14
10 16
10 17
10 28
10 36
10 48
10 52
10 54
10 58
10 60
10 66
10 72
10 76
10 82
10 84
10 86
10 101
11 11
11 12
11 13
11 14
11 15
11 17
11 28
11 29
11 40
11 60
11 61
11 63
11 65
11 83
11 92
12 12
12 13
12 14
12 15
12 16
12 17
12 28
12 29
12 36
12 58
12 60
12 61
12 62
12 63
12 72
12 76
13 13
13 14
13 15
13 17
13 28
13 29
13 38
13 39
13 40
13 60
13 61
13 65
13 83
13 92
13 104
13 113
14 14
14 15
14 18
14 22
14 28
14 38
14 40
14 52
14 53
14 54
14 58
14 60
14 61
14 64
14 72
14 82
14 83
14 84
14 86
14 87
14 88
14 89
14 93
14 104
14 113
15 15
15 17
15 28
15 29
15 38
15 39
15 40
15 41
15 52
15 53
15 60
15 61
15 72
15 73
15 78
15 81
15 82
15 83
15 89
15 92
15 104
15 113
16 16
16 17
16 28
16 29
16 34
16 36
16 41
16 56
16 57
16 62
16 63
16 70
16 71
16 72
16 73
16 74
16 75
16 76
16 78
16 79
16 80
16 81
16 83
16 85
17 17
17 20
17 28
17 29
17 33
17 36
17 57
17 61
17 62
17 63
17 70
17 71
17 72
17 73
17 74
17 75
17 76
17 77
17 78
17 79
17 80
17 81
17 83
17 112
18 18
18 19
18 28
18 68
18 72
18 73
18 74
18 80
18 82
18 84
18 93
19 19
19 20
19 32
19 37
19 56
19 57
19 59
19 63
19 68
19 69
19 70
19 72
19 74
19 79
19 80
19 81
19 105
19 109
20 20
20 21
20 29
20 57
20 63
20 69
20 70
20 71
20 72
20 74
20 75
20 76
20 77
20 78
20 79
20 81
20 90
20 91
20 103
20 105
20 111
21 21
21 22
21 23
21 24
21 25
21 26
21 27
21 30
21 31
21 35
21 38
21 39
21 70
21 71
21 74
21 78
21 79
21 84
21 87
21 88
21 103
21 105
22 22
22 23
22 24
22 25
22 26
22 27
22 30
22 35
22 48
22 50
22 52
22 53
22 54
22 64
22 82
22 84
22 86
22 87
22 88
22 89
22 91
22 92
22 93
22 104
23 23
23 24
23 25
23 26
23 27
23 30
23 31
23 35
23 50
23 64
23 65
23 67
23 82
23 84
23 85
23 86
23 87
23 88
23 89
23 90
23 91
23 92
23 104
23 110
24 24
24 25
24 26
24 27
24 30
24 31
24 35
24 45
24 48
24 50
24 65
24 67
24 86
24 93
24 102
24 110
25 25
25 26
25 27
25 30
25 31
25 35
25 45
25 65
25 67
25 71
25 90
25 92
26 26
26 27
26 30
26 34
26 35
26 37
26 48
26 50
26 65
26 67
26 68
26 77
26 84
26 85
26 86
26 87
26 93
26 94
26 96
26 97
26 100
26 102
26 104
26 106
26 110
26 115
27 27
27 35
27 43
27 47
27 48
27 49
27 50
27 51
27 54
27 58
27 65
27 66
27 67
27 68
27 86
27 88
27 89
27 93
27 96
27 97
27 100
27 102
27 104
27 106
27 110
28 28
28 29
28 33
28 36
28 60
28 62
28 63
28 72
28 74
28 76
28 78
28 79
28 80
28 81
28 82
28 83
28 113
29 29
29 33
29 36
29 37
29 39
29 41
29 57
29 62
29 63
29 70
29 71
29 72
29 73
29 74
29 75
29 76
29 77
29 78
29 79
29 80
29 81
29 83
30 30
30 31
30 33
30 34
30 35
30 40
30 64
30 65
30 67
30 74
30 78
30 82
30 83
30 85
30 86
31 31
31 33
31 35
31 45
31 64
31 65
31 67
31 71
31 83
31 85
32 32
32 33
32 36
32 56
32 57
32 60
32 61
32 62
32 63
32 66
32 72
32 80
32 81
32 98
32 109
33 33
33 36
33 45
33 60
33 61
33 62
33 63
33 67
33 72
33 78
33 80
33 81
34 34
34 35
34 36
34 50
34 54
34 64
34 65
34 73
34 74
34 76
34 77
34 82
34 84
34 85
34 86
34 87
34 94
34 100
34 102
34 104
34 115
35 35
35 45
35 48
35 50
35 64
35 65
35 67
35 77
35 85
35 86
35 87
35 93
35 96
35 97
35 100
35 102
35 104
35 107
35 110
36 36
36 37
36 38
36 40
36 41
36 55
36 60
36 62
36 63
36 72
36 73
36 74
36 75
36 76
36 78
36 79
36 80
36 81
36 83
36 85
36 95
36 97
36 109
37 37
37 38
37 39
37 40
37 41
37 42
37 43
37 55
37 62
37 68
37 73
37 74
37 76
37 77
37 80
37 81
37 95
37 96
37 97
37 100
37 102
37 104
37 110
37 115
38 38
38 39
38 40
38 41
38 54
38 73
38 74
38 76
38 78
38 82
38 84
38 86
38 87
38 94
38 95
38 96
38 97
38 104
38 108
38 115
39 39
39 40
39 41
39 55
39 81
39 87
39 89
39 94
39 96
39 97
39 104
39 108
39 109
39 110
40 40
40 41
40 54
40 60
40 73
40 76
40 78
40 80
40 82
40 86
40 87
40 94
40 95
40 96
40 104
40 108
40 109
40 110
41 41
41 63
41 68
41 72
41 73
41 74
41 75
41 76
41 78
41 79
41 80
41 81
41 82
41 86
41 87
41 94
41 104
41 108
42 42
42 43
42 44
42 45
42 46
42 47
42 48
42 49
42 51
42 52
42 53
42 55
42 66
42 90
42 95
42 96
42 98
42 99
42 110
42 111
43 43
43 44
43 45
43 46
43 47
43 48
43 49
43 51
43 55
43 67
43 95
43 96
43 97
43 98
43 99
43 110
43 111
44 44
44 45
44 46
44 47
44 48
44 49
44 51
44 52
44 53
44 55
44 58
44 59
44 66
44 90
44 91
44 96
44 98
44 99
44 111
45 45
45 47
45 49
45 51
45 55
45 65
45 67
45 98
45 99
45 102
45 105
45 107
45 110
45 111
46 46
46 47
46 48
46 49
46 51
46 52
46 53
46 55
46 58
46 66
46 89
46 90
46 91
46 92
46 96
46 98
46 99
46 111
47 47
47 48
47 49
47 51
47 55
47 67
47 90
47 95
47 96
47 97
47 98
47 99
47 100
47 109
47 110
47 111
48 48
48 49
48 50
48 51
48 52
48 53
48 54
48 58
48 59
48 65
48 66
48 88
48 89
48 90
48 91
48 93
48 96
48 98
48 99
48 110
49 49
49 51
49 53
49 55
49 59
49 90
49 91
49 96
49 98
49 99
49 101
49 110
49 111
50 50
50 54
50 62
50 65
50 66
50 67
50 84
50 85
50 86
50 95
50 96
50 100
50 104
51 51
51 52
51 53
51 54
51 55
51 58
51 59
51 66
51 90
51 91
51 93
51 98
51 99
51 101
51 110
51 111
52 52
52 53
52 54
52 58
52 59
52 66
52 82
52 84
52 86
52 88
52 89
52 90
52 91
52 93
53 53
53 58
53 59
53 82
53 84
53 89
53 90
53 91
53 92
53 93
53 99
53 111
53 112
53 113
53 114
54 54
54 55
54 56
54 58
54 60
54 66
54 68
54 82
54 86
54 87
54 88
54 89
54 96
54 104
55 55
55 96
55 97
55 98
55 99
55 108
55 109
55 110
55 111
56 56
56 57
56 58
56 59
56 60
56 61
56 62
56 63
56 66
56 68
56 69
56 80
57 57
57 58
57 59
57 63
57 66
57 68
57 69
57 72
57 73
57 74
57 76
57 77
57 79
57 80
57 81
57 106
58 58
58 59
58 60
58 61
58 66
58 68
58 82
58 88
58 89
58 91
58 93
59 59
59 61
59 66
59 68
59 69
59 89
59 90
59 91
59 99
59 106
60 60
60 61
60 62
60 63
60 64
60 72
60 76
61 61
61 63
61 65
61 88
61 92
62 62
62 63
62 72
62 73
62 74
62 76
62 78
62 79
62 80
62 81
63 63
63 70
63 71
63 72
63 73
63 74
63 75
63 76
63 78
63 79
63 80
63 81
63 112
64 64
64 65
64 82
64 84
64 85
64 86
64 87
64 88
64 93
64 94
65 65
65 67
65 85
65 86
65 87
65 88
65 96
65 97
65 100
65 102
65 104
66 66
66 68
66 69
66 89
66 91
66 98
67 67
67 85
67 95
67 97
67 100
67 102
67 106
67 107
67 110
68 68
68 69
68 73
68 76
68 88
68 94
68 95
68 97
68 106
68 108
68 109
69 69
69 103
69 105
69 107
70 70
70 71
70 72
70 73
70 74
70 75
70 76
70 77
70 78
70 79
70 81
70 88
70 89
70 90
70 91
70 93
70 105
71 71
71 72
71 73
71 74
71 75
71 76
71 77
71 78
71 79
71 81
71 112
72 72
72 73
72 74
72 76
72 78
72 79
72 80
72 81
72 83
73 73
73 74
73 75
73 76
73 77
73 79
73 80
73 81
73 82
73 86
73 102
73 104
73 115
74 74
74 75
74 76
74 77
74 78
74 79
74 80
74 81
75 75
75 76
75 77
75 79
76 76
76 77
76 78
76 79
76 80
76 81
77 77
77 79
77 81
77 102
77 104
77 106
77 115
78 78
78 79
78 80
78 81
78 83
79 79
79 80
79 81
79 83
80 80
80 81
80 83
80 85
81 81
81 83
82 82
82 83
82 84
82 85
82 86
82 87
82 88
82 89
82 93
82 94
82 100
82 104
82 113
83 83
83 87
83 111
83 113
84 84
84 85
84 86
84 87
84 88
84 89
84 93
84 94
85 85
85 86
85 87
85 95
85 97
85 100
85 104
86 86
86 87
86 88
86 89
86 93
86 94
86 104
86 106
86 115
87 87
87 88
87 89
87 94
87 96
87 97
87 104
87 108
87 109
87 114
87 115
88 88
88 89
88 92
88 93
89 89
89 90
89 91
89 92
89 93
90 90
90 91
90 92
90 93
90 98
90 99
90 105
90 111
90 112
90 113
91 91
91 92
91 93
91 99
91 105
91 107
91 111
91 112
91 113
92 92
92 93
92 102
92 112
92 113
93 93
93 100
93 101
93 102
93 105
93 107
93 112
93 113
93 115
94 94
94 95
94 96
94 97
94 100
94 104
94 108
94 109
94 110
94 115
95 95
95 96
95 97
95 100
95 104
95 108
95 109
95 110
96 96
96 97
96 98
96 100
96 104
96 108
96 110
97 97
97 98
97 99
97 100
97 103
97 104
97 106
97 107
97 108
97 109
97 110
97 115
98 98
98 99
98 110
98 111
99 99
99 105
99 107
99 110
99 111
99 112
99 113
100 100
100 101
100 102
100 104
100 106
100 113
100 115
101 101
101 102
101 113
101 115
102 102
102 104
102 106
102 107
102 113
102 115
103 103
103 105
103 107
103 108
103 114
103 115
104 104
104 106
104 110
104 113
104 115
105 105
105 107
105 111
105 114
106 106
106 107
106 115
107 107
107 113
107 115
108 108
108 109
108 110
109 109
109 110
109 111
110 110
110 111
111 111
111 112
111 114
112 112
112 113
113 113
113 114
113 115
114 114
115 115
