0 0
0 1
0 7
0 10
0 18
0 19
0 32
0 33
0 56
0 57
0 58
0 59
0 60
0 61
0 63
0 64
0 65
0 66
0 67
1 1
1 3
1 7
1 18
1 19
1 32
1 33
1 56
1 57
1 58
1 59
1 60
1 61
1 63
1 65
1 66
1 68
1 69
2 2
2 4
2 5
2 6
2 7
2 8
2 9
2 13
2 14
2 15
2 18
2 22
2 23
2 26
2 27
2 34
2 48
2 49
2 51
2 67
2 82
2 83
2 86
3 3
3 5
3 7
3 18
3 19
3 22
3 23
3 26
3 27
3 52
3 61
3 65
4 4
4 5
4 8
4 9
4 13
4 14
4 15
4 20
4 21
4 22
4 24
4 25
4 26
4 27
4 29
4 34
4 40
4 41
4 52
4 53
4 54
4 73
4 82
4 83
4 84
4 88
4 89
5 5
5 6
5 8
5 9
5 13
5 14
5 15
5 20
5 21
5 22
5 23
5 24
5 26
5 27
5 29
5 39
5 41
5 48
5 52
5 54
5 73
5 82
5 83
5 84
5 85
5 86
5 88
5 89
6 6
6 7
6 13
6 17
6 22
6 23
6 27
6 62
6 64
6 82
6 86
7 7
7 18
7 19
7 23
7 32
7 33
7 56
7 57
7 59
7 60
7 61
7 65
7 86
8 8
8 9
8 13
8 14
8 15
8 20
8 21
8 24
8 25
8 26
8 27
8 29
8 34
8 41
8 48
8 49
8 51
8 53
8 54
8 59
8 73
8 80
8 82
8 83
8 84
8 85
8 89
9 9
9 13
9 14
9 15
9 20
9 21
9 22
9 24
9 25
9 26
9 27
9 29
9 34
9 41
9 44
9 45
9 48
9 49
9 51
9 53
9 54
9 59
9 73
9 82
9 83
9 84
9 85
9 89
10 10
10 12
10 16
10 18
10 19
10 28
10 30
10 31
10 32
10 33
10 35
10 56
10 60
10 61
10 63
10 65
10 72
10 79
11 11
11 13
11 17
11 29
11 30
11 31
11 42
11 43
11 47
11 71
11 74
11 76
11 77
11 78
11 79
11 80
11 81
11 102
12 12
12 16
12 28
12 35
12 43
12 65
12 67
12 70
12 71
12 72
13 13
13 14
13 15
13 20
13 21
13 22
13 23
13 26
13 27
13 29
13 31
13 34
13 37
13 41
13 44
13 45
13 48
13 49
13 51
13 62
13 71
13 72
13 73
13 74
13 75
13 76
13 77
13 78
13 80
13 82
13 84
14 14
14 15
14 20
14 21
14 22
14 24
14 25
14 26
14 27
14 29
14 34
14 40
14 41
14 53
14 59
14 73
14 80
14 82
14 83
14 84
14 89
15 15
15 20
15 21
15 22
15 24
15 26
15 27
15 29
15 34
15 41
15 73
15 75
15 80
15 82
15 84
15 85
15 89
16 16
16 21
16 28
16 60
16 72
16 78
16 80
16 85
17 17
17 28
17 30
17 31
17 34
17 42
17 43
17 44
17 45
17 47
17 49
17 51
17 55
17 62
17 71
17 72
17 74
17 76
17 77
17 78
17 79
17 81
17 86
17 101
17 102
17 103
18 18
18 19
18 32
18 33
18 56
18 57
18 58
18 59
18 60
18 61
18 63
18 64
18 65
18 66
18 67
18 69
19 19
19 32
19 33
19 56
19 57
19 58
19 59
19 60
19 61
19 63
19 65
19 67
19 69
20 20
20 21
20 24
20 25
20 26
20 27
20 29
20 37
20 40
20 41
20 52
20 53
20 54
20 70
20 73
20 75
20 80
20 82
20 84
20 85
20 88
20 89
21 21
21 24
21 25
21 26
21 27
21 29
21 37
21 38
21 39
21 41
21 52
21 54
21 70
21 71
21 72
21 73
21 74
21 75
21 80
21 82
21 84
21 85
21 87
21 88
21 89
21 111
22 22
22 23
22 26
22 27
22 29
22 30
22 31
22 34
22 44
22 45
22 48
22 49
22 51
22 52
22 53
22 70
22 73
22 74
22 82
22 83
22 86
23 23
23 26
23 27
23 31
23 39
23 52
23 73
23 75
23 82
23 86
24 24
24 25
24 26
24 27
24 36
24 37
24 41
24 44
24 45
24 48
24 49
24 51
24 53
24 54
24 70
24 73
24 80
24 82
24 83
24 84
24 85
24 89
24 111
25 25
25 34
25 35
25 41
25 44
25 45
25 49
25 51
25 75
25 83
25 84
25 85
25 111
26 26
26 27
26 29
26 39
26 41
26 52
26 53
26 54
26 73
26 80
26 82
26 84
26 85
26 88
26 89
27 27
27 29
27 39
27 41
27 52
27 53
27 54
27 73
27 82
27 83
27 84
27 85
27 88
27 89
28 28
28 30
28 31
28 35
28 70
28 71
28 72
28 74
28 76
28 77
28 78
28 79
28 81
29 29
29 34
29 37
29 41
29 44
29 45
29 51
29 70
29 71
29 72
29 73
29 74
29 75
29 76
29 77
29 78
29 80
29 81
29 82
29 84
29 85
29 89
30 30
30 31
30 35
30 37
30 53
30 55
30 70
30 71
30 72
30 73
30 74
30 76
30 77
30 79
30 81
30 109
31 31
31 35
31 55
31 71
31 72
31 74
31 76
31 77
31 78
31 79
31 81
32 32
32 33
32 56
32 57
32 58
32 59
32 60
32 61
32 63
32 64
32 65
32 66
32 69
33 33
33 56
33 57
33 58
33 59
33 60
33 61
33 63
33 64
33 65
33 67
33 69
34 34
34 35
34 44
34 45
34 48
34 49
34 51
34 64
34 74
34 81
34 83
34 94
34 96
34 110
34 111
35 35
35 45
35 47
35 49
35 51
35 67
35 83
35 96
35 98
35 110
35 111
36 36
36 37
36 42
36 44
36 45
36 46
36 47
36 48
36 51
36 54
36 55
36 70
36 72
36 76
36 79
36 80
36 81
36 84
36 85
36 90
36 91
36 92
36 93
36 95
36 96
36 97
36 98
36 99
36 100
36 103
36 105
36 106
36 107
36 108
36 109
36 110
36 111
36 112
36 113
36 114
36 115
37 37
37 40
37 41
37 42
37 44
37 45
37 49
37 51
37 55
37 70
37 71
37 72
37 73
37 74
37 75
37 76
37 77
37 78
37 79
37 80
37 81
37 84
37 85
37 95
37 97
37 109
37 110
37 111
38 38
38 39
38 40
38 54
38 55
38 83
38 87
38 88
38 89
38 97
38 99
38 112
39 39
39 40
39 52
39 55
39 82
39 86
39 87
39 88
39 89
39 97
39 106
39 112
39 114
40 40
40 41
40 82
40 83
40 95
40 111
41 41
41 53
41 54
41 70
41 73
41 75
41 82
41 83
41 84
41 85
41 88
41 89
42 42
42 43
42 44
42 45
42 46
42 47
42 49
42 50
42 51
42 55
42 76
42 77
42 78
42 79
42 80
42 81
42 90
42 91
42 92
42 93
42 99
42 101
42 103
42 113
43 43
43 44
43 45
43 47
43 50
43 51
43 55
43 71
43 76
43 77
43 78
43 79
43 80
43 81
43 110
44 44
44 45
44 46
44 47
44 48
44 49
44 50
44 51
44 62
44 74
44 76
44 79
44 80
44 81
44 83
44 84
44 85
44 90
44 98
44 110
44 111
45 45
45 46
45 47
45 48
45 49
45 50
45 51
45 62
45 70
45 74
45 76
45 77
45 79
45 80
45 81
45 83
45 84
45 85
45 98
45 110
45 111
46 46
46 47
46 48
46 49
46 51
46 52
46 53
46 54
46 55
46 74
46 76
46 81
46 83
46 84
46 89
46 90
46 92
46 96
46 97
46 98
46 109
46 110
46 111
46 112
47 47
47 49
47 51
47 55
47 78
47 79
47 81
47 90
47 91
47 92
47 93
47 96
47 97
47 98
47 102
47 103
47 109
47 110
47 111
47 113
48 48
48 49
48 50
48 51
48 53
48 82
48 83
48 84
48 85
48 90
48 98
48 106
48 110
48 111
49 49
49 50
49 51
49 76
49 81
49 83
49 84
49 90
49 98
49 110
49 111
50 50
50 51
50 62
50 84
50 90
50 91
50 92
50 93
50 101
50 103
50 106
51 51
51 53
51 74
51 76
51 79
51 81
51 83
51 84
51 85
51 90
51 94
51 96
51 98
51 109
51 110
51 111
52 52
52 53
52 54
52 73
52 75
52 82
52 84
52 85
52 88
52 89
52 92
52 105
52 109
52 114
52 115
53 53
53 54
53 73
53 82
53 83
53 84
53 88
53 89
53 96
53 109
54 54
54 55
54 73
54 82
54 84
54 85
54 87
54 88
54 89
54 90
54 91
54 92
54 95
54 97
54 98
54 99
54 100
54 103
54 105
54 106
54 108
54 109
54 111
54 112
54 113
54 114
54 115
55 55
55 76
55 77
55 78
55 79
55 81
55 90
55 91
55 92
55 93
55 94
55 95
55 97
55 99
55 101
55 103
55 105
55 108
55 109
55 111
55 112
55 113
55 115
56 56
56 57
56 58
56 59
56 60
56 61
56 63
56 64
56 65
56 66
56 69
57 57
57 58
57 59
57 60
57 61
57 63
57 65
57 66
57 68
57 69
58 58
58 59
58 60
58 61
58 65
58 66
58 67
58 69
59 59
59 60
59 61
59 65
59 66
59 67
59 68
59 69
59 104
60 60
60 61
60 63
60 64
60 65
60 66
61 61
61 63
61 65
61 66
62 62
62 64
62 78
62 80
62 86
62 100
63 63
63 64
63 65
64 64
64 83
65 65
65 66
65 67
65 69
66 66
66 67
66 68
66 69
66 104
67 67
67 69
68 68
68 69
68 104
68 107
69 69
69 107
70 70
70 71
70 72
70 73
70 74
70 75
70 76
70 77
70 81
70 85
71 71
71 72
71 73
71 74
71 75
71 76
71 77
71 78
71 79
71 81
71 85
72 72
72 73
72 74
72 75
72 76
72 77
72 78
72 79
72 80
72 81
72 85
73 73
73 74
73 75
73 76
73 77
73 80
73 82
73 84
73 85
73 89
74 74
74 75
74 76
74 77
74 78
74 79
74 81
74 84
74 85
74 110
75 75
75 76
75 77
75 84
75 85
75 89
76 76
76 77
76 78
76 79
76 80
76 81
76 91
76 99
76 101
77 77
77 78
77 79
77 80
77 81
78 78
78 79
78 80
78 81
78 101
78 102
78 103
79 79
79 80
79 81
79 91
79 93
79 99
79 102
79 103
79 110
80 80
80 81
80 84
80 85
80 102
80 111
81 81
81 84
81 85
81 99
81 102
81 110
82 82
82 83
82 84
82 88
82 89
83 83
83 87
84 84
84 85
84 88
84 89
84 90
84 92
84 98
84 109
84 110
84 111
84 112
84 115
85 85
85 89
85 91
85 97
85 99
85 109
85 110
85 111
85 112
85 113
86 86
86 88
86 93
86 101
86 106
87 87
87 88
87 89
87 111
87 112
87 113
88 88
88 89
88 92
88 93
88 95
88 97
88 99
88 103
88 105
88 106
88 112
88 113
88 114
88 115
89 89
89 92
89 95
89 97
89 99
89 105
89 106
89 109
89 112
89 114
89 115
90 90
90 91
90 92
90 93
90 97
90 98
90 99
90 100
90 101
90 103
90 105
90 106
90 107
90 112
90 113
90 114
90 115
91 91
91 92
91 93
91 97
91 98
91 99
91 101
91 103
91 105
91 106
91 107
91 108
91 109
91 112
91 113
91 114
91 115
92 92
92 93
92 95
92 97
92 98
92 99
92 100
92 101
92 103
92 105
92 106
92 107
92 109
92 111
92 112
92 113
92 114
92 115
93 93
93 97
93 99
93 101
93 103
93 105
93 106
93 107
93 112
93 113
93 114
93 115
94 94
94 95
94 97
94 98
94 108
94 109
95 95
95 97
95 99
95 100
95 103
95 105
95 108
95 109
95 113
95 114
95 115
96 96
96 97
96 98
96 102
96 104
96 109
96 110
96 111
97 97
97 98
97 99
97 100
97 103
97 105
97 107
97 108
97 109
97 110
97 111
97 112
97 113
97 114
97 115
98 98
98 100
98 103
98 109
98 110
98 111
98 112
98 113
98 115
99 99
99 101
99 103
99 105
99 106
99 108
99 109
99 111
99 112
99 113
99 114
99 115
100 100
100 103
100 106
100 108
100 109
100 110
100 111
100 112
100 113
100 114
100 115
101 101
101 103
101 105
101 106
101 113
101 114
102 102
102 103
102 104
102 110
102 111
102 113
103 103
103 105
103 106
103 107
103 109
103 111
103 112
103 113
103 114
103 115
104 104
104 105
104 115
105 105
105 106
105 107
105 108
105 109
105 112
105 113
105 114
105 115
106 106
106 107
106 113
106 114
106 115
107 107
107 108
107 114
107 115
108 108
108 109
108 113
108 114
108 115
109 109
109 110
109 111
109 112
109 113
109 114
109 115
110 110
110 111
110 112
110 113
111 111
111 112
111 113
112 112
112 113
112 114
112 115
113 113
113 114
113 115
114 114
114 115
115 115
