0 0
0 1
0 10
0 14
0 16
0 18
0 32
0 36
0 56
0 57
0 59
0 68
0 69
0 73
0 74
0 76
0 78
0 79
0 80
0 81
0 83
0 98
1 1
1 10
1 13
1 14
1 15
1 16
1 17
1 28
1 29
1 32
1 36
1 40
1 54
1 55
1 56
1 57
1 59
1 60
1 63
1 68
1 69
1 72
1 73
1 74
1 75
1 76
1 77
1 78
1 79
1 80
1 81
1 83
1 87
1 96
1 97
2 2
2 3
2 4
2 5
2 6
2 7
2 12
2 18
2 19
2 22
2 23
2 26
2 27
2 31
2 34
2 35
2 38
2 44
2 48
2 49
2 50
2 51
2 64
2 65
2 66
2 67
2 91
2 98
3 3
3 4
3 5
3 6
3 7
3 19
3 22
3 23
3 25
3 26
3 30
3 31
3 34
3 35
3 44
3 50
3 64
3 65
3 67
3 92
3 100
3 112
4 4
4 7
4 9
4 23
4 24
4 30
4 31
4 35
4 42
4 43
4 44
4 45
4 46
4 53
4 65
4 90
4 92
4 93
4 95
4 100
4 101
4 103
4 105
4 111
4 112
4 113
5 5
5 6
5 7
5 12
5 15
5 19
5 22
5 23
5 25
5 26
5 27
5 34
5 38
5 44
5 48
5 49
5 50
5 51
5 64
5 66
5 91
5 98
6 6
6 7
6 12
6 18
6 19
6 22
6 23
6 27
6 31
6 34
6 38
6 44
6 48
6 49
6 50
6 64
6 66
6 91
6 98
7 7
7 12
7 18
7 19
7 22
7 23
7 26
7 27
7 31
7 34
7 35
7 48
7 64
7 65
7 66
7 71
7 91
7 98
8 8
8 9
8 20
8 21
8 24
8 30
8 35
8 58
8 59
8 60
8 66
8 107
9 9
9 20
9 21
9 24
9 30
9 35
9 37
9 43
9 45
9 46
9 47
9 53
9 58
9 59
9 65
9 75
9 85
9 90
9 92
9 93
9 95
9 100
9 101
9 103
9 109
9 111
9 112
10 10
10 11
10 12
10 13
10 14
10 16
10 18
10 28
10 29
10 36
10 40
10 54
10 57
10 60
10 61
10 70
10 71
10 72
10 73
10 74
10 75
10 82
10 84
10 86
10 87
10 88
10 98
11 11
11 13
11 20
11 21
11 28
11 29
11 39
11 41
11 68
11 72
11 74
11 75
11 84
11 85
11 86
11 96
11 97
11 108
11 109
12 12
12 13
12 14
12 16
12 18
12 22
12 23
12 27
12 38
12 48
12 49
12 50
12 51
12 52
12 54
12 61
12 64
12 82
12 98
12 113
13 13
13 28
13 29
13 39
13 40
13 41
13 57
13 59
13 61
13 69
13 70
13 71
13 74
13 75
13 109
13 110
14 14
14 15
14 18
14 26
14 27
14 38
14 40
14 54
14 61
14 68
14 69
14 82
14 84
14 88
14 114
15 15
15 16
15 28
15 29
15 38
15 40
15 49
15 57
15 60
15 61
15 68
15 69
15 72
15 83
15 87
15 98
16 16
16 17
16 28
16 29
16 32
16 36
16 40
16 42
16 56
16 57
16 60
16 61
16 62
16 63
16 72
16 73
16 74
16 75
16 76
16 79
16 80
16 81
16 83
16 87
16 97
16 98
16 99
17 17
17 28
17 29
17 36
17 42
17 43
17 46
17 47
17 56
17 57
17 61
17 62
17 63
17 72
17 73
17 74
17 78
17 79
17 80
17 81
17 83
17 90
17 91
17 97
17 98
17 99
17 100
17 102
17 111
18 18
18 19
18 32
18 33
18 83
19 19
19 22
19 23
19 26
19 61
19 69
19 70
20 20
20 21
20 24
20 30
20 37
20 39
20 40
20 41
20 43
20 71
20 74
20 75
20 77
20 84
20 85
20 86
20 94
20 95
20 96
20 101
20 103
20 109
20 110
20 112
21 21
21 24
21 30
21 39
21 41
21 46
21 53
21 59
21 65
21 71
21 86
21 92
21 101
21 103
21 104
21 109
21 110
21 112
21 115
22 22
22 23
22 25
22 26
22 27
22 31
22 34
22 35
22 48
22 50
22 51
22 64
22 65
22 70
22 82
22 88
22 91
22 113
23 23
23 25
23 26
23 27
23 30
23 31
23 34
23 35
23 48
23 50
23 51
23 64
23 65
23 70
23 92
23 100
23 113
24 24
24 25
24 30
24 37
24 39
24 41
24 53
24 58
24 59
24 67
24 85
24 86
24 89
24 90
24 93
24 94
24 95
24 96
24 101
24 103
24 105
24 109
24 110
24 112
24 115
25 25
25 26
25 27
25 30
25 31
25 34
25 38
25 50
25 51
25 64
25 66
25 94
25 106
25 113
25 114
26 26
26 27
26 34
26 38
26 50
26 51
26 64
26 65
26 66
26 67
26 69
26 70
26 71
26 106
27 27
27 31
27 34
27 38
27 48
27 50
27 51
27 54
27 64
27 65
27 66
27 70
27 71
27 94
27 97
27 98
27 113
28 28
28 29
28 36
28 37
28 40
28 60
28 61
28 62
28 63
28 72
28 73
28 74
28 75
28 77
28 79
28 80
28 81
28 83
28 97
29 29
29 36
29 37
29 40
29 43
29 47
29 56
29 57
29 60
29 61
29 62
29 63
29 72
29 73
29 74
29 75
29 76
29 79
29 80
29 81
29 83
29 97
29 99
29 111
30 30
30 31
30 40
30 43
30 47
30 50
30 53
30 65
30 85
30 95
30 106
30 110
31 31
31 33
31 34
31 50
31 51
31 64
31 65
31 71
31 82
31 85
31 94
31 113
31 114
32 32
32 33
32 50
32 56
32 57
32 60
32 62
32 63
32 68
32 69
32 72
32 76
32 78
32 79
32 80
32 81
32 87
33 33
33 34
33 35
33 40
33 64
33 65
33 66
33 67
33 82
33 84
33 86
34 34
34 35
34 44
34 45
34 48
34 64
34 65
34 66
34 67
34 77
34 84
35 35
35 44
35 45
35 48
35 58
35 64
35 65
35 66
35 67
35 71
35 82
35 86
35 88
35 105
35 115
36 36
36 37
36 39
36 40
36 41
36 56
36 57
36 60
36 62
36 63
36 68
36 72
36 73
36 74
36 75
36 76
36 77
36 78
36 79
36 80
36 81
36 83
36 84
36 87
36 96
36 97
36 109
36 114
37 37
37 39
37 40
37 41
37 43
37 45
37 47
37 74
37 75
37 76
37 77
37 86
37 87
37 89
37 90
37 94
37 95
37 96
37 101
37 103
37 106
37 108
37 109
37 110
37 112
38 38
38 40
38 48
38 50
38 54
38 60
38 69
38 82
38 94
39 39
39 40
39 41
39 52
39 55
39 71
39 74
39 75
39 77
39 82
39 86
39 87
39 88
39 89
39 94
39 95
39 96
39 97
39 101
39 103
39 108
39 109
39 110
39 112
40 40
40 41
40 57
40 60
40 61
40 63
40 69
40 72
40 73
40 74
40 75
40 76
40 77
40 80
40 82
40 83
40 84
40 85
40 86
40 87
40 114
41 41
41 57
41 74
41 75
41 77
41 82
41 84
41 86
41 87
41 88
41 89
41 94
41 95
41 96
41 97
41 101
41 103
41 109
41 110
42 42
42 43
42 44
42 45
42 46
42 47
42 51
42 53
42 55
42 91
42 92
42 93
42 98
42 99
42 100
42 106
42 110
42 111
42 112
42 113
43 43
43 44
43 45
43 46
43 47
43 51
43 53
43 55
43 81
43 90
43 93
43 96
43 99
43 100
43 101
43 103
43 106
43 109
43 110
43 111
43 112
44 44
44 45
44 46
44 47
44 48
44 49
44 51
44 64
44 67
44 91
44 92
44 100
44 102
44 111
44 115
45 45
45 46
45 47
45 49
45 53
45 64
45 65
45 67
45 86
45 90
45 92
45 93
45 100
45 101
45 102
45 103
45 104
45 105
45 110
45 111
45 112
45 115
46 46
46 47
46 53
46 55
46 81
46 90
46 92
46 93
46 99
46 100
46 101
46 103
46 109
46 111
46 112
47 47
47 49
47 51
47 53
47 55
47 62
47 79
47 81
47 90
47 96
47 99
47 100
47 106
47 109
47 110
47 111
47 112
48 48
48 49
48 50
48 51
48 64
48 65
48 66
48 67
48 91
48 115
49 49
49 51
49 52
49 61
49 83
49 91
49 98
50 50
50 51
50 64
50 66
50 67
50 96
51 51
51 53
51 54
51 82
51 86
51 113
52 52
52 54
52 60
52 83
52 87
52 89
52 90
52 91
52 93
52 98
52 99
53 53
53 90
53 100
53 110
53 111
53 112
53 113
54 54
54 57
54 60
54 68
54 69
54 71
54 88
54 98
55 55
55 56
55 57
55 78
55 94
55 96
55 97
55 99
55 109
55 112
56 56
56 57
56 59
56 60
56 62
56 63
56 68
56 69
56 72
56 73
56 74
56 75
56 76
56 78
56 79
56 80
56 81
56 83
56 87
56 96
56 97
56 98
56 99
57 57
57 59
57 60
57 63
57 68
57 69
57 72
57 73
57 74
57 75
57 76
57 78
57 79
57 80
57 81
57 83
57 87
57 96
57 97
57 99
57 109
58 58
58 59
58 60
58 66
58 89
58 93
58 103
58 107
58 109
58 115
59 59
59 63
59 66
59 70
59 103
59 104
59 112
60 60
60 62
60 63
60 68
60 72
60 76
60 78
60 79
60 83
60 87
61 61
61 72
61 83
62 62
62 63
62 72
62 76
62 78
62 79
62 80
62 81
62 83
62 90
62 91
62 93
62 99
62 100
62 101
62 102
62 111
63 63
63 72
63 76
63 78
63 79
63 80
63 81
63 83
63 99
63 102
63 111
64 64
64 65
64 66
64 67
64 82
64 84
64 85
64 92
64 113
65 65
65 66
65 67
65 71
65 82
65 84
65 85
65 86
65 88
65 92
65 105
65 110
66 66
66 67
67 67
67 85
67 104
67 105
67 110
67 115
68 68
68 69
68 73
68 74
68 75
68 76
68 78
68 79
68 80
68 81
68 96
68 97
68 99
69 69
69 74
69 75
69 78
69 79
69 80
69 87
69 94
70 70
70 71
70 73
70 74
70 75
70 77
70 113
71 71
71 82
71 88
71 92
71 104
72 72
72 73
72 74
72 75
72 76
72 77
72 78
72 79
72 80
72 81
72 83
72 97
72 98
73 73
73 74
73 75
73 76
73 77
73 80
73 81
73 84
73 97
73 114
74 74
74 75
74 76
74 77
74 80
74 81
74 84
74 85
74 97
74 109
74 114
75 75
75 76
75 77
75 80
75 81
75 84
75 85
75 97
75 106
75 109
75 114
76 76
76 77
76 78
76 79
76 80
76 81
76 83
76 96
76 97
76 106
76 109
76 114
77 77
77 80
77 94
77 96
77 97
77 109
77 114
78 78
78 79
78 80
78 81
78 83
78 94
78 96
78 97
78 99
78 109
78 114
79 79
79 80
79 81
79 83
79 97
79 99
79 102
80 80
80 81
80 83
80 97
80 99
80 114
81 81
81 83
81 90
81 97
81 99
81 111
82 82
82 83
82 84
82 86
82 87
82 88
82 89
83 83
83 87
83 97
83 98
84 84
84 85
84 86
84 87
84 88
84 89
84 114
85 85
85 86
85 89
85 95
85 106
85 110
85 114
86 86
86 87
86 88
86 89
86 101
86 103
86 104
86 105
86 110
86 115
87 87
87 89
87 98
88 88
88 89
88 93
89 89
89 92
89 93
89 101
89 103
89 109
89 112
89 113
90 90
90 92
90 93
90 99
90 100
90 101
90 102
90 103
90 104
90 109
90 111
90 112
91 91
91 92
91 93
91 98
91 99
91 100
91 111
91 113
91 115
92 92
92 93
92 95
92 100
92 101
92 102
92 103
92 104
92 105
92 107
92 110
92 111
92 112
92 113
92 115
93 93
93 99
93 100
93 101
93 102
93 103
93 104
93 105
93 107
93 109
93 111
93 112
93 113
93 115
94 94
94 95
94 96
94 97
94 106
94 108
94 110
95 95
95 96
95 97
95 100
95 101
95 106
95 108
95 109
95 110
95 111
95 112
95 113
95 115
96 96
96 97
96 106
96 108
96 109
97 97
97 99
97 109
97 111
97 114
98 98
98 99
99 99
99 100
99 101
99 102
99 103
99 109
99 111
99 112
100 100
100 101
100 102
100 103
100 105
100 106
100 108
100 109
100 111
100 112
100 113
101 101
101 102
101 103
101 104
101 105
101 107
101 108
101 109
101 110
101 111
101 112
101 115
102 102
102 103
102 104
102 105
102 107
102 108
102 110
102 115
103 103
103 104
103 105
103 107
103 109
103 110
103 111
103 112
103 115
104 104
104 105
104 107
104 110
104 115
105 105
105 107
105 110
105 115
106 106
106 110
107 107
107 108
107 115
108 108
108 110
109 109
109 111
109 112
109 114
110 110
110 115
111 111
111 112
111 113
112 112
113 113
113 114
114 114
115 115
