0 0
0 1
0 12
0 13
0 14
0 18
0 50
0 58
0 60
0 61
0 63
1 1
1 11
1 12
1 13
1 57
1 58
1 60
1 61
1 63
1 68
2 2
2 3
2 4
2 5
2 6
2 7
2 18
2 21
2 22
2 23
2 26
2 27
2 50
2 64
2 69
2 83
2 88
2 92
2 93
2 101
2 107
3 3
3 7
3 18
3 19
3 22
3 23
3 31
3 35
3 69
3 83
3 87
3 88
3 89
3 107
3 110
3 114
4 4
4 5
4 6
4 8
4 9
4 14
4 15
4 24
4 25
4 26
4 27
4 60
4 64
4 92
4 93
4 101
4 103
4 115
5 5
5 6
5 7
5 8
5 9
5 15
5 21
5 22
5 23
5 24
5 25
5 26
5 27
5 35
5 64
5 69
5 82
5 100
5 102
5 103
5 104
5 105
6 6
6 7
6 12
6 14
6 21
6 22
6 23
6 26
6 27
6 34
6 48
6 50
6 64
6 83
6 88
6 92
6 93
6 101
6 106
6 107
7 7
7 22
7 23
7 26
7 27
7 35
7 64
7 65
7 69
7 83
7 88
7 92
7 104
7 107
8 8
8 9
8 14
8 15
8 24
8 25
8 26
8 34
8 35
8 48
8 52
8 59
8 60
8 64
8 65
8 66
8 92
8 93
8 95
8 108
8 115
9 9
9 14
9 15
9 24
9 25
9 26
9 27
9 34
9 35
9 70
9 71
9 92
10 10
10 11
10 12
10 13
10 16
10 17
10 28
10 29
10 30
10 31
10 32
10 33
10 41
10 62
10 63
10 71
10 72
10 73
10 74
10 75
10 76
10 82
10 83
10 84
10 111
11 11
11 12
11 13
11 17
11 28
11 30
11 31
11 34
11 35
11 60
11 61
11 64
11 65
11 71
11 77
11 100
11 113
12 12
12 13
12 14
12 16
12 17
12 18
12 22
12 23
12 28
12 30
12 32
12 33
12 41
12 60
12 61
12 62
12 63
12 64
12 65
12 73
12 75
12 77
13 13
13 17
13 28
13 29
13 30
13 32
13 33
13 41
13 60
13 61
13 63
13 65
13 71
13 73
13 74
13 75
13 76
13 77
13 109
14 14
14 15
14 26
14 48
14 60
14 61
14 64
14 88
14 92
14 93
15 15
15 24
15 26
15 27
15 34
15 35
15 48
15 60
15 61
15 64
15 65
15 70
15 71
15 92
16 16
16 17
16 18
16 19
16 28
16 29
16 30
16 32
16 33
16 36
16 37
16 40
16 56
16 57
16 62
16 63
16 72
16 73
16 74
16 75
16 76
16 78
16 79
16 80
16 81
16 84
16 85
16 110
16 111
17 17
17 19
17 28
17 29
17 30
17 31
17 32
17 33
17 36
17 37
17 40
17 41
17 56
17 57
17 62
17 63
17 71
17 72
17 73
17 74
17 76
17 77
17 78
17 79
17 80
17 81
17 84
17 85
17 110
17 111
18 18
18 19
18 22
18 23
18 32
18 62
18 69
18 75
18 82
18 83
18 84
18 110
18 114
19 19
19 23
19 29
19 30
19 31
19 32
19 33
19 36
19 41
19 56
19 57
19 62
19 63
19 68
19 69
19 72
19 73
19 76
19 80
19 81
19 82
19 84
19 99
19 109
19 110
19 111
19 112
20 20
20 23
20 26
20 27
20 30
20 33
20 38
20 41
20 64
20 75
20 82
20 84
20 87
20 100
20 108
20 110
21 21
21 26
21 27
21 41
21 44
21 48
21 49
21 83
21 106
21 107
22 22
22 23
22 26
22 27
22 60
22 64
22 69
22 75
22 82
22 83
22 86
22 88
22 93
22 101
22 106
22 107
23 23
23 25
23 27
23 30
23 31
23 35
23 64
23 69
23 82
23 83
23 84
23 85
23 87
23 88
23 110
23 114
24 24
24 25
24 26
24 27
24 33
24 34
24 35
24 40
24 67
24 70
24 71
24 102
24 103
24 111
25 25
25 29
25 30
25 31
25 33
25 34
25 35
25 38
25 40
25 67
25 70
25 71
25 72
25 78
25 79
25 85
25 110
25 111
26 26
26 27
26 33
26 64
26 75
26 100
26 102
26 103
26 104
26 105
27 27
27 34
27 50
27 64
27 67
27 69
27 88
27 100
27 101
27 102
27 103
27 104
27 105
27 106
27 107
27 110
28 28
28 29
28 30
28 31
28 32
28 33
28 36
28 37
28 40
28 41
28 56
28 57
28 62
28 63
28 72
28 73
28 74
28 76
28 78
28 79
28 80
28 81
28 82
28 83
28 84
28 85
28 95
28 98
28 99
28 111
29 29
29 30
29 31
29 32
29 33
29 36
29 37
29 38
29 40
29 41
29 42
29 46
29 55
29 56
29 57
29 62
29 63
29 70
29 71
29 72
29 73
29 74
29 75
29 76
29 77
29 78
29 79
29 80
29 81
29 84
29 85
29 96
29 98
29 99
29 111
29 112
30 30
30 31
30 32
30 33
30 36
30 38
30 40
30 41
30 56
30 62
30 63
30 71
30 72
30 73
30 75
30 78
30 79
30 80
30 82
30 83
30 84
30 85
30 100
30 102
30 103
30 105
30 110
31 31
31 32
31 33
31 36
31 38
31 40
31 41
31 62
31 71
31 72
31 73
31 75
31 76
31 78
31 79
31 80
31 82
31 83
31 84
31 85
31 100
31 110
32 32
32 33
32 36
32 37
32 40
32 41
32 57
32 62
32 63
32 68
32 72
32 73
32 74
32 75
32 76
32 78
32 79
32 80
32 81
32 82
32 84
32 111
33 33
33 40
33 41
33 62
33 63
33 72
33 73
33 74
33 75
33 76
33 78
33 79
33 80
33 82
33 83
33 84
34 34
34 35
34 64
34 67
34 77
34 88
34 113
35 35
35 45
35 64
35 65
35 67
35 77
35 92
35 113
36 36
36 37
36 38
36 40
36 41
36 46
36 47
36 53
36 55
36 56
36 57
36 62
36 63
36 68
36 70
36 71
36 72
36 73
36 74
36 76
36 78
36 79
36 80
36 81
36 82
36 84
36 85
36 95
36 96
36 97
36 98
36 99
36 108
36 111
37 37
37 38
37 40
37 41
37 46
37 47
37 55
37 57
37 68
37 72
37 73
37 74
37 76
37 77
37 78
37 79
37 80
37 81
37 84
37 85
37 95
37 96
37 97
37 98
37 99
37 111
38 38
38 39
38 40
38 41
38 54
38 55
38 56
38 70
38 71
38 72
38 76
38 77
38 78
38 79
38 81
38 85
38 96
38 98
38 99
39 39
39 46
39 47
39 51
39 54
39 55
39 56
39 59
39 86
39 87
39 88
39 89
39 95
39 96
39 97
39 99
39 106
39 107
39 109
39 113
40 40
40 41
40 46
40 56
40 57
40 62
40 63
40 70
40 71
40 72
40 73
40 74
40 76
40 78
40 79
40 80
40 81
40 82
40 84
40 85
40 95
40 96
40 97
40 98
40 99
40 108
40 111
41 41
41 62
41 63
41 71
41 72
41 73
41 74
41 75
41 76
41 77
41 78
41 79
41 80
41 81
41 83
41 96
42 42
42 43
42 44
42 45
42 46
42 47
42 48
42 49
42 50
42 51
42 55
42 71
42 73
42 74
42 76
42 77
42 96
42 97
42 98
42 111
43 43
43 44
43 45
43 46
43 47
43 48
43 49
43 50
43 51
43 54
43 55
43 66
43 67
43 76
43 77
43 96
43 97
43 98
43 111
44 44
44 45
44 46
44 47
44 48
44 49
44 51
44 55
44 96
44 97
44 98
44 99
44 108
44 112
45 45
45 46
45 47
45 48
45 49
45 51
45 55
45 67
45 95
45 96
45 97
45 98
45 99
45 108
45 112
46 46
46 47
46 48
46 49
46 51
46 53
46 54
46 55
46 57
46 70
46 71
46 73
46 74
46 76
46 79
46 81
46 95
46 96
46 97
46 98
46 99
46 111
46 112
47 47
47 48
47 49
47 51
47 52
47 53
47 54
47 55
47 57
47 59
47 68
47 76
47 79
47 80
47 81
47 90
47 91
47 95
47 96
47 97
47 98
47 99
47 111
47 112
48 48
48 49
48 50
48 51
48 53
48 54
48 55
48 58
48 59
48 86
48 90
48 91
48 93
48 106
49 49
49 50
49 51
49 53
49 54
49 55
49 68
49 90
49 91
49 97
49 98
49 99
49 112
50 50
50 51
50 52
50 53
50 58
50 66
51 51
51 52
51 53
51 54
51 55
51 58
51 59
51 90
51 91
51 96
51 97
51 98
51 99
52 52
52 53
52 54
52 58
52 59
52 90
52 91
52 94
52 95
52 97
52 98
52 99
52 108
53 53
53 54
53 55
53 56
53 79
53 90
53 91
53 94
53 96
53 97
53 98
53 99
53 108
53 111
54 54
54 55
54 86
54 88
54 89
54 96
54 97
54 98
54 99
54 113
55 55
55 57
55 76
55 78
55 79
55 81
55 89
55 96
55 97
55 98
55 99
55 111
55 113
56 56
56 57
56 62
56 63
56 68
56 72
56 78
56 79
56 80
56 81
56 95
56 97
56 98
56 99
56 102
56 103
56 104
56 108
56 112
57 57
57 63
57 68
57 72
57 73
57 74
57 76
57 78
57 79
57 80
57 81
57 95
57 97
57 98
57 99
57 108
57 111
57 112
58 58
58 59
58 60
58 61
58 66
58 67
58 86
58 88
58 89
58 90
58 91
58 93
58 101
58 103
59 59
59 61
59 66
59 67
59 86
59 89
59 90
59 91
59 95
59 109
60 60
60 61
60 63
60 64
60 65
60 88
60 92
60 100
60 101
60 102
60 103
61 61
61 63
61 65
61 92
62 62
62 63
62 72
62 73
62 74
62 75
62 76
62 78
62 79
62 80
62 81
62 82
62 84
62 85
63 63
63 72
63 73
63 74
63 76
63 78
63 79
63 80
63 81
63 82
63 84
64 64
64 65
64 86
64 88
64 92
64 93
64 100
64 101
64 106
64 107
64 113
65 65
65 88
65 89
65 92
65 100
66 66
66 67
66 86
66 88
66 89
66 90
66 91
66 93
67 67
67 110
68 68
68 69
68 76
68 80
68 81
68 94
68 95
68 97
68 99
68 104
68 105
68 110
68 111
68 112
69 69
69 82
69 83
69 87
69 91
69 104
69 110
70 70
70 71
70 72
70 73
70 74
70 76
70 77
70 111
71 71
71 72
71 73
71 74
71 76
71 77
71 78
71 79
71 96
71 98
71 111
72 72
72 73
72 74
72 75
72 76
72 78
72 79
72 80
72 81
72 84
72 85
72 98
72 111
73 73
73 74
73 75
73 76
73 77
73 78
73 79
73 80
73 81
73 96
73 98
73 111
74 74
74 75
74 76
74 77
74 78
74 79
74 80
74 81
74 96
74 110
74 111
75 75
75 76
75 77
75 100
75 107
75 113
76 76
76 77
76 78
76 79
76 80
76 81
76 85
76 96
76 97
76 98
76 99
76 111
77 77
77 109
77 110
77 113
77 114
78 78
78 79
78 80
78 81
78 84
78 85
78 95
78 97
78 98
78 99
78 108
78 111
79 79
79 80
79 81
79 84
79 85
79 96
79 97
79 98
79 99
79 111
80 80
80 81
80 82
80 84
80 85
80 87
80 95
80 97
80 98
80 99
80 108
80 111
80 112
81 81
81 84
81 85
81 95
81 97
81 98
81 99
81 111
81 112
82 82
82 83
82 84
83 83
83 84
83 85
83 87
84 84
84 85
84 110
84 114
85 85
85 87
85 96
85 110
86 86
86 87
86 88
86 89
86 90
86 91
86 92
86 93
86 101
86 107
86 113
87 87
87 89
87 90
87 96
87 107
87 110
87 112
87 113
88 88
88 89
88 90
88 91
88 92
88 93
88 101
88 106
88 107
88 113
89 89
89 92
89 93
89 106
89 107
89 113
90 90
90 91
90 92
90 93
90 94
90 98
90 99
90 108
91 91
91 92
91 93
91 95
91 99
91 112
92 92
92 93
92 100
92 101
92 104
92 106
92 107
92 113
93 93
93 100
93 101
93 106
93 107
93 113
94 94
94 95
94 97
94 98
94 99
94 106
94 108
94 111
94 114
94 115
95 95
95 97
95 98
95 99
95 108
95 109
95 111
95 112
95 115
96 96
96 97
96 98
96 99
96 111
96 112
97 97
97 98
97 99
97 108
97 109
97 111
97 112
98 98
98 99
98 108
98 111
98 112
99 99
99 108
99 111
99 112
100 100
100 101
100 102
100 103
100 104
100 105
100 106
100 107
101 101
101 102
101 103
101 104
101 105
101 106
101 107
101 115
102 102
102 103
102 104
102 105
102 106
103 103
103 104
103 105
103 106
104 104
104 105
104 106
104 110
105 105
105 106
106 106
106 107
106 113
107 107
107 113
107 114
108 108
108 112
109 109
109 112
109 115
110 110
110 111
110 112
111 111
111 112
112 112
113 113
113 114
114 114
114 115
115 115
