0 0
0 1
0 8
0 10
0 11
0 12
0 13
0 14
0 15
0 17
0 28
0 58
0 60
0 61
0 72
0 101
0 102
0 103
1 1
1 11
1 17
1 32
1 53
1 56
1 57
1 61
1 68
1 69
1 78
1 79
1 81
2 2
2 4
2 5
2 6
2 7
2 8
2 14
2 20
2 22
2 23
2 24
2 25
2 26
2 27
2 30
2 31
2 35
2 48
2 64
2 70
2 84
2 88
2 90
2 91
2 92
2 93
2 101
2 108
2 109
2 114
3 3
3 6
3 7
3 23
3 31
3 64
3 67
3 71
3 83
3 85
3 87
3 88
3 92
3 113
4 4
4 5
4 6
4 7
4 8
4 9
4 12
4 14
4 15
4 19
4 20
4 23
4 26
4 64
4 70
4 83
4 84
4 91
4 93
4 101
4 109
5 5
5 20
5 22
5 23
5 24
5 25
5 26
5 27
5 30
5 31
5 35
5 39
5 42
5 43
5 44
5 45
5 46
5 49
5 50
5 67
5 84
5 86
5 91
5 96
5 98
5 110
5 112
5 114
6 6
6 7
6 8
6 9
6 11
6 12
6 13
6 15
6 28
6 29
6 64
6 65
6 70
6 72
6 73
6 76
6 83
6 90
6 91
6 92
6 93
6 100
6 101
6 102
6 103
6 109
6 114
7 7
7 8
7 9
7 11
7 12
7 13
7 15
7 21
7 29
7 35
7 61
7 64
7 65
7 70
7 75
7 83
7 88
7 90
7 92
7 114
8 8
8 9
8 11
8 12
8 13
8 14
8 15
8 21
8 28
8 29
8 61
8 64
8 65
8 70
8 75
8 83
8 88
8 91
8 92
8 93
8 109
8 114
9 9
9 11
9 13
9 14
9 15
9 21
9 29
9 33
9 35
9 39
9 64
9 65
9 70
9 71
9 75
9 77
9 83
9 88
9 92
9 93
9 95
9 109
9 112
9 114
10 10
10 17
10 18
10 19
10 22
10 28
10 62
10 82
10 84
10 86
10 89
10 91
10 98
10 101
10 102
10 103
10 106
11 11
11 12
11 13
11 14
11 15
11 28
11 29
11 61
11 64
11 65
11 72
11 75
11 76
11 83
11 92
11 93
11 95
11 100
11 113
11 114
11 115
12 12
12 13
12 14
12 15
12 17
12 28
12 52
12 54
12 60
12 61
12 62
12 63
12 72
12 89
12 102
13 13
13 15
13 17
13 28
13 29
13 36
13 52
13 54
13 60
13 61
13 62
13 63
13 65
13 72
13 73
13 75
13 76
13 77
13 90
13 92
13 100
13 102
13 105
13 115
14 14
14 15
14 22
14 23
14 24
14 26
14 64
14 82
14 83
14 84
14 86
14 87
14 88
15 15
15 21
15 28
15 29
15 33
15 60
15 61
15 64
15 65
15 75
15 83
15 88
15 92
15 114
16 16
16 17
16 28
16 29
16 32
16 36
16 56
16 57
16 60
16 62
16 63
16 68
16 69
16 72
16 74
16 76
16 78
16 79
16 80
16 81
17 17
17 28
17 29
17 32
17 36
17 56
17 57
17 60
17 62
17 63
17 68
17 72
17 74
17 78
17 79
17 80
17 81
17 102
18 18
18 19
18 22
18 23
18 30
18 31
18 82
18 83
18 84
18 86
18 91
18 94
18 101
18 103
19 19
19 23
19 30
19 31
19 64
19 82
19 83
19 91
19 94
19 101
19 103
19 109
20 20
20 21
20 22
20 23
20 24
20 25
20 26
20 27
20 30
20 31
20 35
20 44
20 45
20 48
20 64
20 67
20 70
20 71
20 84
20 87
20 91
20 108
20 109
20 114
21 21
21 23
21 25
21 27
21 29
21 30
21 31
21 33
21 35
21 38
21 65
21 67
21 70
21 71
21 75
21 77
21 105
21 109
21 114
21 115
22 22
22 23
22 24
22 25
22 26
22 27
22 30
22 31
22 38
22 42
22 43
22 44
22 45
22 46
22 48
22 50
22 67
22 82
22 84
22 86
22 88
22 91
22 96
22 108
22 110
23 23
23 24
23 25
23 26
23 27
23 30
23 31
23 35
23 38
23 45
23 64
23 67
23 71
23 82
23 83
23 84
23 86
23 87
23 88
23 91
23 106
24 24
24 25
24 26
24 27
24 35
24 42
24 43
24 44
24 45
24 46
24 47
24 48
24 49
24 50
24 67
24 84
24 88
24 96
24 98
24 110
24 113
25 25
25 26
25 27
25 30
25 31
25 35
25 38
25 42
25 43
25 44
25 45
25 46
25 47
25 48
25 49
25 50
25 67
25 71
25 77
25 88
25 91
25 96
25 108
25 110
25 114
26 26
26 27
26 30
26 31
26 34
26 35
26 39
26 42
26 43
26 44
26 45
26 46
26 47
26 48
26 49
26 50
26 67
26 70
26 71
26 84
26 91
26 96
26 98
26 106
26 108
26 110
27 27
27 31
27 34
27 35
27 42
27 43
27 44
27 45
27 46
27 47
27 48
27 49
27 50
27 67
27 84
27 88
27 96
27 108
27 110
28 28
28 29
28 32
28 36
28 40
28 54
28 60
28 61
28 62
28 63
28 72
28 73
28 74
28 76
28 79
28 80
28 81
28 83
28 94
28 100
28 101
28 105
29 29
29 32
29 33
29 36
29 61
29 62
29 63
29 65
29 70
29 72
29 73
29 74
29 75
29 76
29 77
29 78
29 79
29 80
29 81
29 94
29 95
29 100
29 105
29 109
29 114
29 115
30 30
30 31
30 33
30 35
30 38
30 40
30 45
30 46
30 64
30 67
30 71
30 82
30 83
30 95
30 108
30 109
30 114
31 31
31 33
31 34
31 35
31 40
31 45
31 67
31 71
31 77
31 83
31 91
31 106
31 108
31 114
32 32
32 33
32 40
32 56
32 57
32 60
32 62
32 63
32 66
32 68
32 69
32 72
32 78
32 79
32 80
32 81
33 33
33 34
33 35
33 49
33 68
33 69
33 75
33 77
33 78
34 34
34 35
34 42
34 44
34 45
34 49
34 67
34 71
34 77
34 96
35 35
35 37
35 38
35 45
35 48
35 49
35 65
35 67
35 70
35 71
35 75
35 77
35 90
35 92
35 93
35 95
35 96
35 100
35 105
35 108
35 109
35 110
35 114
36 36
36 37
36 38
36 40
36 41
36 54
36 62
36 63
36 70
36 71
36 72
36 73
36 74
36 75
36 76
36 77
36 79
36 80
36 81
36 90
36 92
36 94
36 95
36 100
36 105
36 106
36 109
36 115
37 37
37 38
37 39
37 40
37 41
37 42
37 43
37 47
37 54
37 55
37 71
37 73
37 74
37 75
37 76
37 77
37 90
37 92
37 93
37 94
37 95
37 96
37 97
37 98
37 99
37 100
37 104
37 105
37 108
37 110
37 111
37 113
38 38
38 40
38 41
38 54
38 67
38 71
38 77
38 82
38 90
38 91
38 92
38 93
38 94
38 95
38 96
38 97
38 103
38 105
38 109
38 110
38 113
38 115
39 39
39 40
39 55
39 75
39 77
39 91
39 93
39 96
39 98
39 99
39 107
39 108
39 110
39 111
39 112
39 113
39 114
40 40
40 41
40 72
40 74
40 76
40 82
40 83
40 95
40 106
41 41
41 54
41 71
41 73
41 74
41 75
41 76
41 77
41 82
41 87
41 90
41 94
41 95
41 96
41 97
41 100
41 105
41 106
41 110
41 113
42 42
42 43
42 44
42 45
42 46
42 47
42 48
42 49
42 50
42 51
42 53
42 55
42 77
42 96
42 98
42 99
42 104
42 110
43 43
43 44
43 45
43 46
43 47
43 48
43 49
43 50
43 51
43 55
43 67
43 77
43 96
43 98
43 99
43 104
43 108
43 110
44 44
44 45
44 46
44 47
44 48
44 49
44 50
44 51
44 55
44 66
44 67
44 96
44 98
44 99
44 110
45 45
45 46
45 47
45 48
45 49
45 50
45 51
45 55
45 66
45 67
45 96
45 97
45 98
45 99
45 110
45 111
46 46
46 47
46 48
46 49
46 50
46 51
46 52
46 53
46 55
46 66
46 82
46 96
46 98
46 99
46 110
47 47
47 48
47 49
47 50
47 51
47 53
47 55
47 66
47 69
47 96
47 97
47 98
47 99
47 110
47 111
48 48
48 49
48 50
48 51
48 52
48 54
48 65
48 70
48 73
48 77
48 91
48 96
48 98
48 99
48 104
48 105
48 107
48 108
48 110
48 114
49 49
49 50
49 51
49 53
49 55
49 67
49 69
49 77
49 96
49 98
49 99
49 110
49 111
50 50
50 51
50 55
50 59
50 66
50 67
50 104
50 110
51 51
51 52
51 53
51 54
51 55
51 74
51 98
51 99
51 104
51 107
51 110
52 52
52 53
52 54
52 61
52 73
52 74
52 76
52 86
52 87
53 53
53 55
53 68
53 69
53 98
53 107
54 54
54 61
54 72
54 73
54 75
54 76
54 77
54 90
54 93
54 96
54 98
54 100
54 104
54 105
54 110
55 55
55 59
55 66
55 69
55 89
55 96
55 98
55 99
55 104
55 107
55 110
55 111
56 56
56 57
56 59
56 62
56 63
56 66
56 68
56 69
56 78
56 79
56 80
56 81
56 85
57 57
57 59
57 60
57 62
57 63
57 66
57 68
57 69
57 78
57 79
57 80
57 81
57 85
57 89
58 58
58 60
58 68
58 86
58 89
59 59
59 60
59 61
59 66
59 68
59 69
59 89
60 60
60 61
60 62
60 63
60 72
60 79
60 80
60 81
60 89
61 61
61 62
61 63
61 65
61 72
61 76
61 78
61 79
61 89
61 100
62 62
62 63
62 72
62 74
62 79
62 80
62 81
62 89
62 94
62 100
62 102
63 63
63 72
63 74
63 78
63 79
63 80
63 81
63 89
63 100
63 102
64 64
64 83
64 84
64 85
64 86
64 87
64 88
64 92
64 95
65 65
65 67
65 70
65 71
65 75
65 76
65 77
65 88
65 92
65 100
65 105
65 114
66 66
66 67
66 68
66 69
66 86
66 110
67 67
67 85
67 95
67 110
68 68
68 69
68 79
68 80
68 81
69 69
69 79
69 80
69 81
70 70
70 71
70 72
70 73
70 75
70 77
70 90
70 105
70 106
70 109
70 114
71 71
71 73
71 75
71 77
71 90
71 91
71 92
71 93
71 96
71 100
71 105
71 108
71 110
71 113
71 114
72 72
72 73
72 74
72 75
72 76
72 78
72 79
72 80
72 81
72 94
72 95
72 100
72 101
72 105
72 115
73 73
73 74
73 75
73 76
73 77
73 78
73 90
73 105
73 113
73 114
74 74
74 75
74 76
74 77
74 78
74 79
74 80
74 90
74 100
74 105
75 75
75 76
75 77
75 78
75 92
75 95
75 105
75 112
75 113
75 114
75 115
76 76
76 77
76 78
76 95
76 100
76 105
76 113
77 77
77 90
77 92
77 93
77 96
77 99
77 100
77 105
77 108
77 109
77 110
77 112
77 113
77 114
78 78
78 79
78 80
78 81
78 99
78 107
78 111
78 112
79 79
79 80
79 81
79 89
80 80
80 81
80 94
81 81
82 82
82 83
82 84
82 86
82 87
82 89
82 91
82 96
82 97
82 98
82 101
82 103
82 106
83 83
83 85
83 86
84 84
84 86
84 87
84 88
84 91
84 101
85 85
86 86
86 87
86 88
87 87
87 88
87 109
88 88
88 92
88 93
89 89
89 96
89 97
89 98
89 101
89 102
89 106
90 90
90 91
90 92
90 93
90 95
90 100
90 102
90 103
90 104
90 105
90 106
90 109
90 110
90 113
91 91
91 93
91 96
91 97
91 98
91 99
91 101
91 102
91 103
91 106
91 108
91 109
91 110
91 114
92 92
92 93
92 95
92 100
92 102
92 104
92 105
92 109
92 113
92 114
93 93
93 94
93 95
93 96
93 97
93 99
93 100
93 102
93 103
93 104
93 105
93 108
93 109
93 110
93 111
93 113
94 94
94 95
94 96
94 97
94 103
94 105
94 109
94 115
95 95
95 97
95 100
95 105
95 108
95 109
95 113
95 114
95 115
96 96
96 97
96 98
96 99
96 106
96 108
96 110
96 111
97 97
97 98
97 99
97 100
97 103
97 105
97 106
97 108
97 109
97 110
97 111
98 98
98 99
98 102
98 104
98 106
98 108
98 110
98 111
99 99
99 107
99 108
99 110
99 111
99 112
99 113
100 100
100 102
100 104
100 105
100 106
100 109
100 110
100 113
100 115
101 101
101 102
101 103
102 102
102 103
102 104
102 106
103 103
103 104
103 105
103 109
104 104
104 105
104 110
104 113
105 105
105 106
105 108
105 109
105 114
105 115
106 106
106 110
107 107
107 112
107 114
108 108
108 110
108 111
108 112
108 113
108 114
108 115
109 109
109 114
109 115
110 110
110 111
110 113
111 111
111 112
112 112
112 113
113 113
113 114
113 115
114 114
114 115
115 115
