0 0
0 1
0 6
0 10
0 12
0 13
0 14
0 16
0 17
0 18
0 28
0 29
0 52
0 53
0 56
0 58
0 60
0 62
0 63
0 70
0 72
0 74
0 76
0 100
0 101
0 102
1 1
1 4
1 5
1 7
1 8
1 9
1 17
1 18
1 19
1 26
1 49
1 51
1 57
1 63
1 68
1 102
1 103
2 2
2 3
2 4
2 6
2 7
2 8
2 18
2 19
2 22
2 23
2 24
2 26
2 30
2 31
2 32
2 33
2 44
2 60
2 64
2 72
2 87
2 108
2 115
3 3
3 6
3 7
3 18
3 19
3 22
3 23
3 24
3 31
3 32
3 33
3 34
3 64
3 71
3 87
3 88
4 4
4 5
4 6
4 7
4 8
4 9
4 18
4 19
4 24
4 26
4 44
4 49
4 61
5 5
5 8
5 9
5 14
5 15
5 20
5 21
5 24
5 25
5 26
5 27
5 38
5 54
5 68
5 69
5 82
5 86
5 88
5 89
5 107
6 6
6 7
6 8
6 9
6 10
6 11
6 16
6 18
6 19
6 22
6 24
6 26
6 28
6 30
6 31
6 32
6 33
6 60
6 64
6 72
6 74
7 7
7 9
7 11
7 13
7 15
7 17
7 33
7 60
7 61
7 62
7 63
7 65
7 92
7 100
7 115
8 8
8 9
8 14
8 15
8 18
8 24
8 25
8 26
8 27
8 48
8 49
8 51
8 86
9 9
9 15
9 19
9 24
9 26
9 49
9 61
9 63
10 10
10 11
10 12
10 13
10 14
10 16
10 18
10 20
10 22
10 28
10 30
10 32
10 36
10 50
10 52
10 53
10 54
10 56
10 60
10 64
10 70
10 71
10 72
10 73
10 74
10 76
10 79
10 84
11 11
11 13
11 15
11 16
11 17
11 28
11 29
11 32
11 33
11 53
11 62
11 71
11 72
11 74
11 79
11 80
11 81
11 95
11 97
12 12
12 13
12 14
12 15
12 20
12 26
12 27
12 28
12 36
12 40
12 50
12 52
12 54
12 58
12 60
12 62
12 70
12 72
12 76
13 13
13 15
13 16
13 17
13 28
13 29
13 52
13 53
13 62
13 71
13 72
13 73
13 74
13 75
13 78
13 79
13 81
13 98
13 99
13 100
13 113
14 14
14 15
14 18
14 20
14 22
14 24
14 25
14 26
14 27
14 28
14 38
14 40
14 48
14 50
14 52
14 54
14 57
14 58
14 60
14 70
14 82
14 86
14 88
14 89
14 106
15 15
15 21
15 26
15 27
15 37
15 38
15 39
15 48
15 49
15 51
15 54
15 55
15 65
15 89
15 106
15 107
16 16
16 17
16 28
16 29
16 32
16 33
16 36
16 52
16 53
16 56
16 57
16 62
16 63
16 70
16 72
16 73
16 74
16 75
16 76
16 77
16 78
16 79
16 80
16 81
16 95
16 97
16 102
16 115
17 17
17 28
17 29
17 33
17 36
17 52
17 56
17 57
17 61
17 62
17 63
17 68
17 72
17 73
17 74
17 75
17 76
17 77
17 78
17 79
17 80
17 81
17 95
17 98
17 99
17 102
17 113
18 18
18 19
18 20
18 24
18 26
18 28
18 30
18 68
18 82
18 86
18 101
18 103
19 19
19 24
19 28
19 31
19 33
19 57
19 64
19 68
19 82
19 83
19 103
20 20
20 21
20 22
20 23
20 24
20 25
20 26
20 27
20 28
20 30
20 50
20 64
20 70
20 73
20 74
20 82
20 84
20 86
20 93
20 106
20 110
21 21
21 25
21 27
21 30
21 37
21 38
21 39
21 40
21 41
21 54
21 71
21 83
21 94
21 109
21 110
22 22
22 23
22 24
22 25
22 27
22 30
22 31
22 32
22 50
22 56
22 64
22 70
22 71
22 73
22 74
22 86
22 87
22 88
23 23
23 24
23 25
23 30
23 31
23 64
23 71
23 84
23 85
23 86
23 87
23 88
23 93
23 108
24 24
24 25
24 26
24 30
24 31
24 64
24 86
24 88
25 25
25 26
25 27
25 30
25 36
25 37
25 38
25 40
25 41
25 43
25 50
25 56
25 64
25 70
25 71
25 73
25 82
25 84
25 85
25 86
25 88
25 110
26 26
26 27
26 86
27 27
27 37
27 38
27 39
27 40
27 41
27 43
27 50
27 54
27 56
27 57
27 69
27 82
27 86
27 88
27 96
27 98
27 106
27 107
27 109
27 110
28 28
28 29
28 30
28 32
28 36
28 40
28 52
28 56
28 62
28 70
28 72
28 73
28 74
28 75
28 76
28 78
28 79
28 80
28 81
28 84
28 102
29 29
29 36
29 37
29 39
29 40
29 41
29 52
29 56
29 61
29 62
29 63
29 70
29 72
29 73
29 74
29 75
29 76
29 77
29 78
29 79
29 80
29 81
29 83
29 94
29 98
29 99
29 102
29 113
30 30
30 31
30 64
30 70
30 71
30 72
30 73
30 74
30 84
30 85
30 91
30 93
31 31
31 32
31 33
31 34
31 64
31 71
31 73
31 74
31 84
31 85
31 92
31 93
31 97
31 108
32 32
32 33
32 34
32 46
32 53
32 71
32 72
32 74
32 76
32 78
32 95
32 97
33 33
33 61
33 62
33 63
33 64
33 65
33 71
33 72
33 77
33 80
33 97
34 34
34 35
34 43
34 44
34 45
34 50
34 60
34 64
34 65
34 66
34 67
34 85
34 87
34 92
34 97
34 105
34 110
35 35
35 37
35 38
35 45
35 47
35 50
35 65
35 67
35 69
35 83
35 96
35 106
35 109
35 110
35 111
36 36
36 37
36 38
36 40
36 41
36 52
36 54
36 56
36 57
36 62
36 68
36 70
36 71
36 72
36 73
36 74
36 75
36 76
36 77
36 78
36 79
36 80
36 81
36 82
36 83
36 84
36 85
36 98
36 113
37 37
37 38
37 39
37 40
37 41
37 67
37 71
37 73
37 75
37 77
37 78
37 80
37 81
37 82
37 83
37 84
37 85
37 88
37 94
37 96
37 98
37 99
37 106
37 109
37 110
37 111
37 112
38 38
38 39
38 40
38 41
38 54
38 57
38 63
38 65
38 71
38 82
38 88
38 89
38 96
38 107
39 39
39 40
39 41
39 55
39 59
39 63
39 78
39 81
39 83
39 94
39 96
39 98
39 99
39 104
39 106
39 107
39 109
39 110
40 40
40 41
40 52
40 54
40 70
40 71
40 73
40 74
40 80
40 81
40 82
40 84
40 85
40 96
41 41
41 73
41 75
41 77
41 78
41 80
41 81
41 82
41 83
41 84
41 85
41 94
41 104
41 105
41 109
41 111
42 42
42 43
42 44
42 45
42 46
42 47
42 48
42 49
42 51
42 52
42 53
42 55
42 94
42 110
43 43
43 44
43 45
43 46
43 47
43 48
43 49
43 50
43 51
43 53
43 55
43 66
43 67
43 94
43 96
43 98
43 99
43 109
43 110
43 111
43 112
44 44
44 45
44 46
44 47
44 48
44 49
44 51
44 55
44 58
44 66
44 67
44 90
44 110
45 45
45 46
45 47
45 48
45 49
45 51
45 65
45 66
45 67
45 90
45 96
45 107
45 110
46 46
46 47
46 48
46 49
46 51
46 52
46 53
46 55
46 58
46 59
46 78
46 90
46 94
46 98
46 99
46 100
46 109
47 47
47 48
47 49
47 51
47 53
47 55
47 67
47 90
47 94
47 95
47 96
47 97
47 98
47 99
47 100
47 109
47 110
47 111
48 48
48 49
48 50
48 51
48 53
48 55
48 58
48 59
48 89
48 90
48 96
48 98
48 99
48 100
48 106
48 107
49 49
49 51
49 53
49 55
49 58
49 59
49 67
49 90
49 98
49 99
49 100
49 106
49 107
50 50
50 64
50 65
50 67
50 82
50 84
50 85
50 86
50 87
50 88
50 96
50 98
50 107
50 110
51 51
51 52
51 53
51 55
51 58
51 59
51 89
51 90
51 98
51 99
51 100
51 106
51 107
52 52
52 53
52 58
52 62
52 63
52 70
52 72
52 74
52 76
52 78
52 80
52 81
52 98
52 99
52 100
52 102
52 113
53 53
53 55
53 78
53 99
53 104
53 112
54 54
54 58
54 60
54 82
54 86
54 87
54 88
54 89
54 96
54 107
55 55
55 58
55 59
55 90
55 98
55 99
55 100
55 109
56 56
56 57
56 63
56 68
56 70
56 72
56 73
56 74
56 75
56 76
56 77
56 78
56 79
56 80
56 81
56 82
56 112
57 57
57 63
57 68
57 69
57 73
57 74
57 76
57 79
57 81
57 82
57 86
58 58
58 59
58 60
58 61
58 63
58 66
58 90
58 98
58 100
58 101
58 102
58 106
58 107
59 59
59 61
59 63
59 66
59 67
59 69
59 89
59 90
59 96
59 98
59 99
59 100
59 101
59 102
59 106
59 107
60 60
60 61
60 62
60 63
60 64
60 65
60 72
60 88
61 61
61 62
61 63
61 65
61 90
61 100
62 62
62 63
62 72
62 74
62 75
62 76
62 77
62 79
62 80
62 81
62 95
62 100
62 102
62 113
62 115
63 63
63 72
63 77
63 79
63 80
63 81
63 100
63 102
64 64
64 65
64 71
64 84
64 85
64 86
64 87
64 88
64 93
65 65
65 67
65 85
65 88
65 89
65 107
66 66
66 67
66 69
66 85
66 87
66 96
66 101
66 105
66 110
67 67
67 69
67 85
67 87
67 89
67 90
67 96
67 106
67 107
67 109
67 110
68 68
68 69
68 80
68 81
68 82
68 83
68 103
69 69
69 82
69 83
69 86
69 89
69 90
69 96
69 98
69 99
69 103
69 106
69 107
69 109
69 110
69 111
70 70
70 71
70 72
70 73
70 74
70 75
70 76
70 78
70 79
70 80
70 84
70 85
70 91
70 112
70 113
71 71
71 73
71 74
71 75
71 77
71 84
71 85
72 72
72 73
72 74
72 75
72 76
72 77
72 78
72 79
72 80
72 81
72 95
72 97
72 102
73 73
73 74
73 75
73 76
73 77
73 78
73 79
73 80
73 81
73 84
73 85
73 91
73 94
73 95
73 98
73 99
73 102
73 111
73 112
73 113
74 74
74 75
74 76
74 77
74 78
74 79
74 80
74 81
74 84
74 85
74 95
74 102
74 113
75 75
75 76
75 77
75 78
75 79
75 94
75 95
75 97
75 102
75 108
75 109
75 110
75 113
76 76
76 77
76 78
76 79
76 80
76 81
76 84
76 91
76 95
76 97
76 98
76 99
76 101
76 102
76 111
76 113
77 77
77 78
77 79
77 80
77 81
77 83
77 92
77 94
77 95
77 97
77 98
77 99
77 108
77 109
77 110
77 111
77 113
78 78
78 79
78 80
78 81
78 84
78 94
78 95
78 97
78 98
78 99
78 109
78 110
78 111
78 112
78 113
79 79
79 80
79 81
79 97
79 98
79 99
79 112
79 113
80 80
80 81
80 84
80 94
80 98
80 99
80 109
80 111
80 112
81 81
81 84
81 98
81 99
81 102
81 109
82 82
82 83
82 84
82 85
82 86
82 88
82 89
82 93
82 106
82 109
83 83
83 84
83 85
83 88
83 89
83 90
83 94
83 103
83 104
83 109
83 111
83 112
84 84
84 85
84 88
84 94
84 111
85 85
85 87
85 88
85 105
86 86
86 87
86 88
86 89
86 107
87 87
87 88
87 89
87 93
88 88
88 89
88 105
89 89
89 90
89 106
89 107
90 90
90 91
90 92
90 93
90 94
90 96
90 98
90 99
90 100
90 101
90 102
90 103
90 106
90 109
90 110
90 111
90 112
91 91
91 92
91 93
91 94
91 98
91 99
91 101
91 103
91 108
91 109
91 110
91 111
91 112
91 113
92 92
92 93
92 97
92 100
92 101
92 103
92 105
92 108
92 114
92 115
93 93
93 101
93 103
93 108
93 110
93 111
94 94
94 96
94 97
94 98
94 99
94 104
94 106
94 109
94 110
94 111
94 112
95 95
95 97
95 101
95 108
95 109
95 110
95 111
95 113
95 115
96 96
96 98
96 99
96 106
96 107
96 109
96 110
96 111
96 112
96 113
97 97
97 105
97 108
97 109
97 110
97 111
97 114
97 115
98 98
98 99
98 100
98 102
98 106
98 109
98 110
98 111
98 112
98 113
99 99
99 100
99 101
99 102
99 106
99 109
99 110
99 111
99 112
99 113
100 100
100 101
100 102
100 104
100 113
101 101
101 102
101 103
101 106
101 108
101 110
101 113
102 102
102 104
102 112
102 113
102 115
103 103
103 104
103 105
103 114
103 115
104 104
104 105
104 106
104 114
104 115
105 105
105 114
105 115
106 106
106 107
106 109
106 110
106 112
107 107
108 108
108 110
108 111
108 114
109 109
109 110
109 111
109 112
109 113
110 110
110 111
110 112
110 113
111 111
111 112
111 113
112 112
112 113
113 113
114 114
114 115
115 115
