0 0
0 1
0 11
0 12
0 13
0 14
0 16
0 17
0 18
0 19
0 28
0 51
0 52
0 53
0 54
0 58
0 59
0 60
0 61
0 63
0 69
0 72
0 73
0 80
0 81
0 82
0 90
0 91
0 98
0 101
0 102
1 1
1 7
1 9
1 11
1 13
1 15
1 17
1 18
1 19
1 28
1 29
1 37
1 49
1 51
1 53
1 58
1 59
1 60
1 61
1 63
1 72
1 73
1 82
1 83
1 89
1 90
1 92
1 98
1 100
1 102
2 2
2 4
2 6
2 8
2 10
2 12
2 14
2 21
2 22
2 24
2 25
2 26
2 27
2 30
2 34
2 35
2 38
2 48
2 50
2 52
2 64
2 66
2 67
2 84
2 86
2 88
2 93
2 96
2 105
3 3
3 5
3 7
3 22
3 23
3 24
3 25
3 27
3 30
3 31
3 34
3 35
3 64
3 65
3 67
3 84
3 87
3 88
3 89
3 92
3 93
4 4
4 6
4 8
4 10
4 12
4 14
4 20
4 22
4 24
4 25
4 26
4 27
4 34
4 35
4 38
4 40
4 52
4 64
4 70
4 74
4 84
4 86
4 88
4 93
4 105
5 5
5 7
5 9
5 11
5 15
5 21
5 23
5 24
5 25
5 27
5 30
5 31
5 41
5 64
5 65
5 67
5 83
5 87
5 89
5 92
5 93
5 94
5 104
5 105
5 109
5 112
5 113
6 6
6 7
6 8
6 10
6 11
6 12
6 14
6 52
6 60
6 61
6 64
6 89
6 90
6 91
6 93
7 7
7 9
7 11
7 13
7 15
7 29
7 49
7 51
7 59
7 61
7 65
7 83
7 87
7 89
7 90
7 92
7 100
7 103
7 106
7 109
7 112
8 8
8 10
8 12
8 14
8 15
8 18
8 22
8 24
8 26
8 34
8 35
8 38
8 48
8 52
8 58
8 64
8 70
8 82
8 84
8 86
8 88
8 91
8 93
8 97
9 9
9 11
9 13
9 15
9 17
9 28
9 29
9 31
9 33
9 41
9 49
9 51
9 59
9 61
9 65
9 72
9 83
9 87
9 89
9 90
9 92
9 95
9 100
9 104
9 112
10 10
10 12
10 14
10 18
10 22
10 24
10 26
10 27
10 30
10 35
10 38
10 52
10 64
10 82
10 84
10 86
10 88
10 91
10 93
10 105
10 113
11 11
11 13
11 15
11 28
11 29
11 49
11 51
11 59
11 61
11 65
11 72
11 82
11 83
11 85
11 87
11 89
11 90
11 92
11 106
11 112
11 113
12 12
12 14
12 17
12 18
12 26
12 28
12 36
12 38
12 48
12 50
12 52
12 54
12 58
12 60
12 62
12 64
12 66
12 72
12 86
13 13
13 15
13 16
13 17
13 19
13 28
13 29
13 37
13 39
13 41
13 49
13 51
13 59
13 61
13 62
13 63
13 72
13 80
13 83
13 89
13 90
13 92
13 102
13 106
14 14
14 15
14 18
14 22
14 26
14 36
14 38
14 52
14 54
14 58
14 64
14 70
14 74
14 82
14 84
14 86
14 88
14 93
15 15
15 28
15 29
15 40
15 41
15 65
15 72
15 80
15 82
15 83
15 85
15 87
15 89
15 92
15 94
15 104
15 113
16 16
16 17
16 18
16 19
16 28
16 29
16 32
16 33
16 36
16 46
16 53
16 54
16 55
16 56
16 57
16 62
16 63
16 71
16 72
16 73
16 76
16 78
16 79
16 80
16 81
16 98
16 99
16 102
16 108
17 17
17 19
17 28
17 29
17 32
17 41
17 49
17 51
17 53
17 54
17 57
17 58
17 59
17 60
17 61
17 62
17 63
17 72
17 73
17 79
17 80
17 81
17 83
17 90
17 98
17 100
17 102
18 18
18 19
18 32
18 38
18 53
18 58
18 59
18 61
18 63
18 73
18 82
18 98
19 19
19 28
19 29
19 32
19 33
19 37
19 51
19 53
19 55
19 57
19 58
19 59
19 60
19 61
19 62
19 63
19 69
19 72
19 73
19 79
19 80
19 81
19 90
19 98
19 102
20 20
20 21
20 25
20 36
20 41
20 58
20 77
20 105
20 107
20 111
21 21
21 23
21 24
21 25
21 27
21 30
21 31
21 35
21 37
21 40
21 41
21 64
21 73
21 75
21 76
21 77
21 83
21 84
21 87
21 95
21 104
21 105
21 111
21 113
22 22
22 23
22 24
22 25
22 26
22 27
22 30
22 31
22 34
22 35
22 38
22 64
22 67
22 74
22 82
22 84
22 86
22 88
22 93
22 105
23 23
23 24
23 25
23 26
23 27
23 30
23 31
23 34
23 35
23 64
23 65
23 67
23 71
23 75
23 77
23 82
23 84
23 87
23 88
23 92
23 105
23 109
23 114
23 115
24 24
24 25
24 26
24 27
24 30
24 31
24 34
24 35
24 42
24 64
24 67
24 77
24 82
24 84
24 86
24 87
24 88
24 93
24 105
25 25
25 26
25 27
25 30
25 31
25 34
25 35
25 40
25 64
25 65
25 67
25 75
25 77
25 82
25 84
25 86
25 87
25 88
25 93
25 105
25 113
26 26
26 27
26 34
26 35
26 40
26 48
26 64
26 67
26 70
26 71
26 74
26 84
26 86
26 88
26 105
26 114
27 27
27 30
27 31
27 34
27 35
27 38
27 40
27 45
27 64
27 65
27 67
27 77
27 84
27 86
27 87
27 88
27 93
27 105
27 113
28 28
28 29
28 36
28 37
28 39
28 41
28 54
28 55
28 60
28 61
28 62
28 63
28 72
28 73
28 76
28 78
28 79
28 80
28 81
28 83
28 94
28 98
28 102
28 103
29 29
29 33
29 41
29 49
29 51
29 59
29 61
29 62
29 63
29 72
29 73
29 75
29 80
29 81
29 83
29 87
29 90
29 92
29 94
29 95
29 98
29 100
29 102
29 104
30 30
30 31
30 34
30 35
30 40
30 64
30 67
30 75
30 76
30 77
30 82
30 83
30 84
30 86
30 87
30 88
30 105
30 113
30 114
31 31
31 33
31 35
31 40
31 44
31 64
31 65
31 67
31 75
31 76
31 77
31 82
31 83
31 84
31 87
31 88
31 94
31 95
31 104
31 105
31 113
31 114
32 32
32 33
32 55
32 57
32 60
32 62
32 63
32 66
32 78
32 79
32 81
32 96
33 33
33 34
33 39
33 55
33 60
33 62
33 63
33 76
33 78
33 79
33 81
33 87
33 95
33 108
34 34
34 35
34 44
34 45
34 48
34 64
34 65
34 66
34 67
34 84
34 86
34 88
34 108
35 35
35 38
35 44
35 45
35 48
35 64
35 66
35 67
35 68
35 84
35 86
35 88
35 105
36 36
36 37
36 38
36 40
36 48
36 52
36 54
36 56
36 57
36 70
36 72
36 73
36 74
36 75
36 76
36 80
36 81
36 86
36 101
36 105
37 37
37 38
37 39
37 52
37 54
37 62
37 63
37 70
37 72
37 73
37 80
37 81
37 94
38 38
38 39
38 40
38 54
38 55
38 62
38 70
38 72
38 74
38 76
38 80
38 82
38 84
38 86
38 88
38 94
38 96
38 101
39 39
39 40
39 41
39 54
39 62
39 63
39 72
39 79
39 94
39 96
39 97
40 40
40 41
40 74
40 76
40 82
40 83
40 84
40 86
40 87
40 88
40 94
40 114
41 41
41 54
41 63
41 72
41 73
41 74
41 80
41 83
41 89
41 94
41 98
41 100
41 102
41 104
42 42
42 43
42 44
42 45
42 46
42 47
42 49
42 53
42 55
42 56
42 57
42 67
42 68
42 71
42 95
42 96
42 98
42 99
42 107
42 109
42 111
43 43
43 44
43 45
43 46
43 47
43 49
43 51
43 53
43 55
43 56
43 91
43 95
43 96
43 98
43 99
43 109
43 111
43 112
44 44
44 45
44 46
44 47
44 48
44 49
44 55
44 64
44 66
44 67
44 95
44 96
44 107
44 108
44 109
45 45
45 46
45 47
45 48
45 49
45 55
45 67
45 95
45 96
45 107
45 108
45 109
45 111
45 115
46 46
46 47
46 49
46 53
46 55
46 56
46 57
46 80
46 81
46 95
46 96
46 98
46 111
47 47
47 48
47 49
47 55
47 57
47 91
47 96
47 99
47 107
47 110
47 111
48 48
48 49
48 50
48 52
48 54
48 58
48 66
48 67
48 91
48 96
48 107
49 49
49 51
49 53
49 59
49 61
49 69
49 90
49 91
49 92
49 98
49 99
49 106
49 111
49 112
50 50
50 51
50 52
50 54
50 58
50 59
50 60
50 63
50 66
50 110
51 51
51 53
51 59
51 61
51 63
51 69
51 83
51 90
51 91
51 92
51 98
51 100
51 102
51 106
51 112
52 52
52 54
52 57
52 58
52 60
52 66
52 69
52 88
52 91
52 93
53 53
53 56
53 57
53 59
53 61
53 80
53 81
53 90
53 91
53 92
53 98
53 99
53 111
53 112
54 54
54 55
54 57
54 58
54 60
54 62
54 63
54 66
54 69
54 72
54 80
54 89
54 102
55 55
55 56
55 57
55 62
55 72
55 79
55 80
55 81
55 95
55 96
55 97
55 99
55 108
56 56
56 57
56 68
56 78
56 79
56 80
56 81
56 98
56 99
57 57
57 58
57 59
57 60
57 62
57 63
57 66
57 69
57 79
57 81
57 102
58 58
58 59
58 60
58 61
58 66
58 69
58 91
58 107
58 110
59 59
59 60
59 61
59 63
59 69
59 89
59 90
59 92
59 98
59 100
59 102
59 106
59 110
60 60
60 61
60 62
60 63
60 66
60 72
60 79
60 89
61 61
61 63
61 65
61 72
61 83
61 89
61 90
61 92
61 98
61 100
61 102
61 110
62 62
62 63
62 66
62 72
62 76
62 78
62 79
62 80
62 81
62 102
62 108
63 63
63 66
63 72
63 73
63 79
63 80
63 81
63 83
63 90
63 98
63 100
63 102
64 64
64 65
64 67
64 82
64 84
64 85
64 86
64 88
64 113
65 65
65 67
65 87
65 89
65 90
65 92
65 100
65 112
66 66
66 67
66 69
67 67
67 84
67 86
67 88
67 96
67 109
68 68
68 69
68 84
68 88
69 69
69 93
69 102
70 70
70 71
70 73
70 74
70 75
70 76
70 77
70 99
70 107
70 108
70 111
71 71
71 73
71 77
71 78
71 80
71 81
71 103
71 105
71 106
71 107
71 108
71 109
71 115
72 72
72 73
72 76
72 78
72 79
72 80
72 81
72 83
72 94
72 98
72 100
72 102
73 73
73 74
73 75
73 76
73 77
73 80
73 81
73 82
73 94
73 98
73 103
73 111
74 74
74 75
74 76
74 77
74 80
74 82
74 84
74 86
74 105
74 114
75 75
75 76
75 77
75 80
75 87
75 92
75 94
75 95
75 104
75 105
75 111
75 112
75 113
75 114
75 115
76 76
76 77
76 79
76 80
76 81
76 94
76 96
76 108
76 111
76 113
76 114
77 77
77 87
77 94
77 103
77 104
77 106
77 112
78 78
78 80
78 81
78 85
79 79
79 80
79 81
80 80
80 81
80 83
80 94
80 98
80 99
80 102
80 104
81 81
81 98
81 99
81 102
81 108
82 82
82 83
82 84
82 86
82 87
82 88
82 113
83 83
83 87
83 90
83 92
83 94
83 98
83 100
83 103
83 104
83 112
83 113
84 84
84 85
84 86
84 88
84 93
84 96
84 105
84 113
85 85
85 87
85 89
85 92
85 94
85 113
86 86
86 87
86 88
86 93
86 96
87 87
87 92
87 94
87 114
88 88
88 93
88 105
89 89
89 92
89 100
89 102
89 104
90 90
90 91
90 92
90 98
90 100
90 102
90 103
90 104
90 110
90 112
91 91
91 93
91 99
91 113
92 92
92 93
92 100
92 102
92 103
92 104
92 110
92 112
92 113
92 114
93 93
93 100
93 101
93 103
93 104
93 105
93 110
93 113
94 94
94 96
94 97
94 100
94 101
94 103
94 104
94 112
94 113
94 114
95 95
95 96
95 97
95 99
95 105
95 107
95 108
95 109
95 111
95 112
95 115
96 96
96 97
96 108
96 111
97 97
97 99
97 105
97 107
97 108
97 109
97 111
98 98
98 99
98 100
98 101
98 102
98 103
98 104
98 110
98 111
98 112
99 99
99 106
99 107
99 108
99 111
99 112
100 100
100 101
100 102
100 103
100 104
100 112
100 114
101 101
101 102
101 103
101 104
102 102
102 103
102 104
103 103
103 104
103 105
103 111
103 112
103 113
103 114
104 104
104 105
104 111
104 112
104 113
104 114
105 105
105 109
105 111
105 113
105 114
105 115
106 106
106 107
106 115
107 107
107 108
107 109
107 111
107 115
108 108
108 109
108 111
108 115
109 109
109 111
109 115
110 110
111 111
111 112
111 113
111 114
111 115
112 112
112 113
112 114
113 113
113 114
114 114
114 115
115 115
