0 0
0 1
0 2
0 3
0 7
0 18
0 19
0 56
0 57
0 58
0 59
0 60
0 61
0 63
0 66
0 68
0 70
0 88
0 89
0 102
0 106
0 113
1 1
1 3
1 7
1 18
1 19
1 52
1 56
1 57
1 58
1 59
1 61
1 63
1 66
1 68
1 69
1 75
1 82
1 83
1 85
1 88
1 89
1 90
1 94
1 95
1 100
1 108
1 109
1 113
2 2
2 6
2 22
2 23
2 24
2 32
2 33
2 58
2 60
2 64
2 88
2 93
3 3
3 4
3 5
3 7
3 14
3 15
3 18
3 19
3 20
3 21
3 23
3 26
3 27
3 36
3 38
3 39
3 52
3 57
3 58
3 59
3 66
3 67
3 68
3 69
3 82
3 83
3 84
3 85
3 86
3 88
3 89
3 90
3 92
3 94
3 95
3 100
3 109
3 110
4 4
4 5
4 6
4 8
4 9
4 15
4 20
4 21
4 22
4 23
4 24
4 25
4 26
4 27
4 71
4 82
4 83
4 88
4 89
5 5
5 6
5 8
5 9
5 15
5 20
5 21
5 22
5 23
5 24
5 25
5 26
5 27
5 60
5 71
5 82
5 83
5 88
5 89
5 92
6 6
6 7
6 9
6 12
6 22
6 23
6 32
6 33
6 60
6 64
6 88
6 89
6 93
6 101
6 103
7 7
7 18
7 19
7 58
7 59
7 61
7 62
7 73
7 75
7 83
7 88
7 89
7 90
7 100
7 102
8 8
8 9
8 14
8 15
8 20
8 21
8 23
8 24
8 25
8 26
8 27
8 71
8 74
8 82
8 83
8 84
8 85
9 9
9 14
9 15
9 20
9 21
9 23
9 24
9 25
9 26
9 27
9 71
9 74
9 82
9 88
9 92
10 10
10 11
10 12
10 13
10 16
10 17
10 28
10 29
10 30
10 31
10 32
10 33
10 44
10 48
10 49
10 50
10 51
10 56
10 61
10 62
10 63
10 65
10 72
10 73
10 79
10 80
10 101
10 103
10 104
10 105
11 11
11 12
11 13
11 17
11 30
11 31
11 32
11 33
11 63
11 64
11 65
11 71
11 73
11 101
11 103
11 104
11 105
12 12
12 13
12 16
12 17
12 28
12 30
12 31
12 32
12 33
12 48
12 49
12 60
12 62
12 63
12 64
12 65
12 72
12 73
12 79
12 101
12 103
13 13
13 16
13 17
13 28
13 32
13 33
13 44
13 48
13 49
13 51
13 61
13 62
13 63
13 65
13 72
13 73
13 75
13 79
13 99
13 101
13 103
13 105
13 111
13 112
14 14
14 15
14 18
14 19
14 20
14 25
14 64
14 66
14 67
14 68
14 69
14 82
14 83
14 84
14 85
14 86
14 87
14 88
14 90
14 93
14 94
15 15
15 18
15 19
15 20
15 21
15 23
15 24
15 25
15 26
15 27
15 58
15 59
15 69
15 82
15 83
15 85
15 88
15 90
15 92
15 95
15 114
16 16
16 17
16 28
16 29
16 31
16 32
16 33
16 37
16 43
16 44
16 55
16 56
16 62
16 63
16 72
16 73
16 76
16 78
16 79
16 80
16 81
16 99
16 105
16 111
17 17
17 28
17 29
17 30
17 31
17 32
17 33
17 56
17 61
17 62
17 63
17 65
17 71
17 72
17 73
17 78
17 79
17 80
17 81
17 101
17 103
17 104
17 105
17 111
18 18
18 19
18 21
18 36
18 57
18 58
18 59
18 66
18 67
18 68
18 69
18 82
18 83
18 84
18 85
18 86
18 88
18 89
18 90
18 95
18 100
18 108
18 109
18 110
18 113
19 19
19 23
19 36
19 40
19 52
19 57
19 58
19 59
19 66
19 68
19 69
19 82
19 83
19 84
19 85
19 86
19 88
19 89
19 90
19 94
19 95
19 100
19 108
19 109
19 113
20 20
20 21
20 23
20 24
20 25
20 26
20 27
20 36
20 40
20 47
20 66
20 67
20 74
20 82
20 83
20 84
20 88
21 21
21 23
21 24
21 25
21 26
21 27
21 36
21 38
21 39
21 40
21 41
21 47
21 66
21 67
21 71
21 77
21 82
21 83
21 88
21 89
21 96
21 109
21 110
22 22
22 23
22 24
22 26
22 27
22 30
22 31
22 60
22 64
22 88
22 93
22 96
23 23
23 24
23 25
23 26
23 27
23 30
23 39
23 41
23 64
23 82
23 83
23 84
23 86
23 87
23 88
23 89
23 109
24 24
24 25
24 26
24 27
24 31
24 71
24 74
24 104
24 105
25 25
25 26
25 27
25 67
25 71
25 74
25 82
25 83
25 84
25 85
26 26
26 27
26 40
26 58
26 59
26 71
26 82
26 83
26 88
26 89
27 27
27 70
27 71
27 82
27 83
27 84
27 88
27 89
28 28
28 29
28 30
28 31
28 32
28 33
28 34
28 62
28 63
28 65
28 72
28 73
28 78
28 79
28 80
28 81
28 103
29 29
29 30
29 31
29 32
29 33
29 37
29 42
29 43
29 44
29 45
29 50
29 63
29 72
29 74
29 78
29 79
29 80
29 81
29 86
29 87
29 111
30 30
30 31
30 33
30 63
30 64
30 65
30 72
30 74
31 31
31 32
31 33
31 63
31 64
31 65
31 71
31 72
31 74
31 78
31 79
31 96
31 97
31 103
31 105
32 32
32 33
32 44
32 45
32 48
32 49
32 60
32 62
32 63
32 64
32 65
32 72
32 73
32 74
32 79
32 101
32 103
33 33
33 35
33 60
33 62
33 63
33 64
33 65
33 71
33 72
33 73
33 74
33 79
33 101
33 103
33 104
33 105
34 34
34 35
34 36
34 37
34 38
34 40
34 66
34 67
34 72
34 75
34 76
34 77
34 78
34 79
34 80
34 81
34 84
34 85
34 87
34 110
34 111
35 35
35 37
35 38
35 45
35 47
35 64
35 65
35 67
35 74
35 76
35 77
35 105
35 110
36 36
36 37
36 38
36 39
36 40
36 41
36 46
36 47
36 52
36 53
36 54
36 57
36 59
36 66
36 67
36 68
36 69
36 75
36 76
36 77
36 81
36 82
36 83
36 85
36 86
36 87
36 94
36 98
36 109
36 110
36 113
36 115
37 37
37 38
37 39
37 40
37 41
37 42
37 43
37 46
37 47
37 53
37 54
37 55
37 74
37 75
37 76
37 77
37 82
37 86
37 87
37 96
37 97
37 109
37 110
37 111
38 38
38 39
38 40
38 41
38 47
38 52
38 54
38 55
38 57
38 67
38 68
38 76
38 77
38 82
38 83
38 86
38 87
38 88
38 96
38 97
38 108
38 109
38 110
39 39
39 40
39 41
39 47
39 54
39 55
39 57
39 77
39 82
39 83
39 86
39 87
39 88
39 89
39 96
39 97
39 108
39 109
39 110
40 40
40 41
40 42
40 46
40 47
40 52
40 53
40 54
40 55
40 57
40 66
40 75
40 76
40 77
40 82
40 83
40 86
40 87
40 96
40 98
40 109
40 110
40 111
41 41
41 56
41 57
41 73
41 75
41 76
41 77
41 82
41 83
41 96
41 97
41 104
41 105
41 109
41 110
42 42
42 43
42 44
42 45
42 46
42 47
42 48
42 49
42 50
42 51
42 53
42 55
42 74
42 77
42 98
42 111
43 43
43 44
43 45
43 46
43 47
43 48
43 49
43 50
43 51
43 53
43 55
43 74
43 77
43 79
43 98
43 107
43 111
44 44
44 45
44 46
44 47
44 48
44 49
44 50
44 51
44 53
44 55
44 74
44 91
44 98
44 99
44 111
44 112
45 45
45 46
45 47
45 48
45 49
45 50
45 51
45 53
45 55
45 64
45 67
45 71
45 74
45 91
45 93
45 103
45 111
46 46
46 47
46 48
46 49
46 50
46 51
46 52
46 53
46 54
46 55
46 76
46 77
46 91
46 98
46 111
46 114
46 115
47 47
47 48
47 49
47 50
47 51
47 52
47 53
47 54
47 55
47 76
47 77
47 96
47 98
47 99
47 110
47 111
48 48
48 49
48 50
48 51
48 53
48 55
48 60
48 65
48 91
48 101
48 102
48 103
48 104
48 105
48 107
48 111
49 49
49 50
49 51
49 53
49 55
49 65
49 71
49 91
49 101
49 103
49 104
49 105
49 107
49 111
50 50
50 51
50 53
50 55
50 74
50 91
50 111
51 51
51 52
51 53
51 55
51 91
51 98
51 107
51 111
51 112
51 114
51 115
52 52
52 53
52 54
52 55
52 58
52 59
52 61
52 82
52 83
52 89
52 90
52 91
52 94
52 95
52 98
52 100
52 112
52 113
52 114
52 115
53 53
53 54
53 55
53 91
53 98
53 111
53 112
53 114
53 115
54 54
54 55
54 59
54 76
54 82
54 83
54 88
54 89
54 90
54 96
54 98
54 113
54 114
54 115
55 55
55 76
55 77
55 86
55 96
55 98
55 99
55 109
55 110
55 111
56 56
56 57
56 62
56 63
56 70
56 72
56 73
56 75
56 76
56 79
56 80
56 81
56 89
56 99
56 101
56 102
56 104
56 112
57 57
57 59
57 66
57 68
57 69
57 76
57 80
57 81
57 82
57 83
57 84
57 88
57 89
57 95
57 100
57 108
57 109
57 110
58 58
58 59
58 60
58 61
58 66
58 68
58 88
58 89
58 92
58 100
58 102
58 106
58 113
58 115
59 59
59 61
59 66
59 68
59 69
59 82
59 83
59 88
59 89
59 90
59 100
59 102
59 106
59 112
59 113
59 115
60 60
60 61
60 63
60 64
60 88
60 89
60 93
60 101
60 102
60 103
60 104
60 107
61 61
61 62
61 63
61 65
61 89
61 100
61 101
61 102
61 106
61 107
61 113
61 115
62 62
62 63
62 65
62 70
62 72
62 73
62 75
62 79
62 80
62 81
62 101
62 102
62 103
62 104
62 105
63 63
63 65
63 72
63 73
63 79
63 80
63 81
63 101
63 103
64 64
64 65
64 74
64 93
64 101
64 103
65 65
65 72
65 73
65 75
65 79
65 101
65 103
65 104
65 105
66 66
66 67
66 68
66 69
66 76
66 82
66 83
66 84
66 85
66 86
66 88
66 109
66 110
67 67
67 68
67 69
67 82
67 84
67 85
67 86
67 87
67 110
68 68
68 69
68 76
68 80
68 81
68 82
68 83
68 84
68 85
68 86
68 88
68 90
68 94
68 95
68 97
68 108
68 109
68 110
69 69
69 81
69 82
69 83
69 84
69 85
69 88
69 89
69 90
69 94
69 95
69 108
69 110
70 70
70 71
70 73
70 101
70 102
70 103
70 104
71 71
71 77
71 103
71 104
71 105
71 107
72 72
72 73
72 74
72 76
72 79
72 80
72 81
72 101
72 103
73 73
73 75
73 76
73 79
73 80
73 81
73 101
73 102
73 103
73 104
73 105
73 112
74 74
74 77
74 78
74 84
74 111
75 75
75 76
75 77
75 80
75 81
75 97
75 100
75 109
75 110
76 76
76 77
76 80
76 81
76 109
76 110
76 111
76 112
76 113
77 77
77 104
77 105
77 107
77 109
77 110
77 111
77 113
78 78
78 79
78 80
78 81
78 95
78 96
78 99
78 108
78 110
78 111
79 79
79 80
79 81
79 99
79 103
79 111
80 80
80 81
80 95
80 99
80 111
81 81
81 85
81 95
81 99
81 111
82 82
82 83
82 84
82 85
82 86
82 87
82 88
82 89
82 90
82 94
82 95
82 96
82 109
82 110
82 113
83 83
83 84
83 85
83 86
83 87
83 88
83 89
83 90
83 94
83 95
83 100
83 108
83 110
83 113
83 114
84 84
84 85
84 86
84 87
85 85
85 86
85 87
85 94
85 95
86 86
86 87
86 88
86 90
86 96
86 109
86 110
87 87
87 96
87 110
88 88
88 89
88 90
88 92
88 96
88 108
89 89
89 90
89 92
89 100
89 102
89 106
89 108
90 90
90 91
90 92
90 94
90 95
90 98
90 100
90 108
91 91
91 92
91 93
91 95
91 98
91 99
91 114
91 115
92 92
92 93
92 100
92 102
92 106
93 93
93 101
93 103
94 94
94 95
94 97
94 108
94 114
94 115
95 95
95 98
95 99
95 108
95 112
95 114
96 96
96 97
96 98
96 108
96 109
96 110
97 97
97 108
97 109
97 110
98 98
98 99
98 100
98 111
98 112
98 113
98 114
98 115
99 99
99 111
99 112
99 113
100 100
100 102
100 106
100 112
100 113
100 115
101 101
101 102
101 103
101 104
101 105
101 107
102 102
102 103
102 104
102 105
102 106
102 107
103 103
103 104
103 105
103 107
104 104
104 105
104 106
104 107
105 105
105 107
106 106
106 107
106 113
106 114
106 115
107 107
107 113
107 114
107 115
108 108
108 109
108 110
109 109
109 110
110 110
111 111
111 112
112 112
112 113
112 114
113 113
113 114
113 115
114 114
114 115
115 115
