0 0
0 1
0 10
0 11
0 12
0 13
0 14
0 15
0 28
0 52
0 53
0 56
0 58
0 60
0 63
0 75
0 82
0 96
1 1
1 10
1 16
1 18
1 19
1 22
1 28
1 29
1 30
1 32
1 33
1 36
1 37
1 40
1 56
1 57
1 62
1 63
1 68
1 72
1 74
1 75
1 76
1 77
1 78
1 79
1 80
1 81
1 82
1 83
1 84
1 85
1 95
1 99
2 2
2 3
2 4
2 5
2 6
2 7
2 8
2 9
2 50
2 64
2 65
2 88
3 3
3 5
3 6
3 7
3 9
3 20
3 21
3 22
3 23
3 24
3 25
3 26
3 27
3 34
3 35
3 44
3 45
3 49
3 50
3 64
3 65
3 84
3 85
3 88
4 4
4 5
4 7
4 8
4 9
4 10
4 11
4 12
4 13
4 15
4 26
4 48
4 50
4 51
4 52
4 58
4 59
4 61
4 65
4 89
4 90
4 92
5 5
5 7
5 8
5 9
5 20
5 23
5 24
5 26
5 27
5 39
5 48
5 49
5 50
5 51
5 52
5 59
5 61
5 65
5 89
5 92
6 6
6 7
6 8
6 9
6 18
6 67
7 7
7 8
7 9
7 11
7 13
7 15
7 20
7 21
7 23
7 26
7 27
7 49
7 61
7 65
7 89
7 92
8 8
8 9
8 11
8 12
8 13
8 14
8 48
8 50
8 52
8 58
8 60
8 61
8 65
8 66
8 88
8 90
9 9
9 20
9 23
9 25
9 26
9 48
9 49
9 50
9 59
9 61
9 65
9 66
9 67
9 92
10 10
10 11
10 12
10 13
10 14
10 15
10 28
10 52
10 53
10 60
10 61
10 75
10 82
10 89
10 91
10 98
11 11
11 12
11 13
11 14
11 15
11 21
11 27
11 48
11 51
11 52
11 53
11 58
11 61
11 65
11 89
11 98
12 12
12 13
12 14
12 15
12 48
12 52
12 54
12 58
12 59
12 60
12 61
12 70
12 82
12 89
12 90
12 91
12 98
13 13
13 14
13 15
13 20
13 21
13 27
13 52
13 58
13 60
13 61
13 89
13 98
14 14
14 15
14 28
14 52
14 54
14 58
14 60
14 63
14 68
14 75
14 82
14 91
14 96
14 98
15 15
15 20
15 21
15 26
15 27
15 48
15 51
15 52
15 53
15 58
15 60
15 61
15 70
15 71
15 82
15 89
15 98
16 16
16 17
16 19
16 28
16 29
16 32
16 36
16 37
16 40
16 41
16 56
16 57
16 62
16 68
16 69
16 72
16 74
16 76
16 77
16 78
16 79
16 80
16 81
16 83
16 84
16 93
16 95
16 97
16 99
16 101
16 104
16 105
17 17
17 18
17 28
17 29
17 36
17 37
17 40
17 41
17 57
17 62
17 68
17 72
17 73
17 74
17 75
17 76
17 77
17 78
17 79
17 80
17 81
17 94
17 95
17 97
17 99
17 102
17 108
17 109
17 111
17 112
17 113
17 114
17 115
18 18
18 19
18 28
18 29
18 30
18 36
18 37
18 40
18 56
18 57
18 68
18 69
18 72
18 73
18 74
18 75
18 76
18 77
18 78
18 79
18 80
18 81
18 82
18 83
18 93
18 95
18 103
18 109
18 111
19 19
19 28
19 29
19 56
19 57
19 68
19 69
19 70
19 72
19 78
19 80
19 81
19 82
19 83
19 87
19 103
19 104
19 105
19 106
19 107
20 20
20 21
20 23
20 24
20 25
20 26
20 27
20 51
20 52
20 59
20 70
20 71
20 89
20 107
21 21
21 23
21 24
21 25
21 26
21 27
21 71
21 85
21 89
21 98
21 110
22 22
22 23
22 24
22 25
22 30
22 31
22 32
22 33
22 34
22 35
22 55
22 64
22 79
22 84
22 85
22 88
23 23
23 24
23 25
23 26
23 27
23 34
23 35
23 45
23 84
23 87
24 24
24 25
24 26
24 27
24 34
24 38
24 39
24 50
24 89
25 25
25 26
25 27
25 30
25 31
25 33
25 34
25 35
25 44
25 45
25 64
25 67
25 84
25 85
25 87
26 26
26 27
26 39
26 48
26 50
26 51
26 52
26 54
26 58
26 59
26 71
26 89
27 27
27 39
27 59
27 71
27 89
28 28
28 29
28 32
28 36
28 37
28 40
28 41
28 56
28 57
28 62
28 63
28 68
28 69
28 72
28 73
28 74
28 75
28 76
28 77
28 78
28 80
28 81
28 82
28 83
28 91
28 95
28 99
28 102
28 108
28 109
28 111
29 29
29 30
29 31
29 32
29 33
29 36
29 37
29 40
29 41
29 56
29 57
29 62
29 63
29 68
29 71
29 72
29 73
29 74
29 75
29 76
29 77
29 78
29 79
29 80
29 81
29 82
29 83
29 86
29 95
29 97
29 99
29 102
29 106
29 108
29 109
29 113
29 114
30 30
30 31
30 32
30 33
30 34
30 35
30 36
30 40
30 41
30 56
30 57
30 72
30 74
30 76
30 77
30 79
30 81
30 82
30 83
30 84
30 85
30 86
30 87
30 110
31 31
31 32
31 33
31 34
31 35
31 36
31 40
31 41
31 45
31 56
31 64
31 74
31 77
31 78
31 79
31 80
31 81
31 82
31 83
31 84
31 85
31 86
31 87
31 110
32 32
32 33
32 34
32 36
32 40
32 41
32 54
32 55
32 56
32 57
32 62
32 63
32 72
32 74
32 77
32 78
32 79
32 80
32 81
32 82
32 84
32 85
32 95
32 96
32 97
32 99
32 110
32 113
32 115
33 33
33 34
33 35
33 36
33 40
33 41
33 45
33 55
33 62
33 64
33 72
33 74
33 76
33 77
33 78
33 79
33 80
33 81
33 82
33 83
33 84
33 85
33 86
33 97
33 110
34 34
34 35
34 36
34 42
34 44
34 45
34 55
34 64
34 78
34 79
34 84
34 85
34 88
35 35
35 44
35 45
35 64
35 80
35 84
35 85
35 87
36 36
36 37
36 38
36 40
36 41
36 55
36 56
36 57
36 62
36 63
36 72
36 74
36 75
36 76
36 77
36 78
36 79
36 80
36 81
36 83
36 84
36 85
36 95
36 97
36 99
36 109
36 110
36 111
37 37
37 38
37 40
37 41
37 57
37 62
37 63
37 72
37 73
37 74
37 75
37 76
37 77
37 78
37 79
37 80
37 81
37 94
37 95
37 97
37 99
37 108
37 109
37 111
37 113
37 114
38 38
38 39
38 41
38 50
38 54
38 79
38 86
38 95
38 96
38 106
39 39
39 52
39 54
39 59
39 94
39 115
40 40
40 41
40 47
40 56
40 57
40 62
40 72
40 73
40 74
40 75
40 76
40 77
40 78
40 79
40 80
40 81
40 82
40 83
40 84
40 85
40 86
40 95
40 97
40 99
40 109
40 110
40 111
41 41
41 57
41 62
41 63
41 72
41 73
41 74
41 75
41 76
41 77
41 78
41 79
41 80
41 81
41 82
41 83
41 84
41 95
41 97
41 102
41 108
41 109
41 110
42 42
42 43
42 44
42 45
42 46
42 47
42 48
42 49
42 50
42 55
42 64
42 65
42 88
42 96
43 43
43 44
43 46
43 47
43 48
43 49
43 50
43 54
43 55
43 64
43 65
43 88
43 96
44 44
44 45
44 46
44 48
44 49
44 50
44 51
44 55
44 64
44 84
44 85
45 45
45 49
45 64
45 67
45 84
45 85
45 88
46 46
46 47
46 48
46 49
46 50
46 54
46 55
46 64
46 79
46 88
46 96
46 99
46 112
46 113
47 47
47 55
47 64
47 96
48 48
48 49
48 50
48 51
48 52
48 53
48 58
48 59
48 60
48 61
48 65
48 89
49 49
49 50
49 51
49 61
49 64
49 65
49 89
50 50
50 51
50 52
50 64
50 65
51 51
51 52
51 53
51 58
51 59
51 61
51 65
51 66
51 89
52 52
52 53
52 54
52 58
52 59
52 60
52 61
52 89
52 90
52 91
52 98
53 53
53 54
53 55
53 61
53 89
54 54
54 55
54 60
54 86
54 96
54 98
55 55
55 64
55 78
55 79
55 85
55 88
55 96
56 56
56 57
56 62
56 68
56 69
56 74
56 77
56 78
56 80
56 81
56 82
56 83
56 85
56 95
56 97
56 105
56 108
56 109
56 110
56 113
56 114
56 115
57 57
57 62
57 63
57 68
57 69
57 72
57 73
57 74
57 75
57 76
57 77
57 78
57 79
57 80
57 81
57 82
57 83
57 95
57 97
57 99
57 101
57 105
57 108
57 109
57 110
57 111
57 115
58 58
58 59
58 60
58 61
58 66
58 89
58 98
59 59
59 61
59 66
59 70
59 89
59 90
59 101
59 103
59 104
59 105
59 106
59 107
60 60
60 63
60 91
60 96
60 98
61 61
61 65
61 89
62 62
62 63
62 72
62 74
62 76
62 77
62 78
62 80
62 81
62 95
62 97
62 102
62 106
62 108
62 109
62 110
62 114
63 63
63 70
63 71
63 72
63 73
63 75
63 76
63 77
63 82
63 90
63 91
63 95
63 96
63 97
63 98
63 99
63 101
63 102
63 103
63 106
63 108
63 109
63 114
64 64
64 65
64 79
64 84
64 85
64 88
65 65
65 88
65 92
66 66
66 67
66 101
66 103
66 104
66 106
66 107
67 67
67 69
67 100
67 101
67 102
67 103
67 104
67 106
67 107
68 68
68 69
68 72
68 73
68 74
68 80
68 81
68 82
68 83
68 91
68 93
68 95
68 101
68 102
68 103
68 104
68 105
68 107
68 108
68 109
68 110
68 115
69 69
69 74
69 80
69 81
69 82
69 93
69 95
69 97
69 101
69 102
69 103
69 104
69 105
69 106
69 107
69 109
69 115
70 70
70 71
70 73
70 90
70 91
70 92
70 93
70 98
70 100
70 101
70 102
70 103
70 104
70 106
70 107
71 71
71 73
71 90
71 91
71 98
71 103
71 104
71 106
72 72
72 73
72 74
72 75
72 76
72 77
72 78
72 79
72 80
72 81
72 82
72 83
72 86
72 91
72 93
72 95
72 97
72 99
72 101
72 102
72 108
72 109
72 111
72 113
73 73
73 74
73 75
73 76
73 77
73 82
73 83
73 90
73 91
73 92
73 93
73 95
73 98
73 101
73 102
73 103
73 106
73 108
74 74
74 75
74 76
74 77
74 78
74 79
74 80
74 81
74 82
74 83
74 84
74 95
74 97
74 99
74 108
74 109
74 111
74 112
74 113
75 75
75 76
75 77
75 79
75 81
75 82
75 83
75 91
75 93
75 95
75 99
75 102
75 108
76 76
76 77
76 79
76 81
76 83
76 95
76 99
77 77
77 78
77 79
77 80
77 81
77 83
77 86
77 95
77 97
77 99
78 78
78 79
78 80
78 81
78 83
78 84
78 85
78 86
78 94
78 95
78 96
78 97
78 99
78 109
78 113
78 115
79 79
79 80
79 81
79 83
79 84
79 85
79 95
79 97
79 99
79 111
79 113
80 80
80 81
80 82
80 83
80 84
80 85
80 93
80 95
80 97
80 101
80 102
80 103
80 104
80 105
80 109
80 110
81 81
81 82
81 83
81 84
81 85
81 95
81 97
81 109
81 111
82 82
82 83
82 86
82 87
82 97
82 110
83 83
83 84
83 85
83 87
84 84
84 85
84 88
84 97
84 113
85 85
85 97
85 110
86 86
86 87
86 96
86 97
86 110
87 87
88 88
89 89
89 98
90 90
90 91
90 92
90 93
90 98
90 100
90 101
90 102
90 103
90 104
90 105
90 106
90 107
91 91
91 92
91 93
91 98
91 100
91 101
91 102
91 103
91 104
92 92
92 93
92 99
92 100
92 101
93 93
93 95
93 99
93 100
93 101
93 102
93 103
93 104
93 105
93 106
94 94
94 95
94 97
94 105
94 107
94 108
94 109
94 110
94 111
94 112
94 113
94 114
94 115
95 95
95 97
95 99
95 101
95 102
95 103
95 104
95 106
95 108
95 109
95 110
95 111
95 113
95 114
95 115
96 96
96 97
96 98
96 99
96 110
96 113
97 97
97 99
97 101
97 106
97 108
97 109
97 110
97 111
97 113
97 114
97 115
98 98
99 99
99 108
99 111
99 112
99 113
100 100
100 101
100 102
100 103
100 104
100 105
100 107
101 101
101 102
101 103
101 104
101 105
101 106
101 107
101 115
102 102
102 103
102 104
102 106
102 107
102 108
103 103
103 104
103 105
103 106
103 107
103 109
103 115
104 104
104 105
104 106
104 107
104 115
105 105
105 106
105 107
105 109
105 114
105 115
106 106
106 107
106 109
106 115
107 107
107 109
107 114
107 115
108 108
108 109
108 110
108 111
108 113
108 114
108 115
109 109
109 110
109 111
109 113
109 114
109 115
110 110
110 115
111 111
111 112
111 113
111 114
112 112
112 113
112 114
113 113
113 114
113 115
114 114
114 115
115 115
