0 0
0 1
0 10
0 12
0 14
0 16
0 17
0 19
0 27
0 56
0 57
0 58
0 60
0 70
0 73
0 74
0 75
0 76
0 79
0 81
0 84
1 1
1 16
1 17
1 19
1 29
1 32
1 33
1 56
1 57
1 58
1 59
1 60
1 61
1 62
1 63
1 68
1 69
1 70
1 73
1 76
1 77
1 79
1 81
1 98
1 108
2 2
2 3
2 6
2 8
2 10
2 12
2 14
2 22
2 23
2 24
2 25
2 26
2 30
2 31
2 58
2 60
2 64
2 65
2 75
2 84
2 85
2 86
2 87
2 88
2 93
2 107
2 114
3 3
3 6
3 7
3 8
3 9
3 11
3 15
3 21
3 22
3 23
3 25
3 26
3 27
3 30
3 31
3 33
3 35
3 60
3 61
3 64
3 65
3 67
3 84
3 86
3 88
3 89
3 92
3 93
3 94
3 97
4 4
4 5
4 6
4 8
4 9
4 23
4 24
4 26
4 35
4 52
4 53
4 54
4 86
5 5
5 8
5 9
5 14
5 21
5 23
5 24
5 26
5 27
6 6
6 7
6 8
6 10
6 11
6 12
6 13
6 14
6 15
6 22
6 23
6 24
6 25
6 26
6 27
6 30
6 31
6 35
6 50
6 64
6 65
6 67
6 75
6 82
6 84
6 85
6 86
6 88
6 92
6 93
6 100
6 114
7 7
7 9
7 11
7 13
7 15
7 23
7 25
7 31
7 35
7 60
7 61
7 64
7 65
7 67
7 86
7 88
7 89
7 92
8 8
8 9
8 11
8 12
8 14
8 15
8 22
8 23
8 24
8 25
8 26
8 27
8 30
8 31
8 35
8 50
8 64
8 65
8 67
8 84
8 86
8 88
8 92
8 93
9 9
9 11
9 13
9 15
9 21
9 23
9 25
9 26
9 27
9 39
9 61
9 64
9 65
9 86
9 88
9 89
9 92
10 10
10 12
10 13
10 14
10 15
10 20
10 21
10 22
10 23
10 25
10 27
10 58
10 60
10 64
10 65
10 75
10 84
10 86
10 87
10 88
10 93
11 11
11 13
11 15
11 22
11 23
11 25
11 30
11 31
11 33
11 35
11 39
11 64
11 65
11 67
11 82
11 83
11 84
11 85
11 86
11 89
11 92
11 100
11 114
12 12
12 13
12 14
12 15
12 21
12 22
12 23
12 25
12 26
12 27
12 30
12 31
12 58
12 60
12 64
12 65
12 75
12 84
12 86
12 87
12 88
12 93
12 114
13 13
13 15
13 21
13 23
13 25
13 31
13 35
13 58
13 60
13 61
13 64
13 65
13 67
13 83
13 84
13 85
13 86
13 87
13 89
13 92
13 95
14 14
14 15
14 21
14 22
14 23
14 25
14 26
14 27
14 30
14 31
14 58
14 60
14 64
14 65
14 82
14 84
14 87
14 88
14 91
14 93
15 15
15 21
15 22
15 23
15 25
15 27
15 30
15 31
15 60
15 61
15 64
15 65
15 71
15 83
15 84
15 86
15 87
15 88
15 89
15 92
15 93
16 16
16 17
16 28
16 29
16 32
16 36
16 40
16 56
16 57
16 58
16 59
16 62
16 63
16 68
16 69
16 71
16 72
16 74
16 78
16 79
16 80
16 81
16 98
16 99
16 115
17 17
17 19
17 28
17 29
17 33
17 56
17 57
17 59
17 61
17 62
17 63
17 68
17 69
17 71
17 72
17 73
17 74
17 76
17 78
17 79
17 80
17 81
17 103
18 18
18 19
18 28
18 68
18 69
18 70
18 79
18 90
18 91
18 98
18 99
19 19
19 31
19 33
19 34
19 64
19 68
19 69
19 70
19 73
19 75
19 76
19 77
19 79
19 90
19 91
19 105
19 108
20 20
20 21
20 26
20 27
20 30
20 65
20 84
20 106
20 107
20 115
21 21
21 22
21 23
21 25
21 26
21 27
21 30
21 31
21 35
21 60
21 64
21 65
21 70
21 75
21 76
21 77
21 86
21 92
21 93
21 95
21 105
21 108
22 22
22 23
22 24
22 25
22 26
22 27
22 30
22 31
22 34
22 50
22 64
22 65
22 75
22 84
22 85
22 86
22 88
22 91
22 92
22 93
22 114
23 23
23 24
23 25
23 26
23 27
23 30
23 31
23 35
23 64
23 65
23 67
23 84
23 85
23 86
23 88
23 89
23 91
23 92
23 93
24 24
24 25
24 26
24 27
24 30
24 31
24 34
24 35
24 36
24 50
24 54
24 67
24 75
24 84
24 86
24 93
24 113
25 25
25 26
25 27
25 30
25 31
25 34
25 35
25 50
25 64
25 65
25 67
25 75
25 84
25 85
25 86
25 88
25 91
25 92
25 93
25 100
25 114
26 26
26 27
26 58
26 64
26 65
26 84
26 86
26 88
26 91
26 93
26 94
26 105
27 27
27 58
27 64
27 65
27 84
27 86
27 87
27 88
27 93
28 28
28 29
28 36
28 37
28 40
28 41
28 42
28 56
28 62
28 68
28 71
28 72
28 78
28 79
28 80
28 81
28 82
28 83
28 107
29 29
29 32
29 33
29 36
29 40
29 61
29 62
29 63
29 68
29 72
29 73
29 74
29 76
29 77
29 78
29 79
29 80
29 81
29 82
29 83
29 100
30 30
30 31
30 33
30 35
30 64
30 65
30 75
30 82
30 84
30 85
30 88
30 92
30 93
30 101
31 31
31 33
31 34
31 35
31 64
31 65
31 67
31 75
31 82
31 83
31 84
31 85
31 88
31 89
31 92
31 93
31 101
32 32
32 33
32 36
32 40
32 42
32 43
32 44
32 45
32 46
32 47
32 55
32 57
32 59
32 62
32 63
32 66
32 68
32 69
32 72
32 73
32 76
32 79
32 80
32 81
32 96
32 98
32 99
32 103
32 110
33 33
33 35
33 63
33 68
33 70
33 72
33 73
33 75
33 76
33 77
33 79
33 101
33 110
34 34
34 35
34 70
34 75
34 76
34 77
34 91
34 93
34 95
34 97
34 103
34 108
34 110
34 114
35 35
35 61
35 64
35 65
35 67
35 73
35 76
35 77
35 86
35 92
35 100
35 110
35 114
36 36
36 37
36 38
36 39
36 40
36 41
36 42
36 43
36 44
36 46
36 49
36 52
36 53
36 54
36 55
36 62
36 72
36 74
36 78
36 79
36 80
36 81
36 96
36 98
36 102
36 109
37 37
37 38
37 39
37 40
37 41
37 42
37 43
37 44
37 46
37 50
37 52
37 53
37 55
37 71
37 78
37 80
37 81
37 82
37 83
37 85
37 109
38 38
38 39
38 40
38 41
38 52
38 54
38 78
38 80
38 82
38 83
38 89
38 94
38 102
38 109
39 39
39 40
39 41
39 50
39 78
39 82
39 83
39 85
39 87
39 89
39 94
39 109
40 40
40 41
40 42
40 43
40 44
40 45
40 46
40 54
40 55
40 62
40 68
40 72
40 78
40 79
40 80
40 81
40 82
40 83
40 85
40 96
40 98
40 99
40 106
41 41
41 42
41 43
41 44
41 45
41 46
41 49
41 50
41 51
41 52
41 53
41 54
41 55
41 78
41 80
41 81
41 82
41 83
41 87
41 89
41 94
41 98
41 109
42 42
42 43
42 44
42 45
42 46
42 47
42 48
42 49
42 50
42 51
42 52
42 53
42 55
42 78
42 80
42 81
42 96
42 98
42 99
42 109
42 112
43 43
43 44
43 45
43 46
43 47
43 48
43 49
43 50
43 51
43 52
43 53
43 55
43 72
43 78
43 80
43 81
43 96
43 98
43 106
43 109
44 44
44 45
44 46
44 47
44 48
44 49
44 51
44 52
44 53
44 55
44 57
44 59
44 68
44 72
44 78
44 80
44 81
44 96
44 98
44 99
44 106
44 112
45 45
45 46
45 47
45 48
45 49
45 51
45 52
45 53
45 55
45 78
45 96
45 98
45 106
46 46
46 47
46 48
46 49
46 50
46 51
46 52
46 53
46 55
46 78
46 80
46 96
46 98
46 99
46 109
46 112
47 47
47 48
47 49
47 51
47 53
47 55
47 68
47 96
47 97
47 98
47 99
47 103
47 104
47 106
47 109
47 110
47 111
47 112
48 48
48 49
48 50
48 51
48 52
48 53
48 54
48 55
48 58
48 59
48 66
48 98
48 106
48 107
49 49
49 50
49 51
49 52
49 53
49 55
49 57
49 59
49 78
49 96
49 98
49 106
50 50
50 51
50 52
50 53
50 55
50 84
50 85
50 87
50 102
51 51
51 52
51 53
51 54
51 55
51 59
51 66
51 98
52 52
52 53
52 54
52 55
52 59
52 63
52 72
52 81
52 98
52 109
53 53
53 54
53 55
53 102
53 109
54 54
54 55
54 59
54 62
54 63
54 66
54 72
54 86
54 96
54 98
54 104
55 55
55 59
55 66
55 72
55 96
55 98
55 103
55 109
56 56
56 57
56 58
56 59
56 60
56 62
56 63
56 68
56 69
56 72
56 73
56 76
56 80
56 81
56 99
56 105
56 108
56 111
57 57
57 59
57 62
57 63
57 68
57 72
57 73
57 76
57 77
57 78
57 79
57 80
57 81
57 98
57 99
57 108
57 111
58 58
58 59
58 60
58 61
58 66
58 69
58 88
58 107
58 115
59 59
59 60
59 61
59 62
59 63
59 66
59 68
59 69
59 81
59 98
59 115
60 60
60 61
60 63
60 64
60 65
60 69
60 84
60 88
60 89
60 108
61 61
61 62
61 63
61 65
61 83
61 88
61 89
61 92
62 62
62 63
62 66
62 68
62 69
62 72
62 73
62 76
62 78
62 79
62 80
62 81
62 98
62 99
63 63
63 66
63 68
63 69
63 72
63 73
63 74
63 76
63 77
63 80
63 81
63 98
63 99
63 103
63 108
63 113
64 64
64 65
64 67
64 75
64 82
64 83
64 84
64 85
64 86
64 87
64 88
64 89
64 91
64 92
64 93
65 65
65 67
65 82
65 84
65 85
65 86
65 87
65 88
65 89
65 92
65 93
66 66
66 67
66 68
66 69
66 72
66 96
66 97
66 98
66 99
66 100
66 101
66 103
66 104
66 110
67 67
67 85
67 86
67 88
67 92
67 93
67 97
67 100
67 104
67 110
67 114
68 68
68 69
68 72
68 78
68 79
68 80
68 81
68 90
68 96
68 97
68 98
68 99
68 103
68 105
68 108
68 110
68 111
68 112
69 69
69 79
69 81
69 90
69 91
69 97
69 98
69 99
69 103
69 105
69 108
69 111
69 112
69 113
69 115
70 70
70 73
70 74
70 75
70 76
70 77
70 101
71 71
71 78
71 80
71 81
71 82
71 83
71 85
71 87
71 89
71 101
72 72
72 73
72 74
72 76
72 77
72 78
72 79
72 80
72 81
72 98
72 103
73 73
73 74
73 75
73 76
73 77
73 79
73 95
73 108
74 74
74 75
74 76
74 87
74 100
75 75
75 76
75 77
75 84
75 86
75 93
75 95
75 108
76 76
76 77
76 79
76 95
76 96
76 97
76 110
77 77
77 79
77 86
77 95
77 96
77 97
77 108
77 110
77 114
78 78
78 79
78 80
78 81
78 83
78 98
78 99
78 103
79 79
79 80
79 81
79 96
79 99
79 103
80 80
80 81
80 82
80 83
80 98
80 99
80 115
81 81
81 82
81 83
81 98
81 99
81 115
82 82
82 83
82 84
82 85
82 87
82 89
82 100
83 83
83 85
83 87
83 89
84 84
84 85
84 86
84 87
84 88
84 89
84 93
84 100
85 85
85 86
85 87
85 100
86 86
86 87
86 88
86 89
86 92
86 100
87 87
87 88
87 89
87 100
87 107
88 88
88 89
88 92
88 93
89 89
89 92
90 90
90 91
90 103
90 105
90 111
90 112
91 91
91 92
91 93
91 99
91 105
91 110
91 111
91 112
91 114
92 92
92 93
92 104
92 110
92 114
93 93
93 94
93 95
93 101
93 105
93 110
93 111
93 114
94 94
94 96
94 97
94 105
94 106
94 107
94 108
94 109
94 110
94 111
94 114
95 95
95 96
95 97
95 105
95 108
95 110
95 111
96 96
96 97
96 98
96 99
96 103
96 104
96 106
96 109
96 110
96 111
97 97
97 98
97 99
97 108
97 110
97 111
97 114
98 98
98 99
98 103
98 104
98 110
98 111
98 112
99 99
99 103
99 104
99 105
99 108
99 110
99 111
99 112
99 113
100 100
100 113
101 101
102 102
102 104
103 103
103 104
103 105
103 110
103 111
103 114
104 104
104 105
104 110
104 111
104 112
104 113
104 114
105 105
105 108
105 110
105 111
105 113
105 114
105 115
106 106
106 107
106 109
106 113
107 107
107 115
108 108
108 110
108 111
108 114
109 109
110 110
110 111
110 112
110 113
110 114
111 111
111 112
111 113
112 112
112 113
113 113
114 114
115 115
