0 0
0 1
0 16
0 18
0 19
0 32
0 34
0 38
0 54
0 56
0 57
0 58
0 60
0 62
0 63
0 66
0 68
0 69
0 77
0 86
0 87
0 89
0 91
0 96
0 99
0 102
0 103
0 104
0 109
1 1
1 18
1 19
1 32
1 34
1 38
1 54
1 56
1 57
1 63
1 68
1 69
1 76
1 77
1 78
1 79
1 80
1 81
1 84
1 87
1 90
1 96
1 103
1 104
1 106
1 109
2 2
2 3
2 6
2 7
2 10
2 14
2 21
2 22
2 23
2 25
2 26
2 30
2 31
2 70
2 71
2 83
2 101
2 107
3 3
3 4
3 7
3 8
3 10
3 14
3 20
3 22
3 23
3 25
3 26
3 27
3 30
3 31
3 39
3 59
3 64
3 70
4 4
4 5
4 7
4 8
4 9
4 11
4 12
4 13
4 14
4 15
4 20
4 21
4 22
4 23
4 24
4 25
4 26
4 28
4 29
4 30
4 31
4 36
4 37
4 40
4 49
4 70
4 71
4 72
4 73
4 75
4 83
5 5
5 6
5 7
5 8
5 9
5 11
5 12
5 13
5 15
5 25
5 28
5 29
5 30
5 31
5 65
5 70
5 71
5 72
5 83
5 88
6 6
6 7
6 9
6 10
6 11
6 12
6 13
6 14
6 15
6 21
6 22
6 23
6 25
6 30
6 31
6 70
6 71
6 83
6 93
6 114
7 7
7 9
7 11
7 12
7 13
7 15
7 21
7 22
7 23
7 25
7 30
7 31
7 64
7 65
7 67
7 70
7 71
7 83
7 88
8 8
8 9
8 14
8 15
8 16
8 17
8 20
8 21
8 22
8 23
8 25
8 26
8 27
8 28
8 29
8 30
8 37
8 39
8 40
8 41
8 70
8 72
8 75
8 81
8 83
8 92
9 9
9 11
9 12
9 13
9 14
9 15
9 20
9 21
9 25
9 28
9 29
9 30
9 31
9 40
9 41
9 65
9 70
9 71
9 72
9 75
9 82
9 83
9 88
9 95
10 10
10 11
10 12
10 14
10 16
10 18
10 21
10 22
10 23
10 25
10 26
10 27
10 30
10 31
10 41
10 64
10 70
10 71
10 72
10 73
10 74
10 88
10 93
11 11
11 12
11 13
11 15
11 21
11 22
11 23
11 25
11 28
11 29
11 30
11 31
11 64
11 65
11 67
11 70
11 71
11 72
11 73
11 85
12 12
12 13
12 14
12 15
12 22
12 23
12 28
12 29
12 30
12 31
12 65
12 70
12 71
12 72
12 83
12 93
13 13
13 15
13 21
13 23
13 25
13 28
13 29
13 30
13 31
13 61
13 65
13 70
13 71
13 72
13 73
13 75
13 83
13 100
14 14
14 15
14 17
14 20
14 21
14 22
14 23
14 24
14 25
14 26
14 27
14 28
14 29
14 30
14 31
14 36
14 37
14 39
14 40
14 41
14 70
14 71
14 72
14 73
14 74
14 75
14 81
14 82
14 83
15 15
15 20
15 21
15 25
15 28
15 29
15 30
15 31
15 36
15 37
15 40
15 70
15 71
15 72
15 73
15 75
15 82
15 83
15 100
16 16
16 17
16 56
16 57
16 68
16 72
16 74
16 77
16 78
16 79
16 80
16 81
16 92
17 17
17 20
17 28
17 29
17 36
17 70
17 72
17 73
17 74
17 75
17 77
17 78
17 79
17 81
17 92
17 111
18 18
18 19
18 32
18 33
18 34
18 38
18 41
18 56
18 57
18 68
18 69
18 74
18 76
18 77
18 80
18 84
18 85
18 86
18 87
18 88
18 89
18 91
18 94
18 95
18 102
18 103
18 104
18 106
18 107
18 108
18 109
18 114
19 19
19 32
19 34
19 38
19 39
19 56
19 57
19 59
19 63
19 68
19 69
19 76
19 77
19 80
19 81
19 84
19 87
19 88
19 89
19 91
19 95
19 96
19 102
19 103
19 104
19 106
19 107
19 108
19 109
20 20
20 21
20 22
20 23
20 25
20 26
20 27
20 28
20 29
20 30
20 31
20 36
20 37
20 39
20 40
20 41
20 70
20 71
20 72
20 73
20 74
20 75
20 82
20 83
20 87
21 21
21 22
21 23
21 25
21 26
21 27
21 28
21 29
21 30
21 31
21 37
21 40
21 41
21 70
21 71
21 72
21 73
21 74
21 75
21 82
21 83
21 94
21 115
22 22
22 23
22 24
22 25
22 26
22 30
22 31
22 70
22 71
22 72
22 75
22 83
23 23
23 24
23 25
23 26
23 27
23 29
23 30
23 31
23 37
23 39
23 70
23 71
23 72
23 75
24 24
24 25
24 26
24 29
24 37
24 42
24 43
24 45
24 47
24 49
24 51
24 59
24 83
25 25
25 26
25 27
25 28
25 29
25 30
25 31
25 37
25 39
25 70
25 71
25 72
25 73
25 75
25 83
26 26
26 27
26 29
26 30
26 39
26 70
26 71
26 73
26 75
26 87
27 27
27 29
27 30
27 37
27 39
27 40
27 41
27 70
27 72
27 73
27 74
27 75
27 77
27 86
27 87
27 88
28 28
28 29
28 30
28 31
28 36
28 37
28 40
28 70
28 71
28 72
28 73
28 74
28 75
28 78
28 79
28 81
28 82
28 83
29 29
29 30
29 31
29 36
29 37
29 40
29 41
29 70
29 71
29 72
29 73
29 74
29 75
29 79
29 82
29 83
30 30
30 31
30 37
30 40
30 41
30 70
30 71
30 72
30 73
30 75
30 82
30 83
30 88
31 31
31 70
31 71
31 72
31 73
31 75
31 82
31 83
32 32
32 33
32 34
32 56
32 57
32 60
32 63
32 66
32 69
32 84
32 85
32 91
32 96
32 99
32 103
32 104
32 110
33 33
33 34
33 58
33 60
33 61
33 66
33 84
33 85
33 86
33 99
33 110
34 34
34 35
34 38
34 54
34 55
34 56
34 57
34 68
34 69
34 85
34 87
34 89
34 91
34 95
34 96
34 97
34 99
34 102
34 103
34 104
34 105
34 106
34 107
34 108
34 109
35 35
35 43
35 44
35 45
35 46
35 47
35 48
35 49
35 50
35 51
35 52
35 53
35 54
35 55
35 58
35 60
35 65
35 66
35 67
35 89
35 90
35 96
35 97
35 99
35 100
36 36
36 37
36 40
36 70
36 71
36 72
36 73
36 74
36 75
36 76
36 77
36 78
36 82
36 100
37 37
37 39
37 40
37 41
37 70
37 71
37 72
37 73
37 74
37 75
37 82
37 83
37 87
37 88
37 100
38 38
38 41
38 54
38 56
38 57
38 62
38 63
38 68
38 69
38 74
38 76
38 77
38 82
38 84
38 85
38 86
38 87
38 88
38 89
38 91
38 94
38 95
38 96
38 97
38 102
38 103
38 104
38 106
38 107
38 108
38 109
39 39
39 40
39 41
39 56
39 86
39 87
39 88
39 89
39 95
39 96
39 97
39 109
40 40
40 41
40 71
40 72
40 73
40 74
40 75
40 76
40 82
40 83
40 86
40 87
40 88
40 94
40 100
40 115
41 41
41 70
41 72
41 73
41 74
41 75
41 82
41 83
41 86
41 87
41 88
41 94
41 95
41 109
42 42
42 43
42 44
42 45
42 46
42 47
42 48
42 49
42 50
42 51
42 52
42 53
42 55
42 90
42 98
42 99
42 100
42 111
42 112
43 43
43 44
43 45
43 46
43 47
43 48
43 49
43 50
43 51
43 52
43 53
43 54
43 55
43 90
43 96
43 98
43 99
43 100
43 111
43 112
44 44
44 45
44 46
44 47
44 48
44 49
44 50
44 51
44 52
44 53
44 55
44 67
44 98
44 99
44 100
44 111
44 112
45 45
45 46
45 47
45 48
45 49
45 50
45 51
45 53
45 55
45 67
45 98
45 99
45 111
45 112
46 46
46 47
46 48
46 49
46 50
46 51
46 52
46 53
46 55
46 90
46 96
46 98
46 99
46 100
46 102
46 104
46 111
46 112
47 47
47 48
47 49
47 50
47 51
47 52
47 53
47 54
47 55
47 66
47 90
47 91
47 96
47 97
47 98
47 99
47 100
47 110
47 111
47 112
48 48
48 49
48 50
48 51
48 52
48 53
48 54
48 55
48 90
48 92
48 98
48 99
48 100
48 111
48 112
49 49
49 50
49 51
49 52
49 53
49 55
49 90
49 98
49 99
49 100
49 111
49 112
50 50
50 51
50 52
50 53
50 54
50 66
50 67
50 90
50 92
50 98
50 111
50 112
51 51
51 52
51 53
51 54
51 65
51 66
51 90
51 98
51 112
52 52
52 53
52 54
52 55
52 58
52 60
52 61
52 65
52 90
52 96
52 97
52 98
52 99
52 100
52 112
53 53
53 54
53 90
53 91
53 98
53 99
53 100
53 104
53 105
53 111
53 112
53 115
54 54
54 55
54 56
54 57
54 58
54 68
54 86
54 89
54 90
54 96
54 97
54 99
54 100
55 55
55 90
55 96
55 97
55 98
55 99
55 100
55 102
55 104
56 56
56 57
56 63
56 66
56 68
56 69
56 77
56 80
56 85
56 87
56 89
56 95
56 96
56 99
56 102
56 103
56 104
56 109
57 57
57 63
57 68
57 69
57 76
57 77
57 78
57 79
57 80
57 81
57 87
57 90
57 91
57 96
57 98
57 99
57 102
57 103
57 104
57 109
58 58
58 59
58 60
58 61
58 62
58 63
58 65
58 66
58 89
58 92
58 96
59 59
59 61
59 63
59 66
59 69
59 102
60 60
60 61
60 62
60 63
60 64
60 65
60 66
60 84
60 86
60 92
61 61
61 63
61 65
61 66
61 84
61 86
61 89
62 62
62 63
62 64
62 65
62 68
62 69
62 77
62 80
62 84
62 85
62 92
62 114
63 63
63 68
63 69
63 74
63 77
63 79
63 84
63 86
63 88
63 96
64 64
64 67
64 85
65 65
65 67
65 92
66 66
66 67
66 69
66 89
66 96
66 98
66 99
66 110
67 67
67 85
67 97
67 110
68 68
68 69
68 76
68 77
68 79
68 80
68 81
68 84
68 87
68 91
68 103
68 104
68 106
68 107
68 109
69 69
69 76
69 77
69 78
69 90
69 91
69 101
69 103
69 104
69 106
69 107
69 109
70 70
70 71
70 72
70 73
70 75
71 71
71 72
71 73
71 75
71 82
71 83
72 72
72 73
72 74
72 75
72 77
72 79
72 83
73 73
73 74
73 75
73 76
73 77
73 79
73 82
73 86
74 74
74 75
74 76
74 77
74 79
74 81
74 82
74 84
74 86
74 87
75 75
75 77
75 82
75 83
76 76
76 77
76 78
76 79
76 80
76 81
76 82
76 84
76 94
76 103
76 105
76 109
76 114
76 115
77 77
77 78
77 79
77 80
77 81
77 84
77 86
77 87
78 78
78 79
78 80
78 81
78 94
78 103
78 106
78 111
78 115
79 79
79 80
79 81
79 84
79 86
80 80
80 81
80 91
80 93
80 103
80 104
80 105
80 106
80 107
80 109
81 81
81 82
81 84
81 87
81 94
81 103
81 109
82 82
82 83
82 84
82 86
82 88
82 94
82 115
83 83
83 94
83 101
83 113
83 115
84 84
84 85
84 86
84 87
84 88
84 89
84 94
84 95
84 108
84 109
84 114
85 85
85 89
85 110
85 114
86 86
86 87
86 89
86 96
87 87
87 88
87 89
87 102
87 103
87 104
87 106
87 107
87 108
87 109
88 88
88 89
88 95
88 102
88 108
88 109
89 89
89 95
89 96
89 97
89 99
89 100
89 102
89 110
90 90
90 91
90 92
90 96
90 97
90 98
90 99
90 100
90 112
91 91
91 93
91 99
91 103
91 104
91 106
91 107
91 112
92 92
93 93
93 111
93 112
94 94
94 102
94 103
94 104
94 105
94 107
94 108
94 109
94 113
94 114
94 115
95 95
95 96
95 101
95 102
95 103
95 104
95 105
95 106
95 107
95 108
95 109
95 114
96 96
96 97
96 98
96 99
96 102
96 109
97 97
97 99
97 100
97 102
97 110
98 98
98 99
98 100
98 102
98 104
98 106
98 107
98 111
98 112
99 99
99 100
99 102
99 103
99 104
99 110
99 111
99 112
100 100
100 102
100 112
101 101
101 102
101 103
101 104
101 106
101 107
102 102
102 103
102 104
102 105
102 106
102 107
102 108
102 109
102 113
103 103
103 104
103 105
103 106
103 107
103 108
103 109
103 113
103 114
103 115
104 104
104 105
104 106
104 107
104 108
104 109
104 112
104 113
104 114
104 115
105 105
105 106
105 107
105 108
105 109
105 113
105 114
105 115
106 106
106 107
106 108
106 109
106 113
106 114
107 107
107 108
107 109
107 113
107 114
107 115
108 108
108 109
108 114
109 109
110 110
110 111
110 112
111 111
111 112
111 113
111 115
112 112
112 113
113 113
113 114
113 115
114 114
114 115
115 115
