0 0
0 1
0 13
0 16
0 17
0 18
0 28
0 32
0 40
0 52
0 56
0 57
0 58
0 59
0 60
0 61
0 62
0 63
0 68
0 72
0 89
0 98
0 99
0 101
0 113
1 1
1 11
1 13
1 16
1 17
1 19
1 28
1 29
1 32
1 33
1 40
1 52
1 56
1 57
1 59
1 60
1 61
1 62
1 63
1 68
1 72
1 74
1 80
1 81
1 83
2 2
2 3
2 4
2 5
2 6
2 7
2 8
2 10
2 12
2 14
2 18
2 22
2 23
2 24
2 25
2 26
2 27
2 30
2 31
2 34
2 35
2 50
2 64
2 84
2 86
2 88
2 93
3 3
3 5
3 7
3 9
3 11
3 14
3 21
3 22
3 23
3 24
3 25
3 27
3 30
3 31
3 34
3 35
3 50
3 64
3 65
3 67
3 71
3 83
3 84
3 85
3 86
3 87
3 88
3 92
4 4
4 5
4 6
4 7
4 8
4 9
4 14
4 22
4 24
4 25
4 26
4 44
4 45
4 64
4 67
4 88
4 90
4 91
4 93
4 103
4 105
4 114
5 5
5 6
5 7
5 9
5 14
5 20
5 21
5 22
5 23
5 24
5 25
5 26
5 27
5 34
5 35
5 45
5 48
5 50
5 54
5 64
5 65
5 67
5 84
5 85
5 86
5 87
5 88
5 89
5 92
6 6
6 7
6 8
6 9
6 10
6 12
6 13
6 14
6 15
6 18
6 26
6 32
6 60
6 64
6 83
6 88
6 93
6 101
6 106
7 7
7 9
7 11
7 13
7 15
7 20
7 21
7 23
7 24
7 25
7 30
7 31
7 33
7 50
7 64
7 65
7 67
7 75
7 83
7 84
7 85
7 86
7 88
7 92
7 106
8 8
8 9
8 10
8 12
8 14
8 15
8 18
8 19
8 22
8 23
8 64
8 82
8 83
8 88
8 90
8 91
8 93
9 9
9 11
9 13
9 15
9 20
9 21
9 23
9 24
9 25
9 30
9 31
9 64
9 65
9 83
9 84
9 85
9 86
9 87
9 88
9 89
9 92
10 10
10 11
10 12
10 14
10 15
10 18
10 22
10 28
10 32
10 33
10 50
10 60
10 64
10 74
10 82
10 83
10 84
10 86
11 11
11 12
11 13
11 14
11 15
11 28
11 29
11 30
11 31
11 32
11 33
11 36
11 40
11 41
11 50
11 64
11 65
11 74
11 83
11 84
11 85
11 86
11 87
12 12
12 13
12 14
12 15
12 18
12 28
12 32
12 33
12 60
12 61
12 64
12 65
12 72
12 83
12 107
13 13
13 15
13 16
13 17
13 28
13 29
13 32
13 33
13 60
13 61
13 62
13 63
13 65
13 72
13 75
13 80
14 14
14 15
14 22
14 23
14 24
14 25
14 26
14 27
14 31
14 34
14 50
14 52
14 54
14 64
14 82
14 83
14 84
14 86
14 88
14 93
15 15
15 17
15 28
15 29
15 36
15 40
15 41
15 60
15 61
15 65
15 72
15 83
16 16
16 17
16 28
16 29
16 32
16 40
16 55
16 56
16 57
16 60
16 61
16 62
16 63
16 72
16 74
16 78
16 79
16 80
16 81
16 95
16 96
16 97
16 99
17 17
17 28
17 29
17 36
17 37
17 41
17 56
17 58
17 60
17 61
17 62
17 63
17 65
17 71
17 72
17 73
17 75
17 78
17 79
17 80
17 81
17 99
17 112
18 18
18 19
18 28
18 32
18 54
18 60
18 72
18 74
18 76
18 82
18 98
18 99
18 102
18 107
19 19
19 28
19 57
19 68
19 69
19 76
19 77
19 82
19 90
19 91
19 98
19 105
19 111
19 114
20 20
20 21
20 25
20 30
20 35
20 37
20 42
20 43
20 44
20 45
20 70
20 71
20 75
20 79
21 21
21 22
21 23
21 24
21 25
21 26
21 27
21 30
21 31
21 34
21 35
21 37
21 38
21 39
21 45
21 50
21 64
21 65
21 70
21 71
21 75
21 79
21 84
21 85
21 86
21 87
21 88
21 89
21 95
22 22
22 23
22 24
22 25
22 26
22 27
22 30
22 31
22 34
22 35
22 48
22 50
22 51
22 53
22 64
22 71
22 82
22 84
22 86
22 87
22 88
22 93
23 23
23 24
23 25
23 26
23 27
23 30
23 31
23 34
23 35
23 50
23 64
23 67
23 71
23 82
23 83
23 84
23 86
23 87
23 88
23 92
23 93
24 24
24 25
24 26
24 27
24 30
24 31
24 34
24 35
24 45
24 48
24 50
24 51
24 64
24 67
24 70
24 71
24 84
24 86
24 87
24 88
24 93
24 110
25 25
25 26
25 27
25 30
25 31
25 34
25 35
25 45
25 48
25 50
25 64
25 65
25 67
25 70
25 71
25 84
25 85
25 86
25 87
25 88
25 110
26 26
26 27
26 35
26 38
26 48
26 50
26 52
26 53
26 54
26 66
26 67
26 84
26 86
26 87
26 88
26 89
26 110
27 27
27 31
27 34
27 35
27 38
27 39
27 48
27 50
27 54
27 64
27 67
27 84
27 85
27 86
27 87
27 88
27 89
27 104
27 110
28 28
28 29
28 32
28 33
28 36
28 40
28 41
28 60
28 62
28 68
28 72
28 74
28 76
28 78
28 79
28 80
28 81
28 82
28 83
29 29
29 30
29 32
29 33
29 36
29 37
29 40
29 41
29 42
29 61
29 62
29 63
29 72
29 73
29 74
29 75
29 78
29 79
29 80
29 81
29 83
29 112
30 30
30 31
30 32
30 33
30 34
30 35
30 50
30 64
30 71
30 75
30 84
30 86
30 106
31 31
31 33
31 34
31 35
31 50
31 64
31 71
31 75
31 78
31 82
31 83
31 84
31 85
31 86
31 87
31 106
32 32
32 33
32 36
32 40
32 56
32 60
32 62
32 63
32 68
32 72
32 74
32 78
32 80
32 81
32 102
32 107
32 112
33 33
33 36
33 40
33 41
33 56
33 62
33 72
33 74
33 75
33 78
33 80
33 81
33 82
33 83
33 109
34 34
34 35
34 43
34 48
34 50
34 64
34 66
34 67
34 84
34 86
34 87
34 96
34 110
35 35
35 43
35 45
35 50
35 64
35 65
35 67
35 71
35 84
35 86
35 88
35 110
36 36
36 37
36 40
36 41
36 62
36 63
36 72
36 73
36 74
36 76
36 78
36 80
36 81
36 82
36 83
36 107
36 113
37 37
37 38
37 39
37 41
37 42
37 43
37 46
37 47
37 55
37 74
37 75
37 79
37 85
37 87
37 95
37 96
37 97
37 98
37 102
37 104
37 109
37 110
37 111
37 112
38 38
38 39
38 41
38 46
38 48
38 50
38 52
38 54
38 55
38 66
38 83
38 85
38 86
38 87
38 88
38 94
38 95
38 96
39 39
39 41
39 47
39 48
39 55
39 71
39 79
39 87
39 94
39 95
39 96
39 97
39 98
39 108
39 109
39 110
40 40
40 41
40 46
40 56
40 62
40 68
40 72
40 73
40 74
40 76
40 77
40 81
40 82
40 99
40 102
40 107
40 113
41 41
41 46
41 72
41 73
41 74
41 76
41 77
41 83
41 95
41 96
41 109
42 42
42 43
42 44
42 45
42 46
42 47
42 49
42 55
42 75
42 85
42 96
42 97
42 98
42 99
42 100
42 102
42 107
42 108
42 111
42 112
43 43
43 44
43 45
43 46
43 47
43 49
43 50
43 55
43 75
43 85
43 96
43 110
44 44
44 45
44 46
44 47
44 48
44 49
44 51
44 55
44 68
44 95
44 97
44 98
44 99
44 100
44 102
44 110
44 111
44 112
45 45
45 47
45 49
45 51
45 65
45 67
45 71
45 110
46 46
46 47
46 49
46 51
46 53
46 54
46 55
46 96
46 98
46 102
46 107
46 109
46 110
46 111
47 47
47 49
47 55
47 94
47 95
47 96
47 97
47 98
47 102
47 108
47 109
47 110
47 111
48 48
48 49
48 50
48 51
48 52
48 53
48 54
48 55
48 58
48 59
48 66
48 86
48 87
48 88
48 96
48 97
48 100
48 104
48 108
49 49
49 51
49 53
49 57
49 58
49 59
49 61
49 63
49 90
49 98
49 99
49 102
49 107
49 111
49 112
50 50
50 51
50 52
50 53
50 64
50 65
50 71
50 84
50 85
50 86
50 87
50 88
51 51
51 52
51 53
51 54
51 55
51 58
51 59
51 71
51 87
51 89
51 98
51 104
51 112
52 52
52 53
52 54
52 58
52 59
52 60
52 61
52 62
52 63
52 66
52 86
52 88
52 89
52 104
53 53
53 54
53 55
53 58
53 59
53 86
53 87
53 88
53 89
53 90
53 91
53 98
53 99
53 103
53 108
54 54
54 55
54 58
54 66
54 86
54 88
54 89
54 90
54 91
54 93
54 96
54 97
54 98
54 104
54 107
55 55
55 66
55 86
55 87
55 89
55 94
55 95
55 96
55 97
55 98
55 99
55 102
55 108
55 109
55 111
55 112
56 56
56 57
56 58
56 59
56 60
56 61
56 62
56 63
56 68
56 72
56 77
56 78
56 80
56 81
56 99
56 111
56 113
57 57
57 58
57 59
57 61
57 62
57 63
57 68
57 69
57 72
57 76
57 77
57 78
57 80
57 81
57 90
57 91
57 97
57 98
57 99
57 105
57 111
57 114
57 115
58 58
58 59
58 60
58 61
58 62
58 63
58 66
58 89
58 90
58 91
58 98
58 99
59 59
59 61
59 62
59 63
59 66
59 68
59 69
59 98
59 99
59 105
59 114
59 115
60 60
60 61
60 62
60 63
60 65
60 72
60 101
61 61
61 62
61 63
61 65
61 72
61 80
61 98
62 62
62 63
62 68
62 72
62 74
62 80
62 81
62 99
63 63
63 68
63 72
63 75
63 79
63 80
63 81
63 98
63 99
63 111
64 64
64 65
64 82
64 83
64 84
64 85
64 86
64 87
64 88
64 93
65 65
65 71
65 75
65 83
65 84
65 85
65 86
65 87
65 89
66 66
66 68
66 69
66 95
66 96
66 97
66 98
66 100
66 102
66 107
67 67
67 69
67 88
67 91
67 92
67 105
67 110
67 114
67 115
68 68
68 69
68 72
68 76
68 77
68 80
68 81
68 90
68 91
68 95
68 97
68 98
68 99
68 105
68 111
68 114
68 115
69 69
69 76
69 77
69 90
69 91
69 95
69 97
69 98
69 99
69 103
69 105
69 109
69 110
69 111
69 114
69 115
70 70
70 71
70 73
70 75
70 105
70 110
71 71
71 73
71 75
71 79
71 87
72 72
72 73
72 74
72 76
72 78
72 79
72 80
72 81
72 96
72 99
73 73
73 74
73 75
73 76
73 77
73 81
73 112
74 74
74 75
74 76
74 82
74 96
74 104
74 107
75 75
75 79
75 87
75 112
76 76
76 77
76 81
76 90
76 91
76 99
76 101
76 105
76 114
77 77
77 81
77 90
77 91
77 99
77 105
77 106
77 110
77 111
77 114
77 115
78 78
78 79
78 80
78 81
78 94
78 109
79 79
79 80
79 81
79 84
79 87
79 112
79 113
80 80
80 81
80 99
81 81
81 85
81 111
81 113
82 82
82 83
82 84
82 85
82 86
82 88
83 83
83 84
83 85
83 86
83 87
83 88
84 84
84 85
84 86
84 87
84 88
85 85
85 86
85 87
85 88
85 89
86 86
86 87
86 88
86 89
87 87
87 88
87 89
87 95
87 96
88 88
88 89
89 89
89 92
90 90
90 91
90 92
90 93
90 98
90 99
90 100
90 103
90 105
90 111
90 114
91 91
91 92
91 93
91 98
91 99
91 101
91 103
91 105
91 106
91 110
91 111
91 114
91 115
92 92
92 93
92 100
92 101
92 103
92 105
93 93
93 94
93 99
93 100
93 101
93 102
93 103
93 108
93 111
93 112
93 113
94 94
94 95
94 96
94 97
94 108
94 109
94 111
94 113
94 115
95 95
95 96
95 97
95 98
95 99
95 108
95 109
95 110
95 111
96 96
96 97
96 98
96 99
96 102
96 104
96 107
96 108
96 109
96 110
96 111
97 97
97 98
97 99
97 108
97 109
97 110
97 111
97 112
97 113
97 115
98 98
98 99
98 100
98 102
98 108
98 109
98 111
98 112
99 99
99 102
99 103
99 105
99 108
99 111
99 112
99 113
99 114
99 115
100 100
100 102
100 104
100 107
100 108
100 112
101 101
101 103
101 106
102 102
102 103
102 104
102 107
102 111
102 112
102 113
103 103
103 104
103 105
103 106
103 107
103 110
103 111
103 112
103 113
103 114
103 115
104 104
104 107
104 112
104 113
105 105
105 110
105 111
105 114
105 115
106 106
106 113
106 114
107 107
107 109
107 113
108 108
108 109
108 111
109 109
109 110
109 111
110 110
110 111
111 111
111 112
111 113
111 114
111 115
112 112
112 113
113 113
113 114
114 114
114 115
115 115
