0 0
0 1
0 10
0 11
0 12
0 13
0 15
0 18
0 19
0 28
0 29
0 52
0 56
0 58
0 59
0 60
0 61
0 62
0 69
0 90
0 91
0 99
0 100
0 102
1 1
1 10
1 11
1 16
1 17
1 19
1 36
1 38
1 51
1 52
1 53
1 54
1 56
1 57
1 58
1 59
1 60
1 61
1 62
1 63
1 68
1 69
1 81
1 89
1 99
1 100
1 102
1 104
1 106
2 2
2 3
2 4
2 6
2 7
2 22
2 23
2 24
2 25
2 26
2 30
2 31
2 60
2 66
2 70
2 71
2 90
2 91
2 93
2 94
2 101
2 102
2 103
3 3
3 5
3 6
3 7
3 9
3 15
3 30
3 33
3 65
3 77
3 92
3 100
4 4
4 6
4 7
4 8
4 9
4 10
4 11
4 12
4 13
4 14
4 15
4 24
4 26
4 28
4 50
4 52
4 58
4 64
4 71
4 75
4 88
4 91
4 93
4 105
5 5
5 9
5 21
5 22
5 23
5 24
5 25
5 26
5 27
5 30
5 31
5 34
5 35
5 37
5 52
5 67
5 77
5 92
5 93
5 100
5 104
5 110
5 112
5 113
6 6
6 7
6 8
6 9
6 10
6 11
6 12
6 13
6 22
6 28
6 31
6 44
6 49
6 64
6 65
6 70
6 71
6 88
6 91
6 93
6 101
7 7
7 8
7 9
7 11
7 13
7 15
7 28
7 29
7 30
7 61
7 65
7 71
7 75
7 77
7 92
7 100
8 8
8 9
8 10
8 11
8 12
8 13
8 14
8 15
8 22
8 24
8 26
8 28
8 30
8 50
8 58
8 64
8 65
8 71
8 84
8 88
8 91
8 105
9 9
9 11
9 13
9 15
9 21
9 24
9 26
9 28
9 29
9 30
9 50
9 65
9 71
9 73
9 75
9 77
9 92
9 100
9 105
10 10
10 11
10 12
10 13
10 14
10 15
10 16
10 17
10 18
10 28
10 29
10 36
10 58
10 60
10 62
10 63
10 72
10 73
10 74
10 78
10 79
10 80
10 91
10 102
11 11
11 12
11 13
11 15
11 16
11 17
11 28
11 29
11 36
11 60
11 61
11 62
11 63
11 65
11 72
11 73
11 78
11 79
11 80
11 102
12 12
12 13
12 14
12 15
12 16
12 28
12 60
12 62
12 64
12 65
12 72
12 84
12 88
12 91
13 13
13 14
13 15
13 16
13 28
13 29
13 52
13 60
13 61
13 62
13 64
13 65
13 72
13 88
14 14
14 15
14 22
14 24
14 26
14 27
14 28
14 38
14 58
14 64
14 82
14 83
14 84
14 88
14 89
14 91
14 105
15 15
15 26
15 28
15 29
15 37
15 38
15 52
15 58
15 60
15 61
15 65
15 73
15 82
15 83
15 88
15 89
15 100
15 112
16 16
16 17
16 18
16 28
16 29
16 32
16 36
16 40
16 56
16 57
16 62
16 63
16 72
16 73
16 74
16 76
16 78
16 79
16 80
16 81
16 82
16 84
16 87
16 102
16 115
17 17
17 18
17 28
17 29
17 32
17 36
17 56
17 57
17 62
17 63
17 66
17 68
17 70
17 72
17 73
17 74
17 76
17 78
17 79
17 80
17 81
17 84
17 115
18 18
18 19
18 28
18 29
18 32
18 62
18 66
18 68
18 70
18 72
18 73
18 74
18 75
18 76
18 77
18 80
18 81
18 83
18 91
18 101
18 102
18 106
19 19
19 32
19 37
19 41
19 46
19 52
19 54
19 56
19 57
19 59
19 66
19 69
19 82
19 83
19 95
19 96
19 98
19 99
19 106
19 107
19 108
19 110
19 113
19 114
20 20
20 21
20 24
20 25
20 26
20 30
20 34
20 41
20 70
20 71
20 73
20 74
20 75
20 77
20 111
21 21
21 24
21 25
21 26
21 30
21 31
21 34
21 50
21 68
21 70
21 71
21 73
21 75
21 76
21 77
21 78
21 79
21 84
21 103
21 104
21 105
22 22
22 23
22 24
22 25
22 26
22 27
22 30
22 31
22 34
22 35
22 50
22 64
22 67
22 71
22 88
22 93
22 94
22 103
22 114
23 23
23 24
23 25
23 26
23 27
23 30
23 31
23 33
23 34
23 35
23 39
23 45
23 50
23 67
23 86
23 88
23 93
23 94
23 95
23 96
23 97
23 103
23 108
23 109
23 110
23 114
24 24
24 25
24 26
24 27
24 30
24 31
24 34
24 35
24 50
24 64
24 67
24 71
24 77
24 84
24 88
24 92
24 93
24 103
24 104
24 105
24 107
25 25
25 26
25 27
25 30
25 31
25 33
25 34
25 35
25 45
25 50
25 67
25 71
25 92
25 93
25 94
25 103
25 104
25 105
25 109
25 114
26 26
26 27
26 30
26 34
26 50
26 58
26 64
26 88
26 89
26 92
27 27
27 30
27 34
27 37
27 41
27 59
27 67
27 86
27 88
27 89
27 92
27 93
27 95
27 96
27 97
27 107
27 108
27 109
27 110
27 112
27 114
28 28
28 29
28 33
28 36
28 60
28 62
28 63
28 70
28 72
28 73
28 74
28 75
28 76
28 78
28 79
28 80
28 81
28 83
28 102
29 29
29 32
29 33
29 36
29 38
29 40
29 52
29 62
29 63
29 72
29 73
29 74
29 75
29 76
29 78
29 79
29 80
29 81
29 82
29 83
29 99
29 113
30 30
30 31
30 33
30 64
30 70
30 71
30 73
30 75
30 77
30 83
30 87
30 114
31 31
31 33
31 39
31 64
31 70
31 71
31 74
31 75
31 77
31 78
31 83
31 94
31 103
31 114
32 32
32 33
32 36
32 39
32 40
32 41
32 44
32 49
32 56
32 57
32 63
32 72
32 74
32 79
32 80
32 81
32 82
32 83
32 87
32 95
32 96
32 106
32 108
32 110
33 33
33 35
33 39
33 40
33 44
33 45
33 49
33 65
33 67
33 72
33 74
33 78
33 79
33 81
33 83
33 87
33 94
34 34
34 35
34 45
34 57
34 66
34 67
34 68
34 86
34 94
35 35
35 43
35 44
35 45
35 49
35 65
35 67
35 85
35 94
36 36
36 38
36 40
36 54
36 56
36 62
36 63
36 70
36 72
36 73
36 74
36 75
36 76
36 78
36 79
36 80
36 81
36 82
36 83
36 84
36 85
37 37
37 38
37 39
37 40
37 41
37 43
37 46
37 47
37 53
37 54
37 55
37 77
37 82
37 83
37 86
37 89
37 92
37 95
37 96
37 97
37 98
37 99
37 100
37 106
37 107
37 108
37 109
37 110
37 111
37 112
37 113
38 38
38 40
38 52
38 53
38 54
38 82
38 96
38 98
38 109
39 39
39 40
39 41
39 45
39 55
39 67
39 82
39 86
39 87
39 94
39 95
39 96
39 97
39 108
39 109
39 110
39 114
40 40
40 41
40 54
40 55
40 72
40 73
40 74
40 76
40 79
40 80
40 81
40 82
40 83
40 86
40 87
40 95
40 96
40 99
40 108
40 109
40 110
41 41
41 54
41 82
41 83
41 86
41 93
41 95
41 96
41 97
41 98
41 99
41 106
41 107
41 108
41 109
41 110
41 113
42 42
42 43
42 44
42 45
42 46
42 47
42 48
42 49
42 51
42 53
42 55
42 85
42 99
42 111
42 112
43 43
43 44
43 45
43 46
43 47
43 48
43 49
43 51
43 53
43 55
43 67
43 85
43 86
43 97
43 99
43 110
43 111
43 112
44 44
44 45
44 46
44 47
44 48
44 49
44 51
44 55
44 64
44 86
44 110
44 111
44 112
45 45
45 46
45 47
45 49
45 55
45 65
45 67
45 85
45 86
45 97
45 110
45 111
45 112
46 46
46 47
46 48
46 49
46 51
46 52
46 53
46 54
46 55
46 69
46 96
46 98
46 99
46 100
46 111
46 112
47 47
47 48
47 49
47 51
47 53
47 55
47 67
47 85
47 86
47 97
47 99
47 110
47 111
47 112
48 48
48 49
48 50
48 51
48 52
48 53
48 55
48 58
48 59
48 90
48 97
48 98
48 100
48 111
48 112
49 49
49 51
49 55
49 67
49 85
49 86
49 111
50 50
50 51
50 52
50 53
50 68
50 71
50 84
50 88
50 103
50 104
50 105
51 51
51 52
51 53
51 54
51 55
51 57
51 58
51 59
51 69
51 97
51 98
51 100
51 103
52 52
52 53
52 54
52 58
52 59
52 61
52 69
52 82
52 83
52 89
52 90
52 96
52 98
52 99
52 100
52 104
52 106
52 112
52 113
53 53
53 54
53 55
53 58
53 59
53 69
53 89
53 90
53 96
53 97
53 98
53 99
53 100
53 111
53 112
53 113
54 54
54 56
54 57
54 58
54 59
54 68
54 69
54 82
54 89
54 90
54 95
54 96
54 97
54 98
54 99
54 106
54 108
54 109
55 55
55 85
55 86
55 96
55 97
55 98
55 99
55 108
55 109
55 110
55 111
56 56
56 57
56 58
56 59
56 60
56 61
56 62
56 63
56 66
56 68
56 69
56 72
56 78
56 79
56 80
56 81
56 99
56 102
56 106
57 57
57 58
57 59
57 63
57 66
57 68
57 69
57 81
57 94
57 108
58 58
58 59
58 60
58 61
58 66
58 68
58 69
58 88
58 89
58 90
58 98
58 100
58 107
59 59
59 60
59 61
59 63
59 66
59 68
59 69
59 89
59 90
59 98
59 99
59 100
59 104
59 106
59 107
59 108
59 112
60 60
60 61
60 62
60 63
60 65
60 72
60 88
60 89
60 90
61 61
61 63
61 65
61 69
61 89
61 90
61 100
61 112
62 62
62 63
62 66
62 72
62 73
62 74
62 76
62 78
62 79
62 80
62 81
62 90
62 102
63 63
63 66
63 72
63 74
63 76
63 78
63 79
63 80
63 81
63 87
63 102
63 115
64 64
64 65
64 88
64 91
65 65
65 67
65 92
65 112
66 66
66 67
66 68
66 69
66 102
66 103
67 67
67 85
67 86
67 97
67 108
67 110
67 112
68 68
68 69
68 78
68 80
68 81
68 84
68 103
68 104
68 105
69 69
69 84
69 89
69 97
69 99
69 100
69 104
69 106
69 107
70 70
70 71
70 72
70 73
70 74
70 75
70 76
70 77
70 78
70 80
70 81
70 91
70 94
70 101
70 103
70 105
71 71
71 73
71 74
71 75
71 76
71 77
71 78
71 80
71 84
71 94
71 103
71 105
72 72
72 73
72 74
72 75
72 76
72 78
72 79
72 80
72 81
72 82
72 83
72 87
72 102
73 73
73 74
73 75
73 76
73 77
73 78
73 79
73 80
73 81
73 83
73 102
73 106
73 113
74 74
74 75
74 76
74 78
74 79
74 80
74 81
75 75
75 76
75 77
75 78
75 80
75 81
75 83
75 102
75 113
76 76
76 77
76 78
76 79
76 80
76 81
76 115
77 77
77 83
77 92
77 95
77 100
77 102
77 113
78 78
78 79
78 80
78 81
78 84
78 87
78 115
79 79
79 80
79 81
79 84
79 85
79 87
80 80
80 81
80 83
80 84
80 85
80 102
80 115
81 81
81 83
81 84
81 85
81 115
82 82
82 83
82 86
82 87
82 89
82 95
82 96
82 97
82 99
82 106
82 108
82 109
82 110
82 112
83 83
83 87
83 95
83 106
83 113
84 84
84 85
84 86
84 88
84 105
85 85
85 86
85 87
85 97
86 86
86 87
86 88
86 94
86 95
86 97
86 108
86 109
86 110
87 87
87 94
88 88
88 89
88 91
89 89
89 100
89 107
89 108
89 112
90 90
90 91
90 92
90 93
90 98
90 100
90 101
90 102
90 103
90 104
90 110
90 111
91 91
91 92
91 93
91 101
91 102
91 103
91 104
91 105
91 113
91 114
92 92
92 93
92 100
92 104
92 110
92 112
92 113
93 93
93 95
93 98
93 100
93 101
93 102
93 103
93 104
93 108
93 110
93 113
93 114
94 94
94 95
94 96
94 103
94 109
95 95
95 96
95 97
95 99
95 106
95 107
95 108
95 109
95 110
95 113
95 114
96 96
96 97
96 98
96 108
96 109
96 110
96 113
97 97
97 99
97 107
97 108
97 109
97 110
97 111
97 112
97 113
98 98
98 99
98 100
98 102
98 104
98 108
98 110
98 111
98 113
99 99
99 100
99 104
99 106
99 107
99 108
99 109
99 110
99 111
99 112
99 113
99 115
100 100
100 101
100 102
100 104
100 111
100 112
100 113
101 101
101 102
101 103
102 102
102 103
102 104
102 113
102 115
103 103
103 104
103 105
103 115
104 104
104 105
104 113
104 115
105 105
106 106
106 107
106 108
106 113
106 114
107 107
107 108
107 110
107 111
107 112
108 108
108 109
108 110
108 113
108 114
109 109
109 110
109 113
110 110
110 111
110 112
111 111
111 112
112 112
113 113
113 114
113 115
114 114
114 115
115 115
