0 0
0 10
0 12
0 14
0 16
0 18
0 26
0 28
0 56
0 74
0 76
0 79
0 80
0 81
1 1
1 11
1 13
1 15
1 16
1 17
1 19
1 28
1 37
1 39
1 40
1 56
1 57
1 61
1 63
1 65
1 68
1 69
1 77
1 80
1 81
1 82
1 83
1 85
1 87
1 90
1 94
1 95
1 97
1 100
1 109
1 113
1 114
2 2
2 4
2 5
2 6
2 8
2 20
2 22
2 23
2 24
2 25
2 26
2 27
2 30
2 31
2 34
2 35
2 45
2 48
2 50
2 64
2 66
2 67
2 88
2 91
2 93
2 103
2 104
2 107
2 110
3 3
3 4
3 5
3 7
3 8
3 9
3 14
3 15
3 19
3 22
3 23
3 25
3 26
3 27
3 50
3 64
3 65
3 67
3 85
3 87
3 89
3 92
3 104
3 106
4 4
4 5
4 6
4 8
4 19
4 20
4 22
4 23
4 24
4 25
4 26
4 27
4 34
4 35
4 50
4 58
4 59
4 64
4 66
4 67
4 88
4 107
5 5
5 6
5 7
5 9
5 13
5 23
5 24
5 25
5 27
5 35
5 45
5 48
5 50
5 61
5 64
5 65
5 66
5 67
5 90
5 92
5 108
6 6
6 7
6 8
6 9
6 13
6 20
6 24
6 35
6 48
6 50
6 58
6 59
6 60
6 64
6 66
6 67
6 69
6 90
6 91
6 93
6 107
7 7
7 9
7 11
7 13
7 45
7 61
7 65
7 67
7 90
8 8
8 9
8 19
8 26
8 64
8 89
9 9
9 11
9 13
9 59
9 61
9 65
9 66
9 67
9 69
9 90
9 92
9 97
10 10
10 11
10 12
10 13
10 14
10 15
10 16
10 22
10 23
10 36
10 54
10 64
10 73
10 74
10 76
10 84
11 11
11 13
11 15
11 28
11 29
11 33
11 39
11 61
11 65
11 68
11 69
11 73
11 74
11 82
11 83
11 85
11 95
11 114
12 12
12 13
12 14
12 15
12 21
12 60
12 64
13 13
13 15
13 28
13 39
13 60
13 61
13 65
13 69
13 82
13 83
13 95
14 14
14 15
14 22
14 23
14 26
14 28
14 36
14 37
14 40
14 51
14 53
14 54
14 64
14 74
14 76
14 82
14 84
14 85
14 86
14 87
15 15
15 28
15 29
15 37
15 39
15 53
15 54
15 61
15 65
15 82
15 83
15 84
15 85
15 87
15 114
16 16
16 17
16 28
16 29
16 32
16 33
16 36
16 37
16 39
16 40
16 41
16 54
16 56
16 57
16 62
16 63
16 72
16 73
16 74
16 75
16 76
16 77
16 78
16 79
16 80
16 81
16 111
16 115
17 17
17 28
17 29
17 36
17 37
17 39
17 40
17 41
17 46
17 53
17 54
17 56
17 57
17 62
17 63
17 72
17 73
17 74
17 75
17 76
17 77
17 78
17 79
17 80
17 81
17 84
17 109
17 111
17 113
18 18
18 28
18 29
18 30
18 31
18 32
18 33
18 34
18 40
18 56
18 70
18 72
18 74
18 75
18 76
18 77
18 79
18 80
19 19
19 40
19 56
19 57
19 58
19 59
19 61
19 62
19 63
19 68
19 69
19 83
19 87
19 90
19 91
19 92
19 94
19 103
19 105
19 107
20 20
20 21
20 22
20 23
20 24
20 25
20 26
20 27
20 30
20 31
20 34
20 35
20 45
20 48
20 50
20 58
20 66
20 67
20 70
20 86
20 93
21 21
21 23
21 25
21 26
21 27
21 50
21 70
21 71
21 93
21 94
21 104
21 106
21 108
21 114
22 22
22 23
22 24
22 25
22 26
22 27
22 30
22 31
22 34
22 35
22 48
22 50
22 51
22 64
22 66
22 67
22 88
22 93
22 104
22 110
23 23
23 24
23 25
23 26
23 27
23 30
23 31
23 34
23 35
23 48
23 50
23 51
23 64
23 65
23 67
23 88
23 89
23 104
23 110
24 24
24 25
24 26
24 27
24 30
24 31
24 33
24 34
24 35
24 44
24 45
24 48
24 50
24 64
24 66
24 67
24 88
24 110
25 25
25 26
25 27
25 30
25 31
25 34
25 35
25 45
25 48
25 50
25 64
25 65
25 66
25 67
25 71
25 88
25 104
25 110
26 26
26 27
26 34
26 48
26 50
26 52
26 64
26 66
26 67
26 88
26 104
27 27
27 34
27 48
27 50
27 51
27 52
27 64
27 66
27 67
27 88
27 89
27 91
27 92
27 93
27 104
28 28
28 29
28 32
28 33
28 36
28 37
28 39
28 40
28 41
28 53
28 56
28 57
28 61
28 62
28 63
28 72
28 73
28 74
28 75
28 76
28 77
28 78
28 79
28 80
28 81
28 82
28 83
28 84
28 95
29 29
29 32
29 33
29 36
29 37
29 39
29 40
29 41
29 53
29 62
29 63
29 72
29 73
29 74
29 75
29 76
29 77
29 78
29 79
29 80
29 81
29 82
29 83
29 84
29 95
30 30
30 31
30 32
30 33
30 34
30 35
30 43
30 44
30 45
30 67
30 70
30 71
30 72
30 73
30 74
30 75
30 77
30 110
31 31
31 33
31 34
31 35
31 43
31 44
31 45
31 47
31 64
31 67
31 71
31 74
31 110
32 32
32 33
32 43
32 44
32 45
32 47
32 56
32 68
32 70
32 72
32 73
32 74
32 75
32 76
32 78
32 79
32 80
32 81
33 33
33 34
33 35
33 44
33 45
33 67
33 72
33 73
33 74
33 79
33 80
33 81
33 110
34 34
34 35
34 45
34 48
34 50
34 64
34 66
34 67
34 70
34 88
34 110
35 35
35 44
35 45
35 48
35 50
35 64
35 66
35 67
35 88
36 36
36 37
36 38
36 39
36 40
36 41
36 46
36 54
36 62
36 70
36 72
36 73
36 74
36 75
36 76
36 77
36 78
36 79
36 80
36 81
36 84
36 85
36 87
36 95
36 96
36 99
36 111
36 113
37 37
37 38
37 39
37 40
37 41
37 42
37 46
37 51
37 52
37 53
37 54
37 55
37 57
37 70
37 71
37 72
37 73
37 74
37 75
37 76
37 77
37 79
37 80
37 81
37 84
37 95
37 96
37 98
37 99
37 109
37 111
37 113
37 114
37 115
38 38
38 39
38 40
38 46
38 47
38 54
38 55
38 72
38 93
38 95
38 96
38 98
38 99
38 100
38 101
38 102
38 103
38 104
38 108
38 109
38 110
38 111
38 113
38 114
38 115
39 39
39 40
39 41
39 46
39 53
39 54
39 55
39 72
39 73
39 75
39 76
39 77
39 80
39 81
39 83
39 85
39 87
39 94
39 95
39 96
39 97
39 99
39 100
39 102
39 109
39 111
39 113
39 114
39 115
40 40
40 41
40 53
40 54
40 57
40 63
40 72
40 73
40 74
40 75
40 76
40 77
40 78
40 79
40 80
40 81
40 83
40 87
40 94
40 95
40 109
41 41
41 53
41 70
41 72
41 73
41 74
41 75
41 76
41 78
41 79
41 80
41 81
41 83
41 84
41 100
41 110
42 42
42 43
42 44
42 45
42 46
42 47
42 48
42 49
42 51
42 52
42 54
42 55
42 95
42 96
42 98
42 99
42 112
43 43
43 44
43 45
43 46
43 47
43 48
43 49
43 50
43 54
43 55
43 95
43 96
43 98
43 99
43 110
44 44
44 45
44 46
44 47
44 48
44 49
44 50
44 51
44 54
44 55
44 67
44 96
44 110
45 45
45 47
45 48
45 49
45 50
45 66
45 67
45 96
45 110
46 46
46 47
46 49
46 51
46 52
46 53
46 54
46 55
46 73
46 77
46 95
46 96
46 98
46 99
46 109
46 112
46 113
46 114
47 47
47 48
47 49
47 55
47 67
47 96
47 99
47 110
47 111
48 48
48 49
48 50
48 51
48 52
48 58
48 66
48 67
48 93
48 96
48 104
48 112
49 49
49 50
49 51
49 52
49 54
49 55
49 96
49 98
49 112
50 50
50 51
50 52
50 64
50 66
50 67
50 88
50 93
50 104
50 112
51 51
51 52
51 53
51 54
51 55
51 86
51 88
51 89
51 98
52 52
52 53
52 54
52 55
52 58
52 59
52 89
52 90
52 91
52 93
52 98
52 102
52 104
52 106
52 112
53 53
53 54
53 55
53 73
53 74
53 75
53 76
53 77
53 82
53 95
53 98
53 113
54 54
54 55
54 57
54 73
54 74
54 75
54 76
54 77
54 87
54 95
54 96
54 98
54 99
54 109
54 111
54 112
54 113
55 55
55 73
55 87
55 89
55 95
55 96
55 97
55 98
55 99
55 108
55 109
55 111
55 113
55 115
56 56
56 57
56 60
56 62
56 63
56 68
56 69
56 70
56 73
56 75
56 76
56 78
56 80
56 81
56 99
56 100
56 101
56 109
56 111
57 57
57 62
57 63
57 68
57 69
57 78
57 80
57 81
57 100
57 101
57 105
57 109
57 113
58 58
58 59
58 60
58 61
58 63
58 66
58 69
58 90
58 91
58 92
58 93
58 101
58 102
58 103
58 105
58 106
59 59
59 60
59 61
59 62
59 63
59 66
59 69
59 82
59 86
59 89
59 90
59 91
59 92
59 93
59 101
59 102
59 105
59 106
60 60
60 61
60 62
60 63
60 69
60 90
60 100
60 101
60 102
61 61
61 62
61 63
61 65
61 68
61 69
61 82
61 83
61 90
61 100
62 62
62 63
62 68
62 72
62 76
62 78
62 79
62 80
62 81
62 82
62 83
62 84
62 101
63 63
63 68
63 78
63 79
63 80
63 81
63 83
63 102
64 64
64 65
64 66
64 67
64 84
64 88
64 104
64 107
64 114
65 65
65 67
65 85
65 89
66 66
66 67
66 93
66 101
66 103
66 104
66 105
66 107
66 110
67 67
67 88
67 107
67 110
68 68
68 69
68 76
68 78
68 80
68 81
68 83
68 85
68 90
68 91
68 94
68 97
68 106
68 107
69 69
69 83
69 90
69 91
69 92
69 94
69 97
69 100
69 101
69 102
69 103
69 105
69 106
69 107
70 70
70 71
70 72
70 73
70 74
70 75
70 76
70 77
70 84
70 101
71 71
71 73
71 74
71 75
71 76
71 77
71 108
71 109
71 110
71 115
72 72
72 73
72 74
72 75
72 76
72 77
72 78
72 79
72 80
72 81
72 82
72 84
72 95
73 73
73 74
73 75
73 76
73 77
73 78
73 79
73 80
73 81
73 95
73 109
73 113
74 74
74 75
74 76
74 77
74 78
74 79
74 80
74 81
74 84
74 95
75 75
75 76
75 77
75 79
75 80
75 81
75 95
75 109
76 76
76 77
76 78
76 79
76 80
76 81
76 95
77 77
77 80
77 81
77 82
77 84
77 85
77 95
77 109
77 113
78 78
78 79
78 80
78 81
78 84
79 79
79 80
79 81
79 84
80 80
80 81
80 83
80 84
80 109
80 111
81 81
81 83
81 84
81 109
82 82
82 83
82 84
82 86
83 83
83 85
83 86
83 87
83 90
83 94
83 97
84 84
84 85
84 86
84 87
84 88
85 85
85 87
85 89
85 94
85 96
85 97
85 106
86 86
86 88
86 91
86 93
87 87
87 89
88 88
88 89
88 91
88 93
88 104
88 107
88 110
89 89
89 91
89 106
90 90
90 91
90 92
90 93
90 94
90 97
90 98
90 100
90 101
90 102
90 104
90 105
90 106
90 111
90 112
91 91
91 92
91 93
91 98
91 99
91 100
91 101
91 102
91 103
91 104
91 105
91 106
91 107
91 111
91 112
92 92
92 93
92 94
92 97
92 98
92 100
92 101
92 102
92 103
92 104
92 105
92 106
92 108
92 111
92 112
92 114
92 115
93 93
93 94
93 100
93 101
93 102
93 103
93 104
93 105
93 106
93 112
94 94
94 97
94 98
94 100
94 105
94 106
94 108
94 109
94 114
95 95
95 96
95 97
95 109
95 110
95 113
95 115
96 96
96 97
96 98
96 99
96 109
96 110
96 111
96 113
97 97
97 98
97 99
97 100
97 105
97 106
97 107
97 108
97 109
97 111
97 114
97 115
98 98
98 99
98 100
98 102
98 104
98 109
98 111
98 112
98 113
99 99
99 103
99 104
99 105
99 109
99 110
99 111
99 112
99 113
99 115
100 100
100 101
100 102
100 103
100 105
100 108
100 109
100 111
100 115
101 101
101 102
101 103
101 105
101 115
102 102
102 103
102 104
102 105
102 111
102 113
103 103
103 104
103 105
103 107
103 110
103 111
104 104
104 105
104 106
104 108
104 111
104 112
104 114
105 105
105 106
105 108
105 109
105 111
105 112
105 114
105 115
106 106
106 108
106 112
107 107
108 108
108 109
108 114
108 115
109 109
109 110
109 111
109 113
109 114
109 115
110 110
110 111
111 111
111 113
111 115
112 112
112 114
113 113
113 114
114 114
114 115
115 115
