0 0
0 1
0 10
0 12
0 13
0 18
0 19
0 36
0 52
0 56
0 58
0 60
0 61
0 62
0 74
0 75
0 76
0 78
0 84
0 88
1 1
1 16
1 17
1 19
1 29
1 32
1 39
1 44
1 49
1 56
1 57
1 62
1 63
1 66
1 68
1 69
1 76
1 78
1 79
1 80
1 81
2 2
2 3
2 4
2 5
2 6
2 7
2 8
2 9
2 14
2 15
2 18
2 22
2 23
2 24
2 25
2 27
2 30
2 31
2 64
2 70
2 71
2 88
2 91
2 93
2 103
2 105
2 107
3 3
3 5
3 7
3 9
3 15
3 22
3 23
3 24
3 25
3 26
3 27
3 31
3 65
3 67
3 69
3 71
3 82
3 87
3 88
3 89
3 92
4 4
4 5
4 7
4 8
4 9
4 15
4 20
4 21
4 22
4 23
4 24
4 26
4 27
4 64
4 90
4 92
4 102
4 103
5 5
5 7
5 8
5 9
5 13
5 15
5 20
5 21
5 23
5 24
5 26
5 27
5 59
5 61
5 65
5 67
5 88
5 89
5 90
5 91
5 92
5 102
5 103
5 104
6 6
6 7
6 8
6 9
6 15
6 18
6 22
6 23
6 28
6 30
6 31
6 33
6 60
6 64
6 65
6 71
6 72
6 74
6 88
7 7
7 8
7 9
7 11
7 12
7 13
7 15
7 21
7 23
7 31
7 33
7 61
7 64
7 65
7 67
7 71
7 88
7 89
7 92
8 8
8 9
8 12
8 13
8 14
8 18
8 20
8 22
8 23
8 26
8 58
8 64
8 65
8 88
8 89
8 90
8 91
8 92
8 93
8 102
9 9
9 12
9 13
9 15
9 20
9 23
9 26
9 59
9 61
9 64
9 65
9 67
9 88
9 89
9 90
9 91
9 92
9 93
9 102
9 104
10 10
10 11
10 12
10 13
10 14
10 15
10 16
10 19
10 28
10 36
10 58
10 70
10 73
10 74
10 75
10 76
10 77
10 84
10 95
10 97
10 113
11 11
11 12
11 13
11 14
11 15
11 28
11 29
11 30
11 54
11 60
11 61
11 62
11 65
11 71
11 72
11 73
11 75
11 95
11 96
11 97
11 113
11 114
12 12
12 13
12 15
12 36
12 38
12 52
12 54
12 58
12 60
12 61
12 62
12 65
12 70
12 74
12 75
12 76
12 77
12 84
12 88
12 89
12 95
12 97
12 108
12 109
12 113
12 114
12 115
13 13
13 14
13 15
13 36
13 58
13 60
13 61
13 65
13 71
13 73
13 75
13 89
13 95
13 97
13 113
13 114
14 14
14 15
14 22
14 23
14 28
14 29
14 58
14 61
14 73
14 82
14 84
14 86
14 88
15 15
15 22
15 23
15 26
15 28
15 29
15 30
15 31
15 60
15 61
15 71
15 72
15 73
15 82
15 83
15 106
16 16
16 17
16 19
16 28
16 29
16 32
16 33
16 36
16 40
16 56
16 57
16 63
16 68
16 72
16 73
16 74
16 76
16 78
16 79
16 80
16 81
16 82
16 83
16 84
16 86
17 17
17 28
17 29
17 32
17 33
17 36
17 40
17 56
17 57
17 63
17 66
17 68
17 72
17 73
17 78
17 79
17 80
17 81
17 82
17 83
17 86
17 109
18 18
18 19
18 56
18 57
18 60
18 64
18 68
18 69
18 74
18 76
18 78
18 88
19 19
19 56
19 57
19 66
19 68
19 69
19 76
19 77
19 78
19 80
19 82
19 83
19 94
19 101
19 103
19 105
19 107
20 20
20 21
20 24
20 26
20 27
20 39
20 41
20 85
20 89
21 21
21 26
21 27
21 32
21 33
21 41
21 64
21 85
22 22
22 23
22 24
22 25
22 27
22 30
22 31
22 50
22 70
22 71
22 73
22 82
22 84
22 86
22 88
22 107
23 23
23 24
23 25
23 27
23 30
23 31
23 70
23 71
23 82
23 88
23 89
23 90
23 91
23 92
23 102
23 103
23 104
23 105
23 107
24 24
24 25
24 26
24 27
24 30
24 31
24 48
24 50
24 53
24 82
24 87
24 91
24 103
24 107
25 25
25 27
25 30
25 31
25 48
25 50
25 71
25 83
25 87
26 26
26 27
26 39
26 48
26 59
26 65
26 67
26 88
26 89
26 90
26 91
26 104
26 113
27 27
27 48
27 69
27 82
27 83
27 87
27 88
27 89
27 91
27 103
27 104
27 105
28 28
28 29
28 30
28 32
28 33
28 36
28 40
28 54
28 60
28 62
28 63
28 72
28 73
28 74
28 75
28 76
28 78
28 79
28 80
28 81
28 82
28 83
28 84
28 86
28 109
29 29
29 30
29 31
29 32
29 33
29 36
29 37
29 40
29 63
29 72
29 73
29 74
29 75
29 79
29 80
29 81
29 83
29 84
29 86
29 97
29 109
30 30
30 31
30 33
30 70
30 71
30 72
30 73
30 74
30 83
30 86
30 109
31 31
31 32
31 33
31 64
31 71
31 72
31 73
31 83
31 86
31 87
32 32
32 33
32 35
32 36
32 37
32 38
32 40
32 41
32 45
32 57
32 60
32 62
32 63
32 68
32 72
32 74
32 76
32 78
32 79
32 80
32 81
32 83
32 85
32 96
32 109
32 110
32 111
33 33
33 34
33 35
33 45
33 57
33 63
33 64
33 67
33 72
33 78
33 79
33 81
33 83
34 34
34 35
34 44
34 57
34 64
34 65
34 66
34 67
34 77
34 78
34 81
34 85
34 110
35 35
35 44
35 45
35 65
35 67
36 36
36 37
36 38
36 40
36 41
36 52
36 54
36 55
36 60
36 62
36 72
36 73
36 74
36 75
36 76
36 77
36 78
36 79
36 80
36 81
36 84
36 94
36 95
36 97
36 108
36 109
36 110
36 114
36 115
37 37
37 38
37 39
37 40
37 41
37 49
37 51
37 54
37 55
37 72
37 73
37 74
37 75
37 76
37 77
37 79
37 81
37 85
37 87
37 89
37 95
37 96
37 97
37 98
37 108
37 111
37 114
37 115
38 38
38 39
38 40
38 54
38 55
38 72
38 74
38 75
38 76
38 77
38 78
38 87
38 94
38 95
38 96
38 97
38 108
38 109
38 110
38 113
38 114
38 115
39 39
39 40
39 48
39 55
39 59
39 85
39 89
39 94
39 95
39 104
39 105
40 40
40 41
40 54
40 55
40 56
40 57
40 60
40 62
40 63
40 72
40 73
40 74
40 75
40 78
40 79
40 80
40 81
40 84
40 86
40 94
40 95
40 97
40 108
40 109
40 110
40 114
41 41
41 56
41 60
41 61
41 62
41 63
41 72
41 73
41 74
41 75
41 76
41 77
41 78
41 85
41 87
41 109
42 42
42 43
42 44
42 45
42 46
42 47
42 48
42 49
42 50
42 51
42 53
42 55
42 96
42 98
42 111
42 112
43 43
43 44
43 45
43 46
43 47
43 48
43 49
43 51
43 53
43 55
43 96
43 98
43 110
43 111
43 112
44 44
44 45
44 46
44 47
44 48
44 49
44 51
44 53
44 66
44 86
44 96
44 98
44 111
44 112
45 45
45 46
45 47
45 48
45 49
45 51
45 67
45 96
45 111
45 112
46 46
46 47
46 48
46 49
46 50
46 51
46 53
46 55
46 86
46 96
46 98
46 111
46 112
47 47
47 48
47 49
47 51
47 53
47 55
47 59
47 86
47 90
47 91
47 96
47 98
47 106
47 111
47 112
48 48
48 49
48 50
48 51
48 53
48 58
48 59
48 66
48 67
48 90
48 91
48 93
48 101
48 103
48 104
48 107
49 49
49 51
49 53
49 55
49 59
49 66
49 96
49 98
49 112
50 50
50 51
50 52
50 53
50 55
50 85
51 51
51 52
51 53
51 55
51 58
51 59
51 66
51 98
52 52
52 53
52 54
52 58
52 59
52 60
52 61
52 62
52 66
52 70
52 74
52 75
52 76
52 77
52 84
52 88
52 90
52 93
52 108
52 109
53 53
53 55
53 59
53 84
53 86
53 98
53 112
54 54
54 55
54 58
54 60
54 62
54 72
54 74
54 75
54 76
54 78
54 94
54 95
54 96
54 97
54 98
54 108
54 109
54 110
54 113
54 114
54 115
55 55
55 72
55 75
55 85
55 94
55 95
55 96
55 97
55 98
55 99
55 108
55 109
55 110
55 111
55 112
55 113
55 114
56 56
56 57
56 60
56 62
56 63
56 66
56 68
56 74
56 78
56 80
56 81
56 83
57 57
57 63
57 66
57 68
57 69
57 78
57 79
57 80
57 81
57 83
57 110
58 58
58 59
58 60
58 61
58 65
58 66
58 88
59 59
59 61
59 66
59 67
59 69
59 90
59 91
59 93
59 98
59 100
59 101
59 103
59 104
59 106
60 60
60 61
60 62
60 63
60 64
60 65
60 66
60 72
60 74
60 75
60 78
61 61
61 62
61 63
61 64
61 65
61 89
62 62
62 63
62 66
62 68
62 72
62 74
62 75
62 76
62 78
62 81
62 85
62 97
62 109
62 111
63 63
63 66
63 68
63 72
63 73
63 74
63 78
63 79
63 80
63 81
63 83
63 110
64 64
64 65
64 74
64 85
64 88
65 65
65 85
65 88
65 89
65 92
65 113
66 66
66 67
66 68
66 69
66 80
66 81
67 67
67 69
67 83
67 90
67 91
67 92
67 102
67 103
67 104
67 105
68 68
68 69
68 76
68 78
68 79
68 80
68 81
68 101
69 69
69 90
69 91
69 92
69 93
69 94
69 100
69 101
69 102
69 103
69 104
69 105
70 70
70 71
70 72
70 73
70 74
70 75
70 76
70 77
70 84
70 88
70 90
70 101
70 102
70 103
70 104
70 106
70 107
70 108
70 113
71 71
71 72
71 73
71 74
71 75
71 76
71 77
71 84
71 104
71 106
71 107
72 72
72 73
72 74
72 75
72 76
72 77
72 78
72 79
72 80
72 81
72 86
72 95
72 97
72 109
72 110
72 111
73 73
73 74
73 75
73 76
73 77
73 79
73 80
73 81
73 82
73 83
73 84
73 86
73 95
73 97
73 109
74 74
74 75
74 76
74 77
74 78
74 79
74 81
74 84
74 95
74 97
74 108
74 109
74 110
75 75
75 76
75 77
75 78
75 79
75 84
75 95
75 97
75 108
75 109
75 113
75 115
76 76
76 77
76 78
76 79
76 84
76 85
76 97
76 109
77 77
77 78
77 79
77 84
77 85
77 97
77 109
77 113
77 114
78 78
78 79
78 80
78 81
78 84
78 85
78 87
78 95
78 97
78 108
78 109
79 79
79 80
79 81
79 84
79 85
79 86
80 80
80 81
80 82
80 83
80 84
80 86
81 81
81 83
81 97
81 109
81 110
82 82
82 83
82 84
82 86
82 107
83 83
83 86
83 87
83 94
84 84
84 86
84 88
85 85
85 87
85 89
85 97
85 110
85 113
86 86
87 87
87 89
87 108
87 115
88 88
88 89
88 91
88 92
88 93
88 113
89 89
89 90
89 91
89 92
89 100
89 102
89 104
89 108
89 113
89 114
89 115
90 90
90 91
90 92
90 93
90 98
90 99
90 100
90 101
90 102
90 103
90 104
90 105
90 106
90 107
91 91
91 92
91 93
91 98
91 99
91 100
91 101
91 102
91 103
91 104
91 105
91 106
91 107
91 112
91 113
92 92
92 93
92 99
92 100
92 101
92 102
92 103
92 104
92 105
92 107
92 113
93 93
93 98
93 99
93 100
93 101
93 102
93 103
93 104
93 105
93 106
93 107
93 112
93 113
94 94
94 95
94 96
94 97
94 98
94 99
94 101
94 102
94 103
94 104
94 105
94 108
94 109
94 110
94 113
94 114
94 115
95 95
95 97
95 99
95 108
95 109
95 110
95 111
95 113
95 114
95 115
96 96
96 97
96 98
96 99
96 106
96 109
96 110
96 111
96 112
96 113
96 114
97 97
97 99
97 108
97 109
97 110
97 111
97 112
97 113
97 114
97 115
98 98
98 99
98 101
98 103
98 105
98 106
98 110
98 111
98 112
98 114
99 99
99 100
99 101
99 102
99 103
99 104
99 105
99 106
99 108
99 109
99 110
99 111
99 112
99 113
99 114
99 115
100 100
100 101
100 102
100 103
100 104
100 105
100 106
100 107
101 101
101 102
101 103
101 104
101 105
101 106
101 107
102 102
102 103
102 104
102 105
102 106
102 107
102 113
103 103
103 104
103 105
103 106
103 107
103 115
104 104
104 105
104 106
104 107
105 105
105 106
105 107
105 113
105 114
105 115
106 106
106 107
106 115
107 107
107 115
108 108
108 109
108 110
108 113
108 114
108 115
109 109
109 110
109 111
109 113
109 114
109 115
110 110
110 111
110 112
110 114
110 115
111 111
111 112
112 112
112 113
113 113
113 114
113 115
114 114
114 115
115 115
