0 0
0 6
0 10
0 11
0 22
0 23
0 32
0 33
0 50
0 56
0 58
0 60
0 64
0 68
0 88
0 106
0 107
1 1
1 18
1 19
1 59
1 68
1 69
1 82
1 83
1 90
1 100
1 115
2 2
2 3
2 6
2 7
2 10
2 12
2 18
2 20
2 22
2 23
2 27
2 31
2 50
2 58
2 59
2 60
2 64
2 65
2 66
2 68
2 88
2 90
2 92
2 101
2 102
2 104
2 106
2 107
3 3
3 6
3 7
3 10
3 18
3 22
3 23
3 26
3 27
3 30
3 31
3 54
3 58
3 59
3 64
3 65
3 68
3 88
3 89
3 92
3 102
3 104
3 106
3 107
4 4
4 5
4 8
4 9
4 14
4 15
4 16
4 26
4 27
4 34
4 36
4 37
4 38
4 39
4 40
4 41
4 47
4 55
4 75
4 76
4 77
4 80
4 81
4 82
4 83
4 87
4 94
4 95
4 96
4 97
4 99
4 105
4 108
4 109
4 110
4 111
4 113
4 114
5 5
5 8
5 15
5 21
5 24
5 26
5 27
5 37
5 38
5 39
5 40
5 55
5 75
5 83
5 87
5 94
5 96
5 97
6 6
6 7
6 10
6 18
6 20
6 22
6 23
6 31
6 48
6 50
6 56
6 58
6 59
6 60
6 61
6 64
6 65
6 66
6 69
6 70
6 88
6 89
6 90
6 92
6 101
6 102
6 104
6 106
6 107
7 7
7 10
7 18
7 22
7 23
7 27
7 31
7 50
7 58
7 59
7 60
7 61
7 64
7 65
7 66
7 69
7 70
7 88
7 89
7 92
7 101
7 102
7 104
7 106
7 107
8 8
8 9
8 14
8 15
8 16
8 17
8 24
8 34
8 35
8 36
8 37
8 38
8 39
8 46
8 47
8 53
8 55
8 73
8 74
8 75
8 76
8 77
8 80
8 81
8 83
8 84
8 94
8 95
8 96
8 97
8 105
8 108
8 109
8 110
8 111
8 113
8 114
9 9
9 14
9 15
9 16
9 17
9 28
9 29
9 34
9 35
9 36
9 37
9 38
9 46
9 47
9 73
9 74
9 75
9 76
9 77
9 80
9 81
9 83
9 84
9 94
9 95
9 96
9 97
9 100
9 105
9 108
9 110
9 111
10 10
10 12
10 22
10 23
10 31
10 50
10 56
10 58
10 60
10 64
10 79
10 88
10 102
10 106
10 107
11 11
11 13
11 17
11 33
12 12
12 22
12 23
12 25
12 29
12 31
12 48
12 50
12 72
12 78
12 79
12 106
13 13
13 17
13 29
13 31
13 73
13 92
13 100
13 102
14 14
14 15
14 16
14 17
14 28
14 29
14 34
14 35
14 36
14 37
14 38
14 39
14 41
14 46
14 47
14 55
14 73
14 74
14 75
14 76
14 77
14 78
14 80
14 81
14 83
14 84
14 87
14 94
14 95
14 96
14 97
14 105
14 108
14 110
14 111
14 113
14 114
15 15
15 16
15 17
15 28
15 29
15 34
15 35
15 36
15 37
15 38
15 39
15 40
15 41
15 46
15 47
15 55
15 57
15 72
15 73
15 74
15 75
15 76
15 77
15 78
15 80
15 81
15 83
15 84
15 94
15 95
15 96
15 97
15 105
15 108
15 109
15 110
15 111
15 113
15 114
16 16
16 17
16 28
16 29
16 34
16 35
16 36
16 37
16 38
16 39
16 41
16 46
16 47
16 55
16 57
16 73
16 74
16 75
16 76
16 77
16 78
16 80
16 81
16 83
16 84
16 94
16 95
16 96
16 97
16 105
16 108
16 109
16 110
16 111
16 113
16 114
17 17
17 28
17 29
17 34
17 35
17 36
17 37
17 38
17 46
17 47
17 57
17 73
17 74
17 75
17 76
17 77
17 78
17 79
17 80
17 81
17 83
17 84
17 94
17 95
17 96
17 97
17 105
17 108
17 109
17 110
17 111
17 113
18 18
18 19
18 26
18 27
18 68
18 69
18 90
18 107
19 19
19 33
19 100
20 20
20 21
20 26
20 27
20 59
20 71
20 90
21 21
21 26
21 27
21 71
21 75
21 89
21 94
22 22
22 23
22 25
22 30
22 31
22 44
22 48
22 49
22 50
22 56
22 58
22 59
22 60
22 70
22 88
22 92
22 93
22 101
22 102
22 104
22 106
22 107
23 23
23 25
23 30
23 31
23 48
23 50
23 58
23 59
23 60
23 61
23 64
23 69
23 70
23 88
23 92
23 101
23 102
23 104
23 106
23 107
24 24
24 25
24 30
24 33
24 93
25 25
25 30
25 31
25 33
25 44
25 45
25 49
25 50
25 71
26 26
26 27
26 39
26 40
26 54
26 59
26 88
26 89
26 94
27 27
27 40
27 54
27 58
27 59
27 88
27 89
28 28
28 29
28 34
28 36
28 37
28 38
28 41
28 46
28 47
28 62
28 72
28 73
28 74
28 75
28 76
28 78
28 79
28 80
28 81
28 83
28 84
28 94
28 95
28 96
28 97
28 108
28 110
28 111
29 29
29 34
29 36
29 37
29 41
29 47
29 62
29 72
29 73
29 74
29 75
29 76
29 78
29 79
29 80
29 81
29 94
29 95
29 97
30 30
30 31
31 31
31 56
31 60
31 71
31 78
31 79
31 106
31 107
32 32
32 33
32 53
32 60
32 61
32 63
32 66
33 33
33 53
33 57
33 61
33 63
34 34
34 35
34 36
34 37
34 38
34 39
34 46
34 47
34 55
34 57
34 75
34 76
34 77
34 80
34 81
34 83
34 84
34 85
34 94
34 95
34 96
34 97
34 99
34 105
34 108
34 109
34 110
34 111
34 113
34 114
35 35
35 36
35 37
35 38
35 39
35 46
35 47
35 55
35 57
35 67
35 75
35 76
35 77
35 80
35 83
35 84
35 87
35 94
35 96
35 97
35 100
35 105
35 109
35 110
35 111
35 113
35 114
36 36
36 37
36 38
36 39
36 40
36 41
36 46
36 47
36 55
36 72
36 74
36 75
36 76
36 77
36 80
36 81
36 82
36 83
36 84
36 85
36 87
36 94
36 95
36 96
36 97
36 99
36 105
36 108
36 109
36 110
36 111
36 113
36 114
37 37
37 38
37 39
37 40
37 41
37 46
37 47
37 55
37 74
37 75
37 76
37 77
37 80
37 81
37 83
37 84
37 85
37 87
37 94
37 95
37 96
37 97
37 99
37 105
37 108
37 109
37 110
37 111
37 113
37 114
38 38
38 39
38 40
38 46
38 47
38 55
38 74
38 75
38 76
38 77
38 80
38 81
38 82
38 83
38 84
38 85
38 86
38 87
38 94
38 95
38 96
38 97
38 105
38 108
38 109
38 110
38 111
38 113
38 114
39 39
39 40
39 41
39 46
39 47
39 55
39 75
39 76
39 77
39 80
39 81
39 82
39 83
39 84
39 86
39 87
39 94
39 95
39 96
39 97
39 99
39 100
39 103
39 105
39 108
39 110
39 111
39 113
39 114
39 115
40 40
40 41
40 46
40 47
40 55
40 72
40 74
40 77
40 80
40 81
40 82
40 83
40 87
40 94
40 95
40 96
40 97
40 98
40 99
40 105
40 108
40 110
40 111
40 112
40 113
40 114
40 115
41 41
41 62
41 72
41 78
41 80
41 81
41 83
41 94
41 95
41 96
41 97
41 108
41 111
41 113
41 115
42 42
42 43
42 44
42 45
42 46
42 47
42 48
42 49
42 51
42 53
42 98
43 43
43 44
43 45
43 46
43 47
43 48
43 49
43 51
43 55
43 79
43 85
44 44
44 45
44 48
44 49
44 50
44 51
44 90
45 45
45 48
45 49
45 51
46 46
46 47
46 52
46 55
46 74
46 75
46 76
46 77
46 80
46 81
46 82
46 83
46 84
46 85
46 94
46 95
46 96
46 97
46 98
46 99
46 105
46 108
46 109
46 110
46 111
46 113
46 114
47 47
47 55
47 74
47 75
47 76
47 77
47 80
47 81
47 83
47 84
47 85
47 87
47 94
47 95
47 96
47 97
47 98
47 99
47 105
47 109
47 110
47 111
47 113
47 114
48 48
48 49
48 50
48 51
48 56
48 58
48 59
48 60
48 61
48 63
48 90
48 101
48 102
48 106
48 107
49 49
49 50
49 51
49 59
49 61
49 101
49 107
50 50
50 51
50 54
50 56
50 58
50 59
50 60
50 61
50 64
50 66
50 88
50 102
50 106
50 107
51 51
51 58
51 59
51 107
52 52
52 53
52 63
52 74
53 53
53 57
53 80
54 54
54 58
54 64
54 88
54 89
55 55
55 74
55 75
55 76
55 77
55 80
55 81
55 82
55 83
55 84
55 85
55 87
55 94
55 95
55 96
55 97
55 98
55 99
55 105
55 108
55 109
55 110
55 111
55 113
55 114
56 56
56 58
56 60
56 61
56 62
56 63
56 64
56 69
56 106
56 107
57 57
57 67
57 77
57 80
57 84
57 96
57 97
57 105
57 109
57 110
57 111
57 113
58 58
58 59
58 60
58 61
58 64
58 65
58 66
58 69
58 70
58 88
58 89
58 92
58 101
58 102
58 104
58 106
58 107
59 59
59 60
59 61
59 65
59 66
59 69
59 70
59 88
59 90
59 101
59 102
59 104
59 106
59 107
60 60
60 61
60 62
60 63
60 64
60 65
60 66
60 69
60 70
60 88
60 101
60 102
60 106
60 107
61 61
61 62
61 63
61 65
61 66
61 69
61 70
61 101
61 102
61 106
61 107
62 62
62 63
62 72
62 74
62 78
62 81
63 63
64 64
64 65
64 88
64 89
64 92
64 93
64 102
64 104
64 106
65 65
65 66
65 88
65 89
65 92
65 104
65 106
65 107
66 66
66 67
66 69
66 88
66 106
66 107
67 67
67 77
67 100
67 110
68 68
68 69
68 88
69 69
69 93
69 101
69 102
69 106
69 107
70 70
70 71
70 106
71 71
71 73
72 72
72 73
72 74
72 78
72 80
72 81
72 83
72 95
73 73
73 75
73 76
73 77
73 78
73 80
73 81
74 74
74 75
74 76
74 77
74 78
74 80
74 81
74 83
74 84
74 96
74 113
75 75
75 76
75 77
75 80
75 81
75 83
75 84
75 86
75 87
75 94
75 96
75 97
75 110
75 111
75 113
76 76
76 77
76 80
76 81
76 83
76 84
76 87
76 94
76 96
76 97
76 100
76 105
76 109
76 110
76 111
76 113
76 114
77 77
77 80
77 81
77 83
77 84
77 87
77 94
77 96
77 97
77 100
77 105
77 110
77 111
77 113
77 114
78 78
78 79
78 80
78 81
79 79
80 80
80 81
80 83
80 84
80 94
80 95
80 96
80 97
80 105
80 108
80 109
80 110
80 111
80 113
80 114
81 81
81 83
81 84
81 87
81 94
81 95
81 96
81 97
81 108
81 109
81 110
81 111
81 113
82 82
82 83
82 86
82 87
82 89
82 91
82 94
82 97
82 99
82 105
82 108
82 111
82 112
82 113
82 114
82 115
83 83
83 84
83 87
83 94
83 95
83 96
83 97
83 98
83 99
83 100
83 105
83 108
83 109
83 110
83 111
83 113
83 114
83 115
84 84
84 85
84 86
84 94
84 95
84 96
84 97
84 105
84 108
84 109
84 110
84 111
84 113
84 114
85 85
85 89
85 96
85 97
85 110
85 111
86 86
86 87
86 100
86 113
87 87
87 94
87 96
87 97
87 99
87 100
87 110
87 111
87 112
87 113
87 114
87 115
88 88
88 89
88 92
88 93
88 102
88 104
88 106
88 107
89 89
90 90
90 91
90 98
90 100
90 101
90 107
91 91
91 93
91 99
91 101
91 103
91 112
92 92
92 93
92 100
92 101
92 102
92 103
92 104
92 106
92 107
93 93
93 100
93 101
93 102
93 103
93 104
93 107
94 94
94 95
94 96
94 97
94 99
94 105
94 108
94 109
94 110
94 111
94 112
94 113
94 114
94 115
95 95
95 96
95 97
95 98
95 99
95 108
95 109
95 110
95 111
95 113
95 114
95 115
96 96
96 97
96 98
96 99
96 105
96 108
96 109
96 110
96 111
96 113
96 114
96 115
97 97
97 98
97 99
97 105
97 108
97 109
97 110
97 111
97 112
97 113
97 114
97 115
98 98
98 99
98 108
98 111
98 112
98 113
98 115
99 99
99 105
99 108
99 110
99 111
99 112
99 113
99 114
99 115
100 100
100 103
100 105
100 114
101 101
101 102
101 103
101 104
101 106
101 107
102 102
102 104
102 106
102 107
103 103
103 104
103 105
104 104
104 106
104 107
105 105
105 108
105 110
105 111
105 113
105 114
106 106
106 107
107 107
108 108
108 109
108 110
108 111
108 112
108 113
108 114
108 115
109 109
109 110
109 111
110 110
110 111
110 113
110 114
111 111
111 112
111 113
111 114
111 115
112 112
112 113
112 114
112 115
113 113
113 114
113 115
114 114
114 115
115 115
