0 0
0 1
0 2
0 3
0 6
0 7
0 18
0 19
0 56
0 57
0 58
0 59
0 60
0 61
0 66
0 68
0 82
0 88
0 89
0 93
0 94
0 100
0 102
0 106
0 108
0 115
1 1
1 2
1 3
1 6
1 7
1 17
1 18
1 19
1 56
1 57
1 58
1 59
1 60
1 61
1 62
1 63
1 66
1 68
1 81
1 115
2 2
2 3
2 4
2 6
2 7
2 10
2 18
2 19
2 22
2 23
2 58
2 59
2 60
2 61
2 64
2 66
2 90
2 92
2 93
3 3
3 6
3 7
3 18
3 19
3 22
3 23
3 58
3 59
3 61
3 64
3 68
3 82
3 86
3 88
3 90
3 92
3 93
3 100
4 4
4 5
4 8
4 9
4 14
4 15
4 21
4 24
4 25
4 26
4 27
4 52
4 71
4 73
4 75
4 82
4 83
4 88
4 91
4 96
4 110
4 113
5 5
5 8
5 9
5 14
5 15
5 20
5 21
5 24
5 25
5 26
5 27
5 34
5 35
5 39
5 47
5 52
5 53
5 55
5 71
5 75
5 82
5 83
5 86
5 88
5 89
5 91
5 92
5 93
5 96
5 97
5 99
5 107
5 109
5 110
5 113
5 114
6 6
6 7
6 10
6 12
6 13
6 18
6 19
6 22
6 58
6 60
6 61
6 92
6 93
6 100
6 102
7 7
7 11
7 13
7 18
7 19
7 22
7 23
7 31
7 33
7 61
7 64
7 65
7 93
7 100
7 102
8 8
8 9
8 14
8 15
8 21
8 24
8 25
8 26
8 27
8 42
8 47
8 52
8 53
8 71
8 73
8 75
8 88
8 89
8 91
8 96
9 9
9 14
9 15
9 21
9 23
9 24
9 25
9 26
9 27
9 35
9 47
9 52
9 69
9 71
9 73
9 75
9 82
9 83
9 86
9 88
9 89
9 91
9 92
9 93
9 110
10 10
10 11
10 12
10 13
10 14
10 15
10 22
10 28
10 30
10 31
10 41
10 64
11 11
11 12
11 13
11 15
11 28
11 29
11 30
11 31
11 33
11 41
11 61
11 65
11 72
11 74
11 100
11 102
11 103
11 104
12 12
12 13
12 17
12 28
12 29
12 30
12 41
12 60
12 62
12 63
12 72
12 74
12 78
12 79
12 80
12 81
12 102
13 13
13 15
13 16
13 17
13 28
13 29
13 30
13 31
13 32
13 33
13 62
13 63
13 72
13 100
14 14
14 15
14 18
14 21
14 24
14 25
14 26
14 27
14 34
14 35
14 39
14 41
14 53
14 64
14 68
14 75
14 82
14 83
14 113
14 114
15 15
15 21
15 23
15 24
15 25
15 26
15 27
15 31
15 35
15 39
15 41
15 75
15 83
15 92
15 100
15 114
16 16
16 17
16 28
16 29
16 32
16 45
16 46
16 49
16 55
16 56
16 62
16 63
16 70
16 72
16 73
16 74
16 76
16 78
16 79
16 80
16 81
16 85
16 99
16 101
16 103
16 105
16 111
16 112
17 17
17 28
17 29
17 30
17 32
17 36
17 40
17 49
17 56
17 62
17 63
17 72
17 74
17 76
17 78
17 79
17 80
17 81
17 95
18 18
18 19
18 22
18 23
18 35
18 57
18 59
18 64
18 66
18 68
18 69
18 82
18 88
18 90
18 91
18 92
18 93
18 100
18 113
19 19
19 57
19 58
19 59
19 61
19 66
19 67
19 68
19 69
19 82
19 88
19 90
19 92
19 93
19 113
20 20
20 21
20 25
20 26
20 27
20 35
20 36
20 37
20 38
20 39
20 40
20 70
20 71
20 74
20 75
20 76
20 77
20 80
20 82
20 83
20 97
20 107
20 109
20 110
20 111
21 21
21 24
21 25
21 26
21 27
21 34
21 35
21 39
21 52
21 53
21 71
21 73
21 75
21 82
21 83
21 88
21 89
21 91
21 92
21 97
21 107
21 109
21 113
21 114
22 22
22 23
22 25
22 31
22 34
22 35
22 64
22 82
22 86
22 88
22 89
22 90
22 92
22 93
22 100
23 23
23 24
23 25
23 31
23 35
23 64
23 82
23 86
23 87
23 88
23 90
23 91
23 92
24 24
24 25
24 26
24 27
24 35
24 41
24 42
24 47
24 52
24 53
24 64
24 71
24 73
24 75
24 82
24 88
24 90
24 91
24 92
24 96
24 97
24 110
25 25
25 26
25 27
25 31
25 35
25 42
25 47
25 50
25 51
25 52
25 53
25 64
25 71
25 73
25 75
25 90
25 91
25 92
25 110
25 111
26 26
26 27
26 34
26 35
26 38
26 39
26 64
26 71
26 75
26 82
26 83
26 86
26 87
26 88
26 89
26 92
26 93
26 94
26 96
26 97
26 100
26 104
26 106
26 107
26 108
26 109
26 110
26 113
26 114
26 115
27 27
27 34
27 35
27 38
27 39
27 53
27 55
27 71
27 82
27 83
27 86
27 87
27 88
27 89
27 94
27 96
27 97
27 99
27 104
27 106
27 107
27 108
27 109
27 110
27 113
27 114
27 115
28 28
28 29
28 30
28 31
28 32
28 33
28 37
28 41
28 62
28 63
28 72
28 74
28 76
28 77
28 79
28 80
28 81
28 83
28 84
29 29
29 30
29 31
29 32
29 33
29 37
29 40
29 41
29 42
29 43
29 44
29 45
29 49
29 62
29 63
29 70
29 72
29 74
29 76
29 77
29 78
29 79
29 80
29 81
29 105
30 30
30 31
30 32
30 33
30 41
30 62
30 70
30 72
30 74
30 76
30 77
30 79
30 102
31 31
31 33
31 35
31 41
31 64
31 70
31 72
31 74
31 77
31 83
31 100
31 102
32 32
32 33
32 40
32 41
32 44
32 45
32 46
32 49
32 62
32 63
32 72
32 74
32 76
32 77
32 79
32 81
32 96
32 112
33 33
33 35
33 39
33 41
33 64
33 65
33 72
33 74
33 76
33 77
33 94
33 114
34 34
34 35
34 38
34 39
34 64
34 82
34 83
34 84
34 85
34 86
34 88
34 94
34 97
34 107
34 109
34 114
34 115
35 35
35 64
35 65
35 69
35 92
35 93
35 110
36 36
36 37
36 38
36 39
36 40
36 56
36 57
36 62
36 63
36 72
36 74
36 75
36 76
36 78
36 79
36 80
36 81
36 89
36 95
36 112
36 115
37 37
37 38
37 39
37 40
37 42
37 43
37 46
37 47
37 55
37 56
37 57
37 70
37 74
37 76
37 77
37 78
37 79
37 80
37 81
37 94
37 95
37 96
37 97
37 99
37 104
37 105
37 108
37 109
37 110
37 111
37 112
37 114
37 115
38 38
38 39
38 55
38 69
38 70
38 74
38 76
38 78
38 79
38 84
38 85
38 86
38 87
38 89
38 96
38 97
38 99
38 101
38 103
38 104
38 105
38 108
38 110
38 111
39 39
39 53
39 55
39 76
39 82
39 83
39 86
39 87
39 94
39 96
39 97
39 99
39 104
39 105
39 107
39 108
39 109
39 110
39 114
39 115
40 40
40 41
40 43
40 46
40 72
40 73
40 74
40 75
40 76
40 77
40 80
40 95
40 109
40 112
41 41
41 45
41 72
41 73
41 74
41 75
42 42
42 43
42 44
42 45
42 46
42 47
42 48
42 49
42 50
42 51
42 52
42 53
42 55
42 73
42 91
42 96
42 97
42 98
42 99
42 110
42 111
43 43
43 44
43 45
43 46
43 47
43 48
43 49
43 50
43 51
43 53
43 54
43 55
43 73
43 74
43 96
43 97
43 98
43 99
43 110
43 111
43 112
44 44
44 45
44 46
44 47
44 48
44 49
44 50
44 51
44 53
44 54
44 55
44 71
44 72
44 73
44 74
44 90
44 96
44 97
44 98
44 99
44 111
44 112
45 45
45 46
45 47
45 48
45 49
45 50
45 51
45 54
45 55
45 71
45 72
45 73
45 74
45 96
45 97
45 98
45 99
45 110
45 111
45 112
46 46
46 47
46 48
46 49
46 50
46 51
46 54
46 55
46 71
46 73
46 74
46 95
46 96
46 97
46 98
46 99
46 105
46 110
46 111
46 112
47 47
47 48
47 49
47 50
47 51
47 52
47 53
47 54
47 55
47 71
47 73
47 91
47 96
47 97
47 98
47 99
47 110
47 111
48 48
48 49
48 50
48 51
48 52
48 53
48 54
48 55
48 71
48 73
48 90
48 91
48 96
48 98
48 99
48 111
49 49
49 50
49 51
49 54
49 55
49 62
49 71
49 72
49 73
49 74
49 90
49 96
49 98
49 99
49 111
49 112
50 50
50 51
50 52
50 53
50 54
50 55
50 67
50 71
50 73
50 90
50 96
50 97
50 98
50 99
50 110
50 111
51 51
51 52
51 53
51 54
51 55
51 71
51 73
51 90
51 91
51 96
51 98
51 99
51 111
52 52
52 53
52 54
52 55
52 89
52 90
52 91
53 53
53 54
53 55
53 90
53 91
53 99
54 54
54 55
54 71
54 88
54 89
54 90
54 91
54 96
54 98
54 99
55 55
55 71
55 73
55 85
55 86
55 89
55 91
55 95
55 96
55 97
55 98
55 99
55 111
55 112
56 56
56 57
56 58
56 59
56 60
56 61
56 62
56 63
56 68
56 76
56 78
56 79
56 80
56 81
56 85
56 89
56 94
56 95
56 101
56 103
56 104
56 105
56 106
56 108
56 115
57 57
57 58
57 59
57 60
57 61
57 66
57 68
57 78
57 79
57 80
57 81
57 84
57 85
57 89
57 94
57 95
57 104
57 106
57 108
57 113
57 115
58 58
58 59
58 60
58 61
58 63
58 65
58 66
58 67
58 68
59 59
59 60
59 61
59 65
59 66
59 67
59 68
59 115
60 60
60 61
60 62
60 63
60 65
60 81
60 89
61 61
61 63
61 64
61 65
61 68
61 88
61 89
61 94
61 115
62 62
62 63
62 72
62 74
62 78
62 79
62 80
62 81
63 63
63 72
63 74
63 78
63 80
63 81
64 64
64 65
64 75
64 82
64 86
64 88
64 94
65 65
66 66
66 67
66 68
66 69
66 102
66 103
66 104
67 67
67 68
67 69
67 102
67 110
67 111
68 68
68 69
68 93
68 102
68 104
68 108
68 115
69 69
69 92
69 93
69 100
69 102
69 103
69 111
70 70
70 71
70 72
70 74
70 76
70 77
70 100
70 101
70 102
70 103
70 105
70 107
71 71
71 73
71 75
71 91
71 96
72 72
72 74
72 76
72 77
72 79
72 80
72 81
73 73
73 75
73 91
73 96
73 98
73 99
73 111
73 112
74 74
74 76
74 77
74 79
74 81
74 95
74 105
74 108
75 75
75 76
75 77
76 76
76 77
76 78
76 79
76 80
76 81
76 94
76 95
76 97
76 101
76 103
76 104
76 105
76 108
76 109
76 110
76 111
76 112
76 115
77 77
77 93
77 100
77 101
77 102
77 103
77 104
77 105
77 110
78 78
78 79
78 80
78 81
78 84
78 85
78 89
78 101
78 103
78 104
78 105
79 79
79 80
79 81
79 84
79 85
79 101
79 103
79 104
79 105
79 107
80 80
80 81
80 83
80 84
80 85
81 81
81 84
81 85
81 104
81 105
82 82
82 83
82 86
82 87
82 88
82 89
82 94
82 107
82 113
82 114
82 115
83 83
83 86
83 87
83 89
83 104
83 107
83 114
84 84
84 85
84 86
84 87
84 88
84 89
85 85
85 86
85 87
85 88
85 89
85 97
85 110
86 86
86 87
86 88
86 89
86 106
86 107
87 87
87 88
87 89
88 88
88 89
88 92
88 93
88 94
88 96
88 113
89 89
89 91
89 106
89 113
90 90
90 91
90 92
90 93
90 98
90 99
91 91
91 92
91 93
91 98
91 99
91 111
92 92
92 93
92 100
93 93
93 100
93 101
93 102
93 103
93 106
93 107
94 94
94 95
94 96
94 97
94 108
94 109
94 114
94 115
95 95
95 96
95 99
95 104
95 105
95 106
95 108
95 109
95 112
95 115
96 96
96 97
96 98
96 99
96 108
96 109
96 110
96 111
96 112
97 97
97 98
97 99
97 105
97 108
97 109
97 110
97 111
97 114
97 115
98 98
98 99
98 106
98 108
98 111
98 112
99 99
99 111
99 112
100 100
100 101
100 102
100 103
100 104
100 106
100 107
101 101
101 102
101 103
101 104
101 105
101 106
101 107
102 102
102 103
102 104
102 105
102 106
102 107
103 103
103 104
103 105
103 106
103 107
103 108
104 104
104 105
104 106
104 107
104 108
104 114
104 115
105 105
105 106
105 107
105 108
105 111
105 112
105 114
106 106
106 107
106 108
107 107
107 108
108 108
108 109
108 112
108 114
108 115
109 109
109 110
109 111
109 112
109 113
109 114
109 115
110 110
110 111
111 111
111 112
112 112
112 115
113 113
113 114
113 115
114 114
114 115
115 115
