0 0
0 1
0 10
0 12
0 18
0 19
0 32
0 56
0 57
0 58
0 60
0 68
0 69
1 1
1 10
1 11
1 16
1 18
1 19
1 32
1 56
1 57
1 58
1 59
1 60
1 61
1 63
1 66
1 68
1 69
2 2
2 3
2 4
2 6
2 7
2 12
2 18
2 22
2 30
2 33
2 35
2 64
2 65
2 67
3 3
3 5
3 7
3 8
3 9
3 18
3 22
3 23
3 24
3 25
3 26
3 31
3 50
3 69
4 4
4 5
4 6
4 8
4 9
4 14
4 15
4 20
4 21
4 22
4 23
4 24
4 26
4 27
4 64
4 70
4 88
4 89
5 5
5 8
5 9
5 15
5 24
5 26
5 27
5 34
5 45
5 46
5 48
5 49
5 50
5 51
5 52
5 53
5 54
5 58
5 65
5 67
5 84
5 85
5 88
5 89
5 93
6 6
6 7
6 8
6 10
6 11
6 12
6 13
6 18
6 22
6 23
6 30
6 31
6 32
6 33
6 35
6 41
6 60
6 61
6 62
6 63
6 64
6 70
6 71
6 73
6 74
6 75
6 76
6 77
6 92
6 95
6 102
6 115
7 7
7 12
7 22
7 30
7 31
7 33
7 35
7 61
7 64
7 65
7 75
7 90
7 91
7 92
7 102
8 8
8 9
8 12
8 14
8 15
8 20
8 22
8 23
8 24
8 26
8 27
8 64
8 65
8 71
8 88
8 107
9 9
9 14
9 15
9 23
9 24
9 26
9 28
9 35
9 64
9 65
9 80
9 81
9 82
9 84
9 86
9 88
9 92
10 10
10 11
10 12
10 13
10 14
10 15
10 16
10 18
10 19
10 29
10 31
10 32
10 33
10 60
10 61
10 62
10 63
10 64
10 71
10 73
10 92
10 95
11 11
11 12
11 13
11 15
11 19
11 29
11 30
11 31
11 32
11 33
11 36
11 41
11 60
11 62
11 63
11 71
11 72
11 73
11 75
11 76
11 77
11 83
11 92
11 95
11 115
12 12
12 13
12 15
12 30
12 34
12 60
12 61
12 64
12 65
12 73
12 76
12 88
12 91
12 92
12 102
12 103
12 115
13 13
13 15
13 30
13 31
13 33
13 41
13 54
13 60
13 61
13 63
13 65
13 71
13 73
13 76
13 91
13 92
13 93
13 95
13 97
13 102
13 103
13 104
13 112
13 113
13 115
14 14
14 15
14 16
14 17
14 28
14 29
14 36
14 38
14 40
14 64
14 72
14 79
14 80
14 81
14 82
14 83
14 84
14 85
14 86
14 87
14 88
15 15
15 20
15 21
15 26
15 27
15 29
15 31
15 38
15 41
15 54
15 64
15 71
15 73
15 75
15 83
15 85
15 86
15 88
15 89
15 92
16 16
16 17
16 18
16 19
16 28
16 29
16 57
16 60
16 62
16 63
16 71
16 72
16 74
16 78
16 79
16 80
16 81
16 82
16 83
16 86
17 17
17 28
17 29
17 40
17 62
17 63
17 72
17 74
17 78
17 79
17 80
17 81
17 82
17 84
18 18
18 19
18 32
18 33
18 57
18 60
18 62
18 63
18 68
18 73
18 76
18 77
19 19
19 32
19 33
19 56
19 57
19 62
19 63
19 68
19 69
20 20
20 21
20 22
20 23
20 24
20 25
20 26
20 27
20 29
20 30
20 31
20 35
20 36
20 37
20 38
20 39
20 40
20 41
20 70
20 71
20 72
20 73
20 74
20 75
20 76
20 77
20 81
20 83
20 85
20 87
20 105
21 21
21 22
21 25
21 26
21 27
21 29
21 30
21 31
21 35
21 37
21 38
21 39
21 41
21 70
21 71
21 73
21 74
21 75
21 87
21 95
21 97
21 104
21 105
21 109
21 110
22 22
22 23
22 24
22 25
22 26
22 27
22 30
22 31
22 35
22 39
22 64
22 86
22 87
22 88
23 23
23 24
23 25
23 31
23 33
23 35
23 64
23 75
23 82
23 83
23 86
23 88
23 92
24 24
24 25
24 26
24 27
24 44
24 49
24 50
24 55
24 79
24 82
24 84
24 85
24 86
24 87
25 25
25 27
25 31
25 35
25 50
25 69
25 79
25 80
25 81
25 82
25 84
25 86
25 87
26 26
26 27
26 38
26 50
26 54
26 55
26 84
26 85
26 87
26 88
26 89
27 27
27 34
27 43
27 45
27 46
27 47
27 48
27 49
27 50
27 51
27 52
27 53
27 54
27 55
27 56
27 58
27 66
27 67
27 84
27 85
27 88
27 89
27 96
28 28
28 29
28 36
28 40
28 62
28 63
28 70
28 72
28 74
28 78
28 79
28 80
28 81
28 82
28 83
28 84
28 85
28 86
28 87
29 29
29 30
29 31
29 33
29 36
29 37
29 40
29 41
29 62
29 63
29 70
29 71
29 72
29 73
29 74
29 75
29 76
29 77
29 78
29 79
29 80
29 81
29 82
29 83
30 30
30 31
30 32
30 33
30 35
30 39
30 41
30 62
30 70
30 71
30 72
30 73
30 74
30 75
30 76
30 77
30 94
30 95
30 97
30 101
30 102
30 103
30 104
30 105
30 115
31 31
31 32
31 33
31 35
31 39
31 41
31 62
31 64
31 70
31 71
31 72
31 73
31 74
31 75
31 76
31 77
31 83
31 94
31 95
31 97
31 103
31 115
32 32
32 33
32 57
32 60
32 62
32 63
32 66
32 69
32 95
32 115
33 33
33 35
33 60
33 61
33 62
33 63
33 64
33 72
33 73
33 74
33 75
33 76
33 77
33 95
33 97
33 102
33 115
34 34
34 35
34 42
34 43
34 44
34 46
34 50
34 64
34 65
34 91
34 93
34 101
34 110
34 113
35 35
35 64
35 71
35 73
35 75
35 76
35 77
35 92
35 102
35 109
35 110
36 36
36 37
36 38
36 39
36 40
36 41
36 70
36 72
36 73
36 74
36 75
36 76
36 77
36 78
36 81
36 83
36 84
36 85
36 96
36 110
36 111
36 113
37 37
37 38
37 39
37 40
37 41
37 53
37 70
37 71
37 72
37 73
37 74
37 75
37 76
37 77
37 83
37 85
37 90
37 95
37 96
37 97
37 98
37 99
37 101
37 102
37 104
37 109
37 110
37 111
37 112
37 113
38 38
38 39
38 40
38 41
38 54
38 55
38 83
38 85
38 86
38 87
38 89
38 94
38 96
38 97
38 98
38 109
38 110
38 111
38 113
39 39
39 41
39 54
39 55
39 71
39 73
39 87
39 89
39 94
39 95
39 96
39 97
39 99
39 104
39 105
39 108
39 109
39 110
39 111
40 40
40 41
40 70
40 72
40 74
40 76
40 78
40 79
40 81
40 82
40 83
40 84
40 85
40 87
40 96
41 41
41 62
41 70
41 71
41 72
41 73
41 74
41 75
41 76
41 77
41 83
41 94
41 95
41 97
41 102
41 103
41 104
41 105
42 42
42 43
42 44
42 45
42 46
42 47
42 48
42 49
42 50
42 51
42 53
42 55
42 85
42 96
42 98
42 101
42 110
42 111
42 112
42 113
43 43
43 44
43 45
43 46
43 47
43 48
43 49
43 50
43 51
43 52
43 53
43 55
43 85
43 96
43 98
43 101
43 110
43 112
43 113
44 44
44 45
44 46
44 47
44 48
44 49
44 50
44 51
44 52
44 53
44 55
44 66
44 67
44 96
44 98
44 101
45 45
45 46
45 47
45 48
45 49
45 50
45 51
45 52
45 53
45 55
45 59
45 67
45 85
45 96
45 98
45 101
45 113
46 46
46 47
46 48
46 49
46 50
46 51
46 52
46 53
46 55
46 56
46 85
46 96
46 98
46 101
46 110
46 111
47 47
47 48
47 49
47 50
47 51
47 52
47 53
47 55
47 56
47 59
47 67
47 90
47 91
47 93
47 96
47 98
47 99
47 101
47 109
47 110
47 111
47 112
47 113
48 48
48 49
48 50
48 51
48 52
48 53
48 55
48 58
48 59
48 65
48 66
48 67
48 98
49 49
49 50
49 51
49 52
49 53
49 55
49 56
49 58
49 59
49 67
49 84
49 85
49 96
49 98
50 50
50 51
50 52
50 53
50 54
50 55
50 58
50 59
50 65
50 66
50 67
50 84
50 85
50 96
50 98
51 51
51 52
51 53
51 55
51 56
51 58
51 59
51 65
51 67
51 84
51 85
51 96
51 98
52 52
52 53
52 54
52 55
52 56
52 57
52 58
52 59
52 89
52 90
52 98
53 53
53 54
53 55
53 84
53 85
53 90
53 91
53 93
53 94
53 96
53 98
53 108
53 110
53 111
54 54
54 55
54 56
54 87
54 88
54 89
54 90
54 91
54 93
54 94
54 96
54 98
54 99
54 104
54 108
54 111
54 113
54 115
55 55
55 85
55 87
55 89
55 90
55 96
55 98
55 99
55 108
55 110
55 111
56 56
56 57
56 58
56 59
56 66
56 68
56 69
56 96
56 98
57 57
57 58
57 59
57 66
57 68
57 69
57 79
58 58
58 59
58 60
58 61
58 65
58 66
58 69
58 88
58 89
59 59
59 61
59 66
59 67
59 69
59 90
59 98
60 60
60 61
60 62
60 63
60 64
60 72
60 78
60 89
60 115
61 61
61 63
61 65
61 112
62 62
62 63
62 70
62 72
62 73
62 74
62 75
62 76
62 77
62 78
62 80
62 81
62 82
62 83
63 63
63 70
63 72
63 73
63 74
63 75
63 76
63 78
63 79
63 80
63 81
63 82
63 83
64 64
64 65
64 84
64 88
64 115
65 65
65 67
65 88
65 89
66 66
66 67
66 68
66 69
67 67
67 96
68 68
68 69
68 84
68 96
69 69
69 86
70 70
70 71
70 72
70 73
70 74
70 75
70 76
70 77
70 83
71 71
71 72
71 73
71 74
71 75
71 76
71 77
71 92
71 103
71 105
71 107
72 72
72 73
72 74
72 75
72 76
72 77
72 78
72 79
72 80
72 81
72 82
72 83
73 73
73 74
73 75
73 76
73 77
73 83
73 92
73 95
73 97
73 103
74 74
74 75
74 76
74 77
74 78
74 81
74 83
75 75
75 76
75 77
75 83
75 92
75 95
75 102
75 103
75 115
76 76
76 77
76 83
76 92
76 95
76 99
76 103
76 112
77 77
77 83
77 91
77 92
77 95
77 99
77 101
77 102
77 103
77 104
77 109
77 112
78 78
78 79
78 80
78 81
78 82
78 84
78 86
78 87
79 79
79 80
79 81
79 82
79 84
79 86
79 87
80 80
80 81
80 82
80 83
80 84
80 85
80 86
81 81
81 82
81 83
81 84
81 85
81 86
82 82
82 83
82 84
82 85
82 86
82 87
83 83
83 85
83 86
83 87
84 84
84 85
84 86
84 87
84 88
85 85
85 87
85 96
85 110
86 86
86 87
86 88
86 89
87 87
87 88
87 89
88 88
88 89
88 92
88 93
89 89
90 90
90 91
90 92
90 93
90 94
90 96
90 98
90 99
90 100
90 102
90 103
90 104
90 105
90 106
90 108
90 109
90 111
90 112
90 113
91 91
91 92
91 93
91 94
91 96
91 97
91 98
91 99
91 100
91 101
91 102
91 103
91 104
91 105
91 106
91 108
91 111
91 112
91 113
91 114
91 115
92 92
92 93
92 99
92 100
92 102
92 104
92 112
92 115
93 93
93 94
93 96
93 98
93 99
93 100
93 101
93 102
93 103
93 104
93 105
93 106
93 108
93 111
93 112
93 113
93 114
93 115
94 94
94 95
94 96
94 97
94 99
94 102
94 104
94 108
94 109
94 110
94 111
94 115
95 95
95 97
95 99
95 101
95 102
95 104
95 108
95 109
95 111
95 115
96 96
96 98
96 99
96 101
96 104
96 108
96 109
96 110
96 111
96 112
96 113
97 97
97 99
97 100
97 102
97 104
97 108
97 109
97 110
97 111
98 98
98 99
98 100
98 101
98 102
98 103
98 104
98 108
98 110
98 111
98 112
98 113
99 99
99 100
99 101
99 102
99 103
99 104
99 105
99 108
99 109
99 110
99 111
99 112
99 113
99 115
100 100
100 102
100 104
100 106
100 108
100 109
100 110
100 111
100 112
100 113
101 101
101 102
101 103
101 104
101 108
101 109
101 110
101 111
101 112
101 113
101 114
101 115
102 102
102 103
102 104
102 105
102 106
102 108
102 109
102 110
102 111
102 112
102 113
102 114
102 115
103 103
103 104
103 105
103 106
103 107
103 111
103 112
103 113
103 114
103 115
104 104
104 105
104 106
104 107
104 108
104 109
104 110
104 111
104 112
104 113
104 114
104 115
105 105
105 106
105 107
105 111
105 112
105 114
105 115
106 106
106 107
106 114
106 115
107 107
107 114
108 108
108 111
108 112
108 113
108 115
109 109
109 110
109 111
109 112
109 113
110 110
110 111
110 112
110 113
111 111
111 112
111 113
112 112
112 113
112 114
113 113
113 114
113 115
114 114
114 115
115 115
