0 0
0 1
0 16
0 17
0 18
0 19
0 52
0 53
0 56
0 57
0 58
0 60
0 62
0 68
0 70
0 73
0 74
0 75
0 76
0 77
0 79
0 90
0 99
0 107
1 1
1 16
1 17
1 19
1 41
1 48
1 49
1 55
1 56
1 57
1 62
1 63
1 70
1 73
1 74
1 75
1 76
1 79
1 80
1 81
1 98
2 2
2 3
2 4
2 6
2 7
2 8
2 9
2 10
2 12
2 22
2 23
2 25
2 30
2 31
2 33
2 50
2 64
2 65
2 66
2 67
2 82
2 84
2 86
2 88
2 89
3 3
3 6
3 7
3 8
3 9
3 11
3 15
3 22
3 23
3 24
3 25
3 31
3 50
3 64
3 65
3 67
3 84
3 88
3 89
4 4
4 5
4 6
4 8
4 9
4 14
4 26
4 27
4 35
4 44
4 45
4 49
4 53
4 64
4 103
5 5
5 8
5 9
5 13
5 27
5 53
5 60
5 61
5 103
5 105
5 109
6 6
6 7
6 8
6 9
6 10
6 11
6 14
6 15
6 22
6 23
6 25
6 30
6 35
6 45
6 50
6 64
6 65
6 67
6 82
6 84
6 85
6 86
6 88
6 89
7 7
7 8
7 9
7 10
7 11
7 12
7 13
7 14
7 15
7 23
7 25
7 30
7 31
7 33
7 59
7 60
7 61
7 64
7 65
7 67
7 82
7 83
7 84
7 85
7 86
7 88
7 89
8 8
8 9
8 10
8 11
8 12
8 13
8 14
8 15
8 22
8 23
8 33
8 35
8 53
8 60
8 61
8 64
8 65
8 82
8 88
9 9
9 10
9 11
9 12
9 13
9 14
9 15
9 35
9 60
9 61
9 64
9 65
9 88
9 89
10 10
10 11
10 12
10 13
10 14
10 15
10 28
10 52
10 58
10 60
10 61
10 64
10 65
10 83
10 85
10 88
10 89
11 11
11 12
11 13
11 14
11 15
11 28
11 58
11 60
11 61
11 64
11 65
11 84
11 85
11 88
11 89
12 12
12 13
12 14
12 15
12 16
12 28
12 29
12 32
12 33
12 36
12 41
12 58
12 60
12 61
12 62
12 63
12 72
12 73
12 74
12 75
12 78
12 80
12 81
12 83
12 95
12 101
13 13
13 14
13 15
13 16
13 28
13 29
13 33
13 58
13 60
13 61
13 62
13 64
13 65
13 75
13 88
13 89
14 14
14 15
14 28
14 60
14 61
14 64
14 65
14 82
14 83
14 84
14 88
14 89
15 15
15 28
15 60
15 61
15 65
15 83
15 84
15 85
15 88
15 89
15 95
16 16
16 17
16 18
16 19
16 28
16 29
16 32
16 36
16 40
16 41
16 56
16 57
16 60
16 62
16 63
16 70
16 71
16 72
16 73
16 74
16 75
16 76
16 77
16 78
16 79
16 80
16 81
16 95
16 98
16 99
16 101
16 102
16 108
17 17
17 18
17 19
17 28
17 29
17 32
17 36
17 37
17 39
17 40
17 41
17 56
17 57
17 62
17 63
17 72
17 73
17 74
17 75
17 76
17 77
17 78
17 79
17 80
17 81
17 95
17 97
17 98
17 99
17 100
17 101
17 102
17 106
17 108
17 109
17 111
17 112
18 18
18 19
18 28
18 29
18 30
18 31
18 32
18 33
18 36
18 40
18 41
18 56
18 62
18 63
18 66
18 68
18 70
18 71
18 72
18 73
18 74
18 75
18 76
18 77
18 78
18 79
18 80
18 81
18 83
18 98
18 99
18 100
18 101
18 109
18 111
18 112
19 19
19 32
19 33
19 41
19 56
19 57
19 68
19 69
19 70
19 72
19 73
19 74
19 75
19 76
19 79
19 80
19 81
19 90
19 91
19 92
19 93
19 99
19 100
19 101
19 103
19 104
19 105
19 107
19 111
19 112
20 20
20 21
20 22
20 23
20 24
20 25
20 26
20 27
20 31
20 43
20 46
20 47
20 48
20 66
20 96
20 97
20 98
20 100
20 105
20 110
20 112
20 113
21 21
21 22
21 23
21 24
21 25
21 26
21 27
21 31
21 42
21 46
21 96
21 97
21 108
21 110
22 22
22 23
22 24
22 25
22 26
22 27
22 35
22 43
22 45
22 48
22 49
22 50
22 51
22 53
22 64
22 65
22 69
22 84
22 86
22 88
22 89
22 93
22 94
23 23
23 24
23 25
23 26
23 27
23 30
23 31
23 49
23 50
23 64
23 65
23 67
23 69
23 84
23 86
23 87
23 88
23 89
23 91
23 92
23 94
23 97
24 24
24 25
24 26
24 27
24 30
24 31
24 38
24 43
24 44
24 45
24 46
24 47
24 48
24 49
24 50
24 51
24 55
24 70
24 86
24 88
24 94
24 96
24 97
24 110
25 25
25 26
25 27
25 30
25 31
25 43
25 44
25 45
25 47
25 50
25 64
25 65
25 66
25 67
25 84
25 85
25 86
25 87
25 88
25 96
25 110
26 26
26 27
26 34
26 35
26 38
26 43
26 44
26 45
26 46
26 47
26 48
26 49
26 50
26 51
26 53
26 67
26 86
26 96
26 110
27 27
27 43
27 44
27 45
27 46
27 47
27 50
27 67
27 96
27 110
28 28
28 29
28 32
28 33
28 36
28 41
28 60
28 61
28 62
28 63
28 72
28 73
28 74
28 75
28 76
28 78
28 79
28 80
28 81
28 83
28 108
29 29
29 32
29 33
29 36
29 39
29 40
29 41
29 56
29 57
29 60
29 62
29 63
29 72
29 73
29 74
29 75
29 76
29 77
29 78
29 79
29 80
29 81
29 83
29 95
29 99
29 100
29 101
29 109
29 111
29 112
30 30
30 31
30 40
30 44
30 66
30 70
30 71
30 83
30 86
30 97
31 31
31 33
31 59
31 66
31 71
31 83
31 97
31 114
32 32
32 33
32 36
32 40
32 41
32 56
32 58
32 59
32 60
32 62
32 63
32 66
32 72
32 73
32 74
32 75
32 76
32 77
32 78
32 79
32 80
32 81
32 95
32 101
33 33
33 36
33 40
33 41
33 59
33 60
33 62
33 63
33 72
33 73
33 74
33 75
33 78
33 79
33 80
33 81
33 83
33 101
34 34
34 35
34 38
34 39
34 45
34 50
34 68
34 110
35 35
35 45
35 50
35 52
35 53
35 64
35 67
36 36
36 40
36 41
36 56
36 57
36 62
36 63
36 70
36 71
36 72
36 73
36 74
36 75
36 76
36 77
36 78
36 79
36 80
36 81
36 83
36 99
36 100
36 101
36 109
37 37
37 38
37 39
37 40
37 41
37 42
37 47
37 54
37 56
37 57
37 70
37 71
37 73
37 75
37 76
37 77
38 38
38 39
38 40
38 42
38 43
38 47
38 53
38 54
38 55
38 77
38 87
38 96
39 39
39 40
39 43
39 55
39 56
39 71
39 77
39 87
39 94
39 96
39 97
39 100
39 104
39 105
39 108
39 109
39 110
39 111
40 40
40 41
40 54
40 56
40 66
40 70
40 71
40 72
40 73
40 74
40 75
40 76
40 77
40 80
40 81
40 86
40 95
40 101
40 109
40 111
41 41
41 56
41 57
41 62
41 63
41 70
41 71
41 72
41 73
41 74
41 75
41 76
41 77
41 78
41 79
41 80
41 81
41 83
41 86
41 98
41 101
41 111
42 42
42 43
42 45
42 46
42 47
42 48
42 49
42 50
42 51
42 53
42 55
42 96
42 99
42 106
42 114
43 43
43 44
43 45
43 46
43 47
43 48
43 49
43 50
43 51
43 53
43 55
43 96
43 98
43 106
43 110
44 44
44 45
44 46
44 47
44 48
44 49
44 51
44 55
44 96
44 98
44 100
44 102
44 110
45 45
45 46
45 47
45 48
45 49
45 50
45 51
45 53
45 55
45 64
45 67
45 96
45 104
45 110
46 46
46 47
46 48
46 49
46 51
46 55
46 96
46 98
46 105
46 106
46 110
46 111
46 112
46 114
46 115
47 47
47 48
47 49
47 50
47 51
47 53
47 55
47 96
47 98
47 106
47 110
48 48
48 49
48 50
48 51
48 54
48 55
48 96
48 97
48 98
48 106
49 49
49 50
49 51
49 55
49 98
49 104
49 106
50 50
50 51
50 53
50 54
50 55
50 64
50 65
50 67
50 84
50 85
50 86
50 88
50 89
51 51
51 53
51 54
51 55
51 106
52 52
52 53
52 58
52 60
52 89
53 53
53 55
53 68
53 90
53 91
54 54
54 55
54 66
54 77
54 85
54 89
54 96
55 55
55 77
55 79
55 87
55 96
55 98
55 100
55 106
56 56
56 57
56 62
56 63
56 68
56 70
56 72
56 73
56 74
56 75
56 76
56 77
56 78
56 79
56 80
56 81
56 95
56 96
56 98
56 99
56 101
56 111
56 112
57 57
57 62
57 63
57 70
57 72
57 73
57 74
57 75
57 76
57 78
57 79
57 80
57 81
57 95
57 98
57 99
57 101
57 102
57 106
57 111
57 112
58 58
58 59
58 60
58 61
58 62
58 66
58 76
58 77
58 102
58 112
59 59
59 60
59 61
59 63
59 66
59 72
59 95
59 102
59 103
59 109
59 112
60 60
60 61
60 62
60 63
60 72
60 75
60 76
60 78
60 95
61 61
61 63
61 64
61 65
61 88
61 89
62 62
62 63
62 72
62 73
62 74
62 75
62 76
62 77
62 78
62 79
62 80
62 81
62 95
62 99
62 101
62 102
62 109
62 111
62 112
63 63
63 72
63 73
63 74
63 75
63 76
63 78
63 79
63 80
63 81
63 95
63 98
63 99
63 101
63 102
63 109
63 111
64 64
64 65
64 67
64 82
64 84
64 85
64 86
64 88
64 89
65 65
65 67
65 82
65 84
65 85
65 86
65 88
65 89
66 66
66 67
66 96
66 101
66 102
66 103
66 112
67 67
67 84
67 85
67 86
67 88
67 89
67 110
68 68
68 69
68 70
68 74
68 76
68 77
68 90
68 93
68 99
68 101
68 103
68 107
68 110
69 69
69 92
69 93
69 97
69 103
69 104
69 105
69 107
69 110
70 70
70 71
70 73
70 74
70 75
70 76
70 77
70 79
70 80
70 81
70 86
70 90
70 91
70 93
70 96
70 97
70 98
70 99
70 100
70 110
70 111
71 71
71 73
71 75
71 76
71 77
71 80
71 96
71 98
71 109
71 110
71 111
72 72
72 73
72 74
72 75
72 76
72 77
72 78
72 79
72 80
72 81
72 83
72 95
72 99
72 101
72 102
72 109
72 111
73 73
73 74
73 75
73 76
73 77
73 78
73 79
73 80
73 81
73 83
73 95
73 98
73 101
73 111
74 74
74 75
74 76
74 78
74 79
74 80
74 81
74 99
74 101
74 111
75 75
75 76
75 77
75 78
75 79
75 80
75 81
75 83
75 95
76 76
76 77
76 78
76 79
76 80
76 81
76 99
76 101
76 111
77 77
77 96
77 98
77 99
77 100
77 101
77 107
77 109
77 110
77 111
78 78
78 79
78 80
78 81
78 83
78 99
78 101
78 108
78 111
79 79
79 80
79 81
79 98
79 99
79 100
79 108
79 111
79 112
80 80
80 81
80 83
80 99
80 101
80 108
80 109
81 81
81 83
81 97
81 98
81 99
81 100
81 101
81 102
81 108
81 109
81 111
82 82
82 84
82 85
82 86
82 87
82 88
82 89
83 83
83 84
83 85
83 87
83 113
84 84
84 85
84 86
84 87
84 88
84 89
85 85
85 87
85 88
85 89
86 86
86 88
86 89
86 91
86 92
87 87
87 91
87 94
87 96
88 88
88 89
89 89
90 90
90 91
90 92
90 93
90 99
90 103
90 104
90 105
90 107
90 110
90 113
91 91
91 92
91 93
91 107
91 110
91 113
92 92
92 93
92 101
92 102
92 103
92 104
92 110
92 113
93 93
93 94
93 97
93 101
93 102
93 103
93 104
93 105
93 107
93 111
94 94
94 97
94 104
94 105
94 106
94 108
94 114
94 115
95 95
95 109
96 96
96 98
96 99
96 104
96 105
96 106
96 107
96 110
96 111
96 112
96 113
97 97
97 100
97 103
97 104
97 105
97 108
97 111
97 112
97 114
98 98
98 99
98 100
98 101
98 102
98 105
98 106
98 110
98 111
98 112
99 99
99 101
99 105
99 107
99 111
99 112
100 100
100 101
100 102
100 103
100 104
100 105
100 111
100 113
101 101
101 102
101 103
101 105
101 109
101 111
102 102
102 103
102 111
102 112
102 115
103 103
103 104
103 105
103 107
103 109
103 110
103 111
103 112
104 104
104 105
104 107
104 109
104 110
104 111
104 112
105 105
105 106
105 107
105 109
105 110
105 111
105 112
106 106
106 108
106 114
107 107
107 110
107 111
107 112
107 113
108 108
109 109
109 110
109 111
110 110
110 111
110 113
111 111
111 112
111 115
112 112
113 113
114 114
114 115
115 115
