0 0
0 1
0 10
0 11
0 12
0 13
0 14
0 15
0 19
0 52
0 56
0 57
0 58
0 59
0 60
0 61
0 62
0 63
0 66
0 68
0 69
0 90
0 91
0 93
0 101
0 105
0 114
1 1
1 11
1 13
1 17
1 18
1 19
1 32
1 44
1 46
1 52
1 56
1 57
1 59
1 60
1 61
1 62
1 63
1 66
1 68
1 69
1 90
1 95
1 98
1 99
1 101
1 106
1 107
2 2
2 3
2 4
2 5
2 6
2 7
2 8
2 10
2 12
2 18
2 20
2 22
2 23
2 24
2 25
2 27
2 30
2 31
2 33
2 38
2 58
2 65
2 67
2 70
2 71
2 73
2 74
2 77
2 88
3 3
3 6
3 7
3 11
3 13
3 18
3 22
3 23
3 24
3 25
3 26
3 27
3 30
3 31
3 52
3 54
3 60
3 64
3 65
3 84
3 85
3 86
3 88
3 89
4 4
4 5
4 8
4 14
4 20
4 21
4 22
4 23
4 24
4 25
4 26
4 27
4 28
4 30
4 31
4 34
4 53
4 64
4 70
4 74
4 79
4 82
4 83
4 84
4 88
5 5
5 6
5 8
5 9
5 10
5 12
5 20
5 21
5 24
5 25
5 26
5 27
5 34
5 35
5 53
5 58
5 70
5 71
5 75
5 82
5 83
5 88
5 89
5 113
6 6
6 7
6 8
6 9
6 10
6 11
6 12
6 13
6 15
6 18
6 22
6 24
6 25
6 27
6 30
6 31
6 60
6 63
6 65
6 73
6 74
6 75
6 77
6 88
7 7
7 8
7 9
7 11
7 12
7 13
7 15
7 58
7 59
7 60
7 61
7 63
7 65
7 67
7 75
7 88
7 89
7 95
8 8
8 9
8 24
8 25
8 27
8 29
8 30
8 53
8 75
8 82
8 83
8 113
9 9
9 10
9 12
9 15
9 29
9 33
9 35
9 58
9 61
9 65
9 75
9 89
9 95
9 113
10 10
10 11
10 12
10 13
10 14
10 15
10 18
10 22
10 24
10 25
10 27
10 52
10 54
10 58
10 60
10 70
10 82
10 86
10 88
10 89
11 11
11 12
11 13
11 15
11 18
11 60
11 61
11 62
11 63
11 64
11 65
11 75
11 77
11 85
11 107
12 12
12 13
12 14
12 15
12 18
12 32
12 58
12 60
12 61
12 62
12 63
12 74
12 76
12 77
12 88
12 89
12 95
12 108
13 13
13 14
13 15
13 18
13 52
13 58
13 59
13 60
13 61
13 62
13 63
13 64
13 65
13 75
13 77
13 85
13 88
13 89
13 95
13 107
14 14
14 15
14 18
14 20
14 22
14 25
14 28
14 54
14 58
14 82
14 83
14 89
14 95
14 108
14 113
15 15
15 18
15 28
15 60
15 61
15 63
15 82
15 83
15 85
15 89
15 95
15 107
16 16
16 17
16 28
16 29
16 32
16 36
16 37
16 40
16 41
16 42
16 43
16 44
16 45
16 46
16 62
16 72
16 73
16 74
16 76
16 78
16 79
16 80
16 81
16 83
16 96
16 98
16 111
17 17
17 28
17 29
17 36
17 41
17 42
17 43
17 44
17 45
17 47
17 49
17 62
17 72
17 76
17 78
17 79
17 80
17 81
17 90
17 96
17 98
17 99
18 18
18 28
18 30
18 32
18 60
18 61
18 62
18 63
18 68
18 72
18 73
18 74
18 76
18 77
18 95
18 107
19 19
19 33
19 44
19 47
19 48
19 49
19 57
19 59
19 68
19 69
19 90
19 91
19 92
19 93
19 98
19 99
19 101
19 103
19 104
19 105
19 106
19 107
19 111
19 112
19 113
19 114
19 115
20 20
20 21
20 22
20 24
20 25
20 26
20 27
20 28
20 30
20 31
20 34
20 35
20 70
20 78
20 79
20 82
20 84
20 86
20 89
20 94
20 96
20 97
20 113
21 21
21 25
21 26
21 27
21 28
21 29
21 34
21 36
21 37
21 39
21 40
21 41
21 46
21 55
21 78
21 79
21 80
21 81
21 82
21 83
21 84
21 86
21 87
21 89
21 94
21 96
21 97
21 108
21 109
21 110
22 22
22 23
22 24
22 25
22 26
22 27
22 30
22 31
22 33
22 34
22 38
22 64
22 70
22 71
22 73
22 74
22 84
22 86
22 88
23 23
23 24
23 25
23 26
23 30
23 31
23 33
23 34
23 38
23 50
23 64
23 67
23 70
23 71
23 84
23 88
24 24
24 25
24 26
24 27
24 28
24 30
24 31
24 33
24 34
24 38
24 64
24 70
24 71
24 79
24 82
24 84
24 86
24 88
25 25
25 26
25 27
25 30
25 31
25 34
25 54
25 64
25 70
25 71
25 75
25 77
25 82
25 84
25 85
25 86
25 87
25 88
25 89
25 97
26 26
26 27
26 30
26 31
26 34
26 38
26 54
26 64
26 82
26 84
26 85
26 86
26 87
26 88
26 89
26 97
27 27
27 28
27 30
27 31
27 54
27 82
27 84
27 85
27 86
27 87
27 88
27 89
27 94
27 96
27 97
27 108
27 109
28 28
28 29
28 30
28 31
28 32
28 36
28 70
28 72
28 73
28 74
28 76
28 78
28 79
28 80
28 81
28 82
28 83
28 86
28 94
28 96
28 97
29 29
29 30
29 31
29 32
29 33
29 34
29 36
29 37
29 40
29 41
29 46
29 53
29 72
29 73
29 74
29 76
29 77
29 78
29 79
29 80
29 81
29 82
29 83
29 94
29 96
29 97
29 109
29 111
30 30
30 31
30 32
30 33
30 34
30 35
30 38
30 64
30 70
30 71
30 72
30 73
30 74
30 75
30 76
30 77
30 79
30 84
30 86
30 88
31 31
31 32
31 33
31 34
31 35
31 38
31 64
31 70
31 71
31 72
31 73
31 74
31 75
31 76
31 77
31 78
31 79
31 81
31 86
32 32
32 33
32 44
32 45
32 63
32 72
32 73
32 74
32 76
32 81
33 33
33 34
33 35
33 38
33 45
33 71
33 72
33 73
33 78
33 79
33 81
33 115
34 34
34 35
34 36
34 53
34 64
34 70
34 71
34 78
34 79
34 81
34 82
34 84
34 86
34 94
34 97
34 110
35 35
35 45
35 53
35 67
35 71
35 100
35 110
35 111
35 113
35 114
36 36
36 37
36 40
36 41
36 46
36 55
36 72
36 76
36 78
36 79
36 80
36 81
36 82
36 83
36 84
36 85
36 86
36 87
36 94
36 96
36 97
37 37
37 39
37 40
37 41
37 46
37 55
37 73
37 78
37 80
37 81
37 85
37 87
37 94
37 96
37 97
37 98
37 109
37 111
38 38
38 39
38 40
38 41
38 54
38 70
38 72
38 73
38 74
38 76
38 77
38 86
38 88
38 106
39 39
39 40
39 41
39 55
39 72
39 73
39 74
39 76
39 95
39 96
39 106
39 109
40 40
40 41
40 47
40 72
40 73
40 78
40 80
40 81
40 83
40 87
40 106
40 110
41 41
41 62
41 72
41 73
41 74
41 76
41 77
41 80
41 81
41 83
41 87
41 111
42 42
42 43
42 44
42 45
42 46
42 47
42 48
42 49
42 50
42 51
42 80
42 81
42 98
42 106
42 111
42 112
43 43
43 44
43 45
43 46
43 47
43 48
43 49
43 55
43 79
43 80
43 81
43 96
43 98
43 106
43 110
43 111
44 44
44 45
44 46
44 47
44 48
44 49
44 50
44 51
44 98
44 106
44 111
44 112
45 45
45 46
45 47
45 48
45 49
45 55
45 80
45 81
45 98
45 99
45 100
45 110
45 111
45 112
46 46
46 47
46 48
46 49
46 50
46 51
46 53
46 55
46 79
46 80
46 86
46 94
46 96
46 97
46 98
46 110
46 111
47 47
47 48
47 49
47 50
47 51
47 55
47 80
47 81
47 90
47 91
47 98
47 99
47 103
47 104
47 105
47 106
47 110
47 111
47 112
47 114
48 48
48 49
48 50
48 51
48 53
48 59
48 90
48 91
48 98
48 100
48 105
48 112
48 114
49 49
49 50
49 51
49 53
49 59
49 80
49 90
49 91
49 98
49 99
49 103
49 104
49 105
49 106
49 110
49 111
49 112
49 114
50 50
50 51
50 52
50 53
50 64
50 90
50 91
50 98
50 103
50 105
50 112
51 51
51 52
51 53
51 59
51 90
51 91
51 98
51 100
51 105
51 112
51 114
52 52
52 54
52 58
52 59
52 60
52 61
52 69
52 88
52 89
52 108
53 53
53 78
53 80
53 82
53 83
53 86
53 108
54 54
54 55
54 60
54 62
54 63
54 82
54 84
54 85
54 86
54 87
54 88
54 89
54 94
54 95
54 96
54 97
54 108
55 55
55 79
55 82
55 86
55 87
55 94
55 96
55 97
55 98
55 110
56 56
56 57
56 58
56 59
56 60
56 61
56 62
56 66
56 68
56 69
56 90
56 92
56 93
56 101
57 57
57 58
57 59
57 61
57 63
57 66
57 68
57 69
57 90
57 91
57 92
57 93
57 98
57 99
57 101
57 105
57 106
57 111
58 58
58 59
58 60
58 61
58 66
58 67
58 69
58 88
58 89
58 93
58 101
58 113
59 59
59 61
59 66
59 67
59 68
59 69
59 90
59 91
59 92
59 93
59 99
59 101
59 103
59 104
59 105
59 107
59 112
59 113
59 114
59 115
60 60
60 61
60 62
60 63
60 65
60 68
60 69
60 74
60 85
60 88
60 89
61 61
61 62
61 63
61 65
61 68
61 69
61 89
61 90
61 92
61 95
61 102
61 107
62 62
62 63
62 68
62 69
62 74
62 98
63 63
63 68
63 95
63 98
63 106
63 107
64 64
64 65
64 73
64 74
64 75
64 77
64 84
64 85
64 86
64 88
65 65
65 67
65 84
65 85
65 88
65 89
66 66
66 67
66 69
66 92
66 101
66 105
67 67
67 71
67 92
67 93
67 101
67 104
67 105
67 114
68 68
68 69
68 101
68 102
68 103
68 105
68 106
68 107
69 69
69 90
69 91
69 92
69 93
69 99
69 101
69 103
69 104
69 105
69 107
69 112
69 114
70 70
70 71
70 73
70 74
70 75
70 76
70 77
70 86
70 88
71 71
71 73
71 75
71 77
71 88
72 72
72 73
72 74
72 75
72 76
72 77
72 78
72 79
72 80
72 81
72 86
72 109
73 73
73 74
73 75
73 76
73 77
73 95
73 109
74 74
74 75
74 76
74 77
74 84
74 88
75 75
75 76
75 77
75 85
76 76
76 77
76 79
76 82
76 84
76 86
76 87
77 77
77 84
77 85
77 86
77 87
77 88
78 78
78 79
78 80
78 81
78 94
78 96
78 97
78 110
78 111
79 79
79 80
79 81
79 82
79 94
79 96
79 97
79 110
80 80
80 81
80 83
80 94
80 96
80 97
80 98
80 100
80 110
80 111
81 81
81 83
81 96
81 98
81 99
81 104
81 110
81 111
82 82
82 83
82 84
82 86
82 87
82 89
82 94
82 96
82 97
82 108
83 83
83 87
83 94
83 96
83 97
83 108
84 84
84 85
84 86
84 87
84 88
84 89
84 94
84 97
85 85
85 86
85 87
85 88
85 89
85 97
86 86
86 87
86 88
86 89
86 94
86 96
86 97
87 87
87 88
87 89
87 94
87 96
87 97
88 88
88 89
89 89
89 95
89 97
89 108
89 109
90 90
90 91
90 92
90 93
90 98
90 99
90 100
90 101
90 102
90 103
90 104
90 105
90 106
90 107
90 111
90 112
90 113
90 114
91 91
91 92
91 93
91 98
91 99
91 101
91 103
91 104
91 105
91 106
91 110
91 111
91 112
91 113
91 114
92 92
92 93
92 98
92 99
92 100
92 101
92 102
92 103
92 104
92 105
92 107
92 111
92 112
92 113
92 114
93 93
93 99
93 101
93 103
93 104
93 105
93 110
93 111
93 112
93 114
94 94
94 96
94 97
94 110
95 95
95 102
95 107
95 108
95 109
95 115
96 96
96 97
96 98
96 108
96 110
97 97
97 108
97 110
98 98
98 99
98 102
98 103
98 104
98 105
98 106
98 111
99 99
99 100
99 101
99 102
99 103
99 104
99 105
99 108
99 110
99 111
99 112
99 114
100 100
100 102
100 103
100 105
100 109
100 110
100 113
101 101
101 102
101 103
101 104
101 105
101 107
101 112
101 114
101 115
102 102
102 103
102 104
102 105
102 106
102 107
102 109
102 111
102 113
102 115
103 103
103 104
103 105
103 107
103 110
103 111
103 112
103 113
103 114
104 104
104 105
104 106
104 107
104 110
104 111
104 112
104 113
104 114
104 115
105 105
105 106
105 107
105 110
105 111
105 112
105 113
105 114
105 115
106 106
106 107
106 114
107 107
107 113
108 108
108 114
109 109
110 110
110 111
111 111
111 112
111 115
112 112
112 113
112 114
112 115
113 113
113 114
113 115
114 114
114 115
115 115
