0 0
0 1
0 16
0 17
0 19
0 46
0 48
0 49
0 51
0 52
0 53
0 56
0 57
0 58
0 68
0 69
0 99
0 105
0 111
0 114
1 1
1 16
1 17
1 18
1 19
1 49
1 52
1 56
1 57
1 61
1 63
1 68
1 69
1 78
1 98
1 99
1 102
1 103
1 104
1 105
1 111
1 115
2 2
2 4
2 6
2 7
2 8
2 9
2 10
2 12
2 13
2 14
2 15
2 22
2 23
2 30
2 34
2 35
2 41
2 82
2 90
2 91
2 92
2 93
2 95
2 101
2 108
2 109
3 3
3 19
3 20
3 26
3 31
3 33
3 78
3 80
3 81
3 82
3 83
3 89
3 90
3 92
3 98
3 102
4 4
4 5
4 6
4 8
4 9
4 14
4 15
4 59
4 66
4 69
4 82
4 88
4 89
4 104
4 105
5 5
5 9
5 15
5 19
5 21
5 58
5 60
5 70
5 71
5 83
6 6
6 7
6 8
6 9
6 10
6 11
6 12
6 13
6 14
6 15
6 22
6 23
6 30
6 33
6 35
6 36
6 41
6 64
6 73
6 75
6 76
6 93
6 94
7 7
7 8
7 9
7 10
7 11
7 12
7 13
7 15
7 28
7 33
7 35
7 36
7 37
7 40
7 60
7 61
7 65
7 72
7 73
7 75
7 76
7 77
7 90
7 92
7 107
8 8
8 12
8 13
8 14
8 15
8 22
8 23
8 33
8 34
8 35
8 36
8 38
8 41
8 42
8 64
8 65
8 67
8 77
8 82
8 83
8 85
8 93
8 95
8 108
8 109
8 110
9 9
9 10
9 11
9 12
9 13
9 14
9 15
9 21
9 25
9 28
9 31
9 33
9 36
9 37
9 40
9 53
9 60
9 62
9 72
9 73
9 75
9 76
9 83
9 92
9 94
9 100
9 107
10 10
10 11
10 12
10 13
10 28
10 33
10 36
10 37
10 48
10 50
10 58
10 60
10 61
10 62
10 63
10 64
10 65
10 72
10 73
10 74
10 75
10 76
10 77
10 101
10 107
10 112
10 115
11 11
11 12
11 13
11 15
11 28
11 33
11 35
11 36
11 37
11 40
11 41
11 58
11 60
11 61
11 62
11 63
11 65
11 70
11 72
11 73
11 74
11 75
11 76
11 77
11 92
11 107
12 12
12 13
12 14
12 15
12 21
12 28
12 33
12 36
12 37
12 40
12 41
12 50
12 54
12 58
12 60
12 72
12 73
12 74
12 76
12 77
12 92
12 107
12 115
13 13
13 14
13 15
13 28
13 35
13 36
13 37
13 40
13 41
13 60
13 61
13 62
13 65
13 70
13 72
13 73
13 74
13 75
13 76
13 77
13 82
13 83
13 85
13 92
13 107
14 14
14 15
14 21
14 22
14 23
14 24
14 25
14 26
14 27
14 28
14 30
14 31
14 33
14 36
14 38
14 41
14 64
14 82
14 83
14 85
14 93
14 94
14 95
14 97
14 109
15 15
15 20
15 21
15 25
15 28
15 30
15 31
15 36
15 37
15 39
15 40
15 41
15 60
15 71
15 73
15 75
15 82
15 83
15 85
15 92
15 94
15 95
15 100
16 16
16 17
16 19
16 32
16 56
16 57
16 62
16 68
16 78
16 79
16 80
16 86
16 99
16 111
17 17
17 18
17 19
17 29
17 32
17 46
17 56
17 57
17 62
17 68
17 72
17 78
17 79
17 80
17 81
17 86
17 98
17 99
18 18
18 19
18 38
18 39
18 47
18 55
18 66
18 68
18 69
18 78
18 79
18 80
18 81
18 84
18 87
18 88
18 91
18 93
18 95
18 96
18 97
18 98
18 99
18 101
18 103
18 108
18 109
18 110
18 113
19 19
19 32
19 56
19 57
19 68
19 69
19 78
19 80
19 91
19 94
19 99
19 103
19 104
19 105
19 106
19 111
20 20
20 21
20 26
20 27
20 31
20 38
20 39
20 54
20 55
20 87
20 89
20 95
20 96
20 98
20 100
20 102
20 103
20 104
20 108
20 114
21 21
21 24
21 25
21 27
21 38
21 39
21 70
21 71
21 100
21 102
21 103
21 109
22 22
22 23
22 24
22 25
22 26
22 30
22 31
22 33
22 34
22 35
22 41
22 50
22 64
22 65
22 110
23 23
23 24
23 25
23 26
23 30
23 31
23 33
23 34
23 42
23 50
23 64
23 65
24 24
24 25
24 26
24 27
24 30
24 31
24 34
24 36
24 38
24 40
24 41
24 42
24 47
24 50
24 54
24 64
24 71
24 79
24 81
24 84
24 85
24 109
24 110
25 25
25 26
25 27
25 30
25 31
25 32
25 33
25 34
25 35
25 36
25 37
25 40
25 41
25 50
25 64
25 71
25 73
25 75
25 85
25 92
26 26
26 27
26 30
26 31
26 50
26 51
26 54
26 55
26 57
26 68
26 86
26 114
27 27
27 38
27 39
27 55
27 69
27 86
27 87
27 97
27 98
27 102
27 103
27 108
28 28
28 29
28 31
28 35
28 36
28 40
28 62
28 64
28 71
28 72
28 76
28 77
28 78
28 80
28 81
28 82
28 83
28 84
28 85
28 95
28 96
28 107
28 108
28 109
28 110
29 29
29 36
29 38
29 70
29 71
29 72
29 76
29 77
29 78
29 80
29 81
29 101
29 109
29 115
30 30
30 31
30 36
30 41
30 42
30 50
30 64
30 71
30 73
30 75
31 31
31 33
31 36
31 40
31 42
31 52
31 54
31 64
31 71
31 72
31 81
31 83
31 84
31 85
31 89
32 32
32 33
32 75
32 78
32 81
32 94
32 107
33 33
33 34
33 35
33 36
33 37
33 64
33 65
33 72
33 75
33 76
33 77
33 92
33 94
33 106
33 107
33 111
34 34
34 35
34 41
34 42
34 43
34 47
34 50
34 64
34 65
34 73
34 74
34 75
34 76
34 77
34 110
35 35
35 36
35 40
35 41
35 42
35 43
35 64
35 65
35 66
35 67
35 70
35 72
35 73
35 74
35 76
35 77
35 81
35 82
35 85
35 109
35 110
36 36
36 37
36 39
36 40
36 41
36 42
36 71
36 72
36 73
36 74
36 75
36 76
36 77
36 81
36 82
36 83
36 85
36 92
36 95
36 107
36 109
37 37
37 53
37 60
37 62
37 71
37 72
37 73
37 74
37 75
37 76
37 77
37 92
37 100
37 107
37 114
37 115
38 38
38 39
38 41
38 47
38 55
38 79
38 81
38 82
38 83
38 84
38 85
38 87
38 88
38 91
38 93
38 95
38 96
38 97
38 98
38 102
38 103
38 108
38 109
38 110
39 39
39 41
39 47
39 55
39 80
39 81
39 82
39 83
39 85
39 87
39 88
39 91
39 93
39 95
39 96
39 97
39 98
39 100
39 102
39 103
39 108
39 109
39 110
40 40
40 41
40 72
40 73
40 76
40 81
40 82
40 85
40 90
40 92
40 95
40 107
41 41
41 42
41 70
41 73
41 74
41 76
41 77
41 82
41 83
41 85
41 93
41 95
41 96
41 97
41 108
41 109
41 110
42 42
42 43
42 45
42 46
42 47
42 50
42 64
42 70
42 72
42 73
42 74
42 75
42 76
42 77
42 79
42 109
42 110
43 43
43 44
43 45
43 46
43 47
43 49
43 67
43 74
43 76
43 77
43 78
43 79
43 86
43 96
43 110
44 44
44 45
44 46
44 48
44 49
44 50
44 51
44 58
44 67
45 45
45 46
45 47
45 49
45 51
45 55
45 67
45 69
45 86
45 87
45 110
46 46
46 47
46 48
46 49
46 50
46 51
46 55
46 56
46 68
46 79
46 86
46 96
46 98
46 99
46 113
47 47
47 49
47 55
47 68
47 79
47 80
47 81
47 82
47 83
47 84
47 85
47 86
47 87
47 96
47 97
47 108
47 109
47 110
47 113
48 48
48 49
48 50
48 51
48 52
48 53
48 54
48 56
48 58
48 60
48 73
48 74
48 98
48 99
48 112
48 114
49 49
49 51
49 55
49 56
49 57
49 58
49 61
49 69
49 99
49 105
49 113
50 50
50 51
50 52
50 53
50 54
50 57
50 64
50 72
50 73
50 74
50 107
50 114
51 51
51 52
51 53
51 54
51 55
51 56
51 57
51 58
51 61
51 86
51 89
51 98
51 107
51 114
52 52
52 53
52 54
52 56
52 57
52 71
52 72
52 89
52 98
52 107
53 53
53 54
53 56
53 57
53 71
53 72
53 89
53 98
53 107
53 115
54 54
54 72
54 85
54 89
54 98
54 107
55 55
55 59
55 69
55 80
55 82
55 84
55 85
55 86
55 87
55 88
55 96
55 97
55 98
55 99
55 102
55 108
55 109
56 56
56 57
56 61
56 63
56 68
56 69
56 78
56 99
56 105
56 111
56 115
57 57
57 61
57 63
57 68
57 69
57 78
57 99
57 104
57 105
57 111
57 114
57 115
58 58
58 59
58 60
58 61
58 66
58 69
58 104
59 59
59 61
59 62
59 63
59 66
59 67
59 69
59 82
59 87
59 88
59 89
59 91
59 93
59 97
59 100
59 102
59 103
59 104
59 108
60 60
60 61
60 62
60 63
60 65
60 66
60 72
60 73
60 74
60 75
60 76
60 92
60 104
60 112
61 61
61 62
61 63
61 65
61 66
61 89
61 102
61 104
61 105
61 107
61 111
61 115
62 62
62 63
62 66
62 72
62 75
62 76
62 80
62 100
62 101
62 106
62 107
62 111
63 63
63 66
63 89
63 98
63 100
63 102
63 103
63 104
63 105
63 111
63 112
63 115
64 64
64 65
64 72
64 78
64 94
65 65
65 67
65 73
65 76
65 77
65 90
65 92
65 107
66 66
66 67
66 69
66 82
66 88
66 102
66 103
66 104
66 106
66 113
67 67
67 69
67 82
67 84
67 87
67 110
68 68
68 69
68 78
68 79
68 80
68 86
68 99
68 106
68 110
68 113
69 69
69 78
69 80
69 82
69 84
69 86
69 87
69 88
69 91
69 97
69 102
69 103
69 104
69 106
69 108
70 70
70 71
70 72
70 73
70 74
70 75
70 76
70 77
70 109
70 113
71 71
71 72
71 73
71 74
71 75
71 81
71 83
71 89
72 72
72 73
72 74
72 75
72 76
72 77
72 81
72 107
72 109
73 73
73 74
73 75
73 76
73 77
73 112
73 115
74 74
74 75
74 76
74 77
74 112
74 115
75 75
75 76
75 77
75 94
75 105
75 107
75 111
75 112
75 114
75 115
76 76
76 77
76 111
77 77
77 82
77 83
77 109
77 110
77 111
78 78
78 79
78 80
78 81
78 84
78 86
78 99
78 110
79 79
79 80
79 81
79 84
79 86
79 99
79 109
79 110
80 80
80 81
80 82
80 83
80 84
80 85
80 86
80 87
80 96
80 97
80 98
80 99
80 106
80 108
80 109
81 81
81 83
81 84
81 85
81 86
81 87
81 88
81 95
81 96
81 97
81 108
81 109
81 110
82 82
82 83
82 84
82 85
82 87
82 88
82 93
82 95
82 96
82 97
82 106
82 108
82 109
82 110
83 83
83 85
83 87
83 93
83 95
83 97
83 108
83 109
83 110
84 84
84 85
84 87
84 96
84 97
84 98
84 108
84 109
84 110
85 85
85 87
85 93
85 95
85 97
85 98
85 108
85 109
86 86
86 87
86 88
87 87
87 88
87 91
87 93
87 95
87 96
87 97
87 98
87 102
87 103
87 108
87 109
87 110
88 88
88 89
88 91
88 93
88 95
88 97
88 98
88 102
88 103
88 108
88 109
88 110
89 89
89 98
89 102
89 103
89 107
90 90
90 91
90 92
90 93
90 95
90 97
90 98
90 101
90 103
90 108
91 91
91 92
91 93
91 95
91 97
91 98
91 99
91 100
91 101
91 102
91 103
91 104
91 108
91 109
92 92
92 93
92 94
92 97
92 100
92 101
92 102
92 103
92 104
93 93
93 95
93 97
93 100
93 101
93 102
93 103
93 108
93 109
94 94
94 97
94 100
94 101
94 104
94 105
94 111
94 112
94 114
95 95
95 96
95 97
95 100
95 106
95 108
95 109
95 110
96 96
96 97
96 98
96 100
96 101
96 108
96 109
96 110
96 113
97 97
97 98
97 99
97 100
97 101
97 102
97 103
97 105
97 108
97 109
97 110
98 98
98 99
98 100
98 102
98 103
98 108
99 99
99 100
99 101
100 100
100 101
100 102
100 103
100 104
100 105
100 106
100 109
100 111
100 112
100 113
100 114
100 115
101 101
101 103
101 104
101 105
101 112
101 113
101 115
102 102
102 103
102 104
102 105
102 108
102 114
103 103
103 104
103 105
103 108
103 114
104 104
104 105
104 112
104 114
105 105
105 111
105 112
105 113
105 114
105 115
106 106
106 111
106 115
107 107
108 108
108 109
108 110
109 109
109 110
110 110
111 111
111 112
111 113
112 112
112 113
112 114
112 115
113 113
113 114
114 114
114 115
115 115
