0 0
0 1
0 10
0 11
0 12
0 13
0 14
0 16
0 17
0 18
0 32
0 47
0 53
0 56
0 57
0 58
0 61
0 68
0 73
0 74
0 76
0 77
0 91
0 98
0 104
0 105
1 1
1 10
1 11
1 13
1 14
1 16
1 17
1 18
1 19
1 28
1 32
1 39
1 40
1 41
1 49
1 56
1 57
1 58
1 59
1 61
1 62
1 63
1 68
1 71
1 72
1 73
1 80
1 81
1 83
2 2
2 3
2 4
2 6
2 8
2 9
2 22
2 23
2 24
2 25
2 30
2 31
2 33
2 64
2 67
2 88
3 3
3 4
3 5
3 7
3 19
3 21
3 22
3 23
3 24
3 25
3 26
3 27
3 30
3 31
3 34
3 35
3 38
3 45
3 67
3 82
3 83
3 84
3 85
3 86
3 87
3 88
3 89
4 4
4 5
4 6
4 7
4 8
4 9
4 22
4 26
4 45
4 64
4 67
4 82
4 90
5 5
5 7
5 21
5 22
5 23
5 24
5 25
5 26
5 27
5 30
5 31
5 34
5 35
5 38
5 45
5 50
5 53
5 65
5 67
5 87
5 88
5 92
6 6
6 7
6 8
6 9
6 12
6 29
6 33
6 60
6 61
6 64
6 72
6 75
6 105
6 107
7 7
7 8
7 9
7 10
7 11
7 12
7 13
7 14
7 15
7 23
7 25
7 33
7 50
7 52
7 60
7 61
7 64
7 65
7 75
7 77
7 90
7 92
7 107
8 8
8 9
8 10
8 11
8 12
8 13
8 14
8 15
8 50
8 52
8 58
8 60
8 61
8 64
8 65
8 75
8 77
8 88
8 90
8 92
9 9
9 12
9 13
9 14
9 15
9 19
9 28
9 29
9 31
9 33
9 36
9 37
9 52
9 58
9 60
9 61
9 62
9 63
9 64
9 65
9 69
9 72
9 73
9 75
9 76
9 83
9 90
10 10
10 11
10 12
10 13
10 14
10 15
10 52
10 58
10 60
10 61
10 73
10 76
10 77
10 82
10 84
10 90
11 11
11 12
11 13
11 14
11 15
11 37
11 52
11 60
11 61
11 64
11 65
11 76
11 77
11 84
11 85
11 86
11 87
11 88
11 107
12 12
12 13
12 14
12 15
12 42
12 50
12 52
12 58
12 60
12 61
12 64
12 65
12 76
12 77
12 88
12 90
12 91
12 93
12 106
13 13
13 14
13 15
13 32
13 36
13 37
13 52
13 58
13 60
13 61
13 64
13 65
13 75
13 76
13 77
13 90
13 107
14 14
14 15
14 17
14 28
14 36
14 37
14 52
14 54
14 58
14 60
14 61
14 62
14 63
14 64
14 73
14 75
14 76
14 77
14 82
15 15
15 19
15 23
15 28
15 29
15 33
15 36
15 38
15 40
15 41
15 52
15 58
15 60
15 61
15 62
15 63
15 64
15 65
15 69
15 72
15 73
15 75
15 77
15 82
15 83
15 86
16 16
16 17
16 18
16 55
16 56
16 57
16 68
16 78
16 79
16 80
16 81
16 89
17 17
17 18
17 28
17 29
17 57
17 58
17 59
17 61
17 63
17 68
17 72
17 73
17 75
17 78
17 79
17 80
17 81
18 18
18 19
18 33
18 57
18 68
18 80
18 82
19 19
19 22
19 23
19 30
19 31
19 33
19 59
19 68
19 69
19 82
19 83
19 86
20 20
20 21
20 24
20 25
20 26
20 27
20 30
20 31
20 38
20 39
20 41
20 48
20 66
20 78
20 80
20 94
20 109
21 21
21 24
21 25
21 26
21 27
21 30
21 31
21 33
21 34
21 38
21 39
21 40
21 44
21 45
21 78
21 83
21 87
21 94
21 95
21 97
21 109
22 22
22 23
22 24
22 25
22 26
22 27
22 30
22 31
22 35
22 38
22 50
22 57
22 67
22 69
22 82
22 88
22 89
22 91
22 93
22 99
22 101
23 23
23 24
23 25
23 27
23 30
23 31
23 35
23 38
23 67
23 69
23 82
23 83
23 84
23 86
23 87
23 88
23 89
23 92
23 93
23 101
24 24
24 25
24 26
24 27
24 30
24 31
24 34
24 35
24 38
24 50
24 56
24 57
24 67
24 68
24 69
24 88
24 89
24 94
24 95
24 97
24 98
24 99
24 101
24 108
24 109
24 110
24 111
24 112
24 113
24 115
25 25
25 26
25 27
25 30
25 31
25 33
25 34
25 35
25 38
25 45
25 67
25 84
25 85
25 87
25 88
25 89
26 26
26 27
26 30
26 31
26 38
26 39
26 45
26 50
26 56
26 57
26 66
26 67
26 68
26 94
26 95
26 96
26 97
26 108
26 109
26 110
26 111
26 115
27 27
27 30
27 31
27 34
27 35
27 38
27 39
27 50
27 67
27 87
27 88
27 92
28 28
28 29
28 36
28 40
28 58
28 59
28 60
28 61
28 62
28 63
28 64
28 72
28 73
28 75
28 76
28 78
28 79
28 80
28 81
28 83
29 29
29 31
29 32
29 33
29 36
29 41
29 58
29 59
29 60
29 61
29 62
29 63
29 64
29 72
29 73
29 74
29 75
29 76
29 78
29 79
29 80
29 81
29 83
30 30
30 31
30 33
30 38
30 57
30 68
30 69
30 82
30 83
30 88
30 89
31 31
31 33
31 34
31 35
31 38
31 41
31 45
31 67
31 69
31 82
31 83
31 88
31 89
32 32
32 33
32 36
32 46
32 48
32 54
32 58
32 62
32 71
32 76
32 77
32 78
32 80
32 81
32 107
33 33
33 36
33 37
33 41
33 61
33 63
33 69
33 72
33 73
33 74
33 76
33 80
33 83
34 34
34 35
34 43
34 44
34 45
34 49
34 66
34 67
34 84
34 85
34 88
34 94
34 95
34 101
34 109
34 110
34 115
35 35
35 38
35 44
35 45
35 50
35 67
35 84
35 85
35 87
35 88
35 109
36 36
36 37
36 39
36 40
36 41
36 61
36 62
36 72
36 73
36 74
36 75
36 76
36 77
36 80
36 81
36 83
36 84
36 85
36 103
36 107
37 37
37 40
37 52
37 54
37 62
37 72
37 74
37 75
37 76
37 77
37 85
37 90
37 103
37 104
37 105
37 107
38 38
38 39
38 50
38 57
38 67
38 82
38 84
38 85
38 87
38 88
38 89
38 109
39 39
39 41
39 42
39 43
39 55
39 56
39 57
39 68
39 80
39 81
39 87
40 40
40 41
40 54
40 59
40 62
40 63
40 72
40 73
40 82
40 83
40 94
40 101
40 102
40 108
40 109
40 111
40 115
41 41
41 52
41 59
41 61
41 62
41 63
41 70
41 72
41 73
41 80
41 81
41 83
41 87
42 42
42 43
42 44
42 45
42 46
42 47
42 48
42 49
42 51
42 52
42 53
42 55
42 59
42 96
43 43
43 44
43 45
43 46
43 47
43 48
43 49
43 51
43 55
43 59
43 66
43 96
43 109
44 44
44 45
44 46
44 47
44 48
44 49
44 51
44 55
44 59
44 66
44 72
44 78
44 96
44 109
45 45
45 48
45 49
45 65
45 66
45 67
45 84
45 85
45 87
45 109
46 46
46 47
46 48
46 49
46 51
46 52
46 53
46 54
46 55
46 59
46 60
46 62
46 70
46 71
46 96
47 47
47 48
47 51
47 53
47 54
47 55
47 94
47 95
47 96
47 97
47 98
47 99
47 106
47 110
47 111
47 112
47 113
47 114
47 115
48 48
48 49
48 50
48 51
48 52
48 54
48 55
48 59
48 62
48 66
48 67
48 70
48 71
48 94
48 96
48 109
49 49
49 51
49 54
49 55
49 59
49 63
49 66
49 72
49 78
49 96
49 109
50 50
50 51
50 53
50 55
50 67
50 88
50 91
50 93
50 96
50 106
50 109
51 51
51 52
51 53
51 54
51 55
51 59
51 66
51 70
51 71
51 78
51 80
51 81
51 96
51 109
52 52
52 53
52 54
52 58
52 60
52 61
52 65
52 73
52 75
52 77
52 90
53 53
53 55
53 90
53 91
53 96
53 107
54 54
54 55
54 58
54 62
54 70
54 72
54 73
54 80
54 96
54 97
54 110
55 55
55 56
55 57
55 59
55 66
55 71
55 78
55 80
55 81
55 96
55 97
55 106
55 109
56 56
56 57
56 66
56 68
56 69
56 89
56 91
56 94
56 95
56 96
56 97
56 98
56 99
56 101
56 108
56 109
56 110
56 111
56 112
56 113
56 114
56 115
57 57
57 66
57 68
57 78
57 89
57 97
57 98
57 99
57 111
57 112
57 113
57 114
57 115
58 58
58 60
58 61
58 62
58 63
58 72
58 73
58 75
59 59
59 61
59 62
59 63
59 66
59 71
59 72
59 73
59 80
59 81
60 60
60 61
60 62
60 63
60 64
60 65
60 72
60 73
60 75
60 76
61 61
61 62
61 63
61 64
61 65
61 69
61 72
61 73
61 74
61 75
61 76
61 77
61 80
61 81
61 83
62 62
62 63
62 64
62 70
62 72
62 73
62 74
62 76
62 77
62 80
62 81
62 83
63 63
63 64
63 70
63 71
63 72
63 73
63 74
63 75
63 76
63 80
63 81
63 83
64 64
64 65
64 72
64 76
64 77
64 82
64 83
64 84
64 85
64 88
65 65
65 77
65 84
65 85
65 88
65 92
66 66
66 67
66 68
66 71
66 78
66 94
66 95
66 96
66 97
66 99
66 100
66 101
66 108
66 109
66 112
66 114
66 115
67 67
67 84
67 85
67 87
67 88
67 109
68 68
68 69
68 78
68 79
68 81
68 89
68 91
68 95
68 97
68 98
68 99
68 108
68 109
68 110
68 111
68 112
68 114
68 115
69 69
69 82
69 83
69 90
70 70
70 71
70 73
71 71
71 81
72 72
72 73
72 74
72 75
72 78
72 80
72 81
72 83
73 73
73 74
73 75
73 76
73 77
73 81
74 74
74 75
74 76
74 77
74 103
74 104
74 105
75 75
75 76
75 77
75 79
75 103
75 104
75 107
76 76
76 77
76 84
76 85
76 104
76 107
77 77
77 85
77 86
77 103
77 104
77 107
78 78
78 79
78 80
78 81
78 109
79 79
79 80
79 81
79 86
79 93
79 101
79 102
79 103
79 104
79 114
80 80
80 81
80 83
81 81
82 82
82 83
82 84
82 86
82 87
82 88
82 89
82 93
83 83
83 84
83 85
83 86
83 87
84 84
84 85
84 86
84 87
84 88
84 89
85 85
85 87
85 88
86 86
86 87
86 92
87 87
87 88
87 89
88 88
88 89
88 91
88 92
88 93
88 101
88 103
89 89
90 90
90 91
90 92
90 93
90 100
90 104
90 105
90 107
91 91
91 92
91 93
91 97
91 98
91 99
91 101
91 102
91 103
91 104
91 105
91 106
91 108
91 110
91 111
91 112
91 113
91 114
91 115
92 92
92 93
92 100
92 102
92 103
92 104
92 105
92 112
92 113
93 93
93 95
93 97
93 98
93 99
93 100
93 101
93 102
93 103
93 104
93 105
93 106
93 108
93 109
93 110
93 111
93 112
93 113
93 114
93 115
94 94
94 95
94 96
94 97
94 98
94 99
94 101
94 102
94 105
94 106
94 108
94 109
94 110
94 111
94 112
94 113
94 114
94 115
95 95
95 96
95 97
95 98
95 99
95 101
95 102
95 106
95 108
95 109
95 110
95 111
95 112
95 113
95 114
95 115
96 96
96 97
96 98
96 99
96 106
96 108
96 109
96 110
96 111
96 112
96 114
96 115
97 97
97 98
97 99
97 101
97 102
97 104
97 105
97 106
97 108
97 109
97 110
97 111
97 112
97 113
97 114
97 115
98 98
98 99
98 102
98 103
98 104
98 105
98 106
98 108
98 110
98 111
98 112
98 113
98 114
98 115
99 99
99 100
99 101
99 102
99 103
99 104
99 105
99 106
99 108
99 109
99 110
99 111
99 112
99 113
99 114
99 115
100 100
100 101
100 102
100 108
100 112
100 113
100 114
101 101
101 102
101 106
101 108
101 109
101 110
101 111
101 112
101 113
101 114
101 115
102 102
102 103
102 104
102 105
102 106
102 108
102 110
102 111
102 112
102 113
102 114
102 115
103 103
103 104
103 105
103 107
103 108
103 110
103 111
103 113
103 114
104 104
104 105
104 107
104 108
104 110
104 111
104 112
104 113
104 114
104 115
105 105
105 107
105 108
105 110
105 111
105 112
105 113
105 114
105 115
106 106
106 108
106 109
106 110
106 111
106 112
106 113
106 114
106 115
107 107
108 108
108 109
108 110
108 111
108 112
108 113
108 114
108 115
109 109
109 110
109 111
109 112
109 113
109 115
110 110
110 111
110 112
110 113
110 114
110 115
111 111
111 112
111 113
111 114
111 115
112 112
112 113
112 114
112 115
113 113
113 114
113 115
114 114
114 115
115 115
