0 0
0 1
0 10
0 12
0 14
0 16
0 18
0 19
0 22
0 26
0 27
0 28
0 36
0 38
0 51
0 52
0 54
0 56
0 57
0 58
0 68
0 76
0 80
0 82
0 84
0 88
0 89
0 93
0 100
0 101
0 105
0 107
1 1
1 15
1 16
1 17
1 18
1 19
1 22
1 26
1 27
1 28
1 29
1 32
1 36
1 56
1 57
1 59
1 62
1 63
1 68
1 69
1 80
1 81
1 82
1 83
1 84
1 87
1 101
1 103
1 104
1 105
1 107
1 108
2 2
2 4
2 6
2 7
2 8
2 9
2 12
2 13
2 14
2 18
2 24
2 30
2 33
2 35
2 48
2 50
2 51
2 58
2 60
2 61
2 64
2 65
2 67
2 70
2 74
2 75
3 3
3 4
3 5
3 7
3 11
3 15
3 19
3 20
3 22
3 23
3 25
3 26
3 27
3 30
3 31
3 33
3 62
3 64
3 83
3 85
3 87
3 89
3 92
4 4
4 5
4 6
4 7
4 8
4 9
4 12
4 13
4 23
4 26
4 30
4 31
4 33
4 35
4 45
4 61
4 64
4 65
4 67
4 70
4 72
4 75
4 92
4 95
5 5
5 7
5 9
5 20
5 23
5 25
5 26
5 30
5 31
5 33
5 35
5 41
5 45
5 61
5 64
5 65
5 67
5 71
5 90
5 92
6 6
6 7
6 8
6 9
6 12
6 13
6 14
6 24
6 30
6 33
6 35
6 45
6 48
6 51
6 61
6 64
6 65
6 67
6 74
6 76
7 7
7 9
7 11
7 13
7 29
7 30
7 31
7 33
7 35
7 45
7 60
7 61
7 64
7 65
7 67
7 70
7 72
7 74
7 90
7 92
7 100
7 102
7 113
8 8
8 9
8 10
8 12
8 13
8 14
8 24
8 39
8 41
8 48
8 51
8 52
8 67
8 69
8 70
8 82
8 88
8 89
8 90
8 92
9 9
9 11
9 12
9 13
9 29
9 30
9 33
9 35
9 45
9 51
9 58
9 60
9 61
9 64
9 65
9 67
9 70
9 72
9 74
9 75
9 90
9 92
9 100
9 102
9 106
9 109
10 10
10 12
10 14
10 16
10 28
10 36
10 38
10 48
10 51
10 52
10 58
10 76
10 80
10 82
10 84
10 86
10 88
10 89
11 11
11 13
11 17
11 18
11 29
11 58
11 60
11 61
11 64
11 65
11 72
11 75
11 79
11 92
11 95
11 100
11 104
11 108
11 109
11 113
12 12
12 13
12 14
12 24
12 33
12 34
12 35
12 41
12 48
12 51
12 58
12 65
12 66
12 67
12 70
12 71
12 73
12 74
12 76
13 13
13 17
13 29
13 33
13 35
13 48
13 58
13 60
13 61
13 65
13 70
13 72
13 73
13 74
13 90
13 92
13 95
13 100
13 102
13 109
13 113
14 14
14 18
14 22
14 23
14 52
14 60
14 62
14 64
14 69
14 82
14 87
14 93
14 114
15 15
15 16
15 18
15 19
15 22
15 23
15 26
15 28
15 36
15 38
15 40
15 41
15 56
15 62
15 63
15 73
15 75
15 78
15 80
15 82
15 83
15 84
15 85
15 89
16 16
16 22
16 26
16 27
16 28
16 32
16 36
16 37
16 38
16 39
16 40
16 54
16 55
16 56
16 57
16 71
16 76
16 77
16 78
16 80
16 82
16 83
16 84
16 86
16 87
16 88
16 89
16 112
17 17
17 18
17 29
17 44
17 53
17 57
17 60
17 62
17 63
17 72
17 79
17 81
17 99
17 108
17 109
17 111
18 18
18 19
18 22
18 26
18 27
18 28
18 32
18 57
18 58
18 60
18 68
18 69
18 70
18 74
18 75
18 82
18 91
18 93
18 101
18 103
18 104
18 105
18 108
19 19
19 22
19 23
19 26
19 28
19 32
19 56
19 57
19 59
19 62
19 63
19 68
19 69
19 80
19 81
19 82
19 83
19 91
19 93
19 101
19 102
19 103
19 104
19 107
19 111
19 115
20 20
20 21
20 24
20 25
20 27
20 30
20 31
20 42
20 47
20 64
20 77
20 79
20 86
20 87
20 96
20 110
21 21
21 24
21 25
21 30
21 31
21 51
21 71
21 72
21 75
21 76
21 77
21 79
21 96
21 97
21 108
21 109
21 110
22 22
22 23
22 24
22 26
22 27
22 28
22 36
22 38
22 50
22 52
22 54
22 56
22 57
22 62
22 64
22 68
22 80
22 82
22 83
22 84
22 85
22 86
22 87
22 88
22 89
22 105
23 23
23 24
23 25
23 26
23 27
23 30
23 31
23 33
23 34
23 38
23 39
23 62
23 64
23 67
23 82
23 83
23 85
23 87
23 89
24 24
24 25
24 27
24 30
24 31
24 33
24 34
24 37
24 41
24 42
24 43
24 55
24 64
24 66
24 67
24 71
24 73
24 74
24 76
24 77
24 86
24 96
24 110
25 25
25 27
25 30
25 31
25 33
25 34
25 35
25 37
25 38
25 39
25 41
25 42
25 43
25 46
25 47
25 55
25 64
25 65
25 67
25 71
25 77
25 78
25 85
25 86
25 87
25 96
25 110
26 26
26 27
26 28
26 36
26 38
26 39
26 56
26 57
26 68
26 69
26 80
26 82
26 83
26 84
26 85
26 86
26 87
26 88
26 89
26 114
27 27
27 31
27 34
27 36
27 37
27 38
27 39
27 54
27 56
27 57
27 59
27 68
27 80
27 82
27 83
27 84
27 85
27 86
27 87
27 88
27 89
27 105
28 28
28 32
28 36
28 38
28 40
28 56
28 57
28 62
28 63
28 71
28 72
28 76
28 78
28 80
28 82
28 83
28 84
28 89
28 112
29 29
29 53
29 60
29 61
29 62
29 63
29 72
29 74
29 79
29 81
29 92
29 100
29 102
29 109
30 30
30 31
30 33
30 35
30 41
30 42
30 43
30 64
30 65
30 67
30 70
30 71
30 72
30 73
30 74
30 75
30 77
30 86
30 96
30 109
30 110
31 31
31 33
31 34
31 35
31 39
31 41
31 42
31 43
31 47
31 64
31 65
31 67
31 71
31 73
31 74
31 78
31 85
31 86
31 96
31 110
32 32
32 33
32 34
32 36
32 38
32 40
32 56
32 57
32 59
32 63
32 66
32 68
32 72
32 75
32 79
32 80
32 81
32 105
32 114
32 115
33 33
33 34
33 35
33 60
33 61
33 64
33 65
33 66
33 67
33 70
33 71
33 72
33 73
33 74
33 75
33 114
33 115
34 34
34 35
34 36
34 39
34 56
34 66
34 67
34 69
34 71
34 78
34 84
34 103
34 104
34 115
35 35
35 45
35 64
35 65
35 66
35 67
35 70
35 71
35 102
35 104
35 115
36 36
36 38
36 39
36 40
36 41
36 55
36 56
36 57
36 63
36 78
36 80
36 82
36 83
36 84
36 86
36 89
36 99
36 105
36 112
37 37
37 38
37 39
37 40
37 41
37 42
37 43
37 46
37 47
37 48
37 50
37 55
37 71
37 73
37 76
37 77
37 78
37 80
37 84
37 85
37 86
37 88
37 89
37 96
37 97
37 110
37 112
38 38
38 39
38 40
38 41
38 43
38 55
38 56
38 57
38 78
38 80
38 82
38 83
38 84
38 86
38 87
38 89
38 94
39 39
39 40
39 41
39 42
39 43
39 45
39 46
39 47
39 50
39 51
39 52
39 55
39 71
39 78
39 80
39 85
39 86
39 88
39 89
39 96
40 40
40 41
40 56
40 57
40 63
40 73
40 76
40 78
40 80
40 86
40 112
41 41
41 42
41 43
41 45
41 46
41 47
41 55
41 71
41 78
41 80
41 85
41 86
41 89
41 94
41 96
42 42
42 43
42 44
42 45
42 46
42 47
42 48
42 49
42 50
42 51
42 52
42 53
42 55
42 78
42 79
42 81
42 90
42 96
42 98
42 110
42 111
42 112
43 43
43 44
43 45
43 46
43 47
43 48
43 49
43 50
43 51
43 53
43 55
43 78
43 96
43 98
43 110
44 44
44 45
44 46
44 47
44 48
44 49
44 50
44 51
44 53
44 55
44 96
44 98
44 110
45 45
45 46
45 47
45 48
45 49
45 51
45 53
45 55
45 61
45 65
45 67
45 90
45 96
45 98
45 100
46 46
46 47
46 48
46 49
46 50
46 51
46 52
46 53
46 55
46 79
46 81
46 85
46 90
46 96
46 98
46 110
47 47
47 48
47 49
47 50
47 51
47 53
47 55
47 96
47 98
47 110
48 48
48 49
48 50
48 51
48 52
48 53
48 55
48 58
48 90
48 98
49 49
49 50
49 51
49 53
49 55
49 90
49 96
49 98
50 50
50 51
50 52
50 53
50 54
50 55
50 58
50 64
50 82
50 84
50 86
50 96
51 51
51 52
51 53
51 55
51 65
51 67
51 96
51 98
51 106
52 52
52 53
52 54
52 80
52 82
52 84
52 85
52 88
52 89
52 90
53 53
53 54
53 55
53 96
53 98
53 110
54 54
54 56
54 84
54 85
54 86
54 87
54 98
54 108
54 111
55 55
55 78
55 84
55 85
55 86
55 89
55 96
55 97
55 98
55 99
55 110
56 56
56 57
56 68
56 69
56 77
56 80
56 81
56 82
56 83
56 84
56 86
56 87
56 88
56 103
56 105
56 111
56 112
57 57
57 62
57 68
57 69
57 79
57 80
57 81
57 82
57 83
57 84
57 87
57 99
57 103
57 105
57 107
57 111
57 112
58 58
58 59
58 60
58 66
58 70
58 75
58 103
58 104
58 108
58 109
59 59
59 62
59 63
59 66
59 80
59 83
59 103
59 104
59 107
60 60
60 61
60 62
60 64
60 65
60 70
60 72
60 74
60 75
60 95
60 100
60 108
60 109
61 61
61 63
61 65
61 72
61 90
61 92
61 95
61 100
61 102
61 109
61 113
62 62
62 63
62 69
62 72
62 81
62 82
62 83
63 63
63 72
63 73
63 80
63 81
63 83
63 101
63 102
64 64
64 65
64 67
64 70
64 74
64 92
64 113
65 65
65 67
65 70
65 74
65 75
65 76
65 90
65 92
65 100
65 102
65 113
66 66
66 67
66 103
66 104
66 105
66 106
66 107
66 115
67 67
67 70
67 71
67 104
67 106
67 107
67 115
68 68
68 69
68 84
68 87
68 91
68 93
68 97
68 101
68 103
68 104
68 105
68 107
68 111
69 69
69 82
69 83
69 91
69 93
69 101
69 102
69 103
69 104
69 105
69 107
69 112
69 115
70 70
70 72
70 73
70 74
70 75
70 77
70 92
70 110
71 71
71 73
71 74
71 76
71 77
71 78
71 80
71 92
71 110
72 72
72 73
72 74
72 75
72 77
72 79
72 95
72 109
72 110
73 73
73 74
73 75
73 76
73 77
73 109
74 74
74 75
74 76
74 77
74 110
75 75
75 76
75 77
75 82
75 95
75 97
75 108
75 109
76 76
76 77
76 80
76 89
76 95
76 97
77 77
77 79
77 97
77 103
77 109
77 110
78 78
78 80
78 81
78 83
78 84
78 85
78 89
78 112
79 79
79 81
79 96
80 80
80 82
80 83
80 84
80 86
80 89
80 112
81 81
81 83
81 96
81 98
81 111
82 82
82 83
82 84
82 86
82 87
82 88
82 89
83 83
83 84
83 85
83 87
83 88
83 89
83 90
83 101
83 102
83 111
83 112
84 84
84 85
84 86
84 87
84 88
84 89
84 105
85 85
85 87
85 89
86 86
86 87
86 88
86 89
87 87
87 88
87 89
87 105
87 114
88 88
88 89
88 93
89 89
89 90
90 90
90 91
90 92
90 93
90 100
90 102
90 111
90 113
91 91
91 92
91 93
91 97
91 99
91 101
91 102
91 103
91 104
91 105
91 107
91 111
91 113
92 92
92 93
92 100
92 102
92 113
93 93
93 97
93 99
93 100
93 101
93 102
93 103
93 104
93 105
93 107
93 111
94 94
94 96
94 97
94 102
94 104
94 105
94 109
94 110
95 95
95 97
95 99
95 107
95 108
95 109
96 96
96 98
96 110
97 97
97 99
97 101
97 103
97 104
97 105
97 106
97 107
97 108
97 109
97 110
97 111
97 113
98 98
98 99
98 110
98 111
99 99
99 101
99 103
99 104
99 105
99 107
99 109
99 110
99 111
99 112
100 100
100 101
100 102
100 111
100 113
101 101
101 102
101 103
101 104
101 105
101 107
101 111
102 102
102 103
102 107
102 111
102 112
102 113
103 103
103 104
103 105
103 106
103 107
103 109
103 111
103 115
104 104
104 105
104 106
104 107
104 108
104 109
104 114
104 115
105 105
105 106
105 107
105 108
105 109
105 114
105 115
106 106
106 107
106 108
106 115
107 107
107 108
107 111
107 115
108 108
108 109
108 113
109 109
110 110
110 111
111 111
111 112
112 112
113 113
114 114
114 115
115 115
