0 0
0 1
0 2
0 6
0 10
0 12
0 14
0 15
0 18
0 52
0 56
0 58
0 60
0 61
0 68
0 107
0 115
1 1
1 10
1 11
1 16
1 17
1 19
1 28
1 29
1 37
1 40
1 57
1 59
1 61
1 62
1 63
1 72
1 73
1 74
1 75
1 76
1 77
1 80
1 81
1 83
1 95
1 98
1 99
1 100
2 2
2 3
2 4
2 6
2 7
2 8
2 12
2 14
2 22
2 23
2 35
2 48
2 50
2 58
2 64
2 66
2 67
2 68
2 69
2 84
2 86
2 88
2 89
2 93
2 94
2 97
2 105
2 107
3 3
3 5
3 7
3 14
3 20
3 21
3 22
3 23
3 24
3 25
3 27
3 31
3 33
3 35
3 43
3 50
3 64
3 67
3 86
3 87
3 88
3 89
3 92
3 112
4 4
4 5
4 6
4 7
4 8
4 9
4 14
4 15
4 23
4 24
4 25
4 29
4 33
4 36
4 41
4 64
4 65
4 69
4 78
4 82
4 88
4 89
4 92
4 93
4 94
4 97
5 5
5 7
5 8
5 9
5 11
5 13
5 15
5 20
5 23
5 24
5 25
5 27
5 30
5 31
5 35
5 65
5 71
5 87
5 92
5 105
6 6
6 7
6 8
6 9
6 11
6 12
6 14
6 15
6 32
6 58
6 60
6 61
6 64
6 65
6 92
6 93
6 101
6 106
6 107
7 7
7 8
7 9
7 11
7 15
7 23
7 25
7 31
7 33
7 60
7 61
7 64
7 65
7 88
7 92
7 97
7 104
7 105
7 106
7 112
8 8
8 9
8 12
8 14
8 15
8 23
8 29
8 36
8 41
8 60
8 61
8 64
8 65
8 79
8 84
8 88
8 89
8 92
8 93
8 94
8 97
8 105
9 9
9 11
9 14
9 15
9 23
9 25
9 29
9 31
9 33
9 41
9 64
9 65
9 78
9 88
9 89
9 92
10 10
10 11
10 12
10 13
10 15
10 19
10 65
10 68
10 69
10 81
10 84
10 85
11 11
11 12
11 13
11 15
11 20
11 28
11 30
11 31
11 64
11 65
11 82
11 84
11 85
11 87
12 12
12 13
12 14
12 15
12 22
12 36
12 52
12 60
12 64
12 65
12 78
12 79
12 80
12 81
12 82
12 84
12 88
13 13
13 14
13 15
13 16
13 17
13 28
13 36
13 52
13 60
13 61
13 62
13 65
13 78
13 80
13 81
13 82
13 84
13 85
13 94
14 14
14 15
14 22
14 23
14 36
14 52
14 64
14 68
14 69
14 82
14 84
14 86
14 88
14 89
14 94
14 97
15 15
15 22
15 23
15 36
15 41
15 52
15 64
15 65
15 78
15 79
15 81
15 82
15 84
15 85
15 88
15 89
15 94
15 97
16 16
16 17
16 28
16 29
16 36
16 37
16 38
16 40
16 41
16 54
16 57
16 59
16 60
16 61
16 62
16 63
16 70
16 72
16 73
16 74
16 78
16 79
16 80
16 81
16 83
16 98
16 99
16 100
16 101
16 102
16 106
17 17
17 28
17 29
17 36
17 37
17 38
17 40
17 41
17 46
17 55
17 57
17 62
17 63
17 72
17 73
17 74
17 78
17 79
17 80
17 81
17 83
17 98
17 102
18 18
18 19
18 21
18 56
18 57
18 59
18 66
18 68
18 74
18 75
18 76
18 77
18 86
18 96
18 99
18 100
18 101
18 102
18 111
18 114
18 115
19 19
19 20
19 21
19 28
19 40
19 55
19 70
19 71
19 72
19 73
19 74
19 75
19 76
19 77
19 83
19 87
19 90
19 96
19 98
19 99
19 100
19 110
20 20
20 24
20 25
20 26
20 27
20 30
20 31
20 42
20 43
20 55
20 83
20 87
20 98
20 109
21 21
21 25
21 27
21 30
21 31
21 34
21 35
21 42
21 43
21 44
21 45
21 47
21 49
21 75
21 76
21 77
21 87
21 96
21 99
21 100
21 109
21 110
21 111
21 113
21 114
21 115
22 22
22 23
22 24
22 25
22 26
22 27
22 34
22 35
22 50
22 52
22 53
22 64
22 67
22 68
22 69
22 82
22 84
22 86
22 88
22 89
22 94
22 97
23 23
23 24
23 25
23 27
23 30
23 31
23 64
23 65
23 67
23 69
23 82
23 86
23 87
23 88
23 89
23 92
23 97
23 104
23 105
24 24
24 25
24 26
24 27
24 30
24 31
24 33
24 34
24 35
24 43
24 44
24 45
24 46
24 50
24 51
24 53
24 55
24 67
24 86
24 87
24 89
25 25
25 27
25 30
25 31
25 32
25 33
25 35
25 42
25 43
25 44
25 45
25 49
25 71
25 86
25 87
25 112
26 26
26 27
26 34
26 35
26 38
26 39
26 40
26 43
26 47
26 49
26 51
26 53
26 54
26 55
26 86
26 94
26 96
26 99
26 108
26 109
26 110
27 27
27 30
27 31
27 34
27 35
27 38
27 39
27 42
27 43
27 44
27 45
27 47
27 49
27 51
27 53
27 55
27 78
27 85
27 86
27 87
27 96
27 110
28 28
28 29
28 36
28 37
28 38
28 40
28 41
28 46
28 55
28 57
28 62
28 63
28 70
28 71
28 72
28 73
28 74
28 76
28 78
28 79
28 80
28 81
28 83
28 90
28 98
28 99
28 102
29 29
29 31
29 33
29 36
29 37
29 38
29 40
29 41
29 44
29 46
29 61
29 62
29 63
29 71
29 72
29 73
29 74
29 75
29 78
29 79
29 80
29 81
29 83
29 98
30 30
30 31
30 32
30 33
30 34
30 35
30 42
30 43
30 44
30 45
30 49
30 75
30 76
30 77
30 83
30 86
30 87
30 96
30 110
30 113
30 114
31 31
31 32
31 33
31 42
31 43
31 45
31 71
31 75
31 76
31 87
31 111
31 112
31 114
32 32
32 33
32 42
32 48
32 50
32 60
32 61
32 62
32 64
32 66
32 107
32 111
32 112
32 114
33 33
33 41
33 64
33 65
33 71
33 75
33 82
33 89
34 34
34 35
34 45
34 47
34 53
34 66
34 67
34 77
34 86
34 96
34 108
34 109
34 110
34 113
35 35
35 44
35 45
35 47
35 49
35 51
35 66
35 67
35 77
35 96
35 108
35 110
35 111
35 113
35 114
35 115
36 36
36 37
36 38
36 41
36 61
36 62
36 63
36 64
36 73
36 74
36 78
36 79
36 80
36 81
36 82
36 84
36 85
36 88
36 89
36 94
37 37
37 38
37 40
37 41
37 55
37 57
37 63
37 72
37 73
37 75
37 78
37 79
37 80
37 81
37 98
37 99
38 38
38 39
38 40
38 41
38 43
38 46
38 47
38 53
38 54
38 55
38 57
38 73
38 78
38 79
38 80
38 81
38 89
38 94
38 96
38 98
39 39
39 40
39 47
39 53
39 55
39 57
39 68
39 71
39 80
39 86
39 88
39 89
39 94
39 95
39 96
39 108
39 109
40 40
40 47
40 54
40 55
40 57
40 62
40 63
40 71
40 72
40 73
40 75
40 77
40 80
40 81
40 83
40 90
40 96
40 98
40 99
40 102
40 109
40 110
40 113
41 41
41 61
41 62
41 63
41 72
41 73
41 74
41 75
41 78
41 79
41 80
41 81
41 82
41 94
41 97
41 98
41 112
42 42
42 43
42 44
42 45
42 46
42 47
42 49
42 50
42 54
42 55
42 62
42 63
42 72
42 74
42 75
42 77
42 87
42 96
42 98
42 99
42 100
42 109
42 110
42 111
42 112
42 113
43 43
43 44
43 45
43 46
43 47
43 48
43 49
43 50
43 51
43 54
43 55
43 87
43 96
43 98
43 109
43 110
44 44
44 45
44 46
44 47
44 48
44 49
44 50
44 51
44 54
44 55
44 62
44 63
44 72
44 77
44 83
44 96
44 98
44 99
44 100
44 110
44 111
44 113
45 45
45 46
45 47
45 48
45 49
45 50
45 51
45 55
45 77
45 83
45 87
45 96
45 98
45 99
45 110
45 111
45 112
45 113
46 46
46 47
46 49
46 50
46 53
46 54
46 55
46 62
46 63
46 72
46 73
46 78
46 83
46 90
46 96
46 98
46 112
47 47
47 49
47 51
47 53
47 54
47 55
47 77
47 87
47 90
47 96
47 98
47 99
47 102
47 108
47 109
47 110
47 111
47 113
47 115
48 48
48 49
48 50
48 51
48 55
48 58
48 66
48 67
48 93
48 96
48 107
48 110
49 49
49 51
49 54
49 55
49 77
49 83
49 96
49 98
49 99
49 100
49 110
49 111
50 50
50 55
50 62
50 64
50 83
50 96
50 98
50 111
50 113
51 51
51 53
51 55
51 96
51 99
52 52
52 53
52 54
52 55
52 58
52 60
52 88
52 94
53 53
53 55
53 56
53 57
53 68
53 79
53 89
53 90
53 98
53 99
54 54
54 55
54 56
54 57
54 62
54 63
54 70
54 73
54 77
54 81
54 90
54 96
54 98
54 99
54 102
54 108
55 55
55 83
55 90
55 94
55 96
55 98
55 99
55 100
55 102
55 108
55 109
55 110
56 56
56 57
56 68
56 91
56 99
56 100
56 107
56 114
56 115
57 57
57 68
57 72
57 79
57 80
57 81
57 90
57 91
57 98
57 99
57 100
57 102
57 115
58 58
58 59
58 60
58 61
58 66
58 67
58 93
58 103
58 107
58 115
59 59
59 60
59 61
59 62
59 63
59 66
59 67
59 73
59 101
59 102
59 109
60 60
60 61
60 62
60 63
60 64
60 65
60 66
60 93
60 107
61 61
61 62
61 63
61 64
61 65
61 72
61 74
61 82
62 62
62 63
62 72
62 73
62 74
62 76
62 80
62 81
62 83
62 98
62 99
62 100
62 101
62 102
62 111
63 63
63 72
63 73
63 74
63 75
63 76
63 80
63 81
63 83
63 98
63 99
63 100
63 101
63 102
64 64
64 65
64 84
64 88
65 65
65 82
65 84
65 92
65 105
66 66
66 67
66 68
66 69
66 86
66 102
66 103
66 104
66 108
66 110
66 114
66 115
67 67
67 69
67 86
67 87
67 92
67 93
67 97
67 103
67 104
67 105
67 107
67 110
68 68
68 69
68 84
68 86
68 88
68 89
68 108
68 110
68 114
68 115
69 69
69 84
69 88
69 89
69 91
69 93
69 97
69 103
69 104
69 105
69 107
70 70
70 71
70 72
70 74
70 76
70 77
70 80
70 83
70 90
70 91
70 99
70 100
70 101
70 102
71 71
71 73
71 75
71 80
71 91
71 101
72 72
72 73
72 74
72 75
72 76
72 78
72 79
72 80
72 81
72 83
72 90
72 98
72 99
72 100
72 101
72 102
73 73
73 74
73 75
73 76
73 78
73 79
73 80
73 81
73 98
73 100
74 74
74 75
74 76
74 80
74 81
74 98
74 100
74 106
75 75
75 76
75 77
75 96
75 98
75 110
75 111
76 76
76 77
76 83
76 96
76 99
76 100
76 110
76 111
76 113
76 114
77 77
77 83
77 96
77 99
77 100
77 102
77 108
77 109
77 110
77 111
77 113
77 114
77 115
78 78
78 79
78 80
78 81
78 112
79 79
79 80
79 81
80 80
80 81
80 83
80 90
80 98
80 99
81 81
81 84
81 98
81 99
82 82
82 83
82 84
82 85
82 86
82 88
82 89
82 94
83 83
83 96
83 98
83 99
83 113
84 84
84 85
84 88
84 89
84 94
85 85
85 94
86 86
86 87
86 88
86 89
86 95
86 96
86 110
86 115
87 87
87 96
87 109
87 110
87 111
88 88
88 89
88 94
88 97
88 105
89 89
89 94
89 97
90 90
90 91
90 93
90 98
90 99
90 100
90 101
90 102
90 109
91 91
91 92
91 93
91 100
91 101
91 102
91 103
91 104
91 105
91 115
92 92
92 93
92 97
92 101
92 103
92 104
92 105
92 106
93 93
93 97
93 101
93 102
93 103
93 104
93 105
93 107
93 115
94 94
94 97
95 95
95 97
95 108
95 109
96 96
96 98
96 99
96 100
96 102
96 108
96 109
96 110
96 111
96 113
96 115
97 97
97 103
97 104
97 105
97 106
97 107
98 98
98 99
98 100
98 102
98 111
99 99
99 100
99 102
99 108
99 109
99 110
99 111
99 113
99 115
100 100
100 101
100 102
100 108
100 109
100 110
100 111
100 113
100 115
101 101
101 102
101 103
101 104
101 111
102 102
102 108
102 109
102 110
102 113
102 114
102 115
103 103
103 104
103 105
103 107
104 104
104 105
104 106
104 107
104 109
104 115
105 105
105 106
105 107
106 106
106 107
107 107
107 112
108 108
108 109
108 110
108 115
109 109
109 110
109 111
109 113
109 114
109 115
110 110
110 111
110 113
110 114
110 115
111 111
111 112
111 113
111 114
111 115
112 112
113 113
113 114
113 115
114 114
114 115
115 115
