0 0
0 1
0 10
0 11
0 14
0 15
0 16
0 17
0 28
0 32
0 33
0 36
0 38
0 40
0 46
0 54
0 56
0 57
0 63
0 68
0 72
0 78
0 79
0 80
0 81
0 82
0 84
0 85
0 99
1 1
1 10
1 11
1 12
1 14
1 15
1 16
1 17
1 28
1 32
1 33
1 36
1 38
1 46
1 56
1 57
1 63
1 68
1 72
1 78
1 79
1 80
1 81
1 82
1 83
1 84
1 85
1 104
2 2
2 3
2 6
2 7
2 18
2 22
2 23
2 24
2 25
2 30
2 31
2 34
2 35
2 60
2 62
2 64
2 66
2 67
2 77
2 90
2 91
2 93
2 95
2 109
3 3
3 5
3 7
3 19
3 20
3 22
3 23
3 24
3 25
3 27
3 30
3 31
3 34
3 35
3 45
3 47
3 64
3 65
3 67
3 77
3 86
3 92
3 95
3 109
3 113
4 4
4 5
4 6
4 7
4 8
4 9
4 12
4 13
4 15
4 20
4 21
4 24
4 26
4 27
4 29
4 30
4 52
4 60
4 61
4 70
4 83
4 92
4 93
4 104
5 5
5 7
5 9
5 20
5 21
5 22
5 23
5 24
5 25
5 26
5 27
5 30
5 34
5 35
5 39
5 64
5 65
5 92
6 6
6 7
6 8
6 9
6 11
6 13
6 18
6 30
6 31
6 41
6 58
6 60
6 61
6 62
6 64
6 73
6 74
6 75
6 77
6 82
6 87
6 90
6 91
6 92
6 93
7 7
7 9
7 13
7 20
7 25
7 29
7 30
7 31
7 41
7 45
7 61
7 67
7 71
7 73
7 74
7 75
7 90
7 92
7 93
7 95
7 100
7 101
7 102
7 108
7 113
7 114
7 115
8 8
8 9
8 11
8 12
8 13
8 14
8 15
8 28
8 40
8 58
8 59
8 60
8 61
8 63
8 74
8 82
8 83
8 104
9 9
9 11
9 12
9 13
9 15
9 26
9 29
9 60
9 61
9 65
9 75
9 83
9 92
9 93
9 100
9 104
9 106
10 10
10 12
10 14
10 16
10 17
10 28
10 32
10 36
10 56
10 57
10 72
10 78
10 79
10 80
10 81
10 84
10 85
10 99
11 11
11 12
11 13
11 14
11 15
11 16
11 17
11 28
11 29
11 36
11 41
11 61
11 62
11 63
11 71
11 72
11 73
11 74
11 75
11 80
11 81
11 82
11 83
11 87
11 92
11 100
12 12
12 13
12 14
12 16
12 22
12 24
12 28
12 57
12 58
12 60
12 64
12 65
12 74
12 84
12 88
12 105
13 13
13 15
13 16
13 20
13 29
13 61
13 65
13 74
13 75
13 92
13 93
13 94
13 100
13 104
13 114
13 115
14 14
14 15
14 18
14 21
14 23
14 28
14 38
14 52
14 54
14 56
14 57
14 58
14 59
14 68
14 70
14 82
14 83
14 84
14 85
14 86
14 88
14 89
15 15
15 16
15 17
15 20
15 21
15 26
15 28
15 29
15 36
15 38
15 40
15 56
15 59
15 61
15 63
15 68
15 70
15 71
15 72
15 80
15 81
15 82
15 83
15 87
15 92
15 100
15 103
15 104
16 16
16 17
16 28
16 32
16 36
16 56
16 57
16 71
16 78
16 79
16 80
16 81
16 84
17 17
17 28
17 29
17 33
17 36
17 56
17 57
17 63
17 71
17 72
17 78
17 79
17 80
17 81
17 83
17 100
18 18
18 19
18 23
18 30
18 31
18 60
18 62
18 69
18 76
18 77
18 82
18 86
18 87
18 90
18 91
18 109
19 19
19 21
19 23
19 59
19 68
19 69
19 70
19 73
19 76
19 77
19 86
19 87
19 89
19 90
19 91
19 92
19 93
19 95
19 109
19 112
20 20
20 21
20 23
20 24
20 25
20 26
20 27
20 30
20 41
20 59
20 70
20 73
20 75
20 90
20 91
20 92
20 100
20 113
20 114
21 21
21 24
21 26
21 27
21 69
21 70
21 71
21 73
21 75
21 77
21 90
21 91
21 92
21 100
22 22
22 23
22 24
22 25
22 26
22 27
22 30
22 34
22 35
22 50
22 51
22 52
22 55
22 64
22 65
22 67
22 86
22 88
22 89
23 23
23 24
23 25
23 26
23 27
23 30
23 31
23 34
23 35
23 38
23 54
23 55
23 64
23 65
23 70
23 77
23 86
23 88
23 89
23 91
23 92
23 109
24 24
24 25
24 26
24 27
24 30
24 34
24 35
24 45
24 50
24 51
24 52
24 58
24 64
24 65
24 66
24 67
24 69
24 70
24 88
24 90
24 91
24 92
24 93
24 106
25 25
25 26
25 27
25 30
25 31
25 34
25 35
25 64
25 65
25 67
25 77
25 109
26 26
26 27
26 30
26 65
26 70
26 73
26 92
27 27
27 30
27 34
27 35
27 39
27 50
27 64
27 65
27 88
27 109
28 28
28 29
28 36
28 40
28 46
28 56
28 57
28 63
28 71
28 72
28 78
28 79
28 80
28 81
28 82
28 83
28 84
28 85
28 94
28 103
28 104
28 105
29 29
29 31
29 36
29 41
29 61
29 63
29 71
29 72
29 73
29 74
29 75
29 80
29 81
29 83
29 92
29 93
29 94
29 95
29 100
29 101
29 102
29 103
29 104
29 105
29 108
29 114
29 115
30 30
30 31
30 70
30 71
30 73
30 74
30 75
30 77
30 95
31 31
31 33
31 41
31 62
31 63
31 71
31 73
31 77
31 82
31 83
31 87
32 32
32 33
32 46
32 56
32 57
32 60
32 68
32 78
32 79
32 80
32 81
32 85
33 33
33 34
33 47
33 62
33 63
33 71
33 76
33 77
33 78
33 79
33 80
33 81
33 87
33 109
33 111
34 34
34 35
34 45
34 47
34 64
34 65
34 66
34 67
34 77
34 86
34 88
34 89
34 109
34 110
35 35
35 45
35 50
35 64
35 65
35 67
35 88
35 89
35 95
35 96
35 97
35 110
35 113
36 36
36 37
36 38
36 40
36 41
36 56
36 57
36 63
36 72
36 74
36 79
36 80
36 81
36 83
36 84
36 85
36 94
36 100
36 104
36 105
37 37
37 38
37 39
37 40
37 41
37 55
37 73
37 75
37 76
37 77
37 87
37 99
37 109
37 112
38 38
38 39
38 40
38 46
38 48
38 52
38 54
38 55
38 56
38 57
38 68
38 72
38 76
38 82
38 84
38 85
38 86
38 88
38 89
38 96
38 99
39 39
39 40
39 41
39 55
39 56
39 65
39 75
39 76
39 77
39 89
39 96
39 97
39 99
39 109
39 112
40 40
40 54
40 55
40 68
40 72
40 82
40 83
40 97
40 99
40 107
41 41
41 61
41 62
41 63
41 73
41 74
41 75
41 83
41 95
41 100
41 101
41 102
41 108
41 113
41 114
41 115
42 42
42 43
42 44
42 45
42 46
42 47
42 48
42 49
42 50
42 51
42 78
42 79
42 94
42 95
42 96
42 97
42 101
42 102
42 103
42 104
42 105
42 106
42 108
42 110
42 111
42 113
42 114
42 115
43 43
43 44
43 45
43 46
43 47
43 49
43 50
43 51
43 55
43 78
43 79
43 94
43 95
43 96
43 97
43 101
43 102
43 105
43 108
43 110
43 111
43 113
43 114
43 115
44 44
44 45
44 46
44 47
44 48
44 49
44 50
44 51
44 52
44 67
44 78
44 79
44 95
44 96
44 101
44 108
44 110
44 111
44 113
45 45
45 47
45 49
45 50
45 51
45 67
45 94
45 95
45 101
45 102
45 108
45 110
45 111
45 113
45 114
45 115
46 46
46 47
46 48
46 49
46 50
46 52
46 53
46 54
46 55
46 56
46 57
46 68
46 78
46 79
46 80
46 81
46 84
46 85
46 96
46 98
46 103
46 104
46 105
46 107
46 111
47 47
47 48
47 49
47 51
47 55
47 76
47 77
47 78
47 95
47 96
47 97
47 109
47 110
47 111
47 112
47 113
48 48
48 49
48 50
48 51
48 52
48 53
48 54
48 55
48 58
48 66
48 67
48 86
48 89
48 96
48 111
49 49
49 50
49 51
49 52
49 53
49 66
49 67
49 78
49 79
49 101
49 102
49 111
50 50
50 51
50 52
50 53
50 54
50 55
50 58
50 64
50 65
50 66
50 67
50 88
50 89
50 96
50 98
50 101
50 111
51 51
51 52
51 53
51 55
51 59
51 66
51 67
51 70
51 89
51 98
51 101
51 113
52 52
52 53
52 54
52 55
52 58
52 59
52 66
52 68
52 70
52 84
52 88
52 89
52 103
52 104
52 105
52 107
53 53
53 54
53 66
53 70
53 72
53 98
53 103
53 104
53 105
54 54
54 55
54 56
54 58
54 59
54 66
54 68
54 69
54 72
54 82
54 84
54 85
54 86
54 88
54 89
54 96
54 98
54 99
55 55
55 56
55 65
55 85
55 86
55 88
55 89
55 96
55 97
55 98
55 99
55 110
55 112
56 56
56 57
56 68
56 72
56 78
56 79
56 80
56 81
56 84
56 85
56 89
56 96
57 57
57 68
57 78
57 79
57 80
57 81
57 84
57 85
58 58
58 59
58 60
58 61
58 64
58 65
58 66
58 67
58 69
58 88
58 89
58 90
58 91
58 98
59 59
59 60
59 61
59 66
59 69
59 70
59 82
59 89
59 90
59 91
60 60
60 61
60 62
60 64
60 65
60 66
60 69
60 74
60 82
60 90
60 91
60 93
61 61
61 62
61 63
61 75
61 83
61 90
61 92
61 93
62 62
62 63
62 66
62 77
62 82
62 83
62 87
62 90
62 91
63 63
63 71
63 72
63 79
63 80
63 81
63 82
63 83
63 87
63 100
63 101
63 102
64 64
64 65
64 67
64 69
64 88
64 89
64 91
64 93
64 109
65 65
65 67
65 88
65 89
65 92
65 96
66 66
66 67
66 69
66 90
66 103
67 67
67 69
67 95
67 109
67 113
68 68
68 69
68 78
68 84
68 88
68 89
68 106
68 107
69 69
69 70
69 76
69 77
69 90
69 91
69 92
69 93
69 109
70 70
70 71
70 73
70 91
70 92
70 114
71 71
71 73
71 74
71 75
71 80
71 81
71 83
71 87
71 95
71 100
71 102
71 108
72 72
72 74
72 79
72 80
72 81
72 82
72 83
72 103
72 104
72 105
72 107
73 73
73 74
73 75
73 76
73 77
73 83
73 90
73 91
73 92
73 93
73 95
73 100
73 101
73 102
73 108
73 113
73 115
74 74
74 75
74 93
74 95
74 100
74 101
74 102
74 108
74 111
74 113
74 115
75 75
75 76
75 92
75 93
75 95
75 100
75 101
75 102
75 108
75 111
75 113
76 76
76 77
76 82
76 86
76 87
76 90
76 91
76 99
76 109
76 111
76 112
77 77
77 82
77 87
77 90
77 91
77 92
77 93
77 95
77 109
78 78
78 79
78 80
78 81
78 84
78 85
78 96
78 111
79 79
79 80
79 81
79 84
79 85
79 94
79 96
79 104
79 105
79 114
80 80
80 81
80 82
80 83
80 84
80 85
80 100
80 103
80 104
80 105
81 81
81 83
81 84
81 85
81 94
81 100
81 102
81 103
81 104
81 105
82 82
82 83
82 85
82 86
82 87
83 83
83 87
83 100
83 102
83 103
83 104
84 84
84 85
84 88
84 89
84 104
84 105
85 85
85 86
85 88
85 89
86 86
86 87
86 88
86 89
86 109
87 87
87 109
87 112
88 88
88 89
88 96
89 89
89 96
89 99
90 90
90 91
90 92
90 93
90 95
90 106
90 109
91 91
91 92
91 93
91 95
91 109
92 92
92 93
92 95
92 100
92 106
93 93
93 95
93 100
93 101
93 108
93 109
93 113
94 94
94 96
94 97
94 100
94 101
94 102
94 103
94 104
94 105
94 106
94 107
94 108
94 110
94 113
94 114
94 115
95 95
95 101
95 102
95 108
95 109
95 110
95 111
95 113
95 114
95 115
96 96
96 97
96 98
96 99
96 110
97 97
97 101
97 105
97 106
97 108
97 110
97 113
97 114
97 115
98 98
98 99
98 101
98 111
99 99
99 109
99 111
99 112
100 100
100 101
100 102
100 103
100 104
100 105
100 108
100 113
100 114
100 115
101 101
101 102
101 105
101 108
101 110
101 113
101 114
101 115
102 102
102 103
102 105
102 108
102 113
102 114
102 115
103 103
103 104
103 105
103 106
103 107
103 114
103 115
104 104
104 105
104 106
104 107
104 114
105 105
105 106
105 107
105 108
105 114
105 115
106 106
106 107
106 114
106 115
107 107
108 108
108 110
108 113
108 114
108 115
109 109
109 110
109 111
109 112
110 110
110 111
110 113
110 114
110 115
111 111
111 112
112 112
113 113
113 114
113 115
114 114
114 115
115 115
