0 0
0 1
0 10
0 11
0 16
0 17
0 28
0 29
0 32
0 36
0 40
0 44
0 48
0 49
0 56
0 59
0 60
0 61
0 62
0 63
0 66
0 68
0 72
0 73
0 74
0 75
0 76
0 101
0 102
0 107
1 1
1 11
1 16
1 17
1 28
1 29
1 32
1 36
1 41
1 48
1 55
1 56
1 57
1 59
1 61
1 62
1 63
1 68
1 72
1 73
1 74
1 75
1 76
1 77
1 102
1 112
2 2
2 3
2 4
2 6
2 7
2 8
2 18
2 20
2 22
2 23
2 24
2 25
2 34
2 50
2 64
2 91
2 92
2 93
2 96
2 101
2 105
2 110
2 113
2 114
3 3
3 5
3 6
3 7
3 8
3 9
3 20
3 21
3 22
3 23
3 24
3 25
3 27
3 31
3 34
3 35
3 64
3 65
3 88
3 89
3 90
3 91
3 92
3 93
3 94
3 96
3 105
3 110
3 113
3 114
4 4
4 5
4 6
4 7
4 8
4 9
4 22
4 24
4 44
4 45
4 46
4 90
4 92
4 101
5 5
5 8
5 9
5 20
5 21
5 22
5 23
5 24
5 25
5 26
5 27
5 34
5 35
5 37
5 38
5 39
5 64
5 67
5 77
5 86
5 87
5 88
5 89
5 90
5 91
5 92
5 94
5 104
5 105
5 110
6 6
6 7
6 8
6 9
6 18
6 22
6 24
6 34
6 42
6 44
6 45
6 58
6 60
6 64
6 90
6 93
6 100
6 101
6 113
6 114
7 7
7 9
7 24
7 61
7 92
7 98
7 100
7 101
7 113
7 114
7 115
8 8
8 9
8 14
8 22
8 23
8 24
8 25
8 26
8 34
8 38
8 58
8 64
8 90
8 91
8 92
8 93
8 104
8 105
9 9
9 35
9 46
9 47
9 61
9 65
9 77
9 90
9 92
9 102
10 10
10 11
10 12
10 13
10 14
10 18
10 28
10 32
10 52
10 60
10 68
10 76
10 82
10 84
10 85
11 11
11 13
11 15
11 17
11 19
11 28
11 29
11 36
11 60
11 61
11 62
11 63
11 65
11 72
11 73
11 74
11 75
11 76
11 77
11 95
11 102
11 108
12 12
12 13
12 14
12 18
12 52
12 54
12 68
12 69
12 82
12 84
12 85
12 109
13 13
13 15
13 19
13 28
13 29
13 52
13 60
13 61
13 63
13 68
13 69
13 72
13 79
13 84
13 85
13 108
14 14
14 15
14 20
14 21
14 22
14 23
14 24
14 25
14 26
14 27
14 34
14 35
14 37
14 38
14 52
14 54
14 64
14 67
14 70
14 82
14 85
14 86
14 87
14 88
14 89
14 91
14 93
14 96
14 110
15 15
15 21
15 25
15 26
15 27
15 33
15 41
15 52
15 54
15 58
15 82
15 88
15 89
15 90
16 16
16 17
16 19
16 28
16 29
16 36
16 40
16 46
16 53
16 56
16 57
16 62
16 63
16 72
16 73
16 74
16 76
16 80
16 81
16 95
16 97
16 98
16 99
16 109
16 111
16 112
17 17
17 19
17 28
17 29
17 32
17 36
17 40
17 41
17 46
17 53
17 56
17 57
17 61
17 62
17 63
17 72
17 73
17 74
17 75
17 76
17 79
17 80
17 81
17 95
17 98
17 99
17 101
17 102
17 108
17 111
17 112
18 18
18 19
18 22
18 23
18 24
18 30
18 31
18 32
18 64
18 70
18 82
18 93
18 113
19 19
19 28
19 29
19 36
19 56
19 57
19 62
19 63
19 72
19 73
19 74
19 75
19 76
19 79
19 80
19 81
19 95
19 98
19 99
19 102
19 111
19 115
20 20
20 21
20 22
20 23
20 24
20 25
20 26
20 27
20 30
20 31
20 34
20 35
20 38
20 39
20 40
20 47
20 53
20 55
20 70
20 71
20 82
20 86
20 87
20 92
20 94
20 96
20 97
20 105
20 110
21 21
21 22
21 23
21 24
21 25
21 26
21 27
21 33
21 35
21 38
21 39
21 89
21 92
21 94
21 96
21 97
21 105
21 110
22 22
22 23
22 24
22 25
22 26
22 27
22 30
22 31
22 34
22 35
22 38
22 50
22 64
22 70
22 78
22 82
22 86
22 88
22 91
22 92
22 93
22 94
22 96
22 105
22 110
22 113
22 114
23 23
23 24
23 25
23 26
23 27
23 31
23 34
23 35
23 38
23 64
23 82
23 86
23 87
23 88
23 89
23 90
23 91
23 92
23 93
23 94
23 105
23 110
23 113
23 114
23 115
24 24
24 25
24 26
24 27
24 31
24 34
24 35
24 38
24 39
24 47
24 64
24 78
24 88
24 90
24 91
24 92
24 93
24 94
24 104
24 105
24 110
24 113
24 114
24 115
25 25
25 26
25 27
25 31
25 34
25 35
25 38
25 39
25 47
25 64
25 67
25 82
25 86
25 87
25 88
25 89
25 90
25 91
25 92
25 93
25 94
25 96
25 105
25 106
25 110
25 114
26 26
26 27
26 34
26 35
26 37
26 38
26 39
26 54
26 64
26 67
26 70
26 71
26 77
26 82
26 86
26 87
26 88
26 89
26 91
26 92
26 94
26 105
26 110
27 27
27 31
27 34
27 35
27 37
27 38
27 54
27 64
27 67
27 70
27 71
27 82
27 85
27 86
27 87
27 88
27 89
27 91
27 92
27 93
27 94
27 106
27 110
28 28
28 29
28 32
28 36
28 40
28 41
28 44
28 46
28 49
28 56
28 60
28 61
28 62
28 63
28 72
28 73
28 74
28 75
28 76
28 79
28 80
28 81
28 95
28 99
28 101
28 102
28 107
28 108
28 111
29 29
29 32
29 36
29 40
29 41
29 44
29 46
29 48
29 49
29 53
29 56
29 57
29 59
29 61
29 62
29 63
29 72
29 73
29 74
29 75
29 76
29 80
29 81
29 95
29 98
29 99
29 102
29 107
29 112
30 30
30 31
30 40
30 45
30 70
30 71
30 82
31 31
31 40
31 64
31 70
31 71
31 82
31 110
32 32
32 33
32 43
32 44
32 48
32 49
32 50
32 51
32 59
32 60
32 61
32 62
32 63
32 72
32 73
32 74
32 107
33 33
33 35
33 45
33 58
33 61
33 65
34 34
34 35
34 38
34 45
34 64
34 67
34 70
34 86
34 87
34 88
34 91
34 92
34 93
34 105
34 110
34 114
35 35
35 38
35 39
35 45
35 64
35 65
35 67
35 86
35 88
35 89
35 92
35 96
35 110
36 36
36 37
36 38
36 40
36 41
36 46
36 47
36 56
36 63
36 71
36 72
36 73
36 74
36 75
36 76
36 77
36 79
36 80
36 81
36 95
36 108
36 115
37 37
37 38
37 39
37 40
37 41
37 47
37 54
37 55
37 71
37 73
37 75
37 76
37 77
37 78
37 86
37 87
37 88
37 89
37 90
37 91
37 110
38 38
38 39
38 54
38 78
38 86
38 87
38 90
38 91
38 92
38 94
38 96
38 97
38 104
38 105
38 109
38 110
38 114
38 115
39 39
39 46
39 47
39 53
39 54
39 55
39 78
39 92
39 94
39 95
39 96
39 97
39 104
39 105
39 108
39 110
39 114
39 115
40 40
40 41
40 44
40 45
40 46
40 53
40 55
40 62
40 63
40 72
40 73
40 74
40 75
40 76
40 77
40 80
40 102
40 107
41 41
41 44
41 45
41 59
41 61
41 62
41 63
41 72
41 73
41 74
41 75
41 77
41 83
41 90
41 101
41 102
42 42
42 43
42 44
42 45
42 46
42 47
42 48
42 49
42 50
42 51
42 55
42 78
42 109
43 43
43 44
43 45
43 46
43 47
43 48
43 49
43 50
43 51
43 55
43 71
43 107
44 44
44 45
44 46
44 48
44 49
44 50
44 51
44 60
44 62
44 63
44 72
44 101
45 45
45 46
45 48
45 49
45 50
45 51
45 55
45 83
46 46
46 47
46 48
46 49
46 51
46 53
46 55
46 56
46 72
46 73
46 95
46 98
47 47
47 51
47 53
47 71
47 96
47 98
47 105
47 108
47 110
47 114
47 115
48 48
48 49
48 50
48 51
48 52
48 53
48 55
48 59
48 63
48 66
49 49
49 50
49 51
49 53
49 55
49 59
49 62
49 63
49 72
50 50
50 51
50 58
50 59
50 66
50 106
51 51
51 53
51 55
51 59
52 52
52 53
52 54
52 55
52 108
53 53
53 55
53 56
53 57
53 94
53 95
53 97
53 98
53 99
53 100
53 104
53 105
53 111
53 112
53 113
53 114
53 115
54 54
54 55
54 67
54 84
54 85
54 86
54 87
54 88
54 89
54 91
54 104
55 55
55 56
55 59
55 86
55 96
56 56
56 57
56 62
56 63
56 72
56 73
56 74
56 76
56 79
56 81
56 95
56 98
56 99
56 112
57 57
57 59
57 63
57 68
57 69
57 79
57 81
57 98
57 99
57 100
57 102
57 112
57 113
58 58
58 60
58 61
58 65
58 66
58 67
58 68
58 101
58 103
59 59
59 61
59 62
59 63
59 66
59 73
59 74
59 102
59 107
59 112
60 60
60 61
60 62
60 63
60 66
60 68
60 72
60 101
61 61
61 62
61 63
61 65
61 72
61 73
61 74
61 75
61 76
61 100
61 102
62 62
62 63
62 72
62 73
62 74
62 75
62 76
62 80
62 81
62 99
62 101
62 102
62 103
62 107
63 63
63 72
63 73
63 74
63 75
63 76
63 80
63 98
63 100
63 101
63 102
63 103
63 107
64 64
64 82
64 86
64 88
64 91
64 92
64 93
64 110
64 113
65 65
65 67
65 86
65 88
65 89
66 66
66 67
66 68
66 103
67 67
67 70
67 84
67 86
67 87
67 88
67 89
67 91
67 93
67 110
68 68
68 69
68 73
68 74
68 85
68 99
68 101
68 102
68 103
68 112
69 69
69 70
69 78
69 79
69 85
69 87
69 91
69 92
69 93
69 97
69 99
69 108
69 109
69 110
69 113
70 70
70 71
70 73
70 75
70 76
70 77
70 87
70 88
70 89
70 91
70 93
70 110
71 71
71 73
71 74
71 75
71 76
71 77
71 78
71 87
71 88
71 89
71 109
71 110
72 72
72 73
72 74
72 75
72 76
72 79
72 80
72 81
72 95
72 99
72 101
72 102
72 107
72 111
73 73
73 74
73 75
73 76
73 77
73 80
73 95
73 102
73 107
74 74
74 75
74 76
74 77
74 80
74 95
74 102
74 107
74 108
75 75
75 76
75 77
75 78
75 80
75 95
75 102
75 107
75 108
76 76
76 77
76 80
76 102
77 77
77 87
78 78
78 79
78 80
78 91
78 92
78 95
78 97
78 108
78 109
78 110
78 111
79 79
79 80
79 81
79 95
79 98
79 99
79 108
79 109
79 110
79 111
79 113
79 115
80 80
80 81
80 84
80 95
80 99
80 103
80 109
80 111
81 81
81 95
81 98
81 99
81 100
81 101
81 102
81 103
81 104
81 108
81 111
81 113
81 114
81 115
82 82
82 83
82 84
82 86
82 87
82 88
82 89
82 91
82 93
82 94
82 106
83 83
83 86
83 90
83 94
83 103
83 104
83 106
84 84
84 85
84 86
84 87
84 88
84 89
84 91
85 85
85 86
85 87
85 88
85 89
85 91
86 86
86 87
86 88
86 89
86 91
86 93
86 96
86 106
87 87
87 88
87 89
87 91
87 93
87 110
88 88
88 89
88 91
88 92
88 93
88 94
88 110
89 89
89 91
89 92
90 90
90 91
90 92
90 93
90 94
90 98
90 100
90 102
90 105
91 91
91 92
91 93
91 105
91 110
92 92
92 93
92 94
92 97
92 104
92 105
92 110
92 113
92 114
93 93
93 101
93 105
93 110
94 94
94 96
94 97
94 99
94 104
94 105
94 110
94 114
94 115
95 95
95 97
95 98
95 99
95 105
95 107
95 108
95 109
95 110
95 111
95 114
95 115
96 96
96 97
96 98
96 104
96 105
96 108
96 109
96 110
96 114
96 115
97 97
97 98
97 99
97 104
97 105
97 107
97 108
97 110
97 111
97 112
97 113
97 114
97 115
98 98
98 99
98 100
98 102
98 104
98 105
98 111
98 113
98 114
98 115
99 99
99 100
99 101
99 102
99 103
99 104
99 105
99 108
99 111
99 112
99 113
99 114
99 115
100 100
100 101
100 102
100 103
100 113
100 114
100 115
101 101
101 102
101 103
101 113
102 102
102 103
102 112
103 103
103 104
103 112
103 113
104 104
104 105
104 113
104 114
104 115
105 105
105 110
105 113
105 114
105 115
106 106
107 107
108 108
108 109
108 110
108 111
108 114
108 115
109 109
109 110
109 111
109 113
109 114
109 115
110 110
110 111
110 113
110 114
110 115
111 111
111 112
111 113
111 114
111 115
112 112
112 113
113 113
113 114
113 115
114 114
114 115
115 115
